Tweet_ID,Sentiment_Label,Logits_Neutral,Logits_Positive,Logits_Negative
1403895556804644865,neutral,1.8580056428909302,1.2628940343856812,-0.35599803924560547
1403899212899704834,neutral,1.8827462196350098,1.1991151571273804,-0.29777830839157104
1403894892741398529,negative,1.1892852783203125,0.4816429316997528,1.4270915985107422
1403894892942827527,negative,1.2739087343215942,-0.12092246860265732,1.4879041910171509
1403894892967784454,positive,2.2095015048980713,3.552067756652832,-0.6338194012641907
1403894893466906630,neutral,1.1918734312057495,0.8757789134979248,0.901360273361206
1403894893496307714,neutral,2.1264126300811768,-0.8504927158355713,1.3406469821929932
1403894894511333378,neutral,0.9246209263801575,0.697377622127533,0.7383807301521301
1403894894515548160,negative,0.7620217800140381,-0.7793768048286438,2.7529091835021973
1403894894519721986,neutral,1.802249550819397,1.6862093210220337,0.21223118901252747
1403894894674923524,negative,0.6709999442100525,-0.6373286247253418,2.2713518142700195
1403894894893142017,neutral,1.9588942527770996,1.5726248025894165,-0.23238016664981842
1403894894914048003,negative,1.2766809463500977,-0.6316001415252686,1.744517207145691
1403894895144620032,neutral,1.251254916191101,-0.3070008158683777,1.0694940090179443
1403894895245410304,neutral,1.7669169902801514,0.003836125135421753,0.799068808555603
1403894895442415616,positive,1.888935923576355,5.50520133972168,-1.25644850730896
1403894895765504003,negative,0.864818811416626,0.9615628123283386,0.9742264747619629
1403894896243752962,neutral,1.5775662660598755,0.46436747908592224,0.18430714309215546
1403894896432275457,neutral,1.4405076503753662,1.1402676105499268,0.8697330951690674
1403894896503660544,neutral,1.5157943964004517,-0.5875383019447327,1.151647686958313
1403894896931471365,negative,1.1676232814788818,-0.2404106855392456,1.4941887855529785
1403894899540303877,positive,1.8796228170394897,2.0423743724823,-0.44462165236473083
1403894901448712194,negative,1.3783894777297974,0.08099622279405594,1.7644766569137573
1403894901788446723,negative,0.6221715211868286,-0.38853132724761963,2.542938709259033
1403894901948006400,neutral,1.6156479120254517,1.003430962562561,0.961084246635437
1403894902463807491,negative,1.264915108680725,-0.37222835421562195,1.4042580127716064
1403894902971318283,negative,0.8130517601966858,-0.08309001475572586,1.9644767045974731
1403894903399014402,negative,0.885372519493103,-0.8726485371589661,1.9497489929199219
1403894903785103361,negative,0.6711838841438293,-0.1738898754119873,1.3074918985366821
1403894905047552005,negative,1.1453746557235718,0.38371583819389343,1.3632246255874634
1403894905831780353,positive,0.9174370169639587,1.4294201135635376,0.14269912242889404
1403894905861152770,positive,1.213778018951416,1.5583857297897339,-0.11843550950288773
1403894906070835204,neutral,1.7682867050170898,1.5058565139770508,-0.15101362764835358
1403894906880360448,neutral,0.8419109582901001,0.7721684575080872,0.7562041282653809
1403894907174068228,positive,0.8538116216659546,1.92417573928833,0.6162508130073547
1403894908029575171,negative,1.3328378200531006,-1.1997720003128052,3.0109009742736816
1403894908369444867,neutral,1.471658706665039,-0.0163450688123703,1.087539792060852
1403894908373671937,negative,0.45649638772010803,-0.8170602917671204,3.7533462047576904
1403894908860059649,negative,1.6757272481918335,-1.1267354488372803,2.5844032764434814
1403894908885286916,neutral,1.6855745315551758,0.37137287855148315,0.37932202219963074
1403894909434691588,neutral,1.2400773763656616,0.8503364324569702,0.11373041570186615
1403894909636005889,negative,0.675290048122406,-0.6771935820579529,1.8813354969024658
1403894910978297857,neutral,1.6855747699737549,0.37137290835380554,0.3793219327926636
1403894911296970753,neutral,1.3691766262054443,1.0702142715454102,0.6850203275680542
1403894911489957890,neutral,1.1477272510528564,0.40307486057281494,-0.008601022884249687
1403894911628414977,negative,1.4180809259414673,-0.9168719053268433,1.8428053855895996
1403894911829692423,neutral,1.740083932876587,0.5392444133758545,0.7037112712860107
1403894911859138560,negative,1.4220404624938965,-0.8631875514984131,2.226757526397705
1403894914040012802,neutral,1.9403049945831299,-0.6860625743865967,0.965177595615387
1403894914816122888,negative,1.3652609586715698,-0.6553042531013489,2.0102882385253906
1403894915466203138,neutral,1.610728144645691,1.3471002578735352,0.015460234135389328
1403894915600465927,positive,1.344700813293457,2.9524810314178467,-1.0257914066314697
1403894915688386560,neutral,1.9403049945831299,-0.6860625743865967,0.965177595615387
1403894916258832387,negative,0.8224177956581116,-0.765784502029419,2.8172218799591064
1403894916405682183,negative,1.3323875665664673,-0.29261744022369385,1.5215339660644531
1403894916757954560,positive,1.0506515502929688,2.992107391357422,-0.3408357799053192
1403894916808249348,neutral,2.1476430892944336,-0.4394437372684479,1.2757374048233032
1403894917831798785,positive,1.0975970029830933,3.826942205429077,-0.6127814650535583
1403894918150606850,positive,2.389373779296875,3.3400235176086426,-0.8381217122077942
1403894919484354563,neutral,2.643357515335083,1.5363612174987793,-0.7585192918777466
1403894920209965057,negative,1.1353546380996704,-0.2905583381652832,1.2604364156723022
1403894920541245445,neutral,2.7173848152160645,1.3758361339569092,-0.5745524764060974
1403894920805371905,neutral,1.5413366556167603,-0.337189644575119,1.1169041395187378
1403894921145241606,positive,1.2558512687683105,4.027327060699463,-0.8147615790367126
1403894921518534661,neutral,2.5480539798736572,1.2271445989608765,-0.31650158762931824
1403894922269310976,neutral,2.434079885482788,2.421330451965332,-0.5066848397254944
1403894922772725762,neutral,1.6298267841339111,1.1684626340866089,0.5985025763511658
1403894922927804417,neutral,2.416098117828369,0.7789167165756226,0.08696059882640839
1403894924030869506,neutral,0.9916874170303345,0.7398025393486023,0.8436294794082642
1403894924328771584,positive,1.5962352752685547,1.6673322916030884,-0.7939314246177673
1403894925159059457,neutral,2.2267165184020996,-0.9403599500656128,1.5188175439834595
1403894925213650944,neutral,2.7942750453948975,0.22048383951187134,0.12741562724113464
1403894925263998978,neutral,1.2885048389434814,0.4984723925590515,0.12033109366893768
1403894925276577797,neutral,2.124182939529419,-4.820525646209717e-06,1.376497745513916
1403894925289091078,neutral,2.1832115650177,1.3436704874038696,-0.04675913602113724
1403894925872226304,neutral,1.554958701133728,1.1731711626052856,0.07599671185016632
1403894926098718723,neutral,1.6419240236282349,1.4662126302719116,0.45248866081237793
1403894927357009921,negative,1.287543773651123,0.111696258187294,1.5324468612670898
1403894927688441858,neutral,3.046013593673706,1.3104881048202515,-0.9291291236877441
1403894927893876737,neutral,1.4840478897094727,-0.36338695883750916,1.4802162647247314
1403894928342720515,neutral,1.6855747699737549,0.37137290835380554,0.3793219327926636
1403894929508560896,positive,0.8529334664344788,1.2892200946807861,0.08430267125368118
1403894930494431233,neutral,1.1925140619277954,-0.06941793113946915,0.9421370029449463
1403894930741727235,neutral,2.351314067840576,0.24911123514175415,0.26469919085502625
1403894931706597379,neutral,2.167830228805542,-0.8407024145126343,1.2498724460601807
1403894931832381450,neutral,1.642166018486023,0.3419380486011505,1.543861985206604
1403894931849154560,negative,0.7323041558265686,-1.3676931858062744,4.239696502685547
1403894931903553540,neutral,3.2358505725860596,1.8963189125061035,-0.9606782793998718
1403894932662853634,neutral,1.765608549118042,0.159189373254776,0.5588270425796509
1403894933241556994,neutral,1.464888095855713,0.9133489727973938,0.45153477787971497
1403894933707235328,negative,0.9797976016998291,0.049752529710531235,1.7615586519241333
1403894933807939591,neutral,2.0958454608917236,1.1910912990570068,0.0994875431060791
1403894934554431490,positive,1.0701978206634521,1.6289854049682617,-0.12927374243736267
1403894935305265156,neutral,2.1117985248565674,0.44666701555252075,0.550149142742157
1403894935733030920,neutral,1.6855747699737549,0.37137290835380554,0.3793219327926636
1403894936832024577,negative,0.5694923400878906,0.05493171885609627,1.682134747505188
1403894936840413184,neutral,2.7942750453948975,0.22048380970954895,0.12741562724113464
1403894937138221058,neutral,1.3412905931472778,0.3922604024410248,0.4380040764808655
1403894937163206661,negative,0.8804301619529724,0.5857604146003723,1.2393754720687866
1403894938488623109,neutral,2.158064603805542,0.8863595724105835,0.030903922393918037
1403894939528871938,negative,1.2218445539474487,-0.4307462275028229,1.8719547986984253
1403894939784814592,negative,0.9705848097801208,-1.0981570482254028,2.967829704284668
1403894940128616450,negative,1.2459187507629395,-0.5030747056007385,2.087157726287842
1403894940292222977,negative,0.6439996957778931,-1.210371971130371,3.6401169300079346
1403894940506091521,negative,0.6439996957778931,-1.2103720903396606,3.6401171684265137
1403894941537882119,neutral,2.048983335494995,0.35919010639190674,0.6225658655166626
1403894941710012416,neutral,1.5026865005493164,-0.6649184823036194,1.3695744276046753
1403894942112501763,positive,0.8529334664344788,1.2892200946807861,0.08430267125368118
1403894942133637127,neutral,1.9296623468399048,0.9089056253433228,0.1821039766073227
1403894942691467267,neutral,2.306673765182495,-0.38158661127090454,0.8096886277198792
1403894943169482758,negative,1.3134132623672485,-0.5762357115745544,1.6616076231002808
1403894943228174336,neutral,1.50862717628479,0.05430871620774269,1.3011630773544312
1403894943546970113,neutral,1.6111596822738647,0.7426194548606873,0.5649958252906799
1403894943601479680,negative,0.2861035168170929,0.6307292580604553,2.110496759414673
1403894943861686272,neutral,1.409224271774292,0.4326319396495819,0.647412896156311
1403894944884920321,neutral,1.949392318725586,-0.11730501800775528,1.2798789739608765
1403894945279250435,positive,1.512298822402954,2.0484752655029297,-0.7801952362060547
1403894946122407936,neutral,1.7566386461257935,-0.5405017137527466,1.620394229888916
1403894946386620419,neutral,2.0590152740478516,0.04446538910269737,0.99439936876297
1403894946503950336,negative,1.2340359687805176,-1.252912163734436,3.1586265563964844
1403894947804332037,neutral,1.6855747699737549,0.37137290835380554,0.3793219327926636
1403894948051636226,neutral,1.7588891983032227,0.08880142867565155,1.3759819269180298
1403894948416483332,neutral,1.8365516662597656,0.10683608800172806,0.7296752333641052
1403894949020463107,neutral,1.226473331451416,1.2208912372589111,0.26199012994766235
1403894951507861504,neutral,2.8901162147521973,0.8610656261444092,-0.10820145159959793
1403894951893557251,neutral,1.043899655342102,0.7729916572570801,0.39044344425201416
1403894952678002691,neutral,2.569669008255005,-0.34720054268836975,0.29155364632606506
1403894953286291459,negative,1.2585690021514893,-0.33762961626052856,1.4315632581710815
1403894953789378563,negative,1.0304484367370605,-0.8581323027610779,2.982595682144165
1403894953789444096,positive,0.7175540328025818,1.4235159158706665,0.30924031138420105
1403894954070470658,positive,0.6044913530349731,2.7078654766082764,-0.40659409761428833
1403894954481446918,negative,1.4835381507873535,0.5047314167022705,1.503318190574646
1403894954666213376,negative,1.326019525527954,-1.2906349897384644,3.2181155681610107
1403894956335538180,neutral,2.23433256149292,0.5764690041542053,-0.08703846484422684
1403894956390035457,negative,1.4040236473083496,-0.8634891510009766,1.9171342849731445
1403894956671049729,negative,1.3112260103225708,-1.0364339351654053,2.4019508361816406
1403894956952018946,negative,1.1347707509994507,-1.2861614227294922,3.3618173599243164
1403894957467910145,positive,1.216713547706604,1.9578893184661865,0.057767003774642944
1403894957895688199,positive,1.0766241550445557,2.982367992401123,-0.16834138333797455
1403894959191719942,negative,0.8307406306266785,-0.019252300262451172,1.1479213237762451
1403894960685039616,neutral,1.8167301416397095,-0.7457255125045776,1.4744458198547363
1403894961255370757,negative,1.1404212713241577,-0.7226724028587341,2.620748281478882
1403894961632911361,negative,0.6153698563575745,-1.2278892993927002,4.156439304351807
1403894962484285440,positive,1.358054280281067,2.7665069103240967,-0.769331157207489
1403894963323219968,positive,1.2829968929290771,4.849236488342285,-1.4569872617721558
1403894963671384067,neutral,1.0115208625793457,-0.21851307153701782,0.5786029696464539
1403894964732395524,negative,0.6300411820411682,-1.3782328367233276,4.237502098083496
1403894965156167688,negative,1.6304222345352173,-1.041859745979309,2.0766026973724365
1403894965374128135,positive,0.8529334664344788,1.2892200946807861,0.08430267125368118
1403894966947098627,neutral,1.6855747699737549,0.37137290835380554,0.3793219327926636
1403894967316193282,negative,1.1715654134750366,-0.8887761235237122,2.1425998210906982
1403894967748026374,neutral,2.07757568359375,0.17680630087852478,0.37755781412124634
1403894971128815620,negative,0.6901218295097351,0.8032256364822388,1.0803736448287964
1403894971925680128,neutral,2.1617162227630615,-1.0657998323440552,2.0157408714294434
1403894971963351043,neutral,1.9334681034088135,-0.4662006199359894,1.3963391780853271
1403894972659625985,positive,1.0214966535568237,2.5811879634857178,-0.18627803027629852
1403894972680708097,neutral,1.8891880512237549,0.5245234370231628,0.5609524250030518
1403894974576398337,negative,1.4622421264648438,-0.7897916436195374,1.8086090087890625
1403894974631104512,negative,1.4180809259414673,-0.9168719053268433,1.8428053855895996
1403894975243460611,neutral,1.5182491540908813,0.44485172629356384,0.5474163293838501
1403894975541092354,neutral,3.0235838890075684,2.4590606689453125,-1.1157634258270264
1403894975620845579,neutral,2.1617162227630615,-1.0657997131347656,2.0157408714294434
1403894976325373953,neutral,1.7114241123199463,0.28531545400619507,1.5801478624343872
1403894976451432451,negative,0.4293685257434845,-0.0995878353714943,2.2179923057556152
1403894976740741120,negative,1.0850770473480225,-0.675264835357666,1.5311287641525269
1403894976849711106,negative,1.2376090288162231,-0.5505906939506531,1.2541192770004272
1403894976946130949,neutral,1.910097599029541,0.7390785217285156,0.27849280834198
1403894977948749825,negative,0.9556258916854858,-0.013231009244918823,1.6918429136276245
1403894978796044289,positive,1.592327356338501,2.111776828765869,-0.2817515730857849
1403894981274779648,negative,1.1634629964828491,0.45802631974220276,1.4192317724227905
1403894981413289989,neutral,3.015099048614502,1.2973811626434326,-0.6166729927062988
1403894981862080515,positive,2.4294896125793457,2.9067018032073975,-0.6572035551071167
1403894982717718532,positive,0.5715629458427429,0.8007591366767883,0.29431551694869995
1403894983300685831,positive,1.8781697750091553,3.161003351211548,-0.9065661430358887
1403894984810668038,neutral,1.678233027458191,-0.17477184534072876,0.8171205520629883
1403894984869244930,neutral,1.2516658306121826,1.0060508251190186,0.580659031867981
1403894985586614275,neutral,1.8709139823913574,0.7854757905006409,0.30547598004341125
1403894985628418060,negative,0.9661213755607605,-0.7241054177284241,2.0412750244140625
1403894985779343361,neutral,1.6855747699737549,0.37137290835380554,0.3793219327926636
1403894986400309251,neutral,2.057577610015869,-0.012574583292007446,0.8050559163093567
1403894986551222276,neutral,1.767698049545288,0.9216650724411011,0.14553707838058472
1403894987738304518,neutral,1.0779736042022705,0.8283191323280334,-0.1045321598649025
1403894988274946048,neutral,2.0057811737060547,1.0934759378433228,0.20032177865505219
1403894988509900800,negative,0.8709322214126587,-0.6527877449989319,1.9917137622833252
1403894989235556357,negative,0.9407429695129395,-0.4461303651332855,1.6044273376464844
1403894989382356993,neutral,2.1617162227630615,-1.0657998323440552,2.0157408714294434
1403894990191829002,neutral,2.5502030849456787,1.2705144882202148,-0.7324720621109009
1403894991722881024,neutral,1.6855747699737549,0.37137290835380554,0.3793219327926636
1403894992830148608,negative,0.9214271306991577,-1.039534330368042,2.5877585411071777
1403894994012983302,neutral,1.943515658378601,1.1312447786331177,0.09352944046258926
1403894994407071747,neutral,1.8453186750411987,-0.7528729438781738,1.447109580039978
1403894996491661317,negative,1.095023274421692,0.2715923488140106,1.2431364059448242
1403894997435305986,negative,1.128702163696289,-0.10703685134649277,1.3414549827575684
1403894998165295104,negative,1.444731593132019,-0.2845732569694519,1.542133092880249
1403894999192907777,positive,2.3379032611846924,2.525219678878784,-0.6998003721237183
1403894999608029186,neutral,1.615647792816162,1.003430962562561,0.961084246635437
1403895001055105026,negative,1.4849462509155273,-0.8101332187652588,2.0501298904418945
1403895004876185609,negative,1.3061940670013428,-0.2582179605960846,1.3913720846176147
1403895004980985857,negative,1.2604509592056274,-0.43251821398735046,1.4781970977783203
1403895005228388357,positive,1.7462824583053589,1.8249917030334473,-0.08776441961526871
1403895005236764677,negative,0.9628186225891113,-0.9796464443206787,2.681943655014038
1403895005534736384,neutral,2.260634660720825,1.046260952949524,0.055925820022821426
1403895005794603009,negative,1.4106166362762451,-0.36262205243110657,1.4732584953308105
1403895006201466881,positive,3.421476125717163,3.8226938247680664,-1.7387287616729736
1403895006792933385,neutral,1.9701077938079834,-0.4340194761753082,0.9729315042495728
1403895006969094148,neutral,1.5194333791732788,0.14153122901916504,0.7069700956344604
1403895008772636682,neutral,1.6111598014831543,0.742619514465332,0.5649957656860352
1403895009045192708,negative,1.247847557067871,-1.1105518341064453,2.8529212474823
1403895009297027077,negative,0.6439996957778931,-1.210371971130371,3.6401169300079346
1403895012711178241,negative,0.5678661465644836,-0.5028616189956665,2.8501358032226562
1403895014107717635,negative,1.298265814781189,-1.3325800895690918,2.9935665130615234
1403895014187483142,neutral,2.47597599029541,0.9525178670883179,-0.3176439106464386
1403895014586040323,negative,1.8467315435409546,-1.0882307291030884,1.9658820629119873
1403895014686658561,neutral,1.4676926136016846,0.9032951593399048,0.0005687139928340912
1403895015894491141,neutral,1.208426833152771,0.42486146092414856,0.38287511467933655
1403895018222325768,positive,1.5486680269241333,2.304536819458008,-0.80032879114151
1403895018755080195,negative,1.8388811349868774,-1.0376383066177368,2.119652509689331
1403895018809552905,neutral,1.6156479120254517,1.003430962562561,0.961084246635437
1403895019036106754,neutral,1.46206796169281,-0.1708676815032959,1.2390477657318115
1403895020420280324,neutral,0.3566209673881531,-0.01714114099740982,0.24096396565437317
1403895020437086211,neutral,1.3504953384399414,0.7589846253395081,0.9690613150596619
1403895021531582467,neutral,1.6855747699737549,0.37137290835380554,0.3793219327926636
1403895023024807939,negative,0.6656478047370911,0.1486162394285202,1.749105453491211
1403895023033368578,neutral,1.5026865005493164,-0.6649184823036194,1.3695744276046753
1403895023222075392,negative,1.6223174333572388,-1.0137298107147217,2.8828158378601074
1403895023830196226,negative,1.4207667112350464,-1.0857501029968262,2.5635814666748047
1403895024715190273,negative,1.1453746557235718,0.38371583819389343,1.3632246255874634
1403895024736112641,neutral,1.409034252166748,-0.26521536707878113,1.23891282081604
1403895025021247491,positive,2.5379157066345215,4.91954231262207,-1.530574917793274
1403895025847705605,positive,1.1403473615646362,2.375117063522339,0.03650069236755371
1403895026371895302,neutral,1.365499496459961,1.3617361783981323,0.9163272380828857
1403895026594291713,positive,0.8860215544700623,5.339483261108398,-0.8980996012687683
1403895026720161798,neutral,2.3909127712249756,2.0096585750579834,-0.4115602970123291
1403895027374333952,neutral,2.217390298843384,0.30976632237434387,0.34107816219329834
1403895028854910980,neutral,1.2107574939727783,0.9875193238258362,0.952153742313385
1403895029253345283,negative,1.271755337715149,-1.080994963645935,3.040771245956421
1403895029932900361,negative,0.7883224487304688,-0.6149997711181641,2.193183422088623
1403895029945442307,negative,1.022334098815918,-0.5903393030166626,2.1578962802886963
1403895033867157513,positive,0.8872371315956116,2.184509038925171,0.03314422816038132
1403895034697728001,neutral,1.6192845106124878,0.6307072639465332,1.023980736732483
1403895034823335937,neutral,1.6855747699737549,0.37137290835380554,0.3793219327926636
1403895034953482244,neutral,2.3035292625427246,0.06620901823043823,0.6950532793998718
1403895035549171712,positive,1.0659173727035522,1.7168433666229248,-0.2542877495288849
1403895035830145029,neutral,1.4214917421340942,0.3286350965499878,0.8487670421600342
1403895035851124738,neutral,1.5035425424575806,0.7824463248252869,0.30831587314605713
1403895036434161665,neutral,1.1900464296340942,0.6071754097938538,1.033079981803894
1403895036438224901,neutral,1.8804984092712402,0.30727219581604004,0.2504492402076721
1403895037398749184,neutral,1.6855747699737549,0.37137290835380554,0.3793219327926636
1403895037482700800,positive,0.4454502761363983,1.7757455110549927,0.19287067651748657
1403895039260979200,neutral,1.6855747699737549,0.37137290835380554,0.3793219327926636
1403895041681104899,neutral,1.3325437307357788,0.31886664032936096,1.2235819101333618
1403895041823629314,positive,0.7835696935653687,2.177720308303833,0.11566378176212311
1403895042654277633,negative,1.5138202905654907,-0.18994730710983276,2.0013139247894287
1403895044038402048,neutral,2.1209869384765625,-0.8769559860229492,1.5034023523330688
1403895044130541574,neutral,2.1500985622406006,0.8262393474578857,0.06512370705604553
1403895044222816265,neutral,2.7948787212371826,1.4108067750930786,-0.40835991501808167
1403895044638232577,neutral,1.7488343715667725,-0.042007945477962494,-0.38779735565185547
1403895046907207681,neutral,1.4814573526382446,0.7321851253509521,0.589724063873291
1403895046965895174,negative,1.1881755590438843,-0.6936835050582886,2.1564300060272217
1403895047515480065,neutral,1.6156479120254517,1.003430962562561,0.961084246635437
1403895048081756161,negative,1.2562954425811768,-0.5192027688026428,1.5850874185562134
1403895048522055680,negative,1.504628300666809,0.46412187814712524,1.8422876596450806
1403895051520987137,negative,0.48085325956344604,-0.3428865969181061,3.069444417953491
1403895051772694531,neutral,2.2885704040527344,0.8024730682373047,-0.3797803223133087
1403895052733014019,negative,0.6348585486412048,-0.8351643681526184,3.068899631500244
1403895052833898505,negative,0.3732796311378479,-0.10152151435613632,2.782315254211426
1403895053425156096,neutral,1.5416802167892456,-0.15137720108032227,1.085940957069397
1403895055157395456,positive,1.1663601398468018,1.4180538654327393,0.7986526489257812
1403895056982065153,neutral,1.806769847869873,0.6290252208709717,0.5289697647094727
1403895057183232000,neutral,1.6391627788543701,-0.774879515171051,1.1377017498016357
1403895058353459203,negative,1.3328378200531006,-1.1997720003128052,3.0109009742736816
1403895060144472069,negative,1.263110876083374,-0.22316330671310425,1.5507019758224487
1403895060207448065,negative,1.1341465711593628,-0.9884267449378967,2.590660333633423
1403895060219973636,neutral,2.1617162227630615,-1.0657998323440552,2.0157408714294434
1403895060362457095,negative,1.5462321043014526,-0.9039552807807922,1.93699049949646
1403895060614242304,neutral,2.212160348892212,-0.03133855015039444,0.8980835676193237
1403895060752601096,neutral,1.3200982809066772,1.271024465560913,0.11744122952222824
1403895061222367238,neutral,1.843629240989685,0.47162139415740967,0.23730310797691345
1403895061289439240,negative,1.1085423231124878,-0.4901333749294281,1.5121155977249146
1403895062413651968,negative,0.50705486536026,0.26002636551856995,1.062754511833191
1403895063281766403,neutral,1.5631341934204102,0.7487962245941162,0.47283563017845154
1403895063873306633,negative,1.0883618593215942,-0.5602695345878601,1.920455813407898
1403895063994724352,negative,1.2920905351638794,-0.9395396709442139,2.370361566543579
1403895064904929281,positive,0.12207121402025223,1.8679102659225464,-0.30578434467315674
1403895066733785094,negative,1.6022993326187134,-0.7619240880012512,2.126368999481201
1403895067195035649,negative,0.24512726068496704,0.3152761161327362,2.2613017559051514
1403895068075888640,neutral,1.9691977500915527,1.045145034790039,-0.014373550191521645
1403895068084211712,negative,0.3634033501148224,-0.3415655493736267,3.105447769165039
1403895068520554496,negative,0.5464385747909546,0.09355604648590088,1.713917851448059
1403895068688322562,neutral,3.059633255004883,2.1231727600097656,-0.8578289151191711
1403895068805582848,negative,1.4968870878219604,-0.2516579031944275,1.6333835124969482
1403895068902133762,negative,1.1648447513580322,-0.9249876141548157,2.644540786743164
1403895069334130690,positive,1.361384391784668,1.4909244775772095,0.25907111167907715
1403895070491774978,negative,1.5462321043014526,-0.9039552807807922,1.93699049949646
1403895071632629760,neutral,2.1264126300811768,-0.8504927158355713,1.3406469821929932
1403895071754407944,neutral,1.3864362239837646,-0.38409948348999023,1.1934568881988525
1403895072681197577,neutral,1.6855747699737549,0.37137290835380554,0.3793219327926636
1403895073754992643,negative,0.8323348760604858,0.08698143064975739,1.2959829568862915
1403895074451124224,negative,1.6229912042617798,-0.33116668462753296,2.175936222076416
1403895074807812097,positive,2.3379032611846924,2.525219678878784,-0.6998003721237183
1403895075222999040,neutral,1.441787838935852,-0.44300004839897156,1.3907257318496704
1403895076632285185,neutral,2.0289559364318848,-0.6861406564712524,1.849805474281311
1403895077500592130,neutral,2.578174591064453,-0.007920347154140472,0.9507653117179871
1403895078360432644,neutral,1.808242917060852,-0.5495079159736633,1.3495522737503052
1403895079165743105,neutral,2.7205758094787598,0.4816708564758301,0.7425105571746826
1403895079341899777,negative,1.1353546380996704,-0.2905583381652832,1.2604364156723022
1403895080616878086,neutral,2.8217251300811768,0.025734759867191315,0.5355105400085449
1403895082718162946,negative,0.315359890460968,-0.280704528093338,2.047783613204956
1403895082953097220,negative,1.2071043252944946,-0.5148178935050964,1.7887457609176636
1403895084295335936,neutral,2.3065178394317627,1.6601237058639526,-0.13768739998340607
1403895087646400512,negative,1.3783894777297974,0.08099622279405594,1.7644766569137573
1403895087726219269,negative,0.4738011658191681,0.550182044506073,1.657331943511963
1403895089609416708,negative,0.6439996361732483,-1.2103720903396606,3.6401171684265137
1403895090355920904,positive,1.0133289098739624,2.1348371505737305,-0.1569039672613144
1403895091220172800,negative,0.5102627277374268,0.7899754643440247,0.8135010004043579
1403895091261972481,negative,0.42175814509391785,0.3865688145160675,2.182048797607422
1403895091463262209,negative,1.592475175857544,-0.6911603212356567,1.7783128023147583
1403895091714871297,positive,2.2271289825439453,3.158660650253296,-1.025310754776001
1403895092000210945,neutral,1.6855747699737549,0.37137290835380554,0.3793219327926636
1403895093744914440,neutral,1.1249445676803589,0.9607559442520142,-0.5657588839530945
1403895094172811266,neutral,2.8217248916625977,0.025734826922416687,0.5355104804039001
1403895095615705094,neutral,1.9701077938079834,-0.4340194761753082,0.9729315042495728
1403895096018456576,negative,1.10758638381958,-0.26048657298088074,1.6472890377044678
1403895097054347265,neutral,2.3061580657958984,0.5227155089378357,0.32168158888816833
1403895097469587456,neutral,1.9200304746627808,0.0010941624641418457,1.3634591102600098
1403895098102931459,negative,1.4296187162399292,-0.7285325527191162,1.7727080583572388
1403895098157322244,negative,0.7838588953018188,-0.8143433928489685,2.5138864517211914
1403895099717685251,negative,1.0883618593215942,-0.5602695345878601,1.920455813407898
1403895101382926338,negative,1.2766809463500977,-0.6316001415252686,1.744517207145691
1403895101814882304,neutral,1.6859015226364136,0.3907938301563263,0.45410245656967163
1403895102053883907,negative,1.569740891456604,-1.1001582145690918,2.3370933532714844
1403895102062346242,neutral,1.5675137042999268,0.5805820822715759,0.5407739877700806
1403895103467315203,negative,0.6828888654708862,-1.240578532218933,3.80798602104187
1403895104448782340,neutral,1.365983247756958,-0.026248805224895477,1.3223859071731567
1403895104809676803,neutral,3.0692317485809326,1.2135753631591797,-0.6559908390045166
1403895106541850624,neutral,2.0474467277526855,0.62738037109375,-0.18240898847579956
1403895110014808067,negative,1.0250588655471802,-0.501417875289917,1.4344360828399658
1403895110023233538,neutral,1.9554355144500732,0.24206143617630005,0.945985734462738
1403895110325223425,negative,0.9992511868476868,0.4716738164424896,1.2228602170944214
1403895110895640579,neutral,1.8709139823913574,0.7854757905006409,0.30547598004341125
1403895110987825155,negative,1.6433733701705933,-1.0101723670959473,2.552000045776367
1403895111142952963,negative,1.193696141242981,-0.9423500895500183,2.4674038887023926
1403895112023818247,neutral,1.1543093919754028,0.05364881455898285,1.1191062927246094
1403895112078405634,negative,1.2130874395370483,-0.1163826659321785,1.5395174026489258
1403895112376078339,positive,0.9576733112335205,1.1960448026657104,0.7234405875205994
1403895112384536578,neutral,2.152935266494751,-0.23111313581466675,1.1358208656311035
1403895113521172480,negative,1.5737717151641846,-0.5357782244682312,1.8692100048065186
1403895114053799939,neutral,1.9798986911773682,1.6690605878829956,0.25610148906707764
1403895114552991747,neutral,1.38202965259552,-0.022215738892555237,0.9734161496162415
1403895114771046405,positive,3.421476125717163,3.8226938247680664,-1.7387290000915527
1403895114792148992,positive,1.3209025859832764,1.984281301498413,0.0059606097638607025
1403895115517771781,negative,1.573771595954895,-0.5357781648635864,1.8692100048065186
1403895116411158530,negative,0.7838588953018188,-0.8143433928489685,2.5138864517211914
1403895116440367106,neutral,1.1115350723266602,0.2538411617279053,0.994918942451477
1403895117023309827,negative,0.9363000392913818,-1.2790658473968506,3.5088236331939697
1403895117279281153,negative,0.9246938824653625,-0.48949113488197327,1.7189046144485474
1403895117417750529,neutral,1.4159382581710815,0.7797443270683289,0.8239316344261169
1403895117866471424,negative,1.1068618297576904,-0.16957297921180725,1.6743061542510986
1403895118009036801,positive,1.3209024667739868,1.9842811822891235,0.005960749462246895
1403895118042705921,neutral,1.5289995670318604,0.4505651295185089,0.8436333537101746
1403895118487248896,positive,1.3209024667739868,1.9842811822891235,0.005960749462246895
1403895119833600004,negative,1.238901972770691,-0.08413314074277878,1.4332932233810425
1403895120353660929,positive,2.3379032611846924,2.525219678878784,-0.6998003721237183
1403895122845224960,neutral,1.134535312652588,0.5073688626289368,1.016538381576538
1403895122937319427,negative,0.8323348760604858,0.08698143064975739,1.2959829568862915
1403895123537063936,neutral,1.348685383796692,0.6208140850067139,1.228858232498169
1403895124426252289,neutral,1.2400773763656616,0.8503364324569702,0.11373041570186615
1403895124489351169,neutral,1.8259775638580322,-0.7735645174980164,1.5164074897766113
1403895125516832769,negative,1.4131169319152832,-0.4427197277545929,1.479291558265686
1403895126414565384,neutral,1.6685669422149658,0.5433216691017151,0.3318139314651489
1403895127089848326,negative,1.0082600116729736,-1.301512360572815,3.6935181617736816
1403895127404331020,negative,0.8061770796775818,-0.6775261759757996,2.8301291465759277
1403895127429378049,neutral,1.9472838640213013,1.870621681213379,0.17613010108470917
1403895127723044864,neutral,1.6620606184005737,0.7857858538627625,0.38707754015922546
1403895128209510406,negative,1.1245452165603638,-0.006361737847328186,1.553678035736084
1403895130042470403,neutral,0.7694358825683594,0.31084591150283813,0.7596154808998108
1403895130533203969,neutral,1.9403049945831299,-0.6860625743865967,0.965177595615387
1403895130743099396,positive,1.5217663049697876,5.5685625076293945,-1.6251146793365479
1403895131858620419,neutral,0.9069031476974487,0.01343630999326706,0.740725040435791
1403895133385510914,neutral,1.3824697732925415,0.04219589754939079,0.4609571397304535
1403895133397950468,negative,1.1453856229782104,0.05123782902956009,1.435534119606018
1403895134270361610,neutral,0.9333500862121582,0.267404705286026,0.671319842338562
1403895135071469570,negative,1.0815403461456299,-0.34483152627944946,1.3768948316574097
1403895136975732736,negative,1.2619144916534424,-0.3721839487552643,1.4418613910675049
1403895137479151623,neutral,1.6933164596557617,-0.03814300149679184,1.1157885789871216
1403895137793572866,neutral,2.322033643722534,0.8155692219734192,0.12140557914972305
1403895137818841088,negative,0.6455100178718567,-0.6623883843421936,2.5021908283233643
1403895137869074436,negative,1.0373764038085938,-0.033347100019454956,2.074406147003174
1403895139232145412,neutral,1.3655332326889038,0.42648062109947205,1.0034511089324951
1403895140830302210,neutral,2.335927963256836,2.0586585998535156,-0.5568910837173462
1403895140863905794,neutral,1.615647792816162,1.003430962562561,0.961084246635437
1403895140914106370,neutral,1.6620606184005737,0.7857858538627625,0.38707754015922546
1403895140951887878,negative,0.6904555559158325,-0.504707932472229,1.7269742488861084
1403895140998017032,negative,1.215798020362854,-1.1671397686004639,2.887923240661621
1403895141287354370,neutral,2.1832115650177,1.3436704874038696,-0.04675917327404022
1403895142206091266,negative,1.264915108680725,-0.37222835421562195,1.4042580127716064
1403895142679859205,neutral,1.9701077938079834,-0.4340194761753082,0.9729315042495728
1403895142713491461,neutral,2.797194242477417,0.052201248705387115,0.23437835276126862
1403895143049175048,neutral,1.2859822511672974,0.14964282512664795,0.9716535210609436
1403895143065808898,neutral,2.0137529373168945,1.1754772663116455,0.2692088186740875
1403895143078391809,neutral,1.6661245822906494,0.873645544052124,0.3567570447921753
1403895143749406721,neutral,3.214754104614258,1.7491509914398193,-0.6909240484237671
1403895143757795335,negative,1.378389596939087,0.08099621534347534,1.7644765377044678
1403895143783034880,neutral,1.6219844818115234,-0.6049523949623108,1.441508173942566
1403895144588341248,negative,0.7152818441390991,0.5923473238945007,1.0046077966690063
1403895144709951488,negative,0.7838588356971741,-0.8143433928489685,2.5138864517211914
1403895145066467330,negative,1.1881537437438965,-0.6072436571121216,2.6696794033050537
1403895145087471620,neutral,1.7037450075149536,0.6180882453918457,0.16529782116413116
1403895146945695744,positive,1.567716360092163,1.8452107906341553,-0.208132803440094
1403895147440472064,neutral,1.1775622367858887,0.5024921298027039,0.32239440083503723
1403895147448963078,neutral,1.2400773763656616,0.8503364324569702,0.11373041570186615
1403895147826323464,negative,1.25785231590271,-0.4269050061702728,1.6329377889633179
1403895148883460097,negative,1.4535956382751465,-1.0881789922714233,2.349065065383911
1403895149248143371,positive,1.5761775970458984,3.2153983116149902,-0.7743899822235107
1403895149659230214,negative,1.651720643043518,-0.7211499214172363,1.775310754776001
1403895150095392768,positive,1.3425536155700684,3.0069727897644043,-0.6373295187950134
1403895150384926722,neutral,1.70064377784729,0.8349417448043823,-0.3395368754863739
1403895150577807360,negative,1.3542309999465942,-0.1833462417125702,1.4767132997512817
1403895150590390273,positive,1.3248227834701538,3.3609321117401123,-0.7989391684532166
1403895151592828939,neutral,1.6488021612167358,0.5098004341125488,0.5338507890701294
1403895151932624897,negative,1.4722166061401367,-0.5640692710876465,1.9257140159606934
1403895152620584964,neutral,1.8272852897644043,0.9699493050575256,-0.30203554034233093
1403895152645599239,neutral,1.9629874229431152,-0.028691358864307404,1.4329012632369995
1403895153056620545,positive,2.942852735519409,3.7804622650146484,-1.4409942626953125
1403895153262092290,negative,1.1538069248199463,-0.9982168078422546,2.6636176109313965
1403895153526329344,neutral,1.6105424165725708,0.6825869679450989,0.4923074543476105
1403895153786564613,negative,1.1966217756271362,-0.03894076496362686,1.3610228300094604
1403895154088370178,positive,0.4169877767562866,5.259016513824463,-0.2705511748790741
1403895154356850689,neutral,1.6441445350646973,-0.5100816488265991,1.4364488124847412
1403895155661312006,negative,0.45649638772010803,-0.8170602917671204,3.7533462047576904
1403895155950862341,negative,1.5132567882537842,-1.0696130990982056,2.363255262374878
1403895155963224065,neutral,1.4647424221038818,0.39907756447792053,0.6300485134124756
1403895156940623872,neutral,2.036545991897583,-0.29658570885658264,1.1426016092300415
1403895157192232967,neutral,1.6984167098999023,-0.38397032022476196,1.1807929277420044
1403895157414666249,neutral,2.108839273452759,0.20831942558288574,0.7027494311332703
1403895157590675458,neutral,1.6488020420074463,0.5098005533218384,0.5338507294654846
1403895157708275714,negative,1.241559624671936,-0.02394203096628189,1.428662657737732
1403895157812989956,negative,1.0024001598358154,-0.8150494694709778,2.658277750015259
1403895158459019264,negative,0.8323348760604858,0.08698143064975739,1.2959829568862915
1403895158819758090,neutral,2.1617162227630615,-1.0657998323440552,2.0157408714294434
1403895159952228352,negative,0.7838588953018188,-0.8143433928489685,2.5138864517211914
1403895160778416130,neutral,1.7288328409194946,0.0016820579767227173,1.5139310359954834
1403895161176870919,neutral,2.23433256149292,0.5764690041542053,-0.08703846484422684
1403895161399152642,negative,1.062432885169983,-0.4649380147457123,2.018907070159912
1403895161520898050,negative,0.7958564758300781,0.6870715022087097,1.5127933025360107
1403895161910747137,positive,1.71284818649292,3.13368821144104,-0.8161806464195251
1403895164133838851,negative,1.3245069980621338,-0.7822672724723816,2.3363864421844482
1403895164972720129,neutral,1.7074753046035767,0.17205186188220978,1.1001489162445068
1403895166012887047,neutral,1.1266895532608032,-0.2765294313430786,0.9001145958900452
1403895167111905281,negative,0.8962570428848267,1.00338613986969,1.2024766206741333
1403895167728295946,positive,1.3425536155700684,3.0069727897644043,-0.6373295187950134
1403895168072400901,negative,0.5667775869369507,-0.5285688042640686,2.2931032180786133
1403895172140777472,negative,1.3788506984710693,-0.8951550722122192,2.664484977722168
1403895172392525824,negative,1.224915862083435,-0.9688088297843933,2.2292377948760986
1403895172686135298,negative,1.0406744480133057,0.022040024399757385,1.062070369720459
1403895172790902784,neutral,1.5787886381149292,-0.41188326478004456,0.703170120716095
1403895172912476168,positive,1.1283636093139648,1.7986400127410889,-0.06826237589120865
1403895175072595969,negative,1.1453746557235718,0.38371583819389343,1.3632246255874634
1403895176427233280,neutral,1.6156479120254517,1.003430962562561,0.961084246635437
1403895177228472320,negative,1.224600076675415,-0.36247843503952026,1.2969332933425903
1403895177396244480,negative,1.894629716873169,-0.987824022769928,1.9432940483093262
1403895177878683653,negative,0.7838588953018188,-0.8143433928489685,2.5138864517211914
1403895177991704579,negative,0.6450394988059998,0.008441008627414703,2.17981219291687
1403895178268606467,neutral,1.7974337339401245,0.2214483916759491,1.246658205986023
1403895179208060928,neutral,2.009143114089966,-0.5149003267288208,1.4981954097747803
1403895179778482177,neutral,1.971413493156433,1.1706969738006592,-0.01200777105987072
1403895180370010115,neutral,1.6855747699737549,0.37137290835380554,0.3793219327926636
1403895181309464577,positive,0.49035364389419556,1.1194525957107544,0.8418061137199402
1403895182572113921,positive,0.40342479944229126,2.4248456954956055,0.5696070194244385
1403895182693744642,neutral,2.118499517440796,0.1276477426290512,0.6007705926895142
1403895183108943873,neutral,2.070099115371704,0.6943870782852173,0.08341627568006516
1403895183830306827,neutral,1.6156479120254517,1.003430962562561,0.961084246635437
1403895184534872071,negative,1.2322144508361816,-1.000233769416809,2.143556833267212
1403895185243770880,neutral,1.6419240236282349,1.4662126302719116,0.45248866081237793
1403895186619523074,negative,1.1634629964828491,0.45802631974220276,1.4192317724227905
1403895187181428738,negative,0.7325202822685242,-0.0037042200565338135,2.0334882736206055
1403895191409500161,neutral,2.1493117809295654,0.687936544418335,0.22546179592609406
1403895191652769793,neutral,2.095674991607666,1.0023669004440308,-0.6189489960670471
1403895193062027264,neutral,2.8217248916625977,0.025734826922416687,0.5355104804039001
1403895193456234499,positive,0.3373762369155884,4.109978675842285,-0.48013585805892944
1403895193632350210,neutral,1.5404229164123535,0.34192901849746704,0.49642446637153625
1403895193791713281,positive,2.4491126537323,4.319911479949951,-1.0373389720916748
1403895193883996163,negative,0.5407654643058777,-0.05042798072099686,1.7442023754119873
1403895195763048448,neutral,2.048983335494995,0.35919010639190674,0.6225658655166626
1403895196111101952,neutral,3.2078535556793213,2.411896228790283,-1.3108339309692383
1403895196320894976,neutral,1.8120676279067993,-0.7335628271102905,1.234681248664856
1403895197155610625,neutral,1.6156479120254517,1.003430962562561,0.961084246635437
1403895197960794116,positive,2.2271289825439453,3.158660650253296,-1.025310754776001
1403895198296379394,positive,0.9162152409553528,3.0536446571350098,-0.6259881258010864
1403895198510424064,neutral,2.1617162227630615,-1.0657998323440552,2.0157408714294434
1403895199932293125,negative,0.7838588953018188,-0.8143433928489685,2.5138864517211914
1403895200607526916,negative,1.0238255262374878,-0.8793777823448181,2.4759938716888428
1403895201878269955,positive,0.8529334664344788,1.2892200946807861,0.08430267125368118
1403895202264141826,neutral,2.1832115650177,1.3436704874038696,-0.04675917327404022
1403895202893373444,positive,0.7804622054100037,2.5993077754974365,-0.1038227453827858
1403895203241418754,negative,0.995689868927002,-0.011349588632583618,1.2705250978469849
1403895203316912129,neutral,1.0543591976165771,0.2469344139099121,0.470809668302536
1403895203316916224,neutral,1.0687649250030518,0.5568861365318298,0.9111201167106628
1403895203476520970,positive,2.3379032611846924,2.525219678878784,-0.6998003721237183
1403895203698724884,negative,1.264915108680725,-0.37222835421562195,1.4042580127716064
1403895203908358147,negative,0.5608945488929749,0.37395933270454407,1.3355616331100464
1403895203996471297,neutral,2.2788095474243164,1.5132861137390137,-0.5242282152175903
1403895204097187842,negative,0.6849405169487,0.3531683087348938,1.7709274291992188
1403895204340330499,negative,1.3134132623672485,-0.5762357115745544,1.6616076231002808
1403895204512477190,positive,1.9875613451004028,3.321629047393799,-0.7666159272193909
1403895204537503745,positive,0.7804622054100037,2.5993077754974365,-0.10382281988859177
1403895206722904065,neutral,1.0263029336929321,0.38528838753700256,0.8583374619483948
1403895207121227777,positive,0.6517430543899536,1.3964788913726807,0.8482909202575684
1403895207540576257,positive,0.7804622054100037,2.5993075370788574,-0.10382270067930222
1403895207578329088,negative,1.2815027236938477,-0.46986642479896545,1.8249300718307495
1403895207855329285,negative,0.8479098677635193,-0.6097807884216309,2.5185153484344482
1403895208400408576,neutral,1.9486819505691528,1.228864312171936,-0.1949450671672821
1403895209843478530,neutral,1.4348745346069336,0.22013252973556519,1.2000137567520142
1403895211650994176,positive,0.7804622054100037,2.5993075370788574,-0.10382270067930222
1403895213047771142,positive,1.1922494173049927,1.8010562658309937,0.15425533056259155
1403895213794336768,neutral,1.901564121246338,0.1422979086637497,0.16631267964839935
1403895214981353473,neutral,2.1832115650177,1.3436704874038696,-0.04675917327404022
1403895215073624065,negative,0.8550409078598022,-1.1278244256973267,3.6027562618255615
1403895215103037442,negative,1.444731593132019,-0.2845732271671295,1.542133092880249
1403895215224721414,neutral,1.6855747699737549,0.37137290835380554,0.3793219327926636
1403895215296061444,negative,1.0878422260284424,-0.5361467003822327,1.3020614385604858
1403895216390635529,neutral,1.6156479120254517,1.003430962562561,0.961084246635437
1403895216503992324,negative,1.8388811349868774,-1.0376384258270264,2.119652509689331
1403895218647146496,negative,1.5768274068832397,-0.8125711679458618,1.6036055088043213
1403895218986913792,neutral,1.4743958711624146,1.1034945249557495,-0.026511559262871742
1403895218999529473,positive,1.331171989440918,3.033355951309204,-0.3228747248649597
1403895219280560128,neutral,1.6855747699737549,0.37137290835380554,0.3793219327926636
1403895220979208196,negative,0.28904393315315247,-0.5793936252593994,2.4516212940216064
1403895221998473223,neutral,1.3356189727783203,-0.6160832643508911,1.1057231426239014
1403895223269220354,positive,2.2271289825439453,3.158660650253296,-1.025310754776001
1403895223411900416,positive,1.8439606428146362,5.047677516937256,-1.2440104484558105
1403895226872127491,neutral,1.7841737270355225,0.6882603168487549,0.4453285336494446
1403895228080271360,neutral,1.2400773763656616,0.8503364324569702,0.11373041570186615
1403895228252237825,negative,0.532253086566925,-0.4728766679763794,1.3408828973770142
1403895228659126277,neutral,1.6855747699737549,0.37137290835380554,0.3793219327926636
1403895229317406721,neutral,3.342149496078491,2.0959599018096924,-0.7580814957618713
1403895230668185601,neutral,2.8217248916625977,0.025734826922416687,0.5355105400085449
1403895230840016903,neutral,1.5542670488357544,0.3892335891723633,0.2512913644313812
1403895231565557761,negative,1.2739087343215942,-0.12092245370149612,1.4879041910171509
1403895231838359554,negative,1.0874388217926025,-0.6797641515731812,2.8086001873016357
1403895232429625344,negative,1.6600435972213745,-0.8459094762802124,1.808196783065796
1403895233293832197,neutral,0.9771794080734253,0.31769701838493347,0.40514811873435974
1403895233746771979,negative,1.1484042406082153,0.12910299003124237,1.3973106145858765
1403895235181121541,neutral,1.7151122093200684,-0.8010303378105164,1.5619829893112183
1403895235651026944,negative,1.3298466205596924,-0.453007310628891,2.1196696758270264
1403895237123190786,negative,1.2055132389068604,-1.1953635215759277,2.972447156906128
1403895237165060097,negative,0.777662992477417,0.44677039980888367,1.219447374343872
1403895239488667648,negative,1.970301628112793,-0.41053733229637146,2.0678865909576416
1403895240579289088,neutral,1.6855747699737549,0.37137290835380554,0.3793219327926636
1403895240839229444,positive,1.023274540901184,2.12880539894104,0.011947961524128914
1403895242802225164,positive,0.5933365821838379,2.204943895339966,0.2674105763435364
1403895243389300742,neutral,1.4843209981918335,0.7425756454467773,0.5757811069488525
1403895244056322051,neutral,1.2400773763656616,0.8503364324569702,0.11373041570186615
1403895245566210052,positive,2.326303720474243,2.4531333446502686,-0.6449626684188843
1403895245952012290,negative,1.42825186252594,-1.163898229598999,2.5680627822875977
1403895245960450053,negative,1.4396209716796875,-0.037354208528995514,1.5953598022460938
1403895246690295815,neutral,1.1923867464065552,0.6047205328941345,1.1199787855148315
1403895249248784399,positive,0.9576733112335205,1.1960448026657104,0.7234405875205994
1403895249496207360,neutral,1.5280704498291016,-0.7701130509376526,1.2587270736694336
1403895250297364480,negative,0.7161487936973572,-1.121351718902588,3.397327184677124
1403895251241107459,positive,2.937074899673462,3.514441728591919,-1.266996145248413
1403895251966824450,negative,0.9311237931251526,-0.8516455888748169,2.4192421436309814
1403895252344184832,neutral,3.1098196506500244,2.5038719177246094,-0.8735253214836121
1403895252398710786,neutral,2.3037686347961426,-0.3470117449760437,0.7368303537368774
1403895253308903426,neutral,1.6156479120254517,1.003430962562561,0.961084246635437
1403895254571487235,neutral,2.0047197341918945,-0.7378763556480408,1.462250828742981
1403895254642790400,negative,0.9993896484375,0.4550807476043701,1.5148595571517944
1403895255192064003,positive,1.3425536155700684,3.0069727897644043,-0.6373295187950134
1403895257800986628,negative,1.3783894777297974,0.08099622279405594,1.7644766569137573
1403895258136543233,neutral,2.298275947570801,1.6126102209091187,-0.029681643471121788
1403895261043253250,negative,1.0873342752456665,-1.1788723468780518,3.2375264167785645
1403895261533904899,negative,1.3262587785720825,-0.6204842329025269,1.940077304840088
1403895261689106435,negative,1.544198751449585,-0.5407337546348572,1.613949179649353
1403895263295512576,negative,1.30162513256073,-0.2248954474925995,1.4183295965194702
1403895263819821056,negative,1.569740891456604,-1.1001583337783813,2.3370935916900635
1403895263995912193,neutral,1.6415064334869385,0.016358040273189545,1.4735536575317383
1403895264205631489,positive,0.7804622054100037,2.5993075370788574,-0.10382270067930222
1403895264314810368,negative,0.8113777041435242,-0.35064607858657837,1.4899541139602661
1403895265250119683,neutral,1.714040756225586,0.13253748416900635,0.8740522265434265
1403895265719820292,positive,0.8585636019706726,2.7392585277557373,-0.18223939836025238
1403895267674365953,neutral,2.350821018218994,0.558373212814331,0.43335771560668945
1403895267678588928,neutral,1.2885048389434814,0.4984723925590515,0.12033109366893768
1403895267867336709,negative,0.9378403425216675,0.47826990485191345,1.128894329071045
1403895268194492419,positive,0.7804622054100037,2.5993075370788574,-0.10382270067930222
1403895268211249160,negative,1.8467315435409546,-1.0882307291030884,1.9658820629119873
1403895269490577408,negative,0.9749541878700256,-0.6107364296913147,2.755610942840576
1403895269792518144,positive,0.7804622054100037,2.5993075370788574,-0.10382270067930222
1403895270316949504,neutral,1.7257487773895264,-0.3074376881122589,1.1847050189971924
1403895271004643330,positive,0.7804622054100037,2.5993075370788574,-0.10382268577814102
1403895271147413507,neutral,1.4293571710586548,-0.47411713004112244,0.5235604643821716
1403895272212627458,negative,0.40750184655189514,-0.8063718676567078,2.426546812057495
1403895272447504386,negative,1.198262095451355,-0.9821430444717407,2.229851722717285
1403895272661467138,neutral,1.7757548093795776,0.414730429649353,0.7451025247573853
1403895272938172416,positive,0.7804622054100037,2.5993075370788574,-0.10382270067930222
1403895273470844930,neutral,2.5015413761138916,0.4922906458377838,-0.09217004477977753
1403895274519642115,positive,0.9425109028816223,1.0984094142913818,0.8785780668258667
1403895275031203843,negative,0.9744480848312378,-0.19319972395896912,1.0710147619247437
1403895275349975041,positive,2.3504083156585693,5.580032825469971,-1.5596929788589478
1403895275425464323,positive,0.7804621458053589,2.5993075370788574,-0.10382267087697983
1403895275702341638,neutral,1.6855746507644653,0.37137290835380554,0.37932196259498596
1403895278323777537,neutral,2.7270190715789795,0.9086915850639343,-0.2819950580596924
1403895278852317190,negative,1.091336727142334,-0.5294595956802368,2.4662954807281494
1403895278890061827,neutral,0.7561717629432678,0.017820291221141815,0.39136290550231934
1403895279389085698,negative,1.1029818058013916,0.23809880018234253,1.713347315788269
1403895279393386503,positive,0.9454926252365112,3.170212745666504,-0.8895026445388794
1403895279615578113,negative,1.0238580703735352,-0.6816105246543884,2.6686837673187256
1403895280777383937,neutral,3.342149496078491,2.0959599018096924,-0.7580814957618713
1403895281372975109,negative,1.2323447465896606,-0.26558753848075867,1.816359519958496
1403895281532301313,positive,1.3425536155700684,3.0069727897644043,-0.6373295187950134
1403895282446782467,neutral,1.2922351360321045,0.6445894241333008,0.7937878370285034
1403895282647986179,neutral,2.1832115650177,1.3436704874038696,-0.04675917327404022
1403895284208484357,negative,1.6558846235275269,-0.9418045878410339,2.0927317142486572
1403895284216877056,neutral,1.8709139823913574,0.7854757905006409,0.30547598004341125
1403895284732735490,neutral,2.8217248916625977,0.025734826922416687,0.5355104804039001
1403895284942311428,neutral,3.530146598815918,1.6300078630447388,-1.0650410652160645
1403895285797974021,neutral,1.7675825357437134,0.2727270722389221,0.6400616765022278
1403895286129324033,negative,1.4920334815979004,-0.9713848233222961,2.7164218425750732
1403895288067100680,negative,1.2157981395721436,-1.1671397686004639,2.887923240661621
1403895288432140290,neutral,0.9670531153678894,0.5542368292808533,0.894476056098938
1403895288864124928,positive,1.429938554763794,2.6757395267486572,-0.6695744395256042
1403895290180947969,negative,1.0304484367370605,-0.8581323027610779,2.982595682144165
1403895290353098752,neutral,1.2052630186080933,0.8534553050994873,0.6124579310417175
1403895290483023873,neutral,1.9701077938079834,-0.4340194761753082,0.9729315042495728
1403895290654957568,negative,1.4482860565185547,-0.9850956797599792,2.2077646255493164
1403895291573641223,neutral,1.4214915037155151,0.3286350965499878,0.8487669825553894
1403895292240478213,neutral,1.800066590309143,1.4366607666015625,-0.02719062753021717
1403895294073389058,neutral,1.8135885000228882,0.585907518863678,0.727462887763977
1403895294534643713,negative,1.1181749105453491,-1.123650312423706,3.1347455978393555
1403895294937468928,negative,0.5773029327392578,-1.3115363121032715,4.019812107086182
1403895298313789444,neutral,1.0393648147583008,-0.2036547064781189,0.866203784942627
1403895299341488129,neutral,1.6156479120254517,1.003430962562561,0.961084246635437
1403895299517542404,negative,0.9348693490028381,0.6565102338790894,1.203184962272644
1403895300117303300,neutral,1.4843209981918335,0.7425756454467773,0.5757811069488525
1403895300276715520,neutral,0.8489304780960083,0.7064616680145264,0.5624858140945435
1403895300469657608,negative,1.3783894777297974,0.08099622279405594,1.7644766569137573
1403895302369726466,neutral,2.037961006164551,0.22511467337608337,1.493350863456726
1403895302927503361,positive,2.7746505737304688,4.085967540740967,-1.6760585308074951
1403895303514718209,positive,1.8832919597625732,3.138092517852783,-0.5668795108795166
1403895303825100806,neutral,2.217390298843384,0.30976632237434387,0.3410782217979431
1403895304546439169,negative,1.213686466217041,-0.0754714086651802,1.263708233833313
1403895305196560391,neutral,3.2774946689605713,0.7038277387619019,0.16539038717746735
1403895307184840706,neutral,2.212160348892212,-0.0313386470079422,0.8980836868286133
1403895307348369411,neutral,1.4913560152053833,0.8667309880256653,-0.044864900410175323
1403895307704815616,negative,1.0818065404891968,0.06920026242733002,1.9826445579528809
1403895308292132865,neutral,0.9897549152374268,0.5608435273170471,0.027198251336812973
1403895308413722624,negative,1.477853775024414,-0.8342931270599365,2.2221248149871826
1403895309743267843,neutral,1.3659833669662476,-0.026248805224895477,1.3223857879638672
1403895310795956225,negative,1.602099061012268,-0.792482852935791,1.7084261178970337
1403895311823687682,neutral,1.4592136144638062,0.5933533906936646,0.5130789875984192
1403895312293371906,neutral,2.0906178951263428,0.3954578936100006,0.4237331748008728
1403895313061101570,negative,0.45649638772010803,-0.8170602917671204,3.7533462047576904
1403895313409085445,positive,1.6474164724349976,4.102321624755859,-0.730684757232666
1403895313694281729,negative,1.3783894777297974,0.08099622279405594,1.7644766569137573
1403895313719508992,neutral,1.672829508781433,-0.8747453689575195,1.5331182479858398
1403895314906599424,negative,1.264915108680725,-0.37222835421562195,1.4042580127716064
1403895315443425282,neutral,1.6156479120254517,1.003430962562561,0.961084246635437
1403895316861104128,neutral,1.404056191444397,0.1296844780445099,1.034008502960205
1403895316986822659,negative,1.184586763381958,-0.3549261689186096,1.4693900346755981
1403895317431521284,neutral,1.453418254852295,0.9505296945571899,0.786723792552948
1403895317553061889,negative,1.3447705507278442,-1.2641278505325317,3.2405104637145996
1403895318123483138,neutral,0.6748676896095276,0.4150465130805969,0.1751234382390976
1403895318924517382,neutral,1.4873063564300537,1.1932514905929565,0.57401442527771
1403895321588027400,negative,1.6517205238342285,-0.7211500406265259,1.77531099319458
1403895321906671619,positive,1.1573832035064697,1.4347014427185059,0.0957486554980278
1403895324058349576,negative,1.1009628772735596,-0.7646116018295288,2.274383783340454
1403895324545105921,negative,0.5007511377334595,-0.3999040722846985,2.2380754947662354
1403895325727801349,neutral,2.1706368923187256,-0.5071425437927246,1.4272063970565796
1403895327002972160,negative,1.1634629964828491,0.4580264389514923,1.4192317724227905
1403895327120363521,negative,1.2766809463500977,-0.6316001415252686,1.744517207145691
1403895327258681344,neutral,1.4843209981918335,0.7425756454467773,0.5757811069488525
1403895327497797635,neutral,2.3198838233947754,0.5437228679656982,0.3381252884864807
1403895327548076035,neutral,1.418233036994934,0.4131772518157959,0.9557046890258789
1403895327732555777,neutral,1.6855746507644653,0.37137290835380554,0.3793219327926636
1403895329695494145,neutral,3.504526376724243,1.4464167356491089,-0.8022863864898682
1403895331184680961,positive,1.4200658798217773,3.2597603797912598,-1.1357990503311157
1403895331390038020,negative,0.6906729936599731,0.406415730714798,1.6067790985107422
1403895332413472773,positive,1.544237732887268,2.2999370098114014,-0.21433666348457336
1403895332610752516,negative,1.264915108680725,-0.3722282946109772,1.4042577743530273
1403895333747183616,negative,0.4493913948535919,-0.8117662668228149,3.2401835918426514
1403895334468681728,neutral,1.8167301416397095,-0.7457255125045776,1.4744458198547363
1403895334519062528,positive,2.3379032611846924,2.525219678878784,-0.6998003721237183
1403895335576035334,neutral,1.5279085636138916,0.0021054819226264954,1.243825078010559
1403895335928303620,negative,1.7588087320327759,-1.141075611114502,2.5662834644317627
1403895337853636610,neutral,2.1832115650177,1.3436704874038696,-0.04675917327404022
1403895337971073024,positive,0.35249844193458557,4.8945183753967285,-0.9308986067771912
1403895339019558914,negative,0.7719219326972961,0.8060221076011658,1.4302821159362793
1403895339069935619,neutral,1.5154895782470703,-0.24994632601737976,1.0612280368804932
1403895339074138112,negative,1.1085838079452515,-0.4785763919353485,1.8819005489349365
1403895340051300355,positive,0.9543457627296448,3.6447322368621826,-0.6114577054977417
1403895340856578053,negative,0.5348553657531738,-0.8909215331077576,2.731860399246216
1403895340885893124,neutral,2.036546230316162,-0.29658564925193787,1.1426016092300415
1403895341741707266,neutral,1.385658860206604,0.19503796100616455,0.8319286704063416
1403895342576328707,neutral,1.4740996360778809,1.260519027709961,0.7127417922019958
1403895343314518016,negative,1.0851397514343262,-1.1744420528411865,2.6680052280426025
1403895344417574912,negative,1.1807526350021362,0.3350318968296051,1.55185866355896
1403895344430161927,neutral,2.8594815731048584,2.2066595554351807,-0.7483156323432922
1403895344442888196,neutral,1.6855747699737549,0.37137290835380554,0.3793219327926636
1403895346393141254,neutral,1.6855747699737549,0.37137290835380554,0.3793219327926636
1403895348934946817,neutral,2.2679004669189453,0.12122537195682526,0.40937578678131104
1403895350558068744,negative,1.3475593328475952,-0.7858156561851501,1.6864840984344482
1403895353250824192,positive,1.2369587421417236,2.9901881217956543,0.3085724115371704
1403895353699540995,negative,0.04332643747329712,0.16528905928134918,0.5933305025100708
1403895354576281601,neutral,2.23433256149292,0.5764690041542053,-0.08703846484422684
1403895354836275203,negative,0.7126153111457825,-0.6848371028900146,2.955022096633911
1403895355599622146,neutral,1.4592136144638062,0.5933533906936646,0.5130789875984192
1403895355972931585,neutral,2.0166804790496826,0.5732293128967285,0.8767762780189514
1403895357533163526,neutral,1.6150645017623901,1.310570478439331,-0.35279834270477295
1403895357612900363,positive,1.5631721019744873,2.329493999481201,-0.5145365595817566
1403895358825013252,neutral,2.1264126300811768,-0.8504927158355713,1.3406469821929932
1403895359840137221,negative,1.4628938436508179,-0.8605916500091553,2.191934585571289
1403895360230154242,negative,1.4838216304779053,-0.6801990270614624,1.7066067457199097
1403895360334950400,positive,0.5558700561523438,0.7608393430709839,0.6252766847610474
1403895360565788676,negative,1.0815403461456299,-0.34483155608177185,1.3768945932388306
1403895363929579520,neutral,1.6855747699737549,0.37137290835380554,0.3793219327926636
1403895366358114305,neutral,1.1008527278900146,0.6188685894012451,1.0939106941223145
1403895367108763648,neutral,2.0192737579345703,0.3379485011100769,0.4233989417552948
1403895368845303808,negative,1.1856528520584106,-0.7799403667449951,2.7697908878326416
1403895368887279617,neutral,2.14100980758667,0.2078637182712555,0.5670135021209717
1403895369344430082,neutral,1.4634320735931396,0.08986698091030121,1.3427047729492188
1403895369776472068,negative,1.8388811349868774,-1.0376384258270264,2.119652509689331
1403895373714841600,neutral,1.9629874229431152,-0.028691358864307404,1.4329012632369995
1403895374033588229,neutral,2.115506649017334,0.5576372742652893,0.06925210356712341
1403895374201380867,neutral,1.5413366556167603,-0.337189644575119,1.1169041395187378
1403895374704779266,negative,0.9653305411338806,-1.147680640220642,2.972097158432007
1403895374759170050,neutral,1.2321128845214844,0.5652435421943665,1.1665548086166382
1403895374964662272,negative,1.0304484367370605,-0.8581323027610779,2.982595682144165
1403895375010873347,negative,1.1900371313095093,-1.170117974281311,2.839707851409912
1403895375648407552,negative,1.001376986503601,-0.12062946707010269,1.6710126399993896
1403895375967133696,negative,1.2459187507629395,-0.5030747056007385,2.087157726287842
1403895376285945862,negative,1.3003050088882446,-0.6815449595451355,2.3763649463653564
1403895380153098241,neutral,1.6855747699737549,0.37137290835380554,0.3793219327926636
1403895380337577984,negative,1.4778536558151245,-0.8342931270599365,2.2221248149871826
1403895381134561282,neutral,1.9200304746627808,0.0010941624641418457,1.3634591102600098
1403895382258589696,neutral,2.5291738510131836,-0.666976809501648,1.169751524925232
1403895383147880450,positive,1.561890721321106,2.708466053009033,-0.8513192534446716
1403895383403728896,neutral,1.325539469718933,0.6619299054145813,-0.18883685767650604
1403895384942862341,neutral,1.2431011199951172,0.9765039682388306,0.6585962176322937
1403895385517703169,neutral,1.4214915037155151,0.3286350667476654,0.8487671613693237
1403895387430264836,negative,0.9691654443740845,-0.020886056125164032,1.0228198766708374
1403895388596228100,negative,1.4634137153625488,-0.8713613152503967,2.036235809326172
1403895389330149380,negative,1.2790405750274658,-0.7555551528930664,2.193323850631714
1403895389854613505,negative,1.1765358448028564,-0.9672479033470154,3.027524709701538
1403895391041560578,neutral,1.8453186750411987,-0.7528729438781738,1.447109580039978
1403895391934947330,negative,0.41143977642059326,0.8749189376831055,1.1784586906433105
1403895392199221255,neutral,2.1832115650177,1.3436704874038696,-0.04675917327404022
1403895392513806338,neutral,1.6855747699737549,0.37137290835380554,0.3793219327926636
1403895392689926148,positive,1.5585358142852783,1.6895848512649536,0.27024051547050476
1403895393184890882,neutral,2.183211326599121,1.3436707258224487,-0.046759188175201416
1403895394225037316,negative,1.193696141242981,-0.9423500895500183,2.4674038887023926
1403895396120793094,negative,0.6716793775558472,-1.0623693466186523,3.3046014308929443
1403895396410089476,neutral,1.7516059875488281,1.5427523851394653,0.2970397472381592
1403895396473217026,negative,0.40868353843688965,0.026137322187423706,0.4132198095321655
1403895396586254337,positive,1.2837189435958862,1.4928163290023804,0.1359255015850067
1403895396754026501,neutral,1.488990068435669,-0.3529689610004425,1.0612200498580933
1403895401313341445,negative,0.8643153309822083,-0.7631246447563171,2.408846855163574
1403895402030678024,negative,1.2071043252944946,-0.514818012714386,1.7887457609176636
1403895402294824965,positive,1.4386399984359741,3.1432547569274902,-0.2517556846141815
1403895403771092992,negative,0.919697642326355,0.5746384263038635,1.0613563060760498
1403895404907827212,neutral,1.7755779027938843,0.329256147146225,0.8683071136474609
1403895405147009028,negative,0.8882609605789185,-0.8304167985916138,3.760572671890259
1403895405922770944,neutral,0.7694358825683594,0.31084591150283813,0.7596154808998108
1403895406476464131,negative,0.5047277808189392,-0.8916999101638794,2.7843949794769287
1403895406598184971,neutral,4.071585655212402,1.7986459732055664,-1.1782723665237427
1403895407063797763,positive,0.9204663038253784,1.5496307611465454,0.501632809638977
1403895409077100544,positive,1.702548623085022,3.370798110961914,-0.6094344258308411
1403895409123201026,negative,1.1218390464782715,-0.6406538486480713,2.040431499481201
1403895409760636929,negative,1.3783894777297974,0.08099622279405594,1.7644766569137573
1403895410029039619,neutral,2.0042576789855957,0.6444494128227234,0.13729538023471832
1403895413166383106,neutral,2.1113874912261963,0.6213821768760681,-0.5065126419067383
1403895414873636864,negative,1.727341890335083,-0.7378231287002563,2.6880602836608887
1403895416618459138,neutral,2.0172033309936523,0.3887828588485718,-0.13407854735851288
1403895417490665472,neutral,2.2325077056884766,0.34351950883865356,0.4420478045940399
1403895417612480515,neutral,1.7974817752838135,-0.4848651587963104,1.3566383123397827
1403895420678328320,negative,0.45649638772010803,-0.8170602917671204,3.7533462047576904
1403895420703723526,neutral,2.0059313774108887,0.3710259199142456,0.7243044972419739
1403895420875640837,negative,1.361433506011963,0.04917512834072113,1.5213608741760254
1403895421550825473,negative,0.733533501625061,0.5212041735649109,1.345729947090149
1403895421777313794,neutral,1.442116141319275,0.4922911822795868,0.823427140712738
1403895422658125824,neutral,2.4546191692352295,0.0841745063662529,0.7535762786865234
1403895422884536320,positive,1.9316705465316772,2.1811797618865967,-0.5911884903907776
1403895423820079105,negative,0.12818709015846252,-0.3477060794830322,1.6610658168792725
1403895424633606146,neutral,1.9720606803894043,1.407927393913269,-0.15208780765533447
1403895424973295616,neutral,2.0083494186401367,0.1405409276485443,0.8636912703514099
1403895425258692617,neutral,1.2736282348632812,1.1877758502960205,0.6343029737472534
1403895425870950400,neutral,2.081670045852661,-0.048979975283145905,0.9269731044769287
1403895426588110849,negative,1.0712802410125732,0.09249444305896759,1.2535203695297241
1403895427066327040,positive,1.9316705465316772,2.1811797618865967,-0.5911884903907776
1403895427183742978,negative,0.9953334927558899,-0.8340550065040588,2.0425333976745605
1403895427401879554,neutral,2.0477800369262695,0.21745774149894714,0.6523973345756531
1403895427661910018,neutral,1.5725207328796387,0.7737025618553162,0.4523712992668152
1403895427674501127,neutral,2.4546191692352295,0.0841745063662529,0.7535762786865234
1403895428228124676,positive,1.3425536155700684,3.0069727897644043,-0.6373295187950134
1403895429893439494,neutral,1.5216636657714844,-0.7755700945854187,1.4235272407531738
1403895430002274309,positive,2.4178268909454346,2.9063663482666016,-0.6380785703659058
1403895430480494597,negative,1.264915108680725,-0.37222835421562195,1.4042580127716064
1403895431239659531,positive,1.8569762706756592,2.666571617126465,-0.49192243814468384
1403895431302680582,neutral,1.6855747699737549,0.37137290835380554,0.3793219327926636
1403895434041511938,neutral,1.6419240236282349,1.4662126302719116,0.45248866081237793
1403895434200879106,negative,1.1900371313095093,-1.170117974281311,2.839707851409912
1403895434687418370,neutral,1.6419240236282349,1.4662126302719116,0.45248866081237793
1403895436340084737,positive,1.9375348091125488,1.9748467206954956,-0.14260344207286835
1403895437443014658,positive,2.4946084022521973,4.154233455657959,-1.050273060798645
1403895438613237763,negative,1.3783894777297974,0.08099622279405594,1.7644766569137573
1403895438831456259,neutral,2.1976184844970703,1.396622896194458,-0.9061005711555481
1403895438915244034,neutral,1.8816508054733276,0.5778483748435974,0.5945457220077515
1403895439146033156,neutral,1.8356375694274902,1.3129997253417969,-0.2708694040775299
1403895439691223041,negative,0.1282355934381485,-0.46584102511405945,1.845832347869873
1403895440035168259,negative,0.17089557647705078,-0.5125150680541992,1.6234370470046997
1403895440735604739,negative,0.9091399312019348,-0.25595685839653015,1.8337440490722656
1403895441322696706,neutral,1.4843209981918335,0.7425756454467773,0.5757811069488525
1403895441553457158,negative,1.1331368684768677,-0.9184396862983704,2.416860580444336
1403895442237231105,positive,0.9383045434951782,2.8380160331726074,-0.5699394345283508
1403895442505490435,positive,1.4874556064605713,2.0579051971435547,0.40860074758529663
1403895442631430156,neutral,2.2849745750427246,0.9118245840072632,-0.533246636390686
1403895445219315715,positive,1.8646761178970337,1.9444365501403809,0.020454633980989456
1403895447861739523,negative,1.4040236473083496,-0.8634891510009766,1.9171342849731445
1403895448608428032,negative,1.1079574823379517,-1.0708292722702026,2.7416701316833496
1403895448738304013,negative,1.2250409126281738,-0.14073368906974792,2.2969460487365723
1403895449497522179,neutral,2.0558524131774902,0.915242075920105,0.47292762994766235
1403895450537631745,positive,1.9316705465316772,2.1811797618865967,-0.5911884903907776
1403895451611447298,negative,0.5357394218444824,-0.8926976323127747,3.471475839614868
1403895452257423361,neutral,1.430562973022461,0.090794637799263,1.0932543277740479
1403895452488015875,negative,1.4739185571670532,-0.5190452933311462,1.581870675086975
1403895452806885377,negative,0.6439996957778931,-1.210371971130371,3.6401169300079346
1403895452865503236,negative,1.0088454484939575,-1.1537836790084839,2.8206255435943604
1403895452978798596,negative,1.7273420095443726,-0.7378231287002563,2.6880602836608887
1403895453901459460,positive,1.1574010848999023,2.941836357116699,-0.6799517273902893
1403895454337617921,negative,1.4998515844345093,-0.2162179946899414,1.796736717224121
1403895454564339713,negative,0.8996098041534424,-0.8819257616996765,2.7370095252990723
1403895456103649280,negative,1.3193891048431396,-0.5073940753936768,1.6869429349899292
1403895456141357060,negative,1.1900370121002197,-1.170117974281311,2.839707851409912
1403895457001078789,neutral,3.530146598815918,1.6300079822540283,-1.0650413036346436
1403895457395453954,positive,0.1461290419101715,2.388695240020752,-0.3491666913032532
1403895457420656643,negative,0.8333290219306946,0.015736304223537445,1.8887042999267578
1403895457517027329,positive,0.6141634583473206,1.060982584953308,0.6552258729934692
1403895458058153985,negative,1.1008696556091309,-0.3832213580608368,1.827491044998169
1403895458280448000,negative,1.3475593328475952,-0.7858156561851501,1.6864840984344482
1403895458905440261,neutral,2.256470203399658,0.1437905728816986,0.6904779672622681
1403895459052244993,negative,0.4841359555721283,0.2713446319103241,2.31331729888916
1403895459383549955,neutral,1.9755210876464844,1.7059497833251953,0.4977560341358185
1403895459433762821,negative,1.1936962604522705,-0.9423500895500183,2.4674036502838135
1403895460180365315,neutral,2.4103333950042725,0.6378862857818604,-0.21864451467990875
1403895462688604164,neutral,1.577365517616272,-0.09895884245634079,1.4377232789993286
1403895462785073153,neutral,1.6855747699737549,0.37137290835380554,0.3793219327926636
1403895463590260737,neutral,1.5223093032836914,0.9030721783638,0.23517441749572754
1403895463657414657,neutral,1.4376507997512817,-0.011102765798568726,0.6893550753593445
1403895464156667904,neutral,1.8674923181533813,-0.6395780444145203,1.354227066040039
1403895464953581572,neutral,1.4046155214309692,-0.04290781170129776,1.2910295724868774
1403895465142276096,negative,1.354070782661438,-0.5078100562095642,1.5518447160720825
1403895465293324292,negative,0.5568196773529053,0.32822760939598083,2.6923608779907227
1403895466006306817,positive,1.9875613451004028,3.321629047393799,-0.7666159272193909
1403895466400661512,neutral,2.253488302230835,0.7938817739486694,0.2846372723579407
1403895466635403268,positive,0.8097522258758545,1.2995209693908691,0.10947393625974655
1403895467046436865,neutral,1.9539003372192383,0.4643844664096832,0.3985483646392822
1403895467528835083,neutral,1.5249005556106567,0.2971142828464508,1.3504058122634888
1403895467583303680,neutral,1.6855747699737549,0.37137290835380554,0.3793219327926636
1403895467654750209,neutral,1.3306505680084229,1.305420994758606,0.37367919087409973
1403895468137095171,neutral,1.6081510782241821,0.9180412292480469,-0.7905750274658203
1403895468195725314,negative,0.7838588953018188,-0.8143433928489685,2.5138864517211914
1403895468275372041,negative,1.2705180644989014,-0.9396479725837708,2.6573545932769775
1403895468443148292,negative,0.8996098041534424,-0.8819257616996765,2.7370095252990723
1403895470393466887,neutral,1.5759462118148804,0.7844278812408447,0.4361090660095215
1403895471198806023,positive,1.3425536155700684,3.0069727897644043,-0.6373295187950134
1403895471563804672,neutral,1.1428048610687256,0.8814043402671814,-0.5538197159767151
1403895474239721481,negative,1.3928468227386475,-0.6284523606300354,2.3381669521331787
1403895474524938244,neutral,1.34099543094635,-0.01970069855451584,1.033163070678711
1403895475057709057,neutral,1.255045771598816,0.5369650721549988,1.0599228143692017
1403895476206718978,neutral,1.418233036994934,0.4131772518157959,0.9557046890258789
1403895476492156928,neutral,0.9640096426010132,0.63738614320755,-0.08075122535228729
1403895477184057344,negative,0.9006252884864807,-0.11371733993291855,1.4474172592163086
1403895478031421441,negative,0.2820933759212494,-0.5127538442611694,2.83809232711792
1403895478870110211,neutral,1.6744530200958252,1.0578564405441284,-0.5735111236572266
1403895479784574977,neutral,2.39359188079834,0.5680721998214722,-0.26723188161849976
1403895480338112514,positive,0.9262616634368896,1.5303698778152466,0.11609254777431488
1403895480560488448,neutral,2.350821018218994,0.558373212814331,0.43335771560668945
1403895481151918084,neutral,4.437391757965088,2.8316397666931152,-1.6414768695831299
1403895481432829955,neutral,1.3359872102737427,0.23930135369300842,1.045243501663208
1403895482494205955,neutral,1.6156479120254517,1.003430962562561,0.961084246635437
1403895482565369856,neutral,2.4632728099823,0.028515350073575974,0.27325618267059326
1403895483286704129,neutral,1.2135170698165894,0.970440149307251,0.15914525091648102
1403895483496550400,neutral,1.975982427597046,1.7698922157287598,-0.6961193084716797
1403895483836375047,neutral,1.6855747699737549,0.37137290835380554,0.3793219327926636
1403895483865702401,negative,1.4040236473083496,-0.8634891510009766,1.9171342849731445
1403895485014835201,negative,1.1807670593261719,-1.185320258140564,2.961667776107788
1403895485677592577,negative,1.0406744480133057,0.02204001694917679,1.062070369720459
1403895485778202633,neutral,2.350821018218994,0.558373212814331,0.43335771560668945
1403895486021476357,negative,1.3783894777297974,0.08099622279405594,1.7644766569137573
1403895486428352513,negative,1.1353546380996704,-0.2905583381652832,1.2604364156723022
1403895487061651461,neutral,1.172153353691101,0.54208904504776,0.9065852761268616
1403895489016258561,neutral,1.8013135194778442,1.331539273262024,0.19535262882709503
1403895491079909382,neutral,1.9354968070983887,1.044124722480774,-0.9340773820877075
1403895492472295426,positive,1.213778018951416,1.5583857297897339,-0.11843550950288773
1403895492858191877,neutral,3.0158512592315674,1.1948474645614624,-0.35367727279663086
1403895494473027585,neutral,1.6855747699737549,0.37137290835380554,0.3793219327926636
1403895494695284738,neutral,2.928713798522949,2.3617849349975586,-0.7411000728607178
1403895495274254337,neutral,1.838942050933838,-0.5015720725059509,1.0028002262115479
1403895495379013632,negative,1.2865707874298096,-0.3821783661842346,1.9556958675384521
1403895495605510146,negative,1.4112135171890259,-0.45974335074424744,1.5471112728118896
1403895496930910208,neutral,0.649888277053833,0.5125079154968262,0.4056645333766937
1403895497190895618,neutral,2.070692777633667,-0.15237155556678772,1.271908164024353
1403895498382221316,neutral,1.430562973022461,0.0907946303486824,1.0932543277740479
1403895499694821376,negative,1.2352169752120972,-0.3535497486591339,1.4710962772369385
1403895500156383233,neutral,1.6023967266082764,0.1907411813735962,0.959880530834198
1403895501242744834,negative,0.7838588953018188,-0.8143433928489685,2.5138864517211914
1403895501456564229,positive,1.5669618844985962,2.871101140975952,0.17959502339363098
1403895501465042944,negative,1.382282018661499,-0.15834683179855347,1.5593022108078003
1403895501708222466,neutral,1.8709139823913574,0.7854757905006409,0.30547598004341125
1403895502073171977,negative,1.1538069248199463,-0.9982168078422546,2.6636176109313965
1403895502102577155,neutral,1.8455833196640015,0.2756877541542053,-0.149636372923851
1403895503079706627,neutral,1.4783039093017578,-0.06829572468996048,1.253905177116394
1403895504749187076,neutral,1.8979331254959106,0.9010273218154907,0.3939720094203949
1403895504921010180,positive,0.43804535269737244,1.7904605865478516,0.18414653837680817
1403895507378864132,neutral,1.9200304746627808,0.0010941624641418457,1.3634591102600098
1403895509211701253,positive,1.497738003730774,2.547320604324341,-0.5964191555976868
1403895509425606661,neutral,1.4427030086517334,1.2174649238586426,-0.04034101963043213
1403895511489331206,positive,1.14586341381073,1.7892416715621948,-0.2402270883321762
1403895511661236231,positive,2.4493417739868164,3.1875128746032715,-0.8624498844146729
1403895512281993217,neutral,1.2879942655563354,0.6079393625259399,0.7769249081611633
1403895512302981123,negative,0.5130135416984558,-0.6084192395210266,2.731734275817871
1403895512579776512,negative,1.264915108680725,-0.37222835421562195,1.4042580127716064
1403895513251028992,positive,0.6042203307151794,2.9190309047698975,0.039882831275463104
1403895514232393731,negative,0.91299968957901,-0.15349465608596802,2.1533520221710205
1403895514861608965,neutral,2.6773452758789062,0.22431206703186035,0.04075784981250763
1403895515733921794,negative,1.4002784490585327,-0.7012196183204651,2.242948293685913
1403895516740587523,neutral,1.6855747699737549,0.37137290835380554,0.3793219327926636
1403895517394849796,neutral,2.371964454650879,1.5887336730957031,-0.29881736636161804
1403895517537615872,neutral,1.5725492238998413,-0.5711679458618164,1.4227865934371948
1403895517847883783,neutral,1.307384967803955,1.2859925031661987,0.1839376986026764
1403895518741233665,positive,1.8832919597625732,3.138092517852783,-0.5668795108795166
1403895518888083457,neutral,0.7636217474937439,0.49377569556236267,0.2429913431406021
1403895519093542914,positive,2.942852735519409,3.7804622650146484,-1.4409942626953125
1403895519974367234,negative,0.2080259472131729,0.35673001408576965,1.4031933546066284
1403895520347705355,neutral,2.2072882652282715,-0.19121357798576355,0.8425941467285156
1403895520406519812,negative,1.180408000946045,-0.825284481048584,1.8843594789505005
1403895520607752195,neutral,1.2400773763656616,0.8503364324569702,0.11373041570186615
1403895521656250371,neutral,1.914020299911499,0.15274012088775635,0.7048842310905457
1403895522495184902,neutral,1.6156479120254517,1.003430962562561,0.961084246635437
1403895522906181634,positive,1.230778694152832,1.2313756942749023,0.14211373031139374
1403895523094847494,neutral,2.625655174255371,0.9612332582473755,-0.14527107775211334
1403895524877553666,negative,0.8643153309822083,-0.7631246447563171,2.408846855163574
1403895524898508801,neutral,1.64481520652771,-0.01303069293498993,0.8910033702850342
1403895525020033026,neutral,3.640317678451538,1.5829517841339111,-0.9354137778282166
1403895525510950915,neutral,1.9598217010498047,0.27108529210090637,-0.33002206683158875
1403895525544382464,positive,1.6254298686981201,3.6489031314849854,-0.42662954330444336
1403895526161014793,neutral,2.480668783187866,-0.4944819509983063,0.6341342926025391
1403895526446227462,negative,1.0987460613250732,-0.5824768543243408,2.1527531147003174
1403895527649984512,positive,1.7633543014526367,2.4129891395568848,-0.7638135552406311
1403895527838679041,neutral,1.4783037900924683,-0.06829573959112167,1.253905177116394
1403895529545760772,neutral,1.2885048389434814,0.4984723925590515,0.12033109366893768
1403895530162331648,neutral,1.2433898448944092,-0.09098684042692184,0.8418235182762146
1403895531714322433,negative,1.4835381507873535,0.5047314167022705,1.503318190574646
1403895532083417088,neutral,2.623182773590088,1.22749662399292,-0.7078697681427002
1403895532129427456,neutral,1.9663788080215454,0.12414899468421936,1.12796151638031
1403895532393680900,negative,1.6118311882019043,-1.0667005777359009,2.3616344928741455
1403895533173981190,positive,0.676298201084137,0.7595388889312744,-0.26173073053359985
1403895533412831232,positive,1.2751078605651855,1.4219366312026978,-0.018579328432679176
1403895534062948358,positive,0.559447169303894,1.4211746454238892,0.08797715604305267
1403895534067142661,negative,0.675290048122406,-0.6771935820579529,1.8813354969024658
1403895534411153409,negative,0.675290048122406,-0.6771935820579529,1.8813354969024658
1403895534608285699,negative,1.3268706798553467,-0.9486227631568909,2.45597767829895
1403895534771970049,negative,1.26604425907135,-0.40389952063560486,1.3657991886138916
1403895535921139718,neutral,1.615647792816162,1.0034308433532715,0.9610841870307922
1403895537007427584,neutral,1.6484489440917969,0.2624598443508148,0.2724219262599945
1403895537309339651,positive,1.2107659578323364,1.7983105182647705,0.37325549125671387
1403895537842016258,negative,0.675290048122406,-0.6771935820579529,1.8813354969024658
1403895538014031877,positive,1.0424588918685913,1.305487871170044,0.534334123134613
1403895539075325952,negative,0.7404458522796631,-0.46525511145591736,1.7993351221084595
1403895539108876291,negative,0.9983009099960327,-0.4470609724521637,2.2801923751831055
1403895539247292419,neutral,2.1617162227630615,-1.0657998323440552,2.0157408714294434
1403895540161581056,positive,0.8501688838005066,1.4134330749511719,0.5464262962341309
1403895540715114500,negative,1.2612377405166626,-0.9485179781913757,2.6626689434051514
1403895542929887232,negative,0.9050090312957764,-0.3503535985946655,1.9518944025039673
1403895543189753856,negative,1.7097488641738892,-0.9380195736885071,2.5396993160247803
1403895544125300737,negative,0.8253707885742188,-0.4388037621974945,1.967422604560852
1403895545559662593,neutral,1.6895381212234497,-0.28584784269332886,1.4530751705169678
1403895545631068161,negative,0.45649638772010803,-0.8170602917671204,3.7533462047576904
1403895545903583233,negative,0.6659908294677734,-0.08037174493074417,1.7497198581695557
1403895546885001225,neutral,1.3290140628814697,1.2722220420837402,0.6927074790000916
1403895547501547522,positive,1.9316704273223877,2.1811797618865967,-0.5911885499954224
1403895548650741763,neutral,2.655491352081299,1.447501540184021,-0.32586488127708435
1403895549041037314,positive,1.091434359550476,2.1276042461395264,-0.11583680659532547
1403895550580191240,negative,1.531246542930603,-0.7370019555091858,1.630588173866272
1403895550966222849,neutral,2.2248263359069824,-0.9808604121208191,1.826280951499939
1403895551222034432,neutral,2.5681679248809814,2.1084933280944824,-0.3106136620044708
1403895552140402690,neutral,2.1264126300811768,-0.8504927158355713,1.3406469821929932
1403895553591676934,negative,1.1142991781234741,-0.48032209277153015,2.368809938430786
1403895553633652736,negative,1.3783894777297974,0.08099622279405594,1.7644766569137573
1403895554653011974,neutral,3.049894332885742,1.0320206880569458,-0.6442585587501526
1403895556523450368,positive,2.988564968109131,3.637575387954712,-1.066109538078308
1403895558654226439,positive,2.88254976272583,3.481579542160034,-0.9165805578231812
1403895558662541313,neutral,2.1185333728790283,0.45520296692848206,0.4001479148864746
1403895559400747010,negative,1.0570768117904663,-0.000577978789806366,1.2942793369293213
1403895559434428417,neutral,1.6855747699737549,0.37137290835380554,0.3793219327926636
1403895562164969474,neutral,1.6484489440917969,0.2624598443508148,0.2724219262599945
1403895563133857793,negative,1.4163103103637695,-0.6049216985702515,1.7755368947982788
1403895563893018624,negative,1.403266191482544,0.3275008499622345,1.4895527362823486
1403895566157828096,neutral,1.0331666469573975,0.963120698928833,0.6711844801902771
1403895566187122694,neutral,1.7974337339401245,0.2214483916759491,1.246658205986023
1403895567969710080,negative,1.358504295349121,-0.057093165814876556,1.64202880859375
1403895569345548288,neutral,3.3991150856018066,2.0016045570373535,-0.41218554973602295
1403895569349636100,positive,1.6564054489135742,3.0647435188293457,-0.41439399123191833
1403895569886629889,neutral,1.4322682619094849,0.10051845014095306,0.5333303213119507
1403895570301788160,negative,1.3484359979629517,-0.2994023859500885,1.7680084705352783
1403895570561912832,negative,1.1900371313095093,-1.170117974281311,2.839707851409912
1403895571392319492,neutral,1.719029426574707,0.3016171157360077,1.5750664472579956
1403895571455246341,positive,0.8529334664344788,1.2892200946807861,0.08430267125368118
1403895574383017988,neutral,1.8461682796478271,1.2585500478744507,-0.2057088017463684
1403895574479392769,neutral,1.4745949506759644,-0.01983531564474106,0.9518554210662842
1403895575561469954,positive,1.7747060060501099,3.4235785007476807,-0.5406715273857117
1403895575725019136,neutral,1.9403049945831299,-0.6860625743865967,0.965177595615387
1403895576782114816,negative,1.3328378200531006,-1.1997720003128052,3.0109009742736816
1403895577708924931,negative,1.0233803987503052,-0.9868220686912537,2.5089213848114014
1403895578401120259,positive,0.8640181422233582,1.1213823556900024,0.7680953145027161
1403895578518462464,negative,0.24328231811523438,0.22580301761627197,1.040313482284546
1403895578728165378,positive,1.9453030824661255,2.2847352027893066,-0.004969542846083641
1403895578942189572,positive,1.4401143789291382,1.7713420391082764,-0.06503984332084656
1403895579034492931,neutral,1.7214484214782715,1.5464037656784058,-0.27014416456222534
1403895579810349056,neutral,1.4592136144638062,0.5933533906936646,0.5130789875984192
1403895580837826568,positive,1.2186373472213745,1.3102431297302246,0.23033414781093597
1403895580997292035,positive,1.5873444080352783,1.6542056798934937,0.41906455159187317
1403895581848842246,neutral,1.6855746507644653,0.37137287855148315,0.37932199239730835
1403895581894868993,negative,1.3134132623672485,-0.5762357115745544,1.6616076231002808
1403895582633172997,positive,1.8973371982574463,5.398434162139893,-1.1971944570541382
1403895583220240386,neutral,1.5426079034805298,0.5317460298538208,0.2307034283876419
1403895584386207748,neutral,1.4828234910964966,0.8666114211082458,-0.2918665111064911
1403895584545656834,positive,0.5494984984397888,1.3073797225952148,0.7572654485702515
1403895584809914369,neutral,2.3061580657958984,0.5227155089378357,0.32168158888816833
1403895586118533121,negative,1.0406744480133057,0.022040024399757385,1.062070369720459
1403895586135298053,neutral,1.6415064334869385,0.016358040273189545,1.4735536575317383
1403895586282115072,neutral,1.226473331451416,1.2208912372589111,0.26199015974998474
1403895586365968386,negative,0.8647672533988953,-0.22335240244865417,1.6324489116668701
1403895587758510084,negative,1.3720548152923584,-0.5092560052871704,1.8246431350708008
1403895588408762373,neutral,2.2588508129119873,1.693688988685608,0.12389646470546722
1403895589541195776,positive,1.8598068952560425,1.9317890405654907,0.04260721802711487
1403895590338113540,neutral,1.195915699005127,0.9595506191253662,0.4451129734516144
1403895591478960134,positive,0.3441164195537567,4.595118999481201,-0.9523112177848816
1403895591520772099,neutral,1.5759462118148804,0.7844278812408447,0.4361090660095215
1403895592682545160,positive,0.9859546422958374,2.126197099685669,-0.4915977716445923
1403895592716177409,neutral,3.049894332885742,1.0320206880569458,-0.6442585587501526
1403895593680871425,negative,1.0396032333374023,0.10829411447048187,1.509763240814209
1403895597157994496,negative,1.2624120712280273,-0.7887863516807556,1.801801323890686
1403895597468291072,neutral,1.3158303499221802,0.9797750115394592,0.3367178738117218
1403895597749268480,neutral,1.7373532056808472,-0.017367392778396606,1.4273333549499512
1403895599594758144,neutral,1.3293884992599487,-0.11280880123376846,-0.3337056040763855
1403895600261763076,negative,0.895301103591919,-0.3639582395553589,2.021580457687378
1403895601176014849,negative,0.9121854305267334,-0.4729311764240265,1.6384100914001465
1403895601603907593,negative,1.1331368684768677,-0.9184396862983704,2.416860580444336
1403895601750630404,negative,1.4443742036819458,-0.8116593956947327,2.234985589981079
1403895603126489089,positive,1.9875614643096924,3.321629285812378,-0.76661616563797
1403895604317769729,negative,0.8084228038787842,0.47318610548973083,0.9908561706542969
1403895606393835521,neutral,1.3866245746612549,0.6210705637931824,0.9740453958511353
1403895609027743744,neutral,0.23260751366615295,0.1763904094696045,0.14018520712852478
1403895609929596928,positive,0.24194462597370148,0.9218271970748901,0.6420595049858093
1403895610877517825,negative,1.3028247356414795,-0.8833779096603394,2.236868143081665
1403895610932006914,negative,1.249825358390808,-1.197953701019287,3.11466646194458
1403895611473203204,neutral,2.4928524494171143,0.7081647515296936,-0.052182309329509735
1403895612488232967,negative,0.20042680203914642,0.8417001962661743,0.9324084520339966
1403895614400864257,neutral,2.1712608337402344,1.213106632232666,-0.22361095249652863
1403895614581075976,neutral,2.0169677734375,0.7791101932525635,0.182347372174263
1403895614958678017,negative,1.264915108680725,-0.37222835421562195,1.4042580127716064
1403895614962909186,negative,0.9320072531700134,-1.091281771659851,3.178797721862793
1403895616539869184,negative,1.251084566116333,-0.6692696213722229,1.728593349456787
1403895617441525764,negative,0.9416413903236389,-0.4880690276622772,1.118820309638977
1403895618532167684,neutral,1.1148133277893066,0.3273288607597351,0.9944329857826233
1403895618855071747,neutral,1.843629240989685,0.47162139415740967,0.23730310797691345
1403895618859257860,neutral,2.8618414402008057,2.307680368423462,-0.6848840117454529
1403895619970813955,negative,0.7312292456626892,-0.7271646857261658,1.9522074460983276
1403895621996531715,neutral,1.4593305587768555,-0.12495604902505875,1.035743236541748
1403895622608986114,positive,1.213778018951416,1.5583857297897339,-0.11843550950288773
1403895623049486336,neutral,1.1949717998504639,-0.1999828815460205,0.8508010506629944
1403895625435942914,negative,1.480700135231018,-0.14427372813224792,1.5824941396713257
1403895625918320646,neutral,1.4421322345733643,-0.4015662670135498,1.0286706686019897
1403895626040020996,positive,2.8017873764038086,3.4695630073547363,-1.3606218099594116
1403895626199232513,neutral,1.8833295106887817,0.44668930768966675,0.6520535349845886
1403895626853543940,neutral,2.1832115650177,1.3436704874038696,-0.04675913602113724
1403895628988567552,negative,0.5694923400878906,0.05493171885609627,1.682134747505188
1403895630020243456,negative,1.0548557043075562,-1.3302161693572998,4.144258499145508
1403895633979723776,positive,1.5002325773239136,3.232332944869995,-0.7869730591773987
1403895634491543555,negative,1.7538214921951294,-0.7471761703491211,1.915887713432312
1403895634592251904,positive,2.7222774028778076,4.764294147491455,-1.69106924533844
1403895635984666628,negative,1.6007444858551025,-1.2062618732452393,3.0223493576049805
1403895636362108931,negative,1.5462321043014526,-0.9039552807807922,1.93699049949646
1403895636886388736,negative,0.27569565176963806,-0.3002875745296478,2.5338847637176514
1403895637553319940,negative,0.7862446308135986,0.280953973531723,0.8758994936943054
1403895637956038657,neutral,1.6855745315551758,0.37137290835380554,0.37932199239730835
1403895638996131840,negative,0.9953487515449524,0.43949705362319946,1.3194632530212402
1403895640460046339,neutral,2.592906951904297,0.5050169229507446,0.2392195612192154
1403895641605120005,neutral,1.6855747699737549,0.37137290835380554,0.3793219327926636
1403895641869275138,negative,1.286249041557312,-0.6364784836769104,1.9506028890609741
1403895641953107972,negative,1.3112260103225708,-1.0364339351654053,2.4019508361816406
1403895643089817601,neutral,2.9109089374542236,0.9440732598304749,-0.6063929200172424
1403895643257462790,negative,0.3594001531600952,0.8896295428276062,1.3814295530319214
1403895643484000257,neutral,1.3306505680084229,1.305420994758606,0.37367919087409973
1403895643899236355,negative,1.2987169027328491,-0.5234191417694092,1.5412319898605347
1403895644062846976,positive,2.1794886589050293,4.245796203613281,-1.267100214958191
1403895644318691333,negative,1.3783894777297974,0.08099622279405594,1.7644766569137573
1403895645350596609,neutral,1.6550211906433105,0.15934890508651733,0.9476357698440552
1403895645652537344,neutral,1.184403419494629,0.2525002360343933,1.1402939558029175
1403895646227025922,neutral,1.2623374462127686,-0.3013160824775696,1.1226915121078491
1403895646357123072,neutral,2.2654330730438232,0.42599722743034363,0.42202475666999817
1403895646625533955,negative,1.437774658203125,-0.8956691026687622,2.6692068576812744
1403895646776705024,neutral,1.4238412380218506,0.6186821460723877,0.7396944761276245
1403895647380508674,negative,1.0064740180969238,-0.4200708568096161,1.1769764423370361
1403895647820988426,negative,1.0641462802886963,-0.032202281057834625,1.178015112876892
1403895648072527873,positive,1.8216931819915771,3.570066213607788,-0.9643322825431824
1403895649599361028,positive,0.8254127502441406,1.3876341581344604,0.41634026169776917
1403895649695932420,neutral,1.6855747699737549,0.37137290835380554,0.3793219327926636
1403895651730067462,neutral,1.2400773763656616,0.8503363132476807,0.11373042315244675
1403895653118492672,negative,1.478188157081604,-0.783881425857544,2.519235849380493
1403895653676236800,neutral,1.481247901916504,1.108809471130371,-0.1793231964111328
1403895653885902856,neutral,1.6855747699737549,0.37137290835380554,0.3793219327926636
1403895655978786821,negative,1.2322144508361816,-1.000233769416809,2.143556833267212
1403895656486379522,neutral,2.23433256149292,0.5764690041542053,-0.08703846484422684
1403895657509920771,neutral,2.121171236038208,1.3271385431289673,0.050356168299913406
1403895658931757057,neutral,1.2155061960220337,1.1960210800170898,0.7418496608734131
1403895659221053440,neutral,2.070899486541748,1.1928271055221558,-0.04349534958600998
1403895659355381760,neutral,2.036546230316162,-0.29658564925193787,1.1426016092300415
1403895659904765952,neutral,2.8217248916625977,0.025734826922416687,0.5355104804039001
1403895660273876998,neutral,1.4221190214157104,0.41753825545310974,0.605271577835083
1403895662056394762,negative,1.2863394021987915,-0.5968689322471619,2.01920223236084
1403895662614388739,negative,0.881697952747345,-0.819560170173645,2.4383010864257812
1403895662819700739,negative,1.3328378200531006,-1.1997720003128052,3.0109009742736816
1403895662878416898,negative,1.3328379392623901,-1.1997718811035156,3.0109009742736816
1403895663495057409,neutral,1.9594651460647583,0.43342116475105286,0.6075519323348999
1403895663558078465,negative,0.6025723218917847,0.8783922791481018,2.3935697078704834
1403895664493228036,neutral,2.299001455307007,0.8223357796669006,-0.2078542560338974
1403895665462333441,neutral,1.6550211906433105,0.15934890508651733,0.9476357698440552
1403895665776730116,negative,1.2725119590759277,-1.2042893171310425,3.3419554233551025
1403895666900828161,negative,1.2987169027328491,-0.5234191417694092,1.5412319898605347
1403895667219701767,neutral,0.9035415053367615,0.07784613966941833,0.7182262539863586
1403895669371203586,neutral,2.539523124694824,2.3230550289154053,-0.757904052734375
1403895669404884997,negative,1.2151848077774048,0.15741777420043945,1.3550881147384644
1403895671162294279,neutral,2.23433256149292,0.5764690041542053,-0.08703846484422684
1403895671707426818,neutral,1.5426079034805298,0.5317460298538208,0.2307034283876419
1403895672332505089,positive,0.6646570563316345,2.0024614334106445,-0.1270621120929718
1403895673913708547,positive,0.3504848778247833,5.002298831939697,-0.0008410029113292694
1403895674924589059,negative,1.0032292604446411,0.2192060947418213,1.068867802619934
1403895675717230592,neutral,2.2396583557128906,1.320979356765747,0.08584938943386078
1403895676933652481,neutral,2.1617162227630615,-1.0657997131347656,2.0157408714294434
1403895677038456840,positive,0.16313090920448303,2.287091016769409,-0.31292715668678284
1403895677445234695,neutral,2.226466417312622,-0.3693852126598358,0.6371040940284729
1403895678301057027,neutral,1.6419240236282349,1.4662126302719116,0.45248866081237793
1403895679106252803,positive,0.921532392501831,4.120715141296387,-1.0355769395828247
1403895680016420866,negative,1.022334098815918,-0.5903393030166626,2.1578962802886963
1403895680846897158,neutral,1.2052630186080933,0.8534553050994873,0.6124579310417175
1403895681278959616,neutral,1.3385268449783325,1.0239089727401733,1.0890276432037354
1403895681434079236,positive,2.5076749324798584,3.5688130855560303,-1.0837467908859253
1403895681467703296,negative,0.4044642746448517,-0.8795046806335449,3.764320135116577
1403895681698484229,neutral,1.299130916595459,0.12164680659770966,1.2396018505096436
1403895682268897287,positive,1.0659173727035522,1.7168433666229248,-0.2542877495288849
1403895682398892033,neutral,1.1147252321243286,-0.2852100431919098,0.6453195214271545
1403895682885468163,negative,1.4040236473083496,-0.8634891510009766,1.9171342849731445
1403895683057262594,negative,0.7818054556846619,-0.8582741618156433,3.1322154998779297
1403895685053812742,neutral,1.3178415298461914,0.5358530879020691,0.8889160752296448
1403895685674582018,positive,0.6950037479400635,1.2395174503326416,1.1734209060668945
1403895687184404480,neutral,1.6404787302017212,1.5979149341583252,-0.046795375645160675
1403895689185153025,neutral,2.1067113876342773,0.1262771040201187,0.8684613704681396
1403895690988642306,negative,1.4985568523406982,-0.5611709952354431,1.508207082748413
1403895692586745860,negative,1.3783894777297974,0.08099622279405594,1.7644766569137573
1403895694247620612,negative,0.5866277813911438,0.39078253507614136,1.0822432041168213
1403895694679707648,negative,1.1209983825683594,-0.3720259368419647,1.8854824304580688
1403895694893723652,negative,0.5459046363830566,-0.6448727250099182,2.8676445484161377
1403895695971524610,negative,1.5987348556518555,-0.7644699215888977,1.8805994987487793
1403895696080531458,neutral,2.0917398929595947,0.8961096405982971,0.41904547810554504
1403895696089128961,neutral,2.568883180618286,1.129800796508789,-0.2209995836019516
1403895697188048900,neutral,1.6238861083984375,1.0493818521499634,-0.0217879768460989
1403895698345627654,neutral,1.6550211906433105,0.15934890508651733,0.9476357698440552
1403895699247337472,negative,0.7323041558265686,-1.3676931858062744,4.239696502685547
1403895699591340034,positive,2.162191152572632,4.225487232208252,-1.164718747138977
1403895700539076609,neutral,1.5067555904388428,0.7582562565803528,0.5623143315315247
1403895701013090307,neutral,1.8670666217803955,1.095130205154419,-0.3099045753479004
1403895701122293762,neutral,1.3982690572738647,1.0654010772705078,0.9052948355674744
1403895702283976705,neutral,1.418232798576355,0.4131772220134735,0.9557046294212341
1403895702590148614,negative,1.3134132623672485,-0.5762357115745544,1.6616076231002808
1403895702649020417,neutral,1.6855747699737549,0.37137290835380554,0.3793219327926636
1403895703018033157,negative,0.754974365234375,-0.6547234058380127,2.895930528640747
1403895704695812098,neutral,1.7323914766311646,0.1615239977836609,0.7397105097770691
1403895708621606917,neutral,1.1093418598175049,0.6602680683135986,0.8770453333854675
1403895708818710536,neutral,1.409034252166748,-0.26521536707878113,1.23891282081604
1403895709976469504,negative,0.8207014799118042,-1.466260313987732,4.177610874176025
1403895710861475840,negative,1.173508882522583,-0.30026495456695557,2.0406899452209473
1403895710928576512,neutral,2.5489606857299805,0.8807225823402405,-0.3290540277957916
1403895712237117441,negative,0.4049392640590668,-0.9201568961143494,3.1636369228363037
1403895713260457984,neutral,1.3257031440734863,-0.07838863879442215,1.2883554697036743
1403895713671434241,neutral,2.1360630989074707,0.2133331000804901,0.6716040968894958
1403895714334134272,neutral,1.991181492805481,-0.041164763271808624,0.48977401852607727
1403895714388738050,negative,0.617881178855896,-0.636012077331543,2.9927210807800293
1403895714631995392,neutral,1.9674937725067139,-0.010457038879394531,0.7595891356468201
1403895714967654404,neutral,2.073040246963501,1.7351157665252686,0.36476799845695496
1403895715126943744,negative,1.3328379392623901,-1.1997720003128052,3.0109009742736816
1403895715479244804,neutral,1.9869623184204102,-0.7684707045555115,1.1093237400054932
1403895718037753860,negative,1.3328378200531006,-1.1997720003128052,3.0109009742736816
1403895718037831680,negative,0.3235328197479248,-0.4682975113391876,1.8793293237686157
1403895719057108993,negative,1.1634629964828491,0.45802631974220276,1.4192317724227905
1403895719296212994,negative,1.0988132953643799,-0.537801206111908,1.4662449359893799
1403895719757369345,neutral,1.6855744123458862,0.371372789144516,0.37932202219963074
1403895719950532613,negative,0.7357579469680786,-0.9694196581840515,3.3397209644317627
1403895722387202048,neutral,3.581801652908325,1.8964227437973022,-1.0241737365722656
1403895722726940673,negative,1.3134132623672485,-0.5762357115745544,1.6616076231002808
1403895725147267074,negative,1.264915108680725,-0.37222835421562195,1.4042580127716064
1403895728494288899,negative,0.5409561395645142,-1.2139711380004883,3.8252415657043457
1403895728599089157,negative,1.4746439456939697,0.13365432620048523,1.5539671182632446
1403895729207271434,negative,0.7811836004257202,0.07277343422174454,1.6686760187149048
1403895729651740677,neutral,1.5867897272109985,0.7771180272102356,0.43845832347869873
1403895730453061637,neutral,1.6855745315551758,0.37137287855148315,0.37932199239730835
1403895731161862148,neutral,1.6855747699737549,0.37137290835380554,0.3793219327926636
1403895731275157505,negative,0.8918943405151367,-0.3503496050834656,2.3858282566070557
1403895734815137795,positive,0.7737271189689636,4.60181188583374,-1.219170093536377
1403895735335067649,positive,1.3253024816513062,2.0957419872283936,-0.032732218503952026
1403895735343403009,negative,1.274119257926941,-0.402880996465683,1.6931538581848145
1403895736199266307,positive,1.0506113767623901,1.142390489578247,0.4859381914138794
1403895737197473796,negative,1.0792465209960938,-0.2289455235004425,1.2408416271209717
1403895740133433350,negative,1.4248393774032593,-1.1061763763427734,2.7667062282562256
1403895741576318977,negative,0.5409560799598694,-1.2139711380004883,3.8252415657043457
1403895744424296453,negative,0.9865192174911499,-0.6738227009773254,1.6946030855178833
1403895745132908548,negative,0.8643153309822083,-0.7631246447563171,2.408846855163574
1403895746592714755,negative,1.6031999588012695,-0.7752611637115479,1.6084586381912231
1403895746621935618,negative,1.577073574066162,-0.900102436542511,2.19911789894104
1403895746949042180,neutral,1.5682474374771118,-0.6887533664703369,1.4055372476577759
1403895747133808648,neutral,0.9158628582954407,0.030994225293397903,0.7509794235229492
1403895747553107969,neutral,3.640317678451538,1.5829517841339111,-0.9354137778282166
1403895748215857152,neutral,2.331934928894043,0.17504625022411346,0.4106050431728363
1403895748975120388,neutral,1.197285532951355,0.23835933208465576,0.37437549233436584
1403895748979314689,negative,0.7838588953018188,-0.8143433928489685,2.5138864517211914
1403895749096579072,negative,0.5024330615997314,0.22841551899909973,1.0647333860397339
1403895749453172739,neutral,1.2997181415557861,0.004962235689163208,1.2968924045562744
1403895751273418756,neutral,1.8453186750411987,-0.7528729438781738,1.447109580039978
1403895751680348160,neutral,2.644895315170288,1.4644911289215088,-0.3970116972923279
1403895751948730371,negative,1.5668936967849731,-0.4401840269565582,1.979449987411499
1403895752435240965,neutral,1.9629874229431152,-0.028691358864307404,1.4329012632369995
1403895752733212675,negative,1.4180809259414673,-0.9168719053268433,1.8428053855895996
1403895753236418561,negative,0.8022150993347168,-0.6584981083869934,1.485682487487793
1403895754037530630,neutral,2.115283727645874,0.025905609130859375,0.7371402978897095
1403895754486206467,neutral,2.018094062805176,0.4274250566959381,0.5291643738746643
1403895754830213121,neutral,1.4214916229248047,0.32863494753837585,0.8487669825553894
1403895755249750017,neutral,2.1832115650177,1.3436706066131592,-0.04675911366939545
1403895755698544642,neutral,2.1571176052093506,0.9326328635215759,0.3552427291870117
1403895756285747208,neutral,1.6347750425338745,0.345645934343338,0.5128580331802368
1403895757527076864,positive,2.2271289825439453,3.158660650253296,-1.025310754776001
1403895759100071936,neutral,1.3211833238601685,0.47642678022384644,1.1800260543823242
1403895760752574464,negative,1.2610313892364502,-1.2412669658660889,2.670191764831543
1403895761255878660,positive,1.7238110303878784,5.1770172119140625,-1.6110275983810425
1403895761612410883,neutral,2.202378988265991,1.5088504552841187,-0.4946274161338806
1403895763080413192,neutral,3.557668447494507,3.221004009246826,-1.3609462976455688
1403895763822731266,negative,0.9566681385040283,-0.7294902205467224,2.8543052673339844
1403895765362225156,neutral,1.8046079874038696,1.6003608703613281,-0.2776273190975189
1403895765550907393,negative,1.02394700050354,-0.7594992518424988,2.7014801502227783
1403895765748043777,neutral,1.6156479120254517,1.003430962562561,0.961084246635437
1403895769577426944,negative,1.2116361856460571,-0.14507177472114563,1.2947262525558472
1403895769665466376,neutral,2.217390298843384,0.30976632237434387,0.3410782217979431
1403895770445598722,neutral,2.7948787212371826,1.4108067750930786,-0.40835991501808167
1403895770722435075,neutral,1.7588891983032227,0.08880142867565155,1.3759819269180298
1403895771309740033,neutral,2.1117985248565674,0.44666701555252075,0.550149142742157
1403895773004288001,neutral,1.930527687072754,-0.40080782771110535,0.9867516756057739
1403895773259964417,neutral,1.9449819326400757,1.2490575313568115,-0.012474441900849342
1403895773373337600,negative,0.8510072231292725,0.30802059173583984,1.4834654331207275
1403895773696253952,negative,1.439620852470398,-0.037354208528995514,1.5953599214553833
1403895774753214464,negative,1.1405426263809204,-0.9764841794967651,2.2881999015808105
1403895774757466112,neutral,1.6702380180358887,-0.22238224744796753,1.0781711339950562
1403895775310999552,positive,1.2662570476531982,1.8510894775390625,-0.2179863154888153
1403895775508107266,negative,1.5086452960968018,-0.9029343128204346,2.11234712600708
1403895776556748801,neutral,2.8217248916625977,0.025734826922416687,0.5355104804039001
1403895777470996484,neutral,0.9333500862121582,0.267404705286026,0.671319842338562
1403895778980941824,positive,1.7747060060501099,3.4235785007476807,-0.5406715273857117
1403895779425673218,neutral,1.6989506483078003,0.5467165112495422,0.4293750822544098
1403895780541358086,neutral,1.914559006690979,-0.5443866848945618,1.5747332572937012
1403895781036265472,negative,0.7870724201202393,-0.41554000973701477,2.226144790649414
1403895782701367296,positive,1.6681591272354126,5.119513511657715,-1.5456377267837524
1403895783468978179,positive,0.6708645820617676,1.2572236061096191,-0.029409637674689293
1403895785096368129,negative,0.8996098041534424,-0.8819257616996765,2.7370095252990723
1403895786199416833,negative,1.0548557043075562,-1.3302162885665894,4.144258499145508
1403895787524853766,neutral,1.780959963798523,-0.08113398402929306,1.3368685245513916
1403895787793240064,negative,0.7838588953018188,-0.8143433928489685,2.5138864517211914
1403895788082581504,negative,1.4778536558151245,-0.8342931270599365,2.2221248149871826
1403895789189951489,negative,1.3475593328475952,-0.7858156561851501,1.6864840984344482
1403895789462573058,neutral,3.530146598815918,1.6300079822540283,-1.0650413036346436
1403895789781454849,neutral,1.46206796169281,-0.1708676815032959,1.2390477657318115
1403895790003687427,negative,0.8850836753845215,0.8986361026763916,1.3008188009262085
1403895792130314241,negative,0.7390829920768738,0.24452394247055054,1.6707044839859009
1403895792348192774,neutral,1.7762603759765625,-0.06315074115991592,1.098897099494934
1403895793631645696,positive,3.434248685836792,5.587705135345459,-2.1117138862609863
1403895794864820225,neutral,2.3421413898468018,0.9846648573875427,0.19620190560817719
1403895795556884481,neutral,1.455301284790039,0.7582435011863708,0.565413236618042
1403895796110606341,neutral,1.5401986837387085,-0.7461441159248352,1.4573343992233276
1403895796227928065,neutral,1.8709139823913574,0.7854757905006409,0.30547598004341125
1403895796748242948,neutral,2.003999710083008,0.3973017930984497,0.7307682633399963
1403895796777422849,positive,1.0023540258407593,2.4055447578430176,0.38383859395980835
1403895797352046593,neutral,2.0228922367095947,-0.4849041998386383,0.8508898615837097
1403895797494816771,negative,1.1685293912887573,-1.1919218301773071,2.797386884689331
1403895799428288514,negative,0.7323041558265686,-1.3676931858062744,4.239696502685547
1403895799520522240,negative,0.9699410200119019,-0.7414871454238892,2.159966230392456
1403895799856078851,negative,1.224915862083435,-0.9688088297843933,2.2292377948760986
1403895800959160328,positive,1.1508667469024658,4.446663856506348,-0.953502357006073
1403895802007736327,neutral,2.4308083057403564,2.20222544670105,-0.8512800335884094
1403895803274403851,neutral,3.530146598815918,1.6300079822540283,-1.0650413036346436
1403895803693961217,positive,1.2211463451385498,2.0685548782348633,0.00021034665405750275
1403895804935520258,negative,1.0396032333374023,0.10829411447048187,1.509763240814209
1403895805166067712,negative,0.9459348917007446,-0.5815053582191467,2.587414026260376
1403895805430358018,neutral,1.0706915855407715,0.61469966173172,0.49308282136917114
1403895806495793155,positive,0.4172910153865814,1.2534587383270264,0.7148366570472717
1403895806713679877,neutral,2.323808193206787,1.138274073600769,0.6458060145378113
1403895808118771717,neutral,1.6415064334869385,0.016358040273189545,1.4735536575317383
1403895808206934018,neutral,2.0398097038269043,0.6565144062042236,0.08112093061208725
1403895808546656263,neutral,2.083320379257202,1.3273518085479736,-0.004621686413884163
1403895808995508224,neutral,1.479428768157959,-0.1690552830696106,1.208045244216919
1403895809540689920,positive,1.8598068952560425,1.9317890405654907,0.04260721802711487
1403895810245349377,neutral,1.4685285091400146,1.3584407567977905,-0.615080714225769
1403895811830919168,negative,0.47148776054382324,-0.2675410211086273,1.1012959480285645
1403895815026843653,negative,1.2890139818191528,-0.4299790561199188,1.8073996305465698
1403895815660355584,positive,2.4627373218536377,3.911679267883301,-1.4756320714950562
1403895816956174338,neutral,3.147733211517334,1.9855471849441528,-0.8232645392417908
1403895818340421634,negative,1.3484359979629517,-0.2994023859500885,1.7680085897445679
1403895818579480576,negative,1.9694091081619263,-1.363289475440979,2.885673999786377
1403895819497922563,neutral,1.2578494548797607,0.8162062764167786,0.2532735764980316
1403895820152344583,negative,0.9856207966804504,-0.7602478265762329,3.0124714374542236
1403895820806656001,negative,0.8849888443946838,-0.2859228551387787,2.670377254486084
1403895820961738758,neutral,1.8486032485961914,0.690107524394989,0.4569840133190155
1403895821024731142,negative,1.1678311824798584,0.09376925975084305,1.3716529607772827
1403895821343629315,negative,0.739607036113739,-1.0296432971954346,2.963646650314331
1403895824182964229,neutral,3.530146598815918,1.6300079822540283,-1.0650413036346436
1403895824946397184,neutral,0.8916875720024109,0.6234526038169861,-0.11620213836431503
1403895825135194112,neutral,0.7537654042243958,0.5698283910751343,0.6026296615600586
1403895826733318148,negative,0.5348553657531738,-0.8909215331077576,2.731860399246216
1403895829015011328,negative,0.6465059518814087,-0.9417937994003296,2.6161203384399414
1403895829451116544,neutral,1.6550211906433105,0.15934890508651733,0.9476357698440552
1403895829480366086,positive,0.832557201385498,1.17566978931427,0.6020570397377014
1403895831858667528,neutral,0.9763229489326477,0.9413992762565613,0.8612533807754517
1403895832026521607,neutral,1.6156479120254517,1.003430962562561,0.961084246635437
1403895832278077443,neutral,1.6156479120254517,1.003430962562561,0.961084246635437
1403895832504541184,neutral,1.491257905960083,0.29441916942596436,0.9438563585281372
1403895833402044416,neutral,1.5934441089630127,1.0517456531524658,0.2276143580675125
1403895834408755207,neutral,0.7615973353385925,0.40361833572387695,0.6934278011322021
1403895834958352384,neutral,1.485564112663269,-0.4944510757923126,1.1031973361968994
1403895840297545736,neutral,1.3059560060501099,0.20936426520347595,0.8904289603233337
1403895841274875905,negative,1.03041410446167,-1.4163988828659058,4.058191299438477
1403895841392193538,neutral,1.9349238872528076,0.4629802107810974,0.2820192277431488
1403895841409093636,positive,1.491400122642517,1.616337537765503,0.5889731645584106
1403895842256211971,neutral,1.45442533493042,0.8530712723731995,0.4851645529270172
1403895844420661250,negative,0.7036359310150146,-0.7756403088569641,2.5840229988098145
1403895845351837699,negative,0.926717221736908,-0.08537740260362625,1.7866156101226807
1403895845607542786,neutral,2.1264126300811768,-0.8504927158355713,1.3406469821929932
1403895845972545543,positive,1.7747060060501099,3.4235787391662598,-0.5406715273857117
1403895847646076934,neutral,1.657442569732666,0.4727362394332886,0.07813060283660889
1403895848640131072,negative,1.1514803171157837,-0.9777968525886536,2.4332592487335205
1403895848744865796,neutral,1.8259775638580322,-0.7735645174980164,1.5164074897766113
1403895849344765952,positive,1.3209024667739868,1.9842811822891235,0.005960749462246895
1403895849600667652,neutral,1.5026865005493164,-0.6649184823036194,1.3695744276046753
1403895850347028480,negative,1.600744605064392,-1.2062617540359497,3.0223491191864014
1403895850351398916,negative,1.3783894777297974,0.08099622279405594,1.7644766569137573
1403895851261468676,neutral,1.686366319656372,0.9528737664222717,-0.6072643995285034
1403895852482154498,neutral,2.155926465988159,0.3069523572921753,-0.15564210712909698
1403895852544974848,negative,1.4180809259414673,-0.9168719053268433,1.8428053855895996
1403895852914126849,negative,1.2739087343215942,-0.12092246860265732,1.4879041910171509
1403895853547286530,negative,0.3438442647457123,-1.0337402820587158,3.4066054821014404
1403895854239522816,neutral,1.6544827222824097,0.5149591565132141,0.4333544671535492
1403895854482612227,neutral,2.1617162227630615,-1.0657998323440552,2.0157408714294434
1403895854533054468,negative,0.5666109919548035,-0.8695405721664429,3.228283166885376
1403895854646259716,positive,1.6461527347564697,2.2210302352905273,-0.13321436941623688
1403895855669604357,neutral,1.5164917707443237,0.2675205171108246,0.047851160168647766
1403895856177184769,negative,0.9912146329879761,-0.5398294925689697,2.2781999111175537
1403895856743464961,neutral,1.4595417976379395,0.17139765620231628,0.9405576586723328
1403895857037127684,neutral,2.625051498413086,1.2611926794052124,-0.9789263010025024
1403895857498529799,negative,0.9401110410690308,-0.45758411288261414,2.169833183288574
1403895859704520708,neutral,1.7925630807876587,0.2233307957649231,0.7093722820281982
1403895860350525443,negative,1.3783894777297974,0.08099622279405594,1.7644766569137573
1403895860560236549,negative,0.7838588356971741,-0.8143433928489685,2.5138864517211914
1403895861407490055,negative,1.3328378200531006,-1.1997718811035156,3.0109007358551025
1403895862011568128,neutral,1.6589665412902832,-0.0804036483168602,1.2203476428985596
1403895863135506436,positive,3.455477237701416,4.906668186187744,-1.8642688989639282
1403895863563460609,negative,0.9375195503234863,-0.20926398038864136,1.1514719724655151
1403895863722885121,negative,1.0883618593215942,-0.5602694749832153,1.9204559326171875
1403895865073405955,positive,0.5870516300201416,1.0370811223983765,0.83226478099823
1403895866793119747,negative,1.1453746557235718,0.38371583819389343,1.3632245063781738
1403895867363323908,neutral,1.6156479120254517,1.003430962562561,0.9610841274261475
1403895868768538627,neutral,2.5502030849456787,1.2705144882202148,-0.7324720621109009
1403895868928020486,neutral,1.7363066673278809,-0.4062761068344116,0.5727323293685913
1403895869292769280,neutral,1.255538821220398,0.4029703736305237,0.3989228308200836
1403895871155032066,neutral,2.240752696990967,1.395004391670227,-0.030324293300509453
1403895873084571653,positive,0.8887297511100769,1.3904602527618408,0.31272947788238525
1403895874808430594,neutral,1.8028144836425781,-0.6199803352355957,1.0951918363571167
1403895875190018051,neutral,2.1791434288024902,-0.8687112331390381,1.9503141641616821
1403895875861110787,negative,0.4770345091819763,0.26368942856788635,2.118163824081421
1403895877119455232,positive,0.10018256306648254,1.7653224468231201,0.36666426062583923
1403895877782102020,negative,0.7047993540763855,0.7779034972190857,1.0667678117752075
1403895878033702918,neutral,1.8896046876907349,1.1175769567489624,-0.6556329131126404
1403895879141101568,negative,1.2732908725738525,-1.2118351459503174,2.958442211151123
1403895880575447041,neutral,1.7373530864715576,-0.017367392778396606,1.4273333549499512
1403895880940507138,negative,0.8271430134773254,-1.2687737941741943,3.530844211578369
1403895881036820480,neutral,1.8365516662597656,0.10683608800172806,0.7296752333641052
1403895881091489793,negative,1.42825186252594,-1.163898229598999,2.5680627822875977
1403895881254965253,neutral,2.819401264190674,1.7607423067092896,-0.5749667882919312
1403895881405960193,negative,1.1853127479553223,-0.7408862113952637,2.824706554412842
1403895883419340803,neutral,1.9548208713531494,0.05770530551671982,0.4499581754207611
1403895886384619520,neutral,1.0706915855407715,0.61469966173172,0.49308282136917114
1403895887831703554,neutral,1.7190263271331787,-0.1776496171951294,1.0736843347549438
1403895887928041475,neutral,3.412641763687134,3.3547282218933105,-1.203747034072876
1403895888779612160,neutral,0.8307468295097351,0.7461889386177063,0.5109823942184448
1403895890054688768,neutral,1.9691977500915527,1.045145034790039,-0.014373550191521645
1403895890163687428,negative,0.436865895986557,0.25239700078964233,1.8678213357925415
1403895890465669125,positive,1.0975972414016724,3.8269424438476562,-0.6127814650535583
1403895891606618112,negative,1.2376214265823364,-1.0900487899780273,3.335171699523926
1403895891614908422,negative,1.2466884851455688,-0.26448896527290344,1.6144522428512573
1403895892017438721,positive,2.3183512687683105,4.541478157043457,-1.292885184288025
1403895893661679616,negative,0.1463831067085266,-0.27467039227485657,2.6044557094573975
1403895893749899264,neutral,2.23433256149292,0.5764690041542053,-0.08703846484422684
1403895894710362115,neutral,1.0808497667312622,-0.04514358192682266,0.6616491675376892
1403895896669044736,neutral,1.3569775819778442,0.3206504285335541,1.3408877849578857
1403895897667244033,neutral,2.7948787212371826,1.4108067750930786,-0.40835991501808167
1403895897805701120,negative,0.7838588953018188,-0.8143433928489685,2.5138864517211914
1403895897851891716,neutral,1.2400773763656616,0.8503364324569702,0.11373041570186615
1403895897956757505,negative,0.44939306378364563,-0.8677059412002563,3.018519401550293
1403895898099249157,negative,1.0135523080825806,-0.4250253736972809,1.9687447547912598
1403895898535514114,neutral,1.8663445711135864,0.9667383432388306,-0.20627066493034363
1403895898921484294,neutral,1.8458900451660156,-0.18074092268943787,1.2459402084350586
1403895899755974659,negative,0.5887587070465088,-0.24773678183555603,1.7165207862854004
1403895900074766336,neutral,0.9340009689331055,-0.22107785940170288,0.8893563151359558
1403895900741586946,positive,1.7747060060501099,3.4235785007476807,-0.5406715273857117
1403895900863401990,neutral,1.9701080322265625,-0.4340194761753082,0.9729313850402832
1403895901114884099,positive,2.534541606903076,2.5786025524139404,-0.8111037015914917
1403895902327169024,neutral,1.4897781610488892,-0.13590621948242188,1.2759177684783936
1403895902838870017,neutral,1.6184402704238892,0.34302395582199097,0.40019622445106506
1403895905393299458,negative,0.5348553657531738,-0.8909215331077576,2.731860399246216
1403895905619566596,neutral,2.007689952850342,1.0697757005691528,0.03190982714295387
1403895906316042240,neutral,1.838942050933838,-0.5015720725059509,1.0028002262115479
1403895907020685312,negative,1.4306668043136597,-0.6248456835746765,1.8403863906860352
1403895907628765188,negative,0.7870724201202393,-0.41554000973701477,2.226144790649414
1403895908710981646,neutral,3.0494043827056885,2.336012363433838,-1.0675315856933594
1403895909864202249,negative,0.9598233103752136,-0.6074066758155823,2.6509809494018555
1403895909868466177,neutral,1.4836747646331787,0.35911884903907776,1.0816761255264282
1403895909960847360,neutral,1.2400773763656616,0.8503364324569702,0.11373041570186615
1403895911642632192,neutral,2.8217251300811768,0.025734886527061462,0.5355105400085449
1403895912632668160,neutral,2.007689952850342,1.0697758197784424,0.03190980106592178
1403895914264211460,negative,1.4835381507873535,0.5047314167022705,1.503318190574646
1403895915803467779,negative,0.9669597744941711,-0.6819676160812378,2.715930938720703
1403895915878834180,neutral,1.4568688869476318,1.3399276733398438,0.412088006734848
1403895916189437958,neutral,2.1129913330078125,0.1456143856048584,0.7772770524024963
1403895918429151233,negative,1.4073585271835327,-0.5862302780151367,1.8145897388458252
1403895919117017090,neutral,2.136995553970337,1.478973150253296,-0.19367097318172455
1403895919548932100,positive,0.8097522258758545,1.2995209693908691,0.10947393625974655
1403895921319022594,negative,1.1085872650146484,-0.9812208414077759,2.275451898574829
1403895921683976196,neutral,3.0430500507354736,0.7066026329994202,0.2864152789115906
1403895922312957956,negative,1.2706571817398071,-1.3718516826629639,3.8377952575683594
1403895922736517122,negative,0.8483293652534485,0.12705707550048828,0.8723138570785522
1403895923449663488,neutral,1.5114351511001587,1.020512342453003,0.5071796774864197
1403895924682674180,neutral,3.1390817165374756,1.1279635429382324,-0.07089954614639282
1403895924993237001,neutral,2.8217248916625977,0.025734826922416687,0.5355104804039001
1403895925316079625,neutral,2.570917844772339,2.3141896724700928,-0.769846498966217
1403895925618081799,neutral,1.5358014106750488,1.1751220226287842,0.001580800861120224
1403895925676851202,positive,1.5796412229537964,1.5923148393630981,-0.2378920167684555
1403895925689421834,negative,0.9311889410018921,-0.4731955826282501,2.5133473873138428
1403895927241428992,negative,0.7989993691444397,-0.7045721411705017,1.9271234273910522
1403895927849447428,neutral,1.4615918397903442,0.5943636894226074,0.4032764136791229
1403895928096915458,negative,1.0548555850982666,-1.3302159309387207,4.144258499145508
1403895930424725504,neutral,1.2153948545455933,0.14931872487068176,1.10294771194458
1403895931204952065,neutral,2.217390298843384,0.30976632237434387,0.3410782217979431
1403895931821494273,neutral,1.6156479120254517,1.003430962562561,0.961084246635437
1403895932920418306,neutral,1.6855747699737549,0.37137290835380554,0.3793219327926636
1403895932974948353,negative,1.180408000946045,-0.825284481048584,1.8843594789505005
1403895933625118723,neutral,1.6156479120254517,1.003430962562561,0.961084246635437
1403895933981581313,negative,1.4527513980865479,-1.1920756101608276,3.027578830718994
1403895934757527553,negative,0.3235328197479248,-0.4682975113391876,1.8793293237686157
1403895935588093953,negative,1.2766809463500977,-0.6316001415252686,1.744517207145691
1403895935860711427,neutral,1.7503160238265991,-0.38328540325164795,0.9974609017372131
1403895936800133121,neutral,1.8709139823913574,0.7854757905006409,0.30547598004341125
1403895936833708033,neutral,1.4676926136016846,0.9032951593399048,0.0005687139928340912
1403895937043361792,neutral,1.593265175819397,0.13061052560806274,1.0338479280471802
1403895938746257412,neutral,1.9274386167526245,-0.1654486358165741,0.9127358198165894
1403895938867941379,negative,1.0757246017456055,-0.16909828782081604,1.6913578510284424
1403895939459211266,neutral,1.6855747699737549,0.37137290835380554,0.3793219327926636
1403895941514489856,neutral,2.083320379257202,1.3273519277572632,-0.004621746018528938
1403895941967405056,neutral,1.9491195678710938,1.078536033630371,0.35025060176849365
1403895942667964421,positive,1.717419147491455,2.2983202934265137,0.11642198264598846
1403895942827282436,negative,1.5770734548568726,-0.900102436542511,2.19911789894104
1403895943779528704,negative,1.4180809259414673,-0.9168719053268433,1.8428053855895996
1403895944207286272,neutral,2.7678492069244385,1.1894314289093018,-0.20037703216075897
1403895945566244865,neutral,2.09116530418396,0.4140499532222748,0.2832891345024109
1403895946044444674,positive,0.9150992035865784,1.7629528045654297,-0.05025865137577057
1403895946140958720,positive,1.216713547706604,1.9578893184661865,0.05776697397232056
1403895947013230595,positive,1.7371734380722046,2.3132412433624268,-0.04479319602251053
1403895949882281987,negative,0.6457600593566895,-1.2787737846374512,4.016173362731934
1403895951639592969,negative,1.2030906677246094,-0.8047216534614563,2.4038376808166504
1403895952134443016,neutral,2.031782627105713,-0.37938302755355835,1.437279224395752
1403895952314802183,neutral,1.8888918161392212,0.02653404325246811,0.7729098200798035
1403895952784699393,negative,0.8643153309822083,-0.7631246447563171,2.408846855163574
1403895953950593027,negative,0.2856048047542572,-0.5187861919403076,2.3993794918060303
1403895954978140163,negative,1.4165014028549194,-0.587921142578125,1.6810709238052368
1403895955200483329,negative,1.1076500415802002,-0.8262526392936707,2.23840069770813
1403895957268357123,neutral,1.539670705795288,-0.7322490811347961,1.4415923357009888
1403895957331324928,neutral,2.526093006134033,1.6906167268753052,-0.1696062833070755
1403895957830258691,negative,0.7381027340888977,-0.205562561750412,1.6968755722045898
1403895958421835776,negative,0.5314995050430298,-0.4507419168949127,1.8270962238311768
1403895958837121026,negative,0.9596291780471802,-1.0004658699035645,2.70628023147583
1403895959587672066,neutral,1.4929922819137573,0.5007567405700684,0.2723121643066406
1403895959885651968,neutral,1.8709139823913574,0.7854757905006409,0.30547598004341125
1403895959935803392,neutral,2.1997134685516357,1.6475064754486084,-0.10481280833482742
1403895959961042945,neutral,1.9413981437683105,1.1333051919937134,0.034928835928440094
1403895960724328450,neutral,1.2396947145462036,-0.16821634769439697,0.5767590999603271
1403895961622044672,neutral,1.5253524780273438,0.6748584508895874,0.07071729004383087
1403895961957638144,neutral,1.443911075592041,0.8063649535179138,0.27330103516578674
1403895962129428480,neutral,2.1245601177215576,-0.9133266806602478,1.7662385702133179
1403895963459231744,positive,0.9227815866470337,1.6066579818725586,0.4367714822292328
1403895963622674437,negative,1.0498478412628174,-0.5253477096557617,1.6358349323272705
1403895964604112900,neutral,1.481457233428955,0.7321852445602417,0.589724063873291
1403895966042935298,positive,0.9637470841407776,1.2822020053863525,0.6004580855369568
1403895966227472384,negative,0.8003150224685669,-0.8698411583900452,2.5362627506256104
1403895967233888258,neutral,1.4105966091156006,0.4084368050098419,0.5663875341415405
1403895967649341441,negative,1.1209983825683594,-0.3720259368419647,1.8854824304580688
1403895969272320002,negative,1.1799883842468262,-0.12722912430763245,2.4336843490600586
1403895970673332228,neutral,1.3119680881500244,-0.04516679793596268,1.2715729475021362
1403895970962849795,negative,1.727341890335083,-0.7378231287002563,2.6880602836608887
1403895971986251779,negative,1.580588698387146,-0.6961296200752258,1.9017726182937622
1403895972162379780,negative,0.5629169940948486,-0.1508244276046753,1.9086476564407349
1403895974120988675,neutral,1.9476358890533447,0.9051494598388672,0.4782045781612396
1403895974418845701,negative,1.4094687700271606,-0.8779081106185913,2.6847851276397705
1403895974867656704,negative,1.1353546380996704,-0.2905583381652832,1.2604364156723022
1403895975031279616,negative,1.376920461654663,-0.7199572920799255,1.5404374599456787
1403895975094231045,negative,0.14118629693984985,-0.37933236360549927,1.8982365131378174
1403895978852196356,positive,1.3425536155700684,3.0069727897644043,-0.6373295187950134
1403895980383084544,negative,0.44391411542892456,0.28019946813583374,1.7982358932495117
1403895980806881284,neutral,1.0662610530853271,0.7034969925880432,0.24389201402664185
1403895981339549698,negative,0.9260094165802002,-0.2500305771827698,1.1883680820465088
1403895982127869953,neutral,2.3494017124176025,1.5369486808776855,-0.33178675174713135
1403895982216028160,negative,1.3783894777297974,0.08099622279405594,1.7644766569137573
1403895983172431877,negative,1.085620403289795,-0.6682493090629578,2.945807695388794
1403895983747051520,negative,1.2340359687805176,-1.252912163734436,3.1586265563964844
1403895984720007172,negative,0.972987711429596,-0.06409243494272232,1.3643828630447388
1403895984724361217,negative,1.0304484367370605,-0.8581323027610779,2.982595682144165
1403895985215086594,negative,0.826582133769989,0.04396411404013634,1.530203104019165
1403895986028691466,negative,1.4494959115982056,-0.9917874932289124,2.537749767303467
1403895986527739909,neutral,1.8365516662597656,0.10683608800172806,0.72967529296875
1403895986762784768,negative,0.5187970399856567,-0.6866995096206665,2.982320547103882
1403895986913644545,negative,1.0636664628982544,-0.27979227900505066,1.9957897663116455
1403895988469866499,neutral,1.7094238996505737,-0.6658216714859009,0.9338079690933228
1403895989484896265,negative,1.4015568494796753,-0.863830029964447,1.6742137670516968
1403895990101450761,neutral,1.9294440746307373,-0.1312057077884674,1.0245869159698486
1403895991015673857,negative,0.5185803771018982,-0.5486605763435364,2.6399500370025635
1403895991191883776,negative,0.8412050604820251,-0.6494382619857788,2.3928449153900146
1403895991321960448,negative,0.43199318647384644,-1.2125420570373535,4.422226905822754
1403895991514763264,neutral,2.1617162227630615,-1.0657998323440552,2.0157408714294434
1403895993494507523,neutral,2.6163887977600098,1.7948633432388306,-0.3423825204372406
1403895993565859842,neutral,1.5515817403793335,0.2944971024990082,0.3452797830104828
1403895993838424068,neutral,1.5839921236038208,0.7919338941574097,0.42243725061416626
1403895995675541506,negative,1.0346554517745972,-0.5598082542419434,2.0247483253479004
1403895996921257992,negative,0.5506829619407654,0.4906466603279114,0.9254799485206604
1403895996946415617,neutral,1.3373464345932007,0.6056631803512573,1.1326332092285156
1403895997344985094,neutral,1.6855747699737549,0.37137290835380554,0.3793219327926636
1403895998884114432,neutral,1.8453186750411987,-0.7528729438781738,1.447109580039978
1403896000192811016,negative,0.1236857920885086,-0.27889227867126465,1.2938247919082642
1403896000947752962,neutral,1.4074509143829346,0.8360796570777893,0.5068753957748413
1403896001790889985,neutral,2.339174747467041,0.9759997725486755,0.32177531719207764
1403896002713513988,neutral,1.9798986911773682,1.6690605878829956,0.25610148906707764
1403896003707691012,neutral,1.3173710107803345,1.252233624458313,0.6149454712867737
1403896005326643204,positive,1.3620412349700928,1.5226242542266846,0.25293511152267456
1403896005729263616,negative,1.600744605064392,-1.2062617540359497,3.0223491191864014
1403896006278889472,neutral,1.6214871406555176,0.3073577582836151,0.3893382251262665
1403896006605901824,neutral,1.6077783107757568,0.005293078720569611,0.9944088459014893
1403896009604755465,negative,1.0832642316818237,-0.6887934803962708,2.280282735824585
1403896009646776322,neutral,1.6855747699737549,0.37137290835380554,0.3793219327926636
1403896010280210434,negative,1.5597548484802246,-0.9097929000854492,2.045825481414795
1403896011777531907,neutral,1.024905800819397,-0.1377452313899994,-0.26606616377830505
1403896011886456836,neutral,1.478287935256958,0.0157230943441391,0.9682216048240662
1403896013404921862,negative,0.9971021413803101,-0.6145175695419312,2.8814847469329834
1403896013505667073,neutral,2.6082844734191895,1.7056593894958496,-0.612944483757019
1403896014193496068,negative,1.0815117359161377,-1.051242709159851,2.4338202476501465
1403896014826733570,neutral,2.04002046585083,0.6067336201667786,0.3801783323287964
1403896015413993472,negative,1.0189876556396484,0.3542947769165039,1.8296523094177246
1403896021474680832,negative,1.2130874395370483,-0.1163826659321785,1.5395174026489258
1403896021617242120,neutral,1.4468927383422852,-0.38968440890312195,0.9092076420783997
1403896022036750336,neutral,1.6156479120254517,1.003430962562561,0.961084246635437
1403896023639113740,neutral,2.266338348388672,-1.001787543296814,1.7665328979492188
1403896024989503488,neutral,1.87833833694458,-0.17237639427185059,1.7990902662277222
1403896025681518595,neutral,1.6484489440917969,0.2624598443508148,0.2724219262599945
1403896025895501834,neutral,1.281808853149414,0.7018120884895325,0.9306322932243347
1403896026201690119,neutral,2.1349422931671143,-0.01933913677930832,1.3059574365615845
1403896028303003649,neutral,1.7496434450149536,-0.07095737010240555,1.0121352672576904
1403896028592590848,negative,1.1116210222244263,-0.04447606950998306,1.258657693862915
1403896030127476738,neutral,1.6156479120254517,1.003430962562561,0.961084246635437
1403896030404435970,negative,1.4104079008102417,-1.393038272857666,3.6094117164611816
1403896030937202693,negative,0.10977152734994888,0.05169474333524704,0.9482874870300293
1403896032723877890,negative,0.7973068952560425,0.4645332396030426,0.8581178188323975
1403896033764020230,neutral,1.0992600917816162,-0.1295166015625,1.0702455043792725
1403896034321846273,negative,1.4544422626495361,-0.3358168601989746,2.0766584873199463
1403896036029050885,neutral,1.6855747699737549,0.37137290835380554,0.3793219327926636
1403896037714972673,neutral,2.218022108078003,0.38137245178222656,0.056092243641614914
1403896037811445761,negative,0.9929909110069275,-0.7368529438972473,1.9260650873184204
1403896038449057792,negative,1.30162513256073,-0.2248954474925995,1.4183295965194702
1403896039065755649,neutral,2.118499517440796,0.1276477426290512,0.6007705926895142
1403896039258476551,neutral,1.2595250606536865,1.252791404724121,0.11529061198234558
1403896039581564932,positive,1.246046781539917,1.596811056137085,-0.6667355895042419
1403896040793772032,negative,1.600744605064392,-1.2062617540359497,3.0223491191864014
1403896042802745347,negative,1.3783894777297974,0.08099622279405594,1.7644766569137573
1403896042819624961,positive,1.636111855506897,1.898880124092102,-0.9556838274002075
1403896043775926273,neutral,0.881488561630249,-0.07899992913007736,0.8387041687965393
1403896044086349830,neutral,1.4861810207366943,-0.37842029333114624,1.2392421960830688
1403896044442750976,positive,0.3450712263584137,1.8786791563034058,0.5304613709449768
1403896046896521216,positive,0.6426029205322266,2.1596243381500244,-0.1660575568675995
1403896046934282241,negative,1.4079326391220093,-0.008819304406642914,1.7705436944961548
1403896047101890560,positive,2.2271289825439453,3.158660650253296,-1.025310754776001
1403896048091815936,neutral,1.2100071907043457,0.8485796451568604,0.6398364305496216
1403896049710862338,positive,0.6159233450889587,4.008505344390869,-0.64178866147995
1403896049773674500,neutral,1.6493093967437744,1.4093235731124878,-0.5123070478439331
1403896049832366080,neutral,2.149350881576538,-0.06823164969682693,0.9966899156570435
1403896050088169476,positive,2.9868199825286865,4.096158027648926,-1.4678245782852173
1403896050612588545,neutral,2.134505033493042,-0.5447365045547485,1.0128284692764282
1403896051145351171,neutral,1.8843495845794678,1.3214410543441772,-0.11547868698835373
1403896052831473669,neutral,1.4783037900924683,-0.06829575449228287,1.253905177116394
1403896052860739586,negative,1.4396209716796875,-0.0373542383313179,1.5953599214553833
1403896054630785027,negative,1.1538069248199463,-0.9982166886329651,2.6636180877685547
1403896054689538050,neutral,1.6855747699737549,0.37137290835380554,0.3793219327926636
1403896056065134597,neutral,2.674644708633423,0.6887145042419434,0.0906410664319992
1403896056279048192,neutral,1.3523939847946167,0.9867454171180725,0.4910449683666229
1403896056535031810,negative,0.8593899607658386,0.27286672592163086,1.494484782218933
1403896056627220480,neutral,1.6156479120254517,1.003430962562561,0.961084246635437
1403896057784832001,positive,0.23656123876571655,1.7043287754058838,0.13052354753017426
1403896058019815427,negative,0.5323817729949951,0.43439576029777527,1.1319795846939087
1403896058372055050,neutral,1.994435429573059,0.6600971817970276,-0.2651132047176361
1403896058552459268,negative,1.8388811349868774,-1.0376383066177368,2.119652509689331
1403896059672227841,neutral,3.530146598815918,1.6300079822540283,-1.0650413036346436
1403896059944898561,neutral,1.2079204320907593,0.627472460269928,0.6209599375724792
1403896060418924545,negative,1.2815027236938477,-0.46986642479896545,1.8249300718307495
1403896061454950406,negative,1.3316771984100342,-1.2070308923721313,3.004376173019409
1403896065619861509,neutral,1.8289709091186523,0.030883751809597015,1.0262315273284912
1403896066018185218,negative,0.6351498961448669,-0.04080120474100113,2.4834611415863037
1403896066789953537,neutral,1.6488020420074463,0.5098005533218384,0.5338507294654846
1403896069528850432,neutral,2.1349422931671143,-0.01933913677930832,1.3059574365615845
1403896069717639169,positive,1.7256710529327393,3.3414268493652344,-1.301569938659668
1403896070007148544,negative,1.1519142389297485,-0.7876532673835754,1.9118846654891968
1403896070061449216,neutral,1.9489245414733887,0.4460108280181885,0.5935743451118469
1403896070581620738,neutral,1.8772245645523071,-0.7698121070861816,1.1950713396072388
1403896071428919296,negative,1.2749245166778564,0.3726798892021179,1.2878533601760864
1403896073324695552,neutral,1.7499803304672241,0.06581493467092514,0.6830385327339172
1403896075644289026,neutral,1.6855747699737549,0.37137290835380554,0.3793219327926636
1403896076063498245,negative,0.861011803150177,0.038508329540491104,1.8271986246109009
1403896076189437952,neutral,2.149628162384033,1.452067255973816,-0.5490567684173584
1403896076277534723,neutral,2.2141783237457275,0.15534645318984985,0.5381845235824585
1403896077359669249,positive,1.7616231441497803,3.148704767227173,-0.5703359246253967
1403896079527989251,positive,1.017859697341919,1.7989343404769897,0.13052234053611755
1403896080102686723,neutral,1.3418866395950317,0.10958877950906754,1.0871407985687256
1403896080350298113,positive,0.7835696935653687,2.177720308303833,0.11566378176212311
1403896081625276423,positive,1.8503144979476929,4.286733627319336,-1.0603692531585693
1403896083676241920,positive,1.3209025859832764,1.984281301498413,0.005960693582892418
1403896083936288768,negative,1.727341890335083,-0.7378231287002563,2.6880602836608887
1403896084221468674,neutral,1.5122863054275513,-0.6029772758483887,1.445946216583252
1403896085177798657,positive,1.017859697341919,1.7989343404769897,0.13052234053611755
1403896086788558852,positive,1.1882842779159546,1.3923910856246948,0.8943243622779846
1403896087715356672,negative,1.129659652709961,0.11079899966716766,1.3225390911102295
1403896091318181888,neutral,2.350821018218994,0.558373212814331,0.43335771560668945
1403896091632758784,negative,1.2766809463500977,-0.6316001415252686,1.744517207145691
1403896092882735104,neutral,1.3264133930206299,-0.17915651202201843,0.8890801072120667
1403896092983324673,positive,1.7266545295715332,1.7758102416992188,-0.23768912255764008
1403896093189066758,neutral,1.6196378469467163,-0.38656067848205566,1.4440356492996216
1403896095982424065,negative,0.9987927675247192,-1.4116770029067993,3.789091110229492
1403896096099737606,negative,1.3783894777297974,0.08099622279405594,1.7644766569137573
1403896097861300227,positive,0.9461621642112732,1.4150723218917847,0.4919123947620392
1403896097886466051,neutral,1.6488020420074463,0.5098005533218384,0.5338507294654846
1403896098373124097,neutral,1.7927716970443726,0.9353060126304626,0.4353983700275421
1403896098410831874,neutral,1.719029426574707,0.3016170263290405,1.5750664472579956
1403896100151431171,negative,1.3783894777297974,0.08099622279405594,1.7644766569137573
1403896100965163010,neutral,1.5681930780410767,0.7846378684043884,0.4407552182674408
1403896101325860864,neutral,1.7357003688812256,0.47503864765167236,0.39780527353286743
1403896103041388545,neutral,1.2913448810577393,0.6252432465553284,-0.1948150247335434
1403896103439933441,neutral,2.5502030849456787,1.2705144882202148,-0.7324720621109009
1403896103985090564,negative,1.8388811349868774,-1.0376383066177368,2.119652509689331
1403896104043700226,negative,0.9362404942512512,-1.1372274160385132,3.310227394104004
1403896104689844224,negative,1.264915108680725,-0.37222835421562195,1.4042580127716064
1403896105566359553,neutral,3.7063755989074707,2.072148561477661,-1.0553139448165894
1403896105595592709,negative,1.5462321043014526,-0.9039552807807922,1.93699049949646
1403896106954772484,negative,0.7769309282302856,-0.7599895596504211,3.344684362411499
1403896108783337479,negative,0.45649638772010803,-0.8170602917671204,3.7533462047576904
1403896108900827149,neutral,1.930527687072754,-0.40080782771110535,0.9867516756057739
1403896109563449345,neutral,2.8217248916625977,0.025734826922416687,0.5355104804039001
1403896109819326465,neutral,1.38202965259552,-0.022215738892555237,0.9734161496162415
1403896110544945155,positive,1.9606869220733643,2.8405983448028564,-0.9171941876411438
1403896110611976196,neutral,2.136390447616577,0.6113205552101135,0.770275890827179
1403896111576895488,neutral,1.7757548093795776,0.414730429649353,0.7451025247573853
1403896112377909250,negative,1.133514404296875,-0.6450456380844116,1.8539469242095947
1403896112587681792,negative,1.600744605064392,-1.2062617540359497,3.0223491191864014
1403896112725987334,negative,1.3134132623672485,-0.5762357115745544,1.6616076231002808
1403896114890248194,neutral,1.6105424165725708,0.6825869083404541,0.4923074543476105
1403896116568068097,neutral,1.9629874229431152,-0.028691358864307404,1.4329012632369995
1403896117423656963,negative,0.9585455656051636,-0.32701703906059265,1.4174801111221313
1403896117457215490,neutral,1.610728144645691,1.3471002578735352,0.015460234135389328
1403896118178574339,neutral,1.2099906206130981,0.6187319755554199,0.3251561224460602
1403896119042580481,negative,0.6176196932792664,-1.1354565620422363,3.41622257232666
1403896119197716481,negative,1.2658138275146484,-0.5873260498046875,1.5381659269332886
1403896120980377601,neutral,1.7081120014190674,0.8053369522094727,0.39551350474357605
1403896122532405249,neutral,1.7864497900009155,0.25869786739349365,0.24668125808238983
1403896124163960833,neutral,1.9597936868667603,0.7192761301994324,0.20872625708580017
1403896126244233218,negative,1.4421217441558838,-1.0861921310424805,2.6048994064331055
1403896126529548289,negative,1.2574292421340942,-0.8267928957939148,1.8945553302764893
1403896126982418433,neutral,1.3119465112686157,0.5851280093193054,0.5620934963226318
1403896128878256128,neutral,1.3125693798065186,0.4849710464477539,0.6376805305480957
1403896129968771074,negative,1.366881251335144,-0.9751682877540588,2.2167019844055176
1403896130128080899,negative,1.0337857007980347,-0.8244706392288208,2.581447124481201
1403896131063590917,neutral,1.751924991607666,0.2662629783153534,0.5276235938072205
1403896131210280965,neutral,1.7589492797851562,0.8815646767616272,0.34311267733573914
1403896131864518656,negative,1.3783894777297974,0.08099622279405594,1.7644766569137573
1403896132552564736,positive,0.07850106060504913,0.9745087623596191,0.40482574701309204
1403896134070804480,neutral,1.6620606184005737,0.7857858538627625,0.38707754015922546
1403896135782080517,neutral,1.6488020420074463,0.5098005533218384,0.5338507294654846
1403896138223079428,negative,0.7261295914649963,-0.20685163140296936,2.0166015625
1403896139443703808,neutral,1.6620606184005737,0.7857858538627625,0.38707754015922546
1403896140349591568,positive,1.0114909410476685,1.0493850708007812,0.15122321248054504
1403896140806844419,neutral,1.6620606184005737,0.7857858538627625,0.38707754015922546
1403896141058514944,neutral,1.6855747699737549,0.37137290835380554,0.3793219327926636
1403896141981253632,neutral,0.7694358825683594,0.31084591150283813,0.7596154808998108
1403896142648205312,neutral,2.677596092224121,0.95649254322052,0.09374506026506424
1403896143717801985,negative,0.2545692026615143,-0.5871288180351257,2.0794379711151123
1403896144716042243,positive,1.6195392608642578,2.6595239639282227,-0.1984703689813614
1403896145424703497,neutral,0.9333500862121582,0.267404705286026,0.671319842338562
1403896145567379461,negative,1.1678311824798584,0.09376925975084305,1.3716529607772827
1403896145655603200,negative,1.174221158027649,-0.36731794476509094,1.732596755027771
1403896146360029189,neutral,1.6855745315551758,0.37137293815612793,0.37932196259498596
1403896147408740359,neutral,1.898215889930725,0.2811432480812073,0.3218303620815277
1403896147547144192,neutral,1.586132287979126,0.16253724694252014,0.5558964014053345
1403896147840753665,negative,0.6889609694480896,0.7144207954406738,1.5107994079589844
1403896147882692610,negative,1.7604578733444214,-0.6767100095748901,1.812677264213562
1403896148775948289,positive,1.9316705465316772,2.1811797618865967,-0.5911884903907776
1403896148956307456,negative,1.152332067489624,-0.8794052004814148,2.176450252532959
1403896149451309061,neutral,1.7930899858474731,0.07051332294940948,1.050408959388733
1403896149459623941,neutral,1.7373532056808472,-0.017367392778396606,1.4273333549499512
1403896149510017028,negative,1.3550366163253784,-0.4743441045284271,2.103302001953125
1403896149770129414,neutral,2.8217248916625977,0.025734826922416687,0.5355104804039001
1403896150604742658,negative,1.5462321043014526,-0.9039552807807922,1.93699049949646
1403896151393271813,negative,0.8801712989807129,-0.5190507769584656,2.0927202701568604
1403896151422636032,neutral,1.8709139823913574,0.7854757905006409,0.30547598004341125
1403896152001495041,negative,1.323729395866394,0.2774902284145355,1.437361478805542
1403896153360408580,positive,0.9519140720367432,1.0285524129867554,-0.08482157438993454
1403896154790760448,neutral,1.7757548093795776,0.414730429649353,0.7451025247573853
1403896156334264321,neutral,2.8217248916625977,0.025734826922416687,0.5355104804039001
1403896156397125636,negative,0.8643153309822083,-0.7631246447563171,2.408846855163574
1403896156577431554,neutral,1.6620606184005737,0.7857858538627625,0.38707754015922546
1403896157038727171,neutral,1.5385280847549438,0.8564227819442749,0.10642799735069275
1403896157340946438,positive,0.9626163840293884,1.083571195602417,0.841820478439331
1403896157688918016,neutral,1.959824562072754,0.8966681957244873,0.09324123710393906
1403896158146031619,neutral,1.6661245822906494,0.873645544052124,0.3567570745944977
1403896159442292741,positive,0.7009413838386536,2.1728415489196777,-0.02300858311355114
1403896159823810560,neutral,1.7037450075149536,0.6180882453918457,0.16529782116413116
1403896160327286785,neutral,2.306673765182495,-0.38158661127090454,0.8096886277198792
1403896160490704896,negative,0.3149402141571045,-0.955798327922821,3.343172073364258
1403896160981458945,negative,1.1647350788116455,-0.16531908512115479,1.7389090061187744
1403896161283366913,neutral,1.1775622367858887,0.5024921298027039,0.32239440083503723
1403896161740591105,negative,1.3783894777297974,0.08099622279405594,1.7644766569137573
1403896162025934855,negative,0.8481420874595642,0.2811257541179657,0.911637008190155
1403896162290069505,negative,0.8687061667442322,0.2736507058143616,1.8960102796554565
1403896162348900353,neutral,1.6855747699737549,0.37137290835380554,0.3793219327926636
1403896162751455233,positive,1.5761775970458984,3.2153983116149902,-0.7743899822235107
1403896165503016960,neutral,1.2752015590667725,1.0421295166015625,0.20626705884933472
1403896166438248451,neutral,1.6488020420074463,0.5098005533218384,0.5338507294654846
1403896168208236552,neutral,1.6105424165725708,0.6825869679450989,0.4923074543476105
1403896168745144321,negative,0.9124486446380615,-1.1614341735839844,3.117227554321289
1403896169533607941,neutral,1.4647424221038818,0.39907756447792053,0.6300485134124756
1403896171391721476,neutral,1.6488020420074463,0.5098005533218384,0.5338507294654846
1403896175040794627,neutral,2.417673349380493,0.10174553841352463,0.48238369822502136
1403896175292555273,negative,0.6439996957778931,-1.2103720903396606,3.6401171684265137
1403896175569342465,neutral,2.0050511360168457,1.060407280921936,0.1806577891111374
1403896175972044800,neutral,1.2478383779525757,-0.22886306047439575,0.90718013048172
1403896176554823684,positive,1.4189510345458984,1.4466389417648315,-0.5130366683006287
1403896178027106305,negative,1.3783894777297974,0.08099622279405594,1.7644766569137573
1403896178064904193,negative,1.600744605064392,-1.2062617540359497,3.0223491191864014
1403896178941448192,positive,1.71284818649292,3.13368821144104,-0.8161806464195251
1403896179146989568,negative,1.91299569606781,-0.3594071865081787,1.9464449882507324
1403896179574939648,neutral,2.4935905933380127,1.6925653219223022,-0.4323835074901581
1403896180954775554,neutral,1.4131537675857544,-0.4414275586605072,0.7303470969200134
1403896184037543938,neutral,2.1617162227630615,-1.0657998323440552,2.0157408714294434
1403896184603918338,neutral,1.6855747699737549,0.37137290835380554,0.3793219327926636
1403896187560906753,neutral,1.4281240701675415,0.254707932472229,0.7170526385307312
1403896187636224003,neutral,1.6102138757705688,0.8570886850357056,-0.6439206600189209
1403896187644563456,neutral,1.7403372526168823,-0.019819200038909912,0.7055637240409851
1403896188231852038,neutral,3.2971949577331543,1.9465025663375854,-0.931004524230957
1403896188642934786,negative,1.0304484367370605,-0.8581323027610779,2.982595682144165
1403896189527941121,negative,1.0962896347045898,-0.7766621112823486,2.6958675384521484
1403896189532188672,negative,1.1624798774719238,-1.016937017440796,3.1917920112609863
1403896189624328196,neutral,1.0701236724853516,-0.3414061367511749,0.9018000364303589
1403896189695758336,neutral,2.3061580657958984,0.5227155089378357,0.32168158888816833
1403896190068957184,neutral,2.2063207626342773,0.8158878684043884,-0.07990814745426178
1403896191763558404,negative,1.0406744480133057,0.022040024399757385,1.062070369720459
1403896192593973248,neutral,1.5906554460525513,-0.28880009055137634,1.229681134223938
1403896192778506244,negative,0.8494890332221985,-0.913307249546051,2.530350923538208
1403896193973882885,positive,1.696275234222412,2.6205697059631348,-1.0037487745285034
1403896194867204101,neutral,2.0761566162109375,-0.19646719098091125,1.0718799829483032
1403896195047518210,negative,1.5086452960968018,-0.9029343128204346,2.11234712600708
1403896195290832899,negative,0.5887587070465088,-0.24773678183555603,1.7165207862854004
1403896196003893248,neutral,1.9308781623840332,1.2868423461914062,0.20779594779014587
1403896196570222593,neutral,2.8217248916625977,0.025734826922416687,0.5355104804039001
1403896196679229440,negative,1.041457176208496,-0.3373723328113556,1.9322006702423096
1403896196842721282,neutral,1.3460657596588135,-0.13432446122169495,1.3449151515960693
1403896197119725573,positive,0.27327507734298706,1.5498764514923096,0.9389221668243408
1403896197329440772,negative,0.9111319184303284,-1.0318018198013306,2.793137311935425
1403896197484404736,positive,2.4491124153137207,4.319911479949951,-1.0373390913009644
1403896197564219396,neutral,1.6855747699737549,0.37137290835380554,0.3793219327926636
1403896198038183947,negative,0.5471452474594116,-0.48848405480384827,2.3497166633605957
1403896198247890945,negative,1.2623422145843506,-1.2370593547821045,2.9731826782226562
1403896199040561161,positive,2.652576446533203,2.8283133506774902,-0.7504139542579651
1403896199359434756,neutral,2.8217248916625977,0.025734826922416687,0.5355104804039001
1403896199409713155,neutral,2.511388063430786,0.877990186214447,0.054575175046920776
1403896199711756289,neutral,2.036994695663452,0.8306233882904053,-0.2771978974342346
1403896199854256131,neutral,2.259186029434204,1.8450374603271484,-0.18206211924552917
1403896200236081159,positive,1.9316705465316772,2.1811797618865967,-0.5911884903907776
1403896201746030593,neutral,1.6156479120254517,1.003430962562561,0.961084246635437
1403896202026881028,negative,0.8420926332473755,-1.0463007688522339,2.9214370250701904
1403896203100647425,positive,1.9390071630477905,5.046140193939209,-1.3238822221755981
1403896203725598728,positive,2.2271289825439453,3.158660650253296,-1.025310754776001
1403896204044427264,neutral,1.6156479120254517,1.003430962562561,0.961084246635437
1403896205248057347,positive,0.7804622054100037,2.5993075370788574,-0.10382270067930222
1403896205466296326,negative,1.224915862083435,-0.9688088297843933,2.2292377948760986
1403896206586105857,positive,0.9508199095726013,1.3293368816375732,-0.5647506713867188
1403896206925778945,positive,0.7804622054100037,2.5993075370788574,-0.10382270067930222
1403896208192540675,negative,1.074497938156128,0.38210824131965637,1.159598469734192
1403896208217702402,neutral,1.7588891983032227,0.08880142867565155,1.3759819269180298
1403896208330924037,positive,0.7804622054100037,2.5993075370788574,-0.10382270067930222
1403896209194979330,negative,1.385195016860962,-1.4497370719909668,3.4399702548980713
1403896209950097412,neutral,1.2024405002593994,-0.006900973618030548,0.6237455010414124
1403896209987686409,positive,0.7804622054100037,2.5993075370788574,-0.10382270067930222
1403896211111923714,positive,1.8646761178970337,1.94443678855896,0.020454689860343933
1403896211770273795,neutral,1.6720356941223145,-0.6389610767364502,1.480116844177246
1403896212068225028,neutral,1.9733142852783203,-0.07139786332845688,0.3376435935497284
1403896212101632000,negative,0.8713287711143494,-0.3911588191986084,2.0013623237609863
1403896212462387205,negative,1.569740891456604,-1.1001583337783813,2.3370935916900635
1403896212877721601,neutral,1.7757548093795776,0.414730429649353,0.7451025247573853
1403896213477466112,neutral,1.8766101598739624,-0.7929630875587463,1.5309431552886963
1403896214592970761,neutral,1.6156479120254517,1.003430962562561,0.961084246635437
1403896215738011653,neutral,2.0562403202056885,0.7804512977600098,-0.02270045317709446
1403896215968833537,neutral,1.5289204120635986,0.43067941069602966,0.5868949890136719
1403896216732135426,neutral,2.5457308292388916,1.3318946361541748,-0.5181329846382141
1403896216757231620,negative,1.1697784662246704,-0.16036733984947205,1.5949842929840088
1403896217763991553,neutral,1.0779736042022705,0.8283191323280334,-0.1045321598649025
1403896218191687683,neutral,2.6163887977600098,1.7948633432388306,-0.3423825204372406
1403896218611339265,neutral,1.478287935256958,0.0157230943441391,0.9682216048240662
1403896221480087552,negative,0.7601130604743958,0.442941814661026,0.8134540319442749
1403896223040303105,neutral,3.342149496078491,2.0959599018096924,-0.7580814957618713
1403896224063836162,positive,0.6492589116096497,1.2658936977386475,0.6616939902305603
1403896224315416578,positive,0.6602657437324524,2.075251340866089,0.2738839089870453
1403896224583802880,negative,0.3283757269382477,-0.27006620168685913,0.7818819284439087
1403896224965668865,negative,1.6430704593658447,-0.5254428386688232,1.8245536088943481
1403896225586372611,neutral,1.2922351360321045,0.6445894241333008,0.7937878370285034
1403896225703743488,positive,1.0197185277938843,1.9643357992172241,-0.22769038379192352
1403896226437816321,neutral,1.2400773763656616,0.8503364324569702,0.11373041570186615
1403896228014927875,neutral,2.4704020023345947,-0.11762049049139023,1.1930924654006958
1403896229520572419,negative,1.348229169845581,-0.9722359776496887,2.1915171146392822
1403896229658955784,positive,1.023274540901184,2.12880539894104,0.011947978287935257
1403896229835153410,positive,2.9868199825286865,4.096158027648926,-1.4678245782852173
1403896229944168448,neutral,1.4783037900924683,-0.06829573959112167,1.253905177116394
1403896232116768770,neutral,1.8120967149734497,1.2665396928787231,0.2792927026748657
1403896233383526400,neutral,3.6189329624176025,1.4409960508346558,-0.8887680172920227
1403896234310467589,neutral,1.1228432655334473,0.3682563304901123,0.637382447719574
1403896235682000902,neutral,2.674644708633423,0.6887145042419434,0.0906410664319992
1403896236361629702,negative,1.3484359979629517,-0.2994024157524109,1.7680085897445679
1403896236369797123,neutral,1.0706915855407715,0.61469966173172,0.49308282136917114
1403896236445298688,positive,1.3180267810821533,1.4681947231292725,0.049153201282024384
1403896236697137153,neutral,1.6855747699737549,0.37137290835380554,0.3793219327926636
1403896237141659649,positive,1.176079273223877,1.7872618436813354,0.12866932153701782
1403896237250674689,positive,1.4789551496505737,1.6262950897216797,-0.03680422902107239
1403896237456195593,positive,2.937074899673462,3.514441728591919,-1.266996145248413
1403896237783351306,neutral,2.083320379257202,1.3273518085479736,-0.004621686413884163
1403896238462980099,neutral,1.990781545639038,-0.2908521592617035,0.9143689870834351
1403896239050039297,neutral,3.1098196506500244,2.5038719177246094,-0.8735253214836121
1403896242590031881,negative,1.5770734548568726,-0.900102436542511,2.19911789894104
1403896244158693378,negative,1.1459617614746094,-0.7616485953330994,2.5804991722106934
1403896244368379912,neutral,1.6155511140823364,1.2141159772872925,-0.8696717023849487
1403896245404512256,negative,1.727341890335083,-0.7378231883049011,2.6880602836608887
1403896246079836170,neutral,1.4419529438018799,-0.13296478986740112,0.3638518154621124
1403896246276792324,positive,2.2271289825439453,3.158660650253296,-1.025310754776001
1403896246754897924,negative,1.1340065002441406,0.3534800410270691,1.5171374082565308
1403896246981517313,neutral,2.636843681335449,0.9534133076667786,-0.051725246012210846
1403896247690436611,positive,1.3484781980514526,1.9359002113342285,-0.05877675861120224
1403896248990461953,neutral,1.349120020866394,1.1481306552886963,-0.7317522764205933
1403896249233788930,neutral,1.0299534797668457,0.9397843480110168,0.887543261051178
1403896250362122240,neutral,2.8217248916625977,0.025734826922416687,0.5355104804039001
1403896250920022016,neutral,1.9276533126831055,-0.3041030764579773,0.8039072751998901
1403896251188318211,neutral,3.504526376724243,1.4464167356491089,-0.8022863864898682
1403896252346028035,neutral,1.3155486583709717,0.19214263558387756,1.223233699798584
1403896252849442819,neutral,1.46206796169281,-0.17086762189865112,1.239047646522522
1403896253323218944,positive,0.7804622054100037,2.5993075370788574,-0.10382270067930222
1403896253570715650,neutral,1.7891324758529663,1.4747320413589478,-0.9684591293334961
1403896253742653441,negative,1.2766809463500977,-0.6316001415252686,1.744517207145691
1403896254392942598,negative,0.8134744167327881,0.8829100131988525,1.1017308235168457
1403896254401159171,positive,0.8585636019706726,2.7392585277557373,-0.18223939836025238
1403896255017754628,neutral,1.9701077938079834,-0.4340194761753082,0.9729315042495728
1403896255676178444,negative,1.1085838079452515,-0.4785763919353485,1.8819005489349365
1403896256053878788,neutral,1.7790426015853882,-0.34085530042648315,0.98850417137146
1403896256980738049,neutral,1.7757548093795776,0.414730429649353,0.7451025247573853
1403896257052033028,negative,1.7003291845321655,-0.9800763726234436,2.1134586334228516
1403896257379135489,positive,0.7804622054100037,2.5993075370788574,-0.10382270067930222
1403896258129842182,negative,0.12524262070655823,-0.29014039039611816,1.8031072616577148
1403896259102998530,positive,0.7804622054100037,2.5993075370788574,-0.10382270067930222
1403896259841306626,neutral,1.7369836568832397,-0.5208842158317566,1.676192283630371
1403896260042625026,negative,0.6173499822616577,0.03159691020846367,1.6682699918746948
1403896261489696778,negative,0.7838588953018188,-0.8143433928489685,2.5138864517211914
1403896262273867777,negative,1.3783894777297974,0.08099622279405594,1.7644766569137573
1403896262693429250,neutral,1.921574354171753,0.022662602365016937,0.49969053268432617
1403896262915620870,positive,0.7804622054100037,2.5993075370788574,-0.10382270067930222
1403896264048078848,neutral,1.8546539545059204,-0.7078397870063782,1.5577565431594849
1403896265528729603,positive,0.6351419687271118,3.8620097637176514,-0.12531490623950958
1403896267273551877,neutral,1.2388321161270142,0.027691762894392014,0.619255006313324
1403896268271800323,negative,1.195248007774353,-0.43998029828071594,1.8944412469863892
1403896268661825536,positive,0.7804622054100037,2.5993075370788574,-0.10382270067930222
1403896268976365572,negative,1.0079480409622192,-1.212664008140564,3.208834171295166
1403896270205296642,negative,1.1085838079452515,-0.47857633233070374,1.8819005489349365
1403896270209437699,positive,0.7804622054100037,2.5993075370788574,-0.10382270067930222
1403896272034095106,neutral,1.4669963121414185,-0.5032957792282104,1.2747797966003418
1403896272897994753,neutral,1.5724239349365234,-0.3775559067726135,1.395716667175293
1403896273053356035,neutral,1.430562973022461,0.0907946303486824,1.0932543277740479
1403896273464221698,neutral,1.6677603721618652,-0.33465254306793213,1.4058082103729248
1403896273493655556,neutral,1.5473833084106445,1.1066056489944458,0.38655486702919006
1403896274001215490,positive,0.14753279089927673,1.0309069156646729,-0.0020346324890851974
1403896274223611911,positive,0.4380453824996948,1.7904605865478516,0.18414655327796936
1403896274483433472,negative,0.8883568048477173,-0.13304078578948975,2.512199878692627
1403896275305594881,negative,1.6347386837005615,0.07964827865362167,2.4587066173553467
1403896275532062727,neutral,1.491257905960083,0.29441916942596436,0.9438563585281372
1403896275586539521,positive,1.8832919597625732,3.138092517852783,-0.5668795108795166
1403896276362711044,neutral,1.120404839515686,0.9677435755729675,0.17509347200393677
1403896276840706053,neutral,1.9355831146240234,0.4871305525302887,0.27890682220458984
1403896277125849094,neutral,1.384039044380188,0.7305709719657898,0.9757872819900513
1403896280481370112,negative,1.4079326391220093,-0.008819334208965302,1.7705436944961548
1403896281076887565,negative,0.7989307045936584,-0.6253312826156616,2.8560593128204346
1403896282167582721,negative,1.6007444858551025,-1.2062617540359497,3.0223493576049805
1403896283815985155,neutral,1.5862016677856445,0.4799656569957733,-0.13512404263019562
1403896284788903939,neutral,1.7952748537063599,0.2741679549217224,0.7949954271316528
1403896285564788737,positive,1.504384160041809,2.3081588745117188,-0.18132823705673218
1403896285690830857,neutral,1.6855747699737549,0.37137290835380554,0.3793219327926636
1403896286839984129,neutral,1.9274386167526245,-0.1654486358165741,0.9127358198165894
1403896287930376193,neutral,1.7921507358551025,-0.9263166189193726,1.761049747467041
1403896288291262464,negative,0.62626713514328,-0.42246297001838684,2.899601459503174
1403896288438099968,neutral,1.8167301416397095,-0.7457255125045776,1.4744458198547363
1403896289046192132,negative,0.33292368054389954,-0.6625451445579529,2.1369104385375977
1403896290715521024,neutral,2.9109089374542236,0.9440732598304749,-0.6063929200172424
1403896292514832387,neutral,1.6156479120254517,1.003430962562561,0.961084246635437
1403896292703490052,neutral,1.719029426574707,0.3016170263290405,1.5750664472579956
1403896293072814080,neutral,2.022453784942627,1.7110978364944458,0.17784908413887024
1403896293114597376,neutral,1.7323914766311646,0.1615239977836609,0.7397105097770691
1403896293387350019,positive,1.5099692344665527,1.875906229019165,0.014303603209555149
1403896294733717506,neutral,2.0148651599884033,-0.08279155939817429,0.1975666880607605
1403896295316758528,negative,1.0396032333374023,0.10829411447048187,1.509763240814209
1403896295371182084,neutral,1.7627015113830566,0.5798935294151306,0.28749358654022217
1403896296075841538,negative,1.4835381507873535,0.5047314167022705,1.503318190574646
1403896298617647106,negative,1.4180809259414673,-0.9168719053268433,1.8428053855895996
1403896298953052166,neutral,0.5837048888206482,0.38897573947906494,-0.01242080144584179
1403896299699724290,positive,0.6175743341445923,3.707176685333252,0.09729398041963577
1403896300668588035,neutral,1.6156479120254517,1.003430962562561,0.961084246635437
1403896300815409155,neutral,3.015099048614502,1.2973811626434326,-0.6166729927062988
1403896302757236738,negative,1.1589841842651367,0.14561827480793,1.1910535097122192
1403896303868735491,negative,1.3783894777297974,0.08099622279405594,1.7644766569137573
1403896305731072001,neutral,1.657442569732666,0.4727362394332886,0.07813060283660889
1403896306142093313,neutral,3.2077419757843018,2.311460256576538,-0.8848403096199036
1403896306767208448,positive,1.2503904104232788,1.347119688987732,0.33987388014793396
1403896306968506369,negative,0.618405282497406,-0.09577976912260056,1.9055339097976685
1403896307001921539,positive,0.3766288459300995,1.8430862426757812,0.5316335558891296
1403896309023592449,negative,1.2955279350280762,-0.2874966263771057,1.406001329421997
1403896309422116864,negative,1.399216890335083,-0.34651434421539307,1.5682761669158936
1403896309476638721,negative,1.4925143718719482,-0.5370802283287048,1.6467170715332031
1403896309837271043,neutral,1.7964764833450317,0.27357715368270874,0.12450414150953293
1403896310680465411,neutral,2.0398097038269043,0.6565144658088684,0.08112095296382904
1403896311548571652,neutral,1.5709108114242554,0.9171649813652039,-0.11449820548295975
1403896311750049793,neutral,1.6544827222824097,0.5149591565132141,0.4333544671535492
1403896313746530305,positive,0.47855859994888306,3.396580457687378,0.02354537323117256
1403896314375684098,neutral,1.4650903940200806,0.4135914146900177,1.0720244646072388
1403896315759652864,neutral,1.0706915855407715,0.61469966173172,0.49308282136917114
1403896316749520896,negative,0.3011561632156372,0.08835861086845398,1.604301929473877
1403896318402207744,negative,0.5386452674865723,-0.7482324838638306,3.1129918098449707
1403896319765143554,negative,1.208869457244873,-1.1089973449707031,2.7605974674224854
1403896321321357317,neutral,0.7636217474937439,0.49377569556236267,0.2429913431406021
1403896321728188416,negative,1.3547590970993042,-0.6309078931808472,2.1154937744140625
1403896321744977921,negative,0.9210535287857056,0.06475561112165451,1.3824772834777832
1403896322856345604,neutral,2.5156655311584473,1.513499140739441,-0.13164688646793365
1403896324185989120,neutral,1.3638148307800293,0.09407073259353638,0.7090076804161072
1403896325603840002,neutral,1.4214915037155151,0.3286350965499878,0.8487671613693237
1403896325721133056,negative,0.35076385736465454,-1.0415796041488647,3.53064227104187
1403896326555725826,neutral,1.2953840494155884,-0.06902272254228592,0.8361285328865051
1403896327331880960,negative,0.5925291776657104,-1.3262702226638794,4.086254596710205
1403896328992796673,negative,0.8993688821792603,-1.0012463331222534,2.6860365867614746
1403896329172963328,negative,1.2766809463500977,-0.6316001415252686,1.744517207145691
1403896330091651073,positive,1.3209025859832764,1.984281301498413,0.005960766226053238
1403896332490846208,negative,1.557965874671936,-1.0858464241027832,2.697692632675171
1403896334889852928,positive,1.8585824966430664,1.8781999349594116,-0.16802313923835754
1403896335183589377,negative,0.45649638772010803,-0.8170602917671204,3.7533462047576904
1403896335397494786,neutral,2.306673765182495,-0.38158661127090454,0.8096886277198792
1403896335934255104,neutral,1.4685285091400146,1.3584407567977905,-0.615080714225769
1403896336936628226,negative,1.2459187507629395,-0.5030747056007385,2.087157726287842
1403896337599369222,negative,1.788101315498352,-0.9326849579811096,2.0165810585021973
1403896338593435648,negative,0.9929909110069275,-0.7368529438972473,1.9260650873184204
1403896341382766592,neutral,1.3460657596588135,-0.13432446122169495,1.3449151515960693
1403896341625987072,neutral,1.31143319606781,0.525142252445221,0.9486505389213562
1403896343563669520,neutral,0.7043263912200928,-0.035507045686244965,0.3877880871295929
1403896343702036488,negative,1.4805930852890015,-1.0085647106170654,2.6671459674835205
1403896344922755073,negative,1.7538214921951294,-0.7471761107444763,1.915887713432312
1403896344968712193,neutral,2.8194010257720947,1.7607423067092896,-0.5749666690826416
1403896345665183744,neutral,1.6855746507644653,0.37137290835380554,0.37932199239730835
1403896346332049411,positive,1.0465434789657593,2.1493937969207764,0.2822149693965912
1403896346810085377,negative,0.9136680960655212,-0.26497089862823486,1.2766344547271729
1403896347196112899,neutral,2.1471245288848877,0.6025561690330505,0.45981037616729736
1403896347539955717,positive,0.605652391910553,1.4486936330795288,1.367438554763794
1403896348353630208,positive,0.30698269605636597,3.592850685119629,-0.7651811242103577
1403896348961738752,negative,1.3439666032791138,-0.8375594615936279,2.210785150527954
1403896349205008385,negative,1.362180471420288,-0.7084619998931885,2.4878149032592773
1403896349976846338,neutral,1.6854201555252075,0.5920380353927612,0.1695811152458191
1403896350773817346,negative,1.8388811349868774,-1.0376383066177368,2.11965274810791
1403896350962503682,neutral,1.7859445810317993,-0.7825890183448792,1.418335199356079
1403896350975086595,negative,0.08983057737350464,0.7840687036514282,0.7922385334968567
1403896351855874051,neutral,1.7127277851104736,-0.6399855017662048,1.090612769126892
1403896352237670403,neutral,1.4503213167190552,-0.22100985050201416,0.3493788540363312
1403896352476598274,negative,1.4049443006515503,-0.6037217378616333,1.6299607753753662
1403896353181339650,negative,0.3756324052810669,0.16684120893478394,2.0286474227905273
1403896353390948352,neutral,1.511156678199768,0.818858802318573,0.46733278036117554
1403896353428811776,negative,0.463828444480896,-0.11839067190885544,1.0404680967330933
1403896353634369538,neutral,1.9450430870056152,1.0596685409545898,0.07989832758903503
1403896355907543048,neutral,0.7959778308868408,0.31501078605651855,0.6477986574172974
1403896355949584385,neutral,2.1617162227630615,-1.0657998323440552,2.0157408714294434
1403896357077716994,positive,0.7175542116165161,1.4235161542892456,0.30924034118652344
1403896357329555458,negative,0.5034336447715759,1.08074152469635,1.231013298034668
1403896357660905476,positive,1.3209025859832764,1.9842811822891235,0.005960732698440552
1403896358499610624,neutral,2.183211326599121,1.34367036819458,-0.04675911366939545
1403896359153934337,neutral,3.530146598815918,1.6300078630447388,-1.065041184425354
1403896359657390080,negative,0.28558892011642456,-0.5956152081489563,3.2724533081054688
1403896361901346816,neutral,1.4214916229248047,0.328635036945343,0.8487669825553894
1403896362194853889,negative,0.903951108455658,-0.5737015008926392,1.598417043685913
1403896362970669063,neutral,0.9423771500587463,0.35469433665275574,0.7388404607772827
1403896364325478405,neutral,1.6077783107757568,0.005293108522891998,0.9944087862968445
1403896365009174529,positive,1.8832919597625732,3.138092279434204,-0.5668795704841614
1403896365369815044,neutral,1.365983247756958,-0.02624882012605667,1.3223859071731567
1403896366095646723,neutral,2.8217248916625977,0.025734789669513702,0.5355105996131897
1403896367140032516,neutral,1.3059560060501099,0.20936420559883118,0.8904290199279785
1403896367290929159,neutral,1.5035425424575806,0.7824464440345764,0.30831581354141235
1403896367525904386,neutral,1.8066755533218384,-0.12174610048532486,0.462054967880249
1403896367584526342,negative,1.600744366645813,-1.2062617540359497,3.0223493576049805
1403896367978729472,neutral,1.0928045511245728,0.3101691007614136,0.8269418478012085
1403896368486354948,negative,1.0870575904846191,-1.127316951751709,3.165050983428955
1403896369530744834,neutral,1.197285532951355,0.23835936188697815,0.37437546253204346
1403896370721923076,negative,1.2667111158370972,-0.2622411549091339,1.7691844701766968
1403896370776342528,positive,2.0434772968292236,3.60387921333313,-0.9908580780029297
1403896372043132929,neutral,2.3061580657958984,0.5227155089378357,0.32168158888816833
1403896372382912512,neutral,1.7249599695205688,0.16920894384384155,0.5227683782577515
1403896372886183936,negative,1.2987169027328491,-0.5234190821647644,1.5412321090698242
1403896374152753157,negative,0.9694333672523499,-0.12924203276634216,1.8074254989624023
1403896376145104896,neutral,1.8905603885650635,-0.6272006630897522,1.4046282768249512
1403896376300163077,negative,1.6575448513031006,-0.8544827699661255,2.0584216117858887
1403896376623353856,negative,1.333633542060852,-0.07401936501264572,1.6430953741073608
1403896378120568833,negative,1.2311676740646362,-0.35639598965644836,1.9949356317520142
1403896378653241346,neutral,1.6541038751602173,-0.29147568345069885,0.7761955261230469
1403896380750434309,negative,1.4392896890640259,-0.9152212738990784,2.093587636947632
1403896381610201098,neutral,1.5678390264511108,0.6393796801567078,0.277120977640152
1403896381899747328,neutral,2.212160110473633,-0.031338587403297424,0.8980836868286133
1403896382478487554,neutral,1.0779736042022705,0.8283191919326782,-0.10453211516141891
1403896382851719171,negative,1.3328378200531006,-1.1997720003128052,3.0109009742736816
1403896383527079936,negative,1.4112136363983154,-0.459743469953537,1.5471115112304688
1403896383766089736,positive,0.43804535269737244,1.790460467338562,0.18414661288261414
1403896383837507584,negative,0.8481420874595642,0.2811258137226105,0.911637008190155
1403896383887663106,neutral,1.6290286779403687,0.8801046013832092,0.8708502054214478
1403896385007538180,neutral,3.0158512592315674,1.1948474645614624,-0.3536771833896637
1403896387624857609,negative,1.5124634504318237,-0.17101454734802246,1.7665983438491821
1403896388451069957,neutral,2.9287140369415283,2.3617849349975586,-0.7411001920700073
1403896389587800064,negative,1.5003094673156738,-1.08436918258667,2.319007396697998
1403896390472945674,negative,1.1479054689407349,-1.0064316987991333,2.595144271850586
1403896392117100544,neutral,2.1402173042297363,1.5014022588729858,0.2278197556734085
1403896392246956034,negative,1.3328378200531006,-1.1997720003128052,3.0109009742736816
1403896392402178048,negative,1.3328378200531006,-1.1997720003128052,3.0109009742736816
1403896393706713091,neutral,2.116240978240967,2.0055758953094482,-0.459467351436615
1403896393836683268,negative,0.864315390586853,-0.7631246447563171,2.408846855163574
1403896393995984897,positive,2.2271292209625244,3.158660650253296,-1.0253106355667114
1403896395484913666,negative,1.24591863155365,-0.5030746459960938,2.087157726287842
1403896396684607491,neutral,2.03373646736145,1.4305157661437988,-0.5233412384986877
1403896397133406212,neutral,1.9179660081863403,0.11516597867012024,0.8848159909248352
1403896397359849472,neutral,1.9411959648132324,0.5144813656806946,0.3499409258365631
1403896399129808897,negative,1.5072195529937744,-0.6077654957771301,2.1768336296081543
1403896399129948164,neutral,3.054405927658081,1.6064095497131348,-0.4913334846496582
1403896400182657028,negative,1.483538031578064,0.5047314763069153,1.5033180713653564
1403896400270839813,neutral,1.4937635660171509,0.49027347564697266,0.6886565089225769
1403896402720268289,positive,1.7462823390960693,1.8249917030334473,-0.0877644494175911
1403896404360130564,negative,1.3880501985549927,-0.9283557534217834,2.3284833431243896
1403896404389548036,negative,0.1652960479259491,-0.2917408049106598,1.969849705696106
1403896406612533251,neutral,1.732077717781067,0.057468313723802567,0.2469756007194519
1403896407870824451,positive,1.5224677324295044,1.7473760843276978,-0.11863013356924057
1403896407971434501,negative,1.0378152132034302,-0.5505462288856506,1.517237901687622
1403896408307023878,neutral,1.6670814752578735,1.0647478103637695,-0.44932201504707336
1403896410290933764,negative,1.604627251625061,-0.6718469858169556,1.8484396934509277
1403896411037388801,positive,0.3796103298664093,0.8312349915504456,-0.0162097979336977
1403896412455067652,negative,1.8285834789276123,-1.1471482515335083,2.4034361839294434
1403896412505522179,neutral,2.1645126342773438,0.35522112250328064,0.3620017468929291
1403896412882997250,neutral,2.035651206970215,1.0119965076446533,-0.1774083822965622
1403896413969256448,neutral,1.2543612718582153,1.066585659980774,0.5525931119918823
1403896414682423300,negative,1.44278085231781,-0.10585396736860275,1.5308856964111328
1403896415177351168,negative,0.7838588356971741,-0.8143433928489685,2.5138864517211914
1403896415877840899,neutral,0.9349923133850098,0.6592037677764893,0.3336207866668701
1403896416032993285,negative,0.27567315101623535,0.18626892566680908,2.2644400596618652
1403896417400221696,negative,1.675727128982544,-1.1267354488372803,2.5844035148620605
1403896417651810305,positive,1.0182925462722778,1.6261496543884277,0.15653574466705322
1403896419803615234,neutral,1.6855746507644653,0.37137290835380554,0.37932199239730835
1403896420172771334,negative,0.45467421412467957,-0.2615979313850403,1.2714905738830566
1403896421196070918,negative,0.7838588356971741,-0.8143433928489685,2.5138864517211914
1403896421615427584,negative,0.637610137462616,0.5132028460502625,1.194830298423767
1403896422102028289,neutral,1.6156479120254517,1.0034308433532715,0.961084246635437
1403896422185857025,neutral,1.6156479120254517,1.0034308433532715,0.961084246635437
1403896423482105858,negative,1.392555594444275,-0.13856422901153564,1.8221418857574463
1403896424207683588,neutral,1.3306505680084229,1.305420994758606,0.37367919087409973
1403896424438272000,neutral,2.485459804534912,1.7517377138137817,-0.42563655972480774
1403896425612599320,positive,0.8529334664344788,1.2892200946807861,0.08430268615484238
1403896425998475275,neutral,1.1721534729003906,0.5420891046524048,0.9065852165222168
1403896426363555840,negative,1.264915108680725,-0.37222835421562195,1.4042580127716064
1403896427248590859,negative,1.2071043252944946,-0.5148178935050964,1.7887457609176636
1403896428049485833,positive,1.0458807945251465,3.800112009048462,-1.0557396411895752
1403896428204863488,negative,0.5946885943412781,-0.1694639027118683,2.6211962699890137
1403896429534400513,negative,1.084628939628601,-0.2596172094345093,1.7296156883239746
1403896430293569542,negative,1.468604326248169,-0.1523589789867401,1.7319269180297852
1403896433212891138,positive,1.2137781381607056,1.5583857297897339,-0.1184355691075325
1403896433531572227,negative,1.3781839609146118,-0.87388676404953,1.8509461879730225
1403896434123063299,negative,1.157422661781311,-1.2223237752914429,3.07891845703125
1403896434382966789,neutral,2.485459804534912,1.7517378330230713,-0.42563652992248535
1403896436366876674,neutral,2.2209789752960205,0.07982132583856583,0.2968378961086273
1403896436484460544,neutral,1.6000277996063232,-0.2995121479034424,0.8270929455757141
1403896436865986568,negative,1.3483293056488037,-0.7350448966026306,2.361799955368042
1403896437168119809,negative,1.0063247680664062,0.2397385835647583,1.7626365423202515
1403896438040399877,neutral,1.4238413572311401,0.6186820864677429,0.7396945953369141
1403896438174666755,neutral,1.5557115077972412,0.014093488454818726,0.9771475195884705
1403896438371803136,negative,0.8925229907035828,-0.13794201612472534,1.0513092279434204
1403896438828933121,neutral,2.3061583042144775,0.5227155089378357,0.32168155908584595
1403896439890120706,positive,1.2843236923217773,1.4886146783828735,0.5269978046417236
1403896440347267074,negative,1.2130876779556274,-0.11638269573450089,1.5395172834396362
1403896441215483918,positive,2.9885644912719727,3.637575626373291,-1.0661096572875977
1403896442058592258,negative,0.8738551139831543,-1.2590453624725342,3.4666402339935303
1403896442062741511,neutral,1.4783040285110474,-0.06829572468996048,1.2539050579071045
1403896442410971140,negative,1.483538031578064,0.5047314763069153,1.5033180713653564
1403896443199492098,neutral,1.6156479120254517,1.0034308433532715,0.961084246635437
1403896443312562178,positive,2.88254976272583,3.481579303741455,-0.9165804386138916
1403896443576872960,neutral,2.761857271194458,0.7283639907836914,0.21145960688591003
1403896446395420672,positive,1.003882646560669,2.046431064605713,-0.35271331667900085
1403896446575910914,positive,1.3582085371017456,2.4563093185424805,-0.5144656896591187
1403896447062331392,neutral,1.5643925666809082,0.7666056156158447,0.4545559883117676
1403896447888773130,positive,0.8338539600372314,1.3222594261169434,0.7143226861953735
1403896448375156736,negative,1.3328378200531006,-1.1997720003128052,3.0109009742736816
1403896449864110081,neutral,1.7588891983032227,0.08880145847797394,1.3759820461273193
1403896451369930753,neutral,2.1617162227630615,-1.0657998323440552,2.0157408714294434
1403896451831324673,positive,0.42436710000038147,4.301692485809326,-0.9597409963607788
1403896453253136387,positive,1.6564053297042847,3.0647435188293457,-0.41439399123191833
1403896453920088064,neutral,1.6855746507644653,0.37137290835380554,0.37932199239730835
1403896454318411782,neutral,1.7037450075149536,0.6180882453918457,0.16529777646064758
1403896454868054017,neutral,1.7719870805740356,0.7352457642555237,0.5906558036804199
1403896455488737280,neutral,1.6550211906433105,0.15934891998767853,0.9476357698440552
1403896456067440642,neutral,2.485459804534912,1.7517378330230713,-0.42563652992248535
1403896456193318912,positive,1.7462824583053589,1.8249918222427368,-0.08776448667049408
1403896456797425667,negative,1.1029818058013916,0.23809882998466492,1.7133474349975586
1403896456977666055,negative,1.5770734548568726,-0.9001023769378662,2.19911789894104
1403896457342586881,positive,1.2141914367675781,1.679046630859375,0.256434828042984
1403896458533687301,positive,1.945303201675415,2.2847349643707275,-0.004969598725438118
1403896459074940930,negative,1.412705421447754,-0.36399808526039124,1.5468918085098267
1403896459246850053,negative,0.5968279242515564,-0.24399614334106445,2.2650094032287598
1403896460127649793,neutral,1.6855746507644653,0.37137290835380554,0.37932199239730835
1403896461524275200,neutral,2.485459804534912,1.7517378330230713,-0.42563652992248535
1403896464225423361,negative,0.96717768907547,-0.41610780358314514,2.4407131671905518
1403896464883929093,neutral,2.485459804534912,1.7517378330230713,-0.42563652992248535
1403896465420816386,neutral,3.1098196506500244,2.5038719177246094,-0.8735254406929016
1403896465781633027,neutral,1.5627750158309937,-0.020331263542175293,0.7556384205818176
1403896469279498243,negative,1.1453746557235718,0.38371583819389343,1.3632245063781738
1403896470705692673,neutral,2.212160110473633,-0.031338587403297424,0.8980836868286133
1403896471259422721,positive,1.2576873302459717,1.460760235786438,-0.24985910952091217
1403896471670435840,neutral,1.6156479120254517,1.0034308433532715,0.961084246635437
1403896472458911751,neutral,1.7867878675460815,1.365071177482605,-0.46207740902900696
1403896472563822597,neutral,2.14100980758667,0.20786374807357788,0.5670133829116821
1403896472815292420,negative,0.9598535299301147,-1.7048821449279785,5.075838565826416
1403896474837032962,neutral,1.0559128522872925,0.9302483797073364,0.3484238088130951
1403896475034157059,neutral,1.5785539150238037,0.8029471039772034,0.4222218990325928
1403896475612897283,positive,0.8389701247215271,2.1859893798828125,0.27902355790138245
1403896476351270917,neutral,2.183211326599121,1.3436706066131592,-0.04675910621881485
1403896476846104582,neutral,0.5659099221229553,0.12934105098247528,0.35865920782089233
1403896477659848718,neutral,1.896964430809021,1.339112639427185,-0.9982633590698242
1403896477785546752,neutral,1.0779736042022705,0.8283191919326782,-0.10453211516141891
1403896479308148737,neutral,2.1113874912261963,0.6213820576667786,-0.5065125823020935
1403896479392149508,negative,0.8620064854621887,-0.545498251914978,2.256124973297119
1403896482206404609,positive,1.2309989929199219,1.548962950706482,0.045414038002491
1403896483271700482,positive,0.991162896156311,1.0767475366592407,-0.050426095724105835
1403896483384942593,neutral,2.6496918201446533,1.5984946489334106,0.23070892691612244
1403896483510767625,neutral,0.5391635894775391,0.27181822061538696,0.09096705913543701
1403896485255782400,negative,1.4103763103485107,-0.7948367595672607,2.3047471046447754
1403896486593581058,neutral,1.365540862083435,1.3158386945724487,-0.24667306244373322
1403896487814352896,negative,0.7289672493934631,-0.5382459759712219,1.7930392026901245
1403896487969394689,negative,1.3896676301956177,-1.0486388206481934,2.794057607650757
1403896489668136964,positive,1.0506113767623901,1.142390489578247,0.4859381914138794
1403896490494509056,negative,0.9993958473205566,-0.8630244731903076,2.1968555450439453
1403896490515435521,neutral,1.1410400867462158,0.887730598449707,0.5437560081481934
1403896494369951745,neutral,1.189673900604248,0.9983168244361877,0.3460965156555176
1403896497314308100,neutral,1.8259774446487427,-0.7735645174980164,1.5164076089859009
1403896498585100290,neutral,2.8618416786193848,2.307680606842041,-0.6848841905593872
1403896499302387713,negative,0.9858181476593018,-1.0260751247406006,2.6400909423828125
1403896499784802304,neutral,1.1541122198104858,0.28528574109077454,1.134134292602539
1403896500069928963,positive,1.7747061252593994,3.4235785007476807,-0.5406715273857117
1403896502561521672,negative,0.6584030389785767,0.6002871990203857,1.1267874240875244
1403896503211421697,neutral,1.6855746507644653,0.37137290835380554,0.37932199239730835
1403896503307964417,positive,0.36668071150779724,0.9036887884140015,0.4030624032020569
1403896505342197769,neutral,3.530146598815918,1.6300077438354492,-1.0650410652160645
1403896506076131330,neutral,1.3632631301879883,0.2031344175338745,0.9111118316650391
1403896506525130752,neutral,1.4906163215637207,-0.05757004767656326,0.7925128936767578
1403896506730663936,neutral,2.23433256149292,0.5764690041542053,-0.08703842759132385
1403896507414171648,neutral,1.6826978921890259,-0.40845274925231934,1.1465940475463867
1403896507917504518,negative,1.3783893585205078,0.0809963122010231,1.7644765377044678
1403896507984609280,negative,1.0818067789077759,0.06920026987791061,1.98264479637146
1403896508043436032,negative,1.5534747838974,-0.31444478034973145,1.7866508960723877
1403896508324323330,positive,1.5445772409439087,2.8148210048675537,-0.8411610722541809
1403896508957659143,positive,2.2271292209625244,3.158660650253296,-1.0253106355667114
1403896510253727748,positive,2.2271289825439453,3.158660650253296,-1.0253105163574219
1403896511205986305,neutral,1.82076096534729,0.14898879826068878,0.6533165574073792
1403896511293923336,negative,1.5157215595245361,-1.0420247316360474,2.422170877456665
1403896511977734146,negative,1.2466884851455688,-0.26448917388916016,1.6144522428512573
1403896513147944964,negative,1.2987169027328491,-0.5234190821647644,1.5412321090698242
1403896513923895298,neutral,1.9200305938720703,0.001094125211238861,1.3634591102600098
1403896514972315648,negative,1.0353007316589355,-0.12515756487846375,1.3637293577194214
1403896516050292736,neutral,1.6855746507644653,0.37137290835380554,0.37932199239730835
1403896518025830402,neutral,1.6833219528198242,1.3380366563796997,-0.23841853439807892
1403896518722084867,negative,0.5516750812530518,-0.4214082658290863,1.776273488998413
1403896518826885123,neutral,1.9916646480560303,-0.5982836484909058,0.7482398152351379
1403896519229677573,negative,0.9362687468528748,0.3984551429748535,1.0817797183990479
1403896519451873282,neutral,1.615647792816162,1.0034308433532715,0.9610843062400818
1403896521305870339,negative,0.8810281753540039,-0.9920486807823181,2.920067310333252
1403896522639654912,negative,0.9424365162849426,-0.6755145192146301,2.008197784423828
1403896523805532164,negative,0.4557966887950897,-0.5854054093360901,2.381824493408203
1403896524065607682,neutral,2.2851898670196533,-0.14161500334739685,0.8623507618904114
1403896524724178948,neutral,2.1832115650177,1.3436706066131592,-0.04675918072462082
1403896525177061376,neutral,1.9486819505691528,1.2288644313812256,-0.19494511187076569
1403896525327986692,neutral,1.732077717781067,0.05746830999851227,0.24697557091712952
1403896527936966656,negative,1.1029818058013916,0.23809882998466492,1.7133474349975586
1403896528234856448,negative,1.0816994905471802,-1.1872892379760742,3.060182809829712
1403896529950187525,neutral,1.2226338386535645,0.30501753091812134,1.2190285921096802
1403896530235445248,negative,0.5874269008636475,0.7114116549491882,1.0763157606124878
1403896531179032579,positive,2.2271292209625244,3.158660650253296,-1.0253106355667114
1403896531422490624,negative,0.7714276909828186,-1.0998237133026123,3.5651981830596924
1403896533666443267,neutral,1.6855746507644653,0.37137290835380554,0.37932199239730835
1403896534333214725,negative,0.45649638772010803,-0.8170602917671204,3.7533462047576904
1403896534706442242,neutral,2.6163887977600098,1.794863224029541,-0.3423825204372406
1403896536971419651,neutral,2.183211326599121,1.3436706066131592,-0.04675910621881485
1403896537479106562,positive,1.0049095153808594,1.6650434732437134,0.771467387676239
1403896537537724421,neutral,2.359508514404297,-0.25620904564857483,1.121690273284912
1403896538321932289,neutral,1.5022943019866943,0.9316681027412415,0.5425158739089966
1403896539127291904,positive,0.5850860476493835,1.646745204925537,1.1563563346862793
1403896540775780359,positive,1.3209025859832764,1.9842811822891235,0.005960732698440552
1403896541241393152,negative,1.8843950033187866,-1.006511926651001,2.136814832687378
1403896541715206146,negative,0.6549910306930542,-0.6824454665184021,1.8775707483291626
1403896542742917121,negative,1.5207592248916626,-0.4901033937931061,1.7439461946487427
1403896543560753152,negative,0.7966020703315735,-0.6066110134124756,2.4868597984313965
1403896544257003522,negative,0.3896406292915344,-0.3126365840435028,1.6454567909240723
1403896544475025414,positive,1.6641446352005005,2.3963711261749268,-0.3027469515800476
1403896546391777284,neutral,2.539522647857666,2.3230550289154053,-0.7579041123390198
1403896548522696708,negative,0.5221011638641357,0.8889254331588745,1.3333871364593506
1403896548526673923,negative,0.9719936847686768,-0.3570041358470917,2.7367939949035645
1403896549139169281,neutral,1.9263426065444946,-0.08205697685480118,1.09890615940094
1403896549470572547,neutral,1.2863340377807617,0.2571653127670288,1.2159481048583984
1403896550279942147,neutral,3.530146598815918,1.6300078630447388,-1.065041184425354
1403896550372282373,neutral,1.2491083145141602,0.44532883167266846,0.7408767342567444
1403896550380560386,positive,3.421476125717163,3.8226935863494873,-1.738728642463684
1403896552960188417,neutral,1.9288455247879028,0.250663161277771,0.9801379442214966
1403896552985223172,positive,2.6182446479797363,2.738891124725342,-1.039374589920044
1403896553115422720,negative,0.7186247706413269,-0.1077415868639946,2.457136869430542
1403896553224368129,positive,1.3425536155700684,3.0069730281829834,-0.6373294591903687
1403896553434144774,neutral,1.775754690170288,0.41473039984703064,0.74510258436203
1403896554038104068,neutral,2.93141508102417,1.339697241783142,-0.7824623584747314
1403896557511061504,negative,1.3027608394622803,0.2847804129123688,1.5339908599853516
1403896557942964225,negative,0.3617677688598633,-0.39682456851005554,2.1126930713653564
1403896558848909313,neutral,1.439784049987793,-0.4841233789920807,0.6653070449829102
1403896559109029893,neutral,1.4761837720870972,-0.04370290786027908,1.075429916381836
1403896559201304576,negative,1.1966217756271362,-0.03894080966711044,1.361022710800171
1403896559222157315,negative,1.030245065689087,-0.06643690913915634,1.8575307130813599
1403896559239053319,negative,0.5585692524909973,0.28877320885658264,1.304774522781372
1403896559562067982,neutral,1.8979004621505737,0.04738248139619827,0.6998265981674194
1403896561130672133,negative,1.264915108680725,-0.37222835421562195,1.4042580127716064
1403896561227108352,neutral,1.6855746507644653,0.37137290835380554,0.37932199239730835
1403896561340358656,neutral,2.217390537261963,0.30976635217666626,0.3410781919956207
1403896561713614851,neutral,2.032498598098755,1.1273914575576782,-0.23344697058200836
1403896561956921345,neutral,1.4843209981918335,0.7425757050514221,0.5757810473442078
1403896562871201794,negative,1.675727128982544,-1.1267354488372803,2.5844035148620605
1403896565945749505,positive,1.6888033151626587,4.11723518371582,-1.1541647911071777
1403896567992553472,negative,1.6007444858551025,-1.2062618732452393,3.0223493576049805
1403896570861568004,neutral,1.8289709091186523,0.03088366985321045,1.0262316465377808
1403896572539138049,neutral,1.6855746507644653,0.37137290835380554,0.37932199239730835
1403896574015524866,neutral,1.7498782873153687,0.09167876839637756,0.39027032256126404
1403896574875422722,negative,0.6424674987792969,-1.1822413206100464,3.695054054260254
1403896575454171139,negative,1.141900658607483,-1.00963294506073,2.312770366668701
1403896576272068608,neutral,1.9224375486373901,0.5521433353424072,-0.24764804542064667
1403896577618440199,neutral,2.702381134033203,1.0028897523880005,-0.5403961539268494
1403896577786146820,positive,1.576177716255188,3.2153983116149902,-0.7743898630142212
1403896577941377025,neutral,2.125854730606079,-0.14935708045959473,0.8469033241271973
1403896578004242438,neutral,2.95526385307312,0.7088966965675354,-0.645670473575592
1403896580441362442,negative,1.8946298360824585,-0.9878239035606384,1.9432940483093262
1403896580785070082,negative,1.5003242492675781,-0.8971375823020935,2.3701162338256836
1403896581246656512,negative,0.4708109200000763,-1.2156343460083008,4.116683483123779
1403896581913382923,positive,1.2355080842971802,1.2402645349502563,0.7963124513626099
1403896582022574081,neutral,2.1617162227630615,-1.0657998323440552,2.0157408714294434
1403896582827757571,negative,0.5129746794700623,-0.8990887999534607,2.772197961807251
1403896583494770689,negative,0.5459046363830566,-0.6448726058006287,2.8676445484161377
1403896583792570375,negative,1.5914469957351685,-1.1537977457046509,2.472316265106201
1403896584304091142,positive,1.4059594869613647,1.4520667791366577,0.1627492755651474
1403896586015494145,negative,1.7538214921951294,-0.7471761703491211,1.915887713432312
1403896586917138435,neutral,1.499821424484253,0.4735023081302643,1.2310662269592285
1403896588339224586,positive,1.5988047122955322,2.500973701477051,-0.10921422392129898
1403896588616019969,negative,1.2623422145843506,-1.2370593547821045,2.973182201385498
1403896591933751300,neutral,2.1617162227630615,-1.0657998323440552,2.0157408714294434
1403896592285925379,positive,1.266419529914856,4.759539604187012,-1.4260097742080688
1403896593074507777,negative,1.600744366645813,-1.2062617540359497,3.0223493576049805
1403896593200390146,neutral,2.1226930618286133,0.9408866167068481,0.41497647762298584
1403896594928263171,negative,0.9929909706115723,-0.7368529438972473,1.9260650873184204
1403896595293216773,neutral,2.3094871044158936,0.8899964690208435,0.8923541307449341
1403896596115361792,neutral,1.6156480312347412,1.003430962562561,0.9610841870307922
1403896596295651330,neutral,1.6991798877716064,0.11643972992897034,1.3633071184158325
1403896596622946310,neutral,1.6991798877716064,0.11643972992897034,1.363307237625122
1403896597285539840,positive,0.85832279920578,0.9433375000953674,0.17003856599330902
1403896597553897472,neutral,1.8709139823913574,0.7854757905006409,0.30547595024108887
1403896597554081793,negative,1.2584532499313354,0.029811423271894455,1.4430547952651978
1403896598485254146,negative,1.1769659519195557,-0.7594331502914429,2.1521177291870117
1403896599227555844,neutral,1.6855746507644653,0.37137290835380554,0.37932199239730835
1403896599982575619,neutral,1.033166766166687,0.9631207585334778,0.6711844801902771
1403896600418652165,neutral,1.789657473564148,0.3936580419540405,0.4187546670436859
1403896601098309632,neutral,2.210923910140991,1.5577563047409058,-0.45073091983795166
1403896603065257985,negative,1.439600944519043,-0.9490984678268433,2.3135464191436768
1403896603191042055,negative,0.8792471885681152,-0.24423018097877502,1.6970407962799072
1403896604910776321,negative,1.087463140487671,-1.145951509475708,3.2939255237579346
1403896605858799626,positive,0.7175541520118713,1.4235159158706665,0.30924031138420105
1403896607297265667,negative,0.6870471239089966,-0.5517538189888,2.6495611667633057
1403896607708528641,negative,1.407852292060852,-1.1007438898086548,2.327735662460327
1403896608148885504,neutral,1.3138149976730347,-0.04885251075029373,0.9266524314880371
1403896609738473474,negative,0.8541529774665833,0.2277235984802246,1.2699494361877441
1403896610006970377,neutral,1.6493661403656006,0.9969868063926697,-0.11018098145723343
1403896611030274050,negative,1.2281455993652344,-0.010357283055782318,1.4514213800430298
1403896611495841793,negative,0.527061402797699,-0.4706284701824188,1.2242379188537598
1403896611831439364,negative,0.928157389163971,-0.6053609251976013,1.857890009880066
1403896612875870216,negative,1.3610254526138306,-0.9179804921150208,2.4063544273376465
1403896613161078784,positive,1.8646761178970337,1.9444365501403809,0.020454661920666695
1403896613664399362,neutral,2.3599741458892822,0.38425213098526,0.2966298460960388
1403896614222139393,neutral,1.8453187942504883,-0.7528729438781738,1.4471096992492676
1403896614293585927,negative,0.9311890602111816,-0.47319546341896057,2.513347625732422
1403896614570373120,neutral,2.136390209197998,0.6113205552101135,0.7702759504318237
1403896615707058184,negative,1.1085838079452515,-0.4785763919353485,1.8819005489349365
1403896616730316801,negative,1.0627849102020264,-0.004294157028198242,1.7522211074829102
1403896617602752512,positive,1.5625131130218506,1.5666248798370361,-0.13688260316848755
1403896619100033028,negative,1.3226302862167358,-1.1389544010162354,2.89406156539917
1403896619146252289,neutral,1.464812159538269,-0.2910013198852539,0.9680391550064087
1403896619314126850,neutral,1.9200305938720703,0.001094125211238861,1.3634591102600098
1403896619867807744,neutral,1.4419529438018799,-0.13296478986740112,0.3638518750667572
1403896620509401095,neutral,2.0655086040496826,0.41312095522880554,0.5198037624359131
1403896620668784641,neutral,3.530146598815918,1.6300077438354492,-1.0650410652160645
1403896622912880645,neutral,2.1617162227630615,-1.0657998323440552,2.0157408714294434
1403896623655227403,negative,1.1039701700210571,-0.9046876430511475,2.14201283454895
1403896623974031363,positive,1.426956057548523,3.761505126953125,-0.7476211190223694
1403896626909962240,negative,1.3484359979629517,-0.2994023859500885,1.7680085897445679
1403896627660787716,positive,1.7462824583053589,1.8249918222427368,-0.08776448667049408
1403896628885561347,neutral,2.2246692180633545,-0.07018633931875229,0.9600297212600708
1403896629636177929,positive,1.3425536155700684,3.0069727897644043,-0.6373295187950134
1403896631813021700,neutral,2.144912004470825,0.9348906874656677,-0.15320707857608795
1403896635805949953,neutral,1.0638638734817505,0.4773757755756378,0.3592725992202759
1403896636850515970,neutral,1.8802123069763184,-0.3432992100715637,1.6137192249298096
1403896638393896963,negative,1.002058744430542,-0.3304867148399353,1.8916120529174805
1403896639438278657,negative,1.3134132623672485,-0.5762357115745544,1.6616076231002808
1403896639950049282,positive,2.0185441970825195,3.9363434314727783,-1.0941102504730225
1403896640621072385,negative,0.9630389213562012,-0.9402287602424622,3.2292208671569824
1403896641220845568,neutral,1.7373532056808472,-0.01736731082201004,1.4273334741592407
1403896641480953858,neutral,2.2424066066741943,-0.07316391915082932,0.8000425696372986
1403896641992658948,negative,1.0396029949188232,0.10829414427280426,1.5097633600234985
1403896643552874496,neutral,1.6390693187713623,1.4816783666610718,-0.2569466531276703
1403896644433858561,neutral,1.6991908550262451,-0.0017654001712799072,1.0148873329162598
1403896645872406530,neutral,1.5691035985946655,0.3893183469772339,0.7667456269264221
1403896646208008194,neutral,1.7309075593948364,-0.2369760274887085,0.819996178150177
1403896646857936898,neutral,2.287773609161377,1.2293940782546997,-0.3401796221733093
1403896647009161222,positive,0.4246186316013336,2.8194632530212402,-0.28227943181991577
1403896647533285379,neutral,2.0965383052825928,0.6666526794433594,0.6154760122299194
1403896647726235649,neutral,1.9894822835922241,0.16520801186561584,0.8505967259407043
1403896647923425280,neutral,1.6855746507644653,0.37137290835380554,0.37932199239730835
1403896649521393667,negative,1.03455650806427,-0.8373879194259644,2.245126485824585
1403896650033152003,neutral,1.2615656852722168,0.12174232304096222,1.2302137613296509
1403896651316617217,neutral,2.1617162227630615,-1.0657998323440552,2.0157408714294434
1403896651475869697,negative,1.150413155555725,-0.4745292365550995,2.3780460357666016
1403896654407909376,negative,1.2449740171432495,-0.3208335041999817,1.904756784439087
1403896654520995841,neutral,2.0660972595214844,0.5252957940101624,0.1444474309682846
1403896654915309568,negative,1.030234932899475,-1.1565974950790405,3.0491933822631836
1403896655208927234,neutral,1.6855746507644653,0.3713728189468384,0.37932199239730835
1403896655414325248,neutral,1.9200305938720703,0.001094125211238861,1.3634591102600098
1403896657746354176,neutral,2.114940881729126,0.4910900592803955,0.22981297969818115
1403896659604553731,negative,1.0627849102020264,-0.004294194281101227,1.7522211074829102
1403896659810000896,negative,1.264915108680725,-0.37222835421562195,1.4042580127716064
1403896659830984707,positive,1.2195146083831787,3.8202786445617676,-0.4835429787635803
1403896661168951300,negative,1.264915108680725,-0.37222835421562195,1.4042580127716064
1403896661231816708,neutral,1.4486274719238281,1.0469307899475098,0.08833297342061996
1403896662611877893,neutral,2.0965380668640137,0.6666526198387146,0.6154760122299194
1403896662674735104,neutral,1.1920626163482666,0.5006749033927917,-0.09309499710798264
1403896664419717124,neutral,1.478287935256958,0.015723079442977905,0.9682215452194214
1403896666244018178,positive,1.3425536155700684,3.0069730281829834,-0.6373294591903687
1403896666491699203,negative,1.5863631963729858,-1.2595665454864502,3.339344024658203
1403896666835521537,negative,0.9111317992210388,-1.0318018198013306,2.793137311935425
1403896667833765891,neutral,0.7377393245697021,-0.3507239818572998,0.5871420502662659
1403896668093784064,positive,1.9054123163223267,2.609546422958374,-0.5588633418083191
1403896668240633859,negative,0.9084784984588623,-0.2828885018825531,1.7174506187438965
1403896668320407555,negative,1.0815404653549194,-0.34483152627944946,1.3768945932388306
1403896668341293061,neutral,1.550113558769226,-0.3497016727924347,1.3856614828109741
1403896668433563650,positive,1.2195146083831787,3.8202786445617676,-0.4835429787635803
1403896668970389505,neutral,2.1617162227630615,-1.0657998323440552,2.0157406330108643
1403896669289205761,negative,0.9457859396934509,-1.2073557376861572,3.4586496353149414
1403896669628940289,neutral,1.655745267868042,0.5212510228157043,0.6115459203720093
1403896670241312768,neutral,1.9183769226074219,1.0638477802276611,0.33681052923202515
1403896670887157762,negative,0.5838562846183777,0.008199110627174377,2.326396942138672
1403896671084453891,negative,1.1853126287460327,-0.7408862113952637,2.8247063159942627
1403896671264677890,negative,1.8167363405227661,-0.760610818862915,2.0237200260162354
1403896673491898369,neutral,1.6855746507644653,0.37137290835380554,0.37932199239730835
1403896674393595906,neutral,1.5426079034805298,0.5317460298538208,0.2307034283876419
1403896675173818371,neutral,2.1742360591888428,0.8033899068832397,0.3460753858089447
1403896676855648257,neutral,2.4308080673217773,2.20222544670105,-0.8512800931930542
1403896676927029254,neutral,2.1571173667907715,0.9326328039169312,0.35524266958236694
1403896679191908352,neutral,1.5868172645568848,0.7970510721206665,0.4219875633716583
1403896680248905730,neutral,3.5236756801605225,0.8135626912117004,-0.5542717576026917
1403896680253214722,neutral,1.5731781721115112,0.6854056715965271,0.8339431881904602
1403896680445988868,negative,1.0346555709838867,-0.5598081946372986,2.0247483253479004
1403896680932646912,neutral,2.0398097038269043,0.6565144658088684,0.08112102001905441
1403896680999796740,negative,1.2890139818191528,-0.4299790561199188,1.8073996305465698
1403896681951682565,negative,0.8996098637580872,-0.8819258809089661,2.7370095252990723
1403896682970980352,negative,1.1910556554794312,-0.61153644323349,2.521364688873291
1403896683197452291,neutral,2.0509448051452637,0.3017248213291168,0.5288618206977844
1403896683549937664,neutral,1.8013136386871338,1.3315393924713135,0.19535264372825623
1403896685068095490,positive,0.7922680974006653,0.9838452935218811,0.9231231808662415
1403896685693075456,positive,1.0132250785827637,1.569560170173645,0.4793861210346222
1403896686087491585,negative,1.3050954341888428,-0.7747266292572021,2.2599973678588867
1403896686171365378,negative,0.8722770810127258,-0.3073071539402008,1.723655343055725
1403896686942965763,negative,1.108583688735962,-0.47857633233070374,1.881900668144226
1403896687500857347,positive,1.2836415767669678,1.727579951286316,0.23896102607250214
1403896687853142017,negative,0.353514701128006,-0.09111206978559494,0.7416932582855225
1403896688129892353,neutral,1.6156479120254517,1.0034308433532715,0.961084246635437
1403896688763453441,neutral,1.3854984045028687,0.6191155910491943,0.9245442748069763
1403896688989835267,neutral,1.8316489458084106,-0.053553737699985504,0.5775482654571533
1403896689723723777,negative,1.1827704906463623,-0.3546867072582245,1.8056535720825195
1403896689996353536,neutral,1.2518260478973389,0.06915266066789627,1.2413979768753052
1403896692991303681,neutral,1.8383477926254272,0.5279213190078735,0.22849637269973755
1403896693133877251,negative,1.1670761108398438,-0.6140373349189758,1.7262054681777954
1403896693213564928,neutral,0.7640237212181091,0.2864774763584137,0.4177364110946655
1403896693746290694,neutral,2.203831672668457,-0.44835904240608215,0.9641758799552917
1403896693775495168,neutral,1.6855746507644653,0.37137290835380554,0.37932199239730835
1403896694744436739,neutral,1.5559513568878174,0.9688065052032471,0.1871528923511505
1403896695142895616,negative,0.42426061630249023,0.5607803463935852,1.3699827194213867
1403896695583301635,negative,1.0238579511642456,-0.6816104054450989,2.6686837673187256
1403896696271097857,positive,1.0132250785827637,1.569560170173645,0.4793861210346222
1403896696359186432,neutral,0.23260748386383057,0.1763904094696045,0.14018523693084717
1403896698502488064,negative,1.483538031578064,0.5047314763069153,1.5033180713653564
1403896699324571648,negative,0.29354149103164673,0.3862035870552063,1.3588948249816895
1403896699349725186,neutral,1.3630788326263428,-0.01704220473766327,1.0937660932540894
1403896700314472449,neutral,1.6156479120254517,1.0034308433532715,0.961084246635437
1403896700457164810,neutral,1.5715795755386353,-0.259753555059433,0.749025285243988
1403896700721197056,neutral,0.44661208987236023,0.3123658299446106,0.03444601595401764
1403896701090361348,neutral,2.0722858905792236,0.514293372631073,0.07871740311384201
1403896701228765187,negative,1.0717740058898926,-0.8312309384346008,2.1917996406555176
1403896701761458177,negative,0.7055714726448059,-0.6770667433738708,2.8967885971069336
1403896702873092097,negative,1.483538031578064,0.5047314763069153,1.5033180713653564
1403896704525651968,neutral,1.6855746507644653,0.37137284874916077,0.37932199239730835
1403896707218382861,negative,1.1353546380996704,-0.2905583679676056,1.2604365348815918
1403896709160128514,neutral,1.9712908267974854,-0.8424439430236816,1.519673466682434
1403896709923557383,negative,0.395317405462265,0.3684367835521698,1.5862008333206177
1403896709957173254,neutral,1.2923119068145752,-0.2121841013431549,0.9275491237640381
1403896710393262082,positive,0.7821794748306274,1.3284378051757812,1.0883886814117432
1403896711249027072,neutral,1.947920322418213,0.977674663066864,-0.12260576337575912
1403896711274061825,positive,2.2271292209625244,3.158660650253296,-1.0253106355667114
1403896711483904001,neutral,1.6701148748397827,-0.3951825797557831,1.3055932521820068
1403896712083787777,negative,1.2411682605743408,0.25158607959747314,1.3692954778671265
1403896712272416771,negative,1.256767749786377,-0.9491602778434753,2.2530083656311035
1403896714415808514,negative,0.8607963919639587,-0.4690566658973694,0.9653870463371277
1403896714604523523,positive,1.2836415767669678,1.727579951286316,0.23896102607250214
1403896715594321927,negative,0.7055714726448059,-0.6770667433738708,2.8967885971069336
1403896715812425730,positive,0.4057601988315582,2.6624794006347656,0.19577480852603912
1403896717683032067,negative,1.6630855798721313,-0.4168464243412018,2.0323920249938965
1403896718903500804,positive,1.4876881837844849,1.859147310256958,0.2862248718738556
1403896719125794820,neutral,1.5589865446090698,0.7975959181785583,0.4370742440223694
1403896720833003520,neutral,0.7408071756362915,0.47057297825813293,0.35228419303894043
1403896722124853249,negative,1.457885503768921,-0.9035784602165222,2.132431745529175
1403896722347020293,neutral,3.530146598815918,1.6300077438354492,-1.0650410652160645
1403896722502217729,neutral,1.7043277025222778,-0.34878459572792053,1.2872042655944824
1403896722967891969,negative,1.0125373601913452,-0.3037893772125244,1.141413688659668
1403896724599488516,negative,0.7449336647987366,0.22729703783988953,1.3791593313217163
1403896725908070400,negative,0.8152661919593811,-1.1459835767745972,3.5116372108459473
1403896726038061061,negative,1.0011388063430786,1.0774117708206177,1.6327319145202637
1403896726084227072,negative,1.5289720296859741,-0.6346541047096252,1.6128977537155151
1403896728097599489,neutral,1.0470603704452515,0.7165788412094116,0.7240764498710632
1403896728290422788,neutral,1.442116141319275,0.4922911822795868,0.8234272003173828
1403896729058091010,negative,0.38890573382377625,-0.96246737241745,2.9720306396484375
1403896729603219459,negative,0.9382163882255554,0.6968572735786438,0.9467875361442566
1403896730119147523,negative,1.4540584087371826,-0.9391388297080994,3.1412808895111084
1403896730853285890,negative,0.7821393609046936,1.0487221479415894,1.4988858699798584
1403896731356516352,negative,0.8297293782234192,0.9471719264984131,1.140632152557373
1403896731738198018,negative,1.0815404653549194,-0.34483155608177185,1.3768945932388306
1403896732015108099,negative,0.7510573863983154,-0.07576725631952286,1.4183779954910278
1403896732602175491,positive,1.497738003730774,2.547320604324341,-0.596419095993042
1403896732879142920,negative,1.6228445768356323,-0.9669280648231506,2.061140298843384
1403896733369835524,negative,0.8541529774665833,0.2277235984802246,1.2699494361877441
1403896733856374785,neutral,2.5226967334747314,0.21576687693595886,0.5068758726119995
1403896734435053570,negative,1.6290085315704346,-1.1036885976791382,2.612475633621216
1403896734837735425,neutral,1.7310786247253418,1.2868260145187378,0.292690247297287
1403896735911579648,negative,1.3328378200531006,-1.1997720003128052,3.0109009742736816
1403896736108761090,neutral,1.9554355144500732,0.24206146597862244,0.945985734462738
1403896737492738049,negative,0.9630367755889893,-0.49980440735816956,2.1679837703704834
1403896737769656326,neutral,1.6550211906433105,0.15934891998767853,0.9476357698440552
1403896738927218695,neutral,1.8709139823913574,0.7854757905006409,0.30547595024108887
1403896739837399042,neutral,1.6156479120254517,1.0034308433532715,0.961084246635437
1403896740084862980,neutral,1.5304635763168335,-0.3966953456401825,1.4121677875518799
1403896740722331648,negative,1.500126600265503,-1.1613761186599731,2.700552225112915
1403896741737467907,neutral,1.6292544603347778,-0.17160075902938843,0.38745689392089844
1403896742094032898,negative,0.7530021667480469,-0.5635901093482971,2.338711738586426
1403896742303645696,neutral,2.1617162227630615,-1.0657998323440552,2.0157408714294434
1403896742873993216,neutral,3.412641763687134,3.3547282218933105,-1.203747034072876
1403896742907682827,negative,1.1769659519195557,-0.7594331502914429,2.1521177291870117
1403896743469584390,negative,1.589820146560669,-0.5829164981842041,2.198514223098755
1403896745097109506,negative,1.1580051183700562,-0.6294227242469788,2.5423991680145264
1403896745365487617,negative,0.4564964473247528,-0.8170602917671204,3.7533464431762695
1403896745587838978,negative,0.7055714726448059,-0.6770667433738708,2.8967885971069336
1403896745814200322,positive,2.3183510303497314,4.541477680206299,-1.292885184288025
1403896746573508611,neutral,1.6156479120254517,1.0034308433532715,0.961084246635437
1403896749907980304,neutral,1.4005616903305054,0.40339359641075134,0.7964786887168884
1403896750276943873,negative,1.3666014671325684,-1.3733395338058472,3.426703929901123
1403896751346511876,neutral,1.1428766250610352,0.5838947892189026,0.4394351840019226
1403896751451344898,positive,1.365357518196106,1.5791151523590088,0.03831799328327179
1403896753812766720,neutral,1.6661245822906494,0.8736454844474792,0.35675710439682007
1403896753980686341,negative,1.1634629964828491,0.45802637934684753,1.4192317724227905
1403896755490496515,positive,2.534541606903076,2.5786023139953613,-0.811103880405426
1403896755796668417,negative,1.0920393466949463,-0.869556188583374,2.4902007579803467
1403896758074109956,neutral,1.3398780822753906,0.10621451586484909,0.600127637386322
1403896758225162240,negative,0.6548743844032288,0.13861800730228424,1.0063083171844482
1403896759571533827,neutral,1.667954444885254,1.6057196855545044,-0.26401466131210327
1403896759688908800,neutral,1.8347405195236206,1.63126802444458,0.08585483580827713
1403896760267808771,neutral,2.0076897144317627,1.0697757005691528,0.031909823417663574
1403896760385163266,neutral,1.4568688869476318,1.3399276733398438,0.412088006734848
1403896760691429382,neutral,2.674644708633423,0.6887145042419434,0.090641088783741
1403896762000105472,negative,0.7035506367683411,-0.7380908131599426,2.4276864528656006
1403896762344128514,neutral,1.3984163999557495,0.5235050916671753,0.7605882883071899
1403896763203915776,negative,0.8444754481315613,0.04179691895842552,1.8381710052490234
1403896764122419200,negative,0.9258137941360474,-0.4256151020526886,2.159083366394043
1403896764269314049,positive,1.1900825500488281,1.2119721174240112,0.04464523494243622
1403896764655050752,neutral,1.249336838722229,0.9499406218528748,0.4126046895980835
1403896765661683726,positive,1.7462824583053589,1.8249918222427368,-0.08776448667049408
1403896766005645319,negative,0.5694922208786011,0.05493168160319328,1.682134747505188
1403896766949474314,negative,0.8799297213554382,0.30630457401275635,1.3082653284072876
1403896766974541831,neutral,1.9611806869506836,-0.5441723465919495,1.5230854749679565
1403896767603568642,negative,0.15296867489814758,-0.4301087558269501,2.391679525375366
1403896767976853504,negative,0.6348584890365601,-0.8351643085479736,3.0688998699188232
1403896768639602691,neutral,1.2885048389434814,0.4984723627567291,0.12033110111951828
1403896769029812226,neutral,1.1734095811843872,1.073032259941101,0.2190786600112915
1403896769495273475,positive,1.281951665878296,1.4938628673553467,0.5768259763717651
1403896769876926471,negative,1.030245065689087,-0.06643690913915634,1.8575307130813599
1403896769898074115,negative,1.0570769309997559,-1.528398871421814,4.029951572418213
1403896770208296962,negative,1.5987348556518555,-0.7644698023796082,1.8805994987487793
1403896771907100672,negative,0.8681291937828064,-0.5425775051116943,1.9589134454727173
1403896772074803206,negative,0.9504956007003784,-0.2121642827987671,1.3454521894454956
1403896774012592130,neutral,2.1004912853240967,-0.4116758406162262,1.3031691312789917
1403896774130122752,negative,0.9226068258285522,-1.253735065460205,3.5505917072296143
1403896775375835139,negative,0.8541529774665833,0.2277235984802246,1.2699494361877441
1403896777216970752,neutral,2.570917844772339,2.3141896724700928,-0.7698465585708618
1403896778227810309,positive,2.0434772968292236,3.60387921333313,-0.9908580780029297
1403896779251269633,neutral,1.1955283880233765,0.7728517651557922,0.8492724895477295
1403896779574239232,neutral,2.06258225440979,-0.5874596238136292,1.1763361692428589
1403896780157227008,neutral,1.615647792816162,1.003430962562561,0.9610841274261475
1403896780551512064,negative,0.3606065809726715,0.202164426445961,1.5942177772521973
1403896780807417863,neutral,0.7159711122512817,0.22565820813179016,0.3211582899093628
1403896781323313152,neutral,1.5883046388626099,0.6808878183364868,-0.08050580322742462
1403896782875136004,neutral,1.0779736042022705,0.8283191919326782,-0.10453211516141891
1403896783529398273,positive,1.3425534963607788,3.0069730281829834,-0.6373295187950134
1403896785626669062,neutral,1.2153947353363037,0.14931878447532654,1.10294771194458
1403896785634947074,positive,0.24968428909778595,0.4177732467651367,0.2023669183254242
1403896786071146496,negative,0.9335876107215881,-0.33342245221138,2.0282585620880127
1403896787081990144,negative,1.4040236473083496,-0.8634890913963318,1.917134165763855
1403896788629610498,neutral,2.339174747467041,0.9759997129440308,0.32177528738975525
1403896789715939330,positive,0.22579510509967804,2.2435879707336426,0.2592056691646576
1403896789808394241,neutral,1.6000277996063232,-0.2995121479034424,0.8270929455757141
1403896790303318018,negative,0.7650302052497864,0.3545117974281311,1.9314309358596802
1403896790542274560,negative,0.7838588356971741,-0.8143433928489685,2.5138864517211914
1403896792006152192,neutral,1.806867241859436,0.6932616233825684,0.4002980887889862
1403896792153038854,neutral,1.848438024520874,-1.0096229314804077,1.7332309484481812
1403896795122475010,neutral,2.644895315170288,1.4644911289215088,-0.39701157808303833
1403896795177000963,neutral,2.3964431285858154,0.3962285816669464,0.2748871445655823
1403896795705626628,positive,2.265547752380371,2.4573843479156494,-0.7280782461166382
1403896795747520516,neutral,1.6156479120254517,1.0034308433532715,0.961084246635437
1403896795852333062,neutral,2.183211088180542,1.3436706066131592,-0.04675915837287903
1403896796686864385,negative,1.1453747749328613,0.3837158977985382,1.3632246255874634
1403896797198618630,neutral,1.8909112215042114,0.02730090543627739,0.6519452333450317
1403896798209400832,neutral,0.7374748587608337,-0.020764954388141632,-0.02596518211066723
1403896799480352769,neutral,1.6855746507644653,0.37137287855148315,0.37932199239730835
1403896799996387333,neutral,2.169989824295044,-0.8481622934341431,1.5698803663253784
1403896800923115524,neutral,1.7498782873153687,0.09167876839637756,0.39027032256126404
1403896801615351814,negative,0.2834434509277344,0.23337453603744507,1.5080033540725708
1403896801686691843,neutral,1.3277571201324463,-0.12483031302690506,0.9302880764007568
1403896801757827073,positive,1.4059594869613647,1.4520667791366577,0.1627492606639862
1403896802588250115,neutral,2.036546230316162,-0.29658570885658264,1.142601490020752
1403896804110860291,positive,2.101590871810913,4.405062675476074,-1.6565155982971191
1403896807256584197,neutral,1.5320978164672852,0.8033832311630249,0.1027473509311676
1403896808343015426,neutral,1.5559513568878174,0.9688065052032471,0.1871528923511505
1403896809047531526,positive,1.7767754793167114,3.337350368499756,-0.8803814649581909
1403896809789878274,neutral,1.4238413572311401,0.6186820864677429,0.7396945953369141
1403896809899008000,neutral,1.9539002180099487,0.46438440680503845,0.3985483646392822
1403896813770481664,neutral,2.217390537261963,0.30976635217666626,0.3410781919956207
1403896813950836737,negative,1.0406744480133057,0.022040024399757385,1.062070369720459
1403896813971599360,neutral,2.1617162227630615,-1.0657997131347656,2.0157406330108643
1403896814818906117,neutral,1.3796260356903076,-0.0766277089715004,0.7117829322814941
1403896814982643713,positive,1.6828055381774902,3.539334535598755,-0.500506579875946
1403896815359954944,neutral,1.551318645477295,-0.013909205794334412,0.43313273787498474
1403896816706326528,neutral,2.942857027053833,0.17938925325870514,0.0380949005484581
1403896816857346048,negative,0.45649638772010803,-0.8170602917671204,3.7533462047576904
1403896817746681857,negative,1.727341890335083,-0.7378231287002563,2.6880602836608887
1403896818988105728,neutral,1.7434866428375244,1.183634877204895,0.052825942635536194
1403896820867092481,positive,2.0022218227386475,2.0707931518554688,-0.5384121537208557
1403896821777276930,negative,1.0882502794265747,-0.5431659817695618,1.9766631126403809
1403896822020595713,positive,0.6506814360618591,0.9045239090919495,0.39629384875297546
1403896823840796674,neutral,1.6853677034378052,1.146669626235962,-0.335898756980896
1403896823991836672,negative,0.960244357585907,-0.8946173787117004,3.092282772064209
1403896824436559873,negative,1.137332797050476,-0.5486437082290649,2.1856586933135986
1403896824881201155,negative,0.7595109939575195,0.7276272177696228,1.0750732421875
1403896825166254080,neutral,1.3064303398132324,0.6234461069107056,0.3507888913154602
1403896825464057860,positive,1.054453730583191,1.0564147233963013,0.7247483730316162
1403896825724084224,neutral,0.8379747271537781,0.7828768491744995,-0.2993336617946625
1403896826101518340,neutral,2.674644708633423,0.6887145042419434,0.090641088783741
1403896826575699968,neutral,2.0558526515960693,0.9152420163154602,0.47292762994766235
1403896827238309889,neutral,1.5002665519714355,0.19802457094192505,0.6065210103988647
1403896827271778308,neutral,1.6761282682418823,0.46985533833503723,-0.22885407507419586
1403896828190363648,neutral,3.530146598815918,1.6300077438354492,-1.0650410652160645
1403896829134082057,negative,0.6632556319236755,-0.5562041401863098,2.014507532119751
1403896829272547328,neutral,1.3385658264160156,0.4977364242076874,0.5600292682647705
1403896829306097665,neutral,1.7858655452728271,-0.3524540960788727,1.3863921165466309
1403896829775794177,neutral,1.8167301416397095,-0.7457254528999329,1.4744457006454468
1403896830564388864,negative,0.23079612851142883,-0.35394734144210815,1.6282892227172852
1403896830589607937,positive,0.42436715960502625,4.301692962646484,-0.9597411155700684
1403896831101206528,positive,0.8333421349525452,3.5886921882629395,-0.6299046277999878
1403896831197671427,negative,0.5679232478141785,-0.9763378500938416,2.79506254196167
1403896831390650369,neutral,2.680697441101074,1.0767545700073242,-0.4211740791797638
1403896832703430663,neutral,1.2721134424209595,0.28151217103004456,1.1527948379516602
1403896833387241476,negative,0.6902927756309509,-1.1708242893218994,3.555649995803833
1403896834112688130,negative,1.1782448291778564,-0.7610794305801392,2.107536792755127
1403896834439921666,neutral,1.523388385772705,0.48132768273353577,0.5891426205635071
1403896835685634048,negative,1.5810604095458984,-0.6090428233146667,1.7451542615890503
1403896836427960323,negative,0.8806692957878113,-0.7104705572128296,2.7194738388061523
1403896836595892224,neutral,1.5194334983825684,0.14153119921684265,0.7069699764251709
1403896836654522377,neutral,2.0816824436187744,1.5893816947937012,-0.365571528673172
1403896837388390400,neutral,1.3307933807373047,0.39409610629081726,0.6426771879196167
1403896838206345218,negative,0.645988941192627,0.5255589485168457,1.6266027688980103
1403896839095660550,negative,0.7055714726448059,-0.6770667433738708,2.8967885971069336
1403896839632478210,negative,1.3236933946609497,-1.1386200189590454,2.9795002937316895
1403896840207097859,neutral,1.4592136144638062,0.5933533310890198,0.513079047203064
1403896840890769412,negative,1.3475594520568848,-0.7858157157897949,1.6864840984344482
1403896840953774081,neutral,1.765390157699585,-0.6156480312347412,1.5544220209121704
1403896841305923589,neutral,1.4484964609146118,1.4154980182647705,0.0698736384510994
1403896841423396864,negative,0.1525503247976303,0.3061356842517853,1.4880661964416504
1403896841440313345,negative,0.9765357971191406,-0.7586604952812195,2.1702382564544678
1403896841658277889,neutral,1.3398780822753906,0.10621451586484909,0.600127637386322
1403896842144866306,neutral,1.928551435470581,0.9263247847557068,-0.15313397347927094
1403896843591770115,neutral,1.74595308303833,-0.615023672580719,1.2632532119750977
1403896843604475905,negative,0.7588698267936707,-0.9709742665290833,2.946136713027954
1403896844338540544,positive,1.3724623918533325,1.5066184997558594,-0.8085772395133972
1403896844422467586,negative,1.2014009952545166,-0.10395785421133041,1.9252128601074219
1403896844456022019,neutral,2.0568299293518066,-0.26607760787010193,1.0432517528533936
1403896844976001028,negative,1.1292550563812256,-0.7734876871109009,2.740913152694702
1403896845407973377,neutral,1.321012258529663,-0.13333910703659058,1.1339000463485718
1403896845886058500,neutral,2.6301820278167725,-0.7547051310539246,0.9413689970970154
1403896846205001732,negative,0.5607782006263733,0.2149282693862915,1.5849390029907227
1403896846330777603,negative,0.45649638772010803,-0.8170602917671204,3.7533462047576904
1403896846573998081,positive,1.1898201704025269,4.386678695678711,-0.7858099341392517
1403896846708363271,positive,1.2836415767669678,1.727579951286316,0.23896102607250214
1403896847157112834,positive,2.3613879680633545,2.7459921836853027,-0.5872867703437805
1403896848037863425,negative,0.21033455431461334,0.1765015721321106,1.903960108757019
1403896848373489664,negative,1.449495792388916,-0.9917872548103333,2.537749767303467
1403896850550304771,neutral,1.4913685321807861,-0.20112237334251404,1.1740350723266602
1403896850835378182,neutral,2.415341377258301,-0.21004611253738403,0.8719251155853271
1403896851632254982,negative,0.9844480752944946,-0.6578693389892578,1.8482764959335327
1403896854413254660,negative,0.9210535287857056,0.06475557386875153,1.3824772834777832
1403896854606188545,neutral,2.8442986011505127,1.6745941638946533,-0.7182266712188721
1403896855163965444,neutral,1.379625916481018,-0.07662767916917801,0.7117829322814941
1403896855725887496,neutral,1.3398780822753906,0.1062144786119461,0.6001277565956116
1403896856434855940,negative,1.1225026845932007,-0.81788170337677,1.828923225402832
1403896857131053061,negative,0.3934675455093384,-0.17127424478530884,1.2694978713989258
1403896857516969987,neutral,1.8289709091186523,0.03088366985321045,1.0262316465377808
1403896858200641536,neutral,2.0558526515960693,0.915242075920105,0.47292762994766235
1403896858213294081,neutral,2.251004934310913,2.131953477859497,0.037573542445898056
1403896858720702467,negative,0.8070777654647827,-0.5369096994400024,2.6177358627319336
1403896859983159297,neutral,1.085878849029541,0.7779136300086975,0.06732172518968582
1403896860675383302,neutral,1.43146550655365,0.024847641587257385,1.2834737300872803
1403896860989865986,neutral,1.6858925819396973,-0.45950189232826233,1.317625880241394
1403896861291806722,neutral,1.4855639934539795,-0.49445101618766785,1.103197455406189
1403896862332096517,positive,2.2271292209625244,3.158660650253296,-1.0253106355667114
1403896862529183744,negative,1.0413254499435425,-0.8950146436691284,2.540226459503174
1403896863049216000,negative,0.816340982913971,0.20629465579986572,1.4070229530334473
1403896863485476867,neutral,2.2985610961914062,1.0760921239852905,-0.0995623990893364
1403896863653351424,neutral,1.768370509147644,-0.24581527709960938,1.1137531995773315
1403896863837798400,negative,1.6300997734069824,-1.1651185750961304,2.5472285747528076
1403896864299118595,neutral,2.227356433868408,0.7533195614814758,0.1516287475824356
1403896866488696833,positive,0.2935526371002197,1.325386643409729,0.5448087453842163
1403896866979209216,negative,0.9630367755889893,-0.49980446696281433,2.1679837703704834
1403896867142856706,neutral,3.530146598815918,1.6300077438354492,-1.0650410652160645
1403896868191408135,neutral,2.0041096210479736,1.720461368560791,-0.17996960878372192
1403896869647011845,negative,1.0895642042160034,-0.1883113980293274,2.4393134117126465
1403896869667758083,negative,0.2832268476486206,-0.8503755331039429,3.627958059310913
1403896870615797760,neutral,1.2512550354003906,-0.3070008158683777,1.0694940090179443
1403896870871605249,positive,1.6572271585464478,2.755718469619751,-0.30901336669921875
1403896872406761474,neutral,1.9024690389633179,1.4708049297332764,-0.5751456618309021
1403896872666906624,negative,1.049526572227478,-0.2193104326725006,1.884820818901062
1403896873124044809,positive,1.5321356058120728,4.209811687469482,-1.1110429763793945
1403896873459470340,positive,1.6273539066314697,2.220982313156128,-0.40424010157585144
1403896875368038403,negative,1.5999761819839478,-1.068811058998108,2.5066230297088623
1403896876026548225,neutral,1.775754690170288,0.41473037004470825,0.74510258436203
1403896876835954689,neutral,1.896964430809021,1.339112639427185,-0.9982633590698242
1403896877003771913,negative,0.5666109323501587,-0.8695406913757324,3.228283405303955
1403896877083463680,negative,1.1712861061096191,0.28795352578163147,1.6508755683898926
1403896877117063173,negative,1.556815266609192,-0.8931783437728882,2.1276376247406006
1403896877263724547,neutral,1.4214916229248047,0.328635036945343,0.8487669825553894
1403896877397929984,neutral,3.530146598815918,1.6300077438354492,-1.0650410652160645
1403896878593236993,negative,1.5999763011932373,-1.068811058998108,2.506622791290283
1403896878928908289,positive,1.0244759321212769,1.9224610328674316,0.074677012860775
1403896879298056193,neutral,1.2802014350891113,0.24743232131004333,0.7987693548202515
1403896880409374723,neutral,1.9200305938720703,0.001094125211238861,1.3634591102600098
1403896880912748547,neutral,1.5701854228973389,-0.0848250761628151,1.0890642404556274
1403896881462267907,neutral,1.4152960777282715,1.1521732807159424,0.5406505465507507
1403896881567059969,neutral,1.4344285726547241,0.41204527020454407,0.7247341275215149
1403896883131523078,neutral,0.5366147756576538,0.38687577843666077,-0.11440546065568924
1403896883391733760,negative,1.8264238834381104,-0.9730798602104187,1.8649427890777588
1403896883588726784,neutral,1.355842113494873,-0.030599482357501984,0.5759707689285278
1403896883840385024,negative,1.4217854738235474,-0.714245080947876,2.0781776905059814
1403896885811630087,positive,1.3425536155700684,3.0069730281829834,-0.6373294591903687
1403896885887205379,neutral,1.4619694948196411,1.3573366403579712,0.2200193703174591
1403896886503870469,neutral,1.657442569732666,0.4727362096309662,0.07813058793544769
1403896887250464770,negative,0.15824216604232788,-0.3807844817638397,1.65621817111969
1403896889456484352,neutral,2.5457308292388916,1.3318946361541748,-0.5181329250335693
1403896889691447297,neutral,2.0398097038269043,0.6565144658088684,0.08112102001905441
1403896889725095940,negative,1.498865008354187,-0.8010808825492859,1.6604762077331543
1403896890890932224,neutral,1.9636937379837036,0.10340742021799088,0.44821327924728394
1403896892132663299,neutral,2.0301353931427,0.40060991048812866,-0.31771120429039
1403896892405190658,negative,1.1331368684768677,-0.9184398055076599,2.416860580444336
1403896892711337985,positive,1.3209025859832764,1.9842811822891235,0.005960732698440552
1403896892858249216,neutral,0.7569748759269714,-0.305821031332016,0.43455061316490173
1403896892975616005,negative,0.7692033052444458,0.21214881539344788,1.1481082439422607
1403896893198028801,positive,1.596704125404358,1.7712234258651733,-0.12336980551481247
1403896893680328705,neutral,2.3170742988586426,0.6916146874427795,-0.05783796310424805
1403896894221398016,neutral,2.371894598007202,1.127596139907837,-0.7756311297416687
1403896894343073793,neutral,1.461336612701416,-0.11084143072366714,1.3428360223770142
1403896894506504198,positive,1.1280914545059204,1.4105734825134277,0.8085635900497437
1403896894640721922,neutral,1.2100071907043457,0.8485797047615051,0.6398366093635559
1403896895437787138,negative,0.7838588356971741,-0.8143433928489685,2.5138864517211914
1403896896104456194,positive,1.0806325674057007,2.163463592529297,0.045820850878953934
1403896897769725953,negative,0.8585668802261353,-0.7116732001304626,1.8609894514083862
1403896899677999107,negative,1.4106166362762451,-0.36262205243110657,1.4732584953308105
1403896902479908866,neutral,1.9014569520950317,1.0673742294311523,0.3908570408821106
1403896902660276228,neutral,2.493297576904297,1.2119985818862915,-0.3747052550315857
1403896903788605446,neutral,1.3331559896469116,0.26225587725639343,1.2251505851745605
1403896904161824772,neutral,1.6855746507644653,0.37137290835380554,0.37932199239730835
1403896904342065154,neutral,1.4737322330474854,-0.34799256920814514,1.1945852041244507
1403896904610549760,negative,1.2431541681289673,-0.8032269477844238,1.8681669235229492
1403896905088876549,negative,0.8323348760604858,0.08698144555091858,1.295982837677002
1403896905118138372,negative,0.5660942792892456,-0.2842365801334381,1.3370006084442139
1403896905755729920,neutral,2.0046119689941406,1.677032232284546,-0.2992669939994812
1403896908741890050,neutral,1.3398780822753906,0.10621451586484909,0.600127637386322
1403896909052485633,negative,1.1928852796554565,-0.24039021134376526,1.4821234941482544
1403896909807316995,positive,2.4178268909454346,2.9063663482666016,-0.6380785703659058
1403896910541246468,positive,2.0022218227386475,2.0707931518554688,-0.5384121537208557
1403896910746955776,positive,0.04594532027840614,0.7235351204872131,0.2503950297832489
1403896910977531910,positive,2.942852258682251,3.7804622650146484,-1.4409940242767334
1403896911380332547,negative,0.5585561990737915,-0.31734156608581543,0.7558220624923706
1403896912692998146,neutral,1.3269318342208862,-0.14957314729690552,1.1383663415908813
1403896913003417600,negative,0.45649638772010803,-0.8170602917671204,3.7533462047576904
1403896913762471937,negative,0.7002885341644287,-0.2802177965641022,2.272458553314209
1403896913817128963,negative,0.3845849335193634,0.8338750004768372,1.543458104133606
1403896914697805828,neutral,1.6156479120254517,1.0034308433532715,0.961084246635437
1403896916367261698,neutral,1.3069674968719482,-0.18770629167556763,1.1283934116363525
1403896917717778440,positive,2.9868199825286865,4.096158027648926,-1.4678246974945068
1403896918296698880,positive,1.4956789016723633,2.684000015258789,-0.5114145278930664
1403896918661484545,neutral,1.2170085906982422,0.17199912667274475,0.8886479139328003
1403896919760326658,neutral,2.810608386993408,0.962303102016449,-0.01119161956012249
1403896919873650688,negative,1.336991548538208,-1.212684154510498,3.0240163803100586
1403896921949880320,neutral,1.3346463441848755,0.16282418370246887,1.20968496799469
1403896922990120961,neutral,1.6550211906433105,0.15934891998767853,0.9476357698440552
1403896924688687104,positive,0.46926796436309814,0.9583248496055603,0.8901605010032654
1403896924726435840,neutral,2.1617162227630615,-1.0657998323440552,2.0157408714294434
1403896925380882440,neutral,1.6156479120254517,1.0034308433532715,0.961084246635437
1403896926416752640,positive,1.1691609621047974,1.4527114629745483,1.088707685470581
1403896926978838531,neutral,1.379625916481018,-0.07662767916917801,0.7117829322814941
1403896927025090561,positive,0.280942440032959,0.9897982478141785,0.2686460316181183
1403896927737958404,negative,1.3129185438156128,-0.7249815464019775,2.5098702907562256
1403896927826022403,negative,1.7881011962890625,-0.9326849579811096,2.0165810585021973
1403896927981379588,neutral,1.5557115077972412,0.014093488454818726,0.9771475195884705
1403896929868726276,positive,1.959985375404358,4.693075180053711,-1.1266553401947021
1403896930250461184,negative,0.46303850412368774,0.6708457469940186,0.9126541614532471
1403896931139522560,positive,1.0639433860778809,3.7977418899536133,-0.3264828324317932
1403896931764654081,negative,0.7831195592880249,0.9873824119567871,1.9339643716812134
1403896932162949124,positive,1.1096534729003906,2.5054478645324707,-0.038713037967681885
1403896933253455874,neutral,1.4516303539276123,1.3698135614395142,-0.0005008988082408905
1403896933291282436,negative,0.5666109323501587,-0.8695406913757324,3.2282826900482178
1403896934629359619,negative,0.3367316424846649,-0.18866026401519775,1.882658839225769
1403896935061377024,neutral,2.212160110473633,-0.031338587403297424,0.8980836868286133
1403896935786893314,neutral,1.5555903911590576,0.06347020715475082,0.7037094235420227
1403896935996485636,positive,1.8832919597625732,3.138092279434204,-0.5668795704841614
1403896936395051011,neutral,2.0965383052825928,0.6666526794433594,0.6154760122299194
1403896937946955777,neutral,3.789377212524414,2.094186305999756,-1.0501655340194702
1403896938831826952,negative,1.400945782661438,-0.7986448407173157,2.2723939418792725
1403896939024769033,negative,1.0627849102020264,-0.004294157028198242,1.7522211074829102
1403896939050119173,neutral,0.7471402883529663,0.07349739968776703,0.6249045729637146
1403896940903944195,neutral,1.990781545639038,-0.29085206985473633,0.9143689274787903
1403896940954226695,negative,0.9891710877418518,-0.5496612787246704,2.5059871673583984
1403896941839196161,negative,0.45649638772010803,-0.8170602917671204,3.7533462047576904
1403896942145327107,neutral,1.6855746507644653,0.37137290835380554,0.37932199239730835
1403896942824935430,neutral,2.3909127712249756,2.0096583366394043,-0.41156041622161865
1403896943013597190,negative,1.022334098815918,-0.5903393626213074,2.1578962802886963
1403896943089274882,neutral,1.5743228197097778,0.6606467962265015,0.40171054005622864
1403896944133492736,neutral,2.5910043716430664,0.8025945425033569,0.0658157616853714
1403896945228140552,negative,1.7259310483932495,-0.5772826075553894,1.7711950540542603
1403896945672962049,negative,1.1238206624984741,-0.0626448467373848,1.1941864490509033
1403896945928642561,positive,0.3427632451057434,3.600360870361328,-0.8739699721336365
1403896946058612739,neutral,1.1269240379333496,-0.0016421452164649963,1.087990403175354
1403896947476516865,neutral,1.6156479120254517,1.0034308433532715,0.961084246635437
1403896948302680069,negative,1.1331368684768677,-0.9184398055076599,2.416860580444336
1403896948969467907,negative,1.1181747913360596,-1.1236501932144165,3.1347455978393555
1403896949095419904,neutral,0.9922544360160828,0.2559024691581726,0.14913690090179443
1403896949317713922,negative,1.3484359979629517,-0.2994023859500885,1.7680085897445679
1403896949942652929,neutral,1.5189517736434937,-0.33996647596359253,1.385937213897705
1403896950856900608,neutral,1.283576250076294,-0.22393792867660522,1.0748759508132935
1403896951158886402,neutral,1.8306330442428589,0.7743842601776123,-0.22375930845737457
1403896951699959810,neutral,1.8958836793899536,0.679760754108429,0.6322099566459656
1403896952069132290,neutral,1.020699381828308,0.2807207405567169,1.0106209516525269
1403896952639602688,negative,0.9165565371513367,-1.2625375986099243,3.3545992374420166
1403896952685740032,negative,1.1514801979064941,-0.9777968525886536,2.4332592487335205
1403896953159757824,neutral,1.1909714937210083,0.2790573537349701,0.6014584302902222
1403896953453170691,neutral,2.4749059677124023,0.6151434183120728,0.08516531437635422
1403896953499389963,neutral,1.248680830001831,0.9799167513847351,0.3924027681350708
1403896953549864963,negative,0.995038628578186,-0.9509548544883728,2.6848604679107666
1403896954334040068,neutral,2.289669990539551,1.7226169109344482,-0.4583539366722107
1403896954367528968,neutral,2.377554416656494,0.7740784287452698,0.33577969670295715
1403896955105726475,neutral,1.3887587785720825,-0.011653482913970947,1.0600403547286987
1403896955755847684,neutral,2.3682963848114014,0.5830698609352112,0.13162215054035187
1403896956536213506,neutral,1.9597936868667603,0.7192762494087219,0.20872622728347778
1403896956955496451,negative,0.37979021668434143,-0.01083112508058548,1.5753852128982544
1403896956997423104,positive,1.0766241550445557,2.982367992401123,-0.1683414727449417
1403896957903511554,neutral,1.4840478897094727,-0.36338695883750916,1.480216383934021
1403896958545281030,negative,0.8703305125236511,-1.130096197128296,2.949498176574707
1403896959212077060,negative,1.143878698348999,0.10346420109272003,1.1964731216430664
1403896961275682818,neutral,1.0880827903747559,0.8090476989746094,0.19947679340839386
1403896962685022209,neutral,2.0474464893341064,0.62738037109375,-0.18240892887115479
1403896962689216514,negative,0.8541529774665833,0.2277235984802246,1.2699494361877441
1403896963184033792,negative,1.0576354265213013,-1.1364552974700928,3.0590107440948486
1403896963251253250,neutral,2.0242245197296143,-0.38172468543052673,0.8857566714286804
1403896963775418368,negative,0.9531733393669128,-0.6732549071311951,2.7525522708892822
1403896964417167361,neutral,1.4978907108306885,0.8328085541725159,0.46243801712989807
1403896965360979971,negative,0.6457601189613342,-1.2787737846374512,4.016173362731934
1403896965553737729,negative,1.2130876779556274,-0.11638269573450089,1.5395172834396362
1403896966640111616,negative,1.2766809463500977,-0.6316000819206238,1.744517207145691
1403896966795259907,negative,1.36025869846344,-0.5864958167076111,1.705567717552185
1403896968095617028,negative,1.0122172832489014,-1.281843662261963,3.562272787094116
1403896968703660034,negative,1.3938021659851074,-0.19716009497642517,1.499843716621399
1403896969093816323,neutral,1.361903429031372,0.07836560904979706,0.8059840798377991
1403896969890779137,negative,1.001376986503601,-0.12062942236661911,1.6710124015808105
1403896970243051521,negative,1.5713919401168823,-0.7984611988067627,2.594634771347046
1403896971119767552,neutral,1.5559513568878174,0.9688065052032471,0.1871528923511505
1403896971656564740,negative,1.232214331626892,-1.000233769416809,2.143557071685791
1403896972566745089,neutral,2.0725200176239014,0.4923647344112396,-0.12752868235111237
1403896972654821376,neutral,1.6042433977127075,-0.5504432320594788,1.4424892663955688
1403896973560791041,negative,1.4040236473083496,-0.8634890913963318,1.917134165763855
1403896974114390019,negative,0.35400745272636414,0.5714929699897766,0.8767266869544983
1403896974814887938,positive,2.3767166137695312,3.912076473236084,-1.0252008438110352
1403896975154552832,neutral,2.3473620414733887,0.27617543935775757,0.34626439213752747
1403896975528009729,negative,0.24608895182609558,-0.036776162683963776,2.8344779014587402
1403896976937144329,negative,1.0353007316589355,-0.12515756487846375,1.3637293577194214
1403896976974880769,neutral,1.5451276302337646,0.6438795924186707,0.32067790627479553
1403896977767632897,neutral,1.569798469543457,0.08341358602046967,1.1702220439910889
1403896978564476929,neutral,1.6103153228759766,-0.6810173988342285,1.2244579792022705
1403896979122397196,positive,2.955533027648926,3.654825448989868,-1.3011631965637207
1403896979684528128,neutral,1.8979328870773315,0.901027262210846,0.3939719498157501
1403896980049440773,neutral,1.9007155895233154,-0.24358490109443665,1.169825553894043
1403896980997173250,neutral,2.6726620197296143,0.5621567368507385,-0.06325326859951019
1403896982540722180,neutral,2.95322322845459,2.3367526531219482,-0.7366967797279358
1403896983077728256,neutral,1.3763906955718994,1.0247414112091064,-0.33812215924263
1403896983245389826,neutral,1.9554355144500732,0.24206146597862244,0.9459857940673828
1403896984432431105,negative,0.24648788571357727,-0.8608781099319458,3.43257474899292
1403896984629432326,negative,0.2448478639125824,-0.48180070519447327,2.350621461868286
1403896984927305733,neutral,2.1335394382476807,1.5015169382095337,-1.0885261297225952
1403896984977567751,neutral,1.365983247756958,-0.02624882012605667,1.3223859071731567
1403896986256949249,neutral,2.9628117084503174,0.6987348198890686,-0.22540105879306793
1403896986525446148,neutral,1.7100549936294556,-0.5364952087402344,1.5939016342163086
1403896987548672005,negative,1.326297640800476,-0.9724144339561462,2.35296893119812
1403896988056358912,neutral,1.6156479120254517,1.003430962562561,0.9610843062400818
1403896988890927105,neutral,1.4592136144638062,0.5933533906936646,0.5130789875984192
1403896989150900226,neutral,3.530146598815918,1.6300077438354492,-1.0650410652160645
1403896989268459520,neutral,1.7328850030899048,0.1527576446533203,1.2360984086990356
1403896990832812033,negative,0.7896736264228821,-0.5656114220619202,1.582481026649475
1403896991248048132,negative,1.013657569885254,-0.06614711135625839,1.606046438217163
1403896992103759872,positive,3.0267364978790283,4.774116039276123,-2.1616547107696533
1403896992292425736,neutral,3.2722296714782715,0.7595564126968384,-0.6670660972595215
1403896992812707844,negative,0.8996098041534424,-0.8819257616996765,2.7370095252990723
1403896993425113089,neutral,2.506451368331909,1.4469834566116333,-0.5270968675613403
1403896994100359170,negative,1.8266681432724,-0.9982268214225769,1.9799644947052002
1403896994293116932,neutral,1.9403049945831299,-0.6860625743865967,0.965177595615387
1403896994385457155,neutral,1.7948015928268433,0.5239003300666809,0.3599436283111572
1403896994767138819,negative,1.600744366645813,-1.2062617540359497,3.0223493576049805
1403896995140444161,neutral,1.7257558107376099,-0.49470147490501404,1.4448071718215942
1403896995186679816,positive,0.6214763522148132,2.626187324523926,-0.43813198804855347
1403896995387899907,neutral,2.303687334060669,1.3099944591522217,-0.7170393466949463
1403896995975159808,neutral,2.306674003601074,-0.3815867304801941,0.8096887469291687
1403896996826554373,neutral,1.1858785152435303,-0.12279246002435684,1.1417852640151978
1403896997174710272,neutral,1.482861876487732,0.8386492729187012,0.3177986145019531
1403896997178925058,neutral,2.3540008068084717,-0.275420606136322,0.677058219909668
1403897001389944837,positive,2.512226104736328,2.5461621284484863,-0.22067873179912567
1403897003717894145,negative,0.7838588356971741,-0.8143433928489685,2.5138864517211914
1403897003956969484,neutral,2.8217248916625977,0.025734789669513702,0.5355105996131897
1403897004384792577,neutral,1.5114352703094482,1.020512342453003,0.5071796774864197
1403897004657315845,negative,1.3134132623672485,-0.5762357115745544,1.6616076231002808
1403897005257150464,negative,1.4396209716796875,-0.03735414892435074,1.5953599214553833
1403897007048073217,neutral,2.083320379257202,1.3273518085479736,-0.004621652886271477
1403897009745059841,neutral,2.234363317489624,0.2862752079963684,0.4834764003753662
1403897011330420739,negative,1.2157981395721436,-1.1671397686004639,2.887923240661621
1403897012362354692,positive,1.5019240379333496,1.8094213008880615,0.3881646990776062
1403897012811096064,neutral,1.6855746507644653,0.37137290835380554,0.37932199239730835
1403897013167661059,neutral,1.7867695093154907,0.24167537689208984,0.8695610165596008
1403897013507432449,negative,1.3475594520568848,-0.7858157157897949,1.6864840984344482
1403897013578747906,neutral,2.0531721115112305,0.8444896340370178,-0.1407889872789383
1403897013679317003,negative,1.1900955438613892,-0.34515121579170227,1.3375357389450073
1403897013809319943,neutral,2.0965383052825928,0.6666526794433594,0.6154760122299194
1403897013813452800,neutral,3.640317678451538,1.5829519033432007,-0.9354137778282166
1403897014480523267,positive,0.9585896134376526,3.661630392074585,-0.5735504031181335
1403897014673358848,neutral,1.6854201555252075,0.5920380353927612,0.1695811152458191
1403897015780614146,positive,0.8322593569755554,0.9382925033569336,-0.3747798204421997
1403897016057352195,negative,1.2266896963119507,-0.16591468453407288,1.5649036169052124
1403897016367816708,negative,0.7838588356971741,-0.8143433928489685,2.5138864517211914
1403897017215197187,negative,0.920484721660614,0.15990978479385376,1.6629654169082642
1403897017236135938,neutral,1.600937843322754,1.0359296798706055,0.12050655484199524
1403897017374441473,negative,1.3783893585205078,0.0809963122010231,1.7644765377044678
1403897017416388608,negative,1.3134132623672485,-0.5762357115745544,1.6616076231002808
1403897017634594816,neutral,1.4214916229248047,0.328635036945343,0.8487669825553894
1403897017802182656,neutral,1.5965335369110107,-0.21282470226287842,1.468369483947754
1403897018112626689,positive,0.6847066879272461,1.9206008911132812,0.167587548494339
1403897019714965507,neutral,1.8709139823913574,0.7854757905006409,0.30547595024108887
1403897020256079873,neutral,1.4649988412857056,0.9769554734230042,-0.03258541226387024
1403897021069549574,negative,1.5124634504318237,-0.17101454734802246,1.7665983438491821
1403897021480669186,negative,1.3760911226272583,-0.48137167096138,1.7374894618988037
1403897021644230661,negative,1.2307413816452026,-0.9866713881492615,2.723745584487915
1403897021807968259,neutral,1.461336612701416,-0.11084143072366714,1.3428360223770142
1403897022814380032,positive,2.2271292209625244,3.158660650253296,-1.0253106355667114
1403897025914150912,negative,0.8893963098526001,0.1675403118133545,1.792199969291687
1403897025926778882,neutral,2.1204416751861572,1.5933222770690918,-0.07666412740945816
1403897026237145094,negative,1.0627849102020264,-0.004294157028198242,1.7522211074829102
1403897026971156482,neutral,3.789377212524414,2.094186305999756,-1.0501655340194702
1403897027164000257,neutral,1.6681630611419678,0.34121090173721313,0.8834228515625
1403897028778905601,neutral,1.6156479120254517,1.0034308433532715,0.961084246635437
1403897028816433155,negative,1.2526870965957642,-0.36320942640304565,1.6279611587524414
1403897029319925761,neutral,1.7774832248687744,0.7853458523750305,0.07799950987100601
1403897029852643329,negative,1.108583688735962,-0.47857633233070374,1.881900668144226
1403897030611718146,negative,0.8819742202758789,0.15509462356567383,1.7296544313430786
1403897030724968448,negative,0.8275501728057861,-0.4341587722301483,1.9371167421340942
1403897031190528007,neutral,1.550081729888916,0.15317335724830627,0.5967074632644653
1403897031614156800,neutral,1.5649734735488892,0.8090782165527344,0.29290419816970825
1403897033723990022,negative,1.1966217756271362,-0.03894080966711044,1.361022710800171
1403897034768359427,negative,1.3783893585205078,0.0809963122010231,1.7644765377044678
1403897034973892608,neutral,1.6855746507644653,0.37137290835380554,0.37932199239730835
1403897035934167046,neutral,0.7697373628616333,0.2958243787288666,-0.13941709697246552
1403897038069059585,neutral,2.183211326599121,1.3436706066131592,-0.04675910621881485
1403897038132023299,neutral,1.6933164596557617,-0.03814295679330826,1.1157885789871216
1403897040065630213,negative,1.3462823629379272,-1.241623044013977,2.9527995586395264
1403897041772683265,negative,0.6653352379798889,-0.3183222711086273,2.8164517879486084
1403897042166980609,positive,1.1214096546173096,7.312814235687256,-1.9788700342178345
1403897042334744580,negative,1.3783893585205078,0.0809963122010231,1.7644765377044678
1403897042628403204,negative,0.7823836207389832,-0.4086708426475525,1.3245877027511597
1403897044255887361,negative,0.9395511150360107,0.8027501702308655,1.078774333000183
1403897044578848771,positive,1.3209025859832764,1.9842811822891235,0.005960732698440552
1403897045325258754,neutral,1.7373532056808472,-0.01736731082201004,1.4273334741592407
1403897045547630594,negative,0.8788695931434631,0.36837324500083923,1.5742257833480835
1403897045572800518,neutral,1.775754690170288,0.41473037004470825,0.74510258436203
1403897047196045326,neutral,1.4737321138381958,-0.3479924499988556,1.1945853233337402
1403897047435075586,negative,1.1353546380996704,-0.2905583679676056,1.2604365348815918
1403897047539978245,negative,1.080332636833191,-0.7382485866546631,2.62504243850708
1403897048529784835,neutral,2.2047829627990723,0.20163269340991974,0.6618344783782959
1403897048722706434,negative,1.1085423231124878,-0.49013349413871765,1.5121155977249146
1403897048903073795,neutral,1.5491015911102295,-0.7296223640441895,1.4869049787521362
1403897049536471040,negative,0.6115491986274719,0.6966228485107422,1.2465769052505493
1403897049842700291,negative,1.1702128648757935,0.168233722448349,1.5354769229888916
1403897051084038145,negative,1.5462321043014526,-0.9039552211761475,1.93699049949646
1403897052539457536,negative,1.675727128982544,-1.1267354488372803,2.5844035148620605
1403897052808024064,negative,1.5706846714019775,-1.0803587436676025,2.429456949234009
1403897053147770880,positive,2.3379032611846924,2.525219440460205,-0.6998002529144287
1403897053210611715,negative,0.5348553657531738,-0.8909215331077576,2.731860399246216
1403897053294387206,neutral,2.1617162227630615,-1.0657998323440552,2.0157408714294434
1403897054032662535,neutral,1.928551435470581,0.9263247847557068,-0.15313397347927094
1403897054368190467,neutral,1.2743571996688843,0.8257827758789062,0.3421574532985687
1403897054477365252,negative,1.256767749786377,-0.9491602778434753,2.2530083656311035
1403897055517372417,neutral,1.7100932598114014,0.33023884892463684,0.010004645213484764
1403897057727811585,neutral,2.3505911827087402,0.4406057894229889,0.29321831464767456
1403897058604486660,neutral,1.6855746507644653,0.37137290835380554,0.37932199239730835
1403897059204386817,negative,1.1576359272003174,-1.1190516948699951,2.697047233581543
1403897062110937089,neutral,1.301481008529663,-0.507446825504303,1.18495512008667
1403897062509273096,positive,0.9933182597160339,1.3755073547363281,0.5930018424987793
1403897063977283587,neutral,1.273930311203003,0.4002537131309509,0.5919164419174194
1403897064401035267,neutral,1.1343075037002563,0.9815473556518555,-0.07614268362522125
1403897064573083655,negative,1.264915108680725,-0.37222835421562195,1.4042580127716064
1403897065843965953,positive,1.8329269886016846,1.93458092212677,-0.26816776394844055
1403897066347188227,neutral,1.7704427242279053,0.5219874978065491,0.7489035129547119
1403897066758225929,negative,1.2099940776824951,0.3448275625705719,1.2741003036499023
1403897069476093954,neutral,0.9791743159294128,0.9640424251556396,0.07472530007362366
1403897072168759298,neutral,1.5426079034805298,0.5317460298538208,0.2307034283876419
1403897072227688452,neutral,2.152935266494751,-0.23111313581466675,1.1358208656311035
1403897072240238594,neutral,1.9749765396118164,0.27043116092681885,0.6322558522224426
1403897072504426500,neutral,1.1775827407836914,0.5724025964736938,0.889742374420166
1403897073943158793,neutral,2.1117522716522217,0.44940850138664246,0.2790144383907318
1403897073976549378,negative,0.8541529774665833,0.2277235984802246,1.2699494361877441
1403897074651914240,neutral,1.9200305938720703,0.0010941550135612488,1.3634591102600098
1403897074781990914,positive,1.0659171342849731,1.7168433666229248,-0.2542877197265625
1403897075058634753,neutral,1.7073720693588257,0.2386806309223175,0.8861802220344543
1403897075377459200,negative,0.3810792565345764,-0.4135855734348297,1.5446892976760864
1403897075733917700,negative,1.2144787311553955,-0.20996153354644775,1.6712485551834106
1403897075981553664,negative,1.0427085161209106,-0.5237606167793274,1.0518449544906616
1403897076522487812,positive,1.6867846250534058,5.028244972229004,-1.0479748249053955
1403897076669366273,negative,0.6455099582672119,-0.6623883247375488,2.502190589904785
1403897076946243592,neutral,1.6409668922424316,-0.243382066488266,1.362658143043518
1403897077600555011,neutral,1.6855746507644653,0.37137290835380554,0.37932199239730835
1403897077856444418,negative,0.45596617460250854,-0.38832059502601624,2.383481979370117
1403897078778982404,negative,1.2594001293182373,-0.11616238206624985,1.3772002458572388
1403897079601131520,neutral,2.1660070419311523,0.10987316817045212,0.6929425001144409
1403897082101092353,neutral,1.5936864614486694,-0.42658641934394836,1.3339357376098633
1403897082784587776,negative,0.6200769543647766,-0.1497843861579895,2.697643280029297
1403897082839064577,negative,0.315359890460968,-0.28070446848869324,2.047783613204956
1403897083074129922,neutral,1.6855745315551758,0.371372789144516,0.37932199239730835
1403897083434876931,negative,0.8996098041534424,-0.8819258809089661,2.7370095252990723
1403897083459932160,neutral,1.2512550354003906,-0.3070008158683777,1.0694940090179443
1403897083992567810,neutral,1.6441446542739868,-0.5100816488265991,1.4364490509033203
1403897084013518850,neutral,1.8804984092712402,0.3072722256183624,0.2504492402076721
1403897084374392834,neutral,1.2885048389434814,0.4984723627567291,0.12033110111951828
1403897084646871041,neutral,1.44732666015625,-0.2592400312423706,1.2132055759429932
1403897085334896644,neutral,1.9554355144500732,0.24206146597862244,0.945985734462738
1403897085972385796,neutral,0.6895126700401306,0.5369956493377686,-0.23900066316127777
1403897086492516353,neutral,1.2976963520050049,1.2396665811538696,1.0643067359924316
1403897087696179200,neutral,1.2874374389648438,0.3054206371307373,0.8967159986495972
1403897089000497154,neutral,1.3583259582519531,0.11497947573661804,1.2725496292114258
1403897089294168067,negative,1.3783893585205078,0.0809963122010231,1.7644765377044678
1403897089583726598,neutral,2.617481231689453,0.9108660817146301,-0.27632516622543335
1403897090200113153,negative,0.40612074732780457,0.40239188075065613,1.4148608446121216
1403897090355380230,negative,1.2352170944213867,-0.3535497784614563,1.4710962772369385
1403897090552573954,neutral,1.6855746507644653,0.37137290835380554,0.37932199239730835
1403897092708442114,negative,1.066676378250122,-1.0508270263671875,2.68361759185791
1403897094881091588,positive,0.31682154536247253,1.9872231483459473,0.1647987961769104
1403897095199723520,negative,1.4314415454864502,-1.048388123512268,2.3978030681610107
1403897095946264579,neutral,2.1617162227630615,-1.0657998323440552,2.0157408714294434
1403897096390971393,negative,1.915628433227539,-1.0935263633728027,2.155590772628784
1403897098269913088,negative,1.274119257926941,-0.4028809368610382,1.693153738975525
1403897098941124610,negative,0.7838588356971741,-0.8143433928489685,2.5138864517211914
1403897099003973637,neutral,1.485564112663269,-0.4944510757923126,1.103197455406189
1403897099482288128,neutral,1.6855746507644653,0.37137290835380554,0.37932196259498596
1403897100849582081,neutral,2.1617162227630615,-1.0657998323440552,2.0157408714294434
1403897101818294277,positive,0.8092228174209595,2.36262583732605,-0.2200482338666916
1403897102149685249,negative,1.1600264310836792,-0.6576704978942871,2.6573190689086914
1403897103643037696,negative,1.1089404821395874,-0.5285340547561646,2.0135104656219482
1403897103676436482,neutral,2.6021950244903564,2.341562509536743,-0.7960727214813232
1403897103785594882,negative,1.5010143518447876,-1.3297146558761597,3.269782304763794
1403897104175669249,negative,1.1124359369277954,-0.5469057559967041,2.1666340827941895
1403897104263651330,neutral,2.5498640537261963,1.3025635480880737,-0.5479932427406311
1403897105039577094,negative,0.8242219686508179,-0.8550918698310852,3.0200035572052
1403897105069006848,neutral,2.118499517440796,0.12764769792556763,0.6007705926895142
1403897106734088192,neutral,1.7790570259094238,-0.7647481560707092,1.2185546159744263
1403897107354767360,neutral,1.6156480312347412,1.0034308433532715,0.961084246635437
1403897107992375298,neutral,1.4452694654464722,0.41271916031837463,0.5132908225059509
1403897108285976579,neutral,1.778055191040039,-0.3279081881046295,0.894387423992157
1403897108449546253,negative,1.2766809463500977,-0.6316000819206238,1.744517207145691
1403897108801880071,negative,1.409468650817871,-0.8779081106185913,2.6847851276397705
1403897109984604160,negative,0.8541529774665833,0.2277235984802246,1.2699494361877441
1403897110081150976,negative,1.6324537992477417,-0.8942345976829529,2.530470848083496
1403897110114799619,neutral,2.797194242477417,0.052201151847839355,0.2343784123659134
1403897110991306753,positive,0.7175542116165161,1.4235161542892456,0.30924034118652344
1403897113134522368,neutral,1.693066120147705,0.8624697327613831,0.06549514085054398
1403897115303051268,neutral,3.530146598815918,1.6300077438354492,-1.0650410652160645
1403897115709820929,neutral,2.478360891342163,-0.15685898065567017,0.5196700096130371
1403897116129435649,neutral,1.4378002882003784,-0.5467661619186401,0.8967574834823608
1403897116490014722,neutral,1.6156479120254517,1.0034308433532715,0.961084246635437
1403897116649529345,neutral,1.9658735990524292,0.3218379616737366,-0.43030717968940735
1403897116829880320,positive,0.08308743685483932,1.7431451082229614,-0.030123190954327583
1403897117136109568,negative,1.1634629964828491,0.45802634954452515,1.4192315340042114
1403897117224144901,negative,1.1871728897094727,-0.6331181526184082,1.3156986236572266
1403897117681152001,negative,0.7683038711547852,-0.6747875809669495,2.593158006668091
1403897119472115712,negative,1.2281455993652344,-0.010357283055782318,1.4514214992523193
1403897119656787968,neutral,1.7233452796936035,-0.17158231139183044,1.3650065660476685
1403897119912517633,positive,2.1576969623565674,3.822187662124634,-0.5424861907958984
1403897120160063488,neutral,1.9403049945831299,-0.6860625743865967,0.965177595615387
1403897120197775362,neutral,1.6855746507644653,0.37137290835380554,0.37932199239730835
1403897120336269314,negative,0.586966335773468,0.7661570310592651,1.6646584272384644
1403897120462192641,neutral,2.3061580657958984,0.5227155089378357,0.32168158888816833
1403897123473555457,positive,0.608433723449707,0.9254524111747742,-0.048508353531360626
1403897124484440068,negative,0.2105066478252411,0.16855275630950928,0.32583701610565186
1403897124761317380,negative,1.2666748762130737,-0.291066437959671,1.7661337852478027
1403897125130342401,negative,0.7055714726448059,-0.6770667433738708,2.8967885971069336
1403897125369430023,neutral,1.4202749729156494,0.12626227736473083,0.5422192215919495
1403897126279647233,neutral,1.379625916481018,-0.07662767916917801,0.7117829322814941
1403897128464883714,neutral,0.7408071756362915,0.47057297825813293,0.35228419303894043
1403897129463128064,negative,0.5700224041938782,-0.25288569927215576,1.3678416013717651
1403897129664270338,negative,0.6164629459381104,-1.4578293561935425,4.569206237792969
1403897130281013249,neutral,1.3607540130615234,0.13489973545074463,0.2408149689435959
1403897132554260484,neutral,1.9214028120040894,1.0402294397354126,-0.4371316432952881
1403897132713664516,neutral,1.7376760244369507,0.5987296104431152,0.011248892173171043
1403897132801826818,negative,1.2623422145843506,-1.2370593547821045,2.973182201385498
1403897132940156928,negative,1.8946298360824585,-0.9878239035606384,1.9432940483093262
1403897135771394049,neutral,1.6156479120254517,1.003430724143982,0.961084246635437
1403897135813173250,negative,1.147817850112915,-0.8106429576873779,2.313992738723755
1403897135825932290,neutral,1.5035425424575806,0.7824464440345764,0.30831581354141235
1403897136144695299,positive,2.100404977798462,2.836932897567749,-0.7897496223449707
1403897139185569795,neutral,1.8286676406860352,-0.2994517385959625,1.5250111818313599
1403897141228019712,neutral,2.6923418045043945,0.7073437571525574,-0.08413828909397125
1403897141538426884,neutral,2.008240222930908,-0.8122312426567078,1.390188455581665
1403897143061094404,negative,0.4313977062702179,-0.20500099658966064,1.6898893117904663
1403897143660847107,negative,0.43973714113235474,0.5322147607803345,1.1055444478988647
1403897144122040326,neutral,2.183211326599121,1.3436706066131592,-0.04675910621881485
1403897144361115650,negative,0.8214746713638306,-0.07533708959817886,2.1454827785491943
1403897144507998208,neutral,1.9560916423797607,-0.32228827476501465,1.2947933673858643
1403897145837510663,neutral,1.1319658756256104,0.6556394100189209,0.8593618273735046
1403897147402207236,negative,1.8804763555526733,-1.2243629693984985,2.67726469039917
1403897147410448385,neutral,1.9534462690353394,1.190016508102417,-0.4321748912334442
1403897147636936707,positive,1.6305288076400757,2.106428623199463,-0.24177123606204987
1403897148241022979,negative,1.141592264175415,-0.6480263471603394,1.996347188949585
1403897148647821315,neutral,1.385658860206604,0.19503797590732574,0.8319286704063416
1403897149008617475,neutral,1.3494597673416138,0.8214865326881409,0.8504669666290283
1403897149629386752,negative,1.5999761819839478,-1.068811058998108,2.5066230297088623
1403897150119972868,negative,1.0548557043075562,-1.3302165269851685,4.144258499145508
1403897150296276993,neutral,1.6156479120254517,1.0034308433532715,0.961084246635437
1403897151160143873,negative,0.699986457824707,-0.1388905644416809,2.6643877029418945
1403897151265050624,negative,1.1856529712677002,-0.7799403667449951,2.7697908878326416
1403897151424368643,positive,2.3701467514038086,4.852237701416016,-1.60117506980896
1403897151847944195,negative,1.291123628616333,-0.6809701919555664,2.352515697479248
1403897155350413316,neutral,0.8775181770324707,0.39155396819114685,0.713871419429779
1403897155379630080,neutral,1.3157317638397217,0.04809733107686043,1.257981538772583
1403897155606089730,neutral,2.1390268802642822,1.372784972190857,-0.27675971388816833
1403897156059242498,neutral,1.4550151824951172,-0.5893248319625854,1.320005178451538
1403897157329903618,neutral,1.5426079034805298,0.5317460298538208,0.2307034283876419
1403897157762093057,neutral,1.51320219039917,1.0687803030014038,0.20513781905174255
1403897157774581763,neutral,1.3618347644805908,0.5431508421897888,-0.07869476079940796
1403897158323949568,negative,0.7055714726448059,-0.6770667433738708,2.8967885971069336
1403897158923735041,negative,0.45649638772010803,-0.8170602917671204,3.7533462047576904
1403897159112708101,neutral,1.6550211906433105,0.15934891998767853,0.9476357698440552
1403897159297216512,neutral,1.4448058605194092,0.07803270220756531,1.4267293214797974
1403897160215769088,negative,1.0170601606369019,-0.5246959924697876,2.1726772785186768
1403897161666809857,negative,1.0568300485610962,0.17705143988132477,1.453748345375061
1403897162199552004,negative,0.8196147084236145,1.0414546728134155,1.4060887098312378
1403897163441127427,negative,0.9453027248382568,-0.23178309202194214,1.9852409362792969
1403897163650723842,neutral,1.0928045511245728,0.3101691007614136,0.8269418478012085
1403897163747414025,neutral,1.6107282638549805,1.3471002578735352,0.015460232272744179
1403897164284280832,positive,1.0110714435577393,2.492764472961426,-0.5913389325141907
1403897164435181572,negative,1.238113284111023,-1.0433818101882935,2.8581955432891846
1403897165718515714,neutral,1.7233514785766602,-0.36251699924468994,0.4179251194000244
1403897166322552832,neutral,2.0965383052825928,0.6666526794433594,0.6154760122299194
1403897167782232067,positive,2.149120330810547,3.5471041202545166,-0.7312568426132202
1403897169422163973,negative,0.07138566672801971,-0.07291655987501144,0.7390580773353577
1403897170122612741,negative,0.5805066227912903,-0.22363051772117615,2.161379814147949
1403897171154456579,negative,1.3369888067245483,-0.24635130167007446,1.638042688369751
1403897172089872385,negative,1.1104767322540283,-1.2109318971633911,3.350438356399536
1403897172777750533,negative,1.1487771272659302,-0.9246051907539368,2.0490002632141113
1403897173968756736,negative,0.6947283744812012,-0.8937942385673523,3.2039501667022705
1403897174623064070,negative,1.2766809463500977,-0.6316000819206238,1.744517207145691
1403897175063482368,neutral,3.530146598815918,1.6300077438354492,-1.0650410652160645
1403897176082817026,negative,1.4314415454864502,-1.048388123512268,2.3978030681610107
1403897176284037121,neutral,1.9177953004837036,1.1193124055862427,-0.3263527452945709
1403897177236254723,negative,0.8272925615310669,0.3429431915283203,1.42275071144104
1403897177290719235,negative,0.7187647819519043,-1.100154995918274,3.2665512561798096
1403897178100101124,negative,1.3783893585205078,0.0809963122010231,1.7644765377044678
1403897178926456834,neutral,1.6952567100524902,0.3796399235725403,1.3148893117904663
1403897180281315330,negative,1.402754306793213,-0.6918676495552063,2.192741870880127
1403897180289519616,neutral,3.530146598815918,1.6300077438354492,-1.0650410652160645
1403897182801956870,negative,1.2987169027328491,-0.5234190821647644,1.5412321090698242
1403897182827139074,neutral,1.719029426574707,0.3016170859336853,1.5750662088394165
1403897182852288514,neutral,1.7633233070373535,0.813644528388977,0.24121443927288055
1403897183309606915,negative,0.45649638772010803,-0.8170602917671204,3.7533462047576904
1403897183552696320,negative,1.2309389114379883,0.2022322714328766,1.405718207359314
1403897186065162241,neutral,1.6543904542922974,0.15743467211723328,0.8579968810081482
1403897187193458689,neutral,1.2051842212677002,0.9294058084487915,0.4248390793800354
1403897187885621248,neutral,1.5985978841781616,-0.702538788318634,1.2886409759521484
1403897187931549699,negative,1.0883618593215942,-0.5602695345878601,1.9204556941986084
1403897188137127936,negative,1.1353546380996704,-0.2905583679676056,1.2604365348815918
1403897190242689027,negative,0.6282562613487244,-0.48177483677864075,2.879497528076172
1403897190305632261,positive,0.5702614188194275,1.7303632497787476,0.22476866841316223
1403897190347538435,neutral,2.088548421859741,-0.755546510219574,1.525935411453247
1403897190360178694,neutral,2.2953457832336426,0.0562439039349556,0.5735039710998535
1403897191551303682,negative,0.7977342009544373,-0.7203459143638611,2.4761664867401123
1403897192113446914,negative,1.180843472480774,-0.5795112252235413,2.5815672874450684
1403897192415318021,neutral,1.5849533081054688,-0.17400431632995605,1.336059808731079
1403897192855654400,negative,1.170849323272705,-0.6366907358169556,1.6992803812026978
1403897193694568449,negative,0.6231698393821716,-0.6226862668991089,1.7439922094345093
1403897194042826754,negative,1.2561286687850952,-1.14328134059906,2.7321250438690186
1403897195154264065,neutral,2.471501588821411,2.2458033561706543,-0.8764423727989197
1403897195884171264,negative,1.0238256454467773,-0.8793777227401733,2.4759938716888428
1403897196072902659,positive,1.7389147281646729,5.326212406158447,-1.2592697143554688
1403897196697718784,neutral,3.530146598815918,1.6300077438354492,-1.0650410652160645
1403897197016485889,neutral,1.9473470449447632,0.7833623886108398,0.10200802236795425
1403897198538936324,neutral,1.6855746507644653,0.37137284874916077,0.37932196259498596
1403897199210209287,neutral,2.1538429260253906,0.020811937749385834,1.2693824768066406
1403897199461871617,negative,1.5569888353347778,-0.8385443091392517,1.7241711616516113
1403897199466004481,neutral,1.6855746507644653,0.37137290835380554,0.37932199239730835
1403897199545794561,negative,0.6695079803466797,-1.194876790046692,3.527552843093872
1403897199554011140,negative,1.1410396099090576,-0.8829061985015869,1.874362587928772
1403897200560672769,neutral,0.7461761236190796,0.20488828420639038,0.4193805754184723
1403897202611691523,negative,0.9701129198074341,-0.8673323392868042,3.0888993740081787
1403897204079742984,negative,0.5017675757408142,-0.4663145840167999,1.9379299879074097
1403897204704649221,neutral,1.7373532056808472,-0.01736731082201004,1.4273334741592407
1403897206852120580,neutral,2.0192737579345703,0.33794844150543213,0.4233990013599396
1403897208974479366,negative,1.0682462453842163,0.08119611442089081,1.675736904144287
1403897209435787266,negative,1.0627849102020264,-0.004294157028198242,1.7522211074829102
1403897210375311360,positive,0.648919939994812,1.0172390937805176,0.7327634692192078
1403897210471948289,neutral,1.6156479120254517,1.0034310817718506,0.9610843062400818
1403897212556525569,neutral,2.141613483428955,0.01917155832052231,0.4785870611667633
1403897213101559817,negative,0.5177051424980164,-0.5217100381851196,2.6689696311950684
1403897213122662403,negative,0.5908313989639282,-1.3313227891921997,5.761188983917236
1403897213751865347,negative,1.1886192560195923,-0.5150494575500488,2.300442934036255
1403897215442063361,negative,1.42825186252594,-1.163898229598999,2.5680623054504395
1403897215681282053,negative,1.6504727602005005,-1.1148178577423096,2.528141736984253
1403897216922750979,neutral,2.1204416751861572,1.5933222770690918,-0.07666412740945816
1403897217048449024,positive,2.23696231842041,2.4202442169189453,-0.5169868469238281
1403897217195249665,neutral,2.4749059677124023,0.6151434183120728,0.08516531437635422
1403897218676019205,neutral,1.3398116827011108,0.41414403915405273,0.2323591113090515
1403897218717847557,negative,1.1356388330459595,-1.0688197612762451,3.2890496253967285
1403897220739395586,negative,0.7686100602149963,-0.4956127107143402,2.027641534805298
1403897222098526209,neutral,1.0928045511245728,0.3101691007614136,0.8269418478012085
1403897222664761344,neutral,1.6855746507644653,0.37137290835380554,0.37932199239730835
1403897222769508352,neutral,2.5208487510681152,0.9389151334762573,-0.11801538616418839
1403897223079882755,neutral,0.9584711790084839,-0.3346417546272278,0.9509814381599426
1403897223578935299,positive,1.1691609621047974,1.4527114629745483,1.088707685470581
1403897223717425155,negative,0.9755791425704956,-0.3886180520057678,2.907731533050537
1403897225000914946,neutral,1.5963786840438843,-0.6496410965919495,1.1102100610733032
1403897225097486337,negative,1.058776617050171,-1.2519564628601074,3.2544307708740234
1403897225181343748,positive,1.0855177640914917,1.2678072452545166,0.5745822787284851
1403897226322010120,neutral,1.6855746507644653,0.37137290835380554,0.37932199239730835
1403897226548625411,neutral,1.6893651485443115,-0.02678702026605606,1.414961814880371
1403897226787688448,negative,0.8996098041534424,-0.8819257616996765,2.7370095252990723
1403897226921979904,negative,1.3783893585205078,0.0809963122010231,1.7644765377044678
1403897228578676738,neutral,1.658634066581726,0.7174132466316223,0.3792737126350403
1403897228947714053,positive,1.2277110815048218,3.8333749771118164,-1.0304316282272339
1403897230742855680,neutral,2.485743761062622,-0.3147491216659546,0.4562077224254608
1403897231367979011,neutral,2.0343668460845947,0.43771976232528687,0.36903852224349976
1403897231632076803,positive,1.7747061252593994,3.4235785007476807,-0.5406715273857117
1403897231669874691,neutral,1.0804119110107422,0.23057055473327637,0.47804054617881775
1403897231946756097,negative,0.7055714726448059,-0.6770667433738708,2.8967883586883545
1403897232223617024,neutral,1.7728984355926514,0.6416294574737549,-0.15914011001586914
1403897232772853763,negative,1.5876421928405762,-0.9487887024879456,2.2565884590148926
1403897236178751488,neutral,1.3506580591201782,0.2634247839450836,0.6500318646430969
1403897236245729281,positive,0.8286944627761841,2.661982536315918,-0.00596887432038784
1403897237663477763,neutral,2.077669143676758,-0.04317665845155716,1.133703351020813
1403897237772685315,neutral,1.2038061618804932,0.01597519963979721,0.537122368812561
1403897237965508610,negative,1.434739589691162,-0.37493374943733215,1.903383731842041
1403897239420870660,negative,1.3328378200531006,-1.1997720003128052,3.0109009742736816
1403897240003911681,neutral,2.2718164920806885,0.7228266596794128,0.37382006645202637
1403897240716931073,negative,1.3328378200531006,-1.1997720003128052,3.0109009742736816
1403897241149054977,neutral,1.6855746507644653,0.37137290835380554,0.37932199239730835
1403897241799168002,negative,1.3209788799285889,-1.1188689470291138,2.7958548069000244
1403897241946005509,neutral,2.3745124340057373,1.4335496425628662,0.17644448578357697
1403897241971019778,negative,0.7002885341644287,-0.2802177965641022,2.272458553314209
1403897242470141953,neutral,1.9403049945831299,-0.6860625743865967,0.965177595615387
1403897242738647044,negative,0.5348553657531738,-0.8909215331077576,2.731860399246216
1403897243090911234,neutral,1.3610492944717407,1.2122362852096558,0.32379981875419617
1403897243489374213,neutral,1.4659043550491333,-0.4316388666629791,1.0249764919281006
1403897243921436673,neutral,1.1888808012008667,0.3380448520183563,0.849414050579071
1403897244462555139,negative,0.858400285243988,-1.0834566354751587,3.3335397243499756
1403897245448257539,positive,0.7835696935653687,2.177720308303833,0.11566372215747833
1403897246752587777,neutral,1.8013136386871338,1.3315393924713135,0.19535264372825623
1403897247012622337,negative,0.4828067123889923,-0.44392135739326477,1.2700859308242798
1403897248610717699,neutral,1.256614089012146,-0.20542851090431213,1.0637047290802002
1403897250313609216,negative,0.6781603097915649,-0.8076845407485962,2.917870283126831
1403897252905639945,negative,0.5666109323501587,-0.8695406913757324,3.228283405303955
1403897253664755712,negative,1.3858768939971924,-1.10066819190979,2.83632230758667
1403897253777928199,negative,0.7520698308944702,-0.8209688663482666,3.0605835914611816
1403897254218502145,negative,0.5438240170478821,-1.0532493591308594,4.120800495147705
1403897254914703362,neutral,1.070691704750061,0.61469966173172,0.49308282136917114
1403897255199842307,negative,1.5158782005310059,-1.0683536529541016,2.9538581371307373
1403897255652859907,neutral,0.9087240695953369,0.5756253004074097,0.7799928188323975
1403897255791235072,positive,1.2137781381607056,1.5583857297897339,-0.11843550950288773
1403897255946440705,negative,1.1678311824798584,0.09376917779445648,1.3716528415679932
1403897256512733193,negative,0.6408165097236633,-1.4058657884597778,4.240942478179932
1403897256961531904,neutral,1.8272855281829834,0.9699493646621704,-0.3020356297492981
1403897257997389826,positive,2.2830965518951416,3.3699183464050293,-1.3373018503189087
1403897258198831104,negative,0.9649779200553894,-0.394944429397583,2.274343490600586
1403897258446229504,negative,1.0304484367370605,-0.8581322431564331,2.982595682144165
1403897260870602753,neutral,1.308571696281433,0.7774012088775635,0.5077176690101624
1403897261172707329,neutral,1.6855746507644653,0.37137290835380554,0.37932199239730835
1403897261898223616,neutral,1.4194902181625366,-0.028765693306922913,1.116637110710144
1403897262594482177,neutral,1.757986307144165,0.9704771637916565,-0.0184676144272089
1403897263500398599,neutral,1.381544589996338,1.228928565979004,-0.4048691689968109
1403897263978553347,negative,0.7838588953018188,-0.8143433928489685,2.5138864517211914
1403897264238587908,negative,0.24693769216537476,-0.6813745498657227,2.5322892665863037
1403897264460812290,neutral,1.615647792816162,1.0034308433532715,0.961084246635437
1403897264519659521,positive,2.468137741088867,3.2754783630371094,-1.136727213859558
1403897264817381380,neutral,1.7114242315292358,0.2853154242038727,1.5801479816436768
1403897265417297925,negative,0.9281441569328308,-0.22137439250946045,1.9576332569122314
1403897265903869954,neutral,1.6952565908432007,0.3796398639678955,1.3148893117904663
1403897266478354434,negative,1.0825821161270142,-0.8595287203788757,2.6953489780426025
1403897266729930755,negative,1.3384802341461182,-0.9461494088172913,2.541839599609375
1403897266906206209,neutral,1.7522636651992798,-0.3011598587036133,1.4724966287612915
1403897268227428358,negative,0.655089795589447,1.1317812204360962,1.4398813247680664
1403897268273500163,negative,1.1984596252441406,-0.6601296663284302,2.5699360370635986
1403897268890177538,positive,1.5019240379333496,1.8094213008880615,0.3881646990776062
1403897269527748608,neutral,1.4534631967544556,0.6735958456993103,0.27897530794143677
1403897269674459138,neutral,1.132280945777893,0.23988860845565796,0.5663322806358337
1403897269716340737,neutral,1.7190296649932861,0.3016170263290405,1.575066328048706
1403897270211432451,negative,0.7838588356971741,-0.8143433928489685,2.5138864517211914
1403897272534925312,negative,1.1881754398345947,-0.6936835050582886,2.1564300060272217
1403897273516322819,neutral,1.823457956314087,1.256645917892456,0.11489729583263397
1403897273633980419,neutral,1.1896737813949585,0.9983168244361877,0.3460965156555176
1403897275018010624,neutral,1.189620018005371,0.6559180617332458,-0.28060382604599
1403897275647156226,neutral,1.8134351968765259,0.33924582600593567,0.48904091119766235
1403897275773067265,neutral,2.23193621635437,1.7267497777938843,-0.22968734800815582
1403897275940696066,positive,1.7526153326034546,3.1197240352630615,-0.348266065120697
1403897276641136640,negative,1.675727128982544,-1.1267354488372803,2.5844035148620605
1403897276792254465,neutral,1.6855746507644653,0.37137290835380554,0.37932199239730835
1403897276972429322,neutral,1.7373532056808472,-0.01736731082201004,1.4273334741592407
1403897277307969536,neutral,1.845842719078064,1.7081527709960938,-0.18807539343833923
1403897279338225671,negative,0.6610422134399414,-1.0440725088119507,3.09682559967041
1403897279501586436,neutral,2.2760539054870605,-0.9827871918678284,1.7103400230407715
1403897279690334213,negative,1.0570768117904663,-0.0005779489874839783,1.2942793369293213
1403897280147734530,negative,1.0221755504608154,-0.4320280849933624,1.8750239610671997
1403897281019990020,neutral,1.614622950553894,1.2323147058486938,0.06043243408203125
1403897281217273858,neutral,1.9681832790374756,-0.7349058985710144,1.945513129234314
1403897282475536386,neutral,1.2226338386535645,0.30501753091812134,1.2190285921096802
1403897282790105089,positive,1.3209025859832764,1.9842811822891235,0.005960732698440552
1403897284375445505,neutral,1.5335369110107422,-0.7313808798789978,1.4781490564346313
1403897284417363969,negative,0.7055714726448059,-0.6770667433738708,2.8967885971069336
1403897284790820867,positive,1.6244181394577026,5.711317539215088,-1.4575694799423218
1403897286292353024,negative,1.6300997734069824,-1.1651185750961304,2.5472285747528076
1403897287080808455,positive,2.3379032611846924,2.525219440460205,-0.6998002529144287
1403897287147888642,neutral,1.7114241123199463,0.2853153347969055,1.5801481008529663
1403897287718408194,negative,0.8541529774665833,0.2277235984802246,1.2699494361877441
1403897287810637827,neutral,1.2287616729736328,0.6583765149116516,0.46011924743652344
1403897287949094917,negative,0.9034332633018494,0.09122982621192932,1.1540535688400269
1403897287990992899,neutral,2.1617162227630615,-1.0657998323440552,2.0157408714294434
1403897288116768768,positive,1.2054176330566406,4.215651988983154,-1.0277544260025024
1403897288691392513,negative,1.2770438194274902,-0.05047660320997238,1.4859631061553955
1403897289912037378,negative,0.7449336647987366,0.22729703783988953,1.3791593313217163
1403897290058776578,neutral,1.6441446542739868,-0.5100816488265991,1.4364490509033203
1403897290457223172,negative,1.4187157154083252,-0.8524248003959656,1.6778295040130615
1403897290893533188,neutral,1.642857313156128,-0.0013854876160621643,0.5295273661613464
1403897291107356672,neutral,1.0734994411468506,0.3984743654727936,0.2199099212884903
1403897291107442697,negative,0.7055714726448059,-0.6770667433738708,2.8967885971069336
1403897291258273792,neutral,2.1617162227630615,-1.0657998323440552,2.0157408714294434
1403897292634017792,neutral,1.3630787134170532,-0.01704217493534088,1.093766212463379
1403897293326077953,neutral,1.6156479120254517,1.0034308433532715,0.9610841870307922
1403897293393170432,neutral,1.6952567100524902,0.3796399235725403,1.3148893117904663
1403897295289061379,negative,1.4443316459655762,-0.6740942001342773,1.6570323705673218
1403897296601993218,negative,1.4180810451507568,-0.916871964931488,1.8428053855895996
1403897298380226561,negative,1.3570075035095215,-0.15678077936172485,1.7165729999542236
1403897298678009857,negative,1.114349365234375,-0.07970105856657028,1.1427993774414062
1403897298816360452,neutral,1.5419986248016357,-0.09369034320116043,1.446799397468567
1403897299093258240,negative,1.4727299213409424,-0.8422442674636841,1.8793381452560425
1403897300330553349,positive,2.2078092098236084,4.274173259735107,-1.4590736627578735
1403897300460605446,positive,1.7640540599822998,1.8207942247390747,-0.5156430006027222
1403897301769277441,negative,0.9643228650093079,0.6854484677314758,1.2663776874542236
1403897302603898880,neutral,2.1873040199279785,0.5813241004943848,-0.16781030595302582
1403897302624870402,negative,1.3134132623672485,-0.5762357115745544,1.6616077423095703
1403897303166029824,neutral,1.6855746507644653,0.37137290835380554,0.37932199239730835
1403897303262371842,neutral,1.9623253345489502,-0.26561176776885986,1.3642183542251587
1403897303497383939,neutral,1.6228687763214111,0.34959882497787476,0.4650893211364746
1403897303702773767,neutral,1.7280350923538208,0.645704984664917,0.4528835415840149
1403897304034197511,neutral,3.04024600982666,2.443497657775879,-0.9356382489204407
1403897304772485126,neutral,0.9214050769805908,0.2810521125793457,0.9120397567749023
1403897305221132293,negative,1.4040236473083496,-0.8634890913963318,1.917134165763855
1403897307502940167,positive,0.32556429505348206,4.552082061767578,-0.9114787578582764
1403897308115312644,negative,1.286249041557312,-0.6364785432815552,1.9506030082702637
1403897308714917888,negative,1.326258897781372,-0.6204842329025269,1.9400771856307983
1403897309373427713,neutral,2.8217248916625977,0.025734789669513702,0.5355105996131897
1403897309730050048,neutral,2.0242245197296143,-0.38172468543052673,0.8857566714286804
1403897310661136385,negative,0.7878357768058777,0.3824170231819153,1.4956018924713135
1403897311252545542,neutral,1.9403049945831299,-0.6860625743865967,0.965177595615387
1403897311822970884,positive,1.5819084644317627,1.6089340448379517,0.02090669795870781
1403897311927975938,neutral,2.0059313774108887,0.3710259199142456,0.7243046164512634
1403897312544538634,positive,0.37154486775398254,1.0507264137268066,0.6552526950836182
1403897313278398464,neutral,1.952857255935669,-0.7674153447151184,1.153983473777771
1403897313752461315,negative,0.8541529774665833,0.2277235984802246,1.2699494361877441
1403897314016645121,negative,1.7590596675872803,-0.9852016568183899,2.4038772583007812
1403897315111301123,negative,0.8996098041534424,-0.8819257616996765,2.7370095252990723
1403897315165818887,neutral,0.8523726463317871,-0.05005336552858353,0.7952746152877808
1403897315551858695,positive,2.468137741088867,3.2754783630371094,-1.136727213859558
1403897315622936576,negative,1.1576206684112549,-0.8659305572509766,2.822556972503662
1403897315748810756,positive,2.2271292209625244,3.158660650253296,-1.0253106355667114
1403897315895566336,neutral,3.640317678451538,1.5829519033432007,-0.9354137778282166
1403897318651228160,neutral,1.1360971927642822,0.6914633512496948,0.64539635181427
1403897319142031367,neutral,1.8236249685287476,0.8135180473327637,0.15222971141338348
1403897320412954628,neutral,1.7136527299880981,0.021904245018959045,0.606229305267334
1403897320500912128,neutral,2.7615535259246826,0.9344238638877869,-0.5250119566917419
1403897322073776136,neutral,2.0192737579345703,0.33794844150543213,0.4233990013599396
1403897323495718916,neutral,2.1832115650177,1.34367036819458,-0.04675913602113724
1403897324753981442,neutral,2.6163887977600098,1.794863224029541,-0.3423825204372406
1403897324791865344,neutral,1.3320415019989014,1.3109166622161865,0.7568585872650146
1403897324875653121,neutral,1.359546184539795,0.6887360215187073,0.8941072225570679
1403897326041636868,neutral,1.0227859020233154,1.0011839866638184,0.5427716970443726
1403897327257997313,neutral,3.530146598815918,1.6300077438354492,-1.0650410652160645
1403897327350214664,neutral,1.2400773763656616,0.8503364324569702,0.11373039335012436
1403897327434272773,neutral,1.5289995670318604,0.4505651891231537,0.8436333537101746
1403897327492861953,positive,1.2808440923690796,2.6107211112976074,-0.20120254158973694
1403897329657081862,positive,1.5995535850524902,1.6370769739151,-0.3456982970237732
1403897332178038786,neutral,1.6855746507644653,0.37137290835380554,0.37932199239730835
1403897332786155523,positive,0.8736180067062378,1.539001703262329,-0.62930828332901
1403897332853358598,negative,1.2776106595993042,-0.4807950556278229,1.457932472229004
1403897333289418754,negative,1.675727128982544,-1.1267354488372803,2.5844035148620605
1403897333310443526,neutral,2.506451368331909,1.4469834566116333,-0.5270968675613403
1403897334191333380,neutral,1.6855746507644653,0.37137290835380554,0.37932199239730835
1403897335294304256,neutral,2.327165126800537,1.1106677055358887,-0.014130109921097755
1403897338079461380,negative,1.2642323970794678,-0.6060631275177002,1.56820809841156
1403897338884730880,neutral,1.3763427734375,-0.3073561191558838,1.2200608253479004
1403897339639644164,neutral,1.577532172203064,-0.5614046454429626,0.7071018815040588
1403897340495380481,negative,1.5022976398468018,-0.46157142519950867,1.5558233261108398
1403897341044789248,negative,1.0696958303451538,-1.2851639986038208,3.0442333221435547
1403897341288108033,neutral,0.7346747517585754,0.2671280801296234,0.6670025587081909
1403897341334200322,neutral,1.5824434757232666,0.2038956880569458,0.5083480477333069
1403897344160985090,positive,1.9390071630477905,5.046139717102051,-1.3238824605941772
1403897345100509189,neutral,1.7498782873153687,0.09167876839637756,0.39027032256126404
1403897345113313280,negative,1.0191770792007446,-0.42666950821876526,1.4694045782089233
1403897345289375744,neutral,1.3295849561691284,-0.383389413356781,1.2990623712539673
1403897345465413634,neutral,1.5916047096252441,0.7812650799751282,0.44027507305145264
1403897348019920900,positive,1.859806776046753,1.9317889213562012,0.04260721057653427
1403897348401553409,negative,1.8467316627502441,-1.0882307291030884,1.9658819437026978
1403897348502134786,negative,0.9042604565620422,-0.9686406254768372,2.9733173847198486
1403897349252870145,negative,1.3027749061584473,-0.5809109807014465,1.577576756477356
1403897349672341508,negative,1.570738673210144,0.028409883379936218,1.7779977321624756
1403897350205034497,neutral,1.6077783107757568,0.005293108522891998,0.9944087862968445
1403897350251335690,neutral,1.7799811363220215,-0.0025041401386260986,0.3206288814544678
1403897350368632842,negative,1.3783893585205078,0.0809963122010231,1.7644765377044678
1403897350855213056,neutral,1.8212597370147705,0.174012690782547,0.7911023497581482
1403897351350063107,neutral,1.9403049945831299,-0.6860625743865967,0.965177595615387
1403897351677394944,positive,0.9285805821418762,1.5341287851333618,0.011149408295750618
1403897351836778507,neutral,1.2022308111190796,1.015095591545105,0.2861749827861786
1403897352256032771,neutral,3.305401086807251,1.9923042058944702,-1.2392244338989258
1403897352637779970,neutral,1.7179006338119507,1.4319385290145874,-0.17357337474822998
1403897355091406853,negative,1.3542309999465942,-0.1833462119102478,1.4767131805419922
1403897355213193217,neutral,1.6855746507644653,0.37137290835380554,0.37932199239730835
1403897356186112006,neutral,1.7317827939987183,-0.28120937943458557,1.5313879251480103
1403897357926817797,neutral,1.662234902381897,-0.37027162313461304,1.4220200777053833
1403897358014889994,neutral,1.3368160724639893,0.756218671798706,0.9118759036064148
1403897358530793472,neutral,2.033837080001831,0.11866533011198044,0.38568368554115295
1403897358987849729,negative,1.129659652709961,0.11079899966716766,1.3225393295288086
1403897359394803712,negative,1.214478611946106,-0.20996150374412537,1.6712485551834106
1403897359474458628,negative,1.3134132623672485,-0.5762357115745544,1.6616076231002808
1403897361085071363,neutral,2.183211326599121,1.3436706066131592,-0.04675910621881485
1403897361928101889,negative,1.3783893585205078,0.08099634945392609,1.7644765377044678
1403897364537122817,negative,1.2796982526779175,-0.38277947902679443,1.3590452671051025
1403897365472239616,neutral,2.506451368331909,1.4469834566116333,-0.5270968675613403
1403897366357286913,neutral,1.912771224975586,0.37595826387405396,0.6523367762565613
1403897367183560705,neutral,1.6855746507644653,0.37137290835380554,0.37932199239730835
1403897367225643010,positive,0.14287860691547394,1.5554356575012207,0.15797151625156403
1403897367389163527,negative,0.7055714726448059,-0.6770667433738708,2.8967885971069336
1403897367586250760,neutral,2.0036258697509766,1.325524926185608,0.6440273523330688
1403897367942905858,negative,1.4314416646957397,-1.0483880043029785,2.3978030681610107
1403897368857042944,neutral,1.4792509078979492,-0.340686559677124,1.330378770828247
1403897369041715207,neutral,1.361903429031372,0.07836560904979706,0.8059840798377991
1403897370182569984,neutral,1.9334030151367188,-0.5888975858688354,1.2801659107208252
1403897370627166211,neutral,1.8806869983673096,-0.6566611528396606,1.0513046979904175
1403897371591942145,negative,1.1951138973236084,-0.7453042268753052,2.8898606300354004
1403897371860164617,negative,0.9816689491271973,-1.2946932315826416,4.02678108215332
1403897373579939844,positive,1.223740577697754,1.9188538789749146,-0.371355265378952
1403897374536200195,negative,1.5429799556732178,-1.0475319623947144,2.532989263534546
1403897375366672385,neutral,1.6645523309707642,0.3945043385028839,0.6784141659736633
1403897377631604743,neutral,1.5314359664916992,0.8209612965583801,0.45171865820884705
1403897377652609027,neutral,1.9274386167526245,-0.1654486060142517,0.9127357602119446
1403897377992314882,negative,1.4076309204101562,-0.9900778532028198,1.8922977447509766
1403897379284267009,negative,0.30313628911972046,1.0160996913909912,1.9415713548660278
1403897381624586240,negative,1.486565113067627,-0.611333966255188,1.5047870874404907
1403897382564249606,neutral,2.2246692180633545,-0.07018639892339706,0.9600297212600708
1403897383767973895,neutral,2.2630417346954346,0.4802009165287018,0.13365767896175385
1403897384229167104,negative,1.2239820957183838,-0.6329419016838074,1.3084537982940674
1403897385349124101,negative,0.9929909706115723,-0.7368529438972473,1.9260650873184204
1403897386146189313,negative,0.732957661151886,-0.5875380635261536,2.583355188369751
1403897387517722627,negative,1.1453746557235718,0.38371583819389343,1.3632245063781738
1403897387874099200,negative,1.2271232604980469,-0.11046416312456131,1.3024990558624268
1403897387962310660,negative,1.8467316627502441,-1.0882307291030884,1.9658819437026978
1403897388075347975,neutral,1.7454984188079834,0.7864310145378113,0.7990709543228149
1403897388989923329,negative,1.727341890335083,-0.7378231287002563,2.6880602836608887
1403897389405122563,neutral,1.6196377277374268,-0.3865605592727661,1.4440356492996216
1403897390411644933,positive,1.386914849281311,1.4290574789047241,-0.3046574592590332
1403897391271399426,negative,1.264710783958435,-0.33716776967048645,2.341311454772949
1403897391741239297,positive,1.141037106513977,2.885786294937134,-1.1019001007080078
1403897391766515716,negative,1.4180810451507568,-0.916871964931488,1.8428053855895996
1403897392253083652,negative,0.8666883707046509,-0.39531975984573364,2.0549938678741455
1403897392752062465,neutral,2.020181179046631,0.8802939057350159,-0.49762576818466187
1403897392945041410,neutral,2.036546230316162,-0.29658573865890503,1.142601490020752
1403897395033907200,neutral,2.1617162227630615,-1.0657998323440552,2.0157408714294434
1403897395994267655,negative,1.5697410106658936,-1.1001583337783813,2.3370933532714844
1403897396082274310,positive,1.0132250785827637,1.569560170173645,0.4793861210346222
1403897397558841347,neutral,1.2491083145141602,0.44532883167266846,0.7408767342567444
1403897397915181062,neutral,1.5609230995178223,1.0095878839492798,0.1904488354921341
1403897401304256515,neutral,2.1374282836914062,1.4349315166473389,-0.2485346645116806
1403897402398937091,negative,0.6781275868415833,-0.7490586042404175,2.58526611328125
1403897404504563717,positive,3.455477237701416,4.906668186187744,-1.8642688989639282
1403897404655489024,neutral,1.732077717781067,0.05746830999851227,0.24697557091712952
1403897405079097345,positive,2.4178268909454346,2.9063663482666016,-0.6380785703659058
1403897405662064642,neutral,2.3731279373168945,1.0183039903640747,0.1066901758313179
1403897406068908032,neutral,1.3244054317474365,0.20050093531608582,0.9629302620887756
1403897406572220421,neutral,1.8495110273361206,-0.9574254751205444,1.6701269149780273
1403897407448834051,neutral,2.183211326599121,1.3436706066131592,-0.04675910621881485
1403897407495020546,positive,2.942852258682251,3.7804622650146484,-1.4409940242767334
1403897407604146178,neutral,2.0242245197296143,-0.38172468543052673,0.8857566714286804
1403897407776120834,negative,0.7055714726448059,-0.6770667433738708,2.8967885971069336
1403897408594001924,negative,0.45831212401390076,-0.6396489143371582,1.674863576889038
1403897409327964160,neutral,1.5800315141677856,-0.27501779794692993,1.4552748203277588
1403897409491529729,neutral,3.2542240619659424,1.9271866083145142,-1.272389531135559
1403897409785286667,neutral,1.6855746507644653,0.37137290835380554,0.37932199239730835
1403897410141704192,neutral,2.555877208709717,1.149597406387329,-0.36651018261909485
1403897411689324552,negative,0.7625553607940674,-0.7341833710670471,3.248859167098999
1403897412108836864,negative,1.0653774738311768,-1.0083894729614258,2.5501933097839355
1403897412121509896,negative,1.1601614952087402,-0.8452937006950378,1.9060649871826172
1403897412855414792,positive,1.3425536155700684,3.0069730281829834,-0.6373294591903687
1403897413170077699,negative,0.8541529774665833,0.2277235984802246,1.2699494361877441
1403897413622910980,negative,1.5835158824920654,-1.1230002641677856,2.8384244441986084
1403897414323302400,positive,1.4388554096221924,2.7482783794403076,-0.3691215515136719
1403897414365368322,neutral,1.6855746507644653,0.37137290835380554,0.37932199239730835
1403897415917260802,neutral,1.2971327304840088,0.17310580611228943,0.8630109429359436
1403897416118509568,neutral,2.0660972595214844,0.5252957940101624,0.1444474309682846
1403897416898813955,neutral,1.6855746507644653,0.37137290835380554,0.37932199239730835
1403897417230127104,neutral,1.3900197744369507,0.24926277995109558,0.6296895742416382
1403897417372782595,neutral,3.8752198219299316,1.2754179239273071,-0.5935550332069397
1403897417678917635,negative,0.9596291780471802,-1.000465750694275,2.706280469894409
1403897417741651971,neutral,2.183211326599121,1.3436706066131592,-0.04675910621881485
1403897418702196738,neutral,1.6952567100524902,0.3796398639678955,1.3148895502090454
1403897419440398336,neutral,1.598047137260437,0.785373866558075,0.42609280347824097
1403897419742339072,negative,0.25812238454818726,-0.3224656283855438,2.819596529006958
1403897419746607105,negative,1.1331368684768677,-0.9184398055076599,2.416860580444336
1403897419973070848,neutral,2.298646926879883,0.924739420413971,-0.25937262177467346
1403897420023541762,negative,0.9311890602111816,-0.47319546341896057,2.513347625732422
1403897420203786243,negative,1.3479297161102295,-1.2287007570266724,3.397383213043213
1403897420350738435,negative,1.4636733531951904,-1.1221888065338135,2.6557233333587646
1403897421566992384,negative,1.1405426263809204,-0.9764842987060547,2.2881996631622314
1403897421818732548,neutral,3.268357276916504,1.747957706451416,-0.7971388697624207
1403897422179414018,positive,0.9822311401367188,3.349586248397827,-0.40449583530426025
1403897422468685830,neutral,1.6751916408538818,0.02679455652832985,1.141197919845581
1403897422833614851,neutral,3.530146598815918,1.6300077438354492,-1.0650410652160645
1403897422871334914,negative,1.3783893585205078,0.0809963122010231,1.7644765377044678
1403897423106248705,neutral,0.9184960126876831,0.3979068696498871,0.7338220477104187
1403897423802421248,negative,2.1112687587738037,-1.0838860273361206,2.2172744274139404
1403897425132068868,positive,1.4775612354278564,4.745058536529541,-1.353346586227417
1403897425652162560,neutral,1.7202879190444946,-0.07689929753541946,1.191283941268921
1403897426411405314,neutral,1.3381527662277222,0.19279447197914124,0.8353775143623352
1403897427757654020,neutral,1.5678390264511108,0.6393796801567078,0.277120977640152
1403897427808108545,negative,0.6439996361732483,-1.2103722095489502,3.6401171684265137
1403897429448019973,neutral,1.2922351360321045,0.644589364528656,0.793787956237793
1403897429829771268,neutral,1.3059560060501099,0.20936420559883118,0.8904290199279785
1403897430723203079,negative,1.7720022201538086,-1.0598267316818237,2.163820266723633
1403897430953938944,negative,1.676074743270874,-1.3778573274612427,3.01627516746521
1403897431364833283,positive,1.6851983070373535,3.039599895477295,-0.5585664510726929
1403897431520006152,negative,1.179275631904602,-0.5659780502319336,2.2050697803497314
1403897431725588482,neutral,2.178636312484741,-0.5951839685440063,0.4340347945690155
1403897431843029002,neutral,2.549631357192993,0.5168194770812988,0.10533689707517624
1403897431964590089,negative,1.178595781326294,-0.8083509206771851,1.7820285558700562
1403897432036028418,neutral,2.1617162227630615,-1.0657998323440552,2.0157408714294434
1403897432421933056,negative,0.9437967538833618,0.6566217541694641,1.0052276849746704
1403897432635850757,neutral,1.8653794527053833,-0.7673307061195374,1.3515477180480957
1403897432929304578,neutral,2.2538809776306152,0.5919568538665771,0.15464510023593903
1403897433222942724,neutral,1.9127711057662964,0.3759583532810211,0.6523367762565613
1403897435336871943,negative,1.0633302927017212,-0.41718629002571106,1.1356183290481567
1403897436049838084,negative,1.3916523456573486,0.024219028651714325,1.764966368675232
1403897436792254466,negative,1.3248423337936401,-0.4989543855190277,1.3755029439926147
1403897438209908744,neutral,2.660046339035034,1.1536405086517334,-0.14737090468406677
1403897438449147906,neutral,2.6754703521728516,1.1542540788650513,-0.23154272139072418
1403897438973296643,neutral,1.6550211906433105,0.15934891998767853,0.9476357698440552
1403897439187193856,negative,1.0163310766220093,-0.6604593992233276,2.094334602355957
1403897439329812484,negative,1.0883618593215942,-0.5602695345878601,1.9204556941986084
1403897439837253632,negative,1.2352170944213867,-0.3535497784614563,1.4710962772369385
1403897441250725889,negative,1.6634572744369507,-1.0234328508377075,2.36853289604187
1403897442114981893,positive,1.5019240379333496,1.8094213008880615,0.3881646990776062
1403897442366410752,negative,1.083360195159912,0.37562909722328186,1.4071365594863892
1403897442387611655,negative,0.9564541578292847,-0.3752194344997406,1.9688323736190796
1403897443020939264,negative,1.1685293912887573,-1.1919218301773071,2.797386884689331
1403897443092025350,neutral,1.714827299118042,1.0043466091156006,0.3295256793498993
1403897443901607940,negative,0.45649638772010803,-0.8170602917671204,3.7533462047576904
1403897445222920197,neutral,1.5237003564834595,0.1597282588481903,1.0037049055099487
1403897445797359618,positive,0.7945899963378906,2.703789234161377,-0.45846760272979736
1403897445801594884,neutral,1.5653541088104248,0.7655230760574341,0.4549323618412018
1403897446548135936,neutral,1.866060495376587,0.22062534093856812,0.8911464214324951
1403897446938288131,neutral,1.4871108531951904,0.7126995921134949,0.7242703437805176
1403897447386996736,neutral,3.530146598815918,1.6300077438354492,-1.0650410652160645
1403897447936671748,neutral,1.990781545639038,-0.29085206985473633,0.9143689274787903
1403897448188293121,negative,1.1353546380996704,-0.2905583679676056,1.2604365348815918
1403897448209125381,negative,1.4095593690872192,-0.7757669687271118,1.9147114753723145
1403897449106735104,negative,0.9009653925895691,-0.7359654307365417,2.7964589595794678
1403897449937133571,negative,0.6575301289558411,-0.28858497738838196,1.8892899751663208
1403897450948009987,neutral,0.35320496559143066,0.3293036222457886,0.2603514492511749
1403897451472461825,neutral,1.9425570964813232,0.27754196524620056,0.6770303845405579
1403897451803680769,neutral,1.6751916408538818,0.02679455652832985,1.141197919845581
1403897453019947011,neutral,1.6933164596557617,-0.03814295679330826,1.1157885789871216
1403897454043484163,neutral,2.3695602416992188,0.6161162853240967,0.38211074471473694
1403897454286700545,negative,0.7912189960479736,-0.2917386591434479,1.9170171022415161
1403897455192776704,positive,0.5560625791549683,3.9752140045166016,0.08411168307065964
1403897455255642112,neutral,1.6855746507644653,0.37137290835380554,0.37932199239730835
1403897455691841539,neutral,1.9488524198532104,0.5660797357559204,-0.10849570482969284
1403897455767343107,negative,1.221327781677246,-1.2218204736709595,3.12563419342041
1403897455771414536,positive,1.4397554397583008,1.7277003526687622,0.4663352370262146
1403897455960367104,neutral,1.4737050533294678,0.3797612190246582,0.8795663714408875
1403897456253935618,negative,0.7838588356971741,-0.8143433928489685,2.5138864517211914
1403897456996147205,negative,1.1599737405776978,-1.4120675325393677,3.756645441055298
1403897457352884230,neutral,2.353670358657837,1.5282851457595825,-0.4697905480861664
1403897457860386816,negative,1.3309932947158813,-0.7563201189041138,1.7499388456344604
1403897457965113346,positive,1.6851983070373535,3.039599895477295,-0.5585664510726929
1403897458405617666,negative,1.084457278251648,-0.8040789365768433,2.029761552810669
1403897460012027911,negative,1.0748122930526733,-0.7005355954170227,1.6535249948501587
1403897460112736259,negative,1.0663731098175049,-0.5579937100410461,2.4209256172180176
1403897460725067776,neutral,1.139327049255371,0.7646305561065674,0.8808391690254211
1403897461203030016,negative,1.4396209716796875,-0.03735414892435074,1.5953599214553833
1403897461920370689,neutral,1.6855746507644653,0.37137290835380554,0.37932199239730835
1403897462394347522,negative,1.1353546380996704,-0.2905583679676056,1.2604365348815918
1403897462847262722,neutral,1.8198760747909546,0.8568339943885803,0.430865615606308
1403897463161843717,neutral,3.530146598815918,1.6300077438354492,-1.0650410652160645
1403897463308644352,negative,1.5835157632827759,-1.123000144958496,2.8384244441986084
1403897464365666305,negative,1.1535354852676392,0.3741074204444885,2.2106029987335205
1403897465036689409,neutral,3.530146598815918,1.6300077438354492,-1.0650410652160645
1403897465091203073,neutral,1.2750658988952637,1.2063902616500854,1.196089267730713
1403897466064457734,negative,2.1112687587738037,-1.0838860273361206,2.2172744274139404
1403897466248892416,neutral,2.0315160751342773,1.7086855173110962,-0.5653174519538879
1403897466362150912,negative,0.8026852011680603,-0.89920574426651,2.557427167892456
1403897466387415042,positive,1.3467859029769897,4.567574501037598,-1.0557116270065308
1403897467528167425,negative,1.1353546380996704,-0.2905583679676056,1.2604365348815918
1403897467670654977,negative,1.1810959577560425,-0.8900077939033508,2.5367510318756104
1403897467968659461,neutral,2.8217248916625977,0.025734789669513702,0.5355105996131897
1403897468769742854,neutral,1.7774243354797363,0.03458249196410179,0.8625891208648682
1403897469302411270,neutral,1.6855746507644653,0.37137290835380554,0.37932199239730835
1403897469994405891,neutral,1.2173994779586792,0.1836491823196411,1.204661250114441
1403897470459944968,negative,1.3959548473358154,-1.2139917612075806,3.387972116470337
1403897470535430148,negative,0.9902570247650146,-0.6044962406158447,2.880556344985962
1403897470929846273,negative,1.1809452772140503,-0.7995936274528503,1.9609929323196411
1403897470959169537,neutral,1.8955224752426147,-0.6867144703865051,1.520538330078125
1403897471017918466,positive,0.7835696935653687,2.177720308303833,0.11566372215747833
1403897471126839297,negative,0.8536517024040222,-0.3475434482097626,2.075843334197998
1403897471235891206,negative,0.8369255661964417,-0.46471115946769714,2.6853461265563965
1403897472187990017,negative,0.8541529774665833,0.2277235984802246,1.2699494361877441
1403897474142687240,neutral,1.6292526721954346,0.18747515976428986,1.0816903114318848
1403897474293669889,neutral,0.9624377489089966,0.3932248055934906,0.804229199886322
1403897474776023042,positive,1.7259052991867065,2.5399515628814697,-0.47196871042251587
1403897475749093376,negative,1.0936599969863892,0.14030493795871735,1.4212853908538818
1403897475803406339,neutral,1.6952565908432007,0.3796398341655731,1.3148894309997559
1403897475992375298,neutral,1.125262975692749,0.48571062088012695,0.9893563389778137
1403897476776607744,neutral,1.6156479120254517,1.003430962562561,0.9610843062400818
1403897477204488198,neutral,1.46206796169281,-0.17086777091026306,1.239047646522522
1403897477594550273,neutral,2.8217248916625977,0.025734789669513702,0.5355105996131897
1403897477862985729,positive,1.8531277179718018,5.537567615509033,-1.17626953125
1403897478789881858,negative,0.6439996361732483,-1.2103722095489502,3.6401171684265137
1403897479041593347,negative,1.0071431398391724,-1.2359178066253662,3.581260919570923
1403897480253693956,negative,0.9716646075248718,-0.21615192294120789,2.143737316131592
1403897480958201860,neutral,1.6751916408538818,0.02679455652832985,1.141197919845581
1403897481943928834,neutral,1.7342866659164429,1.0761594772338867,0.14118821918964386
1403897482556346374,positive,0.43804535269737244,1.790460467338562,0.18414661288261414
1403897483336421378,negative,0.36755314469337463,-0.041395239531993866,1.8809581995010376
1403897483361542146,neutral,1.2772029638290405,-0.01669764518737793,1.043976902961731
1403897485794361348,neutral,1.2596759796142578,0.12940627336502075,0.3902950882911682
1403897486100635650,neutral,1.560733675956726,-0.6537477970123291,1.0421874523162842
1403897486524170250,neutral,1.91477632522583,-0.7280219197273254,1.6810382604599
1403897486578569221,negative,1.167771816253662,-0.7819976806640625,2.23773455619812
1403897486624890886,neutral,2.0030906200408936,0.07283267378807068,0.974605143070221
1403897486725505025,neutral,1.1421948671340942,0.22239047288894653,0.1889023631811142
1403897486880788483,neutral,2.0549795627593994,0.5399298071861267,0.4054644703865051
1403897486939353089,neutral,2.169309616088867,0.1710565686225891,1.2965402603149414
1403897487073714176,negative,1.3686355352401733,-0.4533693492412567,1.4683862924575806
1403897487320965120,neutral,1.6661245822906494,0.8736454844474792,0.35675710439682007
1403897487518179332,neutral,2.092005729675293,0.4017089009284973,0.23168595135211945
1403897487547588608,negative,1.111696720123291,-0.8300318717956543,2.340261697769165
1403897488046690308,negative,1.0984224081039429,-0.5906050205230713,1.9224919080734253
1403897488147419141,negative,1.0247924327850342,-0.7113741636276245,2.289358139038086
1403897488633851907,positive,0.7993340492248535,4.5668487548828125,-0.7611867189407349
1403897489745448962,positive,2.096085786819458,2.316178560256958,-0.07375779002904892
1403897490139533319,negative,1.2469900846481323,-1.4462652206420898,3.9960432052612305
1403897490311614465,neutral,1.3504337072372437,0.551652729511261,1.2098792791366577
1403897491955716096,neutral,3.825220823287964,1.2899020910263062,-0.9437472224235535
1403897492698136577,neutral,2.1302027702331543,0.8930444121360779,0.28415465354919434
1403897494170484742,negative,1.2516618967056274,-0.5746604800224304,2.326594591140747
1403897494388428800,negative,1.4702671766281128,-0.4358300268650055,1.5619182586669922
1403897494484881410,negative,1.221327781677246,-1.2218204736709595,3.12563419342041
1403897494786957313,positive,1.0211135149002075,1.8501605987548828,0.4520193338394165
1403897495906885632,neutral,1.897136926651001,-0.15716710686683655,1.0333062410354614
1403897495931953153,neutral,1.228798747062683,0.860866367816925,0.6980429291725159
1403897496384966658,neutral,2.03373646736145,1.4305157661437988,-0.5233412981033325
1403897496724672512,neutral,0.7858859300613403,0.6703454852104187,0.01742982119321823
1403897496959688708,neutral,1.6156479120254517,1.0034308433532715,0.961084246635437
1403897496972234753,negative,0.928157389163971,-0.6053609251976013,1.857890009880066
1403897497349550080,negative,1.171778917312622,-0.749281108379364,2.32132887840271
1403897497370517505,negative,1.7143913507461548,-0.9848354458808899,2.122886896133423
1403897497525706752,neutral,2.004883289337158,0.04531995952129364,1.031016230583191
1403897497634938883,negative,1.6761354207992554,-0.8746812343597412,1.8240599632263184
1403897498230575105,negative,0.5652498602867126,-0.052020616829395294,1.8927955627441406
1403897498700107777,neutral,2.24871826171875,0.06877075135707855,0.271624892950058
1403897498817552385,positive,2.2271292209625244,3.158660650253296,-1.0253106355667114
1403897499115560960,negative,1.5835157632827759,-1.1230002641677856,2.8384244441986084
1403897499258085377,neutral,2.644895315170288,1.4644911289215088,-0.39701157808303833
1403897501338439680,positive,0.7806457281112671,0.8407963514328003,0.5816757678985596
1403897502231797761,negative,1.3406522274017334,-0.08689922839403152,1.5401211977005005
1403897502357606402,negative,1.4286103248596191,-0.9739814400672913,2.449653148651123
1403897503401971712,negative,1.129659652709961,0.11079899966716766,1.3225393295288086
1403897503502651394,positive,0.24194465577602386,0.9218271374702454,0.6420593857765198
1403897503540465668,neutral,1.8445197343826294,0.23661664128303528,0.8432996273040771
1403897504131948546,negative,1.7621922492980957,-1.1136584281921387,2.2671597003936768
1403897504849174528,negative,0.17918661236763,-0.2572067975997925,2.1995644569396973
1403897505444765696,negative,1.116485834121704,-0.4766940176486969,1.788105845451355
1403897506002571270,neutral,1.5242162942886353,0.7458742260932922,0.6840846538543701
1403897506375798789,positive,2.4493417739868164,3.1875128746032715,-0.8624500036239624
1403897507059490821,negative,1.449495792388916,-0.9917872548103333,2.537749767303467
1403897507176796162,neutral,1.6855746507644653,0.37137290835380554,0.37932199239730835
1403897507290116096,positive,1.9316705465316772,2.1811797618865967,-0.5911884903907776
1403897507613069315,negative,1.600744366645813,-1.2062617540359497,3.0223493576049805
1403897508154077192,negative,1.4937011003494263,-1.2051976919174194,3.207881212234497
1403897508640739331,negative,1.6007444858551025,-1.2062618732452393,3.0223491191864014
1403897509697650692,positive,1.6851985454559326,3.039599895477295,-0.5585665106773376
1403897510100303873,neutral,1.0804015398025513,0.5594704747200012,0.9567207098007202
1403897510259609608,negative,1.1723710298538208,-0.9945432543754578,3.205413579940796
1403897510301741057,negative,1.6042767763137817,-1.2018543481826782,3.022425413131714
1403897510704340992,negative,1.4520832300186157,-0.9253007769584656,1.877152681350708
1403897510872113153,neutral,1.8955224752426147,-0.6867144703865051,1.520538330078125
1403897511421497346,neutral,1.4835052490234375,-0.47508445382118225,1.0791873931884766
1403897512902209538,neutral,1.5237003564834595,0.1597282588481903,1.0037049055099487
1403897513250263041,negative,1.2275922298431396,-0.050399698317050934,1.7423914670944214
1403897513392889863,neutral,2.2241580486297607,1.240822434425354,-0.3822081685066223
1403897513984159744,negative,0.9183899164199829,0.3439968526363373,1.1629862785339355
1403897514764517377,negative,1.0542927980422974,-1.48826265335083,4.004578590393066
1403897514781151232,neutral,2.295687675476074,2.028927803039551,-0.8741247057914734
1403897516131819523,positive,1.6851983070373535,3.039599895477295,-0.5585664510726929
1403897517624881154,neutral,1.6751916408538818,0.02679455652832985,1.141197919845581
1403897518015057922,neutral,2.1547183990478516,2.1324079036712646,-0.443008691072464
1403897518606323718,neutral,1.7707797288894653,0.7040500640869141,0.007988255470991135
1403897519059337220,negative,1.7818498611450195,-0.8212741613388062,1.7911601066589355
1403897519353040899,neutral,2.0531721115112305,0.8444896340370178,-0.1407889872789383
1403897519365443589,negative,1.1734063625335693,-0.532349705696106,1.252630591392517
1403897520284176384,neutral,2.5183615684509277,0.9972339272499084,-0.24212072789669037
1403897520858669062,positive,2.2271292209625244,3.158660650253296,-1.0253106355667114
1403897521051619331,neutral,2.222855806350708,0.2497064471244812,0.2266465723514557
1403897522180009984,neutral,1.264939308166504,0.6232536435127258,0.6761584281921387
1403897522687561728,negative,1.3916523456573486,0.024219028651714325,1.764966368675232
1403897523312291840,negative,1.2555716037750244,-1.3205571174621582,3.227078437805176
1403897524180729857,neutral,1.0240155458450317,0.31049641966819763,0.8507049083709717
1403897525187268610,neutral,1.5931036472320557,0.042220138013362885,0.921933650970459
1403897525820526592,positive,2.0592246055603027,3.7037100791931152,-0.8232371807098389
1403897525862645761,negative,1.3916523456573486,0.024219028651714325,1.764966368675232
1403897526202339329,positive,0.9755069017410278,2.392209053039551,0.05358433723449707
1403897526680498177,neutral,2.6450490951538086,-0.40479326248168945,1.0429224967956543
1403897526801997827,negative,0.8177396059036255,-0.223774254322052,1.5721182823181152
1403897526969901058,negative,1.2766809463500977,-0.6316001415252686,1.7445170879364014
1403897527745667072,neutral,0.7584778070449829,0.5974719524383545,-0.005679840222001076
1403897528534323203,positive,0.752661406993866,1.9314837455749512,0.03830532729625702
1403897528786067458,neutral,2.5506999492645264,-0.44200006127357483,-0.13606198132038116
1403897528815296517,neutral,3.530146598815918,1.6300077438354492,-1.0650410652160645
1403897529058533379,positive,1.4876881837844849,1.859147310256958,0.2862248718738556
1403897529238962176,neutral,1.1203933954238892,0.1201007142663002,1.069496750831604
1403897530128031744,neutral,2.003999710083008,0.39730188250541687,0.7307681441307068
1403897530488811520,negative,1.0101302862167358,-0.7144016027450562,2.829712152481079
1403897530568429577,neutral,1.4214916229248047,0.328635036945343,0.8487669825553894
1403897531784855554,neutral,1.6952567100524902,0.3796399235725403,1.3148893117904663
1403897532485443595,negative,1.7245160341262817,-0.784385621547699,1.747024655342102
1403897532770525185,neutral,1.5654593706130981,1.42655611038208,0.12407521158456802
1403897533072556032,positive,0.6756230592727661,2.114993095397949,0.043055981397628784
1403897533890371585,neutral,2.162931442260742,1.916767954826355,-0.5240321159362793
1403897534385360901,neutral,2.506451368331909,1.4469834566116333,-0.5270968675613403
1403897534402088960,negative,0.7697290182113647,-0.1776893138885498,1.9272085428237915
1403897536083939328,neutral,1.7650130987167358,-0.7029991745948792,1.4997856616973877
1403897536562089989,neutral,2.549631357192993,0.5168194770812988,0.10533689707517624
1403897536797036550,neutral,1.4699445962905884,-0.0012023970484733582,1.1082313060760498
1403897537405218817,negative,1.2642935514450073,-0.6543425917625427,2.1637890338897705
1403897537552060420,neutral,1.91477632522583,-0.7280219197273254,1.6810382604599
1403897538097340417,neutral,2.17021107673645,-0.2787885069847107,0.4169923961162567
1403897538617528320,negative,0.7838588356971741,-0.8143433928489685,2.5138864517211914
1403897539561246721,negative,1.1890578269958496,-0.21238824725151062,2.155604362487793
1403897539586297856,positive,2.468137741088867,3.2754783630371094,-1.136727213859558
1403897539720482818,negative,0.9793083071708679,-0.9972614645957947,2.4016666412353516
1403897539770867716,neutral,1.2079204320907593,0.6274723410606384,0.6209599375724792
1403897539879899137,negative,1.382282018661499,-0.1583467721939087,1.5593020915985107
1403897540353744897,negative,1.0023432970046997,-0.024171210825443268,1.3463525772094727
1403897540773253121,neutral,0.9959685206413269,-0.0019438788294792175,0.6519297361373901
1403897541259927557,neutral,2.0531721115112305,0.8444896340370178,-0.1407889872789383
1403897541452726276,neutral,2.845794916152954,1.4193956851959229,-0.9879881143569946
1403897541763104768,neutral,2.702381134033203,1.0028897523880005,-0.5403961539268494
1403897541872295937,negative,1.8388811349868774,-1.0376383066177368,2.119652509689331
1403897542224527364,negative,1.5001716613769531,-0.8427563309669495,1.7127928733825684
1403897542442635268,negative,1.3916523456573486,0.024219028651714325,1.764966368675232
1403897542501339136,neutral,1.8167301416397095,-0.7457254528999329,1.4744457006454468
1403897542685859843,neutral,1.8453187942504883,-0.7528729438781738,1.4471096992492676
1403897542996279296,negative,0.560069739818573,0.23390433192253113,1.4599052667617798
1403897543302553603,neutral,1.6972172260284424,0.9489120841026306,-0.028636926785111427
1403897543831007232,neutral,1.7178837060928345,-0.6566867232322693,1.6413503885269165
1403897543965220867,negative,1.1912890672683716,-0.9929558634757996,2.884690523147583
1403897544577458178,negative,1.5465785264968872,-0.8305068016052246,1.7781777381896973
1403897545227530240,positive,1.3425536155700684,3.0069730281829834,-0.6373295187950134
1403897545718321158,neutral,2.1117985248565674,0.4466668963432312,0.5501492023468018
1403897546607513601,negative,1.221327781677246,-1.2218204736709595,3.12563419342041
1403897546997649413,neutral,1.4440761804580688,0.7330793738365173,1.2821214199066162
1403897547005984769,negative,0.5519154071807861,0.0626494437456131,1.1724939346313477
1403897547131809793,neutral,1.652392864227295,0.06637463718652725,0.3935144245624542
1403897548029325315,neutral,1.0600963830947876,0.7976257801055908,0.5139284133911133
1403897548029382661,neutral,1.4510210752487183,0.8599030375480652,0.38206973671913147
1403897548339822597,neutral,1.6855746507644653,0.37137290835380554,0.37932199239730835
1403897548591353859,neutral,2.0293498039245605,-0.4272209107875824,0.9196821451187134
1403897548725755905,neutral,1.6010431051254272,0.49063748121261597,0.308245450258255
1403897548830617604,neutral,1.6855746507644653,0.37137290835380554,0.37932199239730835
1403897549266853889,positive,0.830883800983429,1.4020757675170898,0.2665305435657501
1403897549505785858,negative,0.6137674450874329,-1.1487042903900146,3.966597080230713
1403897549979746311,negative,0.8541529774665833,0.2277235984802246,1.2699494361877441
1403897550202052608,neutral,3.116283655166626,1.1959277391433716,-0.45118823647499084
1403897550738841600,negative,0.4509347677230835,-0.36149686574935913,2.2171850204467773
1403897551292563460,neutral,2.1177005767822266,0.6143932342529297,0.1483701467514038
1403897551439503361,neutral,1.7310504913330078,0.547114908695221,0.4840289056301117
1403897551540133892,negative,1.1353546380996704,-0.2905583679676056,1.2604365348815918
1403897552995500032,neutral,1.6855746507644653,0.37137290835380554,0.37932199239730835
1403897553167417348,negative,1.5835157632827759,-1.1230002641677856,2.8384244441986084
1403897553289203713,negative,0.7706097364425659,-0.5430523157119751,2.3140461444854736
1403897553305935874,neutral,1.6156479120254517,1.0034308433532715,0.961084246635437
1403897553398034432,negative,1.1529825925827026,-0.8022887110710144,2.2296745777130127
1403897554388062211,neutral,3.631608247756958,2.809908628463745,-1.7878822088241577
1403897554539094017,negative,1.1069564819335938,-0.48716381192207336,2.063549041748047
1403897554962681858,neutral,1.6156479120254517,1.0034308433532715,0.961084246635437
1403897556283756550,neutral,1.9403049945831299,-0.6860625743865967,0.965177595615387
1403897556648611841,negative,1.3134132623672485,-0.5762357115745544,1.6616076231002808
1403897557500170242,neutral,1.9834805727005005,0.09217149019241333,0.4624674618244171
1403897557957369856,neutral,1.904478907585144,0.27539852261543274,1.451952338218689
1403897559014264834,negative,0.5908124446868896,-0.10681501775979996,1.8600006103515625
1403897559962341378,negative,0.6448529958724976,0.3175247013568878,1.922470211982727
1403897560947838980,neutral,1.365983247756958,-0.02624882012605667,1.3223859071731567
1403897561220452354,neutral,1.433761715888977,1.2996865510940552,0.0910404846072197
1403897561430343681,neutral,2.048431396484375,-0.443587988615036,1.4728326797485352
1403897562290176004,negative,0.586000919342041,-1.3370122909545898,4.231418132781982
1403897563363872768,neutral,1.353523850440979,0.38570576906204224,0.6470806002616882
1403897564076724227,negative,1.382282018661499,-0.1583467721939087,1.5593020915985107
1403897564194172928,neutral,2.37253737449646,1.4824899435043335,-0.5567613840103149
1403897565226188800,neutral,1.3607540130615234,0.13489973545074463,0.2408149689435959
1403897565737783303,neutral,2.383795976638794,0.4368307590484619,-0.016966430470347404
1403897566903820288,neutral,2.260634660720825,1.046260952949524,0.055925846099853516
1403897567717384195,neutral,1.7744431495666504,-0.55622398853302,1.2314778566360474
1403897569147686912,neutral,3.530146598815918,1.6300077438354492,-1.0650410652160645
1403897569567076352,positive,0.6519177556037903,0.7261269688606262,0.5179997682571411
1403897570351583237,neutral,1.911695957183838,-0.7557470202445984,1.3422694206237793
1403897570728968196,negative,1.8062809705734253,-1.0508441925048828,2.2431118488311768
1403897572276817922,negative,1.4180810451507568,-0.916871964931488,1.8428053855895996
1403897572838633477,neutral,1.2452389001846313,0.18150943517684937,1.218759298324585
1403897573581201410,positive,0.6277118921279907,3.3515660762786865,-0.24235300719738007
1403897573597843456,negative,1.114277720451355,-0.7837676405906677,2.0303683280944824
1403897573925134345,negative,0.6149022579193115,-0.3794745206832886,1.8901411294937134
1403897575162269696,negative,1.1827704906463623,-0.3546867072582245,1.8056535720825195
1403897575686561796,neutral,1.2804217338562012,0.007990866899490356,1.010093331336975
1403897576689004546,neutral,1.609022855758667,0.9843131303787231,0.02561146765947342
1403897577641234434,neutral,2.162623882293701,1.1117147207260132,-0.02233470045030117
1403897577880264707,neutral,2.680697441101074,1.0767545700073242,-0.4211740791797638
1403897577897021440,negative,1.3098876476287842,-0.7933685183525085,2.573869228363037
1403897578467508228,negative,1.0264867544174194,-0.2627391517162323,1.2504582405090332
1403897578983411716,neutral,1.5611419677734375,-0.2565459609031677,1.365537405014038
1403897579297927172,negative,1.2186387777328491,-0.8187013864517212,2.2360620498657227
1403897579323097089,negative,1.3129185438156128,-0.7249815464019775,2.5098702907562256
1403897579356688386,neutral,1.8955224752426147,-0.6867144703865051,1.520538330078125
1403897580124131328,positive,2.9868197441101074,4.096158027648926,-1.4678246974945068
1403897580287893508,neutral,2.506451368331909,1.4469834566116333,-0.5270968675613403
1403897580505886722,neutral,1.986962080001831,-0.7684707641601562,1.1093237400054932
1403897580732354560,neutral,2.6754703521728516,1.1542540788650513,-0.23154272139072418
1403897580887674887,neutral,1.5636628866195679,-0.28835034370422363,0.8420133590698242
1403897581571350537,negative,1.5835157632827759,-1.1230002641677856,2.8384244441986084
1403897582376603649,neutral,1.5545847415924072,-0.44303444027900696,0.46012622117996216
1403897583643377671,negative,1.8246370553970337,-0.6265187859535217,1.9245723485946655
1403897583697805312,negative,1.4180810451507568,-0.916871964931488,1.8428053855895996
1403897583962099713,negative,1.3328378200531006,-1.1997720003128052,3.0109009742736816
1403897584612261892,positive,1.28568434715271,2.5940799713134766,-0.7197735905647278
1403897584859574274,neutral,1.806915521621704,0.27086371183395386,1.218480110168457
1403897584993898498,negative,1.1051119565963745,-0.4797784984111786,2.4869019985198975
1403897585098649606,neutral,1.9758081436157227,-0.7197060585021973,1.4637837409973145
1403897585392357376,neutral,1.0618690252304077,-0.0224505215883255,0.5163593292236328
1403897585522417666,negative,0.871131420135498,-0.41226229071617126,2.323002338409424
1403897587011186690,negative,1.2562401294708252,-0.05404738336801529,1.3544343709945679
1403897587279740928,neutral,1.2572938203811646,0.22664809226989746,1.1099631786346436
1403897587292385281,neutral,1.877214789390564,-0.21846169233322144,0.8703381419181824
1403897587837464582,negative,1.2841174602508545,-1.087900996208191,2.7149269580841064
1403897587854237697,negative,1.836980938911438,-0.9068587422370911,1.9158296585083008
1403897588290625537,neutral,2.5015416145324707,0.4922906160354614,-0.09217005223035812
1403897588789616643,positive,2.1230216026306152,2.5757787227630615,-0.8639581203460693
1403897589263736832,positive,2.0001065731048584,2.2721896171569824,-0.5241604447364807
1403897589481709575,neutral,2.4055380821228027,-0.597200334072113,1.152747631072998
1403897589800525832,neutral,2.726300001144409,2.3929340839385986,-0.4736737012863159
1403897590509416455,negative,1.2756767272949219,-1.0324515104293823,2.343508243560791
1403897590953951236,neutral,2.1617162227630615,-1.0657998323440552,2.0157408714294434
1403897591184740353,negative,1.48595130443573,-0.14472320675849915,1.7781718969345093
1403897591784361984,neutral,1.9405990839004517,1.1006187200546265,-0.24893449246883392
1403897591897542659,neutral,2.496006488800049,1.005565881729126,0.14514878392219543
1403897592233267205,negative,0.2045496702194214,-0.2505972385406494,2.001675605773926
1403897592988069890,neutral,1.8663445711135864,0.9667382836341858,-0.20627063512802124
1403897593004904452,negative,1.2705078125,0.23035871982574463,1.3014461994171143
1403897594032672769,negative,0.7035506367683411,-0.7380908131599426,2.4276864528656006
1403897594405789701,neutral,1.3592054843902588,-0.436147004365921,1.1670883893966675
1403897594586226689,negative,1.086726427078247,-0.339484840631485,2.0128977298736572
1403897594632458243,positive,0.49058017134666443,1.005306601524353,0.45119667053222656
1403897595228037126,positive,0.22540022432804108,2.393386125564575,-0.2539720833301544
1403897596570062849,neutral,1.692312240600586,0.828990638256073,0.49871087074279785
1403897597522329602,neutral,1.6855746507644653,0.37137290835380554,0.37932199239730835
1403897597954244609,neutral,1.3465064764022827,0.21066787838935852,1.0185946226119995
1403897598017118213,positive,0.8024346232414246,1.80836820602417,0.2635980248451233
1403897598545694723,negative,0.9556260108947754,-0.013231009244918823,1.6918429136276245
1403897599137026051,neutral,2.1324830055236816,0.41210466623306274,-0.062400415539741516
1403897599309107201,negative,1.266088604927063,0.6747362613677979,1.9415892362594604
1403897599921377280,neutral,1.0928045511245728,0.31016913056373596,0.8269418478012085
1403897601871601664,negative,0.8470677137374878,-0.03543681651353836,1.3029156923294067
1403897602215714817,negative,0.31890150904655457,-0.4933740198612213,2.412698268890381
1403897603121508352,negative,0.5689531564712524,-1.0449987649917603,3.2157492637634277
1403897603767611392,negative,1.4396209716796875,-0.03735419362783432,1.5953600406646729
1403897603784204292,neutral,1.6619434356689453,-0.40167737007141113,1.4831715822219849
1403897603843047424,neutral,1.7310786247253418,1.2868260145187378,0.292690247297287
1403897604207960066,positive,0.13920295238494873,2.196042776107788,-0.07452400773763657
1403897605583781891,positive,0.24194465577602386,0.9218271374702454,0.6420593857765198
1403897605810135041,negative,1.4106167554855347,-0.36262214183807373,1.4732584953308105
1403897605948510208,negative,1.768067479133606,-0.9281209707260132,1.9612516164779663
1403897606741409792,neutral,1.806915521621704,0.27086371183395386,1.218480110168457
1403897607273947137,neutral,3.530146598815918,1.6300077438354492,-1.0650410652160645
1403897607282331648,neutral,2.183211326599121,1.3436706066131592,-0.04675910621881485
1403897607508930562,neutral,2.543001890182495,1.0240801572799683,-0.16154251992702484
1403897607676563464,neutral,1.6855746507644653,0.37137290835380554,0.37932199239730835
1403897608779620354,negative,1.1092760562896729,0.49696412682533264,1.3714520931243896
1403897609555689477,negative,0.5666109919548035,-0.8695406913757324,3.228283166885376
1403897610432352257,neutral,1.519811987876892,1.2909882068634033,-0.24682344496250153
1403897610893627393,neutral,1.6751916408538818,0.02679455652832985,1.141197919845581
1403897611740860422,negative,1.8388811349868774,-1.0376383066177368,2.119652509689331
1403897611854172160,negative,0.9250073432922363,-0.8954236507415771,2.6352479457855225
1403897612193845251,negative,1.0574427843093872,-1.2472232580184937,3.442229747772217
1403897613309644802,neutral,1.6512460708618164,0.9551624655723572,0.41908693313598633
1403897613754195969,neutral,1.7310786247253418,1.2868260145187378,0.292690247297287
1403897613787615237,neutral,1.6156479120254517,1.0034308433532715,0.961084246635437
1403897614228082689,negative,0.799178421497345,-0.16771075129508972,1.9040236473083496
1403897614945431552,neutral,2.8148128986358643,0.9953449368476868,-0.38253840804100037
1403897616220438529,neutral,1.8955224752426147,-0.6867144703865051,1.520538330078125
1403897616409190403,negative,0.8783165812492371,-1.2628430128097534,3.7669219970703125
1403897617134854145,positive,0.6289659738540649,1.1644072532653809,-0.07332354038953781
1403897617340370947,neutral,2.6754703521728516,1.1542540788650513,-0.23154272139072418
1403897617571057664,negative,0.2543095648288727,-0.5891455411911011,3.097947359085083
1403897618560811011,neutral,2.4526617527008057,0.5656387209892273,0.1884790062904358
1403897619697455121,negative,0.5454316735267639,-0.4762375056743622,1.8347529172897339
1403897619697520650,neutral,2.044100284576416,-0.21757683157920837,1.1260994672775269
1403897619915542530,neutral,2.5511817932128906,1.1991586685180664,-0.6256664991378784
1403897619986882560,positive,1.935838222503662,3.755164623260498,-0.5929263234138489
1403897620074876930,neutral,2.0577712059020996,-0.6972063779830933,1.3347359895706177
1403897620293046274,neutral,2.217390537261963,0.30976635217666626,0.3410781919956207
1403897621094219779,positive,0.7896153926849365,2.1168949604034424,-0.17297029495239258
1403897621933006850,negative,1.2227380275726318,-1.0401432514190674,2.3806257247924805
1403897622872559616,neutral,2.2630417346954346,0.4802009165287018,0.13365767896175385
1403897623229059075,negative,0.922824501991272,0.18595828115940094,1.4597225189208984
1403897623468257291,negative,0.8620885610580444,-1.3553961515426636,3.7263295650482178
1403897624265203723,negative,1.5554828643798828,-1.1747667789459229,2.788907289505005
1403897624663629824,neutral,2.077286720275879,2.0228757858276367,-0.5559776425361633
1403897625263284226,neutral,1.9421626329421997,-0.3959755003452301,0.9790698885917664
1403897625745575936,negative,1.1005804538726807,-1.0767381191253662,2.7714221477508545
1403897625749958661,negative,1.2667111158370972,-0.2622411549091339,1.7691844701766968
1403897626647425027,neutral,1.6855746507644653,0.37137290835380554,0.37932199239730835
1403897626723078146,negative,0.9544936418533325,-0.23580437898635864,1.6338249444961548
1403897627591155715,neutral,2.183211326599121,1.3436706066131592,-0.04675910621881485
1403897627729559555,negative,1.221327781677246,-1.2218204736709595,3.12563419342041
1403897628526485506,neutral,1.5580987930297852,-0.271521657705307,1.4650497436523438
1403897629117923329,neutral,2.2265498638153076,0.04976963996887207,0.6400312781333923
1403897629399040003,neutral,1.058804988861084,0.27144655585289,-0.13875044882297516
1403897630082572292,negative,1.600744366645813,-1.2062617540359497,3.0223493576049805
1403897630397108230,positive,1.3433067798614502,2.1162452697753906,-0.5747540593147278
1403897631772905473,neutral,1.6441446542739868,-0.5100816488265991,1.4364490509033203
1403897631949029380,negative,1.4087156057357788,-0.5876731872558594,2.45133376121521
1403897632511123459,negative,1.0647815465927124,0.03954114764928818,1.6082872152328491
1403897632892751874,neutral,1.1115349531173706,0.25384122133255005,0.9949188828468323
1403897633383485452,negative,0.8733892440795898,-0.37967488169670105,1.7236378192901611
1403897633609961475,negative,1.4070522785186768,-0.9250665307044983,1.9019062519073486
1403897633773588487,neutral,1.581122875213623,-0.386435329914093,1.5299277305603027
1403897633920356353,neutral,0.23260748386383057,0.1763904094696045,0.14018523693084717
1403897634675429378,positive,1.2362468242645264,2.522522449493408,-0.03576204180717468
1403897635673722880,neutral,2.036546230316162,-0.29658570885658264,1.142601490020752
1403897635740680197,positive,1.6851985454559326,3.039599895477295,-0.5585665106773376
1403897635950383106,negative,0.8797113299369812,-0.46612343192100525,2.340770721435547
1403897636076228616,neutral,1.6751916408538818,0.02679455652832985,1.141197919845581
1403897636218978304,neutral,1.6441446542739868,-0.5100816488265991,1.4364490509033203
1403897636223082499,negative,1.8388811349868774,-1.0376383066177368,2.119652509689331
1403897637007466496,neutral,1.4760277271270752,-0.09868503361940384,0.7337039709091187
1403897637816864769,neutral,2.010815143585205,-0.6213178038597107,1.4379693269729614
1403897638290821120,positive,0.822654128074646,1.4320461750030518,0.400752991437912
1403897638328602630,neutral,1.4897780418395996,-0.13590624928474426,1.275917649269104
1403897638714441729,negative,0.9324544072151184,-0.9882680177688599,2.9101924896240234
1403897638999658496,neutral,2.2115252017974854,1.5325829982757568,-0.45452287793159485
1403897640283164678,neutral,3.366914987564087,1.4852092266082764,-0.6349912881851196
1403897640392200196,negative,0.8541529774665833,0.2277235984802246,1.2699494361877441
1403897641113571330,negative,0.6899845004081726,-0.762636125087738,2.298280954360962
1403897641319215105,neutral,1.2226338386535645,0.30501753091812134,1.2190285921096802
1403897642325733379,neutral,0.9831057190895081,0.5963703393936157,-0.05449511110782623
1403897642443214848,neutral,1.8355302810668945,1.4217356443405151,-0.05582737177610397
1403897642476720133,positive,2.5266671180725098,3.826234817504883,-1.3479307889938354
1403897643374313474,negative,1.0581293106079102,-0.7968664169311523,2.0728225708007812
1403897643550580736,negative,1.2981348037719727,-0.05564079433679581,1.3376256227493286
1403897643625971716,negative,1.504818081855774,-0.7736848592758179,1.6393139362335205
1403897644083204098,negative,1.3931431770324707,-0.3587906062602997,1.732676386833191
1403897644309753856,negative,1.3269190788269043,-0.500230610370636,2.035564661026001
1403897644741758976,negative,0.09646947681903839,0.36849474906921387,1.1466832160949707
1403897645807116290,neutral,1.2024405002593994,-0.0069009363651275635,0.6237455010414124
1403897646008389634,neutral,1.6855746507644653,0.37137290835380554,0.37932199239730835
1403897646457176065,neutral,1.6156479120254517,1.0034308433532715,0.961084246635437
1403897646507507721,negative,1.3887526988983154,-0.5673938393592834,1.8674860000610352
1403897646763307009,negative,0.7038639187812805,-0.3325805962085724,2.4917924404144287
1403897646859931648,negative,1.264915108680725,-0.37222835421562195,1.4042580127716064
1403897647644217345,neutral,0.8601025938987732,0.5368747115135193,0.34279847145080566
1403897648600473604,negative,1.1269057989120483,-1.1269381046295166,3.217179298400879
1403897648831090692,negative,0.9152883887290955,-0.25754421949386597,1.864201545715332
1403897650689216513,positive,0.26042309403419495,2.0073976516723633,-0.11606765538454056
1403897650789994504,neutral,1.0969290733337402,0.7460940480232239,0.9624859690666199
1403897651154743302,positive,2.7590749263763428,2.841310739517212,-0.9129900932312012
1403897651289116674,neutral,1.6529239416122437,-0.04977565258741379,1.0963023900985718
1403897651507220487,neutral,1.8955224752426147,-0.6867144703865051,1.520538330078125
1403897651527970819,neutral,2.5480856895446777,0.44547080993652344,0.10894734412431717
1403897652715134977,neutral,1.956823468208313,0.11543261259794235,0.6973152160644531
1403897653235171331,neutral,2.122443199157715,0.001540057361125946,0.997237503528595
1403897653272842244,neutral,1.1742035150527954,1.1480189561843872,0.44260647892951965
1403897653696643078,neutral,2.318021774291992,-0.6153972148895264,0.8292257189750671
1403897653847478274,negative,1.4070523977279663,-0.9250664114952087,1.9019062519073486
1403897653931376646,negative,1.3134132623672485,-0.5762357115745544,1.6616077423095703
1403897653964967936,neutral,1.555951476097107,0.9688065052032471,0.1871529221534729
1403897654594187264,neutral,1.7548259496688843,-0.23096835613250732,0.9973956346511841
1403897655084806147,negative,0.5760642290115356,0.9138162136077881,1.216158390045166
1403897656213180421,negative,1.4300302267074585,-0.7178379893302917,2.0597333908081055
1403897656456396803,negative,0.6337239146232605,0.15481430292129517,1.804567575454712
1403897656469069827,negative,0.9819321036338806,0.3677142858505249,1.2022008895874023
1403897656666202114,neutral,2.506451368331909,1.4469833374023438,-0.5270969271659851
1403897657307897858,neutral,1.7157365083694458,-0.27063581347465515,1.6064354181289673
1403897657571962880,negative,1.2326509952545166,-0.28998705744743347,1.7139068841934204
1403897658222256130,neutral,1.6682672500610352,0.5788004994392395,0.5153069496154785
1403897658415194113,negative,1.2575095891952515,-0.6286597847938538,1.6894259452819824
1403897658494783489,positive,1.2751076221466064,1.4219367504119873,-0.018579276278614998
1403897658515738626,negative,0.9437965154647827,0.6566219329833984,1.0052276849746704
1403897659069546496,neutral,2.387293577194214,0.011284448206424713,0.6185511946678162
1403897659207847939,neutral,1.1742035150527954,1.1480188369750977,0.44260644912719727
1403897659207962626,neutral,0.9130871295928955,0.5309140086174011,-0.03250584751367569
1403897659216257025,negative,1.0299737453460693,0.19393190741539001,1.9243659973144531
1403897659858075651,positive,1.50192391872406,1.8094213008880615,0.388164758682251
1403897661045055490,neutral,2.5724501609802246,1.6960337162017822,0.1429435908794403
1403897661292482562,negative,1.564639925956726,-0.7418512105941772,1.6026439666748047
1403897662286430209,positive,0.689767599105835,1.8641165494918823,1.3382647037506104
1403897662475104259,neutral,1.9403049945831299,-0.6860625147819519,0.9651776552200317
1403897663167373317,negative,1.1738076210021973,0.5183054208755493,1.2793595790863037
1403897663511273477,negative,1.2890139818191528,-0.4299790561199188,1.8073995113372803
1403897663670661123,positive,1.10133957862854,2.12296986579895,-0.054793693125247955
1403897664182403072,negative,1.1362262964248657,-0.47752639651298523,2.5074620246887207
1403897664937377794,neutral,1.6855745315551758,0.37137290835380554,0.37932199239730835
1403897664949813249,neutral,3.6440343856811523,2.676164388656616,-0.8809865117073059
1403897665927192577,positive,0.8826722502708435,2.112452268600464,0.9234621524810791
1403897666237612032,neutral,0.7374748587608337,-0.020764946937561035,-0.02596518211066723
1403897666371784706,positive,0.46478235721588135,2.43145489692688,0.5880316495895386
1403897667260977153,negative,1.583516001701355,-1.1230002641677856,2.8384244441986084
1403897667768311808,positive,0.4967411756515503,1.6944479942321777,0.3631082773208618
1403897667936088069,neutral,1.781528353691101,-0.5776885747909546,1.6669962406158447
1403897668154265603,neutral,1.3886268138885498,0.524367094039917,0.6173572540283203
1403897668284424199,neutral,1.232383131980896,-0.2941426634788513,1.1886245012283325
1403897668921876480,neutral,3.553762197494507,2.3403286933898926,-0.8013613224029541
1403897670398201859,negative,0.957449197769165,-1.2216788530349731,3.100198268890381
1403897671090262027,positive,2.319584369659424,3.269824981689453,-0.44060245156288147
1403897671203528706,neutral,1.8971368074417114,-0.15716710686683655,1.0333062410354614
1403897671576743940,neutral,1.7955561876296997,0.7315971851348877,0.20690186321735382
1403897671669145600,positive,1.4844907522201538,5.822708606719971,-1.886712670326233
1403897671807537156,neutral,1.610525131225586,0.4411739408969879,0.029599221423268318
1403897672449228803,negative,1.253814458847046,-0.571951687335968,1.991424560546875
1403897673044930561,negative,1.009020447731018,-0.8545889258384705,2.424271821975708
1403897673816567808,negative,0.9892361760139465,-1.1315035820007324,3.1096460819244385
1403897673829257219,negative,1.3916524648666382,0.024219095706939697,1.7649662494659424
1403897674701545473,negative,1.0883618593215942,-0.5602694749832153,1.920455813407898
1403897675142119426,negative,0.7502992749214172,0.3316686749458313,1.2374906539916992
1403897675142123525,neutral,1.1742035150527954,1.1480189561843872,0.44260647892951965
1403897675670458372,neutral,1.8190010786056519,0.2955159544944763,0.7446642518043518
1403897675825790976,neutral,1.6855745315551758,0.37137290835380554,0.37932199239730835
1403897676635119616,neutral,1.7650130987167358,-0.7029991149902344,1.4997855424880981
1403897676719067148,neutral,1.9820445775985718,1.2834522724151611,0.3938063085079193
1403897676886802434,negative,1.5688905715942383,-0.6586511731147766,1.8638139963150024
1403897677016813571,negative,1.403313159942627,-1.195746660232544,3.27897047996521
1403897677021167617,negative,0.7544559240341187,-0.19939261674880981,1.6450445652008057
1403897677650317312,negative,0.7940640449523926,0.7201141119003296,1.01429283618927
1403897678027755520,negative,0.8323348760604858,0.086981400847435,1.2959829568862915
1403897678191239170,negative,0.26851433515548706,-0.8042128682136536,2.7069497108459473
1403897679172800515,negative,1.3788703680038452,-1.3198137283325195,3.2063424587249756
1403897679558549512,positive,0.7191638350486755,0.998185396194458,0.3860306739807129
1403897679818723335,negative,1.5826727151870728,-0.855372428894043,1.8643478155136108
1403897680032681990,neutral,1.0928045511245728,0.3101691007614136,0.8269418478012085
1403897680418381824,positive,0.930674135684967,0.9804316163063049,0.7341787815093994
1403897680552632335,negative,0.7151437997817993,-0.4450744092464447,1.389409065246582
1403897680728772612,neutral,0.8570730686187744,0.3150779604911804,0.2809261381626129
1403897680938496000,neutral,1.6324710845947266,-0.30476537346839905,1.5853687524795532
1403897681043333122,positive,1.685198426246643,3.039599895477295,-0.5585665702819824
1403897681081208834,neutral,1.949338674545288,0.33263203501701355,1.0838961601257324
1403897681173417988,neutral,2.260634660720825,1.046260952949524,0.05592583492398262
1403897681534021632,neutral,2.1617162227630615,-1.065799593925476,2.0157406330108643
1403897682758979584,neutral,2.644895315170288,1.4644910097122192,-0.3970116972923279
1403897683526533120,neutral,3.0554256439208984,0.9788585901260376,-0.22096283733844757
1403897683828350976,negative,1.2309048175811768,-0.9102765321731567,1.9076975584030151
1403897684306534403,negative,1.446596384048462,-0.16803577542304993,2.147367238998413
1403897684746936320,neutral,2.6163887977600098,1.7948631048202515,-0.3423825204372406
1403897685682229248,neutral,1.9260756969451904,-0.39457371830940247,1.0606412887573242
1403897685929832449,neutral,1.4659044742584229,-0.4316388666629791,1.0249764919281006
1403897686571556865,negative,0.8033967614173889,0.11606306582689285,1.371294379234314
1403897686906982400,neutral,1.6855745315551758,0.37137290835380554,0.37932199239730835
1403897686948909058,neutral,2.0701539516448975,1.5975531339645386,-0.18209874629974365
1403897687976542214,negative,1.9760442972183228,-1.1435997486114502,2.0983781814575195
1403897688232546306,neutral,3.6568336486816406,0.6734820604324341,-0.4570033848285675
1403897689595596801,positive,1.2496610879898071,4.271322250366211,-0.9607561230659485
1403897689813651457,negative,0.8790854215621948,-0.8883561491966248,2.71351957321167
1403897689939398661,neutral,2.118814468383789,1.0858070850372314,0.7105481028556824
1403897690040193027,positive,0.4967411756515503,1.6944479942321777,0.3631082773208618
1403897690044342276,negative,1.556815266609192,-0.8931783437728882,2.1276373863220215
1403897690367225858,negative,1.3783894777297974,0.08099629729986191,1.7644766569137573
1403897690400837634,neutral,2.6163887977600098,1.794863224029541,-0.3423824906349182
1403897690535219203,negative,0.5320248007774353,-0.15175879001617432,1.447799801826477
1403897690614689796,neutral,1.1124897003173828,0.13067643344402313,0.4145767092704773
1403897691151552515,negative,1.3430345058441162,-0.5286684036254883,1.3676837682724
1403897691562811392,negative,1.8946295976638794,-0.987824022769928,1.9432941675186157
1403897691659071488,negative,1.3427379131317139,-0.06848257035017014,1.4054046869277954
1403897691826917378,positive,1.8479139804840088,1.9515225887298584,-0.10556032508611679
1403897692007239680,negative,1.1523321866989136,-0.8794052004814148,2.176450252532959
1403897692435091456,neutral,2.5357604026794434,1.2096383571624756,-0.051823943853378296
1403897692884029440,negative,0.7495516538619995,-1.2627509832382202,3.7054154872894287
1403897693328621569,negative,0.13891752064228058,-0.18240603804588318,1.982356309890747
1403897693546725379,negative,1.1940556764602661,-1.0424442291259766,2.97772216796875
1403897694523772936,negative,1.055169939994812,0.028692584484815598,1.3092591762542725
1403897695190892546,neutral,1.7757548093795776,0.41473037004470825,0.7451024651527405
1403897696210063365,negative,1.3484359979629517,-0.29940247535705566,1.7680084705352783
1403897696637788170,negative,1.0627849102020264,-0.004294149577617645,1.7522209882736206
1403897696889409536,neutral,2.7942750453948975,0.22048383951187134,0.127415731549263
1403897698206502914,negative,1.600744366645813,-1.2062618732452393,3.0223493576049805
1403897698785374208,negative,1.1811085939407349,0.0727272480726242,1.6746410131454468
1403897699607355394,positive,1.33714759349823,1.8659027814865112,-0.3326312005519867
1403897700567814145,negative,1.2145130634307861,-0.8037517666816711,2.3396356105804443
1403897701062746117,negative,0.27683502435684204,-0.6143543124198914,2.7101564407348633
1403897701297651720,negative,1.3783894777297974,0.08099629729986191,1.7644766569137573
1403897701704421382,neutral,2.23504376411438,0.9729809761047363,-0.11228526383638382
1403897702253924355,negative,1.0555176734924316,-1.3079291582107544,3.750742197036743
1403897702425976836,neutral,2.958176851272583,1.546579360961914,-0.7324643731117249
1403897702497218564,neutral,1.9200304746627808,0.001094125211238861,1.3634591102600098
1403897703386341387,positive,2.118035078048706,3.1515445709228516,-0.994699239730835
1403897703935844358,negative,1.5465786457061768,-0.8305068612098694,1.7781777381896973
1403897704363724801,neutral,1.5451276302337646,0.6438795924186707,0.32067787647247314
1403897705022332933,negative,1.1073817014694214,0.06631973385810852,1.4625335931777954
1403897705198284801,neutral,1.6855745315551758,0.37137290835380554,0.37932199239730835
1403897705605132291,neutral,1.5985872745513916,-0.42110422253608704,1.5031956434249878
1403897706003800065,negative,1.433020830154419,-0.768881618976593,1.9580384492874146
1403897706095972355,positive,1.0866652727127075,1.5382120609283447,1.1512316465377808
1403897706213306372,neutral,2.7006077766418457,1.6310725212097168,-0.5649743676185608
1403897706955907074,negative,2.1112687587738037,-1.0838861465454102,2.2172744274139404
1403897707685548032,neutral,2.1629316806793213,1.916767954826355,-0.5240320563316345
1403897707882860547,positive,1.8357560634613037,2.3435616493225098,-0.7073038816452026
1403897708558143493,neutral,1.9924054145812988,0.2653125524520874,0.6190642714500427
1403897708834852865,negative,1.3916524648666382,0.024219095706939697,1.7649662494659424
1403897708906041350,positive,0.8475621342658997,1.739869236946106,0.19630861282348633
1403897709178785800,neutral,1.5707939863204956,1.1175227165222168,-0.217599019408226
1403897711397572617,neutral,1.3946551084518433,0.6156634092330933,0.2166064828634262
1403897712710500358,neutral,1.9701683521270752,1.2633326053619385,-0.08164189010858536
1403897713519992833,negative,1.6947858333587646,-1.1031935214996338,2.4919838905334473
1403897713524047873,positive,1.002203106880188,3.5682168006896973,-0.7071672081947327
1403897713859702787,negative,0.9670919179916382,-1.0329781770706177,2.752645969390869
1403897713905877000,negative,0.854153037071228,0.22772356867790222,1.2699493169784546
1403897714178285572,negative,1.0680584907531738,0.7336710095405579,1.2243731021881104
1403897714207690755,neutral,0.9315202236175537,0.48274269700050354,-0.14352631568908691
1403897714429992962,neutral,1.470300555229187,0.2680757939815521,1.1073145866394043
1403897715369512962,neutral,1.8445196151733398,0.2366166114807129,0.8432997465133667
1403897716468555780,neutral,2.134504795074463,-0.5447365045547485,1.0128284692764282
1403897716866916353,neutral,1.6751917600631714,0.026794519275426865,1.141197919845581
1403897716954918913,negative,1.361433744430542,0.049175068736076355,1.5213606357574463
1403897717085159424,neutral,1.6450090408325195,0.8641312718391418,0.9485089778900146
1403897717122899972,neutral,1.911913514137268,0.2569938600063324,0.7037417888641357
1403897717139689478,positive,1.5937445163726807,1.8328062295913696,-0.06595925986766815
1403897717533810695,positive,1.5060515403747559,2.554485559463501,-0.4562225639820099
1403897717672263686,negative,0.8139846324920654,0.19190216064453125,0.9408953189849854
1403897717907103744,positive,1.347836971282959,1.8178296089172363,-0.030096346512436867
1403897718058143747,negative,0.670817494392395,-0.569105863571167,1.7031000852584839
1403897718267781121,neutral,1.6156479120254517,1.0034308433532715,0.9610843658447266
1403897718293123075,neutral,2.1337087154388428,0.24573847651481628,0.6031429767608643
1403897719568093185,negative,1.495516300201416,-1.0400054454803467,2.3014297485351562
1403897720150970369,negative,1.0627849102020264,-0.004294149577617645,1.7522209882736206
1403897721065463813,positive,2.0001068115234375,2.2721900939941406,-0.5241603851318359
1403897721090629632,neutral,1.3302655220031738,0.7963732481002808,0.5328423976898193
1403897721904254981,neutral,2.3794987201690674,0.8254438638687134,-0.32114139199256897
1403897722378231808,neutral,1.8955224752426147,-0.6867144703865051,1.520538330078125
1403897722843930626,neutral,1.3997009992599487,-0.024873457849025726,0.9895095229148865
1403897724122984451,neutral,1.4737050533294678,0.3797611892223358,0.8795662522315979
1403897724773175299,negative,1.3328378200531006,-1.1997718811035156,3.0109009742736816
1403897724789948416,neutral,1.8445196151733398,0.2366166114807129,0.8432997465133667
1403897725230407680,negative,0.9222457408905029,0.43352842330932617,1.0170577764511108
1403897725905620999,negative,1.5778166055679321,-0.869271993637085,2.266237497329712
1403897726090178564,negative,1.3783894777297974,0.08099629729986191,1.7644766569137573
1403897726744469504,neutral,1.8957024812698364,0.49880141019821167,0.2651660442352295
1403897727973576711,neutral,2.2538809776306152,0.5919567346572876,0.15464504063129425
1403897729391202306,negative,1.4676976203918457,-0.9921743869781494,2.338759183883667
1403897729407799302,neutral,1.8706095218658447,0.8714138865470886,0.14476829767227173
1403897729881763841,neutral,2.6754703521728516,1.1542540788650513,-0.23154275119304657
1403897730112667648,negative,1.4913698434829712,-0.06168889254331589,1.524497151374817
1403897730435588097,negative,1.172008991241455,-0.3831122815608978,2.0790281295776367
1403897730506792961,negative,0.8994053602218628,-0.8466747403144836,1.9359447956085205
1403897730934607875,neutral,1.9006749391555786,0.9400594234466553,-0.20686033368110657
1403897731010072576,neutral,1.7373533248901367,-0.017367325723171234,1.4273332357406616
1403897731928629249,neutral,2.0738096237182617,-0.7703515887260437,1.6526899337768555
1403897732197228544,neutral,2.493297815322876,1.211998462677002,-0.3747052550315857
1403897733010935808,neutral,1.2519776821136475,0.32532405853271484,0.073307566344738
1403897734025859078,negative,1.0526748895645142,-0.4854060113430023,1.9483730792999268
1403897735758090245,negative,1.0195764303207397,-0.7737594842910767,2.2957546710968018
1403897736316002306,neutral,1.6855745315551758,0.37137290835380554,0.37932199239730835
1403897736605351940,neutral,1.7263952493667603,0.06019023805856705,0.5783913135528564
1403897736831799296,neutral,2.999417543411255,2.5841314792633057,-0.9527353048324585
1403897736894758915,neutral,1.555951476097107,0.9688065052032471,0.1871529221534729
1403897737117110272,negative,1.3549647331237793,-0.8255887627601624,1.9135547876358032
1403897737662193666,neutral,2.0966901779174805,-0.05260583013296127,1.3165004253387451
1403897737763041280,negative,0.47087931632995605,-0.20578807592391968,3.0462911128997803
1403897738073305088,negative,0.9397467374801636,-0.25113436579704285,2.0281522274017334
1403897738253639686,negative,1.3328378200531006,-1.1997720003128052,3.0109009742736816
1403897739033735169,neutral,1.6855745315551758,0.37137290835380554,0.37932199239730835
1403897739612770307,neutral,2.2246689796447754,-0.07018644362688065,0.9600297808647156
1403897740430508038,negative,0.9464130401611328,-0.9771901965141296,3.069962739944458
1403897740795518976,neutral,1.1059134006500244,0.6415836811065674,0.23901322484016418
1403897740891856896,negative,1.0445361137390137,0.22723859548568726,1.360438585281372
1403897742028587012,negative,1.3897457122802734,-0.5894417762756348,1.6563645601272583
1403897742431297537,positive,1.1873939037322998,1.5316423177719116,-0.3464024066925049
1403897742871519236,negative,1.221327781677246,-1.2218204736709595,3.125633716583252
1403897743098195969,negative,1.461950421333313,-1.0033764839172363,2.5368542671203613
1403897743521816576,neutral,2.098987579345703,1.015921950340271,0.430733323097229
1403897744318554114,positive,0.5876953601837158,1.6986232995986938,0.45791807770729065
1403897745149075465,negative,0.7000085115432739,-0.8077462315559387,2.7529349327087402
1403897745174241280,neutral,1.2535731792449951,0.5007501840591431,1.0032659769058228
1403897745694511106,negative,1.3916524648666382,0.024219095706939697,1.7649662494659424
1403897745757270016,neutral,1.6751917600631714,0.02679453045129776,1.1411978006362915
1403897745992081413,negative,0.9013787508010864,0.15416425466537476,1.3806135654449463
1403897746084438019,negative,1.253101110458374,-0.362862229347229,1.709890604019165
1403897746654863364,negative,1.323105812072754,-1.223022699356079,2.717540979385376
1403897746793271302,neutral,1.4299695491790771,0.13986355066299438,1.106359839439392
1403897746801582080,negative,0.8061770796775818,-0.6775262355804443,2.830129384994507
1403897747124654083,negative,1.304201364517212,-0.7217066287994385,2.245051860809326
1403897747258810370,negative,0.45649638772010803,-0.8170604109764099,3.7533464431762695
1403897747623743492,neutral,2.6215062141418457,1.8814367055892944,-0.6578801274299622
1403897748215062532,negative,1.3640648126602173,-0.7301985621452332,2.1285512447357178
1403897748689149953,negative,1.3077521324157715,-0.4193609058856964,2.317793130874634
1403897748861206528,neutral,1.6336934566497803,0.38594692945480347,0.8804000020027161
1403897748924084226,negative,1.7005488872528076,-1.0113301277160645,2.3092947006225586
1403897748991004674,negative,1.3954789638519287,-0.8631387948989868,1.8702366352081299
1403897749070880776,neutral,1.524891972541809,0.21022772789001465,0.706978976726532
1403897749980975108,positive,0.5243115425109863,1.0093539953231812,0.6788171529769897
1403897750559727616,positive,1.7462825775146484,1.8249919414520264,-0.08776453137397766
1403897751830601731,positive,1.5604467391967773,3.007593870162964,-0.282216876745224
1403897753810333696,neutral,2.674644708633423,0.6887145042419434,0.09064105898141861
1403897754535927810,neutral,1.2289060354232788,0.7103629112243652,0.12568862736225128
1403897755861491713,neutral,1.8706095218658447,0.8714138865470886,0.14476829767227173
1403897755932758022,negative,0.7977342009544373,-0.7203458547592163,2.4761664867401123
1403897756100481025,negative,1.262342095375061,-1.2370593547821045,2.973182201385498
1403897757757173761,neutral,1.1948384046554565,0.9011805057525635,0.38312897086143494
1403897758482903043,negative,1.03630530834198,-0.7383214831352234,2.078049898147583
1403897759325822976,negative,1.0353491306304932,-1.2652438879013062,3.852947235107422
1403897760764489731,positive,1.9390075206756592,5.046140670776367,-1.3238822221755981
1403897760797970433,negative,0.8574116826057434,0.18631064891815186,1.825520634651184
1403897760806432774,negative,1.4070523977279663,-0.9250664114952087,1.9019062519073486
1403897761573998596,negative,0.7293572425842285,-0.8052288889884949,3.128419876098633
1403897762782093320,neutral,1.8955224752426147,-0.6867144703865051,1.520538330078125
1403897763411075081,negative,1.4924278259277344,-0.902424693107605,2.0136208534240723
1403897763868426252,negative,0.665877103805542,0.564479410648346,0.9903082251548767
1403897764635844616,negative,0.9416530132293701,-0.792836606502533,3.1465678215026855
1403897764782637057,negative,0.18644827604293823,-0.37550580501556396,2.4209957122802734
1403897765101334531,negative,0.49521034955978394,0.09226124733686447,1.540629267692566
1403897765558636545,neutral,1.5370062589645386,-0.06417296081781387,1.00575590133667
1403897766091190273,neutral,1.6207187175750732,0.0008215755224227905,0.21769070625305176
1403897766582104071,negative,1.373448133468628,-0.5791670083999634,1.6962271928787231
1403897766594723842,negative,1.3530815839767456,-0.8420143127441406,2.5113778114318848
1403897769127907328,positive,1.9316705465316772,2.1811797618865967,-0.5911884903907776
1403897769278930944,neutral,1.778055191040039,-0.32790812849998474,0.894387423992157
1403897770038108162,neutral,2.151348352432251,1.0382429361343384,-0.05989985913038254
1403897770126237698,negative,0.8993687629699707,-1.0012463331222534,2.6860363483428955
1403897770457681920,negative,0.5666109323501587,-0.8695406913757324,3.228283166885376
1403897771057418246,neutral,1.2249261140823364,1.1156212091445923,0.3152851164340973
1403897771267002377,negative,0.8165201544761658,0.4499657452106476,1.6717487573623657
1403897771401179136,positive,1.158415675163269,5.005600929260254,-1.1509262323379517
1403897771459895302,neutral,1.4852174520492554,0.8108657598495483,0.48153048753738403
1403897771950850053,negative,1.38005530834198,0.21643918752670288,2.373438835144043
1403897772152131584,negative,1.3642702102661133,0.004968486726284027,1.5437020063400269
1403897772374335489,negative,0.8472241163253784,0.8258400559425354,0.8790671229362488
1403897772626132994,negative,1.3916524648666382,0.024219095706939697,1.7649662494659424
1403897772982497288,negative,0.6663116216659546,-0.5918977856636047,1.5757049322128296
1403897774110826496,neutral,1.197285532951355,0.23835936188697815,0.37437549233436584
1403897774668533764,negative,0.8918402791023254,-0.09775417298078537,1.988702654838562
1403897775889125378,neutral,2.115819215774536,-0.06907863169908524,0.7005370855331421
1403897775960465410,negative,1.229549765586853,-0.8279224038124084,1.942429542541504
1403897776052719618,neutral,1.8709139823913574,0.7854757905006409,0.30547598004341125
1403897777684242432,negative,0.6161379814147949,-1.064854621887207,3.1989569664001465
1403897777944367111,neutral,1.546607494354248,0.5068955421447754,0.42354515194892883
1403897778682535938,negative,1.323105812072754,-1.2230225801467896,2.717540979385376
1403897779236356104,negative,0.15937542915344238,0.3641470968723297,0.732214629650116
1403897779936645125,neutral,1.781528353691101,-0.5776885747909546,1.6669962406158447
1403897779953438720,neutral,3.530146598815918,1.6300078630447388,-1.0650410652160645
1403897781274615809,positive,1.83475923538208,5.801547050476074,-2.0017707347869873
1403897781580754947,neutral,1.7078901529312134,-0.35836389660835266,0.6229463815689087
1403897781870206977,positive,1.7747060060501099,3.4235785007476807,-0.5406714081764221
1403897782038061061,negative,0.8505693674087524,-0.0730019137263298,1.2107969522476196
1403897782373699585,negative,0.9788385629653931,0.7301855087280273,1.0243022441864014
1403897783950532609,neutral,1.2501260042190552,-0.24873670935630798,1.193576693534851
1403897784537960448,negative,0.9547562599182129,-0.9894235730171204,3.1606905460357666
1403897785238245378,negative,0.18287529051303864,0.48208582401275635,1.312914490699768
1403897786718855168,positive,0.9587221145629883,4.16434383392334,-1.2260959148406982
1403897786832019459,negative,1.0764378309249878,-0.18623510003089905,1.6671595573425293
1403897787197104129,negative,1.1143386363983154,-0.18287834525108337,1.5774074792861938
1403897787373084672,neutral,1.1222119331359863,0.13763204216957092,0.8818799257278442
1403897787884916741,neutral,1.6156479120254517,1.0034308433532715,0.9610843658447266
1403897788199366662,negative,1.368066430091858,-0.4090558588504791,1.9431686401367188
1403897788958752771,neutral,2.041883707046509,1.006272315979004,-0.6920807957649231
1403897789352841216,negative,1.3134132623672485,-0.5762356519699097,1.6616078615188599
1403897789491269634,neutral,2.4154725074768066,0.947312593460083,-0.10356702655553818
1403897791236169732,neutral,2.102187395095825,1.3034930229187012,-0.23083601891994476
1403897791731089410,neutral,2.0549795627593994,0.5399296879768372,0.4054645001888275
1403897791886217217,negative,1.0497976541519165,-0.6046470403671265,1.7980879545211792
1403897792171499522,neutral,2.506451368331909,1.4469833374023438,-0.5270969271659851
1403897792280494089,negative,1.2619144916534424,-0.37218400835990906,1.4418615102767944
1403897792574103556,negative,0.8198498487472534,-1.252539873123169,3.801393985748291
1403897793375182848,negative,0.60498046875,0.3274804949760437,1.55084228515625
1403897794012745733,neutral,1.3371129035949707,0.013666056096553802,1.0891344547271729
1403897794021101571,neutral,1.2853976488113403,0.8050395250320435,-0.06951078027486801
1403897794809663494,negative,0.7494561076164246,0.6297072768211365,0.9086644053459167
1403897795900178438,neutral,2.033837080001831,0.11866537481546402,0.38568368554115295
1403897796067987456,neutral,0.9100127220153809,-0.01618153601884842,0.1421690732240677
1403897796306997249,neutral,1.9063034057617188,-0.19060403108596802,1.6132076978683472
1403897796462223361,neutral,1.6077783107757568,0.005293115973472595,0.9944089651107788
1403897797049344003,neutral,2.5111653804779053,0.7346183657646179,-0.47245895862579346
1403897797057806340,neutral,1.7737141847610474,-0.14233925938606262,1.1844379901885986
1403897797401743366,neutral,2.135909080505371,-0.1733417510986328,1.2521299123764038
1403897798248976384,neutral,2.6163887977600098,1.7948631048202515,-0.3423825204372406
1403897798299291656,neutral,2.377105712890625,1.265229344367981,-0.3120265007019043
1403897798769188865,negative,1.13535475730896,-0.2905583679676056,1.2604365348815918
1403897799012503559,neutral,1.7310782670974731,1.2868260145187378,0.292690247297287
1403897799435898900,neutral,1.054306149482727,1.0217210054397583,0.705041229724884
1403897800186683392,neutral,3.530146598815918,1.6300078630447388,-1.0650410652160645
1403897800635478017,neutral,1.781528353691101,-0.5776885747909546,1.6669962406158447
1403897800740454401,neutral,1.1389343738555908,0.581048846244812,0.6267215013504028
1403897801944178692,negative,0.9630367159843445,-0.4998043477535248,2.1679837703704834
1403897801977700357,positive,0.6864395141601562,4.273903846740723,-0.23563306033611298
1403897802409668610,neutral,1.5193731784820557,0.46842890977859497,0.8070768117904663
1403897802997051395,negative,0.5828343033790588,-1.0724163055419922,3.2340140342712402
1403897803097526281,neutral,2.6554934978485107,0.845848560333252,-0.4439975321292877
1403897803588448256,negative,0.6111899614334106,-1.037571907043457,3.245171546936035
1403897804330766341,negative,1.3650026321411133,-0.7826434373855591,2.3791003227233887
1403897804485906434,negative,1.1030651330947876,-0.07200831919908524,1.7458993196487427
1403897804754350081,negative,1.2273036241531372,-0.8608113527297974,3.043282985687256
1403897804838166531,negative,1.3337152004241943,-1.0725458860397339,2.486534833908081
1403897805631012866,negative,1.1769659519195557,-0.7594332695007324,2.1521177291870117
1403897806033612803,positive,1.2812806367874146,2.5510568618774414,0.05168789252638817
1403897806604038147,neutral,1.719739317893982,-0.5972580909729004,1.6492223739624023
1403897807413538819,negative,1.2511751651763916,0.256136953830719,1.299395203590393
1403897807799414784,neutral,1.7398775815963745,-0.25924405455589294,1.636062741279602
1403897807887429633,negative,1.035348892211914,-1.2652440071105957,3.8529469966888428
1403897808046854144,neutral,1.4025256633758545,-0.31425485014915466,1.1465338468551636
1403897808436961280,negative,1.3549647331237793,-0.8255888223648071,1.9135549068450928
1403897808470654977,negative,0.8436388373374939,-0.4991486966609955,1.9722356796264648
1403897809674244100,negative,1.0200626850128174,-0.6428975462913513,2.5052077770233154
1403897810379018240,neutral,1.6855745315551758,0.37137290835380554,0.37932199239730835
1403897811444322315,neutral,0.9470878839492798,0.3426249623298645,0.06243114173412323
1403897812010430464,neutral,2.3680219650268555,-0.04742076247930527,1.1158324480056763
1403897812186648578,neutral,2.1832115650177,1.3436704874038696,-0.04675915092229843
1403897813440864261,negative,0.5243422389030457,-0.4744020998477936,1.4264816045761108
1403897813667401729,negative,1.1069566011428833,-0.48716387152671814,2.063549041748047
1403897813843386371,negative,1.3783894777297974,0.08099629729986191,1.7644766569137573
1403897814103379969,neutral,1.5130512714385986,-0.11607939749956131,1.205597162246704
1403897814426558467,neutral,1.2752015590667725,1.0421295166015625,0.2062671035528183
1403897814833270785,neutral,1.2630747556686401,0.7187154293060303,0.34958258271217346
1403897815537836034,neutral,1.6870296001434326,-0.7706964015960693,1.5568629503250122
1403897815852404739,neutral,2.8217248916625977,0.02573484182357788,0.5355105400085449
1403897815860867077,negative,1.7997387647628784,-0.9430912137031555,1.8479984998703003
1403897816041230342,negative,0.534855306148529,-0.8909215331077576,2.731860399246216
1403897816167051264,neutral,1.4783039093017578,-0.06829573959112167,1.253905177116394
1403897816372682763,neutral,2.806835412979126,1.0993361473083496,-0.4698643386363983
1403897816456572931,neutral,1.6550211906433105,0.15934891998767853,0.9476357698440552
1403897816636956673,negative,0.7368882298469543,0.9457945823669434,1.272068738937378
1403897816737538048,neutral,1.3549199104309082,0.49620822072029114,0.12914258241653442
1403897817941348352,negative,0.959629237651825,-1.000465989112854,2.70628023147583
1403897818025103362,neutral,1.1787872314453125,0.70396488904953,0.49922505021095276
1403897818713001986,positive,2.5765678882598877,3.0329530239105225,-1.085594654083252
1403897819413372931,negative,0.8944422006607056,-0.7049120664596558,2.5275204181671143
1403897819769970689,negative,1.5930211544036865,-0.6340320706367493,2.0746960639953613
1403897820407648257,negative,1.0994384288787842,-1.0513397455215454,3.046410083770752
1403897820558479362,negative,1.6923632621765137,-0.43121597170829773,1.7176196575164795
1403897820604731394,neutral,2.178636312484741,-0.5951839089393616,0.4340347945690155
1403897821154009089,negative,1.3916524648666382,0.024219095706939697,1.7649662494659424
1403897821527527427,neutral,1.6484490633010864,0.26245981454849243,0.2724219262599945
1403897822819368961,negative,0.7449336647987366,0.22729697823524475,1.3791593313217163
1403897822924185602,negative,1.3570958375930786,-0.6399399638175964,1.8483127355575562
1403897823305818112,negative,1.3969212770462036,-0.9148951172828674,2.244584798812866
1403897823377051651,positive,1.6851985454559326,3.039599895477295,-0.5585665106773376
1403897823813373952,positive,1.2027649879455566,1.5845555067062378,0.0679369792342186
1403897824425676802,negative,0.5666109323501587,-0.8695406913757324,3.228283166885376
1403897824576688133,neutral,2.5502030849456787,1.2705144882202148,-0.7324720621109009
1403897824752832522,negative,1.1634629964828491,0.45802628993988037,1.4192317724227905
1403897824895508482,neutral,1.5182491540908813,0.44485169649124146,0.5474163889884949
1403897826258538503,neutral,1.6751917600631714,0.026794519275426865,1.141197919845581
1403897827139276808,negative,1.249825358390808,-1.197953701019287,3.11466646194458
1403897827378466816,negative,1.2591501474380493,-0.6108182072639465,1.8418974876403809
1403897828053864451,negative,0.7172955274581909,0.37495753169059753,1.0308746099472046
1403897829915906050,positive,2.0592246055603027,3.703709840774536,-0.8232370018959045
1403897830268452868,negative,0.7867876291275024,0.17718727886676788,1.0987311601638794
1403897830368944128,negative,1.10096275806427,-0.7646116018295288,2.274383306503296
1403897830876409858,neutral,1.4173741340637207,-0.12328799813985825,0.6148012280464172
1403897833678376960,neutral,1.3308979272842407,1.040809988975525,-0.05026397109031677
1403897833812549636,negative,1.2579777240753174,-0.8187707662582397,1.8575177192687988
1403897834370445320,neutral,2.492530107498169,0.5271377563476562,0.5595232248306274
1403897834391445504,positive,0.7901466488838196,2.4107859134674072,0.2918546795845032
1403897834919759876,neutral,2.126412868499756,-0.8504928350448608,1.3406469821929932
1403897835041423360,neutral,1.6411781311035156,0.22022506594657898,1.0521163940429688
1403897835276292097,negative,1.264915108680725,-0.37222835421562195,1.4042580127716064
1403897835322494977,negative,1.1386909484863281,-0.733609676361084,2.3901915550231934
1403897835460775937,negative,1.2581727504730225,-0.19808503985404968,1.5204962491989136
1403897835620245504,neutral,3.530146598815918,1.6300079822540283,-1.065041184425354
1403897835830091784,negative,1.3916524648666382,0.024219095706939697,1.7649662494659424
1403897836064972800,neutral,1.0845112800598145,-0.28157344460487366,0.17906615138053894
1403897837566431241,neutral,1.7794971466064453,0.29367688298225403,1.4305670261383057
1403897837994360839,negative,1.0406743288040161,0.02204000949859619,1.062070369720459
1403897839323914247,negative,0.6265775561332703,0.3446357846260071,1.8797858953475952
1403897839516717057,neutral,1.4214916229248047,0.3286350667476654,0.8487669229507446
1403897839550406660,neutral,2.1248247623443604,-0.10684322565793991,0.966576337814331
1403897839718043658,negative,1.5088287591934204,-0.7337552905082703,1.8573435544967651
1403897840183570432,negative,1.675727128982544,-1.1267355680465698,2.5844032764434814
1403897840250736646,negative,1.3328378200531006,-1.1997718811035156,3.0109009742736816
1403897840301219842,positive,0.5094007253646851,0.5583075284957886,0.5105588436126709
1403897840313585668,neutral,1.538971185684204,0.3399055600166321,0.2637501060962677
1403897840347140098,negative,1.4180810451507568,-0.9168718457221985,1.8428053855895996
1403897840389169158,neutral,2.310532331466675,0.8326905965805054,0.06115606427192688
1403897841517404166,negative,1.264915108680725,-0.3722284138202667,1.404257893562317
1403897841571930112,neutral,3.028813123703003,1.7899688482284546,-0.9103943109512329
1403897841634979843,positive,0.9809195399284363,2.536311626434326,-0.1973520964384079
1403897841844559873,negative,1.0635838508605957,-0.07082460075616837,1.7196567058563232
1403897842192764930,positive,1.0471190214157104,3.2064876556396484,-0.3513559103012085
1403897842578624513,neutral,2.306674003601074,-0.3815866708755493,0.8096887469291687
1403897844348555266,positive,1.1023305654525757,3.1254780292510986,-0.6939033269882202
1403897844549947398,negative,1.4600404500961304,-0.5520933866500854,1.6180102825164795
1403897845015531523,negative,1.086726427078247,-0.33948490023612976,2.0128977298736572
1403897845233635331,negative,1.1813074350357056,0.39784857630729675,1.3690812587738037
1403897845351133186,positive,1.5120240449905396,1.6097543239593506,0.6322555541992188
1403897845594394628,neutral,1.8891878128051758,0.5245234966278076,0.5609523057937622
1403897846143750146,neutral,2.6769566535949707,2.3944640159606934,-0.713961660861969
1403897846663950338,negative,0.5244246125221252,-0.8581275343894958,2.486267566680908
1403897846953242630,negative,1.311780571937561,-1.3488850593566895,3.847764015197754
1403897846965882890,positive,0.26681092381477356,1.0692487955093384,-0.016919894143939018
1403897847578173444,negative,0.8246364593505859,-0.49967536330223083,2.9017786979675293
1403897848664559626,neutral,2.9733846187591553,1.679634928703308,-0.9232895374298096
1403897848941350916,negative,1.4248393774032593,-1.1061762571334839,2.7667059898376465
1403897849490788354,neutral,3.640317678451538,1.5829519033432007,-0.9354138970375061
1403897849750958085,positive,2.23103666305542,3.061234712600708,-0.9548819661140442
1403897849826402307,neutral,1.8955224752426147,-0.6867144703865051,1.520538330078125
1403897850208174090,neutral,2.8217248916625977,0.02573484182357788,0.5355105400085449
1403897850518458375,neutral,1.8024758100509644,0.2318364977836609,0.7113828659057617
1403897850786877444,neutral,1.6855745315551758,0.37137290835380554,0.37932199239730835
1403897850942001152,neutral,1.6751917600631714,0.026794519275426865,1.141197919845581
1403897852045180931,neutral,2.306674003601074,-0.3815866708755493,0.8096887469291687
1403897852091244550,negative,0.5310474634170532,0.7794489860534668,1.169256329536438
1403897852900827136,neutral,2.8217248916625977,0.02573484182357788,0.5355105400085449
1403897853034991616,negative,0.7350974082946777,-0.23640531301498413,2.9779229164123535
1403897853576056832,neutral,1.2416117191314697,0.16468286514282227,0.5670780539512634
1403897853852925953,negative,0.5615783333778381,-1.5488015413284302,4.903855323791504
1403897854087794691,neutral,1.760138988494873,0.10288267582654953,0.27046117186546326
1403897854263848964,negative,0.23479875922203064,0.013091132044792175,2.0963821411132812
1403897854331031553,negative,1.080332636833191,-0.7382485270500183,2.62504243850708
1403897854725398533,negative,1.600744366645813,-1.2062619924545288,3.0223493576049805
1403897855295827973,negative,1.0883618593215942,-0.5602694749832153,1.920455813407898
1403897856029691905,positive,0.40052783489227295,1.9289392232894897,0.08931189775466919
1403897856415633409,negative,1.3916523456573486,0.024219080805778503,1.7649662494659424
1403897856755441664,negative,0.8792471885681152,-0.2442302107810974,1.6970407962799072
1403897858286178310,neutral,2.3466408252716064,1.9072693586349487,-0.6090698838233948
1403897858391113732,positive,1.685198426246643,3.039599895477295,-0.5585665702819824
1403897858412089344,neutral,2.8031668663024902,0.13846628367900848,0.32863926887512207
1403897858508558340,neutral,1.1115350723266602,0.2538411617279053,0.9949188828468323
1403897858898554881,negative,1.3931430578231812,-0.3587906062602997,1.732676386833191
1403897859133554688,negative,0.9180054664611816,-0.14781266450881958,1.9133464097976685
1403897860429475844,neutral,2.313616991043091,1.0287506580352783,-0.08998501300811768
1403897860576452608,negative,0.6897309422492981,-0.5662121772766113,2.799060821533203
1403897861339709441,neutral,2.535515069961548,1.161980152130127,-0.31575506925582886
1403897861515796482,neutral,3.530146598815918,1.6300079822540283,-1.065041184425354
1403897861880700929,neutral,1.3886268138885498,0.5243670344352722,0.6173573136329651
1403897862287552517,neutral,2.581080436706543,0.6221914887428284,0.5620218515396118
1403897862539419651,positive,0.24194464087486267,0.9218271970748901,0.6420593857765198
1403897862816079876,positive,2.2789816856384277,6.31714391708374,-2.0199759006500244
1403897862988058628,neutral,1.8524119853973389,0.049363549798727036,0.7363746762275696
1403897863520886791,neutral,1.6229698657989502,-0.45528748631477356,1.2416950464248657
1403897864166596611,negative,0.6146551370620728,0.5066016316413879,0.8498518466949463
1403897865051815936,neutral,1.990781545639038,-0.29085206985473633,0.9143689274787903
1403897865827622913,positive,1.685198426246643,3.039599895477295,-0.5585665702819824
1403897866045640705,positive,1.448988676071167,1.6204355955123901,0.09375887364149094
1403897867337711616,neutral,1.2379165887832642,-0.0013265609741210938,1.1420385837554932
1403897867413110788,negative,1.2322262525558472,-0.21864426136016846,1.895249366760254
1403897868453351431,negative,0.7838588953018188,-0.8143433928489685,2.5138864517211914
1403897868558036997,positive,1.876848816871643,3.6203341484069824,-0.9328541159629822
1403897868705013760,neutral,1.4793074131011963,-0.3880902826786041,1.3101351261138916
1403897869602627589,negative,0.6161379814147949,-1.064854621887207,3.1989569664001465
1403897869975928839,negative,1.175970435142517,-0.8146641254425049,2.147094249725342
1403897871817232385,negative,1.3637263774871826,-0.3039925694465637,1.5397182703018188
1403897872068734981,neutral,1.6855745315551758,0.37137290835380554,0.37932199239730835
1403897872106594310,negative,0.9996988773345947,-1.0869141817092896,3.484441041946411
1403897872203108352,positive,1.5921802520751953,3.7034809589385986,-0.5688900947570801
1403897872479776768,neutral,1.6133882999420166,1.5712400674819946,-0.44452446699142456
1403897872542695428,neutral,1.277468204498291,-0.48215946555137634,1.2233574390411377
1403897874019078144,negative,0.5742515325546265,0.3527596592903137,1.6928681135177612
1403897875558506501,negative,1.2728182077407837,-0.1749086081981659,1.925154447555542
1403897877173313542,positive,2.0592246055603027,3.703709840774536,-0.8232370018959045
1403897878708371463,neutral,1.4592134952545166,0.5933533310890198,0.5130789875984192
1403897878788001797,neutral,1.6855745315551758,0.37137290835380554,0.37932199239730835
1403897879161417728,neutral,3.530146598815918,1.6300078630447388,-1.0650410652160645
1403897879454830593,negative,0.899497389793396,-1.2064480781555176,3.156536340713501
1403897879668875268,negative,1.1614328622817993,-0.26955267786979675,1.2494139671325684
1403897879941500930,negative,0.3205600380897522,-0.7974948287010193,2.8355586528778076
1403897880113463301,negative,1.2143566608428955,-0.7903243899345398,1.7915912866592407
1403897880507785219,neutral,2.8217248916625977,0.02573484182357788,0.5355105400085449
1403897881195581443,neutral,1.545127511024475,0.6438796520233154,0.32067787647247314
1403897882437206017,neutral,1.9470359086990356,-0.0748770609498024,1.5451092720031738
1403897883104006149,negative,0.7870723605155945,-0.41553995013237,2.226145029067993
1403897883472982017,neutral,2.0153071880340576,0.4585033059120178,0.5769575834274292
1403897884194402305,negative,0.6562144160270691,-0.07526703923940659,1.5576775074005127
1403897884425310213,positive,0.8092226982116699,2.3626255989074707,-0.22004817426204681
1403897884840431620,negative,1.0754297971725464,-1.2473102807998657,3.1444554328918457
1403897886174330880,neutral,1.8445196151733398,0.2366166114807129,0.8432997465133667
1403897886249791490,negative,0.860041081905365,0.11986476182937622,1.371256947517395
1403897886325284866,neutral,2.3466408252716064,1.9072693586349487,-0.6090698838233948
1403897887696826370,neutral,2.4230353832244873,0.37108930945396423,0.5461028218269348
1403897889164648451,negative,1.4261314868927002,-0.40061327815055847,1.4765559434890747
1403897889416388611,neutral,1.6000279188156128,-0.29951223731040955,0.8270930051803589
1403897889819144195,negative,2.1112687587738037,-1.0838861465454102,2.2172744274139404
1403897890028797955,neutral,1.7046111822128296,0.4541759192943573,0.908132791519165
1403897890414620672,positive,1.2137778997421265,1.5583857297897339,-0.11843543499708176
1403897891148681216,neutral,1.5468770265579224,-0.25420573353767395,1.3395732641220093
1403897891782078467,negative,1.2068194150924683,-1.301155686378479,3.495544910430908
1403897892037795844,negative,1.1069566011428833,-0.48716387152671814,2.063549041748047
1403897892633407493,negative,0.6161379814147949,-1.064854621887207,3.1989569664001465
1403897893136777221,neutral,2.5502030849456787,1.2705144882202148,-0.7324720621109009
1403897893862330368,neutral,2.1832115650177,1.3436704874038696,-0.04675915092229843
1403897894432821250,neutral,1.7170559167861938,1.4037373065948486,0.23265661299228668
1403897894894247936,negative,1.0024666786193848,-0.7667894959449768,2.697707176208496
1403897895431020544,positive,1.2095422744750977,1.361607313156128,1.1644381284713745
1403897895611367432,negative,1.3982799053192139,0.09530878067016602,1.8324216604232788
1403897897947631617,negative,1.3129184246063232,-0.7249814867973328,2.5098702907562256
1403897897976942593,negative,0.677029550075531,0.20133918523788452,2.127216100692749
1403897898098741250,neutral,1.3959311246871948,1.0429705381393433,0.7488157749176025
1403897898388103171,negative,0.369828462600708,-0.2162267565727234,2.5010945796966553
1403897898438328321,neutral,1.0919853448867798,-0.0897371843457222,0.7138787508010864
1403897898983694340,negative,1.4537010192871094,-0.6984760761260986,1.649100661277771
1403897899289919491,neutral,1.1545803546905518,0.25760605931282043,0.5790906548500061
1403897899566600197,negative,0.618405282497406,-0.09577973932027817,1.9055339097976685
1403897900866981894,neutral,2.1407999992370605,1.6355727910995483,-0.1436041295528412
1403897900959141891,neutral,1.8445196151733398,0.2366166114807129,0.8432997465133667
1403897901055713281,negative,0.9609869718551636,-0.4557414948940277,2.043001651763916
1403897902607470594,neutral,1.387473702430725,0.12953321635723114,0.31839844584465027
1403897902716526593,positive,0.8003520369529724,0.8537947535514832,0.6763818264007568
1403897902833958913,neutral,1.094853162765503,0.38600149750709534,1.07648503780365
1403897903098249217,neutral,1.949392318725586,-0.11730498820543289,1.2798789739608765
1403897904180318209,neutral,1.3859585523605347,0.1547437310218811,0.5641655325889587
1403897904306155520,neutral,1.9260756969451904,-0.39457371830940247,1.0606412887573242
1403897904369123328,negative,1.2760075330734253,-0.9115495681762695,2.246389150619507
1403897904377438210,negative,1.3337152004241943,-1.0725458860397339,2.486534833908081
1403897904377569281,neutral,2.1236684322357178,0.5721118450164795,-0.06152309477329254
1403897904780103685,neutral,1.5676323175430298,-0.524814248085022,1.3224166631698608
1403897904943841280,neutral,1.6156479120254517,1.0034308433532715,0.9610843658447266
1403897905203847171,negative,0.20929060876369476,0.08154705911874771,0.8626199960708618
1403897905669238784,neutral,1.8198760747909546,0.8568340539932251,0.4308655560016632
1403897906986291200,neutral,1.4466509819030762,-0.3157863914966583,1.3145250082015991
1403897906986307592,negative,1.2327909469604492,-0.2349911332130432,1.7313977479934692
1403897907032596484,negative,0.8623946905136108,-1.3215880393981934,3.725957155227661
1403897907263131652,positive,0.852933406829834,1.2892199754714966,0.08430270850658417
1403897907363954694,negative,1.447008490562439,0.11729881167411804,1.706421136856079
1403897908823482370,neutral,1.9629874229431152,-0.028691358864307404,1.4329012632369995
1403897909490249732,neutral,1.6761282682418823,0.46985530853271484,-0.2288540154695511
1403897909540655105,negative,0.6562144160270691,-0.07526703923940659,1.5576775074005127
1403897910396338183,negative,1.0883618593215942,-0.5602694749832153,1.920455813407898
1403897910450925573,negative,1.251084566116333,-0.6692694425582886,1.7285932302474976
1403897911142875138,neutral,2.468334436416626,0.8865412473678589,0.23209501802921295
1403897911411363841,negative,1.3462823629379272,-1.2416229248046875,2.9527995586395264
1403897911616880641,positive,1.5019240379333496,1.8094213008880615,0.3881646394729614
1403897911872684032,neutral,1.288504958152771,0.4984723627567291,0.12033110857009888
1403897912023785474,negative,0.5666109323501587,-0.8695406913757324,3.228283166885376
1403897912158044166,negative,1.3588486909866333,-0.9830581545829773,2.462785005569458
1403897912438951936,negative,1.0199391841888428,-0.14572551846504211,2.0199203491210938
1403897912820654089,negative,1.0051171779632568,0.13927285373210907,1.4154553413391113
1403897912833327104,neutral,1.8955224752426147,-0.6867144703865051,1.520538330078125
1403897914359881734,negative,1.3916524648666382,0.024219095706939697,1.7649662494659424
1403897915572035585,neutral,1.4214916229248047,0.3286350667476654,0.8487669229507446
1403897917111508997,neutral,2.169989824295044,-0.8481621146202087,1.5698803663253784
1403897917434318850,neutral,1.4932676553726196,0.39470720291137695,0.6922813653945923
1403897918378053635,neutral,1.9403049945831299,-0.6860625147819519,0.9651776552200317
1403897919288360962,positive,2.0442447662353516,4.539424419403076,-1.1280425786972046
1403897919443505155,neutral,2.4568967819213867,0.9343384504318237,0.20977716147899628
1403897919493840896,neutral,1.8955223560333252,-0.6867144703865051,1.5205382108688354
1403897919527288835,neutral,4.896824359893799,1.875441551208496,-1.6843583583831787
1403897921536512000,neutral,2.094447374343872,-0.5391519665718079,0.9095006585121155
1403897921855115270,positive,1.0944527387619019,1.4596134424209595,0.28716832399368286
1403897922002079753,neutral,0.7636217474937439,0.49377569556236267,0.24299131333827972
1403897922039730177,neutral,2.178636312484741,-0.5951839089393616,0.4340347945690155
1403897922199199751,positive,0.691570520401001,2.279411792755127,-0.3304314613342285
1403897922316488704,neutral,1.4280842542648315,0.5126187801361084,0.69447922706604
1403897922882707456,negative,2.0242908000946045,-1.0199718475341797,2.1301965713500977
1403897922958336005,neutral,1.759386420249939,0.00629059225320816,0.568405270576477
1403897924820606977,positive,0.24194464087486267,0.9218271970748901,0.6420593857765198
1403897925218963459,negative,1.204150676727295,-0.10062766820192337,2.2990450859069824
1403897925713944578,positive,1.030130386352539,2.238541603088379,-0.0639042928814888
1403897925764358147,neutral,1.7738958597183228,0.8946956396102905,-0.09483107924461365
1403897925831376899,neutral,2.50645112991333,1.4469833374023438,-0.5270968675613403
1403897926670184450,neutral,1.6899428367614746,0.14439158141613007,0.9300294518470764
1403897926926151680,neutral,1.7614250183105469,0.5875686407089233,0.2585259675979614
1403897927681011713,positive,2.2271289825439453,3.158660888671875,-1.0253106355667114
1403897927802658819,neutral,1.4208025932312012,1.330410122871399,0.4568134546279907
1403897927857098757,negative,1.2987169027328491,-0.5234191417694092,1.5412319898605347
1403897928595525634,neutral,2.4711954593658447,1.1796388626098633,0.17487536370754242
1403897929027424265,positive,0.40232622623443604,0.7181715965270996,0.04213872179389
1403897929404981252,neutral,0.6603109240531921,0.45627930760383606,0.1709507554769516
1403897930512179204,neutral,1.6046996116638184,0.7250327467918396,0.4543147683143616
1403897931049013256,positive,0.852933406829834,1.2892199754714966,0.08430270850658417
1403897933464932354,positive,2.6904385089874268,2.7815659046173096,-0.7278284430503845
1403897933599100930,negative,1.267298936843872,-0.6455522775650024,2.780161142349243
1403897933662101505,positive,1.9316705465316772,2.1811795234680176,-0.5911885499954224
1403897933834199040,neutral,2.217390298843384,0.3097662925720215,0.3410781919956207
1403897934605742086,neutral,2.290041923522949,0.6116049885749817,0.23305819928646088
1403897934853279753,neutral,1.615647792816162,1.0034308433532715,0.9610843062400818
1403897935801184260,neutral,1.6245570182800293,0.7217554450035095,0.4965929388999939
1403897936212160512,neutral,2.012491464614868,-0.6899302005767822,1.4150402545928955
1403897936782708738,negative,1.7640917301177979,-0.9578062891960144,1.8154053688049316
1403897936791040000,neutral,2.468266487121582,1.74272620677948,-0.19373981654644012
1403897937038503939,neutral,1.8955224752426147,-0.6867144703865051,1.520538330078125
1403897937047044102,negative,1.1069566011428833,-0.48716387152671814,2.063549041748047
1403897938498174977,neutral,1.6855745315551758,0.37137287855148315,0.37932202219963074
1403897942109396993,neutral,1.379625916481018,-0.0766276940703392,0.7117829322814941
1403897943850160131,negative,1.139134168624878,0.4141448736190796,1.1693518161773682
1403897945020264449,negative,1.1917325258255005,-1.1372572183609009,3.457540512084961
1403897945922093059,neutral,1.8247615098953247,-0.7695721387863159,1.692380666732788
1403897946366779393,neutral,1.8621944189071655,-0.30246180295944214,0.5359640717506409
1403897946626674690,negative,0.6439995765686035,-1.2103720903396606,3.6401171684265137
1403897946655973376,negative,1.2836978435516357,-0.6923213601112366,1.9923977851867676
1403897947444576259,neutral,1.781528353691101,-0.5776885747909546,1.6669962406158447
1403897947755012099,neutral,1.1228432655334473,0.3682563006877899,0.637382447719574
1403897948019298307,negative,0.22940725088119507,0.11120942234992981,1.7848224639892578
1403897948069679112,neutral,1.4206664562225342,0.15921780467033386,0.8319705724716187
1403897948539326464,negative,1.4079325199127197,-0.008819244801998138,1.7705438137054443
1403897948841205766,neutral,1.6156479120254517,1.0034308433532715,0.9610843658447266
1403897948908441601,negative,1.2841380834579468,-0.20207703113555908,2.004875421524048
1403897949474594821,neutral,1.7175209522247314,0.801079511642456,0.16393990814685822
1403897949579628554,negative,1.089404821395874,-0.4219682514667511,2.3729491233825684
1403897952079278082,positive,2.468137741088867,3.2754781246185303,-1.136727213859558
1403897952813387779,neutral,1.6855745315551758,0.37137290835380554,0.37932199239730835
1403897952997941249,negative,1.4676976203918457,-0.9921743869781494,2.338759183883667
1403897953094275076,negative,0.7762985229492188,-0.14475414156913757,1.1904598474502563
1403897953941524485,neutral,1.6830790042877197,1.3095967769622803,0.327744722366333
1403897953987686401,neutral,1.281808853149414,0.7018120884895325,0.9306322336196899
1403897953992032263,neutral,1.8684180974960327,-0.31199756264686584,0.5911663770675659
1403897954306560001,neutral,1.6028155088424683,0.30353793501853943,0.431184321641922
1403897954478399489,negative,0.584551215171814,-1.0022088289260864,2.6487436294555664
1403897954914668550,negative,1.1634629964828491,0.45802628993988037,1.4192317724227905
1403897955912929289,neutral,1.9305275678634644,-0.4008078873157501,0.9867516756057739
1403897956281978885,negative,1.8607088327407837,-1.0888302326202393,2.2001540660858154
1403897956667858952,negative,0.9576929211616516,-1.106094479560852,3.0759193897247314
1403897957099921410,negative,1.192885398864746,-0.24039021134376526,1.4821234941482544
1403897957842231299,negative,1.066676378250122,-1.0508270263671875,2.68361759185791
1403897958161031168,neutral,1.4851945638656616,0.868373453617096,0.8622757196426392
1403897958202970119,negative,0.7002885937690735,-0.28021782636642456,2.272458553314209
1403897958748221440,neutral,1.5978000164031982,0.07402774691581726,0.7179110050201416
1403897959079714817,neutral,1.5985980033874512,-0.702538788318634,1.2886408567428589
1403897959088111619,neutral,2.623002529144287,-0.6533201932907104,1.1874574422836304
1403897960501440514,negative,1.3134132623672485,-0.5762357115745544,1.6616077423095703
1403897960551702532,neutral,1.6751917600631714,0.026794519275426865,1.141197919845581
1403897960635809794,negative,0.8323348760604858,0.086981400847435,1.2959829568862915
1403897962628009984,neutral,2.2599310874938965,0.5522581338882446,0.17378678917884827
1403897963894558723,negative,0.9458791017532349,0.7448334097862244,1.3290488719940186
1403897964154720257,neutral,1.9308133125305176,-0.6202343106269836,1.254176378250122
1403897964372774916,neutral,2.077286720275879,2.0228757858276367,-0.5559775829315186
1403897965735972864,negative,0.8098611235618591,-0.66353440284729,2.1218059062957764
1403897966012747776,neutral,2.1374387741088867,-0.3386671543121338,1.074953556060791
1403897966465732613,negative,1.3328378200531006,-1.1997718811035156,3.0109009742736816
1403897966834774018,neutral,1.3632631301879883,0.2031344324350357,0.9111118912696838
1403897966897807363,neutral,2.234332799911499,0.5764690637588501,-0.08703843504190445
1403897968051245060,neutral,2.9883813858032227,2.0422863960266113,-0.3373585045337677
1403897968613265411,neutral,1.8955224752426147,-0.6867144703865051,1.520538330078125
1403897969464602631,positive,1.9606868028640747,2.8405985832214355,-0.9171942472457886
1403897969473167363,negative,1.369913935661316,0.31490835547447205,1.4818246364593506
1403897969556951045,neutral,1.6855745315551758,0.37137290835380554,0.37932199239730835
1403897970416926720,neutral,1.6855745315551758,0.37137293815612793,0.37932199239730835
1403897970488086533,neutral,1.5796878337860107,0.1934688836336136,0.9516322612762451
1403897971112955909,negative,1.3764355182647705,-0.29732927680015564,1.9749994277954102
1403897971435917321,neutral,1.8955224752426147,-0.6867144703865051,1.520538330078125
1403897971771514884,negative,1.3769316673278809,-0.8579714894294739,1.9705160856246948
1403897972245602308,neutral,1.379625916481018,-0.0766276940703392,0.7117829322814941
1403897973021495298,neutral,2.2906553745269775,1.4745962619781494,-0.30628132820129395
1403897973738639362,negative,1.2459187507629395,-0.5030747652053833,2.087157726287842
1403897973763809285,neutral,2.367236614227295,0.2784402370452881,0.13279224932193756
1403897974007107584,neutral,2.2400598526000977,0.587857723236084,0.355349063873291
1403897975248723970,negative,1.3451555967330933,-0.3912535607814789,1.9720550775527954
1403897975378747397,neutral,2.3909127712249756,2.0096583366394043,-0.41156014800071716
1403897976192389122,neutral,1.9200304746627808,0.001094125211238861,1.3634591102600098
1403897976578351111,positive,0.43804532289505005,1.7904607057571411,0.18414658308029175
1403897976955686916,neutral,1.8957024812698364,0.49880141019821167,0.2651660442352295
1403897977010364421,positive,1.5662975311279297,2.579857349395752,-0.33808207511901855
1403897978675503104,neutral,1.4676926136016846,0.90329509973526,0.0005686786025762558
1403897978683789313,negative,1.8796628713607788,-1.2910995483398438,2.9545047283172607
1403897979325534209,negative,1.4079326391220093,-0.008819356560707092,1.7705436944961548
1403897979350753282,neutral,1.6433918476104736,1.602453589439392,0.20917142927646637
1403897979384303616,neutral,2.0349812507629395,-0.3076242208480835,1.4594924449920654
1403897979598106624,neutral,1.5491018295288086,-0.729622483253479,1.4869049787521362
1403897980210630658,neutral,1.8167301416397095,-0.7457255125045776,1.4744459390640259
1403897980621557771,neutral,1.8696669340133667,-0.16065853834152222,1.1359457969665527
1403897980718141441,positive,1.4490872621536255,1.7546292543411255,0.23195780813694
1403897980814446595,neutral,1.3235279321670532,-0.11633571237325668,0.7251520752906799
1403897982601220097,negative,0.7818491458892822,0.7038223147392273,1.3558075428009033
1403897982794158081,negative,1.1587882041931152,-0.18015480041503906,1.6661453247070312
1403897983456976904,neutral,1.8891878128051758,0.5245234966278076,0.5609523057937622
1403897983695933440,neutral,1.8709139823913574,0.7854756712913513,0.30547598004341125
1403897984320933891,neutral,2.0882136821746826,1.2695955038070679,-0.05472145229578018
1403897984996184068,neutral,1.9308781623840332,1.2868424654006958,0.20779593288898468
1403897985533157377,positive,1.6961559057235718,4.842262268066406,-1.1830278635025024
1403897985797398536,neutral,1.836551547050476,0.10683607310056686,0.72967529296875
1403897985944203264,neutral,2.0617117881774902,-0.45659181475639343,0.29573655128479004
1403897985965215746,negative,1.0815117359161377,-1.051242709159851,2.4338202476501465
1403897986938068995,negative,0.43318215012550354,0.042488791048526764,1.7608293294906616
1403897988213358594,neutral,1.7551366090774536,-0.01899404078722,0.6262705326080322
1403897988238376960,neutral,3.640317678451538,1.5829519033432007,-0.9354138970375061
1403897988557180932,negative,0.6396840214729309,0.3922874629497528,1.7055160999298096
1403897991384080388,negative,1.5226216316223145,-1.3910579681396484,3.5547034740448
1403897991631679495,neutral,1.6855745315551758,0.37137284874916077,0.37932202219963074
1403897991665229824,neutral,1.5238276720046997,-0.2893933057785034,0.9163622260093689
1403897991925272577,neutral,1.5978000164031982,0.07402774691581726,0.7179110050201416
1403897994798256131,negative,0.9644001722335815,-0.4598137438297272,1.456041693687439
1403897995695820810,neutral,2.4346344470977783,-0.47431209683418274,0.8849428296089172
1403897995704377344,neutral,2.549631118774414,0.5168194770812988,0.10533695667982101
1403897995838509056,negative,1.323105812072754,-1.223022699356079,2.717541217803955
1403897996652081155,neutral,2.1832115650177,1.3436704874038696,-0.046759143471717834
1403897996832657408,neutral,1.759387493133545,1.0605292320251465,0.3104463815689087
1403897997709045760,negative,1.3916524648666382,0.024219095706939697,1.7649662494659424
1403897997759496193,negative,1.523837685585022,-1.167345643043518,2.785290241241455
1403897998757666818,negative,1.0806832313537598,-1.5246057510375977,4.273207664489746
1403897998891945989,negative,1.3916524648666382,0.024219095706939697,1.7649662494659424
1403897999030308869,neutral,1.5335133075714111,0.7783535718917847,0.46302616596221924
1403897999885930498,neutral,1.6441446542739868,-0.5100816488265991,1.4364488124847412
1403898000187949057,neutral,2.6294031143188477,0.07095634192228317,0.41186007857322693
1403898000401960965,negative,0.8398094177246094,-0.8004325032234192,2.4884142875671387
1403898000699650048,neutral,1.8829596042633057,0.595288872718811,0.15143276751041412
1403898001328910338,negative,0.8431875705718994,-1.2359800338745117,3.356494665145874
1403898001462947845,negative,0.9353013634681702,-0.464642733335495,2.232909679412842
1403898004680105987,negative,1.191004753112793,0.098624587059021,1.2045561075210571
1403898004759670786,negative,1.3248423337936401,0.16100823879241943,1.4625684022903442
1403898005191811072,negative,0.9892977476119995,-1.1301133632659912,2.833646297454834
1403898005779103748,negative,0.5323816537857056,0.43439576029777527,1.1319797039031982
1403898005799985152,positive,0.6468320488929749,1.9052857160568237,-0.0582922101020813
1403898006311784456,negative,0.3050388991832733,0.0713626891374588,2.8018815517425537
1403898006349484035,neutral,1.2694894075393677,0.7272716760635376,0.8764896988868713
1403898008052379648,neutral,2.1617162227630615,-1.065799593925476,2.0157406330108643
1403898008270368775,neutral,3.2794864177703857,1.6820709705352783,-0.4216398596763611
1403898008429764617,neutral,2.2630417346954346,0.48020094633102417,0.13365764915943146
1403898008496840707,neutral,1.8094278573989868,0.38646480441093445,0.7682788372039795
1403898008534671365,neutral,2.1204416751861572,1.5933222770690918,-0.0766640454530716
1403898009012813825,neutral,1.7369835376739502,-0.5208842158317566,1.676192283630371
1403898010153652231,neutral,1.1322810649871826,0.23988860845565796,0.566332221031189
1403898011193806849,negative,1.3328378200531006,-1.1997718811035156,3.0109009742736816
1403898011403554819,positive,0.6941558122634888,1.4171512126922607,0.31965723633766174
1403898011508379658,neutral,1.789397954940796,1.1193159818649292,0.4857976734638214
1403898011873390594,neutral,1.288504958152771,0.4984723627567291,0.12033110857009888
1403898012095614978,neutral,1.5141969919204712,0.2817904055118561,0.3179713189601898
1403898012255010820,negative,1.274924397468567,0.37267976999282837,1.2878533601760864
1403898012917587974,neutral,1.3936065435409546,-0.22541728615760803,1.006762981414795
1403898013655834625,negative,0.7868956923484802,-0.5991658568382263,3.3825178146362305
1403898013811105795,neutral,1.6922333240509033,0.13555505871772766,1.014331579208374
1403898014574338048,neutral,1.8709139823913574,0.7854757905006409,0.30547598004341125
1403898015077650434,neutral,1.4867881536483765,1.2452102899551392,0.20337337255477905
1403898015442739203,negative,0.341239869594574,-0.8214519619941711,2.771458387374878
1403898015782379520,neutral,2.879462957382202,0.9333570599555969,-0.060874924063682556
1403898016034078727,neutral,2.4982404708862305,0.6982744336128235,0.16770534217357635
1403898016407375872,neutral,1.6000279188156128,-0.29951223731040955,0.8270930051803589
1403898016558325761,negative,1.2766809463500977,-0.6316001415252686,1.7445170879364014
1403898017002840068,neutral,1.7909917831420898,0.29159289598464966,0.827503502368927
1403898017338380288,positive,1.5127031803131104,1.8778126239776611,0.09631064534187317
1403898017367928832,neutral,1.6062432527542114,0.007844388484954834,0.501724362373352
1403898017560813569,negative,1.13535475730896,-0.2905583679676056,1.2604365348815918
1403898018395570178,neutral,2.3061580657958984,0.5227155089378357,0.32168152928352356
1403898018579947524,negative,1.3783894777297974,0.08099629729986191,1.7644766569137573
1403898018777112577,neutral,2.077286720275879,2.0228757858276367,-0.5559775829315186
1403898020018606084,neutral,3.530146598815918,1.6300078630447388,-1.0650410652160645
1403898020148690950,neutral,1.6156479120254517,1.0034308433532715,0.9610843658447266
1403898020651945984,neutral,2.4644083976745605,0.3197016716003418,0.22768078744411469
1403898021797003264,neutral,1.8955224752426147,-0.6867144703865051,1.520538330078125
1403898021973139463,negative,1.1063551902770996,0.20257338881492615,1.1371548175811768
1403898022702903303,negative,0.7827569246292114,0.7413962483406067,1.1382062435150146
1403898022749110275,neutral,2.389055013656616,2.0413880348205566,-0.2752361297607422
1403898022749261824,negative,1.1634880304336548,-0.351561963558197,1.4311468601226807
1403898023265046538,neutral,1.8298571109771729,1.503256916999817,0.058858685195446014
1403898024271790080,neutral,1.8029935359954834,-0.5606581568717957,1.6922721862792969
1403898025068613636,negative,1.838881015777588,-1.0376381874084473,2.119652509689331
1403898025072803843,negative,0.950634777545929,-0.22089621424674988,2.1279261112213135
1403898025726992385,positive,0.5324015021324158,2.9434492588043213,-0.4684557616710663
1403898026264084482,negative,1.110944390296936,-0.9731549620628357,2.675137758255005
1403898026758868995,negative,0.8426217436790466,-0.6244792938232422,1.6952248811721802
1403898026884669442,neutral,1.2210079431533813,0.7637956142425537,0.6404135823249817
1403898026922582017,negative,0.26851433515548706,-0.8042128682136536,2.7069497108459473
1403898027278884865,neutral,3.530146598815918,1.6300078630447388,-1.0650410652160645
1403898027442540544,negative,0.5320141911506653,-0.7751873731613159,3.4767725467681885
1403898027501359108,negative,1.3734569549560547,-0.1959972083568573,1.8627572059631348
1403898027778220033,negative,1.0883618593215942,-0.5602694749832153,1.920455813407898
1403898027845300229,negative,1.7538214921951294,-0.7471761703491211,1.915887713432312
1403898028705021952,positive,1.808807134628296,1.9297055006027222,-0.37388622760772705
1403898028705124353,neutral,1.8891878128051758,0.5245234966278076,0.5609523057937622
1403898028826632194,negative,0.5046145915985107,0.4857564866542816,1.1459137201309204
1403898029053124612,positive,2.0602383613586426,2.4514336585998535,-0.2702222168445587
1403898029443207168,negative,1.9585483074188232,-1.0081884860992432,2.0708603858947754
1403898029640388608,neutral,1.8955224752426147,-0.6867144703865051,1.520538330078125
1403898030185533441,neutral,1.4761940240859985,0.8391016125679016,0.11915978044271469
1403898031213223940,neutral,1.5677438974380493,-0.07203959673643112,1.5355212688446045
1403898031305465859,neutral,1.7974817752838135,-0.4848651587963104,1.3566384315490723
1403898031305486338,neutral,2.028380870819092,0.6930345296859741,0.0920945554971695
1403898032303661059,negative,1.1453747749328613,0.3837158977985382,1.3632245063781738
1403898032329003016,negative,0.9111318588256836,-1.0318018198013306,2.793137311935425
1403898032899321863,positive,1.0944527387619019,1.4596134424209595,0.28716832399368286
1403898032916140032,negative,0.8278607726097107,-0.34455588459968567,1.5922406911849976
1403898034304421892,negative,0.9542432427406311,-0.0708458349108696,1.1483052968978882
1403898034610753536,negative,1.501968502998352,-0.769329309463501,1.718241810798645
1403898035168501767,neutral,1.4389630556106567,-0.275185227394104,0.07334744930267334
1403898035252379650,neutral,1.6156479120254517,1.0034308433532715,0.9610843658447266
1403898036007305220,negative,0.8136715292930603,0.35304850339889526,0.9705992341041565
1403898036032479233,neutral,1.5192680358886719,0.05893082916736603,0.4952903985977173
1403898036065947653,positive,1.334754467010498,1.6714845895767212,0.26079434156417847
1403898036305096706,negative,1.4667538404464722,-0.44954654574394226,1.6676981449127197
1403898037395591172,neutral,1.3250292539596558,-0.10391921550035477,1.1171207427978516
1403898037836070914,negative,1.247273564338684,-0.9339914917945862,2.181241273880005
1403898037865529346,neutral,2.1617162227630615,-1.065799593925476,2.0157406330108643
1403898038196883459,negative,1.3916524648666382,0.024219095706939697,1.7649662494659424
1403898040008597509,neutral,1.4508792161941528,-0.6501826047897339,1.3938122987747192
1403898042156081153,neutral,2.212160348892212,-0.03133852779865265,0.8980836272239685
1403898042256822273,negative,1.5107561349868774,-0.977287232875824,1.9463260173797607
1403898042269376512,negative,1.4607582092285156,-0.7840479612350464,1.6847440004348755
1403898042885959688,neutral,1.7114241123199463,0.2853153645992279,1.5801481008529663
1403898046300164104,neutral,1.7799811363220215,-0.0025041326880455017,0.3206288516521454
1403898046824472577,neutral,1.6855745315551758,0.37137290835380554,0.37932199239730835
1403898047034179587,neutral,1.2346336841583252,0.1650381088256836,0.4353342354297638
1403898047042514954,neutral,1.4060643911361694,-0.17167702317237854,1.1422349214553833
1403898047059226624,negative,1.675727128982544,-1.1267355680465698,2.5844032764434814
1403898048372162568,neutral,1.5978000164031982,0.07402769476175308,0.7179110646247864
1403898048938319873,negative,1.042851209640503,-0.8283557295799255,2.627335786819458
1403898049445830660,neutral,2.991743564605713,1.3736613988876343,-0.24487482011318207
1403898050104365059,neutral,2.1058127880096436,1.0289041996002197,0.5063093900680542
1403898050603483137,negative,1.3427379131317139,-0.06848257035017014,1.4054046869277954
1403898051593478145,negative,0.882317066192627,-0.9367186427116394,2.7746143341064453
1403898051652030467,neutral,1.3239942789077759,-0.12436342984437943,1.069777011871338
1403898051828207622,negative,0.8610117435455322,0.03850831836462021,1.8271986246109009
1403898051966783489,negative,1.2667112350463867,-0.26224103569984436,1.7691844701766968
1403898053736550405,negative,0.3212082087993622,-0.3310271203517914,0.9717798233032227
1403898053925302272,neutral,1.6751917600631714,0.026794519275426865,1.141197919845581
1403898054315417605,neutral,1.2922351360321045,0.644589364528656,0.7937878966331482
1403898055699537923,negative,1.7077741622924805,-0.6051991581916809,1.868455410003662
1403898056605540355,negative,0.4759347438812256,0.3723464906215668,2.1609950065612793
1403898056660168707,neutral,1.995018482208252,-0.4755193889141083,0.6848984956741333
1403898056681005056,positive,2.110564708709717,2.926542043685913,-0.34841594099998474
1403898056903380999,positive,0.922336220741272,1.227072834968567,0.6745433211326599
1403898057624674306,neutral,1.534060001373291,0.7731497287750244,0.4661225974559784
1403898058186842113,neutral,1.5426079034805298,0.5317460298538208,0.2307034134864807
1403898058442784768,negative,1.1661773920059204,-0.3541848957538605,1.2371323108673096
1403898058497089536,neutral,1.3274410963058472,0.43205103278160095,0.9519915580749512
1403898058727907336,negative,0.5207345485687256,-0.2100394070148468,2.327035665512085
1403898059000582145,positive,2.096085548400879,2.316178798675537,-0.07375779747962952
1403898059830927367,negative,1.4299309253692627,-0.8869473934173584,1.7627919912338257
1403898060069957632,negative,1.421921730041504,-0.9823320508003235,2.2466657161712646
1403898061043257354,neutral,1.9451652765274048,0.2055911421775818,0.563067615032196
1403898061114339333,negative,0.7838588953018188,-0.8143433332443237,2.5138862133026123
1403898061210849285,negative,1.1092760562896729,0.49696409702301025,1.3714520931243896
1403898061710102528,negative,1.4520832300186157,-0.925300657749176,1.877152681350708
1403898062091657225,positive,1.685198426246643,3.039599895477295,-0.5585665702819824
1403898062100041729,negative,0.985872209072113,-0.8822240829467773,1.9715496301651
1403898062183886853,negative,1.6604722738265991,-1.1975284814834595,2.5602731704711914
1403898062431428610,negative,0.9711898565292358,0.45672208070755005,1.2628790140151978
1403898062884552704,neutral,1.4943268299102783,-0.06687147170305252,1.119331955909729
1403898063106809861,negative,1.262342095375061,-1.2370593547821045,2.973182201385498
1403898063157022732,neutral,2.0759294033050537,0.7074406743049622,0.06276194751262665
1403898063589158920,negative,0.9110121726989746,-0.7792471647262573,2.0374231338500977
1403898063937327106,negative,1.1674058437347412,-0.4271363317966461,1.315324306488037
1403898065245786115,neutral,1.9403049945831299,-0.6860625743865967,0.9651775360107422
1403898065581330433,negative,0.5014696717262268,-0.2702246606349945,1.964997410774231
1403898066101575681,positive,1.1401104927062988,2.265084981918335,0.06469017267227173
1403898066483122178,positive,1.632827877998352,1.9823325872421265,-0.5401960015296936
1403898066588012544,neutral,1.6522802114486694,0.955243706703186,0.4603118300437927
1403898067091349508,positive,0.24552825093269348,1.1548835039138794,1.1531192064285278
1403898067267440643,negative,1.3783894777297974,0.08099629729986191,1.7644766569137573
1403898067959619585,neutral,2.8217248916625977,0.02573484182357788,0.5355105400085449
1403898068336975874,neutral,1.6984165906906128,-0.38397008180618286,1.1807929277420044
1403898068378947596,negative,1.3916524648666382,0.024219095706939697,1.7649662494659424
1403898068391501833,positive,2.468137741088867,3.2754781246185303,-1.136727213859558
1403898068714635267,negative,1.1069566011428833,-0.48716381192207336,2.0635488033294678
1403898069159088130,neutral,1.35429847240448,1.1343133449554443,0.7172417640686035
1403898069306036227,negative,1.3462823629379272,-1.2416229248046875,2.9527995586395264
1403898069310054402,negative,1.192212700843811,-0.11355961114168167,1.3981374502182007
1403898070035615749,neutral,1.500229835510254,0.5745751857757568,0.5056968331336975
1403898072711798785,negative,1.3916523456573486,0.024219036102294922,1.7649662494659424
1403898073630134279,negative,0.528902530670166,0.2504887580871582,1.0878467559814453
1403898074364325896,positive,0.06607191264629364,0.9756106734275818,0.23013676702976227
1403898075094134791,negative,1.1896026134490967,-0.6479783058166504,2.252861976623535
1403898075123433476,negative,0.6439995765686035,-1.210371971130371,3.6401171684265137
1403898075156996098,negative,1.0828909873962402,0.030500810593366623,1.474496841430664
1403898075622436864,neutral,1.6855745315551758,0.37137290835380554,0.37932199239730835
1403898075756781569,neutral,1.5314788818359375,-0.6625744104385376,1.08297860622406
1403898076054667264,negative,1.5637716054916382,-0.8004036545753479,1.951215386390686
1403898076503420928,neutral,1.9274388551712036,-0.1654486060142517,0.9127357602119446
1403898077149282309,negative,1.2827833890914917,-0.6761818528175354,1.3995180130004883
1403898077963030532,positive,2.132826328277588,2.3615260124206543,-0.629992663860321
1403898078307012609,neutral,1.7761149406433105,-0.3772781789302826,1.7358709573745728
1403898080257249282,negative,1.136335015296936,-0.3102230429649353,1.5174020528793335
1403898080659914755,neutral,1.8955224752426147,-0.6867144703865051,1.520538330078125
1403898080760639492,neutral,2.543001890182495,1.0240801572799683,-0.1615423858165741
1403898080911663108,neutral,1.5381245613098145,-0.029750384390354156,1.2805452346801758
1403898081016352770,neutral,1.9308781623840332,1.2868424654006958,0.20779593288898468
1403898081284743172,negative,1.3328378200531006,-1.1997718811035156,3.0109009742736816
1403898081637244931,negative,1.4211995601654053,-0.6262911558151245,1.7220590114593506
1403898081725149184,positive,1.9316705465316772,2.1811797618865967,-0.5911884903907776
1403898082161483777,negative,0.960355818271637,-1.1659070253372192,3.066765308380127
1403898082815741952,negative,1.2478110790252686,-0.5369184017181396,1.9619354009628296
1403898083545583616,negative,0.7891896963119507,0.059101007878780365,1.6649755239486694
1403898083616903168,neutral,1.8079103231430054,-0.09761557728052139,0.9579195976257324
1403898084245921792,negative,1.2775921821594238,-1.2655221223831177,3.1648917198181152
1403898084728266757,neutral,3.530146598815918,1.6300077438354492,-1.0650410652160645
1403898085043060738,neutral,2.1596930027008057,0.4492231011390686,0.6140801310539246
1403898085084831752,negative,1.4070523977279663,-0.9250664114952087,1.9019062519073486
1403898085319667714,neutral,2.826916217803955,0.8289393782615662,0.08943124115467072
1403898085386850306,neutral,1.676804542541504,-0.11440380662679672,0.6843908429145813
1403898085974036480,neutral,2.4446401596069336,1.1464085578918457,-0.5169535875320435
1403898086737383425,neutral,1.203190565109253,0.8620755672454834,0.40480753779411316
1403898086854905858,negative,1.4180810451507568,-0.9168718457221985,1.8428053855895996
1403898086871769089,positive,2.738872528076172,3.1678640842437744,-1.162929892539978
1403898087534333962,positive,1.9316705465316772,2.1811797618865967,-0.5911884903907776
1403898087681241093,negative,1.600744366645813,-1.2062618732452393,3.0223493576049805
1403898087781896193,neutral,1.379625916481018,-0.0766276940703392,0.7117829322814941
1403898088062816259,positive,1.160098910331726,3.1194803714752197,-0.6356576681137085
1403898088293556226,negative,1.251084566116333,-0.6692694425582886,1.7285932302474976
1403898089870606342,neutral,1.831954836845398,-0.5667164921760559,1.035752296447754
1403898089874808832,negative,1.2088735103607178,-0.263323575258255,2.381920099258423
1403898090021560322,negative,1.3576816320419312,-0.5800662636756897,2.059246063232422
1403898090378104834,negative,0.7838588953018188,-0.8143433928489685,2.5138864517211914
1403898090462064643,negative,1.0883618593215942,-0.5602694749832153,1.920455813407898
1403898090503946241,negative,1.07478928565979,-0.448900431394577,1.865856409072876
1403898090831089667,positive,0.30689501762390137,1.820822834968567,0.652048647403717
1403898090843672578,neutral,2.2363901138305664,0.07118632644414902,0.17458494007587433
1403898090860523521,positive,0.5520190596580505,1.6965148448944092,0.6619533896446228
1403898090973761536,positive,0.7247428894042969,2.302732229232788,0.1684853881597519
1403898091443351553,negative,1.1897567510604858,-1.0146862268447876,2.6273934841156006
1403898091468517382,negative,0.6988013386726379,-0.31005656719207764,1.8511964082717896
1403898092265607170,negative,0.8508546352386475,-0.45900413393974304,1.6751306056976318
1403898092651520002,neutral,2.077286720275879,2.0228757858276367,-0.5559775829315186
1403898092781506568,negative,1.3378167152404785,-0.8299625515937805,2.1379566192626953
1403898092831739906,negative,0.972680389881134,0.27442702651023865,1.3606159687042236
1403898093293219843,negative,1.600744366645813,-1.2062618732452393,3.0223493576049805
1403898094543159297,neutral,1.051643967628479,0.3862079083919525,0.7429536581039429
1403898095855751169,neutral,1.9634820222854614,-0.49971213936805725,1.069334626197815
1403898095935569921,neutral,2.1028084754943848,0.3758236765861511,0.458007276058197
1403898096548028420,neutral,1.1335572004318237,0.6334571838378906,0.3582373559474945
1403898096623362049,negative,1.2125822305679321,0.2746158242225647,1.4506328105926514
1403898097042964480,negative,0.7743291258811951,-0.043958522379398346,2.1969385147094727
1403898097105842179,negative,1.5737718343734741,-0.5357781648635864,1.869209885597229
1403898098896687108,neutral,2.5507001876831055,-0.4420001208782196,-0.13606205582618713
1403898098921861121,neutral,1.4912580251693726,0.29441913962364197,0.9438562989234924
1403898099341344771,negative,1.3916524648666382,0.024219095706939697,1.7649662494659424
1403898099706351616,negative,1.204714059829712,-1.50989830493927,4.114147186279297
1403898100016717825,neutral,1.3814294338226318,0.37323978543281555,0.3106957674026489
1403898100721258497,neutral,1.5978000164031982,0.07402774691581726,0.7179110050201416
1403898101551751175,negative,1.3916524648666382,0.024219095706939697,1.7649662494659424
1403898101941760005,negative,1.5868433713912964,-0.8669216632843018,2.1414196491241455
1403898105024634882,negative,0.8834718465805054,-0.940309464931488,2.9271159172058105
1403898105401991170,positive,1.838558554649353,3.751629114151001,-0.9195119738578796
1403898105938993152,negative,0.8323348760604858,0.086981400847435,1.2959829568862915
1403898106391842818,neutral,2.306674003601074,-0.3815866708755493,0.8096887469291687
1403898106521939973,negative,1.0627849102020264,-0.004294149577617645,1.7522209882736206
1403898107168014340,neutral,1.6855745315551758,0.37137290835380554,0.37932199239730835
1403898107969130497,neutral,1.8709139823913574,0.7854757905006409,0.30547598004341125
1403898108149436418,negative,0.9697035551071167,0.397244393825531,1.43635892868042
1403898108275159043,neutral,1.7726937532424927,1.2673581838607788,-0.05632076412439346
1403898108753367041,negative,1.1634629964828491,0.45802628993988037,1.4192317724227905
1403898109818769410,negative,0.35060447454452515,-0.6820536851882935,1.9247273206710815
1403898109906800648,neutral,2.6450493335723877,-0.40479326248168945,1.0429226160049438
1403898110070300675,neutral,1.5978000164031982,0.07402774691581726,0.7179110050201416
1403898110087213056,neutral,1.933808445930481,0.16376370191574097,0.5514156222343445
1403898110368223236,neutral,1.2803518772125244,0.08652565628290176,0.6716127395629883
1403898111165038595,neutral,1.6751917600631714,0.026794519275426865,1.141197919845581
1403898111316140032,neutral,2.5507001876831055,-0.4420001208782196,-0.13606205582618713
1403898111546716161,negative,0.45649638772010803,-0.8170604109764099,3.7533464431762695
1403898112276459529,negative,1.0098240375518799,-0.6446515917778015,2.4010698795318604
1403898112297508865,negative,1.2219154834747314,-0.8854591250419617,2.5578553676605225
1403898112637296641,negative,1.0815404653549194,-0.34483155608177185,1.3768945932388306
1403898113127899137,negative,1.5904595851898193,-0.7347815036773682,2.1571733951568604
1403898113354575875,neutral,1.6816773414611816,-0.5193005204200745,0.9783760905265808
1403898113467699208,neutral,2.096388578414917,1.2704330682754517,-0.031242674216628075
1403898113904029704,positive,0.8944960236549377,0.9877097010612488,-0.33115771412849426
1403898116374470656,negative,0.3963114619255066,0.7046033143997192,1.1395550966262817
1403898117439639556,negative,1.3916524648666382,0.02421899139881134,1.764966368675232
1403898117704011779,negative,0.36104056239128113,0.03435631841421127,1.4981578588485718
1403898117821374467,neutral,1.6550211906433105,0.15934891998767853,0.9476357698440552
1403898118064672774,negative,1.0815404653549194,-0.34483155608177185,1.3768945932388306
1403898118458941443,neutral,2.2688674926757812,1.0658442974090576,-0.371241956949234
1403898118463180802,negative,0.2942410707473755,-0.15251460671424866,2.01239013671875
1403898118773616640,neutral,0.8881592154502869,0.7728973031044006,-0.19302725791931152
1403898118870011910,negative,0.6868717074394226,-0.8246358036994934,3.1787211894989014
1403898119423729664,neutral,1.5302218198776245,1.324830412864685,0.0737103745341301
1403898119423774727,negative,1.3484359979629517,-0.29940247535705566,1.7680084705352783
1403898119549427718,negative,1.1453747749328613,0.3837158977985382,1.3632245063781738
1403898120006680578,negative,1.601214051246643,-0.9642503261566162,1.9517543315887451
1403898120111599621,negative,0.45649638772010803,-0.8170602321624756,3.7533457279205322
1403898120405078016,neutral,3.530146598815918,1.6300078630447388,-1.065041184425354
1403898120413618184,negative,0.6439621448516846,0.24712130427360535,1.3816291093826294
1403898120468115464,negative,0.5821506381034851,0.7219762206077576,1.0456448793411255
1403898120526835714,neutral,1.2978030443191528,-0.04657591134309769,0.9953606724739075
1403898121415921669,negative,1.3783894777297974,0.08099629729986191,1.7644766569137573
1403898121478754308,positive,1.80929434299469,3.310763359069824,-0.986860990524292
1403898121613201415,neutral,1.5978000164031982,0.07402774691581726,0.7179110050201416
1403898122229583873,negative,1.0805706977844238,-1.3534114360809326,3.7371153831481934
1403898122699411456,neutral,1.6441446542739868,-0.5100816488265991,1.4364488124847412
1403898122741305349,negative,1.5193134546279907,-1.064759373664856,1.9899007081985474
1403898124104396801,negative,1.1430937051773071,-0.2120867371559143,1.25935697555542
1403898124146511872,negative,1.4230386018753052,-0.6210138201713562,1.7072842121124268
1403898124460953610,positive,1.7465802431106567,3.7106921672821045,-1.1879507303237915
1403898124637073411,negative,1.215798020362854,-1.1671397686004639,2.887923240661621
1403898125866045440,negative,1.1453747749328613,0.3837158977985382,1.3632245063781738
1403898126151258115,neutral,1.52899968624115,0.4505651593208313,0.8436334133148193
1403898126558109698,neutral,2.5278592109680176,1.741790533065796,-0.9924147129058838
1403898127694839809,negative,1.1634629964828491,0.45802628993988037,1.4192317724227905
1403898127963156481,neutral,2.2925117015838623,1.2028154134750366,0.053772229701280594
1403898128109957123,negative,1.397279143333435,-1.09404718875885,2.6723082065582275
1403898129246687238,neutral,2.0685765743255615,0.6284902691841125,-0.04724092036485672
1403898129636859909,neutral,1.8769261837005615,-0.47338953614234924,1.260733962059021
1403898129858977792,neutral,1.374516248703003,-0.18713641166687012,1.2033275365829468
1403898130098237441,neutral,1.9183470010757446,1.3318161964416504,-0.6578646302223206
1403898130253246468,negative,0.8396764993667603,-0.6743627190589905,2.668274164199829
1403898130513289219,negative,1.3916524648666382,0.024219095706939697,1.7649662494659424
1403898131532685312,neutral,1.8891878128051758,0.5245234966278076,0.5609523057937622
1403898131599835136,neutral,1.7659845352172852,-0.44653013348579407,1.4973394870758057
1403898133562593282,positive,0.6338052153587341,0.8987287878990173,0.7252985239028931
1403898133965250561,neutral,1.2771656513214111,-0.5033141374588013,0.8588552474975586
1403898134292402177,negative,1.397068738937378,-0.8784275054931641,1.8839560747146606
1403898135232061440,negative,1.2322144508361816,-1.000233769416809,2.143556833267212
1403898135877926912,neutral,1.6632797718048096,0.34975484013557434,0.6376638412475586
1403898136461033477,neutral,1.7043431997299194,0.23843282461166382,0.1986088901758194
1403898136825786369,neutral,2.8269166946411133,0.8289393782615662,0.08943133056163788
1403898136968404992,neutral,1.8807919025421143,1.08475661277771,0.09843751788139343
1403898136985223177,negative,1.7145090103149414,-1.036752462387085,2.4747626781463623
1403898137312436224,neutral,2.115506649017334,0.5576372742652893,0.06925206631422043
1403898137316573189,positive,1.7633047103881836,5.5007171630859375,-1.3100883960723877
1403898137329029121,positive,0.6864395141601562,4.273903846740723,-0.23563306033611298
1403898138100969477,negative,0.04838397726416588,-0.15950104594230652,1.016564130783081
1403898138104983554,negative,1.3916524648666382,0.024219095706939697,1.7649662494659424
1403898139082297348,negative,1.3882275819778442,-1.1701583862304688,2.5310142040252686
1403898139195576330,negative,1.3134132623672485,-0.5762357115745544,1.6616077423095703
1403898140093210628,neutral,2.306674003601074,-0.3815866708755493,0.8096887469291687
1403898140437143560,negative,0.18644827604293823,-0.37550580501556396,2.4209957122802734
1403898140726419458,neutral,1.6751917600631714,0.026794519275426865,1.141197919845581
1403898140839788546,negative,0.6128414869308472,-0.0455169752240181,0.928936243057251
1403898140869246976,neutral,1.5978000164031982,0.07402774691581726,0.7179110050201416
1403898141011853314,neutral,1.5985980033874512,-0.702538788318634,1.2886408567428589
1403898142123196418,neutral,1.8758968114852905,1.1682695150375366,0.3057045042514801
1403898142127362052,negative,1.0883618593215942,-0.5602694749832153,1.920455813407898
1403898143599644678,negative,0.9000577330589294,-0.38368329405784607,1.5916881561279297
1403898143637487621,neutral,1.9200304746627808,0.001094125211238861,1.3634591102600098
1403898144602136584,neutral,2.6888952255249023,0.8812326192855835,0.4656369388103485
1403898144656527361,positive,0.852933406829834,1.2892199754714966,0.08430270850658417
1403898145314983940,neutral,2.6400680541992188,1.2825391292572021,0.018608568236231804
1403898145977810946,neutral,2.506451368331909,1.4469833374023438,-0.5270969271659851
1403898146162319370,neutral,2.833317995071411,2.215491771697998,-0.7002468705177307
1403898148066500608,neutral,2.6881070137023926,0.9846224188804626,0.009203003719449043
1403898148825841668,negative,1.5884689092636108,-0.8223047256469727,1.9616092443466187
1403898149312380929,neutral,1.615647792816162,1.0034308433532715,0.9610843658447266
1403898149496889350,neutral,2.570169448852539,-0.2895156145095825,0.5004926919937134
1403898150180458498,positive,0.3590036630630493,2.0590600967407227,0.3123737871646881
1403898150327242752,negative,1.2213279008865356,-1.22182035446167,3.12563419342041
1403898150478303232,negative,0.6264838576316833,-0.7585361003875732,3.2950332164764404
1403898151623303173,positive,0.7162910103797913,1.709348201751709,0.1958010345697403
1403898152269139970,positive,1.0944527387619019,1.4596134424209595,0.28716832399368286
1403898152273469445,negative,0.959629237651825,-1.000465989112854,2.70628023147583
1403898153783418880,negative,1.1205265522003174,-1.1161426305770874,2.8676388263702393
1403898153863163904,neutral,1.6156479120254517,1.0034308433532715,0.9610843658447266
1403898155721187329,neutral,2.7398147583007812,1.3885536193847656,-0.4916326403617859
1403898155746353154,neutral,2.7398147583007812,1.3885536193847656,-0.49163252115249634
1403898155851300869,positive,1.0250377655029297,3.0680127143859863,-0.36645957827568054
1403898156480286725,negative,0.6134079694747925,0.05408765748143196,1.8696603775024414
1403898156539170816,positive,1.334754467010498,1.6714845895767212,0.26079434156417847
1403898156732014594,neutral,1.0706915855407715,0.61469966173172,0.49308282136917114
1403898156874534915,negative,1.3410404920578003,-0.3587239682674408,1.9278908967971802
1403898156966842371,negative,1.9585483074188232,-1.0081884860992432,2.0708603858947754
1403898157403045890,neutral,2.1668550968170166,0.38461199402809143,0.5671631097793579
1403898157671534600,positive,1.5019240379333496,1.8094213008880615,0.388164758682251
1403898158262865926,negative,1.3916524648666382,0.024219095706939697,1.7649662494659424
1403898159303172099,negative,1.1453746557235718,0.38371583819389343,1.3632245063781738
1403898160993480704,neutral,1.5950731039047241,-0.010695718228816986,0.7053211331367493
1403898161819750402,negative,1.2890139818191528,-0.4299790561199188,1.8073995113372803
1403898162708811776,negative,1.6844009160995483,-0.97385174036026,2.2477493286132812
1403898163073675266,neutral,2.6909847259521484,-0.3541300296783447,0.44350752234458923
1403898163203805189,neutral,1.8955224752426147,-0.6867144703865051,1.520538330078125
1403898163283509249,negative,0.4564964473247528,-0.8170601725578308,3.7533462047576904
1403898163539316744,neutral,1.6855745315551758,0.37137290835380554,0.37932199239730835
1403898164000739331,neutral,1.878203272819519,0.8032824993133545,0.12436968088150024
1403898164122324996,negative,1.2636678218841553,-0.9353942275047302,2.187084913253784
1403898164902518785,negative,2.1112687587738037,-1.0838861465454102,2.2172744274139404
1403898165238013952,neutral,1.4194543361663818,-0.16464272141456604,0.945490300655365
1403898165250514949,positive,1.685198426246643,3.039599895477295,-0.5585665702819824
1403898165892239361,neutral,1.9674937725067139,-0.010457068681716919,0.7595891356468201
1403898166164934656,negative,1.0783737897872925,-0.013867318630218506,1.5548536777496338
1403898166231982083,negative,1.143157720565796,-0.7843734622001648,2.541353464126587
1403898166345441281,negative,0.6439996361732483,-1.2103720903396606,3.6401171684265137
1403898166387175429,neutral,1.5676323175430298,-0.524814248085022,1.3224166631698608
1403898166500495363,neutral,1.7343567609786987,-0.09002820402383804,1.0853536128997803
1403898167259709440,neutral,1.4358049631118774,0.003775782883167267,0.5636276602745056
1403898167276490752,negative,1.0248842239379883,-0.09683942049741745,1.9345543384552002
1403898168149004289,neutral,3.311377763748169,1.3036999702453613,-1.0316119194030762
1403898168354422790,negative,1.867380976676941,-0.9625409841537476,1.9045991897583008
1403898169130246146,neutral,2.35125732421875,-0.7689284086227417,1.8359382152557373
1403898169449009154,neutral,1.6855746507644653,0.37137290835380554,0.3793219327926636
1403898170132766723,neutral,2.009143114089966,-0.514900267124176,1.4981954097747803
1403898170485002240,negative,1.3783894777297974,0.08099629729986191,1.7644766569137573
1403898170975817728,neutral,1.3111343383789062,-0.38237032294273376,1.081335425376892
1403898172003454977,neutral,1.525595784187317,0.7805840969085693,0.34798094630241394
1403898172494188547,neutral,1.7904341220855713,-0.26115405559539795,0.8466932773590088
1403898173311967236,neutral,1.0233994722366333,0.5540235638618469,0.6788432598114014
1403898173437878273,negative,0.3430936634540558,-0.9019825458526611,3.512342691421509
1403898173555310592,negative,1.598734736442566,-0.7644699215888977,1.8805994987487793
1403898174037807106,neutral,1.2452389001846313,0.18150939047336578,1.2187594175338745
1403898174067118086,negative,1.2002688646316528,-0.20155510306358337,1.446648120880127
1403898175480532998,positive,0.8952353596687317,2.239119529724121,-0.03760627657175064
1403898176298442754,negative,1.2376223802566528,-1.1269322633743286,2.433189630508423
1403898176403394561,negative,0.922606885433197,-1.2537349462509155,3.550591468811035
1403898176533368835,neutral,1.3959311246871948,1.0429705381393433,0.748815655708313
1403898177435029507,negative,1.5544178485870361,-0.4115298092365265,1.6954872608184814
1403898177510461444,negative,1.495091199874878,-0.5991746187210083,1.8896706104278564
1403898177711915010,negative,0.7155139446258545,-0.4925810396671295,2.7146425247192383
1403898177766494208,neutral,1.5882594585418701,0.4863877296447754,-0.4366210401058197
1403898177804136451,neutral,1.6855745315551758,0.37137290835380554,0.37932199239730835
1403898177804197888,positive,0.6996775269508362,3.2640867233276367,-0.24055226147174835
1403898178567553030,negative,1.1898088455200195,-0.618664562702179,2.241361379623413
1403898178588479491,neutral,1.534060001373291,0.7731497287750244,0.4661225974559784
1403898178638860294,negative,1.1685295104980469,-1.1919217109680176,2.797386646270752
1403898178810699776,neutral,1.6855745315551758,0.37137290835380554,0.37932199239730835
1403898179733491716,neutral,2.015169620513916,-0.47450199723243713,1.8204022645950317
1403898179871981568,neutral,1.5978000164031982,0.07402774691581726,0.7179110050201416
1403898179905589256,negative,1.40402352809906,-0.8634890913963318,1.9171342849731445
1403898180287307777,neutral,2.1840271949768066,-0.5247544050216675,1.042162299156189
1403898181759418370,neutral,1.203190565109253,0.8620755672454834,0.40480753779411316
1403898181952360450,negative,0.5129746794700623,-0.8990887403488159,2.772197723388672
1403898182229118980,negative,1.2125173807144165,-0.34775304794311523,2.4215049743652344
1403898182682091523,negative,1.2227380275726318,-1.0401432514190674,2.3806257247924805
1403898183357329412,negative,1.221327781677246,-1.22182035446167,3.12563419342041
1403898183726637059,positive,1.8026610612869263,6.331576347351074,-1.7152683734893799
1403898184607354884,neutral,2.373126983642578,1.3595912456512451,-0.5415748953819275
1403898186087890944,positive,0.852933406829834,1.2892199754714966,0.08430270850658417
1403898187056832514,negative,0.9381099939346313,-0.07666533440351486,1.5431159734725952
1403898187916595202,negative,0.9237183928489685,-0.20044127106666565,1.308211326599121
1403898188659138560,neutral,1.5124810934066772,0.653512716293335,0.34860244393348694
1403898189241978882,negative,1.0286082029342651,0.8129597306251526,1.5199693441390991
1403898190332583942,neutral,1.8709139823913574,0.7854757905006409,0.30547598004341125
1403898191142133764,negative,1.137818455696106,-0.45827940106391907,2.00655460357666
1403898191230107650,positive,2.9868197441101074,4.096158504486084,-1.4678246974945068
1403898191691407361,positive,0.07020629942417145,1.0697482824325562,0.32453152537345886
1403898192136052736,neutral,2.205152988433838,-0.9435437321662903,1.3572397232055664
1403898192312389635,positive,0.822654128074646,1.4320459365844727,0.400752991437912
1403898192643637254,negative,1.1331368684768677,-0.9184396862983704,2.416860580444336
1403898192928808970,negative,1.0353491306304932,-1.2652438879013062,3.852947235107422
1403898193407004673,negative,1.2035621404647827,-1.1508885622024536,2.8287627696990967
1403898193654452227,neutral,2.625553607940674,0.6343135237693787,-0.08472733944654465
1403898194032041984,negative,1.3916524648666382,0.024219095706939697,1.7649662494659424
1403898194543644674,positive,2.0232737064361572,3.2031619548797607,-0.9198006391525269
1403898195793506308,positive,1.7608405351638794,4.3252644538879395,-0.8167782425880432
1403898196699533314,neutral,1.2819793224334717,-0.0035510659217834473,1.2420254945755005
1403898198075351043,neutral,1.041082739830017,0.8009976744651794,0.6772449612617493
1403898199534804995,neutral,1.8955224752426147,-0.6867144703865051,1.520538330078125
1403898199715237891,positive,0.5784274339675903,2.687830686569214,-0.3114427626132965
1403898199878873089,positive,1.0785855054855347,1.6414813995361328,0.12735025584697723
1403898200310697990,neutral,2.0166804790496826,0.573229193687439,0.8767763376235962
1403898200625344513,positive,1.8796228170394897,2.0423743724823,-0.44462165236473083
1403898201699229699,negative,1.0883618593215942,-0.5602694749832153,1.920455813407898
1403898202726621185,negative,1.5462322235107422,-0.9039552211761475,1.9369906187057495
1403898202865217542,neutral,2.212160348892212,-0.03133852779865265,0.8980836272239685
1403898203167100932,neutral,1.741835355758667,-0.7616654634475708,1.4850307703018188
1403898203729108993,positive,2.2432479858398438,2.2634470462799072,-0.47689640522003174
1403898203871891461,negative,0.772735059261322,-0.2566183805465698,1.538575530052185
1403898203980713990,negative,0.3776794672012329,-0.09032843261957169,1.2151771783828735
1403898204207292417,neutral,1.366612434387207,0.7147871255874634,0.6311622262001038
1403898204526100482,positive,0.8410764336585999,1.0076080560684204,0.6469842195510864
1403898204534370305,neutral,0.9335199594497681,0.5844849348068237,0.7293902039527893
1403898204647788548,negative,1.1514803171157837,-0.9777968525886536,2.4332590103149414
1403898204677050368,negative,1.600744366645813,-1.2062618732452393,3.0223493576049805
1403898204685582339,negative,1.2766809463500977,-0.6316001415252686,1.7445170879364014
1403898204882673666,neutral,2.1273410320281982,-0.4935432970523834,1.063448190689087
1403898205373304834,positive,0.852933406829834,1.2892199754714966,0.08430270850658417
1403898205490888713,negative,1.1069566011428833,-0.48716387152671814,2.063549041748047
1403898205788684291,negative,1.7229690551757812,-0.9406424164772034,2.3423917293548584
1403898206531080197,negative,0.854153037071228,0.22772356867790222,1.2699493169784546
1403898207113924608,positive,1.6184123754501343,1.6187851428985596,0.07509136945009232
1403898207298596866,neutral,1.6855744123458862,0.37137290835380554,0.37932199239730835
1403898207923539970,neutral,1.4975554943084717,1.3762543201446533,-0.15723510086536407
1403898208200298500,negative,0.24082472920417786,0.10794050991535187,2.4067025184631348
1403898208372367368,negative,1.1804087162017822,-0.61020827293396,2.0653538703918457
1403898208485445636,neutral,1.9723843336105347,0.8792262077331543,0.035385891795158386
1403898209487912962,negative,0.48815327882766724,-0.7324331402778625,2.411569833755493
1403898210217824257,neutral,1.6484490633010864,0.26245981454849243,0.2724219262599945
1403898210314178561,neutral,2.1612493991851807,0.32084786891937256,1.3623943328857422
1403898210377093120,negative,1.0883618593215942,-0.5602694749832153,1.920455813407898
1403898210406604800,positive,0.36300796270370483,0.7537530660629272,0.23648753762245178
1403898210440069120,neutral,1.5194333791732788,0.14153122901916504,0.7069700360298157
1403898211002052608,negative,0.8792471885681152,-0.2442302107810974,1.6970407962799072
1403898211681505282,neutral,2.083320379257202,1.3273518085479736,-0.004621656611561775
1403898212251996162,negative,1.582850694656372,-1.0186553001403809,2.6448776721954346
1403898212805582856,neutral,1.8916797637939453,0.9214394688606262,0.7029678821563721
1403898214277783573,neutral,2.153853178024292,1.8447110652923584,0.12591791152954102
1403898215330684932,negative,1.2859022617340088,-0.4607042372226715,1.7909882068634033
1403898215498276870,negative,0.618405282497406,-0.09577973932027817,1.9055339097976685
1403898215615799298,negative,1.2316906452178955,0.2465074360370636,1.6577242612838745
1403898215938674695,negative,1.7818500995635986,-0.8212742209434509,1.791160225868225
1403898216056340481,neutral,1.313218593597412,-0.45167919993400574,1.210959553718567
1403898216622460929,negative,0.7924605011940002,-1.018458366394043,2.9938881397247314
1403898217687777282,neutral,3.0033669471740723,1.9543108940124512,-0.7274723052978516
1403898218585284613,negative,0.4406379759311676,0.8173478841781616,1.1177561283111572
1403898218656772098,negative,1.5781787633895874,-1.0501130819320679,2.488523006439209
1403898219327799299,negative,1.2623722553253174,-1.4676575660705566,3.8606040477752686
1403898220728795136,negative,0.854153037071228,0.22772356867790222,1.2699493169784546
1403898220921561097,neutral,1.4618927240371704,0.5650652647018433,0.6775747537612915
1403898221143920645,negative,1.1928852796554565,-0.24039021134376526,1.4821234941482544
1403898221420814338,negative,1.0053963661193848,0.24294131994247437,1.073744297027588
1403898222221877249,negative,1.660489797592163,-0.9348134398460388,2.0259251594543457
1403898222658166788,negative,1.0653774738311768,-1.0083895921707153,2.5501933097839355
1403898223484280832,negative,1.0992170572280884,-1.0995699167251587,3.0814459323883057
1403898223555657728,neutral,1.878203272819519,0.8032824993133545,0.12436968088150024
1403898223962427397,neutral,1.3418866395950317,0.10958880186080933,1.0871407985687256
1403898224025296899,positive,2.2432477474212646,2.263446807861328,-0.47689634561538696
1403898224532807683,neutral,1.4876447916030884,0.16836416721343994,0.7845605611801147
1403898224658706434,positive,1.445257306098938,2.5513176918029785,0.8755576014518738
1403898224893579274,neutral,1.8478225469589233,0.5288243889808655,0.3886486887931824
1403898225161953282,negative,1.0349524021148682,-0.7958779335021973,2.292940378189087
1403898225312952326,negative,1.3930258750915527,-0.42987748980522156,1.6544923782348633
1403898226357440513,neutral,2.541452169418335,1.5931402444839478,-0.13574224710464478
1403898226504130568,neutral,1.5313154458999634,0.09729018062353134,1.0703321695327759
1403898226558738433,neutral,1.3377068042755127,0.7249325513839722,0.2898547947406769
1403898227665952770,neutral,2.222856044769287,0.2497064471244812,0.2266465276479721
1403898227670208512,neutral,2.2464141845703125,0.4513534903526306,0.24355489015579224
1403898228421148675,negative,0.43973714113235474,0.5322147607803345,1.1055444478988647
1403898229125783555,negative,1.3916523456573486,0.024218976497650146,1.764966607093811
1403898229889003526,negative,1.323105812072754,-1.223022699356079,2.717541217803955
1403898229897502721,positive,0.5867881178855896,4.3768110275268555,-0.2570156753063202
1403898230333526019,neutral,1.8955223560333252,-0.6867144703865051,1.5205382108688354
1403898230895747081,neutral,2.138350248336792,0.5202919244766235,0.020977435633540154
1403898231470235653,neutral,1.5365403890609741,-0.12847751379013062,1.4860448837280273
1403898231482773505,negative,1.3916524648666382,0.024219095706939697,1.7649662494659424
1403898231579414529,neutral,2.1248247623443604,-0.10684322565793991,0.966576337814331
1403898232439066624,positive,1.685198426246643,3.039599895477295,-0.5585665702819824
1403898232737046531,neutral,1.4761940240859985,0.8391016125679016,0.11915978044271469
1403898233282252801,neutral,2.727102279663086,0.8588204979896545,0.03465781733393669
1403898233831579648,neutral,1.8955223560333252,-0.6867144107818604,1.520538330078125
1403898234007822336,negative,1.3916524648666382,0.02421906590461731,1.7649664878845215
1403898234406424582,negative,0.5000011324882507,-0.9802022576332092,3.1091628074645996
1403898234431361026,positive,0.7186089754104614,2.538541793823242,-0.008616751059889793
1403898234783866882,positive,1.3209025859832764,1.984281301498413,0.005960756912827492
1403898235039621122,negative,1.3328378200531006,-1.1997718811035156,3.0109009742736816
1403898235224268805,negative,1.075622797012329,-0.5833528637886047,1.5381051301956177
1403898235328950275,negative,1.3783894777297974,0.08099629729986191,1.7644766569137573
1403898235471622145,neutral,2.0965383052825928,0.6666526794433594,0.6154758930206299
1403898235564052486,negative,1.352929711341858,0.003031201660633087,1.41886568069458
1403898236037967874,negative,0.749419093132019,-0.2567440867424011,1.0370320081710815
1403898236415492097,negative,0.05642217397689819,-0.14978212118148804,0.9163895845413208
1403898236721631237,negative,1.4676975011825562,-0.9921744465827942,2.338759183883667
1403898238134984710,negative,1.5685374736785889,-1.029735803604126,2.1648993492126465
1403898238910963714,neutral,3.530146598815918,1.6300078630447388,-1.0650410652160645
1403898239548420100,neutral,1.5676323175430298,-0.524814248085022,1.3224166631698608
1403898240043339783,negative,0.7838588953018188,-0.8143433928489685,2.5138864517211914
1403898240630669317,neutral,1.6855745315551758,0.37137290835380554,0.37932199239730835
1403898240974606336,neutral,2.1617162227630615,-1.065799593925476,2.0157406330108643
1403898241448480773,negative,0.33823856711387634,-0.6547906994819641,3.2768502235412598
1403898243654762498,negative,0.7080164551734924,-0.13972124457359314,2.016674041748047
1403898244099313666,negative,0.9630368947982788,-0.49980440735816956,2.1679837703704834
1403898245588209665,neutral,2.3486533164978027,1.1879339218139648,-0.06062174588441849
1403898245844197377,negative,1.3916524648666382,0.024219095706939697,1.7649662494659424
1403898246121111553,neutral,2.1221892833709717,-0.332781046628952,0.7623235583305359
1403898246515150851,neutral,1.9507805109024048,-0.3446139991283417,1.3463302850723267
1403898246880104449,positive,1.9408992528915405,3.7028725147247314,-0.996096134185791
1403898248666943492,negative,1.0889734029769897,-1.2248380184173584,2.9755990505218506
1403898249191120896,negative,1.0282455682754517,-0.48403456807136536,1.4634343385696411
1403898251347218435,neutral,1.1567912101745605,0.4581645727157593,0.17278164625167847
1403898252785713154,neutral,2.6881070137023926,0.9846224188804626,0.009203003719449043
1403898253486215168,neutral,1.7145377397537231,0.5367486476898193,0.5480499863624573
1403898254392233985,positive,1.3552281856536865,1.5857447385787964,-0.49528437852859497
1403898254530592778,negative,0.8216761350631714,-0.48507919907569885,1.9308441877365112
1403898255180648450,positive,1.5717003345489502,3.8000380992889404,-0.6601452231407166
1403898255486955525,neutral,1.6156479120254517,1.0034308433532715,0.9610843658447266
1403898256610844678,positive,0.7599632740020752,2.485011577606201,-0.023228036239743233
1403898256728346627,neutral,1.6855745315551758,0.37137290835380554,0.37932199239730835
1403898256795619328,negative,0.7622023224830627,-0.9631533026695251,2.3300459384918213
1403898258917937157,neutral,1.461412787437439,0.7412293553352356,0.810014545917511
1403898259052150786,neutral,3.1394214630126953,0.8170768022537231,-0.5112134218215942
1403898260188712960,positive,1.591009497642517,2.917543411254883,-0.4093012809753418
1403898260222263301,neutral,1.605497121810913,-0.11538920551538467,0.7118080258369446
1403898260243324930,neutral,1.1919715404510498,0.3026151955127716,1.1515529155731201
1403898260272697345,negative,1.478456735610962,-0.9272748827934265,1.875575304031372
1403898262998896644,negative,1.3194111585617065,-0.6428743004798889,1.3507717847824097
1403898263170949121,neutral,1.6088860034942627,-0.2704448997974396,1.1021672487258911
1403898263238066181,positive,1.9249004125595093,3.689174175262451,-0.4594871699810028
1403898263376261121,neutral,1.3536067008972168,1.2186580896377563,0.0934513658285141
1403898263615406082,negative,0.9443615674972534,-0.6731372475624084,2.0937626361846924
1403898264039170050,neutral,1.9776339530944824,-0.8590370416641235,1.4689377546310425
1403898264483774465,negative,0.8882108926773071,-0.41022300720214844,1.6119939088821411
1403898265167335425,neutral,1.7681304216384888,1.1164772510528564,0.3027239441871643
1403898265246998529,negative,0.8133552074432373,-0.09176494926214218,2.1835174560546875
1403898265372741639,neutral,1.3359870910644531,0.2393013834953308,1.045243501663208
1403898265817403395,neutral,1.0314221382141113,0.4985288083553314,0.825742781162262
1403898266283032578,negative,0.42706558108329773,-0.35191816091537476,3.684288740158081
1403898266903887872,negative,0.5605305433273315,-0.48253902792930603,2.710327625274658
1403898267247599620,positive,1.9408992528915405,3.7028725147247314,-0.996096134185791
1403898267360923649,negative,1.7143914699554443,-0.9848354458808899,2.122886896133423
1403898267713241088,neutral,3.1950607299804688,1.5174697637557983,-0.2895878255367279
1403898268019572743,negative,0.9064381122589111,-0.38879770040512085,1.3436472415924072
1403898268493520899,negative,0.7787341475486755,0.09576818346977234,1.327225923538208
1403898268963295236,negative,1.3916524648666382,0.024219095706939697,1.7649662494659424
1403898269311377410,neutral,1.6245572566986084,0.7217553853988647,0.4965929090976715
1403898269776769024,neutral,1.8152319192886353,-0.18619000911712646,0.786198616027832
1403898270091407362,negative,1.1085423231124878,-0.49013349413871765,1.5121155977249146
1403898270628433922,negative,0.8550531268119812,0.959972620010376,0.9922938942909241
1403898270716502018,neutral,1.6484490633010864,0.26245981454849243,0.2724219262599945
1403898270741680128,negative,0.598422646522522,-0.12569484114646912,2.247249126434326
1403898272045957123,negative,1.2687852382659912,-0.5410085916519165,1.630976915359497
1403898272507441154,negative,1.1085838079452515,-0.47857633233070374,1.8819003105163574
1403898273975386113,negative,1.391652226448059,0.024218998849391937,1.764966607093811
1403898274881413122,negative,1.0735676288604736,-1.2084048986434937,3.300323486328125
1403898275212759040,positive,0.3502015471458435,1.0078933238983154,0.24454471468925476
1403898276022263809,negative,1.066794753074646,0.5563615560531616,1.106981635093689
1403898276416471041,neutral,2.0531721115112305,0.844489574432373,-0.1407889425754547
1403898277041475587,negative,1.5737718343734741,-0.5357781052589417,1.8692100048065186
1403898277276229632,neutral,1.4007560014724731,0.43533259630203247,0.6461408734321594
1403898277628583936,positive,0.852933406829834,1.2892199754714966,0.08430270850658417
1403898277683089408,neutral,1.8050522804260254,-0.3803381323814392,1.0306845903396606
1403898277704212482,neutral,1.2400773763656616,0.8503364324569702,0.11373043060302734
1403898278102683650,negative,1.350353479385376,-0.8688539862632751,2.296276569366455
1403898278576541704,negative,0.8004742860794067,-0.4033268690109253,2.129033327102661
1403898278958223364,neutral,1.6855745315551758,0.37137290835380554,0.37932199239730835
1403898279427969027,neutral,1.8955224752426147,-0.6867144703865051,1.520538330078125
1403898280912867332,negative,0.8323348760604858,0.086981400847435,1.2959829568862915
1403898281667694593,positive,1.6972484588623047,6.110434055328369,-1.5310155153274536
1403898282724659204,negative,1.0624315738677979,-1.3616323471069336,3.831226110458374
1403898283261575170,negative,1.1129658222198486,-0.23359546065330505,1.5344910621643066
1403898283383308290,negative,0.9991722106933594,-0.7087090015411377,2.3813459873199463
1403898283513241601,neutral,1.884981632232666,-0.7652226090431213,1.8700544834136963
1403898283534307333,neutral,0.23260748386383057,0.1763903796672821,0.14018525183200836
1403898284553428994,negative,1.3193891048431396,-0.5073941349983215,1.6869429349899292
1403898286076014592,neutral,1.474593162536621,-0.369490385055542,1.0016413927078247
1403898286310821891,negative,1.4335026741027832,-1.1867389678955078,3.0874500274658203
1403898286348537858,negative,1.323105812072754,-1.223022699356079,2.717541217803955
1403898286512168962,negative,0.972855269908905,-0.595370888710022,2.318751096725464
1403898287552405507,neutral,2.178636312484741,-0.5951839089393616,0.4340347945690155
1403898288424714243,negative,1.3462823629379272,-1.2416229248046875,2.9527995586395264
1403898288760365058,neutral,1.5366636514663696,-0.49209776520729065,1.507688045501709
1403898289804648456,neutral,2.506451368331909,1.4469833374023438,-0.5270969271659851
1403898290119352323,negative,0.4666227102279663,0.12617819011211395,2.4695143699645996
1403898290404478977,neutral,1.054306149482727,1.0217210054397583,0.705041229724884
1403898290651885569,negative,0.9755580425262451,0.5197790265083313,1.5245462656021118
1403898290874114049,neutral,1.6855745315551758,0.37137290835380554,0.37932199239730835
1403898290933010432,negative,1.1427229642868042,-0.9191272854804993,2.5953972339630127
1403898291289419776,neutral,1.4504902362823486,0.8804870843887329,0.42744192481040955
1403898291318820866,neutral,1.2100071907043457,0.8485797047615051,0.6398364305496216
1403898291402723331,negative,1.13535475730896,-0.29055842757225037,1.2604365348815918
1403898291906138113,negative,0.7523568272590637,-0.08973126858472824,2.402492046356201
1403898292035985408,negative,1.6558847427368164,-0.9418045878410339,2.092731475830078
1403898292585603072,negative,0.9698441624641418,-0.8833186626434326,2.3318371772766113
1403898293286064130,negative,1.066794753074646,0.5563615560531616,1.106981635093689
1403898293504053248,neutral,3.530146598815918,1.6300077438354492,-1.065041184425354
1403898293546098691,neutral,1.8955224752426147,-0.6867144703865051,1.520538330078125
1403898293881511938,neutral,2.506451368331909,1.4469833374023438,-0.5270969271659851
1403898294254800898,neutral,1.970107913017273,-0.43401941657066345,0.9729315042495728
1403898294770700293,negative,1.578657627105713,-0.8861529231071472,2.2218103408813477
1403898295177682947,neutral,1.7588129043579102,-0.4102479815483093,1.395703673362732
1403898296280653827,neutral,2.4055380821228027,-0.597200334072113,1.152747631072998
1403898297366958081,negative,1.3916524648666382,0.024219095706939697,1.7649662494659424
1403898298679758852,positive,1.5126206874847412,1.5439584255218506,0.45749199390411377
1403898301494091781,positive,1.3191205263137817,2.7897839546203613,-0.767998993396759
1403898302354149378,negative,0.5694921612739563,0.05493168905377388,1.6821346282958984
1403898302769270788,neutral,0.9868019223213196,0.6482019424438477,0.6883766055107117
1403898302865674244,neutral,3.5065670013427734,1.3810198307037354,-0.5866551399230957
1403898303117398018,negative,1.2307014465332031,-1.0621323585510254,2.4715945720672607
1403898303582851076,positive,1.685198426246643,3.039599895477295,-0.5585665702819824
1403898304522592257,neutral,1.5451431274414062,0.13336902856826782,0.2191312164068222
1403898304778305537,positive,1.349643588066101,2.782393455505371,-0.7770652770996094
1403898305055240195,neutral,1.8955224752426147,-0.6867144703865051,1.520538330078125
1403898305277427715,neutral,3.530146598815918,1.6300078630447388,-1.0650410652160645
1403898306657284097,neutral,1.0928045511245728,0.3101691007614136,0.8269418478012085
1403898307080908804,negative,0.6562144160270691,-0.07526703923940659,1.5576775074005127
1403898307206946818,positive,1.808807134628296,1.9297055006027222,-0.37388622760772705
1403898307294892033,negative,1.2352169752120972,-0.3535497486591339,1.4710962772369385
1403898308133752835,neutral,1.5198780298233032,0.6322053074836731,0.5008502006530762
1403898308242903044,negative,0.7449336647987366,0.22729697823524475,1.3791593313217163
1403898308918231044,neutral,1.1335572004318237,0.6334571242332458,0.3582373559474945
1403898309337489412,neutral,2.260634660720825,1.046260952949524,0.05592583864927292
1403898309379387395,negative,1.109901785850525,-0.41757920384407043,1.7571136951446533
1403898310180556806,neutral,3.252749443054199,1.6445109844207764,-0.8124147057533264
1403898310193156096,negative,0.7838588953018188,-0.8143433928489685,2.5138864517211914
1403898310251974656,neutral,1.9868810176849365,-0.6137557029724121,0.8835256099700928
1403898310629507082,negative,1.42607843875885,-0.6612368226051331,2.5903100967407227
1403898310998466562,neutral,2.549631118774414,0.5168194770812988,0.10533695667982101
1403898311220903936,neutral,1.5867068767547607,1.2234737873077393,0.541878879070282
1403898311325544449,negative,1.3328776359558105,-1.055953860282898,2.156648874282837
1403898311346593798,neutral,0.8347615003585815,0.07127755880355835,0.4484659433364868
1403898312068014080,positive,1.3307393789291382,2.7635490894317627,-0.7520968317985535
1403898312512589828,neutral,1.0928045511245728,0.3101691007614136,0.8269418478012085
1403898313238274051,negative,0.6251276731491089,0.2591197192668915,1.3578555583953857
1403898313976561667,negative,1.059645175933838,-0.5193907022476196,1.9912997484207153
1403898314140139528,neutral,2.830439805984497,1.9197174310684204,-0.5816634893417358
1403898314651623429,negative,1.5191701650619507,-0.9944683909416199,2.2271976470947266
1403898315352285184,negative,1.0223557949066162,-1.1412343978881836,3.4465389251708984
1403898315926740994,positive,1.3580543994903564,2.766507148742676,-0.7693312168121338
1403898316266553344,negative,0.563452422618866,-0.7377963066101074,2.31081223487854
1403898317164195843,negative,0.772735059261322,-0.2566183805465698,1.538575530052185
1403898317659123715,neutral,1.6156479120254517,1.0034308433532715,0.9610843658447266
1403898317969317889,negative,1.374773383140564,-0.8458967208862305,2.0505285263061523
1403898318011482113,positive,1.9061496257781982,3.347330093383789,0.03812513127923012
1403898318451740673,neutral,1.352877140045166,0.3979753851890564,1.2437427043914795
1403898319118733319,neutral,1.6855745315551758,0.37137290835380554,0.37932199239730835
1403898319466864643,neutral,1.6902093887329102,-0.4825649559497833,1.4932830333709717
1403898319483588608,neutral,2.234332799911499,0.5764690637588501,-0.08703843504190445
1403898319785672706,negative,1.375773310661316,-0.32219478487968445,2.146425247192383
1403898320981049351,neutral,1.7901995182037354,1.2573606967926025,-0.4898020625114441
1403898321014386692,negative,0.8143984079360962,-0.6069915294647217,3.2527096271514893
1403898321186349058,positive,2.2271292209625244,3.158660888671875,-1.0253106355667114
1403898323057078272,positive,1.3251625299453735,2.751560926437378,-0.7409749031066895
1403898323954667521,neutral,1.465227723121643,0.16377602517604828,1.1862907409667969
1403898324407656452,negative,1.2932595014572144,-0.3318173289299011,1.8686281442642212
1403898324420268032,negative,1.264915108680725,-0.37222835421562195,1.4042580127716064
1403898324961406979,neutral,1.9147145748138428,0.45255711674690247,0.42540982365608215
1403898325938565124,negative,0.9630367159843445,-0.4998043477535248,2.1679837703704834
1403898326265700355,neutral,3.530146598815918,1.6300078630447388,-1.0650410652160645
1403898326873952257,neutral,2.95526385307312,0.7088966965675354,-0.645670473575592
1403898327146577921,positive,1.3504040241241455,3.0276713371276855,-0.39695504307746887
1403898327532457984,neutral,1.0477688312530518,0.8882584571838379,0.33142736554145813
1403898327599439877,negative,1.0200626850128174,-0.6428975462913513,2.5052077770233154
1403898327645802498,neutral,1.1541122198104858,0.2852858901023865,1.1341341733932495
1403898327733657604,neutral,1.6751917600631714,0.026794519275426865,1.141197919845581
1403898328081969158,neutral,1.2400773763656616,0.8503364324569702,0.11373043060302734
1403898328417456131,positive,1.717710018157959,3.6496694087982178,-0.866138219833374
1403898328568373248,neutral,2.0763978958129883,1.0613300800323486,0.21731416881084442
1403898330149687304,negative,1.600744366645813,-1.2062618732452393,3.0223493576049805
1403898330644578305,negative,0.7838588953018188,-0.8143433928489685,2.5138864517211914
1403898330871119873,neutral,1.997221827507019,0.12200358510017395,0.5535389184951782
1403898332288667653,positive,0.8828374147415161,2.592740058898926,0.49048328399658203
1403898333802897410,negative,1.2981562614440918,-0.6903398036956787,1.8784071207046509
1403898334125989889,negative,1.3096885681152344,-0.9719589352607727,1.865920901298523
1403898334704590855,negative,1.18870210647583,-1.1015589237213135,2.5418756008148193
1403898334742413313,negative,1.3984869718551636,-0.7752857208251953,2.5622048377990723
1403898334750773250,neutral,1.1228432655334473,0.3682563006877899,0.637382447719574
1403898334981599232,negative,1.600744366645813,-1.2062618732452393,3.0223493576049805
1403898335400906758,positive,2.0785887241363525,2.116072654724121,-0.46231088042259216
1403898335526858753,negative,0.8996098041534424,-0.8819257616996765,2.7370095252990723
1403898335937798148,neutral,2.210278272628784,0.6001771092414856,0.21866732835769653
1403898336739008512,positive,0.07353295385837555,1.799241542816162,-0.16021370887756348
1403898336818569216,neutral,1.7650130987167358,-0.7029991149902344,1.4997855424880981
1403898337951064074,neutral,1.4835052490234375,-0.475084513425827,1.079187273979187
1403898338022510593,neutral,1.8955224752426147,-0.6867144703865051,1.520538330078125
1403898338072793089,neutral,1.5137298107147217,1.1521319150924683,-0.5487046241760254
1403898338127265795,negative,1.483538031578064,0.5047314763069153,1.5033180713653564
1403898338680840194,negative,1.3783894777297974,0.08099629729986191,1.7644766569137573
1403898338680971268,negative,1.1966220140457153,-0.038940854370594025,1.3610228300094604
1403898338831966210,negative,1.2797473669052124,-0.23234543204307556,1.6790326833724976
1403898339087712269,negative,1.221327781677246,-1.2218204736709595,3.125633716583252
1403898339314311174,negative,1.076833963394165,-0.9646479487419128,2.903752326965332
1403898340555694080,positive,1.9679782390594482,2.3956217765808105,-0.6143901348114014
1403898341197377539,neutral,1.461336612701416,-0.11084147542715073,1.3428360223770142
1403898341507964928,positive,1.4215705394744873,6.170280456542969,-1.6503047943115234
1403898341600071681,positive,0.5094999670982361,1.5279860496520996,0.587436318397522
1403898341981933572,neutral,1.6855745315551758,0.37137290835380554,0.37932199239730835
1403898342237773825,neutral,1.8957024812698364,0.49880141019821167,0.2651660442352295
1403898342841753601,neutral,1.2079205513000488,0.6274724006652832,0.6209599375724792
1403898343109976065,negative,0.9630367159843445,-0.4998043477535248,2.1679837703704834
1403898343521128450,negative,0.7774001955986023,-0.641205370426178,2.735511302947998
1403898344443895809,neutral,2.178636312484741,-0.5951839089393616,0.4340347945690155
1403898344443949057,neutral,1.534753441810608,-0.00044474750757217407,1.004246711730957
1403898345890799620,negative,0.41904619336128235,-0.6185222864151001,3.0645315647125244
1403898346075422723,neutral,1.8822726011276245,-0.09884696453809738,0.5385434031486511
1403898346222272513,neutral,1.3145946264266968,0.7991147041320801,0.39917951822280884
1403898347258273792,neutral,1.5978000164031982,0.07402774691581726,0.7179110050201416
1403898347514208256,negative,1.064849853515625,-1.5786542892456055,4.678065299987793
1403898347547774980,negative,1.0414555072784424,-0.04942948371171951,1.778659701347351
1403898347803402240,negative,1.1586776971817017,-0.6897650957107544,2.511126756668091
1403898348260704256,positive,0.8171864151954651,0.8339352011680603,0.41931143403053284
1403898349997023232,negative,0.470510333776474,-0.18764960765838623,1.7893213033676147
1403898351624597509,negative,1.3916523456573486,0.02421904355287552,1.764966368675232
1403898352022999040,negative,1.3378167152404785,-0.8299625515937805,2.1379566192626953
1403898352266366979,neutral,1.525986671447754,1.4454200267791748,-0.09506095200777054
1403898352471744514,negative,1.4260646104812622,-1.4291030168533325,4.112473964691162
1403898354191540224,negative,0.8839142322540283,-1.1727893352508545,3.313746690750122
1403898354514358272,neutral,1.4783040285110474,-0.06829578429460526,1.2539052963256836
1403898354816389122,positive,1.3209025859832764,1.984281301498413,0.005960756912827492
1403898354870804485,positive,0.7639070749282837,0.8635352849960327,0.5824917554855347
1403898354929704960,neutral,1.7319138050079346,0.7614659667015076,1.0656603574752808
1403898355252670464,positive,1.503695011138916,2.45697021484375,-0.39561009407043457
1403898355701497858,negative,1.13535475730896,-0.2905583679676056,1.2604365348815918
1403898356666187776,negative,1.0815117359161377,-1.051242709159851,2.4338202476501465
1403898357068668931,negative,1.3916524648666382,0.024219095706939697,1.7649662494659424
1403898357894946816,positive,1.7765991687774658,4.093547344207764,-0.8806943893432617
1403898358561972226,negative,1.0304484367370605,-0.8581324219703674,2.982595920562744
1403898358855573507,negative,1.4957566261291504,-0.6838957071304321,1.7236347198486328
1403898358872244225,negative,1.0709640979766846,-1.1892632246017456,3.018172025680542
1403898359316836356,neutral,1.6152335405349731,-0.04234223812818527,0.8791786432266235
1403898359761584128,neutral,1.7785866260528564,1.084556221961975,0.48189982771873474
1403898359924936705,neutral,2.3722572326660156,0.6194947361946106,-0.45303910970687866
1403898360755408899,negative,2.0912818908691406,-1.1810855865478516,2.707909345626831
1403898361195937793,neutral,1.7794971466064453,0.29367688298225403,1.4305670261383057
1403898362043064327,negative,1.5888320207595825,-0.9279035329818726,2.1252925395965576
1403898362303193093,negative,0.581221342086792,-0.4127563536167145,2.3555586338043213
1403898362433318912,neutral,1.8955224752426147,-0.6867144703865051,1.520538330078125
1403898363108491265,negative,1.3916524648666382,0.024219095706939697,1.7649662494659424
1403898363322331136,negative,1.2227380275726318,-1.0401432514190674,2.3806257247924805
1403898363385364481,neutral,1.9053356647491455,-0.41594067215919495,0.9914838671684265
1403898363767001090,neutral,1.4685285091400146,1.35844087600708,-0.615080714225769
1403898363951542272,positive,1.685198426246643,3.039599895477295,-0.5585665702819824
1403898364240957445,positive,0.29925909638404846,1.3686487674713135,-0.14268511533737183
1403898364601769986,negative,1.2519540786743164,-1.2338637113571167,3.285264492034912
1403898364706574339,neutral,1.4366623163223267,-0.27152350544929504,1.3791050910949707
1403898365100838922,neutral,2.064263343811035,1.5750664472579956,0.0662098079919815
1403898365264420867,neutral,2.154406785964966,0.16770096123218536,0.9984151124954224
1403898365402763265,negative,1.262342095375061,-1.237059473991394,2.973182439804077
1403898365902036993,neutral,2.860912322998047,1.5360766649246216,-1.0052940845489502
1403898367139205120,negative,1.228131890296936,-0.529232919216156,1.6083002090454102
1403898367483199496,negative,0.7604342699050903,-0.4157508313655853,1.7166603803634644
1403898369030856704,positive,1.9316705465316772,2.1811795234680176,-0.5911885499954224
1403898369332813824,positive,0.9787629246711731,1.9078872203826904,-0.0012919697910547256
1403898372050804744,neutral,1.7761149406433105,-0.3772781789302826,1.7358709573745728
1403898374449819651,negative,1.216579794883728,-1.0258294343948364,2.759148597717285
1403898374588448771,negative,1.2072073221206665,0.4804917275905609,1.7114298343658447
1403898374617587717,neutral,1.9403049945831299,-0.6860625147819519,0.9651776552200317
1403898375292952577,positive,2.2432477474212646,2.263446807861328,-0.47689634561538696
1403898376802865152,positive,2.4809248447418213,5.368675231933594,-1.6907751560211182
1403898377578762240,neutral,1.8823717832565308,0.7763562202453613,-0.3568524122238159
1403898378161774593,negative,0.8034175038337708,0.16787122189998627,1.3542360067367554
1403898378266845192,neutral,1.6855745315551758,0.37137290835380554,0.37932199239730835
1403898378296205314,neutral,1.8692357540130615,-0.6988122463226318,1.5906825065612793
1403898378367520772,negative,1.1008926630020142,-0.2259233593940735,2.0158162117004395
1403898379038507008,negative,1.3916524648666382,0.024219095706939697,1.7649662494659424
1403898379130843137,neutral,0.821747362613678,0.3898557126522064,0.62895268201828
1403898379692822530,neutral,1.2503721714019775,-0.09241723269224167,0.31659916043281555
1403898379709685762,negative,1.0020490884780884,-1.0198688507080078,2.4357547760009766
1403898379734687744,neutral,1.5403056144714355,0.7601133584976196,0.4705783724784851
1403898379902488577,neutral,1.2044169902801514,0.5462827086448669,1.195921778678894
1403898380250599425,negative,1.0869450569152832,-0.7972074747085571,2.1335813999176025
1403898380955176964,negative,1.2763913869857788,-1.2574844360351562,3.284099817276001
1403898382591184899,neutral,1.9305275678634644,-0.4008078873157501,0.9867516756057739
1403898382679261190,negative,0.5770753622055054,0.10433425009250641,1.887681245803833
1403898383266463746,neutral,2.5507001876831055,-0.4420001208782196,-0.13606205582618713
1403898386386878472,negative,1.9533494710922241,-1.1186792850494385,2.3504488468170166
1403898386940522500,neutral,1.8259775638580322,-0.7735645174980164,1.5164074897766113
1403898387011940353,neutral,2.534738063812256,1.1464186906814575,-0.15191692113876343
1403898387108409348,neutral,1.615647792816162,1.003430962562561,0.9610843658447266
1403898387196432384,positive,0.6756231784820557,2.114993095397949,0.043056052178144455
1403898388173754376,negative,0.5666109323501587,-0.8695406913757324,3.228283166885376
1403898388685328389,negative,0.8792471885681152,-0.2442302107810974,1.6970407962799072
1403898389352353792,neutral,1.9053356647491455,-0.41594067215919495,0.9914838671684265
1403898390346452993,negative,1.1069566011428833,-0.48716387152671814,2.063549041748047
1403898390379958276,negative,1.6998847723007202,-0.9576684832572937,2.0971341133117676
1403898390837137408,negative,0.49812695384025574,0.4803166687488556,0.6473163366317749
1403898391533211648,neutral,1.6132932901382446,1.013008952140808,0.1297181248664856
1403898391600447488,negative,1.0883618593215942,-0.5602694749832153,1.920455813407898
1403898391743111168,positive,0.24194464087486267,0.9218271970748901,0.6420593857765198
1403898391894147073,neutral,2.116240978240967,2.005575656890869,-0.459467351436615
1403898392397303811,neutral,1.356040596961975,1.0208461284637451,0.8867242932319641
1403898392837648384,neutral,2.686922550201416,0.012738168239593506,0.6487727165222168
1403898393727021057,positive,0.9287968873977661,2.222792387008667,-0.2437240034341812
1403898393772974088,neutral,1.774074673652649,-0.3022387623786926,1.0270293951034546
1403898393982865410,neutral,2.1832115650177,1.3436704874038696,-0.04675915092229843
1403898394779729924,negative,1.6300997734069824,-1.16511869430542,2.5472285747528076
1403898394922426371,negative,0.644571840763092,-0.44511401653289795,0.8197550177574158
1403898395157315585,neutral,1.6347750425338745,0.34564587473869324,0.5128580927848816
1403898396675514378,negative,0.9780874848365784,0.2933967411518097,1.7245956659317017
1403898396985872386,neutral,1.59798264503479,-0.3750270903110504,1.4156603813171387
1403898398013485059,positive,1.2503904104232788,1.3471198081970215,0.3398737609386444
1403898398244229122,negative,0.8908727765083313,-0.6619898676872253,2.4564123153686523
1403898398554484739,neutral,1.5797871351242065,-0.16880199313163757,1.5631393194198608
1403898398604996609,neutral,2.178636312484741,-0.5951839089393616,0.4340347945690155
1403898399234138113,neutral,1.5649681091308594,0.4843093752861023,1.3416621685028076
1403898400374886403,negative,0.8318074941635132,-0.2964203953742981,1.4660537242889404
1403898400731508737,positive,2.3379032611846924,2.525219440460205,-0.6998003721237183
1403898400928534528,negative,1.600744366645813,-1.2062618732452393,3.0223493576049805
1403898401192742914,negative,1.3783894777297974,0.08099629729986191,1.7644766569137573
1403898401553633281,negative,1.0906903743743896,-0.6950693726539612,2.1853039264678955
1403898401821847554,negative,1.2102137804031372,-0.28367459774017334,1.8235526084899902
1403898402375675911,positive,0.5506031513214111,1.8513833284378052,-0.06699639558792114
1403898402509754377,positive,1.4629311561584473,2.989661693572998,-0.5081861615180969
1403898402799116289,neutral,2.013702630996704,0.9172489643096924,-0.06296499073505402
1403898404304875524,negative,0.7041308879852295,-0.2033482789993286,2.3108649253845215
1403898404346941442,negative,1.076833963394165,-0.9646479487419128,2.903752326965332
1403898405135454213,negative,0.5628336668014526,-1.0658873319625854,3.6232872009277344
1403898405600989185,neutral,1.9053356647491455,-0.41594067215919495,0.9914838671684265
1403898406003777543,negative,1.608350396156311,-1.1274421215057373,2.172243356704712
1403898409375830017,neutral,1.5426079034805298,0.5317460298538208,0.2307034134864807
1403898409610747906,neutral,2.036546230316162,-0.29658570885658264,1.1426016092300415
1403898409698856960,negative,1.2841020822525024,-0.07321146875619888,1.4761888980865479
1403898410244128774,neutral,2.711944818496704,-0.22567307949066162,0.7907360792160034
1403898410256769024,neutral,1.6855745315551758,0.37137290835380554,0.37932199239730835
1403898410474774534,neutral,2.5910043716430664,0.8025946021080017,0.06581573188304901
1403898410525155333,negative,1.086726427078247,-0.33948490023612976,2.0128977298736572
1403898410990669825,neutral,1.3240455389022827,0.06242315471172333,0.6930539608001709
1403898412056121352,neutral,1.5978000164031982,0.07402774691581726,0.7179110050201416
1403898412123176960,neutral,2.1617162227630615,-1.065799593925476,2.0157406330108643
1403898412286701569,negative,1.4240097999572754,-1.216938853263855,3.0996930599212646
1403898413582671872,neutral,2.264117479324341,1.2880951166152954,-0.2365056425333023
1403898414539018243,negative,1.262342095375061,-1.2370593547821045,2.973182201385498
1403898414761447426,neutral,1.469529628753662,-0.1544647216796875,0.8333377838134766
1403898415281426437,negative,0.09276723861694336,0.02566824108362198,1.307778239250183
1403898416065826818,neutral,1.411454200744629,0.478672593832016,0.8535600900650024
1403898416451624963,positive,1.4410221576690674,1.485520601272583,-0.2435964196920395
1403898416992702469,neutral,3.530146598815918,1.6300078630447388,-1.0650410652160645
1403898417865240581,neutral,1.8259775638580322,-0.7735645174980164,1.5164074897766113
1403898418112589824,negative,1.2890139818191528,-0.4299790561199188,1.8073995113372803
1403898418276220930,negative,0.8100091814994812,-0.3100016117095947,1.558555006980896
1403898418439737353,negative,1.5462322235107422,-0.9039552211761475,1.9369906187057495
1403898420285231106,negative,1.086726427078247,-0.33948490023612976,2.0128977298736572
1403898420562055172,negative,1.3916523456573486,0.024219028651714325,1.764966607093811
1403898421216526338,negative,1.4170414209365845,-0.8677853345870972,2.697448968887329
1403898422021832704,neutral,1.6496363878250122,0.5481400489807129,0.8658180236816406
1403898422361423872,neutral,1.4659044742584229,-0.4316388666629791,1.0249764919281006
1403898423598747651,negative,0.7977342009544373,-0.7203458547592163,2.4761664867401123
1403898423875575808,neutral,2.289669990539551,1.7226166725158691,-0.4583539366722107
1403898423913246720,neutral,1.4194544553756714,-0.16464272141456604,0.9454902410507202
1403898424102207488,negative,1.1317617893218994,0.1765303611755371,1.2933363914489746
1403898424110370819,neutral,1.7381792068481445,0.15150558948516846,0.20194360613822937
1403898424232132615,negative,1.0820634365081787,-0.16371485590934753,1.6221007108688354
1403898424504643585,neutral,2.0901553630828857,0.3451036810874939,0.9200282692909241
1403898424789856257,neutral,2.1155593395233154,0.8803727626800537,0.03162018582224846
1403898424877993988,negative,1.030685544013977,-0.6161831021308899,1.4608154296875
1403898425842835463,positive,1.4143708944320679,2.3002007007598877,-0.1875886470079422
1403898426547396611,negative,0.44784626364707947,-0.1499650478363037,2.612367868423462
1403898427293851656,negative,1.1648919582366943,-0.7240926027297974,2.121675968170166
1403898427549814784,neutral,1.8955224752426147,-0.6867144703865051,1.520538330078125
1403898427801432065,negative,1.3016115427017212,-0.6461246609687805,1.888641119003296
1403898428103348225,neutral,1.6156479120254517,1.0034308433532715,0.9610843658447266
1403898428346843138,neutral,1.2758800983428955,0.48403459787368774,0.58209228515625
1403898430502674432,neutral,2.506451368331909,1.4469833374023438,-0.5270969271659851
1403898430506868737,neutral,1.8955224752426147,-0.6867144703865051,1.520538330078125
1403898431870058496,neutral,2.033837080001831,0.11866537481546402,0.38568368554115295
1403898432192880642,positive,1.9316705465316772,2.1811797618865967,-0.5911884903907776
1403898432436129795,neutral,1.0858314037322998,0.8969610929489136,0.9142272472381592
1403898432851353608,negative,0.925693154335022,-1.045351505279541,2.8432867527008057
1403898433350426626,neutral,1.6855745315551758,0.37137290835380554,0.37932199239730835
1403898434214502404,neutral,3.5504117012023926,1.7021974325180054,-1.092275619506836
1403898434277363715,neutral,2.8194010257720947,1.760742425918579,-0.5749668478965759
1403898434717954052,neutral,1.9777239561080933,0.2294434905052185,0.8522433042526245
1403898434927706114,neutral,1.96587336063385,0.32183802127838135,-0.43030717968940735
1403898435036663815,neutral,1.7990339994430542,0.32952064275741577,0.9112208485603333
1403898435355430912,neutral,1.6952565908432007,0.3796398937702179,1.3148893117904663
1403898435498086400,negative,0.6651290059089661,-0.763510525226593,2.969712018966675
1403898435670102018,negative,1.5132566690444946,-1.0696132183074951,2.363255262374878
1403898437158899714,neutral,1.4659044742584229,-0.4316388666629791,1.0249764919281006
1403898437330948106,neutral,1.2484387159347534,0.2922047972679138,1.1332184076309204
1403898437481820161,negative,1.311780571937561,-1.3488850593566895,3.847764015197754
1403898438790443012,positive,1.685198426246643,3.039599895477295,-0.5585665702819824
1403898438908010499,neutral,2.1617162227630615,-1.065799593925476,2.0157406330108643
1403898439562240003,negative,1.0572155714035034,-0.9330706000328064,2.2307865619659424
1403898440724140034,negative,1.2423046827316284,-0.8097944259643555,1.9963855743408203
1403898441118453762,positive,2.468137741088867,3.2754781246185303,-1.136727213859558
1403898441793773569,positive,1.0785855054855347,1.6414813995361328,0.12735025584697723
1403898442649276420,positive,0.7076202630996704,1.5352545976638794,0.836374819278717
1403898442737504260,neutral,2.1832115650177,1.3436704874038696,-0.04675915092229843
1403898442762444800,neutral,1.6855745315551758,0.37137290835380554,0.37932199239730835
1403898443060461573,negative,1.4093924760818481,-0.8058127164840698,1.9242056608200073
1403898443748179969,negative,0.7311543226242065,0.31961897015571594,1.2363613843917847
1403898444238966785,neutral,0.8664182424545288,0.4619717001914978,0.5436476469039917
1403898445287419906,neutral,1.6243857145309448,-0.297770231962204,1.4528541564941406
1403898445673414658,neutral,1.8891878128051758,0.5245234966278076,0.5609523057937622
1403898446222970882,negative,0.6333156824111938,-0.9926373362541199,3.524200677871704
1403898446273200132,negative,0.8145790696144104,-0.2666204869747162,1.930001974105835
1403898446692687872,negative,0.7036752104759216,-0.4517117440700531,2.4521484375
1403898446734581761,neutral,1.2052630186080933,0.8534552454948425,0.6124579906463623
1403898446923374594,negative,0.8362717628479004,-0.2805856168270111,1.9680551290512085
1403898447518912512,neutral,1.6209299564361572,0.16989454627037048,1.050075650215149
1403898447757930497,negative,0.4871636927127838,-0.4119783341884613,3.0909996032714844
1403898448177475587,neutral,1.6349622011184692,-0.25343090295791626,1.1588894128799438
1403898448181608451,negative,0.31889933347702026,-0.9314079880714417,3.5420806407928467
1403898448194064386,neutral,3.186957597732544,2.024380922317505,-0.8298929929733276
1403898448257060864,negative,1.34792959690094,-1.228700876235962,3.3973827362060547
1403898448538075137,neutral,1.6339912414550781,-0.23414582014083862,1.1609957218170166
1403898448638709761,negative,0.9024332761764526,-0.08190714567899704,1.4996792078018188
1403898448781320192,negative,1.3580427169799805,-1.0978436470031738,2.628619432449341
1403898449075052548,neutral,1.1345351934432983,0.507368803024292,1.016538381576538
1403898449226051590,neutral,1.6855745315551758,0.37137290835380554,0.37932199239730835
1403898449263726597,negative,0.6582019925117493,-0.340151309967041,2.35829496383667
1403898449649602561,negative,0.4783361852169037,-0.2769036293029785,2.5062649250030518
1403898450782023684,neutral,1.6751917600631714,0.026794519275426865,1.141197919845581
1403898450886922241,neutral,1.5824434757232666,0.2038956880569458,0.5083481073379517
1403898451142742016,positive,1.9408992528915405,3.7028725147247314,-0.9960960149765015
1403898451427872770,neutral,2.991743564605713,1.3736613988876343,-0.24487482011318207
1403898452233261065,neutral,3.442369222640991,1.5060393810272217,-0.9012288451194763
1403898452287934470,neutral,1.6855745315551758,0.37137290835380554,0.37932199239730835
1403898453126651906,negative,1.397279143333435,-1.09404718875885,2.6723082065582275
1403898453340692482,neutral,2.257737874984741,0.5533366203308105,0.6284548044204712
1403898453348868099,neutral,1.7650130987167358,-0.7029991149902344,1.4997855424880981
1403898453793677323,negative,1.8467316627502441,-1.0882307291030884,1.9658819437026978
1403898454741602305,negative,0.8682621121406555,-0.6471423506736755,2.014944553375244
1403898454938693632,negative,0.45649638772010803,-0.8170604109764099,3.7533464431762695
1403898456695967746,negative,0.8323349356651306,0.0869813933968544,1.2959829568862915
1403898457358671876,neutral,1.7738958597183228,0.8946956396102905,-0.09483107924461365
1403898457606307844,neutral,1.4620680809020996,-0.1708677113056183,1.239047646522522
1403898457849536514,neutral,0.9442688226699829,0.6990146636962891,0.47528553009033203
1403898458042417152,negative,1.139559268951416,-1.0848137140274048,2.842536211013794
1403898458105384964,neutral,1.6797394752502441,-0.3906734585762024,1.1190451383590698
1403898458214391808,neutral,0.8062326908111572,0.057333994656801224,0.011043764650821686
1403898459111911426,neutral,2.135760545730591,1.3716639280319214,-0.2906653583049774
1403898459636310019,neutral,1.655745267868042,0.5212510228157043,0.6115459203720093
1403898460156223490,negative,0.7399508953094482,-0.4746863543987274,1.7998744249343872
1403898460315680769,neutral,1.1541122198104858,0.2852858304977417,1.1341341733932495
1403898460441661440,negative,1.1085423231124878,-0.49013349413871765,1.5121155977249146
1403898460537966595,neutral,1.6156479120254517,1.0034308433532715,0.9610843658447266
1403898462286979073,neutral,2.1577892303466797,1.2033042907714844,-0.37887442111968994
1403898463130206211,negative,1.0733424425125122,-0.7907236218452454,2.361464023590088
1403898463293636612,neutral,2.6163887977600098,1.7948631048202515,-0.3423825204372406
1403898463553671170,neutral,1.597294807434082,1.0009007453918457,0.3664870858192444
1403898463876644866,negative,1.215798020362854,-1.1671397686004639,2.887923240661621
1403898465491501056,neutral,1.7985899448394775,-0.2697293758392334,0.9846018552780151
1403898466653327361,negative,1.2263420820236206,1.3325549364089966,1.337562084197998
1403898466812809218,neutral,1.7663753032684326,-0.28216564655303955,1.0152225494384766
1403898466879688706,positive,3.3535962104797363,4.6519880294799805,-1.50519597530365
1403898466971967488,negative,1.0815117359161377,-1.051242709159851,2.4338202476501465
1403898467257180166,neutral,3.530146598815918,1.6300078630447388,-1.0650410652160645
1403898468779835394,negative,1.0198161602020264,-0.8386890292167664,2.9672088623046875
1403898469337600003,neutral,1.8888916969299316,0.02653404325246811,0.7729098200798035
1403898469694246914,negative,0.534855306148529,-0.8909215331077576,2.731860399246216
1403898471803875333,positive,2.2432477474212646,2.263446807861328,-0.47689634561538696
1403898472038735873,neutral,1.9665699005126953,-0.27396443486213684,0.8219316601753235
1403898472307167232,negative,1.3783894777297974,0.08099629729986191,1.7644766569137573
1403898472454053892,negative,0.5666109323501587,-0.8695406913757324,3.228283166885376
1403898474525904898,negative,1.3328378200531006,-1.1997718811035156,3.0109009742736816
1403898474605682689,neutral,1.7286440134048462,0.8901686668395996,0.44675979018211365
1403898474698088450,positive,2.2432477474212646,2.263446807861328,-0.47689634561538696
1403898475356459008,neutral,1.5624010562896729,1.016247272491455,-0.6368160843849182
1403898475733929991,negative,1.0576353073120117,-1.1364554166793823,3.0590107440948486
1403898476472066050,neutral,1.288504958152771,0.4984723627567291,0.12033110857009888
1403898476702756872,neutral,2.0400524139404297,0.6516426205635071,-0.08556966483592987
1403898477462048771,negative,1.0226823091506958,-0.3095061182975769,2.044344186782837
1403898477604610049,positive,2.100405216217041,2.8369333744049072,-0.7897496819496155
1403898478011559941,negative,1.6382110118865967,-0.3366380035877228,1.8900654315948486
1403898478405640192,neutral,1.4168410301208496,1.0380886793136597,0.6158473491668701
1403898478523211776,negative,0.854153037071228,0.22772356867790222,1.2699493169784546
1403898478657294339,neutral,2.217390298843384,0.3097662925720215,0.3410781919956207
1403898479844360198,negative,1.2207109928131104,-1.1685535907745361,3.064903497695923
1403898480469368832,neutral,1.4316532611846924,0.6311367750167847,-0.00047492049634456635
1403898480884477955,neutral,3.133775472640991,2.6310372352600098,-1.0797433853149414
1403898482272899073,neutral,2.4398210048675537,2.276357412338257,-0.38915935158729553
1403898482323296258,negative,1.2766809463500977,-0.6316002011299133,1.744517207145691
1403898482880966660,neutral,1.6855745315551758,0.37137290835380554,0.37932199239730835
1403898484114264067,negative,1.600744366645813,-1.2062618732452393,3.0223493576049805
1403898484189708291,negative,0.2885116934776306,-0.6733726859092712,2.3382174968719482
1403898484651081730,negative,1.100096583366394,-0.34031668305397034,1.1153173446655273
1403898484781056001,neutral,2.810608386993408,0.9623031616210938,-0.011191604658961296
1403898486504902656,neutral,1.1567912101745605,0.4581645727157593,0.17278164625167847
1403898486798512129,positive,2.2432477474212646,2.263446807861328,-0.47689634561538696
1403898487851212802,negative,0.5393245816230774,0.49996480345726013,1.196122407913208
1403898488329576450,neutral,1.5580987930297852,-0.2715216279029846,1.4650496244430542
1403898488564289536,positive,1.2167136669158936,1.957889199256897,0.05776697397232056
1403898489491398659,neutral,1.6394017934799194,0.8625143766403198,0.9282214641571045
1403898489625628678,neutral,1.9403049945831299,-0.6860625147819519,0.9651776552200317
1403898490522984450,neutral,1.5471855401992798,0.46962204575538635,0.9420439004898071
1403898493215940609,neutral,1.5978000164031982,0.07402774691581726,0.7179110050201416
1403898493832368129,neutral,1.2912241220474243,0.15812397003173828,1.1735349893569946
1403898494293712899,neutral,2.8892662525177,0.1805000603199005,-0.18740426003932953
1403898494960619524,neutral,2.0509448051452637,0.3017248213291168,0.5288618206977844
1403898496118398976,neutral,1.98062264919281,0.7458091974258423,0.5515535473823547
1403898497024368640,positive,1.571689248085022,1.7264846563339233,0.1109740361571312
1403898497720410122,positive,1.8796228170394897,2.0423743724823,-0.44462165236473083
1403898497728983045,positive,1.3209025859832764,1.984281301498413,0.005960756912827492
1403898498014072834,neutral,1.5229394435882568,-0.4482543170452118,1.4507163763046265
1403898499276681219,neutral,1.5978000164031982,0.07402774691581726,0.7179110050201416
1403898501415641091,positive,0.8097522258758545,1.2995210886001587,0.10947391390800476
1403898502007099392,negative,1.2766809463500977,-0.6316001415252686,1.7445170879364014
1403898503357628424,neutral,1.9998074769973755,1.4736448526382446,0.04506026208400726
1403898503378657281,negative,0.7838588953018188,-0.8143433928489685,2.5138864517211914
1403898505362563073,positive,0.9796730279922485,1.6160396337509155,0.26833945512771606
1403898507128238086,negative,0.10977155715227127,0.05169472098350525,0.9482874870300293
1403898507249991684,negative,0.8323348760604858,0.086981400847435,1.2959829568862915
1403898508264894465,neutral,2.352135181427002,-0.21844756603240967,0.6616430878639221
1403898509896605696,neutral,1.9749765396118164,0.27043119072914124,0.6322558522224426
1403898510387290113,positive,0.4737495481967926,1.2970271110534668,0.9387255907058716
1403898510466899977,negative,0.7173109650611877,-0.34744200110435486,1.5483834743499756
1403898511075119107,negative,1.9630471467971802,-1.0439496040344238,2.3259267807006836
1403898511997870081,negative,1.3447706699371338,-1.2641280889511108,3.2405104637145996
1403898512400601090,neutral,2.3061580657958984,0.5227155089378357,0.32168152928352356
1403898512551596037,neutral,1.5985980033874512,-0.702538788318634,1.2886408567428589
1403898513218424834,neutral,2.1832115650177,1.3436704874038696,-0.04675915092229843
1403898513549934600,neutral,2.171767473220825,1.7336959838867188,-0.8858469724655151
1403898513897910276,neutral,2.203944444656372,0.83460533618927,0.18024277687072754
1403898514891968514,positive,0.5649288892745972,4.996373653411865,-0.44754716753959656
1403898515344871429,negative,1.1900370121002197,-1.170117974281311,2.839707851409912
1403898515579883520,neutral,1.5978000164031982,0.07402774691581726,0.7179110050201416
1403898515789697027,negative,0.8777204155921936,-0.10877687484025955,1.9683479070663452
1403898516200513536,positive,1.3425534963607788,3.0069730281829834,-0.6373295187950134
1403898519505629184,negative,1.0797374248504639,-0.23153111338615417,1.7180463075637817
1403898519883108356,neutral,2.253906726837158,1.0838887691497803,-0.4620297849178314
1403898520000622597,neutral,1.365983247756958,-0.026248767971992493,1.3223857879638672
1403898521699307522,neutral,1.6107282638549805,1.3471002578735352,0.015460213646292686
1403898525273018369,negative,0.580812931060791,-0.879549503326416,3.256075859069824
1403898525881143296,negative,1.224915862083435,-0.9688088297843933,2.2292375564575195
1403898526057259016,negative,0.5129746794700623,-0.8990887403488159,2.772197723388672
1403898526703128576,neutral,1.070691704750061,0.6146996021270752,0.493082731962204
1403898527613284355,neutral,2.3061580657958984,0.5227155089378357,0.32168152928352356
1403898527923814401,neutral,2.8217248916625977,0.02573484182357788,0.5355105400085449
1403898528204693506,neutral,1.8106342554092407,0.41629907488822937,0.6457952260971069
1403898529634930692,neutral,1.592433214187622,-0.07500600069761276,1.2663295269012451
1403898531102986241,negative,1.40402352809906,-0.8634890913963318,1.9171342849731445
1403898532025683969,negative,1.1859108209609985,-0.536868691444397,1.3840152025222778
1403898532382351363,negative,0.45649638772010803,-0.8170604109764099,3.7533464431762695
1403898533317468166,neutral,1.3699313402175903,1.1063100099563599,0.15375636518001556
1403898535741997056,neutral,1.6855745315551758,0.37137290835380554,0.37932202219963074
1403898535980847107,negative,0.5887587070465088,-0.24773681163787842,1.71652090549469
1403898536069042176,negative,1.1406110525131226,-0.34746456146240234,1.7571752071380615
1403898537235021834,neutral,1.4419529438018799,-0.13296478986740112,0.3638519048690796
1403898538182909956,negative,0.506669819355011,0.0241071954369545,1.6938291788101196
1403898538606669824,neutral,2.888094663619995,1.9317737817764282,-0.9462902545928955
1403898538770137093,positive,0.7175540328025818,1.4235159158706665,0.3092403709888458
1403898540804304900,negative,1.5751720666885376,-0.5318489074707031,1.7990473508834839
1403898541072961541,negative,1.249825358390808,-1.197953701019287,3.11466646194458
1403898541148278790,neutral,2.64100980758667,1.0753251314163208,-0.5171799659729004
1403898541408276480,negative,1.3631954193115234,-0.7136404514312744,2.4238972663879395
1403898541911773185,neutral,1.6961461305618286,-0.6139447689056396,0.7829912304878235
1403898542230360066,negative,1.3612338304519653,-0.6863888502120972,1.407816767692566
1403898542834417668,neutral,1.185720443725586,0.7709367275238037,1.1792527437210083
1403898544822571009,neutral,1.0928045511245728,0.3101691007614136,0.8269418478012085
1403898545040732162,negative,1.4180810451507568,-0.9168718457221985,1.8428053855895996
1403898545325981698,negative,1.141166090965271,-0.18214789032936096,1.9708869457244873
1403898548152844299,negative,0.9332356452941895,-0.2831701934337616,2.3416173458099365
1403898550195470337,negative,0.8138414621353149,0.20148904621601105,1.2481600046157837
1403898550501576709,neutral,2.5517189502716064,1.035503625869751,-0.3767659068107605
1403898550740819969,neutral,1.202722430229187,0.62956303358078,-0.1687859743833542
1403898551357292546,negative,1.0343358516693115,-0.39354780316352844,2.469404458999634
1403898551361495040,negative,1.2071043252944946,-0.5148179531097412,1.7887457609176636
1403898551713910786,neutral,1.38631272315979,0.11269345134496689,0.9672435522079468
1403898552053424129,neutral,2.2246689796447754,-0.07018644362688065,0.9600297808647156
1403898553643126784,neutral,2.1978042125701904,0.5294157266616821,-0.3173019587993622
1403898554675040256,negative,0.8323348760604858,0.086981400847435,1.2959829568862915
1403898555736068096,neutral,1.7373533248901367,-0.017367325723171234,1.4273332357406616
1403898556331798535,negative,1.4396209716796875,-0.037354178726673126,1.5953599214553833
1403898556692398082,negative,1.1827704906463623,-0.35468676686286926,1.80565345287323
1403898557564801030,neutral,1.5440791845321655,0.7582414150238037,0.4698267877101898
1403898557820715009,negative,1.0947840213775635,-0.7075545191764832,1.8279097080230713
1403898559645175811,negative,1.3242018222808838,-0.5915959477424622,1.7225054502487183
1403898560236736513,negative,0.5828343033790588,-1.0724163055419922,3.2340140342712402
1403898560555388930,neutral,1.7757548093795776,0.41473037004470825,0.7451025247573853
1403898560840667139,negative,0.9556259512901306,-0.01323099434375763,1.6918429136276245
1403898560903585795,negative,1.2241885662078857,-0.35757148265838623,1.345705270767212
1403898561360797696,negative,1.421921730041504,-0.9823320508003235,2.2466657161712646
1403898561775951874,positive,1.423593521118164,2.232928991317749,-0.34299248456954956
1403898562107396096,negative,1.2035621404647827,-1.1508886814117432,2.8287627696990967
1403898562161922050,neutral,1.5824434757232666,0.2038956880569458,0.5083481073379517
1403898564670103555,neutral,1.9640891551971436,0.7689072489738464,0.36215636134147644
1403898565257162757,negative,0.5007922053337097,0.6547698974609375,2.443070888519287
1403898566007877637,negative,0.8610117435455322,0.03850831836462021,1.8271986246109009
1403898568826445824,negative,0.5322703123092651,0.12089178711175919,0.7102627754211426
1403898571749871619,positive,0.38026443123817444,1.447281002998352,-0.2856069505214691
1403898571951329280,negative,1.240368366241455,-0.3576336205005646,1.533520221710205
1403898572190277632,negative,1.3017350435256958,-0.3069743812084198,2.07132625579834
1403898573817880576,neutral,2.126412868499756,-0.8504928350448608,1.3406469821929932
1403898574388269062,positive,2.101590871810913,4.405062675476074,-1.6565155982971191
1403898574417534990,neutral,2.0335278511047363,1.0989609956741333,-0.48193395137786865
1403898577110327298,negative,0.6830837726593018,0.23325496912002563,1.7562220096588135
1403898578246930439,neutral,1.7310503721237183,0.5471149682998657,0.4840288758277893
1403898578918121472,positive,2.3379032611846924,2.525219440460205,-0.6998003721237183
1403898579014471683,negative,0.9800041913986206,0.4319992661476135,1.630638837814331
1403898583246675969,neutral,1.222633957862854,0.3050175607204437,1.2190284729003906
1403898583561031684,positive,1.0132250785827637,1.569560170173645,0.47938618063926697
1403898583586201609,positive,2.2432477474212646,2.263446807861328,-0.47689634561538696
1403898584215572480,positive,1.5511530637741089,2.8201136589050293,-0.3732718825340271
1403898584974700544,neutral,1.6855745315551758,0.37137290835380554,0.37932199239730835
1403898586195185666,neutral,1.7334134578704834,-0.45642927289009094,1.1833784580230713
1403898586258096129,neutral,2.338855028152466,1.5304394960403442,-0.6971542239189148
1403898586463567877,neutral,2.641366481781006,2.040248155593872,-0.23189498484134674
1403898586597711877,neutral,1.0655821561813354,0.871285617351532,0.5416266918182373
1403898586660708353,negative,0.9630367159843445,-0.4998043477535248,2.1679837703704834
1403898587390656512,negative,1.4180810451507568,-0.9168718457221985,1.8428053855895996
1403898588007223296,negative,0.5666109323501587,-0.8695406913757324,3.228283166885376
1403898588816711683,negative,1.3462823629379272,-1.2416229248046875,2.9527995586395264
1403898588976062465,negative,0.8378650546073914,-1.047989010810852,2.8569157123565674
1403898590687162369,negative,1.0468506813049316,-0.04976680129766464,1.8594329357147217
1403898593904193537,neutral,1.3390511274337769,0.6238422393798828,1.2466431856155396
1403898594462257154,positive,2.174684762954712,2.4174301624298096,-0.4282732307910919
1403898594483228674,negative,1.1405426263809204,-0.9764842391014099,2.2881999015808105
1403898595049357315,negative,0.3234325051307678,-0.183036208152771,2.580385446548462
1403898595326132224,negative,1.2322144508361816,-1.0002336502075195,2.143557071685791
1403898596970270724,positive,2.942852258682251,3.7804622650146484,-1.440994143486023
1403898596970336259,negative,1.0907644033432007,-0.37843549251556396,2.058513641357422
1403898597633138692,positive,2.3379032611846924,2.525219440460205,-0.6998003721237183
1403898597842714630,neutral,2.4847967624664307,0.23848149180412292,0.04455602169036865
1403898598882877444,negative,0.255205899477005,-0.46356627345085144,3.0003092288970947
1403898599038066696,negative,1.1396427154541016,-1.125592589378357,3.11069917678833
1403898599449120771,positive,1.6305288076400757,2.106428384780884,-0.24177120625972748
1403898600371806210,negative,0.8061770796775818,-0.6775262355804443,2.830129384994507
1403898600946503681,neutral,1.5198780298233032,0.6322053074836731,0.5008502006530762
1403898601475121160,negative,0.6173499822616577,0.03159691020846367,1.6682698726654053
1403898601764384771,neutral,1.5457310676574707,0.7631447315216064,0.4652441740036011
1403898602720800770,neutral,1.6077783107757568,0.005293108522891998,0.9944087862968445
1403898603488219137,negative,1.1212712526321411,-1.0347131490707397,2.946563482284546
1403898604243230721,neutral,2.339174747467041,0.9759997129440308,0.32177531719207764
1403898604297674760,negative,1.3538788557052612,-0.4181446135044098,2.264458656311035
1403898604327215106,neutral,2.3061580657958984,0.5227155089378357,0.32168152928352356
1403898605841309698,negative,0.673111617565155,0.014478564262390137,1.5384577512741089
1403898606000693254,neutral,2.1712608337402344,1.2131068706512451,-0.22361086308956146
1403898606512451585,neutral,2.6030848026275635,0.3479084074497223,-0.17408384382724762
1403898606847987713,positive,0.1888037770986557,2.8812472820281982,-0.22866502404212952
1403898607581925376,negative,1.2071043252944946,-0.5148178935050964,1.7887457609176636
1403898608114618371,neutral,1.6855745315551758,0.37137290835380554,0.37932199239730835
1403898608362029056,negative,0.9929909110069275,-0.7368529438972473,1.9260650873184204
1403898608580235265,negative,0.9898884892463684,-0.12409047037363052,1.5635602474212646
1403898609418924036,neutral,1.5941485166549683,-0.14979246258735657,1.2119802236557007
1403898609616162817,neutral,1.4421426057815552,-0.6312639713287354,1.1745760440826416
1403898611176411138,neutral,2.008622884750366,-0.2625197470188141,1.1353901624679565
1403898611419828224,negative,0.7946382761001587,-0.9021715521812439,2.414010763168335
1403898611864244228,neutral,1.6156479120254517,1.0034308433532715,0.9610843658447266
1403898612795412486,negative,1.3416739702224731,-1.0802124738693237,2.9748754501342773
1403898614452146178,neutral,2.6163887977600098,1.7948631048202515,-0.3423825204372406
1403898614653632519,negative,1.261626124382019,-0.8702477812767029,2.806288480758667
1403898614800433158,neutral,1.8356375694274902,1.3129998445510864,-0.2708694338798523
1403898615492349956,neutral,2.2679004669189453,0.12122537195682526,0.40937578678131104
1403898615668514816,negative,1.6262003183364868,-0.8582463264465332,2.0004074573516846
1403898616993832961,negative,0.9084785580635071,-0.2828884422779083,1.717450499534607
1403898617031663618,neutral,1.9486819505691528,1.2288644313812256,-0.19494503736495972
1403898618747052035,neutral,2.010875701904297,0.3391522765159607,0.3537071645259857
1403898620676513792,positive,0.9403693675994873,2.030346393585205,0.007537867873907089
1403898621419003905,negative,1.1405426263809204,-0.9764842391014099,2.2881999015808105
1403898621880422404,negative,1.075622797012329,-0.5833528637886047,1.5381051301956177
1403898623599861761,neutral,1.9916645288467407,-0.5982837080955505,0.7482398152351379
1403898623700647944,neutral,1.6855745315551758,0.37137290835380554,0.37932199239730835
1403898626351398915,neutral,2.494039297103882,1.097740888595581,-0.3096384108066559
1403898627068674052,neutral,2.506451368331909,1.4469833374023438,-0.5270969271659851
1403898627269939200,negative,1.0448843240737915,-0.867222249507904,2.1874654293060303
1403898627693506561,neutral,1.49468994140625,-0.5016316175460815,1.4095386266708374
1403898628259844096,neutral,1.6855745315551758,0.37137290835380554,0.37932199239730835
1403898628566028288,neutral,1.5317754745483398,0.6050112843513489,0.853941023349762
1403898629463678976,positive,0.813641369342804,2.509932041168213,-0.24301765859127045
1403898630868668420,negative,1.1043612957000732,-1.0308401584625244,2.7649717330932617
1403898631954915334,negative,1.3208074569702148,-0.8581485748291016,2.019310712814331
1403898632798101512,neutral,1.6156479120254517,1.0034308433532715,0.9610843658447266
1403898632814751744,negative,0.5327313542366028,0.1921280473470688,1.8010286092758179
1403898633129381888,negative,1.6252063512802124,-0.6578108072280884,2.1209497451782227
1403898633661997059,positive,1.9316705465316772,2.1811797618865967,-0.5911884903907776
1403898633792065537,neutral,2.7521774768829346,2.0563833713531494,-0.6486823558807373
1403898634215718925,neutral,1.3776081800460815,0.25485759973526,0.5378836989402771
1403898634416971779,neutral,1.5325167179107666,0.7698326110839844,0.4684734046459198
1403898634718957569,negative,1.0653774738311768,-1.0083895921707153,2.5501933097839355
1403898634748547073,neutral,0.8944383263587952,0.659483015537262,0.17342329025268555
1403898635520196611,neutral,1.3779608011245728,-0.15953794121742249,1.3209428787231445
1403898635595796482,neutral,1.6855745315551758,0.37137290835380554,0.37932199239730835
1403898635696312322,positive,0.5236334204673767,0.7665696144104004,0.3497593104839325
1403898636011032582,neutral,1.5426079034805298,0.5317460298538208,0.2307034134864807
1403898637680189444,positive,1.622058629989624,1.879451036453247,-0.8603660464286804
1403898639869779970,positive,1.4852463006973267,3.439666509628296,-0.5547838807106018
1403898639957827585,neutral,1.6679816246032715,0.9102920889854431,0.6233014464378357
1403898640033366016,negative,0.12158370018005371,-0.22128507494926453,1.7581734657287598
1403898641711042560,negative,0.2846999764442444,-0.7487872838973999,3.4449167251586914
1403898642746904581,neutral,1.681535005569458,-0.023532338440418243,1.0369114875793457
1403898644055556099,negative,0.8784946203231812,-1.0069100856781006,2.5131049156188965
1403898644592537600,neutral,2.120029926300049,1.6253364086151123,-0.2862170338630676
1403898645460754436,negative,1.4816652536392212,-0.2248471975326538,1.5990265607833862
1403898646198882308,negative,1.3462823629379272,-1.2416229248046875,2.9527995586395264
1403898646224158720,negative,0.7199593186378479,-0.8153142333030701,2.878356456756592
1403898647062876167,positive,0.7207843661308289,1.6360664367675781,-0.05686414986848831
1403898647612465156,neutral,1.6390693187713623,1.4816782474517822,-0.2569466829299927
1403898650145832960,negative,1.4916460514068604,-1.3428512811660767,3.207665205001831
1403898653782134785,negative,1.600744366645813,-1.2062618732452393,3.0223493576049805
1403898654134571014,negative,1.0815117359161377,-1.051242709159851,2.4338202476501465
1403898654356697092,neutral,1.6662318706512451,0.9034815430641174,0.4259011149406433
1403898654360961025,negative,1.1383845806121826,0.09972494840621948,1.4298425912857056
1403898655380148226,positive,1.2503904104232788,1.3471198081970215,0.3398737609386444
1403898655912902656,negative,1.0818066596984863,0.06920024007558823,1.9826445579528809
1403898656680464384,negative,1.2736836671829224,-0.9948567748069763,2.586902141571045
1403898657309609986,neutral,2.042203187942505,1.2409858703613281,-0.23731042444705963
1403898658311921666,neutral,2.6062545776367188,1.5156066417694092,0.322782963514328
1403898659067076608,negative,1.0238580703735352,-0.6816105246543884,2.6686837673187256
1403898659222089732,neutral,1.4324649572372437,0.27195510268211365,0.5691354870796204
1403898659260018689,neutral,1.9659721851348877,0.3703058660030365,0.4774651825428009
1403898661931728902,neutral,1.6855745315551758,0.37137290835380554,0.37932199239730835
1403898663294930946,negative,0.37268775701522827,-0.5209792852401733,2.063145160675049
1403898664154800129,negative,0.854153037071228,0.22772356867790222,1.2699493169784546
1403898665131941891,neutral,1.784049391746521,0.06673802435398102,0.358603298664093
1403898665190641669,negative,1.600744366645813,-1.2062618732452393,3.0223493576049805
1403898665287180288,negative,1.13535475730896,-0.2905583679676056,1.2604365348815918
1403898665538928645,neutral,0.7636217474937439,0.49377569556236267,0.24299131333827972
1403898665559855105,positive,1.2569890022277832,3.7160348892211914,-0.28678205609321594
1403898665937346561,negative,1.030448317527771,-0.8581323027610779,2.982595920562744
1403898666260303874,negative,0.712681770324707,-0.6512630581855774,2.9716615676879883
1403898666952269833,neutral,2.622558116912842,-0.24438601732254028,0.9514256715774536
1403898667149430784,neutral,1.5879147052764893,0.4648594558238983,0.5530456304550171
1403898667707207680,neutral,1.5318360328674316,0.9825312495231628,0.964274525642395
1403898667728130057,neutral,3.5671377182006836,2.345227003097534,-1.2749253511428833
1403898667745091584,negative,1.1769659519195557,-0.7594332695007324,2.1521177291870117
1403898667765878789,negative,1.5178685188293457,-0.38782113790512085,1.5386348962783813
1403898668235829251,neutral,2.6996331214904785,2.323786497116089,-0.7523489594459534
1403898668852338688,negative,0.152048259973526,0.8487858772277832,1.0561187267303467
1403898669926170625,neutral,2.137878894805908,-0.20083996653556824,1.0886043310165405
1403898669946925060,neutral,1.820059061050415,0.5870170593261719,-0.06982338428497314
1403898670039416834,negative,1.0716489553451538,0.5452193021774292,1.5283282995224
1403898671830208519,neutral,1.762256145477295,-0.17498552799224854,0.7259518504142761
1403898672291606532,neutral,3.530146598815918,1.6300078630447388,-1.0650410652160645
1403898672438558720,negative,0.5828343033790588,-1.0724163055419922,3.2340140342712402
1403898674024005639,positive,0.6756231784820557,2.114993095397949,0.043056052178144455
1403898675177398276,positive,1.6855376958847046,2.223081350326538,-0.45177677273750305
1403898676272144385,negative,1.2545249462127686,-1.0369679927825928,2.7689449787139893
1403898676414607364,negative,1.5462322235107422,-0.9039552211761475,1.9369906187057495
1403898677681344514,positive,0.42436718940734863,4.301692962646484,-0.9597411155700684
1403898677832290306,neutral,1.702270269393921,-0.5971353054046631,1.6730320453643799
1403898678457159684,neutral,2.1832115650177,1.3436704874038696,-0.046759121119976044
1403898678486634501,neutral,2.1273410320281982,-0.4935433566570282,1.063448190689087
1403898679451439111,negative,1.3076804876327515,-1.0025789737701416,2.617399215698242
1403898679925391364,positive,1.9319294691085815,3.125993251800537,-0.5948072075843811
1403898680835555335,positive,1.0254780054092407,1.791264295578003,0.5298861861228943
1403898681082859525,neutral,1.8259775638580322,-0.7735645771026611,1.5164076089859009
1403898683809091591,neutral,1.2885048389434814,0.4984723627567291,0.1203310638666153
1403898684539125769,neutral,1.607574462890625,0.6632883548736572,0.8787218928337097
1403898684551700482,positive,1.1723930835723877,3.0752532482147217,0.05527283251285553
1403898684669005824,negative,0.6361228227615356,0.1736295223236084,0.7054117321968079
1403898686640332802,negative,1.3070192337036133,-1.301767349243164,3.411505699157715
1403898686690807809,neutral,1.8106340169906616,0.416299045085907,0.6457952857017517
1403898687307255820,neutral,1.6449722051620483,0.90211021900177,0.2111712098121643
1403898687747592194,negative,1.0144504308700562,-1.3716450929641724,3.964923620223999
1403898687932280846,negative,0.8323348760604858,0.08698143064975739,1.2959829568862915
1403898687995080714,negative,1.0893001556396484,0.310545951128006,1.4566963911056519
1403898688066437120,negative,0.4588331878185272,0.051498621702194214,0.5652633905410767
1403898689018646531,neutral,1.4731473922729492,-0.7638866901397705,1.3973242044448853
1403898689274318852,positive,0.5150433778762817,0.9159411191940308,0.8407269716262817
1403898689731452928,negative,1.3328379392623901,-1.1997720003128052,3.0109012126922607
1403898690264313863,negative,1.1769660711288452,-0.759433388710022,2.1521177291870117
1403898691723808769,negative,1.2987169027328491,-0.523419201374054,1.5412319898605347
1403898692071997445,negative,1.468165397644043,-0.41436389088630676,2.345069408416748
1403898692088721413,neutral,1.913468837738037,0.8418230414390564,0.08926498889923096
1403898692348702720,positive,1.216713547706604,1.957889199256897,0.05776697397232056
1403898692860514306,negative,1.1634631156921387,0.4580264091491699,1.4192317724227905
1403898694106296320,negative,0.8185968399047852,-1.2464245557785034,3.8781707286834717
1403898694374768644,negative,1.556815266609192,-0.8931782245635986,2.1276373863220215
1403898694689165314,negative,1.1353546380996704,-0.2905583679676056,1.2604365348815918
1403898695461003264,neutral,1.1852093935012817,0.6735697984695435,0.9101235866546631
1403898696450850821,negative,1.1018469333648682,-0.5838614106178284,2.1763265132904053
1403898696698417158,positive,0.7201228737831116,1.261946439743042,0.8891233801841736
1403898697063145472,neutral,1.305391550064087,0.6511087417602539,-0.6016401052474976
1403898697725874181,neutral,1.2352300882339478,0.10031507164239883,0.18546055257320404
1403898697973260288,neutral,1.070691704750061,0.61469966173172,0.49308279156684875
1403898699948822528,neutral,1.850645661354065,0.06266234815120697,0.6514924168586731
1403898700347281411,neutral,1.6156479120254517,1.0034308433532715,0.9610841870307922
1403898700666187781,negative,0.8956300616264343,0.07576630264520645,1.4777716398239136
1403898701160992773,positive,1.4059594869613647,1.4520667791366577,0.1627492606639862
1403898701202948097,neutral,1.9697104692459106,0.3992970585823059,0.6709346175193787
1403898701651787777,positive,1.6331977844238281,2.804626226425171,-0.5833343267440796
1403898703119749120,neutral,1.2698253393173218,0.34966301918029785,0.5562231540679932
1403898703308627968,negative,1.2272831201553345,-0.7096399068832397,2.034487724304199
1403898703744753665,neutral,1.5649659633636475,1.2826251983642578,1.271265983581543
1403898704726085640,neutral,1.6855745315551758,0.37137290835380554,0.37932199239730835
1403898705128955911,neutral,1.8969643115997314,1.3391127586364746,-0.998263418674469
1403898705707626500,neutral,1.0928045511245728,0.31016913056373596,0.826941967010498
1403898705946812416,neutral,1.8824213743209839,1.4039638042449951,0.055123601108789444
1403898706924118019,neutral,1.5978000164031982,0.07402776926755905,0.7179110050201416
1403898709037965314,neutral,1.8482731580734253,1.1811474561691284,-0.22026196122169495
1403898709549719560,neutral,1.6855745315551758,0.37137290835380554,0.37932199239730835
1403898709688033289,neutral,2.582322835922241,1.0347548723220825,-0.0793469026684761
1403898710413627396,neutral,2.1832115650177,1.3436704874038696,-0.046759121119976044
1403898710501777408,neutral,1.8106341361999512,0.416299045085907,0.6457952260971069
1403898710577221633,negative,1.4232145547866821,-0.7534363865852356,2.0620169639587402
1403898710908542979,neutral,2.114940881729126,0.49108994007110596,0.22981297969818115
1403898711684616193,neutral,1.965971827507019,0.3703058958053589,0.4774651825428009
1403898712238219264,neutral,1.6667454242706299,-0.6293272376060486,1.2471500635147095
1403898712766615553,negative,1.3328379392623901,-1.1997720003128052,3.0109012126922607
1403898713685250049,negative,0.644905149936676,-0.2082429826259613,1.5558090209960938
1403898714582814726,positive,1.0075664520263672,1.1945308446884155,-0.029587319120764732
1403898714629021696,negative,1.3647290468215942,-0.3029773235321045,2.0554704666137695
1403898715174227969,neutral,1.9244122505187988,0.0696389228105545,0.17149925231933594
1403898715547504640,neutral,1.5376111268997192,-0.07840780168771744,0.9924055933952332
1403898716726206464,negative,1.4743516445159912,0.2618587017059326,1.7392953634262085
1403898716868599816,negative,0.315359890460968,-0.28070446848869324,2.047783851623535
1403898717283897349,negative,1.0695714950561523,-0.08834216743707657,1.0863001346588135
1403898717850144769,positive,0.8616891503334045,1.3688139915466309,0.15168625116348267
1403898718093340675,negative,0.5812686681747437,0.6661446690559387,1.427420735359192
1403898719523643396,positive,1.213778018951416,1.5583857297897339,-0.1184355691075325
1403898720677097473,positive,2.2271292209625244,3.158660650253296,-1.025310754776001
1403898722379984898,positive,0.8255795240402222,1.6547025442123413,-0.30647456645965576
1403898723545935872,negative,1.3416740894317627,-1.0802123546600342,2.9748754501342773
1403898725265723393,neutral,1.5978000164031982,0.07402771711349487,0.7179110050201416
1403898727681646592,negative,1.1453746557235718,0.3837158679962158,1.3632246255874634
1403898728642236421,neutral,2.5107033252716064,1.5049155950546265,0.49007174372673035
1403898728688271360,positive,2.100405216217041,2.836933135986328,-0.7897497415542603
1403898728759574530,negative,0.4564964175224304,-0.8170602321624756,3.7533457279205322
1403898729254600706,negative,1.5315423011779785,-1.008766531944275,2.1457767486572266
1403898729627856898,neutral,2.1245603561401367,-0.9133264422416687,1.7662386894226074
1403898729938182145,neutral,1.8289711475372314,0.0308837927877903,1.0262315273284912
1403898730516934656,neutral,2.1067113876342773,0.12627717852592468,0.8684613704681396
1403898730542252032,neutral,1.5978000164031982,0.07402771711349487,0.7179110050201416
1403898730785382407,negative,1.3986188173294067,-0.8745537996292114,2.2620162963867188
1403898730814722048,negative,0.4616807699203491,0.4239475131034851,1.478242039680481
1403898730827325442,negative,1.0852570533752441,-1.1752991676330566,3.0253994464874268
1403898731456389131,neutral,3.0235836505889893,2.4590606689453125,-1.1157633066177368
1403898732043816961,negative,1.07614004611969,0.5919485688209534,1.343766689300537
1403898733545148418,negative,1.1270197629928589,0.013137400150299072,1.53379487991333
1403898736128921605,neutral,2.5507001876831055,-0.4420001208782196,-0.13606201112270355
1403898736972079108,negative,0.7201571464538574,0.2704788148403168,0.8460821509361267
1403898737030664192,neutral,2.280729055404663,-0.6443305015563965,1.3004803657531738
1403898737047609348,neutral,1.2491083145141602,0.4453287720680237,0.7408767342567444
1403898737127309314,negative,1.0144504308700562,-1.3716450929641724,3.964923620223999
1403898739064983557,positive,0.28147056698799133,4.047082424163818,-0.7037734389305115
1403898741602488325,neutral,1.6879820823669434,-0.39792588353157043,1.5363491773605347
1403898741950660609,negative,0.5968278050422668,-0.24399617314338684,2.2650094032287598
1403898743380795393,negative,0.5348553657531738,-0.8909215331077576,2.731860399246216
1403898744882487299,negative,1.113812804222107,-0.5413927435874939,2.6786673069000244
1403898745813676032,neutral,1.2773395776748657,-0.2883698344230652,0.9556552767753601
1403898747420094464,negative,1.407852053642273,-1.1007437705993652,2.327735662460327
1403898747642286084,neutral,2.3061580657958984,0.5227155089378357,0.32168158888816833
1403898748766392324,negative,1.0217705965042114,-0.64534592628479,1.78053879737854
1403898749588541442,neutral,2.506451368331909,1.4469835758209229,-0.5270969271659851
1403898751731838976,neutral,1.5978000164031982,0.07402771711349487,0.7179110050201416
1403898751987503109,negative,1.10686194896698,-0.16957294940948486,1.6743061542510986
1403898753170485252,negative,1.5737717151641846,-0.5357782244682312,1.8692100048065186
1403898753258606605,neutral,1.4737322330474854,-0.34799250960350037,1.1945853233337402
1403898753564676099,neutral,1.0682567358016968,0.13304883241653442,1.0124354362487793
1403898754109906947,neutral,1.6156479120254517,1.0034308433532715,0.9610841870307922
1403898756802646018,negative,1.3783894777297974,0.08099635690450668,1.7644765377044678
1403898757092052992,neutral,1.2885048389434814,0.4984723627567291,0.1203310638666153
1403898757402357761,positive,1.5424491167068481,1.8869690895080566,0.1294645518064499
1403898757805133824,neutral,1.8759790658950806,-0.4019627571105957,1.3130673170089722
1403898758274838529,neutral,1.2400773763656616,0.8503363728523254,0.11373043805360794
1403898759055122434,negative,1.2766809463500977,-0.6316000819206238,1.7445170879364014
1403898759243878400,negative,1.4300401210784912,-0.3001437783241272,1.4486032724380493
1403898759986114564,neutral,2.23193621635437,1.7267497777938843,-0.2296874076128006
1403898760220971013,positive,1.7747060060501099,3.4235782623291016,-0.5406714081764221
1403898760879509508,negative,1.28081214427948,-1.1482123136520386,3.0622315406799316
1403898762037104641,negative,0.7405543923377991,-1.0306580066680908,3.449502944946289
1403898762154622978,neutral,2.478950023651123,0.31766176223754883,0.19211556017398834
1403898762272067588,negative,1.249825358390808,-1.197953701019287,3.11466646194458
1403898762703958016,negative,0.6419229507446289,-0.11330922693014145,1.9870909452438354
1403898763123511296,neutral,1.9343310594558716,0.16446268558502197,0.5071590542793274
1403898763882622978,positive,1.1197293996810913,1.5951213836669922,0.0739738866686821
1403898764171960320,negative,0.8131116032600403,0.11384397745132446,1.4236743450164795
1403898764255895555,positive,1.182244062423706,3.1485631465911865,-0.5402112603187561
1403898764478365699,negative,0.9025863409042358,0.29916656017303467,1.5946253538131714
1403898764511744003,neutral,2.430654764175415,2.3918423652648926,-0.6223887801170349
1403898765740711943,negative,1.0192594528198242,-0.6925358772277832,1.757446527481079
1403898767993147395,negative,1.4040236473083496,-0.8634890913963318,1.9171342849731445
1403898769263968256,neutral,1.8592925071716309,1.566386103630066,-0.0880889818072319
1403898769419116545,neutral,1.2633006572723389,1.0792564153671265,-0.5086016654968262
1403898769872142338,positive,0.5242210626602173,0.943850040435791,0.5441185832023621
1403898770899623939,neutral,2.6554932594299316,0.8458485007286072,-0.44399747252464294
1403898771147157508,positive,1.7462824583053589,1.8249918222427368,-0.08776453137397766
1403898772858576899,positive,2.329150915145874,4.028774738311768,-0.8327382802963257
1403898773328236545,positive,0.575870931148529,1.4544707536697388,1.146541953086853
1403898774402080774,negative,1.1178563833236694,-0.6688073873519897,2.0255722999572754
1403898774536306694,neutral,1.3796260356903076,-0.07662767916917801,0.7117828726768494
1403898774682963975,negative,1.2692137956619263,-1.260763168334961,3.147785186767578
1403898777161846785,negative,0.7666013836860657,-0.15719634294509888,2.196730613708496
1403898778290110465,neutral,2.1617162227630615,-1.0657998323440552,2.0157408714294434
1403898779980505091,negative,1.2071043252944946,-0.5148178935050964,1.7887457609176636
1403898780227801092,negative,1.7756919860839844,-0.5997695922851562,2.10368013381958
1403898782652125184,neutral,2.403576612472534,-0.05064528435468674,0.4454500079154968
1403898783142858754,neutral,1.6156479120254517,1.0034308433532715,0.9610841870307922
1403898783528898562,neutral,0.9681715965270996,0.5815438032150269,0.6327664852142334
1403898784590057472,negative,0.5590628385543823,-0.19525712728500366,2.370485782623291
1403898785789616129,negative,0.7838588356971741,-0.8143433928489685,2.5138864517211914
1403898786410291206,negative,0.4564964175224304,-0.8170602321624756,3.7533457279205322
1403898786863276035,negative,1.1299312114715576,-0.9409281611442566,2.432163715362549
1403898787505053699,neutral,1.4737322330474854,-0.34799250960350037,1.1945853233337402
1403898787706273792,negative,1.5566753149032593,-0.9819701313972473,2.488696813583374
1403898788754898944,negative,1.0636835098266602,0.9819917678833008,1.2246112823486328
1403898789023391749,positive,1.3861860036849976,1.6857868432998657,0.3876435160636902
1403898791791583238,negative,1.264915108680725,-0.3722284138202667,1.4042580127716064
1403898792168988672,negative,1.1353546380996704,-0.2905583679676056,1.2604364156723022
1403898794564100098,negative,1.402754306793213,-0.6918677091598511,2.192742109298706
1403898794844975106,neutral,1.5831730365753174,0.01674589514732361,0.6735329031944275
1403898794933030922,neutral,1.897933006286621,0.9010273218154907,0.3939719796180725
1403898794975105025,negative,1.0144504308700562,-1.3716450929641724,3.964923620223999
1403898795184644096,neutral,1.8477284908294678,0.902115523815155,-0.3135850429534912
1403898795583172609,positive,1.7451987266540527,3.1082346439361572,-0.897051990032196
1403898796849856512,negative,0.8188632130622864,-1.2099123001098633,3.251992702484131
1403898797105635331,positive,1.5079127550125122,1.5450831651687622,0.03308340907096863
1403898799773396998,negative,0.7304116487503052,-0.5359792709350586,1.8922513723373413
1403898800033259520,neutral,2.1359729766845703,1.8617764711380005,-0.48952603340148926
1403898800146501635,neutral,1.435532808303833,0.7181118726730347,0.5674505233764648
1403898801216237573,neutral,1.070691704750061,0.61469966173172,0.49308279156684875
1403898801262411778,neutral,2.025676965713501,1.8626248836517334,-0.4144989848136902
1403898801337733120,negative,1.1920684576034546,-1.3170809745788574,3.3379671573638916
1403898801396629505,neutral,1.3305355310440063,0.320112019777298,0.533261775970459
1403898801434157058,neutral,1.8206689357757568,-0.008449479937553406,1.1299128532409668
1403898801509658632,positive,1.070202350616455,1.5149303674697876,0.34461915493011475
1403898801992183811,negative,0.9661213755607605,-0.7241053581237793,2.0412747859954834
1403898802168344582,neutral,1.90813148021698,0.5124959945678711,0.6131467819213867
1403898804290654211,negative,1.3475594520568848,-0.7858156561851501,1.6864840984344482
1403898804538155010,neutral,1.7369836568832397,-0.5208842158317566,1.676192045211792
1403898804634460163,neutral,2.821725368499756,0.025734908878803253,0.5355105400085449
1403898805209251845,neutral,1.275879979133606,0.48403459787368774,0.58209228515625
1403898805292978181,negative,1.3783894777297974,0.08099635690450668,1.7644765377044678
1403898805339176965,positive,0.39985713362693787,0.5686523914337158,-0.06192164868116379
1403898806098223112,negative,1.3416740894317627,-1.0802123546600342,2.9748754501342773
1403898807117484039,neutral,1.6679819822311401,0.9102921485900879,0.6233015060424805
1403898807398502401,positive,2.148062229156494,2.8362550735473633,-1.108371615409851
1403898807469834240,negative,1.4936504364013672,-0.7776910662651062,1.9476860761642456
1403898808417677314,negative,0.5731886625289917,-0.0473814532160759,1.2165814638137817
1403898809520955401,neutral,2.0021042823791504,1.0525424480438232,-0.1926296353340149
1403898809655066626,negative,1.2766809463500977,-0.6316000819206238,1.7445170879364014
1403898810091413506,negative,1.0716661214828491,-0.863571286201477,2.393409252166748
1403898812066844680,positive,2.100404977798462,2.836932897567749,-0.7897496819496155
1403898813853564928,neutral,1.6815348863601685,-0.023532330989837646,1.0369114875793457
1403898814872920066,negative,1.1017613410949707,-0.1713114082813263,1.7033886909484863
1403898815040606209,neutral,0.8939895033836365,-0.05875176936388016,0.34551289677619934
1403898816865046544,negative,1.025552749633789,0.5971513986587524,1.1973223686218262
1403898817012023299,negative,1.1055760383605957,-0.8718295693397522,2.267331838607788
1403898818274512902,neutral,1.6855745315551758,0.37137290835380554,0.37932199239730835
1403898818664579074,negative,1.192885398864746,-0.24039021134376526,1.482123613357544
1403898818958032898,positive,1.3185800313949585,2.2165398597717285,-0.3184821307659149
1403898819977285633,neutral,1.0314221382141113,0.4985288381576538,0.8257428407669067
1403898820698816516,neutral,1.6952565908432007,0.37963980436325073,1.3148893117904663
1403898821134848010,negative,1.6757272481918335,-1.1267354488372803,2.5844032764434814
1403898821663465479,negative,0.4272914230823517,-0.6678100228309631,2.4547343254089355
1403898821936091136,negative,0.8323348760604858,0.08698143064975739,1.295982837677002
1403898822527393793,neutral,2.2379751205444336,0.557529091835022,0.488631933927536
1403898822774951937,positive,1.2683807611465454,3.5807228088378906,-0.7489487528800964
1403898824779837440,neutral,1.6195189952850342,0.6481915712356567,0.3055075705051422
1403898824880390149,neutral,3.530146598815918,1.6300078630447388,-1.0650413036346436
1403898826226761728,negative,0.4564964175224304,-0.8170602321624756,3.7533457279205322
1403898826440728578,negative,0.7956108450889587,-0.7770776152610779,2.69569993019104
1403898826616836098,neutral,1.4335497617721558,1.1429589986801147,0.4252467155456543
1403898827241836546,negative,1.1331368684768677,-0.9184396862983704,2.416860580444336
1403898827602644993,negative,1.307418704032898,-0.8194949626922607,1.6010003089904785
1403898827715739655,negative,0.7692033052444458,0.21214884519577026,1.1481081247329712
1403898827858272261,negative,1.3650026321411133,-0.7826434969902039,2.3791003227233887
1403898828160385025,neutral,1.779981255531311,-0.0025041550397872925,0.3206288814544678
1403898828382736388,neutral,1.4702128171920776,1.4552842378616333,-0.011853685602545738
1403898828667957248,neutral,1.5289995670318604,0.4505651593208313,0.8436334729194641
1403898828944777216,negative,0.41751766204833984,-0.1656368374824524,2.8860511779785156
1403898829078859778,neutral,2.0343668460845947,0.4377196729183197,0.36903852224349976
1403898830186332164,positive,1.5631719827651978,2.329493761062622,-0.5145366191864014
1403898830316183561,neutral,1.888891577720642,0.026534046977758408,0.7729097604751587
1403898830542802947,negative,0.2665597200393677,-0.09759705513715744,2.4903738498687744
1403898833365397507,positive,1.7747060060501099,3.4235782623291016,-0.5406714081764221
1403898833847742464,neutral,2.8269166946411133,0.8289393782615662,0.08943133056163788
1403898835177328643,negative,0.9420568943023682,-0.8133819699287415,3.0352890491485596
1403898835731193858,neutral,1.6222120523452759,-0.3098700940608978,1.2465291023254395
1403898835932389382,neutral,2.0016415119171143,-0.15815824270248413,0.45896461606025696
1403898836662226945,neutral,1.2126119136810303,0.920147180557251,0.6832290887832642
1403898837492772874,neutral,1.965971827507019,0.3703058958053589,0.4774651825428009
1403898837811437583,negative,0.7808912396430969,-0.8047183752059937,2.9317498207092285
1403898840005103616,positive,0.9855071306228638,1.293040156364441,0.5277178287506104
1403898840370008066,negative,0.5536502599716187,0.5268986225128174,1.1624332666397095
1403898841338945540,negative,1.4427564144134521,-0.45579293370246887,1.8593709468841553
1403898841884205061,positive,0.979038655757904,1.1901031732559204,-0.3096260726451874
1403898841896685578,negative,0.8978381156921387,0.40096113085746765,1.717546820640564
1403898842655961088,negative,1.1634631156921387,0.4580264091491699,1.4192317724227905
1403898843356405764,neutral,1.6950478553771973,0.4776005446910858,0.7760559320449829
1403898843486474247,positive,1.7687034606933594,4.560307025909424,-1.192163109779358
1403898844556017664,negative,0.9074090123176575,-0.8986889123916626,2.3001294136047363
1403898845038186496,neutral,2.0335097312927246,0.4097045958042145,0.6485455632209778
1403898845214363661,neutral,1.516422986984253,1.2770764827728271,0.8168112635612488
1403898846200012801,neutral,2.116986036300659,-0.35624316334724426,0.7389882802963257
1403898847106154497,neutral,1.156116247177124,0.4023140072822571,0.6994169354438782
1403898847324037125,neutral,3.0576889514923096,1.6528916358947754,-0.9939388036727905
1403898847462559745,neutral,1.779497504234314,0.29367688298225403,1.4305670261383057
1403898847554846723,negative,1.4659267663955688,-0.7174641489982605,1.9977563619613647
1403898848133586944,neutral,1.5295137166976929,0.7604131698608398,0.48112207651138306
1403898850109231105,negative,0.7449336051940918,0.22729694843292236,1.3791594505310059
1403898850721603584,negative,1.566192388534546,-0.9369474053382874,1.9680465459823608
1403898851983904769,neutral,1.6681630611419678,0.3412107825279236,0.8834229111671448
1403898852600582147,neutral,2.658987522125244,1.2116572856903076,-0.3460041582584381
1403898853410152450,positive,1.5014805793762207,2.103823661804199,0.41424044966697693
1403898853892386820,negative,0.8773202896118164,-0.26209837198257446,1.0194594860076904
1403898854190186497,positive,1.3657927513122559,2.39701247215271,-0.8147992491722107
1403898855217795074,negative,1.2027019262313843,-1.2167668342590332,3.0185434818267822
1403898855255576579,negative,1.232214331626892,-1.0002336502075195,2.143557071685791
1403898855544877060,positive,2.4981906414031982,3.4487712383270264,-1.263555884361267
1403898856408899589,negative,0.5310463905334473,-0.388530433177948,2.2587404251098633
1403898856895660034,neutral,1.6156479120254517,1.0034308433532715,0.9610841870307922
1403898859776921600,positive,0.8044312000274658,2.546329975128174,-0.28871339559555054
1403898861496815621,neutral,2.6773452758789062,0.22431209683418274,0.04075778275728226
1403898861953900548,neutral,1.81673002243042,-0.7457255125045776,1.4744458198547363
1403898862520213506,neutral,1.6156479120254517,1.0034308433532715,0.9610841870307922
1403898862654402564,neutral,2.23433256149292,0.5764689445495605,-0.08703839033842087
1403898863753203712,neutral,1.742753505706787,0.11922132223844528,0.7355542778968811
1403898864470478850,neutral,1.7878235578536987,0.3325980305671692,0.5605324506759644
1403898864805969927,neutral,1.1803604364395142,0.6134245991706848,0.07485891878604889
1403898865397370880,positive,1.361384630203247,1.4909244775772095,0.2590712010860443
1403898865628110852,positive,1.2400270700454712,2.14001727104187,-0.6169025301933289
1403898867507109891,neutral,2.1050848960876465,1.3509361743927002,-0.27125024795532227
1403898868081721344,neutral,1.6156479120254517,1.0034308433532715,0.9610841870307922
1403898868899667968,positive,1.0290604829788208,1.0383745431900024,0.8760212659835815
1403898870082555906,neutral,1.8247747421264648,0.11317497491836548,0.9982644319534302
1403898870208159748,neutral,1.5978000164031982,0.07402771711349487,0.7179110050201416
1403898871491661824,negative,0.3917619287967682,0.4298407733440399,1.633349895477295
1403898871693066241,negative,0.8798665404319763,0.07535234838724136,1.2123515605926514
1403898871877615623,neutral,2.821725368499756,0.025734908878803253,0.5355105400085449
1403898873962274820,negative,0.9570982456207275,0.6442209482192993,1.3288140296936035
1403898874897522691,neutral,2.083320379257202,1.3273519277572632,-0.00462164543569088
1403898876868939783,neutral,1.6156479120254517,1.0034308433532715,0.9610841870307922
1403898879267926022,positive,1.3595045804977417,2.1340534687042236,-0.654026210308075
1403898879918096385,neutral,1.606765627861023,0.09451349079608917,0.9916509985923767
1403898879981010945,negative,0.6807116270065308,-0.17167523503303528,1.7516108751296997
1403898880471683075,negative,1.3783894777297974,0.08099635690450668,1.7644765377044678
1403898880651980800,negative,1.1453746557235718,0.38371577858924866,1.3632245063781738
1403898881176395776,negative,1.4180810451507568,-0.916871964931488,1.8428053855895996
1403898881566556161,negative,0.992632269859314,0.29889100790023804,2.070225954055786
1403898881713205248,neutral,1.6855745315551758,0.37137293815612793,0.37932196259498596
1403898881763463175,positive,1.9316705465316772,2.1811797618865967,-0.5911884903907776
1403898883332349956,neutral,1.6222120523452759,-0.3098700940608978,1.2465291023254395
1403898883500085249,neutral,1.4070032835006714,0.5009533762931824,1.1253916025161743
1403898883659366400,negative,1.4352411031723022,-1.2994189262390137,2.904463052749634
1403898885211295744,neutral,2.63684344291687,0.9534133672714233,-0.05172530561685562
1403898886058508297,neutral,2.0965383052825928,0.6666526794433594,0.6154760122299194
1403898886125604872,positive,1.077203392982483,4.787232875823975,-0.9258440136909485
1403898886243168266,neutral,1.5978000164031982,0.07402776181697845,0.7179110050201416
1403898887056891905,neutral,2.0531721115112305,0.844489574432373,-0.14078901708126068
1403898887975411712,neutral,1.6156479120254517,1.0034308433532715,0.9610841870307922
1403898889602797574,negative,0.4163671135902405,-0.37828126549720764,1.5099091529846191
1403898892278767616,neutral,1.6855745315551758,0.37137290835380554,0.37932199239730835
1403898893180362752,negative,1.6700714826583862,-0.5291306376457214,1.827049732208252
1403898893369155584,positive,1.8569765090942383,2.6665713787078857,-0.49192237854003906
1403898894514225156,neutral,1.2817270755767822,0.30315646529197693,1.2503812313079834
1403898895009079297,negative,1.1417415142059326,-0.0831540897488594,1.8014471530914307
1403898895550214149,negative,0.8061771392822266,-0.6775262355804443,2.830129384994507
1403898896233943042,neutral,1.5978000164031982,0.07402771711349487,0.7179110050201416
1403898897571979272,negative,1.6050595045089722,-0.3319731056690216,1.789451003074646
1403898897643278342,neutral,0.7537654042243958,0.569828450679779,0.6026296019554138
1403898898503065600,negative,0.32519224286079407,-0.4580499231815338,3.243288278579712
1403898899450843136,neutral,1.7373532056808472,-0.017367355525493622,1.427333116531372
1403898899656581121,neutral,1.6855745315551758,0.37137290835380554,0.37932199239730835
1403898900415598593,neutral,2.1493117809295654,0.687936544418335,0.22546175122261047
1403898900751261696,negative,1.7538214921951294,-0.7471761107444763,1.9158875942230225
1403898901090893825,negative,1.1931475400924683,-0.5677131414413452,1.7377511262893677
1403898901644537864,neutral,1.668128252029419,0.5374560356140137,0.45747169852256775
1403898902760275968,negative,1.3646650314331055,-0.8094685673713684,2.105396032333374
1403898904156905474,neutral,1.4606099128723145,1.3865125179290771,-0.3020602762699127
1403898904362504198,neutral,1.6103153228759766,-0.6810176372528076,1.2244579792022705
1403898904370941955,neutral,1.3607540130615234,0.13489976525306702,0.2408149093389511
1403898905088212994,negative,1.4835381507873535,0.5047315359115601,1.503318190574646
1403898905343913986,negative,1.128651738166809,-0.8165304660797119,2.267563819885254
1403898906459639809,neutral,1.6570719480514526,-0.623287558555603,1.5573595762252808
1403898906853916674,neutral,2.003999710083008,0.3973017930984497,0.7307682037353516
1403898907503984641,neutral,3.530146598815918,1.6300078630447388,-1.0650413036346436
1403898908133052416,negative,1.1059015989303589,-0.9603655934333801,2.6159300804138184
1403898908150018056,neutral,1.843629240989685,0.47162142395973206,0.23730315268039703
1403898910725218304,neutral,1.7697051763534546,-0.5547277331352234,1.7118362188339233
1403898911601750018,negative,1.6181151866912842,-0.7846477627754211,2.115147829055786
1403898912285478913,negative,0.8610116839408875,0.038508351892232895,1.8271986246109009
1403898913342603265,negative,1.2815028429031372,-0.46986648440361023,1.824930191040039
1403898913812357122,neutral,1.365949034690857,0.3060475289821625,0.8502898812294006
1403898913820655617,neutral,1.2452389001846313,0.18150943517684937,1.2187594175338745
1403898914118455298,neutral,1.6484489440917969,0.2624598741531372,0.2724219262599945
1403898914437173252,negative,0.8996097445487976,-0.8819258809089661,2.7370095252990723
1403898917486481408,positive,1.152189016342163,1.5189162492752075,-0.17859400808811188
1403898918618996736,positive,1.0659173727035522,1.7168434858322144,-0.2542877793312073
1403898919982026754,positive,1.4672716856002808,1.876004934310913,-0.6065462827682495
1403898920913211395,positive,0.9383045434951782,2.838015556335449,-0.5699394941329956
1403898921336807424,negative,0.938889741897583,-0.1918814778327942,1.5786609649658203
1403898921387237377,positive,0.6063355207443237,1.057435154914856,0.8012270331382751
1403898921513111552,negative,0.8593899607658386,0.2728665769100189,1.4944850206375122
1403898922402127875,negative,1.1453746557235718,0.38371577858924866,1.3632245063781738
1403898923127873537,neutral,1.4649990797042847,0.9769554138183594,-0.032585471868515015
1403898923735937024,positive,2.1991846561431885,5.330510139465332,-1.807969331741333
1403898923987705860,negative,0.8847445249557495,-0.6030601859092712,2.075660467147827
1403898925308858370,positive,1.6855376958847046,2.223081111907959,-0.45177674293518066
1403898925539491842,positive,2.2271292209625244,3.158660650253296,-1.025310754776001
1403898925543739393,neutral,2.4612841606140137,0.8547771573066711,-0.06984137743711472
1403898927196393474,neutral,3.4935600757598877,1.5656846761703491,-0.7992183566093445
1403898927389184008,positive,1.0821259021759033,7.217255115509033,-1.6065646409988403
1403898928156848128,neutral,1.6512459516525269,0.9551623463630676,0.4190870225429535
1403898928521650178,neutral,1.6077783107757568,0.0052930936217308044,0.994408905506134
1403898928525840384,negative,0.948610782623291,1.1476469039916992,1.9275565147399902
1403898931050844161,neutral,1.4214918613433838,0.3286351263523102,0.8487670421600342
1403898931378012163,neutral,2.860229015350342,2.377656936645508,-0.8144108653068542
1403898931516432387,neutral,1.250976800918579,0.2994687557220459,0.9496778249740601
1403898931935805443,neutral,2.1617162227630615,-1.0657998323440552,2.0157408714294434
1403898932556713985,negative,1.4672802686691284,-0.12026814371347427,1.5283770561218262
1403898933626081282,neutral,1.7406566143035889,1.1747167110443115,-0.04529716074466705
1403898934423076866,negative,1.4265069961547852,-1.0849125385284424,2.6399600505828857
1403898935127658501,neutral,3.530146598815918,1.6300078630447388,-1.0650413036346436
1403898936583069698,neutral,2.2555313110351562,1.6479252576828003,-0.3086768388748169
1403898937212170244,positive,2.2271292209625244,3.158660650253296,-1.025310754776001
1403898937589698566,neutral,1.8430119752883911,0.49189913272857666,-0.13964802026748657
1403898938248163330,positive,2.2432477474212646,2.263446807861328,-0.4768962264060974
1403898939338788866,neutral,1.4990296363830566,0.0698317214846611,1.1731443405151367
1403898939552587780,neutral,1.9629875421524048,-0.028691366314888,1.4329012632369995
1403898940131581952,neutral,1.4214918613433838,0.3286351263523102,0.8487670421600342
1403898940425224194,neutral,1.5426079034805298,0.5317460894584656,0.23070338368415833
1403898940878110723,positive,0.6362913250923157,0.6970124840736389,-0.1411505937576294
1403898943621111811,negative,1.3484361171722412,-0.2994023859500885,1.7680084705352783
1403898944426545152,negative,1.4707165956497192,-1.1081993579864502,2.2449610233306885
1403898944711712772,neutral,1.9637795686721802,1.430399775505066,0.20906594395637512
1403898945143771146,negative,1.084913730621338,-1.1082308292388916,3.4669744968414307
1403898945978306561,positive,1.2032885551452637,1.3571631908416748,0.6183735132217407
1403898946951462912,negative,0.9540436267852783,-0.6745822429656982,1.7787739038467407
1403898947337428992,neutral,1.5985978841781616,-0.7025386095046997,1.2886408567428589
1403898947668627463,neutral,1.2491083145141602,0.4453287720680237,0.7408767342567444
1403898947786006528,neutral,2.3466408252716064,1.9072692394256592,-0.6090698838233948
1403898948725653506,negative,1.1853126287460327,-0.7408862113952637,2.824706792831421
1403898949166010370,neutral,1.6423909664154053,0.20046678185462952,0.732912540435791
1403898950306963458,negative,0.7838588953018188,-0.8143433928489685,2.5138864517211914
1403898952173326336,neutral,1.6067707538604736,0.2745351791381836,1.5617111921310425
1403898952680882179,positive,0.9789595603942871,2.5035035610198975,-0.16442836821079254
1403898953242980358,negative,1.284424066543579,-0.26508256793022156,1.7290693521499634
1403898953486135303,negative,1.1678311824798584,0.0937691330909729,1.3716529607772827
1403898954438352898,neutral,1.1132049560546875,0.11423515528440475,1.0838521718978882
1403898955558236160,negative,1.1843403577804565,-1.0854662656784058,2.8515238761901855
1403898956120264707,neutral,1.430562973022461,0.0907946303486824,1.0932543277740479
1403898956313251840,neutral,1.3269455432891846,0.7652782797813416,0.904521107673645
1403898959144304641,positive,2.468137741088867,3.2754783630371094,-1.1367270946502686
1403898959463059457,neutral,2.821725368499756,0.025734879076480865,0.5355105400085449
1403898959773396998,neutral,2.0042576789855957,0.6444495320320129,0.13729533553123474
1403898960142639105,negative,1.8467316627502441,-1.0882304906845093,1.9658818244934082
1403898960733933569,neutral,1.1541122198104858,0.2852858603000641,1.134134292602539
1403898961707024384,neutral,1.51320219039917,1.0687803030014038,0.20513777434825897
1403898961845526531,negative,1.0467603206634521,-0.6494969725608826,1.5184587240219116
1403898962545811460,negative,1.3328379392623901,-1.1997720003128052,3.0109012126922607
1403898962898206721,negative,1.05003023147583,-0.7703999876976013,1.8205490112304688
1403898962910666753,neutral,2.1463863849639893,0.7051233053207397,0.19727148115634918
1403898964102025216,neutral,2.212160348892212,-0.031338632106781006,0.8980836868286133
1403898965519527936,negative,0.7055714130401611,-0.6770666837692261,2.8967885971069336
1403898968942120961,negative,1.0548555850982666,-1.3302160501480103,4.144258499145508
1403898969697177610,neutral,2.924099922180176,2.4003024101257324,-0.8463344573974609
1403898970401775617,positive,0.4761050343513489,0.5410365462303162,0.0762568786740303
1403898971047743493,neutral,2.5507001876831055,-0.4420001208782196,-0.13606201112270355
1403898972360654850,neutral,1.6855745315551758,0.37137290835380554,0.37932199239730835
1403898972557750273,neutral,1.6855745315551758,0.37137290835380554,0.37932199239730835
1403898973614710790,positive,1.0250378847122192,3.0680129528045654,-0.36645954847335815
1403898973622915072,negative,1.687888264656067,-0.9917230010032654,2.131011962890625
1403898974185140226,neutral,2.506451368331909,1.4469835758209229,-0.5270969271659851
1403898974420017156,positive,0.7201228737831116,1.261946439743042,0.8891233801841736
1403898977083301889,neutral,3.640317678451538,1.5829517841339111,-0.9354137778282166
1403898977372852224,neutral,2.1117985248565674,0.4466669261455536,0.5501492023468018
1403898977502777346,positive,0.9271169304847717,1.351017951965332,0.8629506230354309
1403898977519640577,neutral,1.6894863843917847,-0.6585546731948853,0.9844224452972412
1403898978786217984,negative,1.0927326679229736,-0.707741916179657,2.868192434310913
1403898978983284737,neutral,2.1617162227630615,-1.0657998323440552,2.0157408714294434
1403898979335634945,neutral,1.514667272567749,1.0893378257751465,-0.3783610761165619
1403898979641868297,neutral,1.6985301971435547,-0.27626219391822815,1.1916882991790771
1403898979968901127,positive,1.9316705465316772,2.1811797618865967,-0.5911884903907776
1403898980472217606,neutral,1.6855745315551758,0.37137290835380554,0.37932199239730835
1403898981604810753,neutral,1.170879602432251,0.18445126712322235,0.6628081798553467
1403898982615687171,negative,1.0487840175628662,-0.6313170194625854,1.434852957725525
1403898983379046405,neutral,1.7214484214782715,1.5464037656784058,-0.2701442539691925
1403898983425220608,negative,0.8674417734146118,-0.6572379469871521,2.5787556171417236
1403898983848853506,neutral,1.3227131366729736,0.3564096689224243,0.675066351890564
1403898985643917316,negative,0.15074709057807922,-0.33543661236763,2.1700847148895264
1403898985874604036,negative,0.772735059261322,-0.2566183805465698,1.538575530052185
1403898986319126531,neutral,1.7986317873001099,0.4563368558883667,0.5682328343391418
1403898986361233411,negative,0.9640933275222778,-1.2384461164474487,3.460869789123535
1403898986373726208,neutral,1.51320219039917,1.0687803030014038,0.20513777434825897
1403898986394705926,positive,0.8286224603652954,5.260971546173096,-1.3526090383529663
1403898986860322819,negative,0.37926605343818665,-0.8229044079780579,2.677414655685425
1403898986994573314,negative,0.6439996361732483,-1.210371971130371,3.6401171684265137
1403898987938205700,negative,1.8388811349868774,-1.0376384258270264,2.119652509689331
1403898988315697156,negative,1.1438788175582886,0.10346422344446182,1.1964730024337769
1403898989712445440,neutral,1.0928046703338623,0.31016913056373596,0.8269417881965637
1403898989716594688,neutral,2.5507001876831055,-0.4420001208782196,-0.13606201112270355
1403898989888479232,neutral,1.77805495262146,-0.32790809869766235,0.894387423992157
1403898991067090946,negative,1.746504545211792,-0.9762119650840759,2.105384111404419
1403898991985795072,negative,1.110291600227356,-0.5286906957626343,2.2963263988494873
1403898996058427398,negative,0.5277824401855469,-1.38990318775177,4.672329902648926
1403898996507262977,negative,1.190506100654602,-0.8441829681396484,2.499478340148926
1403898997065105412,positive,0.4618642032146454,0.5622968673706055,0.5353758335113525
1403898997329186816,negative,0.4362214505672455,-0.009797021746635437,0.5378730893135071
1403898997874446336,negative,0.4564964175224304,-0.8170602321624756,3.7533457279205322
1403898999602614275,neutral,1.5012624263763428,-0.18238994479179382,1.4827908277511597
1403898999736651779,neutral,1.51731538772583,0.37162530422210693,0.9075695872306824
1403898999862530048,neutral,1.8864341974258423,0.6145895719528198,0.4106431007385254
1403898999967518721,neutral,1.2016644477844238,0.2606514096260071,1.1112838983535767
1403899000835739650,neutral,2.1617162227630615,-1.0657998323440552,2.0157408714294434
1403899001540419587,positive,0.291780948638916,3.5348334312438965,-0.4911228120326996
1403899001716428800,positive,1.9316705465316772,2.1811797618865967,-0.5911884903907776
1403899002161025036,negative,0.7935595512390137,-1.0004059076309204,2.866704225540161
1403899002630721538,neutral,1.778055191040039,-0.32790815830230713,0.8943874835968018
1403899003343826949,negative,1.0355184078216553,-1.275288462638855,3.4675707817077637
1403899003587137542,neutral,1.5502245426177979,0.48189520835876465,0.4143771827220917
1403899003834560517,positive,0.8293406367301941,1.2866827249526978,0.3969874978065491
1403899004388319233,neutral,1.691978096961975,0.04096192866563797,0.8075926303863525
1403899004467912704,neutral,2.380579710006714,1.8022228479385376,-0.7205069661140442
1403899005545848832,neutral,1.3659833669662476,-0.02624877542257309,1.3223857879638672
1403899005927575555,negative,1.4219928979873657,-0.6617769002914429,1.6478943824768066
1403899007022239744,neutral,1.7369835376739502,-0.5208842754364014,1.676192283630371
1403899008498606086,positive,1.223212480545044,1.4021334648132324,0.3345585763454437
1403899008725180416,negative,0.08592423051595688,-0.11028247326612473,1.5295227766036987
1403899010964889604,negative,1.1043614149093628,-1.030840277671814,2.7649714946746826
1403899011275366400,negative,1.0234992504119873,-0.2906225919723511,1.4808642864227295
1403899011971444744,neutral,1.5423792600631714,0.7802512049674988,0.4574616849422455
1403899012818874373,neutral,1.6855745315551758,0.37137290835380554,0.37932199239730835
1403899013015867397,negative,1.5462321043014526,-0.9039551615715027,1.93699049949646
1403899013150162945,neutral,1.5114351511001587,1.020512342453003,0.5071796178817749
1403899016350420993,negative,1.4079327583312988,-0.008819349110126495,1.7705436944961548
1403899016576847878,negative,1.0935014486312866,-0.848476767539978,2.30566668510437
1403899018594426881,positive,1.5585358142852783,1.6895849704742432,0.27024054527282715
1403899019068383233,neutral,1.970107913017273,-0.43401941657066345,0.9729315638542175
1403899019122909188,negative,1.2316246032714844,-0.8928074836730957,2.080042600631714
1403899019210985477,negative,0.8843347430229187,-0.9929068684577942,2.6212189197540283
1403899019823398912,positive,0.454630583524704,3.2161436080932617,-0.6336908936500549
1403899020137930754,neutral,1.216479778289795,0.3832673728466034,0.6806986331939697
1403899020162977794,neutral,2.008504867553711,1.0409917831420898,0.06788353621959686
1403899020427218949,positive,1.9316705465316772,2.1811797618865967,-0.5911884903907776
1403899020582424580,negative,1.4115962982177734,-1.2245032787322998,2.929551124572754
1403899021278597123,negative,1.3134132623672485,-0.5762356519699097,1.6616077423095703
1403899022000021504,negative,0.5887587070465088,-0.24773678183555603,1.71652090549469
1403899022872657924,negative,1.236479640007019,-1.4124813079833984,3.3757853507995605
1403899024009089024,neutral,1.6933164596557617,-0.03814292699098587,1.115788459777832
1403899024265007104,positive,1.4059594869613647,1.4520667791366577,0.1627492606639862
1403899026353758208,negative,1.2248891592025757,-0.3468068540096283,2.057190418243408
1403899028195139586,positive,1.1461578607559204,1.2460319995880127,-0.0833626314997673
1403899028560035840,neutral,2.0965383052825928,0.6666526794433594,0.6154760122299194
1403899029499568129,neutral,2.0759294033050537,0.7074406147003174,0.06276203691959381
1403899030040625154,negative,0.7946410179138184,0.01070045679807663,1.8079525232315063
1403899030690795520,negative,0.8413775563240051,-0.17690667510032654,1.4633554220199585
1403899030808170498,negative,0.5828343033790588,-1.0724163055419922,3.234013795852661
1403899031890194435,negative,0.9621806740760803,-0.36387398838996887,1.8760627508163452
1403899032091594754,neutral,1.2634974718093872,-0.11723782867193222,0.9929713606834412
1403899032393637893,negative,0.7856350541114807,-1.283502459526062,3.9372758865356445
1403899033773617153,negative,1.4778536558151245,-0.8342931270599365,2.2221248149871826
1403899033962237952,positive,0.852933406829834,1.2892200946807861,0.08430267125368118
1403899034125930500,neutral,1.5978000164031982,0.07402771711349487,0.7179110050201416
1403899034251714560,positive,1.0250378847122192,3.0680127143859863,-0.36645954847335815
1403899034293710849,neutral,1.5531138181686401,0.9117859601974487,-0.4897857904434204
1403899034482450436,neutral,1.4214918613433838,0.3286351263523102,0.8487670421600342
1403899036113965058,neutral,1.6855745315551758,0.37137290835380554,0.37932199239730835
1403899036571144192,negative,0.5129746794700623,-0.8990887403488159,2.772197723388672
1403899038513180673,negative,1.263912558555603,-0.7169197797775269,2.359058380126953
1403899038601261061,neutral,1.6550211906433105,0.15934893488883972,0.9476357102394104
1403899039368695808,neutral,2.081670045852661,-0.048979975283145905,0.9269731044769287
1403899041369530375,neutral,2.23433256149292,0.5764689445495605,-0.08703839033842087
1403899041444814848,negative,1.3783894777297974,0.08099635690450668,1.7644765377044678
1403899044334735365,neutral,2.0477797985076904,0.21745768189430237,0.6523972749710083
1403899044360077312,positive,0.31708207726478577,2.3120620250701904,0.5957059860229492
1403899046180405249,neutral,2.5507001876831055,-0.4420001208782196,-0.13606201112270355
1403899046465392642,neutral,1.9629873037338257,-0.02869132161140442,1.4329012632369995
1403899046952120320,negative,1.1442582607269287,-0.7708638310432434,1.8478020429611206
1403899047866368003,neutral,1.4162509441375732,0.8169260025024414,0.4126950204372406
1403899048399081472,neutral,1.6855745315551758,0.37137290835380554,0.37932199239730835
1403899049598623745,neutral,1.7114241123199463,0.2853153944015503,1.5801481008529663
1403899049648918528,neutral,2.128293991088867,0.9646540880203247,0.21440620720386505
1403899050064171012,neutral,1.7373532056808472,-0.017367355525493622,1.427333116531372
1403899050185740288,negative,0.7002885341644287,-0.2802177965641022,2.272458553314209
1403899050647199744,negative,1.0430039167404175,0.008979596197605133,2.0724377632141113
1403899051519643653,neutral,2.1712541580200195,0.9773842096328735,0.28159230947494507
1403899053943910401,negative,0.9211334586143494,-0.7156233787536621,2.1437106132507324
1403899054723985408,neutral,1.4659044742584229,-0.4316388666629791,1.0249764919281006
1403899056749875201,negative,1.0576353073120117,-1.1364552974700928,3.0590107440948486
1403899057072918530,negative,0.8323348760604858,0.08698143064975739,1.295982837677002
1403899058071035904,neutral,2.0765633583068848,1.7996858358383179,-0.3589167296886444
1403899058331267075,neutral,2.663820505142212,-0.06200563162565231,0.7133840918540955
1403899058532483076,neutral,1.5404253005981445,-0.48383602499961853,1.3245158195495605
1403899059165818892,neutral,2.0404398441314697,-0.21450799703598022,0.06275077164173126
1403899060113846279,negative,0.7838588953018188,-0.8143433928489685,2.5138864517211914
1403899061162237954,negative,1.0505974292755127,-0.7368007898330688,2.1306822299957275
1403899061384581120,neutral,1.779981255531311,-0.0025041550397872925,0.3206288814544678
1403899061556629504,positive,1.1962560415267944,1.2520965337753296,0.5892317295074463
1403899063817293825,negative,1.2936969995498657,-0.463027685880661,2.224263906478882
1403899063880151041,negative,1.0042651891708374,-0.5382576584815979,2.277010917663574
1403899064295596032,neutral,1.1086152791976929,0.3778955340385437,0.8500964045524597
1403899064492560386,negative,1.5291247367858887,-0.4628496468067169,1.8641031980514526
1403899065348202498,negative,1.3134132623672485,-0.5762356519699097,1.6616077423095703
1403899066795270150,positive,2.2271292209625244,3.158660888671875,-1.025310754776001
1403899069525749768,neutral,1.9568679332733154,1.3556815385818481,-0.5538036227226257
1403899070171684873,neutral,1.4507588148117065,0.6574543118476868,0.5805536508560181
1403899070813544450,neutral,1.7463711500167847,-0.7950057983398438,1.5409300327301025
1403899070867935233,negative,1.1640212535858154,-0.12888291478157043,1.4232494831085205
1403899071996305410,neutral,1.843629240989685,0.47162142395973206,0.23730315268039703
1403899072105246724,neutral,1.6855745315551758,0.37137290835380554,0.37932199239730835
1403899072113786883,neutral,0.8139210939407349,0.1965886354446411,-0.033831655979156494
1403899072314941441,negative,1.1141513586044312,-0.4870009124279022,1.8369306325912476
1403899073237864449,neutral,1.070691704750061,0.61469966173172,0.49308279156684875
1403899075439726592,negative,0.5939803123474121,0.28963223099708557,1.9004954099655151
1403899075460743168,negative,0.7368788123130798,-0.9954987168312073,2.7401516437530518
1403899075515277314,negative,1.2663171291351318,-1.3317105770111084,3.333244800567627
1403899076568047622,neutral,2.260634660720825,1.0462608337402344,0.05592586100101471
1403899077037903874,negative,0.9383072257041931,0.8344056010246277,1.25910484790802
1403899077490847746,negative,0.5031980872154236,-0.5206785798072815,1.8515816926956177
1403899080552636418,neutral,1.5700098276138306,-0.219061940908432,1.5420993566513062
1403899081122934791,negative,1.1112169027328491,-1.388995885848999,3.906235694885254
1403899081563557888,negative,0.8792471289634705,-0.2442302107810974,1.6970406770706177
1403899081852862465,neutral,1.6855745315551758,0.37137290835380554,0.37932199239730835
1403899081978646533,neutral,1.3773099184036255,0.792914628982544,1.0377095937728882
1403899082767220737,positive,0.5152928233146667,1.0367289781570435,0.18161071836948395
1403899082985246727,neutral,1.547383427619934,1.1066057682037354,0.38655489683151245
1403899084054818818,neutral,1.5315269231796265,0.7580132484436035,0.481279581785202
1403899085279567874,negative,1.215798020362854,-1.1671396493911743,2.887923240661621
1403899085606772738,negative,0.9145312905311584,-0.1490374207496643,1.421851634979248
1403899085786992642,neutral,1.0551514625549316,0.682130753993988,-0.02603846974670887
1403899087569702913,negative,0.3185161352157593,-1.2193536758422852,3.9612655639648438
1403899087787675649,negative,1.262342095375061,-1.2370593547821045,2.973182201385498
1403899088534265857,positive,1.8327381610870361,3.024050235748291,-0.7998386025428772
1403899088836481024,neutral,1.376640796661377,-0.013036735355854034,0.9704874753952026
1403899088987299840,negative,1.0990169048309326,-0.7306036353111267,2.218822956085205
1403899089054580739,neutral,1.6855746507644653,0.37137293815612793,0.37932202219963074
1403899090283466756,positive,1.6855376958847046,2.223081111907959,-0.45177674293518066
1403899091126571008,neutral,1.5978000164031982,0.07402771711349487,0.7179110050201416
1403899091159904258,negative,1.3475594520568848,-0.7858156561851501,1.6864840984344482
1403899091331915785,neutral,1.5194333791732788,0.14153116941452026,0.7069699764251709
1403899092854394881,neutral,1.2400773763656616,0.8503363728523254,0.11373043805360794
1403899092913164292,neutral,3.0179548263549805,1.468591570854187,-0.7633610367774963
1403899098613182467,neutral,2.1065142154693604,0.7006670832633972,0.2772502899169922
1403899098621644800,positive,2.942852258682251,3.7804622650146484,-1.440994143486023
1403899099200557056,neutral,1.5978000164031982,0.07402771711349487,0.7179110050201416
1403899099355574272,positive,1.099968671798706,1.799691081047058,0.5806941986083984
1403899099523424257,neutral,1.4106734991073608,0.08060052245855331,1.3662368059158325
1403899100249034752,neutral,2.4108099937438965,1.734686255455017,0.009443635120987892
1403899100832014337,neutral,2.754542112350464,1.087436556816101,-0.7344227433204651
1403899101310164997,negative,0.60665363073349,-0.3728979229927063,0.9691930413246155
1403899102585409539,neutral,1.6550211906433105,0.15934893488883972,0.9476357102394104
1403899105076785154,neutral,1.9621349573135376,0.2153548002243042,-0.48373138904571533
1403899109132677123,neutral,2.0558524131774902,0.915242075920105,0.47292765974998474
1403899109610721284,negative,0.8297725319862366,-0.8333749771118164,3.1621885299682617
1403899110072147970,positive,1.2319449186325073,3.4856812953948975,-0.6260400414466858
1403899110659219458,neutral,2.1617162227630615,-1.0657998323440552,2.0157408714294434
1403899111821254659,neutral,1.76200532913208,0.16484442353248596,0.5135076642036438
1403899112450400256,negative,1.1353546380996704,-0.2905583679676056,1.2604365348815918
1403899114098593794,neutral,1.4210460186004639,0.6094874739646912,1.066990852355957
1403899114144813064,negative,1.5153392553329468,-0.8056655526161194,2.596979856491089
1403899115306557443,positive,1.8598068952560425,1.9317889213562012,0.04260722175240517
1403899115516354563,positive,0.8117741346359253,1.450325846672058,0.8148098587989807
1403899115990355968,positive,1.9125641584396362,2.1415109634399414,-0.13393773138523102
1403899116288098307,positive,0.3769986927509308,0.37763288617134094,0.3558032512664795
1403899116636180484,neutral,1.1240507364273071,0.6931937336921692,-0.3290882706642151
1403899116803936258,neutral,2.0770134925842285,0.11317059397697449,0.778596043586731
1403899117198139394,negative,1.3134132623672485,-0.5762356519699097,1.6616077423095703
1403899117558919172,neutral,1.623222827911377,0.8419880867004395,0.30212724208831787
1403899117831479299,negative,0.5349233746528625,-0.21255627274513245,2.4246928691864014
1403899118146228224,negative,1.1353546380996704,-0.2905583679676056,1.2604365348815918
1403899119525978117,neutral,1.6508512496948242,0.5627025961875916,-0.029781250283122063
1403899119731720195,negative,0.7356282472610474,-1.0188978910446167,3.530339241027832
1403899119853129731,neutral,1.9473469257354736,0.7833624482154846,0.10200798511505127
1403899120209719300,neutral,2.4108099937438965,1.734686255455017,0.009443635120987892
1403899120608292866,neutral,1.5824435949325562,0.2038957178592682,0.5083480477333069
1403899121103032320,neutral,1.3314586877822876,0.9154409766197205,0.6884638667106628
1403899121904226306,neutral,1.261858582496643,0.09862678498029709,1.1046538352966309
1403899122604724226,neutral,1.6855745315551758,0.37137290835380554,0.37932199239730835
1403899122617257990,neutral,1.5350185632705688,0.4192909002304077,0.7493467330932617
1403899123204452352,positive,0.9128124713897705,1.168365478515625,-0.153219074010849
1403899124806828034,neutral,1.7296980619430542,0.1510225236415863,0.5257037878036499
1403899125289029638,negative,1.5462321043014526,-0.9039551615715027,1.93699049949646
1403899126207553536,neutral,1.7190296649932861,0.3016170859336853,1.5750664472579956
1403899127054876675,neutral,1.8969643115997314,1.3391127586364746,-0.998263418674469
1403899128178958336,negative,1.2663171291351318,-1.3317105770111084,3.333244800567627
1403899128690655237,negative,1.4778536558151245,-0.8342931270599365,2.2221248149871826
1403899128778833924,negative,1.1897082328796387,-0.618749737739563,2.0561695098876953
1403899128858427396,neutral,1.500266432762146,0.19802452623844147,0.6065210103988647
1403899130011738112,neutral,1.6855746507644653,0.37137290835380554,0.3793219327926636
1403899131379163140,positive,0.10463805496692657,1.0453263521194458,0.5562687516212463
1403899131584725003,neutral,1.478364109992981,-0.11749687045812607,0.6093975305557251
1403899131987476487,negative,0.9124486446380615,-1.1614341735839844,3.117227554321289
1403899132356354058,neutral,0.9401905536651611,0.013200804591178894,0.47549355030059814
1403899132834508808,positive,0.5152928233146667,1.0367289781570435,0.18161071836948395
1403899133052833794,negative,1.4426034688949585,-1.1272993087768555,2.763207197189331
1403899133384179714,negative,0.8421953916549683,-0.3036781847476959,1.5478227138519287
1403899133568581632,neutral,1.4846203327178955,0.8090159893035889,0.48219606280326843
1403899134151700482,negative,1.2987167835235596,-0.5234191417694092,1.5412319898605347
1403899134730510337,neutral,1.9759529829025269,0.616818904876709,0.5363452434539795
1403899135116382209,positive,1.6855376958847046,2.223081111907959,-0.45177674293518066
1403899136525492225,negative,1.6340656280517578,-0.9222742915153503,2.2686712741851807
1403899136953495552,negative,1.2966225147247314,-0.43399855494499207,1.6738905906677246
1403899137083510784,negative,1.0793519020080566,0.28870582580566406,1.2936522960662842
1403899137116885004,negative,1.2126381397247314,-0.8874191045761108,2.316676378250122
1403899137662373889,negative,1.3986669778823853,-1.0903737545013428,2.6813652515411377
1403899139025510401,negative,1.1825859546661377,-0.793500542640686,2.1936373710632324
1403899139449098244,negative,1.0643419027328491,-0.9252391457557678,2.7322044372558594
1403899139495059459,neutral,1.2400773763656616,0.8503363728523254,0.11373043805360794
1403899139507691521,neutral,2.1982128620147705,0.15324580669403076,0.6050567626953125
1403899139608485888,negative,1.2510846853256226,-0.6692695617675781,1.728593349456787
1403899139671298052,negative,1.5501749515533447,-0.8841296434402466,1.9775564670562744
1403899140040380417,neutral,1.8843358755111694,1.8005820512771606,-0.8493800759315491
1403899141906784257,neutral,1.8272852897644043,0.9699493646621704,-0.30203568935394287
1403899142028529670,negative,0.7323042154312134,-1.3676931858062744,4.239696502685547
1403899142477393922,neutral,1.868984580039978,-0.7897055745124817,1.3957066535949707
1403899142963961862,negative,0.8444172143936157,0.4180614650249481,1.3577145338058472
1403899143236456453,neutral,2.528857707977295,0.9194316267967224,0.14939168095588684
1403899144243142658,neutral,2.376023054122925,2.1863248348236084,-0.9081758856773376
1403899146113884160,neutral,1.2100073099136353,0.8485797643661499,0.6398364305496216
1403899148773036040,neutral,1.3985791206359863,0.3262586295604706,1.3324217796325684
1403899149527965700,negative,0.4945768713951111,0.29963767528533936,2.5084354877471924
1403899149855117312,neutral,1.3730688095092773,-0.0668213739991188,0.8233043551445007
1403899150295474178,neutral,1.3122117519378662,-0.28705039620399475,1.1994448900222778
1403899150819905537,neutral,2.3031182289123535,1.2959959506988525,-0.35102131962776184
1403899151105077248,negative,1.0646934509277344,-0.003269195556640625,1.6273545026779175
1403899151562133504,negative,1.3783894777297974,0.08099635690450668,1.7644765377044678
1403899151641759746,negative,1.1929113864898682,-0.7346563339233398,2.195275068283081
1403899152023576579,neutral,1.6156479120254517,1.0034308433532715,0.9610841870307922
1403899152405311491,negative,0.7085886001586914,0.8140535950660706,0.8571158051490784
1403899153306947589,negative,1.3328379392623901,-1.1997720003128052,3.0109012126922607
1403899154431102977,neutral,1.2107267379760742,0.7281155586242676,1.0879018306732178
1403899156020662281,negative,0.7062833309173584,-1.2761789560317993,3.397409677505493
1403899156926590976,negative,1.6369361877441406,-0.8451224565505981,1.7639323472976685
1403899156968652805,neutral,2.1371376514434814,1.9564828872680664,-0.6006441116333008
1403899159262990342,neutral,1.1228433847427368,0.3682563602924347,0.637382447719574
1403899159627767809,negative,1.3783894777297974,0.08099635690450668,1.7644765377044678
1403899159724367876,neutral,1.5026863813400269,-0.6649184823036194,1.3695745468139648
1403899161142046721,negative,0.9942209124565125,-0.2648686170578003,1.6779189109802246
1403899162526203906,neutral,2.534738063812256,1.1464186906814575,-0.15191690623760223
1403899162542833665,positive,2.2432477474212646,2.263446807861328,-0.4768962264060974
1403899162563854341,neutral,1.2100073099136353,0.8485797047615051,0.6398364901542664
1403899162861572099,neutral,1.6855745315551758,0.37137290835380554,0.37932199239730835
1403899163092324356,positive,1.5038655996322632,2.9030275344848633,-0.43750444054603577
1403899164363161600,negative,1.1678311824798584,0.09376915544271469,1.3716530799865723
1403899164602208259,neutral,3.530146598815918,1.6300078630447388,-1.0650413036346436
1403899166171017216,negative,1.568687081336975,-0.958339273929596,1.9487160444259644
1403899167840227334,neutral,2.1832115650177,1.3436704874038696,-0.046759121119976044
1403899168939294720,neutral,1.6855745315551758,0.37137290835380554,0.37932199239730835
1403899169853501449,negative,0.4564964175224304,-0.8170602321624756,3.7533457279205322
1403899170017136641,neutral,1.7990338802337646,0.32952064275741577,0.911220908164978
1403899170558070784,negative,1.3328379392623901,-1.1997720003128052,3.0109012126922607
1403899171044745219,neutral,1.8709139823913574,0.7854757308959961,0.3054758906364441
1403899171241930755,positive,1.6283015012741089,1.8069995641708374,0.2987369894981384
1403899172227518465,neutral,1.4785420894622803,0.03909508138895035,0.6494312286376953
1403899173594877953,neutral,1.615647792816162,1.003430962562561,0.9610841274261475
1403899173850787842,neutral,2.821725368499756,0.025734908878803253,0.5355105400085449
1403899174056349700,neutral,2.051586151123047,1.5157744884490967,-0.22138173878192902
1403899174815375365,neutral,1.660383939743042,1.5907515287399292,0.11725490540266037
1403899174823677957,positive,1.713273286819458,2.3917200565338135,-0.44058623909950256
1403899175172022276,neutral,1.7320775985717773,0.05746832489967346,0.2469756305217743
1403899175671115782,neutral,2.3196516036987305,-0.14095330238342285,0.639557421207428
1403899176124100609,neutral,1.6855745315551758,0.37137287855148315,0.37932196259498596
1403899176749088768,negative,0.9977447986602783,0.024663560092449188,1.2950228452682495
1403899178602930180,neutral,2.1617162227630615,-1.0657998323440552,2.0157408714294434
1403899179160653825,positive,1.5649192333221436,2.088649272918701,-0.1704360991716385
1403899179945107458,negative,1.4778536558151245,-0.8342931270599365,2.2221248149871826
1403899180079206401,negative,1.3328379392623901,-1.1997720003128052,3.0109012126922607
1403899180519731203,neutral,1.8416651487350464,-0.5865883231163025,1.3129316568374634
1403899180964143105,neutral,1.0928045511245728,0.31016913056373596,0.826941967010498
1403899181912051716,neutral,1.7757548093795776,0.4147302806377411,0.7451025247573853
1403899182713389064,negative,0.7966021299362183,-0.6066109538078308,2.4868600368499756
1403899184353267712,neutral,1.775754690170288,0.41473037004470825,0.7451024651527405
1403899185439596546,neutral,2.3061580657958984,0.5227155089378357,0.32168158888816833
1403899185733148677,neutral,2.1832115650177,1.3436704874038696,-0.046759121119976044
1403899185800237058,neutral,2.534738063812256,1.1464186906814575,-0.15191690623760223
1403899186261549058,negative,1.5697410106658936,-1.1001583337783813,2.3370935916900635
1403899186861465602,negative,1.4040236473083496,-0.8634890913963318,1.9171342849731445
1403899187419287557,positive,0.65659499168396,3.4582502841949463,-0.9715334177017212
1403899188124004355,neutral,2.1957268714904785,-0.5812513828277588,1.4561738967895508
1403899188375654407,neutral,1.2773410081863403,0.745650589466095,-0.19127048552036285
1403899188434198531,neutral,1.240616798400879,1.031577467918396,0.3819848299026489
1403899188673343495,neutral,2.385503053665161,0.27704328298568726,0.5708765387535095
1403899188803428357,positive,2.0022218227386475,2.0707929134368896,-0.5384121537208557
1403899190380580866,neutral,2.1617162227630615,-1.0657998323440552,2.0157408714294434
1403899191177400324,positive,1.6855376958847046,2.223081111907959,-0.45177674293518066
1403899192687300608,neutral,1.6830929517745972,0.8264098763465881,0.7100180387496948
1403899194922786820,neutral,1.9127713441848755,0.37595832347869873,0.6523367166519165
1403899197129211909,negative,1.1982110738754272,-0.819764256477356,1.836319923400879
1403899198240563206,positive,1.7747060060501099,3.4235782623291016,-0.5406714081764221
1403899198618193921,neutral,1.657442569732666,0.47273629903793335,0.07813054323196411
1403899199327027204,neutral,1.063826560974121,0.8708385229110718,0.6853145956993103
1403899200140685314,neutral,1.6855745315551758,0.37137290835380554,0.37932199239730835
1403899200782413825,neutral,1.549101710319519,-0.7296223640441895,1.4869049787521362
1403899202581663747,negative,1.5836243629455566,-1.3270618915557861,3.0324950218200684
1403899202632044546,neutral,1.5978000164031982,0.07402771711349487,0.7179110050201416
1403899202652950529,negative,0.6701081395149231,-0.9684223532676697,3.7753443717956543
1403899202808152075,neutral,1.6855745315551758,0.37137290835380554,0.37932199239730835
1403899203370196997,positive,1.099968671798706,1.799691081047058,0.5806941986083984
1403899203529576453,positive,0.7696776390075684,0.8696874976158142,0.8511385917663574
1403899203584106503,neutral,1.7117419242858887,-0.7719659805297852,1.2950795888900757
1403899204955639809,positive,2.123021125793457,2.5757787227630615,-0.8639580011367798
1403899207535132673,negative,1.2570843696594238,0.5398135185241699,1.5533688068389893
1403899207753211911,neutral,1.7626874446868896,0.8798971176147461,0.9358813166618347
1403899208021721088,negative,1.3129185438156128,-0.724981427192688,2.5098702907562256
1403899208092901381,neutral,1.8106342554092407,0.41629916429519653,0.6457952260971069
1403899208780877827,neutral,1.8709139823913574,0.7854757308959961,0.3054758906364441
1403899209523343370,negative,1.4715067148208618,-0.9147014021873474,2.080225706100464
1403899210035040256,neutral,2.0204403400421143,1.356952428817749,-0.11390099674463272
1403899210131402755,positive,2.2432477474212646,2.263446807861328,-0.4768962264060974
1403899210286571524,neutral,2.1832115650177,1.3436704874038696,-0.046759121119976044
1403899211196735491,positive,1.678925633430481,1.9785784482955933,-0.5146905779838562
1403899212765417472,negative,1.280988335609436,-1.0886893272399902,2.6343438625335693
1403899213214195714,negative,1.1685818433761597,-1.2078018188476562,3.220060110092163
1403899214262804481,neutral,2.408376693725586,-0.42738112807273865,1.3063676357269287
1403899215219146760,negative,1.4764469861984253,-1.3751908540725708,3.222350835800171
1403899215428952066,neutral,1.326339840888977,0.7656252980232239,0.3029361963272095
1403899216469000194,neutral,1.5978000164031982,0.07402771711349487,0.7179110050201416
1403899217077161988,negative,0.7838588953018188,-0.8143433928489685,2.5138864517211914
1403899219660967943,neutral,1.6855745315551758,0.37137290835380554,0.37932199239730835
1403899221443366914,negative,1.1009628772735596,-0.764611542224884,2.274383544921875
1403899223272210434,neutral,1.8327057361602783,-0.3687923848628998,1.2500524520874023
1403899223280697345,neutral,2.5457308292388916,1.3318943977355957,-0.518132746219635
1403899225772003331,neutral,1.8709139823913574,0.7854757308959961,0.3054758906364441
1403899226669543429,neutral,1.6213605403900146,-0.21384871006011963,0.974811851978302
1403899226766155780,negative,1.049437403678894,-0.15894579887390137,1.462222933769226
1403899226854096896,neutral,1.5804765224456787,-0.31892287731170654,0.8864316940307617
1403899227013480453,neutral,1.7114241123199463,0.2853153944015503,1.5801481008529663
1403899228850622465,neutral,1.7822201251983643,0.7247931957244873,0.4182962477207184
1403899229697765379,neutral,2.146538257598877,1.1003127098083496,-0.613165557384491
1403899229731540995,neutral,3.5818018913269043,1.8964228630065918,-1.0241738557815552
1403899230788390914,neutral,1.2807233333587646,1.0249966382980347,-0.6163060665130615
1403899233174839300,neutral,1.6855745315551758,0.37137290835380554,0.37932199239730835
1403899233787211785,negative,1.8389781713485718,-0.8174882531166077,1.8893747329711914
1403899234861027328,neutral,1.9788156747817993,0.6521122455596924,0.337144672870636
1403899235620122626,negative,1.0877283811569214,-0.08040621131658554,1.6055489778518677
1403899237910286336,negative,0.4564964175224304,-0.8170602321624756,3.7533457279205322
1403899238245928963,neutral,1.5426079034805298,0.5317460298538208,0.23070339858531952
1403899238547927042,negative,0.6439998149871826,-1.2103722095489502,3.6401169300079346
1403899238925275140,positive,1.3613845109939575,1.4909244775772095,0.25907114148139954
1403899240133402626,negative,1.1830397844314575,-1.1429544687271118,3.2480897903442383
1403899241030995968,negative,0.5780776143074036,-0.27028152346611023,2.362079620361328
1403899241114734593,negative,1.0547722578048706,-0.49198606610298157,1.7187632322311401
1403899242587041796,neutral,3.097456693649292,1.4573804140090942,-0.4430098235607147
1403899242872201218,negative,1.2498252391815186,-1.197953701019287,3.11466646194458
1403899243388080130,negative,0.8162176609039307,-0.583519697189331,1.4239259958267212
1403899243757146112,neutral,2.295140266418457,0.6554539203643799,-0.009919067844748497
1403899243857907719,neutral,1.6855745315551758,0.37137290835380554,0.37932199239730835
1403899244054925316,neutral,1.4162509441375732,0.8169260025024414,0.4126950204372406
1403899244310900740,negative,0.48311638832092285,-0.1238732859492302,2.0188961029052734
1403899244314980355,negative,1.1827703714370728,-0.35468679666519165,1.80565345287323
1403899245258756096,negative,0.7469204068183899,0.02713056281208992,1.6193714141845703
1403899246454218757,neutral,1.7551368474960327,-0.018994078040122986,0.626270592212677
1403899246613434370,negative,1.5515313148498535,-0.48929861187934875,2.0591113567352295
1403899246949158917,negative,0.5666109919548035,-0.8695405721664429,3.228283405303955
1403899247028838408,positive,2.2271292209625244,3.158660650253296,-1.025310754776001
1403899248379367427,neutral,1.919641137123108,-0.5349017381668091,1.0154887437820435
1403899249310552069,negative,1.326297640800476,-0.9724143147468567,2.35296893119812
1403899249855590403,negative,0.9438527226448059,-0.7162034511566162,2.5685036182403564
1403899249880965120,negative,0.8993688225746155,-1.0012463331222534,2.6860365867614746
1403899250191134721,negative,0.9422332644462585,-1.5254327058792114,4.609598636627197
1403899250627522563,neutral,1.7390837669372559,0.302731454372406,0.9482852816581726
1403899250933649410,neutral,1.6338332891464233,0.40940046310424805,0.47961241006851196
1403899251847925762,negative,0.8448756337165833,0.6626062989234924,1.4813083410263062
1403899252062003201,neutral,2.0310606956481934,1.6959866285324097,-0.7452571392059326
1403899252640665601,negative,1.2130876779556274,-0.11638271063566208,1.5395174026489258
1403899254268207105,negative,0.5828343033790588,-1.0724163055419922,3.234013795852661
1403899254356078592,neutral,2.438387393951416,0.8651903867721558,-0.12518733739852905
1403899255115313154,negative,1.577073574066162,-0.900102436542511,2.19911789894104
1403899255769677825,negative,1.4666943550109863,-0.16151732206344604,1.5379620790481567
1403899255878782982,negative,0.9367195963859558,0.3700956702232361,1.9719417095184326
1403899256411496454,negative,1.510801911354065,-0.42734089493751526,1.7755334377288818
1403899256495382532,negative,0.7055714130401611,-0.6770666837692261,2.8967885971069336
1403899256998711296,neutral,1.5978000164031982,0.07402771711349487,0.7179110050201416
1403899257136979971,neutral,1.226473331451416,1.2208911180496216,0.26199018955230713
1403899258340847617,neutral,1.5906554460525513,-0.28880006074905396,1.229681134223938
1403899259062087680,negative,0.6932620406150818,-0.5094792246818542,2.5990352630615234
1403899259720699916,neutral,2.1617162227630615,-1.0657998323440552,2.0157408714294434
1403899260186202112,neutral,1.552979588508606,0.43612563610076904,-0.21679633855819702
1403899261780066304,negative,1.3783894777297974,0.08099635690450668,1.7644765377044678
1403899262874836996,neutral,1.4153116941452026,1.0792063474655151,0.37571215629577637
1403899263315111939,neutral,2.02018141746521,0.8802938461303711,-0.49762576818466187
1403899263332007936,neutral,1.7267955541610718,0.42521023750305176,-0.025494834408164024
1403899263558602758,negative,0.7838588953018188,-0.8143433928489685,2.5138864517211914
1403899263784873989,negative,0.7838588953018188,-0.8143433928489685,2.5138864517211914
1403899264485498880,neutral,1.6952567100524902,0.3796398639678955,1.3148893117904663
1403899265345335296,neutral,2.1794328689575195,2.068918466567993,-0.20564782619476318
1403899266456764418,neutral,1.9750325679779053,-0.10603458434343338,1.0447710752487183
1403899266557427714,neutral,1.8614832162857056,1.0667253732681274,0.054299335926771164
1403899268629295105,negative,1.3134132623672485,-0.5762356519699097,1.6616077423095703
1403899269082488834,neutral,1.6855745315551758,0.37137290835380554,0.37932199239730835
1403899270965731329,neutral,1.8849817514419556,-0.7652226686477661,1.8700544834136963
1403899271657578496,negative,1.2520092725753784,-1.1864796876907349,3.66597843170166
1403899272303677443,negative,0.8708510994911194,-1.1882699728012085,3.845966100692749
1403899274811768834,neutral,1.435288667678833,0.17262224853038788,0.7286726832389832
1403899275571077120,positive,1.4500421285629272,5.093709468841553,-1.083282470703125
1403899275688353792,neutral,0.8780579566955566,0.7178494334220886,-0.1510275900363922
1403899276233637894,neutral,2.2982754707336426,1.6126103401184082,-0.029681673273444176
1403899276548218880,neutral,1.4733755588531494,0.9424794316291809,-0.03368444740772247
1403899276581875712,neutral,2.2013907432556152,1.544710397720337,-0.18878339231014252
1403899276720173062,negative,0.7683039307594299,-0.6747876405715942,2.59315824508667
1403899277122879488,neutral,1.7541003227233887,-0.053080521523952484,1.7306708097457886
1403899278767104002,negative,0.959629237651825,-1.000465989112854,2.70628023147583
1403899281388437512,neutral,1.7742464542388916,0.3680194020271301,-0.2589036822319031
1403899281514254344,neutral,1.7320775985717773,0.05746832489967346,0.2469756305217743
1403899282143559683,positive,1.6855376958847046,2.223081111907959,-0.45177674293518066
1403899282617507844,neutral,1.8957024812698364,0.49880149960517883,0.2651660144329071
1403899283015938056,neutral,1.6855746507644653,0.37137293815612793,0.3793219029903412
1403899283582029825,neutral,3.484074115753174,0.7267022728919983,-0.3740222454071045
1403899283644944389,negative,1.5737717151641846,-0.5357782244682312,1.8692100048065186
1403899284555132928,negative,1.172008991241455,-0.38311222195625305,2.0790281295776367
1403899284617973765,negative,0.72593092918396,-0.5431442856788635,2.7930126190185547
1403899284861427712,positive,1.5079127550125122,1.5450831651687622,0.03308340907096863
1403899285142347776,neutral,1.7310503721237183,0.5471150279045105,0.4840289354324341
1403899285322670087,negative,0.43745920062065125,-0.6235151290893555,2.3291590213775635
1403899285570146308,neutral,1.6933164596557617,-0.03814292699098587,1.115788459777832
1403899286010560518,negative,0.8054755926132202,-1.3193316459655762,3.757420063018799
1403899286497103877,neutral,1.2100073099136353,0.8485797047615051,0.6398364901542664
1403899286891503616,neutral,2.5457308292388916,1.3318943977355957,-0.518132746219635
1403899287067635714,negative,1.062785029411316,-0.004294149577617645,1.7522209882736206
1403899289189814272,negative,0.7680075764656067,0.40733802318573,1.459306240081787
1403899289798123524,negative,0.6067468523979187,-0.8379080295562744,2.556507110595703
1403899289940672515,positive,1.9316704273223877,2.1811797618865967,-0.5911884903907776
1403899290364223491,positive,1.9316705465316772,2.1811797618865967,-0.5911884903907776
1403899291173744642,positive,1.2309991121292114,1.5489630699157715,0.045413997024297714
1403899291941359618,neutral,1.6855745315551758,0.37137290835380554,0.37932199239730835
1403899292188766208,neutral,1.00077223777771,0.6353152394294739,0.7175973057746887
1403899294550151170,negative,1.5462321043014526,-0.9039552807807922,1.9369906187057495
1403899294936039426,neutral,1.6156479120254517,1.0034308433532715,0.9610841870307922
1403899298316759042,neutral,2.2568042278289795,0.760739266872406,0.8024712800979614
1403899299730165760,negative,1.5737717151641846,-0.5357782244682312,1.8692100048065186
1403899299969200131,neutral,2.3818750381469727,1.736778736114502,-0.2950361669063568
1403899300267057152,neutral,1.2052630186080933,0.8534552454948425,0.6124579310417175
1403899302162874373,neutral,2.617481231689453,0.9108659625053406,-0.2763253152370453
1403899302166945792,neutral,1.9403049945831299,-0.6860625147819519,0.9651776552200317
1403899302871638016,neutral,1.5557116270065308,0.014093510806560516,0.9771474003791809
1403899303496716290,neutral,2.4962306022644043,0.7560492157936096,-0.22617913782596588
1403899303765098498,negative,1.382282018661499,-0.15834683179855347,1.5593022108078003
1403899304213979139,negative,1.1085838079452515,-0.47857633233070374,1.881900429725647
1403899306281779201,neutral,1.3796260356903076,-0.07662767916917801,0.7117828726768494
1403899308743696388,neutral,2.0242245197296143,-0.38172468543052673,0.8857566714286804
1403899309670682628,neutral,0.7509689331054688,0.6414499878883362,0.3247028887271881
1403899309821632512,negative,1.193696141242981,-0.9423500895500183,2.4674036502838135
1403899310698291200,positive,1.213778018951416,1.5583857297897339,-0.1184355691075325
1403899311331569666,neutral,1.9403049945831299,-0.6860625147819519,0.9651776552200317
1403899311734366210,negative,1.1685296297073364,-1.1919217109680176,2.797386884689331
1403899313575575552,neutral,0.7149462103843689,0.678932785987854,0.10143484175205231
1403899313886056452,neutral,3.271719455718994,0.6812210083007812,-0.7743799686431885
1403899314800185349,neutral,1.7874373197555542,0.5906839966773987,0.5861972570419312
1403899314888339456,negative,1.5734403133392334,0.25366929173469543,2.0972580909729004
1403899316188684290,neutral,2.2124922275543213,0.6901099681854248,0.07836168259382248
1403899316301971458,negative,1.4778536558151245,-0.8342931270599365,2.2221248149871826
1403899316977106944,neutral,1.4071638584136963,0.9203624129295349,0.9834265112876892
1403899317669277698,neutral,1.6156479120254517,1.0034308433532715,0.9610841870307922
1403899319783071748,negative,0.315359890460968,-0.28070446848869324,2.047783851623535
1403899320429125633,negative,1.4180810451507568,-0.916871964931488,1.8428053855895996
1403899320789835776,negative,1.0272369384765625,-1.3131335973739624,4.025577068328857
1403899321297350659,neutral,1.6214871406555176,0.30735769867897034,0.3893382251262665
1403899321456676864,negative,0.7432449460029602,-0.4437643587589264,2.3555729389190674
1403899321716776974,negative,1.007143259048462,-1.2359178066253662,3.581260919570923
1403899322882695177,neutral,2.090487480163574,0.013009853661060333,0.5167921781539917
1403899322991669251,neutral,1.7996848821640015,0.33628374338150024,0.6071799993515015
1403899323734134784,negative,1.1062216758728027,-1.0039750337600708,2.834050416946411
1403899324115734528,neutral,1.3538949489593506,0.8123399615287781,0.1756790578365326
1403899325084749827,neutral,1.3145216703414917,1.0809608697891235,0.5977239012718201
1403899325428686849,neutral,2.1389176845550537,-0.4021952450275421,1.069240927696228
1403899326229848064,negative,1.4180810451507568,-0.916871964931488,1.8428053855895996
1403899327198662659,positive,1.5444986820220947,3.5981285572052,-0.7108158469200134
1403899327324385283,neutral,1.8890225887298584,1.0202739238739014,-0.0753210112452507
1403899327827881988,neutral,1.5608633756637573,0.6738376617431641,0.2882964015007019
1403899328180129792,positive,1.1663600206375122,1.4180538654327393,0.7986526489257812
1403899328763088902,positive,1.0228153467178345,4.957812786102295,-0.8629496693611145
1403899329115459587,positive,0.5390428304672241,1.0401992797851562,0.7169644832611084
1403899330449362945,negative,1.6300996541976929,-1.1651185750961304,2.5472285747528076
1403899330625302528,negative,1.233188509941101,-0.31197914481163025,1.9848666191101074
1403899330721816580,negative,1.0958918333053589,-0.6747299432754517,1.9515999555587769
1403899331099336706,negative,0.7743923664093018,-0.9004591703414917,2.927941083908081
1403899331397050369,negative,0.813671350479126,0.35304853320121765,0.9705992937088013
1403899331602653194,neutral,2.1248245239257812,-0.10684328526258469,0.966576337814331
1403899331745247233,positive,1.7462825775146484,1.8249921798706055,-0.08776450157165527
1403899332638638080,positive,1.449087142944336,1.754629373550415,0.2319578230381012
1403899332672118784,negative,1.1763310432434082,-1.39384925365448,3.85394287109375
1403899332735029250,positive,1.8598068952560425,1.9317889213562012,0.04260722175240517
1403899333427167233,negative,1.313413381576538,-0.5762356519699097,1.6616078615188599
1403899334349967362,neutral,1.2400773763656616,0.8503363728523254,0.11373043805360794
1403899335323029506,negative,0.7323042154312134,-1.3676931858062744,4.239696502685547
1403899336388321283,neutral,1.8453189134597778,-0.7528730034828186,1.4471096992492676
1403899336505839617,negative,0.5666109919548035,-0.8695405721664429,3.228283405303955
1403899336589778949,neutral,2.118499517440796,0.12764769792556763,0.6007707118988037
1403899338485428233,neutral,1.189673900604248,0.9983168244361877,0.34609657526016235
1403899339919986699,neutral,1.6855745315551758,0.37137290835380554,0.37932199239730835
1403899340297490435,neutral,1.0464609861373901,0.9940327405929565,-0.22245560586452484
1403899340909862914,neutral,1.1136714220046997,0.7125404477119446,0.1167285293340683
1403899341920636931,neutral,1.7250679731369019,0.017915233969688416,0.9697539806365967
1403899342231048195,neutral,1.6855745315551758,0.37137290835380554,0.37932199239730835
1403899342474289155,neutral,2.6163887977600098,1.7948631048202515,-0.34238243103027344
1403899342906445827,neutral,1.7369836568832397,-0.5208842158317566,1.676192045211792
1403899343317340162,neutral,1.8453189134597778,-0.7528729438781738,1.447109580039978
1403899344177090565,negative,1.4421217441558838,-1.0861921310424805,2.6048994064331055
1403899345439662080,neutral,1.5915627479553223,0.3136278986930847,0.7126535773277283
1403899345645211652,negative,0.9722640514373779,-1.1834232807159424,3.0577008724212646
1403899347943628807,negative,0.9071047306060791,-0.5245262384414673,2.3702313899993896
1403899353341759488,neutral,1.6855745315551758,0.37137290835380554,0.37932199239730835
1403899354662981636,negative,0.5731886625289917,-0.0473814532160759,1.2165814638137817
1403899355929583616,positive,2.2432477474212646,2.263446807861328,-0.4768962264060974
1403899356562952192,negative,1.10686194896698,-0.16957294940948486,1.6743061542510986
1403899356973977602,positive,0.8097522258758545,1.2995210886001587,0.10947392135858536
1403899358245015564,neutral,2.02864408493042,1.1557042598724365,-0.6362020373344421
1403899358270177280,positive,1.5331751108169556,1.9806023836135864,-0.07639801502227783
1403899359251423232,negative,1.314395546913147,-0.5043433904647827,1.8410911560058594
1403899360086212611,neutral,1.4340540170669556,-0.15862217545509338,1.3099592924118042
1403899361503764490,neutral,3.1356732845306396,1.5283151865005493,-1.0587494373321533
1403899361516417028,negative,1.3134132623672485,-0.5762356519699097,1.6616077423095703
1403899364079140864,negative,1.598734736442566,-0.7644699215888977,1.8805994987487793
1403899364943220738,neutral,1.3295601606369019,0.3623344600200653,1.0872447490692139
1403899366000103424,positive,0.38993367552757263,1.5350021123886108,0.21577316522598267
1403899366482472969,positive,1.3412058353424072,4.342408180236816,-1.2091598510742188
1403899367539417092,neutral,1.361461877822876,-0.06126406043767929,1.0507005453109741
1403899368671952901,neutral,1.902866244316101,0.8226285576820374,0.20637871325016022
1403899368948838406,negative,1.3406951427459717,-0.6194198131561279,2.546078681945801
1403899371742191619,neutral,0.9984378814697266,0.685194730758667,0.7719820737838745
1403899371847094277,neutral,1.6855745315551758,0.37137287855148315,0.37932196259498596
1403899373587685388,negative,0.6265775561332703,0.34463584423065186,1.8797860145568848
1403899373713379328,positive,0.852933406829834,1.2892200946807861,0.08430267125368118
1403899374137085953,neutral,2.306674003601074,-0.3815867006778717,0.8096888065338135
1403899374501912581,negative,0.8061771392822266,-0.6775262355804443,2.830129384994507
1403899374883590145,negative,1.346205234527588,-0.03781729191541672,1.6470741033554077
1403899374933921796,neutral,1.5436222553253174,0.7745383977890015,0.45708879828453064
1403899374938341379,negative,0.5806407332420349,0.09052310883998871,2.4000003337860107
1403899375290662914,negative,1.91299569606781,-0.3594072759151459,1.9464446306228638
1403899376565587969,neutral,1.9817802906036377,0.27706870436668396,0.38155797123908997
1403899376972537858,neutral,1.2661174535751343,-0.15950122475624084,1.133217215538025
1403899377920450561,neutral,1.1863152980804443,-0.5395735502243042,1.1785615682601929
1403899378180427779,neutral,1.2400774955749512,0.8503363728523254,0.11373038589954376
1403899378402676744,neutral,0.9049781560897827,0.7968295216560364,0.16847333312034607
1403899378444783617,neutral,1.4964929819107056,0.7859960198402405,0.9816578030586243
1403899378998276102,negative,1.5223995447158813,-1.2386795282363892,2.8445589542388916
1403899379384160257,neutral,1.7602161169052124,0.5363602638244629,1.7128514051437378
1403899381464535041,neutral,1.970107913017273,-0.43401941657066345,0.9729315638542175
1403899382982922246,negative,0.14974907040596008,0.08703220635652542,1.2429367303848267
1403899383582765061,negative,1.3884830474853516,-1.0680711269378662,2.762256145477295
1403899385038229508,neutral,1.840667963027954,0.03709886595606804,0.4059998095035553
1403899385742774273,negative,1.0800031423568726,-0.19606146216392517,2.0780978202819824
1403899387164741635,neutral,2.493297576904297,1.211998462677002,-0.37470531463623047
1403899387496050690,neutral,1.5758072137832642,1.1662615537643433,0.5228211879730225
1403899388066504720,neutral,2.1018660068511963,0.674994945526123,-4.910677671432495e-05
1403899391266725888,neutral,1.4827616214752197,0.5792343616485596,0.5633500814437866
1403899392843599877,negative,1.4778536558151245,-0.8342931270599365,2.2221248149871826
1403899394533908481,negative,1.2511751651763916,0.256136953830719,1.2993953227996826
1403899395834269696,negative,1.3090683221817017,-0.46252748370170593,1.5586451292037964
1403899395960102914,neutral,1.5619686841964722,-0.26547083258628845,1.3243292570114136
1403899396723445763,neutral,2.1832115650177,1.3436704874038696,-0.046759121119976044
1403899396815831041,neutral,1.4275246858596802,0.6754931807518005,0.357758492231369
1403899397092556804,neutral,2.183990955352783,1.2824373245239258,-0.24542169272899628
1403899397298085889,neutral,1.5985978841781616,-0.7025386095046997,1.2886408567428589
1403899397369470978,negative,1.42825186252594,-1.1638981103897095,2.5680627822875977
1403899397834821633,negative,0.6627022624015808,-1.097756266593933,3.5033769607543945
1403899398573027331,negative,1.3328379392623901,-1.1997720003128052,3.0109012126922607
1403899400334700545,positive,0.8097521662712097,1.2995210886001587,0.10947390645742416
1403899400804503552,neutral,2.120441436767578,1.5933220386505127,-0.07666395604610443
1403899401412562948,negative,1.0325145721435547,-0.6826941967010498,2.8837692737579346
1403899401576148996,neutral,2.485743761062622,-0.3147491216659546,0.4562077224254608
1403899402192838660,negative,0.9868131875991821,-0.49402764439582825,1.492746114730835
1403899402561851396,negative,1.0231167078018188,-1.2027766704559326,3.3043224811553955
1403899402704482304,positive,1.7028616666793823,2.8240652084350586,-0.16429834067821503
1403899403069399045,neutral,1.6156479120254517,1.0034308433532715,0.9610841870307922
1403899404847812614,positive,0.9674493074417114,1.7088408470153809,0.1343444138765335
1403899405028278273,neutral,1.9470360279083252,-0.0748770609498024,1.5451092720031738
1403899406102024195,negative,0.9428937435150146,-0.40945035219192505,1.6299898624420166
1403899408203227144,neutral,1.8554095029830933,-0.48067352175712585,1.578355073928833
1403899408903725059,negative,1.1085838079452515,-0.47857633233070374,1.881900429725647
1403899409214148608,neutral,1.9274388551712036,-0.1654486358165741,0.9127357006072998
1403899410023583749,neutral,1.5978000164031982,0.07402771711349487,0.7179110050201416
1403899410052907013,negative,0.687269389629364,0.504711925983429,0.8156965374946594
1403899410375905280,neutral,1.6855745315551758,0.37137290835380554,0.37932199239730835
1403899410866606080,neutral,1.366612434387207,0.7147871851921082,0.6311622262001038
1403899411135090688,neutral,1.6214871406555176,0.30735769867897034,0.3893382251262665
1403899411332222978,neutral,1.6855745315551758,0.37137290835380554,0.37932199239730835
1403899411378229252,negative,0.7767648696899414,-0.25437575578689575,1.476441502571106
1403899411550375939,negative,0.7688723206520081,-1.101062297821045,3.519810199737549
1403899412045307904,neutral,1.9200304746627808,0.0010941997170448303,1.3634591102600098
1403899414842789891,negative,0.43919938802719116,0.3243088126182556,1.958966851234436
1403899414935048192,positive,2.2271292209625244,3.158660650253296,-1.025310754776001
1403899415585202177,neutral,1.8259774446487427,-0.7735645771026611,1.5164077281951904
1403899416063447040,neutral,2.680697441101074,1.0767545700073242,-0.42117413878440857
1403899417405632518,neutral,1.2885048389434814,0.4984723627567291,0.1203310638666153
1403899417829183489,negative,0.8991404175758362,0.2108883261680603,1.5790438652038574
1403899418538041345,neutral,1.9645682573318481,0.9397410750389099,0.20900864899158478
1403899418894553095,negative,0.7449336051940918,0.22729694843292236,1.3791594505310059
1403899419213303811,neutral,1.2400773763656616,0.8503363728523254,0.11373043805360794
1403899419553107969,neutral,2.257739543914795,-0.09744992107152939,0.6269450187683105
1403899419750109185,neutral,2.2700843811035156,0.7617124915122986,0.29850590229034424
1403899419863437314,neutral,1.8588624000549316,1.0760548114776611,0.38891175389289856
1403899420811407360,neutral,1.6550211906433105,0.15934893488883972,0.9476357102394104
1403899421566242824,negative,1.3134132623672485,-0.5762356519699097,1.6616077423095703
1403899421813874692,negative,1.44278085231781,-0.10585392266511917,1.5308858156204224
1403899422245896198,negative,1.1353546380996704,-0.2905583679676056,1.2604365348815918
1403899422266707980,neutral,1.7087724208831787,0.0014444291591644287,0.6756888031959534
1403899424787603460,negative,0.9385649561882019,-1.4091700315475464,4.068619251251221
1403899425878003717,neutral,1.6453394889831543,-0.5637218952178955,1.4122753143310547
1403899426884698113,neutral,2.0725479125976562,-0.9998981952667236,1.9740791320800781
1403899427010584579,negative,1.2208534479141235,0.24115094542503357,1.283219337463379
1403899427694137348,negative,1.3783894777297974,0.08099635690450668,1.7644765377044678
1403899428159713281,positive,2.2432477474212646,2.263446807861328,-0.4768962264060974
1403899428176470021,neutral,1.5915627479553223,0.3136278986930847,0.7126535773277283
1403899428667158530,positive,2.2271292209625244,3.158660650253296,-1.025310754776001
1403899428868603907,neutral,1.2323832511901855,-0.29414263367652893,1.1886245012283325
1403899429116067841,neutral,1.6855745315551758,0.37137290835380554,0.37932199239730835
1403899429267116034,neutral,2.3061580657958984,0.5227155089378357,0.32168152928352356
1403899432383483904,positive,2.772495746612549,4.462848663330078,-1.7630211114883423
1403899433155170304,negative,0.6161379814147949,-1.0648545026779175,3.1989569664001465
1403899433482436612,negative,0.5730398297309875,0.8579868674278259,1.6547616720199585
1403899433754914817,neutral,0.9354093670845032,0.6688011884689331,0.6171329021453857
1403899434191278085,negative,1.6642413139343262,-0.06504892557859421,1.8429919481277466
1403899434329534466,negative,1.4320703744888306,-0.5106971859931946,2.397148847579956
1403899434338078720,neutral,1.5301018953323364,0.2757749855518341,0.970385730266571
1403899434887380993,neutral,1.8213034868240356,-0.16662898659706116,0.9271771907806396
1403899435558572032,negative,1.1453746557235718,0.38371577858924866,1.3632245063781738
1403899435763986438,neutral,2.5156655311584473,1.513499140739441,-0.13164694607257843
1403899436120514563,positive,0.9383045434951782,2.838015556335449,-0.5699394941329956
1403899437156601856,neutral,1.3369131088256836,0.953585147857666,0.26416298747062683
1403899438951809024,negative,0.914238691329956,-1.5206105709075928,4.534408092498779
1403899438972735495,negative,1.1453746557235718,0.38371577858924866,1.3632245063781738
1403899439098519556,negative,0.20310676097869873,-0.5895022749900818,2.1966395378112793
1403899439610163200,negative,0.8996097445487976,-0.8819258809089661,2.7370095252990723
1403899439769559041,neutral,2.111804962158203,1.6236671209335327,-0.5344217419624329
1403899439983566851,negative,0.9460565447807312,-0.6088257431983948,1.6805683374404907
1403899440130187266,neutral,1.8772064447402954,0.9674400687217712,0.6676285862922668
1403899440226783233,neutral,2.4317965507507324,0.9792041182518005,0.0837772786617279
1403899441896050692,negative,1.3410431146621704,-0.803977370262146,1.8369777202606201
1403899446283313162,negative,1.2975257635116577,-1.128955364227295,2.567502498626709
1403899446388269059,negative,1.4044817686080933,-0.6316516399383545,1.849642276763916
1403899447801651213,neutral,2.253906488418579,1.0838887691497803,-0.4620298445224762
1403899447994687491,positive,1.9125641584396362,2.1415109634399414,-0.13393773138523102
1403899447998705664,negative,0.8510071635246277,0.30802056193351746,1.4834654331207275
1403899451085770756,negative,1.062785029411316,-0.004294194281101227,1.7522211074829102
1403899451991724040,negative,1.1296595335006714,0.11079896241426468,1.322539210319519
1403899452771950602,neutral,2.4847967624664307,0.2384815514087677,0.04455602169036865
1403899453954691082,negative,1.1939637660980225,-0.5604457259178162,2.0867600440979004
1403899454361538561,negative,1.4320703744888306,-0.5106971859931946,2.397148847579956
1403899455577989120,neutral,1.9972217082977295,0.12200354039669037,0.5535389184951782
1403899455800320002,negative,0.7991031408309937,-1.092512845993042,3.108741044998169
1403899455909335043,neutral,1.8385353088378906,0.05428280681371689,0.7086978554725647
1403899455926063104,positive,1.7462824583053589,1.8249918222427368,-0.08776447921991348
1403899456194555914,neutral,1.8663444519042969,0.966738224029541,-0.20627053081989288
1403899456832126978,neutral,2.178636312484741,-0.5951839089393616,0.4340347647666931
1403899457536733185,negative,1.0352815389633179,-1.2048842906951904,3.4472603797912598
1403899457897340930,positive,1.879622459411621,2.0423743724823,-0.44462165236473083
1403899458056773632,neutral,1.493976354598999,0.9625682234764099,1.1335692405700684
1403899459147165696,neutral,2.074192762374878,0.5199370384216309,0.4997463524341583
1403899459931623425,negative,0.7828037142753601,-0.8103732466697693,2.470482587814331
1403899461064138755,negative,0.7838588953018188,-0.8143433928489685,2.5138864517211914
1403899461449834496,negative,1.083919882774353,-0.41959771513938904,2.3069186210632324
1403899461852700676,negative,1.3778526782989502,-0.7441416382789612,1.4924888610839844
1403899462846750724,negative,0.8231443166732788,-0.427882581949234,2.8593082427978516
1403899463383539716,neutral,2.1832115650177,1.3436704874038696,-0.046759121119976044
1403899464364945408,negative,0.5768778920173645,0.6578587889671326,1.0357322692871094
1403899465434492932,neutral,1.8259774446487427,-0.7735645174980164,1.5164074897766113
1403899465812090882,neutral,0.23260748386383057,0.17639034986495972,0.14018523693084717
1403899468043354112,neutral,2.3061580657958984,0.5227155089378357,0.32168158888816833
1403899468659892226,positive,1.4200658798217773,3.259760618209839,-1.1357990503311157
1403899468672503808,neutral,1.756198525428772,-0.09392357617616653,1.152241587638855
1403899468978606080,neutral,1.1016111373901367,0.9835138916969299,0.8702520728111267
1403899469427625986,negative,1.3323875665664673,-0.29261744022369385,1.5215338468551636
1403899470698450947,neutral,1.197285532951355,0.23835936188697815,0.37437549233436584
1403899471411486723,negative,0.09007953107357025,0.3081474304199219,1.1310749053955078
1403899471495413761,neutral,1.6855745315551758,0.37137290835380554,0.37932199239730835
1403899472086769664,positive,1.2278330326080322,2.0429627895355225,0.262103796005249
1403899472246083587,negative,1.5962668657302856,-0.5810145735740662,1.7444785833358765
1403899472879312898,neutral,2.4897828102111816,1.1271601915359497,0.1654805690050125
1403899475966390274,positive,2.325681447982788,3.350938558578491,-1.194633960723877
1403899476155277314,positive,1.0622289180755615,1.4327529668807983,0.0794229656457901
1403899476868272133,negative,0.2751736044883728,-0.6350346803665161,2.3639273643493652
1403899477094699017,negative,0.4564964175224304,-0.8170602321624756,3.7533457279205322
1403899477472075777,negative,0.43739476799964905,-0.560161292552948,3.2401466369628906
1403899479410028545,positive,1.4041879177093506,1.7676382064819336,1.3282986879348755
1403899479577800707,neutral,1.965971827507019,0.3703058958053589,0.4774651825428009
1403899480722837504,positive,0.04612364247441292,1.1124731302261353,0.012990029528737068
1403899481339355138,neutral,1.5194333791732788,0.14153116941452026,0.7069699764251709
1403899481498611713,positive,0.8097521662712097,1.2995210886001587,0.10947390645742416
1403899482262081539,positive,1.6052263975143433,1.706760287284851,0.01051669754087925
1403899482475950080,neutral,2.1982128620147705,0.15324579179286957,0.6050568222999573
1403899482584932352,neutral,2.6369285583496094,1.2206857204437256,-0.1065223291516304
1403899483524640771,negative,0.6693126559257507,-0.4471161663532257,2.575282335281372
1403899484409503746,positive,0.852933406829834,1.2892200946807861,0.08430267125368118
1403899484543848449,negative,0.8637972474098206,0.6481667160987854,1.2245993614196777
1403899485147729921,neutral,1.3759987354278564,-0.09682313352823257,1.0267516374588013
1403899485290258434,negative,0.014955773949623108,0.49049216508865356,0.7868308424949646
1403899485403586560,neutral,2.2546284198760986,0.10589390248060226,0.41822579503059387
1403899485416169473,negative,0.7752673029899597,0.012378118932247162,1.497338891029358
1403899487681224710,negative,1.1126530170440674,-0.16969648003578186,2.5129504203796387
1403899488066932748,neutral,1.4210460186004639,0.6094874739646912,1.066990852355957
1403899489014861825,negative,1.202185034751892,-0.5762647390365601,1.9174319505691528
1403899489987928070,positive,1.7462824583053589,1.8249918222427368,-0.08776453137397766
1403899490432602113,neutral,2.1678249835968018,2.0625691413879395,-0.4049217104911804
1403899491263160323,negative,0.6882638931274414,0.028706751763820648,2.1497159004211426
1403899491330138115,positive,0.830284059047699,1.5803557634353638,0.6437507271766663
1403899492659830789,negative,1.5478283166885376,-1.0382366180419922,2.3694262504577637
1403899493481795584,neutral,1.8772246837615967,-0.7698121070861816,1.1950713396072388
1403899493494390795,neutral,1.7884783744812012,1.0645719766616821,-0.047373443841934204
1403899493741891587,positive,1.6378940343856812,2.714322566986084,-0.37675172090530396
1403899494995955715,negative,0.7609754800796509,-0.329728364944458,1.990837574005127
1403899495813828612,positive,0.8097521662712097,1.2995210886001587,0.10947390645742416
1403899496262557696,negative,0.7274208664894104,0.26124629378318787,1.9952753782272339
1403899496312971266,negative,1.264915108680725,-0.3722284138202667,1.4042580127716064
1403899497931964416,neutral,0.9560484290122986,0.5994755625724792,-0.38405734300613403
1403899498548457478,neutral,2.1487724781036377,-0.41755440831184387,0.8442440629005432
1403899499039363074,negative,1.1626431941986084,-0.6592227220535278,1.8451189994812012
1403899499865587712,negative,0.7658509016036987,-1.1731383800506592,3.484412908554077
1403899499873857538,neutral,1.6736910343170166,0.7223860621452332,-0.3923163115978241
1403899502264688642,neutral,0.6856487393379211,-0.28534701466560364,0.455902099609375
1403899503070035974,positive,0.9403693079948425,2.030346393585205,0.007537860423326492
1403899503128715265,neutral,1.8997530937194824,-0.019886784255504608,0.9528894424438477
1403899504164839425,negative,1.4300401210784912,-0.3001437783241272,1.4486032724380493
1403899504588476417,negative,1.096869707107544,-0.4726020395755768,2.3725321292877197
1403899504647049217,neutral,2.4230353832244873,0.3710893392562866,0.5461028814315796
1403899505158725633,neutral,2.6163887977600098,1.7948631048202515,-0.34238243103027344
1403899505783623681,neutral,1.2057687044143677,0.047899603843688965,0.8203195929527283
1403899506060636162,neutral,1.719516634941101,0.11892906576395035,1.0226505994796753
1403899509629984773,negative,0.6045706868171692,0.05387542396783829,1.229666829109192
1403899510527455233,neutral,1.4210460186004639,0.6094874739646912,1.066990852355957
1403899511236272128,neutral,2.821725368499756,0.025734908878803253,0.5355105400085449
1403899513379688448,negative,1.4869673252105713,-0.9337930679321289,2.073702096939087
1403899513522302981,negative,0.8996097445487976,-0.8819258809089661,2.7370095252990723
1403899514394759168,negative,1.2611876726150513,-1.2877861261367798,3.1643149852752686
1403899515145375745,negative,1.149375081062317,-0.4769000709056854,1.6022846698760986
1403899515854327808,negative,1.3081343173980713,-1.306476354598999,3.2442288398742676
1403899516982415362,negative,1.2497906684875488,-1.235289216041565,2.952507495880127
1403899517171236867,negative,0.35720932483673096,0.6588749885559082,0.8894822597503662
1403899517682950149,neutral,3.530146598815918,1.6300078630447388,-1.0650413036346436
1403899517758443525,negative,0.9413504600524902,-0.7497258186340332,2.62597918510437
1403899518580510721,negative,0.19888733327388763,0.1529683619737625,0.4855656623840332
1403899521474519044,positive,1.0132250785827637,1.5695600509643555,0.4793861508369446
1403899521537507333,positive,0.18960554897785187,1.908028244972229,-0.08466310799121857
1403899523051802625,neutral,1.5978000164031982,0.07402771711349487,0.7179110050201416
1403899523294896128,negative,1.526645302772522,-1.0129441022872925,1.8862861394882202
1403899523924205574,neutral,2.217390537261963,0.30976635217666626,0.3410781919956207
1403899525169811457,neutral,1.705249547958374,-0.2711823880672455,0.9242381453514099
1403899525228642307,negative,0.7838588953018188,-0.8143433928489685,2.5138864517211914
1403899527476649984,negative,1.5536742210388184,-1.0021138191223145,2.40179181098938
1403899527698997249,neutral,2.4743947982788086,0.14081861078739166,0.7255366444587708
1403899528185589762,neutral,1.7969614267349243,1.2948638200759888,0.07839763164520264
1403899530047750147,neutral,1.7589492797851562,0.8815646171569824,0.3431127369403839
1403899530114895876,negative,1.1405426263809204,-0.9764842391014099,2.2881999015808105
1403899530504978434,negative,1.2130876779556274,-0.11638269573450089,1.5395174026489258
1403899531071299587,positive,1.2156083583831787,2.767544746398926,-0.16100724041461945
1403899531427827712,negative,1.4079327583312988,-0.008819349110126495,1.7705436944961548
1403899532522397696,negative,1.3328379392623901,-1.1997720003128052,3.0109012126922607
1403899532593831937,negative,1.3458764553070068,-0.6610444188117981,1.9230648279190063
1403899532753178626,negative,0.4352004826068878,-0.4791494905948639,2.4912593364715576
1403899533575155714,positive,1.2270110845565796,1.6230684518814087,-0.16050122678279877
1403899534002900997,neutral,1.3912962675094604,-0.5132946372032166,1.1438480615615845
1403899534879592448,negative,1.5132843255996704,-1.0730412006378174,2.1235573291778564
1403899534883885059,neutral,1.2079205513000488,0.6274724006652832,0.6209599375724792
1403899534980177920,positive,1.8832919597625732,3.138092517852783,-0.5668795704841614
1403899535575879681,negative,1.5292205810546875,-0.7144505977630615,1.6830809116363525
1403899535911313410,neutral,1.9139025211334229,-0.45439550280570984,0.936262845993042
1403899536481865739,negative,1.2078486680984497,-0.7531816363334656,2.215256690979004
1403899536813084676,neutral,2.2284634113311768,0.35450899600982666,0.6377155780792236
1403899538251739137,neutral,1.6331077814102173,0.02296449989080429,1.0810900926589966
1403899541070307332,negative,1.0095585584640503,-0.7325151562690735,2.8159067630767822
1403899541246595072,neutral,1.6855745315551758,0.37137290835380554,0.37932199239730835
1403899541863026688,positive,1.213778018951416,1.5583857297897339,-0.1184355691075325
1403899542114738181,neutral,1.2452389001846313,0.18150943517684937,1.2187594175338745
1403899543448690693,positive,1.0207618474960327,1.2002514600753784,0.5368949174880981
1403899543633027073,neutral,2.1832115650177,1.3436704874038696,-0.046759121119976044
1403899544425795585,neutral,1.9277119636535645,1.6971664428710938,-0.20104576647281647
1403899545768148994,neutral,2.5046355724334717,0.573498010635376,-0.013346483930945396
1403899546749472772,negative,1.2667558193206787,-0.29203394055366516,1.761719822883606
1403899549308043264,negative,1.4335027933120728,-1.1867390871047974,3.087449789047241
1403899550331551744,negative,0.27102309465408325,-0.8566723465919495,3.0378570556640625
1403899552361484288,positive,2.2432477474212646,2.263446807861328,-0.4768962264060974
1403899553259085832,negative,1.1698050498962402,-1.1751928329467773,2.9733383655548096
1403899555435974658,neutral,1.655745267868042,0.5212509632110596,0.6115458607673645
1403899556476035072,neutral,3.8130037784576416,2.130871295928955,-1.3788185119628906
1403899556857794564,negative,0.8061771392822266,-0.6775262355804443,2.830129384994507
1403899557113745410,negative,0.5828343033790588,-1.0724163055419922,3.234013795852661
1403899557524684802,neutral,1.6855745315551758,0.37137290835380554,0.37932199239730835
1403899557960953862,negative,1.1738288402557373,-0.2736354470252991,1.4425500631332397
1403899559122595840,neutral,1.7587355375289917,-0.28164297342300415,1.4523042440414429
1403899559353389057,negative,0.7055714130401611,-0.6770666837692261,2.8967885971069336
1403899560267714560,negative,0.4564964175224304,-0.8170602321624756,3.7533457279205322
1403899560557088777,negative,0.5185803174972534,-0.5486605167388916,2.6399500370025635
1403899561219805186,neutral,1.6156479120254517,1.0034308433532715,0.9610841870307922
1403899562289467392,neutral,1.4592134952545166,0.5933533310890198,0.5130789875984192
1403899562507571201,neutral,2.821725368499756,0.025734908878803253,0.5355105400085449
1403899562704703493,neutral,2.283050298690796,0.44142773747444153,0.2081276923418045
1403899562733965322,negative,1.5133609771728516,-0.6590335369110107,1.9225959777832031
1403899566143983616,negative,1.2766809463500977,-0.6316000819206238,1.7445170879364014
1403899566743752704,negative,0.4564964175224304,-0.8170602321624756,3.7533457279205322
1403899567871991812,negative,0.9767763018608093,-1.1520193815231323,3.466243267059326
1403899568387993603,neutral,1.6855745315551758,0.37137290835380554,0.37932199239730835
1403899570191441926,negative,1.3589578866958618,-0.7646881341934204,2.227388620376587
1403899571739168773,neutral,2.1017472743988037,0.9705858826637268,-1.7208978533744812e-05
1403899573156810755,positive,1.7991660833358765,2.488847494125366,-0.37736278772354126
1403899575400808448,neutral,1.6855745315551758,0.37137290835380554,0.37932199239730835
1403899577841946626,negative,0.32842764258384705,-1.1189117431640625,3.6707005500793457
1403899579032948738,negative,1.0172924995422363,0.8058074116706848,1.1356147527694702
1403899580094173186,neutral,1.0543591976165771,0.2469344437122345,0.470809668302536
1403899580568281088,negative,1.2415807247161865,-0.5609975457191467,2.0495595932006836
1403899580740259844,negative,0.5666109919548035,-0.869540810585022,3.228283405303955
1403899582145130502,neutral,2.253906488418579,1.0838887691497803,-0.4620298445224762
1403899582342471681,positive,1.3475826978683472,1.415126919746399,0.20243516564369202
1403899582904377344,negative,1.126905918121338,-1.1269381046295166,3.217179775238037
1403899583168647170,neutral,1.5859497785568237,0.45590588450431824,0.5635814070701599
1403899583709601792,neutral,1.5665916204452515,-0.20078980922698975,1.53061044216156
1403899584997384195,neutral,1.5680997371673584,1.538785457611084,0.16854128241539001
1403899585303511042,negative,1.2562402486801147,-0.054047368466854095,1.3544342517852783
1403899586423390213,negative,0.399665504693985,0.0030792206525802612,3.065939426422119
1403899588415610881,negative,0.8061771392822266,-0.6775262355804443,2.830129384994507
1403899588516356096,negative,0.8996097445487976,-0.8819258809089661,2.7370095252990723
1403899589195796482,neutral,1.5890432596206665,-0.4504672586917877,1.5177918672561646
1403899592404455427,negative,0.4341611862182617,0.368185818195343,0.6081891655921936
1403899592568094721,neutral,1.6952567100524902,0.3796398639678955,1.3148893117904663
1403899592857452549,positive,1.1006395816802979,1.4387106895446777,0.5666181445121765
1403899593016811524,neutral,1.965971827507019,0.3703058958053589,0.4774651825428009
1403899593385992193,neutral,1.8444135189056396,-0.4001966714859009,1.3346730470657349
1403899593419460614,negative,1.0857274532318115,-1.465030550956726,4.171525478363037
1403899594262683650,negative,1.2501403093338013,0.20733393728733063,1.3698941469192505
1403899596015689728,neutral,2.8269166946411133,0.8289393782615662,0.08943133056163788
1403899597056057347,neutral,2.0943775177001953,-0.4894506633281708,1.2466537952423096
1403899597253185540,neutral,1.6855745315551758,0.37137290835380554,0.37932199239730835
1403899597311860744,positive,0.8962538838386536,1.318146824836731,0.7033119797706604
1403899600239480837,neutral,1.5539201498031616,-0.32853493094444275,1.4914488792419434
1403899600621109249,negative,0.9630367159843445,-0.49980440735816956,2.1679837703704834
1403899600742744074,positive,1.5057061910629272,3.368842601776123,-0.4066133201122284
1403899601111949313,negative,0.7875169515609741,-0.4022122621536255,1.9468225240707397
1403899601145548807,negative,0.7838588953018188,-0.8143433928489685,2.5138864517211914
1403899602420572160,negative,1.249825358390808,-1.197953701019287,3.11466646194458
1403899602739204097,negative,0.7207162976264954,-1.1602153778076172,3.6547436714172363
1403899602781282307,positive,1.705954670906067,4.376374244689941,-1.5719985961914062
1403899603288834051,negative,1.4226995706558228,-0.8439531922340393,1.8841185569763184
1403899604144381952,negative,1.146540880203247,-0.3055694103240967,2.032163619995117
1403899604924575750,positive,1.6331977844238281,2.804626226425171,-0.5833343267440796
1403899606019149827,positive,1.9316705465316772,2.1811797618865967,-0.5911884903907776
1403899606040121350,negative,2.1112687587738037,-1.0838860273361206,2.2172744274139404
1403899606736556038,neutral,1.2100073099136353,0.8485797047615051,0.6398364901542664
1403899607571046400,neutral,2.694500684738159,0.17576223611831665,0.12652607262134552
1403899607617347587,negative,1.267980933189392,-0.13087710738182068,1.7573049068450928
1403899608200355840,neutral,2.1832115650177,1.3436704874038696,-0.046759121119976044
1403899608573505536,positive,0.9884606003761292,1.1354049444198608,0.8573623299598694
1403899608665792512,negative,1.0172924995422363,0.80580735206604,1.1356147527694702
1403899608934322178,negative,0.7977341413497925,-0.7203458547592163,2.4761667251586914
1403899612155555840,negative,0.8227357864379883,-0.444492369890213,2.198230028152466
1403899613153742851,negative,0.6660141944885254,-0.3295535445213318,1.383646845817566
1403899613816360966,positive,0.5592005252838135,5.662357330322266,-1.164881706237793
1403899614261096449,negative,0.510886549949646,0.37857314944267273,1.7754967212677002
1403899615867379715,neutral,1.3870888948440552,0.5389541983604431,0.6058279871940613
1403899616005873669,negative,1.1373695135116577,0.5960772037506104,1.2871198654174805
1403899617545265152,neutral,1.6103153228759766,-0.6810176372528076,1.2244579792022705
1403899618560118785,negative,1.7375684976577759,0.431184321641922,2.2777748107910156
1403899618732261381,neutral,1.9154475927352905,-0.07055992633104324,0.58782958984375
1403899619046662145,neutral,1.6484489440917969,0.2624598741531372,0.2724219262599945
1403899619965161477,positive,0.8654020428657532,2.3620755672454834,0.08896973729133606
1403899620397359113,neutral,2.2485852241516113,-0.27861306071281433,0.6637662649154663
1403899620435038212,negative,1.5592983961105347,-1.0675368309020996,2.395587205886841
1403899620724559872,neutral,1.5978000164031982,0.07402771711349487,0.7179110050201416
1403899621814935553,neutral,2.8269166946411133,0.8289393782615662,0.08943133056163788
1403899621911384064,negative,1.1453745365142822,0.3837156891822815,1.3632246255874634
1403899622091747333,negative,1.662739634513855,-0.9325202107429504,1.8971251249313354
1403899622276304906,positive,1.3580044507980347,1.7228671312332153,0.12614227831363678
1403899624495140868,negative,0.7449336051940918,0.22729694843292236,1.3791594505310059
1403899625141018627,negative,1.0223339796066284,-0.5903393626213074,2.1578962802886963
1403899625161986049,positive,0.3179473578929901,0.9767115712165833,0.2809453308582306
1403899625451425794,neutral,1.3726372718811035,0.46625223755836487,1.0053181648254395
1403899625719799808,neutral,1.8259775638580322,-0.7735645771026611,1.5164076089859009
1403899626982367235,neutral,1.6156479120254517,1.0034308433532715,0.9610841870307922
1403899627259060225,negative,1.314048409461975,-1.2477648258209229,4.104678153991699
1403899627947003907,negative,1.2599620819091797,-1.133298635482788,3.070024013519287
1403899628165156864,negative,0.8392261862754822,-0.652511477470398,2.658353805541992
1403899628626407424,neutral,1.9634238481521606,-0.22166171669960022,1.175454020500183
1403899629306060800,negative,1.2095304727554321,-0.7539618611335754,2.5739519596099854
1403899630056783876,negative,1.242304801940918,-0.8097944855690002,1.9963856935501099
1403899630400593922,neutral,1.5985978841781616,-0.7025386095046997,1.2886408567428589
1403899631705202688,neutral,1.5212024450302124,0.08160092681646347,1.239037036895752
1403899632112001028,neutral,1.6901429891586304,0.15556582808494568,0.6118130087852478
1403899632669822980,negative,0.924693763256073,-0.4894910752773285,1.7189046144485474
1403899633231929344,neutral,1.6855745315551758,0.37137290835380554,0.37932199239730835
1403899634607603714,neutral,1.8106341361999512,0.416299045085907,0.6457952260971069
1403899634955735044,neutral,1.0340886116027832,0.24108511209487915,0.8413909077644348
1403899635261976576,neutral,2.010875701904297,0.3391522169113159,0.3537071645259857
1403899635597410305,neutral,2.208695411682129,0.49966031312942505,0.042185232043266296
1403899636255891457,neutral,1.5811227560043335,-0.3864353895187378,1.5299276113510132
1403899636591456257,neutral,1.011505365371704,-0.48824554681777954,0.8063358664512634
1403899637858127874,negative,1.1769660711288452,-0.759433388710022,2.1521177291870117
1403899637963108359,negative,1.2343846559524536,-0.6344937682151794,1.69657301902771
1403899638399180803,negative,0.48742079734802246,0.6512049436569214,0.9261841773986816
1403899638436925441,negative,1.0263824462890625,0.04266143962740898,1.9605576992034912
1403899639611334657,positive,1.9125641584396362,2.1415109634399414,-0.13393773138523102
1403899640584364034,positive,1.9316705465316772,2.1811797618865967,-0.5911884903907776
1403899641448468482,negative,0.5883331298828125,-0.07914216071367264,1.7033416032791138
1403899643507843073,positive,0.7696776390075684,0.8696874976158142,0.8511385917663574
1403899643948408835,positive,0.7835697531700134,2.177720069885254,0.11566367745399475
1403899644954906625,positive,0.852933406829834,1.2892200946807861,0.08430267125368118
1403899645747773443,neutral,1.4534008502960205,0.16894063353538513,1.368947982788086
1403899646423011329,neutral,1.6156479120254517,1.0034308433532715,0.9610841870307922
1403899646888624132,neutral,2.07114839553833,1.6203778982162476,-0.18239852786064148
1403899646951440395,positive,0.7529780268669128,1.7443360090255737,0.29306861758232117
1403899647085531147,neutral,1.8151912689208984,0.9013371467590332,0.37931305170059204
1403899647140139013,negative,1.1366480588912964,-0.2276594340801239,1.4603139162063599
1403899647748308993,neutral,2.8269169330596924,0.8289394378662109,0.08943119645118713
1403899648310452225,neutral,1.743874430656433,-0.05512159317731857,1.1745787858963013
1403899648838803460,negative,1.0172924995422363,0.80580735206604,1.1356147527694702
1403899649212051457,neutral,1.271896481513977,1.1477992534637451,0.2729167342185974
1403899650168528903,neutral,1.381899118423462,1.0669788122177124,0.6792275309562683
1403899650407485442,neutral,1.5942637920379639,0.39164575934410095,0.7121484875679016
1403899650415882240,neutral,2.113208055496216,0.48555177450180054,0.4179702401161194
1403899651128893448,negative,1.1453746557235718,0.38371580839157104,1.3632246255874634
1403899651477184517,negative,1.4040236473083496,-0.8634890913963318,1.9171342849731445
1403899652949295108,negative,0.8323348760604858,0.08698143064975739,1.295982837677002
1403899653007941634,neutral,1.7114241123199463,0.2853153944015503,1.5801481008529663
1403899653385564166,neutral,1.615647792816162,1.003430962562561,0.961084246635437
1403899654484291585,neutral,2.4358460903167725,0.8556295037269592,-0.15711767971515656
1403899654698422272,neutral,2.162515640258789,-0.6395463347434998,0.8492109179496765
1403899655943979008,neutral,1.6619434356689453,-0.4016772508621216,1.4831715822219849
1403899656816496645,neutral,3.265282154083252,1.7717701196670532,-0.9696544408798218
1403899658359894026,neutral,1.3856509923934937,1.198631763458252,0.8757953643798828
1403899658787819520,neutral,1.165529727935791,0.44117406010627747,-0.09563960880041122
1403899660092067843,positive,1.733651876449585,2.206526279449463,-0.7795657515525818
1403899661149114373,positive,1.2119998931884766,1.9017776250839233,0.5126563310623169
1403899662336024584,negative,1.4114512205123901,-1.2968218326568604,2.926523208618164
1403899664542339073,neutral,3.0692317485809326,1.2135751247406006,-0.6559907793998718
1403899664890540036,neutral,2.753415107727051,-0.1133570596575737,0.6635908484458923
1403899665494519812,positive,1.5079128742218018,1.5450831651687622,0.03308345004916191
1403899666601807877,neutral,3.424652099609375,2.4816150665283203,-1.3512614965438843
1403899667428093953,neutral,1.6855746507644653,0.37137287855148315,0.3793219327926636
1403899667709001729,neutral,1.4592134952545166,0.5933533310890198,0.5130789875984192
1403899667717529600,neutral,1.857272982597351,-0.7246647477149963,1.3187161684036255
1403899670770880513,neutral,1.9318840503692627,1.5448026657104492,-0.562922477722168
1403899670791917570,positive,0.5266171097755432,1.7101033926010132,-0.2551136612892151
1403899671127330819,neutral,2.1832115650177,1.3436704874038696,-0.046759121119976044
1403899671345569797,neutral,2.1617162227630615,-1.0657998323440552,2.0157408714294434
1403899673203593223,neutral,1.718742847442627,-0.18776437640190125,1.4414169788360596
1403899673635561472,neutral,1.1347146034240723,0.24624279141426086,0.6298428773880005
1403899673895706625,negative,0.7838588953018188,-0.8143433928489685,2.5138864517211914
1403899674306781185,negative,0.9424365162849426,-0.6755145192146301,2.008197784423828
1403899674625515520,neutral,2.821725368499756,0.025734908878803253,0.5355105400085449
1403899674738708480,negative,0.895388126373291,0.6751312613487244,1.39113450050354
1403899674843570176,neutral,1.0576577186584473,0.6179147362709045,0.7343024015426636
1403899675011280896,negative,1.2172998189926147,-0.37962695956230164,2.3835558891296387
1403899675090952193,negative,0.5323817133903503,0.43439579010009766,1.1319797039031982
1403899675275456513,negative,1.5697410106658936,-1.1001583337783813,2.3370935916900635
1403899675460182017,negative,0.3202346861362457,-0.9961952567100525,3.349548101425171
1403899676068249607,negative,1.1453746557235718,0.38371577858924866,1.3632245063781738
1403899676403720198,neutral,1.4025256633758545,-0.3142548203468323,1.1465338468551636
1403899677141921797,neutral,2.1219308376312256,0.9035908579826355,0.5474522113800049
1403899680031842310,negative,1.3855036497116089,-0.4514060318470001,1.9931347370147705
1403899681520816132,neutral,3.530146598815918,1.6300078630447388,-1.0650413036346436
1403899682275926018,neutral,2.39359188079834,0.5680721998214722,-0.26723185181617737
1403899682288402433,neutral,3.0766613483428955,0.9190423488616943,-0.33089664578437805
1403899682435133440,negative,1.3783894777297974,0.08099635690450668,1.7644765377044678
1403899683630587907,negative,0.938889741897583,-0.1918814480304718,1.5786610841751099
1403899684054253579,neutral,1.5660780668258667,0.4441596567630768,0.06440411508083344
1403899686050697222,neutral,2.0477797985076904,0.21745768189430237,0.6523972749710083
1403899686507982848,neutral,2.204658269882202,1.281661868095398,-0.1869058609008789
1403899688361893892,positive,1.254679560661316,1.784239649772644,0.03857818618416786
1403899688894488582,positive,1.0322802066802979,1.3157156705856323,0.06368085741996765
1403899690115112965,neutral,1.4897874593734741,0.03797507286071777,0.4670899212360382
1403899690970533888,negative,0.41703227162361145,-0.07968323677778244,3.7005817890167236
1403899692539330560,negative,1.42825186252594,-1.1638981103897095,2.5680627822875977
1403899693252415488,neutral,1.8187190294265747,-0.16201570630073547,0.7510347366333008
1403899693365665792,positive,0.4200070798397064,1.284791350364685,0.9980221390724182
1403899694875504640,neutral,1.3279465436935425,0.4409647583961487,0.9322347044944763
1403899695777390592,positive,0.6809883117675781,2.5705678462982178,-0.0887017622590065
1403899695873740804,negative,1.6175146102905273,-1.050979495048523,1.9865772724151611
1403899698507886593,negative,0.7838588953018188,-0.8143433928489685,2.5138864517211914
1403899698960683014,negative,1.4727299213409424,-0.8422442078590393,1.879338026046753
1403899699539570691,neutral,0.8350585103034973,0.6183781623840332,-0.12098812311887741
1403899701284442122,neutral,1.4069933891296387,0.5660443902015686,0.6276221871376038
1403899702786105352,negative,1.025526762008667,-0.6584075689315796,2.0155961513519287
1403899703603965960,positive,1.2481274604797363,1.3589946031570435,0.5287238955497742
1403899704040169472,negative,1.3071908950805664,-0.02883828431367874,1.5989714860916138
1403899705650663425,negative,1.5147467851638794,-0.5764651298522949,2.5508129596710205
1403899707869564936,negative,1.2705087661743164,-0.7618106603622437,2.049661874771118
1403899708368510978,neutral,1.1695995330810547,0.29402196407318115,0.8237047791481018
1403899708452507659,neutral,1.6156479120254517,1.0034308433532715,0.9610841870307922
1403899708746125312,negative,1.1353546380996704,-0.2905583679676056,1.2604365348815918
1403899708800585729,negative,0.9183899164199829,0.3439968228340149,1.162986159324646
1403899710029582340,negative,0.5828343033790588,-1.0724163055419922,3.234013795852661
1403899710771978242,neutral,1.321610450744629,0.22384464740753174,0.832957923412323
1403899712038752259,positive,1.2792249917984009,3.1428797245025635,-0.7456512451171875
1403899712567058442,neutral,2.1832115650177,1.3436704874038696,-0.046759121119976044
1403899712797818886,positive,2.23103666305542,3.061234951019287,-0.9548823237419128
1403899714244812803,positive,1.4200658798217773,3.259760618209839,-1.1357990503311157
1403899715196841985,negative,1.1453745365142822,0.38371577858924866,1.3632246255874634
1403899716245635073,negative,1.087336778640747,0.5759866237640381,1.2146011590957642
1403899716337815556,neutral,2.821725368499756,0.025734908878803253,0.5355105400085449
1403899716505534467,neutral,2.7184596061706543,2.036271810531616,-0.6879141330718994
1403899717394874370,neutral,1.2966309785842896,-0.15145409107208252,1.223110318183899
1403899717910679553,neutral,2.1617162227630615,-1.0657998323440552,2.0157408714294434
1403899718321655811,negative,0.34318676590919495,-0.028039343655109406,1.4491268396377563
1403899718443307010,negative,1.3649051189422607,-0.6324684023857117,1.7268567085266113
1403899718636163074,negative,1.2100411653518677,-1.0078692436218262,2.8552980422973633
1403899719516971008,positive,1.7749357223510742,2.202664375305176,-0.5015996098518372
1403899719999496194,negative,0.49332576990127563,-0.890644907951355,3.583709239959717
1403899720523653130,neutral,2.4108099937438965,1.734686255455017,0.009443635120987892
1403899721001934851,neutral,2.3032538890838623,1.566535234451294,-0.22134952247142792
1403899721433878528,negative,0.3520929515361786,-0.9753875136375427,3.571815252304077
1403899722147020802,negative,1.1891679763793945,0.22122430801391602,1.8370298147201538
1403899724252553220,positive,1.3346015214920044,1.7138338088989258,-0.8619401454925537
1403899724357259266,neutral,1.4446895122528076,-0.024575702846050262,0.8610116243362427
1403899725028417536,positive,2.2246553897857666,3.485058546066284,-1.1522090435028076
1403899725611479040,negative,0.9835978746414185,-0.9049390554428101,2.8342936038970947
1403899725879734275,positive,1.9316705465316772,2.1811797618865967,-0.5911884903907776
1403899726173413383,neutral,2.5935966968536377,0.1685028076171875,0.2193559855222702
1403899727981207560,negative,0.3437463045120239,-1.1833094358444214,3.767097234725952
1403899728870264837,neutral,1.6156479120254517,1.0034308433532715,0.9610841870307922
1403899730602737672,neutral,1.070691704750061,0.61469966173172,0.49308279156684875
1403899730674044931,neutral,1.2942332029342651,-0.5772218108177185,1.238875389099121
1403899730703306753,negative,1.1376169919967651,-0.21231380105018616,1.2835493087768555
1403899731428843520,negative,0.5473567843437195,-0.499235600233078,1.9633381366729736
1403899733530251267,positive,2.3379032611846924,2.525219440460205,-0.6998003721237183
1403899734226477056,negative,1.10686194896698,-0.16957294940948486,1.6743061542510986
1403899734247497733,negative,1.114376425743103,-1.3329814672470093,3.4221973419189453
1403899734348206081,neutral,2.178636312484741,-0.5951839089393616,0.4340347647666931
1403899734541049857,neutral,3.530146598815918,1.6300078630447388,-1.0650413036346436
1403899735493206021,positive,1.2335234880447388,1.4307897090911865,0.41025784611701965
1403899736642494476,neutral,1.6701151132583618,-0.39518263936042786,1.3055933713912964
1403899738055872514,negative,1.3783894777297974,0.08099635690450668,1.7644765377044678
1403899738617958401,positive,1.6055634021759033,2.337799549102783,-0.9166364073753357
1403899739163140099,positive,1.3425536155700684,3.0069730281829834,-0.6373295783996582
1403899740568293377,neutral,1.6855745315551758,0.37137290835380554,0.37932199239730835
1403899741696675846,positive,1.3919941186904907,1.5315191745758057,0.4714147448539734
1403899742829035520,negative,1.4180810451507568,-0.916871964931488,1.8428053855895996
1403899743055482884,positive,0.8097521662712097,1.2995210886001587,0.10947390645742416
1403899744573865992,negative,0.8541529774665833,0.2277235984802246,1.2699493169784546
1403899744645271559,positive,0.6952587962150574,2.333942413330078,0.4945717751979828
1403899745056264198,negative,1.2434731721878052,-0.8259426951408386,2.9179108142852783
1403899745643335684,negative,1.0172924995422363,0.80580735206604,1.1356147527694702
1403899746721230856,positive,1.9316705465316772,2.1811797618865967,-0.5911884903907776
1403899748386439168,neutral,2.1712608337402344,1.2131068706512451,-0.22361095249652863
1403899749321916417,negative,0.5551731586456299,-0.8633187413215637,3.2379281520843506
1403899749615423496,neutral,1.4592134952545166,0.5933533310890198,0.5130789875984192
1403899749615476738,negative,1.2754361629486084,-0.7652884125709534,2.3896594047546387
1403899751263834115,negative,0.7856350541114807,-1.283502459526062,3.9372758865356445
1403899752140394498,positive,0.5301527380943298,1.4705890417099,1.0658159255981445
1403899752425558021,negative,1.598734736442566,-0.7644698619842529,1.8805996179580688
1403899753897906178,neutral,1.7356947660446167,-0.12790346145629883,1.3016307353973389
1403899754120204289,positive,0.8577829599380493,0.8891404271125793,-0.003715040162205696
1403899756439609348,negative,0.3188651502132416,-0.16890084743499756,2.1277592182159424
1403899757311848455,negative,1.036921739578247,-0.44792112708091736,2.4392242431640625
1403899757769146368,negative,1.2568683624267578,-1.1608906984329224,3.356570243835449
1403899757773262848,positive,2.942852258682251,3.7804622650146484,-1.440994143486023
1403899758037671936,positive,0.11767340451478958,1.0526753664016724,0.16416381299495697
1403899758419136514,neutral,1.3855046033859253,-0.16909191012382507,1.3512994050979614
1403899761045000195,neutral,2.0815517902374268,1.2889833450317383,-0.32356444001197815
1403899761581723648,positive,2.6182446479797363,2.7388906478881836,-1.039374828338623
1403899763477540867,negative,1.0815403461456299,-0.34483152627944946,1.3768945932388306
1403899763519418368,neutral,1.4737322330474854,-0.34799250960350037,1.1945853233337402
1403899764106829824,neutral,2.0965383052825928,0.6666526794433594,0.6154760122299194
1403899764299628545,negative,1.017869472503662,0.8557100296020508,1.3903003931045532
1403899764882685954,neutral,1.433463215827942,0.0865987092256546,0.8928148150444031
1403899766589870091,neutral,2.8217251300811768,0.02573491632938385,0.5355104804039001
1403899766782808069,neutral,1.6855745315551758,0.37137290835380554,0.37932199239730835
1403899767856386054,neutral,1.9659721851348877,0.3703058660030365,0.47746512293815613
1403899770163191808,positive,2.2432477474212646,2.263446807861328,-0.4768962264060974
1403899770209390595,positive,1.6996159553527832,4.884891986846924,-1.3796736001968384
1403899770716950528,negative,0.3786771297454834,0.19811296463012695,2.020540714263916
1403899770809294855,negative,1.1453746557235718,0.38371577858924866,1.3632245063781738
1403899771195170817,neutral,2.3694348335266113,0.16719888150691986,1.2580620050430298
1403899771253714950,positive,2.9868195056915283,4.096158027648926,-1.4678248167037964
1403899771534807043,neutral,1.4829933643341064,0.39341214299201965,0.22918102145195007
1403899771706773508,negative,1.2862489223480225,-0.6364785432815552,1.9506028890609741
1403899771912290304,negative,0.9630367159843445,-0.49980440735816956,2.1679837703704834
1403899771929071618,positive,2.2830967903137207,3.36991810798645,-1.3373019695281982
1403899772348608517,negative,1.1001943349838257,-0.3598428964614868,1.4295979738235474
1403899772889702400,neutral,1.4194902181625366,-0.028765663504600525,1.1166373491287231
1403899774882004996,neutral,1.691978096961975,0.04096192866563797,0.8075926303863525
1403899775590703110,negative,0.9615591168403625,-0.8950348496437073,2.621868848800659
1403899776354107392,neutral,1.2885048389434814,0.4984723627567291,0.1203310638666153
1403899776807014406,positive,2.2432477474212646,2.263446807861328,-0.4768962264060974
1403899777171951618,positive,0.7835697531700134,2.177720069885254,0.11566367745399475
1403899777377390593,neutral,1.8843358755111694,1.8005820512771606,-0.8493800759315491
1403899778274979843,neutral,1.2885048389434814,0.4984723627567291,0.1203310638666153
1403899779709431809,negative,1.2209069728851318,-1.0452444553375244,2.282524347305298
1403899781357838342,positive,1.7462824583053589,1.8249918222427368,-0.08776453137397766
1403899783408848897,negative,0.7000210881233215,-0.47926095128059387,1.9117740392684937
1403899784772083717,neutral,2.0558524131774902,0.915242075920105,0.47292765974998474
1403899785959116807,neutral,1.7024954557418823,-0.40982404351234436,1.5916601419448853
1403899788085448705,positive,2.2432477474212646,2.263446807861328,-0.4768962264060974
1403899789427712002,positive,1.7747060060501099,3.4235782623291016,-0.5406714081764221
1403899789956108299,positive,2.2271292209625244,3.158660650253296,-1.025310754776001
1403899790061080579,neutral,1.732824683189392,-0.3403586149215698,1.4930020570755005
1403899790404972548,neutral,1.3578726053237915,0.804230272769928,0.42982810735702515
1403899792095391746,positive,1.1696014404296875,2.3196253776550293,0.020028579980134964
1403899792460292098,negative,0.9144773483276367,-0.7446231842041016,2.263427257537842
1403899793424863233,negative,1.6300996541976929,-1.1651184558868408,2.5472283363342285
1403899793995231233,negative,1.1438788175582886,0.10346422344446182,1.1964730024337769
1403899795589107714,positive,0.6795918345451355,3.923999547958374,-0.7831127643585205
1403899796063141890,neutral,1.5161874294281006,0.5565682053565979,0.7065317630767822
1403899796872630274,negative,0.8996097445487976,-0.8819258809089661,2.7370095252990723
1403899797333975042,negative,1.3691719770431519,0.27275562286376953,1.5005581378936768
1403899797518520323,negative,0.5348553657531738,-0.8909215331077576,2.731860399246216
1403899799188000768,negative,0.6340201497077942,-0.6363622546195984,2.610670328140259
1403899799984824322,negative,0.5666109919548035,-0.8695405721664429,3.228283405303955
1403899800421126152,negative,0.7055714130401611,-0.6770666837692261,2.8967885971069336
1403899801763074051,neutral,1.475883960723877,-0.4779086410999298,1.2572389841079712
1403899802471985153,neutral,1.484321117401123,0.7425757050514221,0.5757811069488525
1403899802497155075,negative,1.2241244316101074,-0.7734085321426392,2.0848937034606934
1403899802509795329,neutral,1.8208467960357666,0.8418890237808228,-0.007409373298287392
1403899803206049796,negative,1.4835381507873535,0.5047315359115601,1.503318190574646
1403899803642171394,negative,1.5823251008987427,-0.2922000288963318,1.7196110486984253
1403899804502069252,neutral,2.1617162227630615,-1.0657998323440552,2.0157408714294434
1403899804531314693,neutral,0.6662989854812622,0.43870809674263,-0.17401298880577087
1403899805709922307,positive,0.75185227394104,1.5468382835388184,0.5372461676597595
1403899805903040514,negative,0.2908139228820801,0.12664328515529633,2.061068058013916
1403899806804742144,neutral,1.6156479120254517,1.0034308433532715,0.9610841870307922
1403899807115132934,negative,1.0537503957748413,-0.4554767906665802,1.6588571071624756
1403899807589048322,neutral,0.902351438999176,0.8116618394851685,0.04555720090866089
1403899807765340161,negative,0.7948758602142334,-0.3497726619243622,2.5111000537872314
1403899808079831040,neutral,1.4592134952545166,0.5933533310890198,0.5130789875984192
1403899808201560064,negative,0.8673316240310669,-0.8173646330833435,2.8222782611846924
1403899808952328192,neutral,1.9350473880767822,-0.47720393538475037,0.9684427380561829
1403899808981471236,negative,0.2639857232570648,-0.28051310777664185,3.064829111099243
1403899810130763780,negative,1.0265276432037354,-0.23216402530670166,1.8344745635986328
1403899810499874817,neutral,2.003999710083008,0.3973018527030945,0.7307682037353516
1403899810550190084,positive,2.2271289825439453,3.158660650253296,-1.025310754776001
1403899812702044165,negative,0.646523118019104,-0.0995478704571724,2.054344415664673
1403899812710215681,neutral,2.154407024383545,0.16770097613334656,0.9984151721000671
1403899815252033536,negative,0.6439996361732483,-1.2103720903396606,3.6401171684265137
1403899815629443074,negative,1.7129011154174805,-1.144858717918396,2.5262463092803955
1403899816019730434,neutral,1.742470622062683,-0.48000189661979675,1.2558343410491943
1403899816153784328,neutral,1.5796878337860107,0.19346895813941956,0.9516321420669556
1403899816451657728,positive,0.18581777811050415,1.583478569984436,-0.33488553762435913
1403899816501944321,negative,0.9099664092063904,0.4264623820781708,1.619267225265503
1403899816669810689,negative,1.155582308769226,-1.1090703010559082,3.058323621749878
1403899817538039812,negative,1.4122289419174194,-0.2547515332698822,1.680570125579834
1403899818078994433,negative,0.36989495158195496,0.7458693981170654,0.7921440005302429
1403899818745925633,negative,0.14625175297260284,0.12244533747434616,0.46476176381111145
1403899819391868928,neutral,2.0823476314544678,1.9063670635223389,0.15610893070697784
1403899819677163523,neutral,1.7757548093795776,0.4147302806377411,0.7451025247573853
1403899820884992002,neutral,1.6156479120254517,1.0034308433532715,0.9610841870307922
1403899821631545347,positive,1.6279817819595337,1.9513263702392578,0.5017508268356323
1403899823670001671,neutral,1.7114241123199463,0.2853153347969055,1.5801479816436768
1403899823741415426,neutral,3.0498945713043213,1.0320205688476562,-0.6442585587501526
1403899825075093504,neutral,2.5457308292388916,1.3318943977355957,-0.518132746219635
1403899826836750339,negative,1.030448317527771,-0.8581322431564331,2.982595682144165
1403899827595927552,negative,1.1453747749328613,0.38371580839157104,1.3632245063781738
1403899827939729416,neutral,2.113208293914795,0.48555177450180054,0.417970210313797
1403899828397084675,positive,0.4732333719730377,4.483519077301025,-1.0394585132598877
1403899829873426442,negative,0.47460368275642395,-0.422495573759079,2.897801637649536
1403899830833799175,negative,0.9004824757575989,-0.7405750751495361,2.2992401123046875
1403899830989213696,neutral,1.6855745315551758,0.37137290835380554,0.37932199239730835
1403899831362457606,neutral,1.573897123336792,1.0376098155975342,0.14533095061779022
1403899831442083840,negative,1.04759681224823,-0.5327891707420349,1.9216396808624268
1403899833723674624,neutral,3.530146598815918,1.6300078630447388,-1.0650413036346436
1403899834969513986,neutral,1.2986539602279663,-0.08302494138479233,0.7056679129600525
1403899835632164865,negative,1.8389781713485718,-0.8174882531166077,1.8893747329711914
1403899837372903427,neutral,1.6586341857910156,0.7174132466316223,0.37927374243736267
1403899837611876354,neutral,2.213871717453003,-0.4641776382923126,0.9879181385040283
1403899837943324675,negative,1.2776106595993042,-0.48079511523246765,1.457932472229004
1403899838064910337,negative,0.8541529774665833,0.2277235984802246,1.2699493169784546
1403899838098554881,neutral,1.4592134952545166,0.5933533310890198,0.5130789875984192
1403899838920527878,neutral,1.7310503721237183,0.5471149682998657,0.4840289354324341
1403899839050522630,neutral,1.5978000164031982,0.07402771711349487,0.7179110050201416
1403899839247650821,neutral,1.7781412601470947,-0.1591215431690216,0.9147303104400635
1403899840480919553,neutral,2.0190436840057373,-0.8201254606246948,1.2932225465774536
1403899840694788105,neutral,1.9594647884368896,0.2912265956401825,0.8411920070648193
1403899842020069382,neutral,2.6163887977600098,1.7948631048202515,-0.34238243103027344
1403899842070470656,neutral,2.0965383052825928,0.6666526794433594,0.6154760122299194
1403899843727220742,neutral,1.610728144645691,1.3471002578735352,0.0154602425172925
1403899844054466561,neutral,1.1631876230239868,1.064832091331482,0.5890275239944458
1403899844872310784,neutral,1.6156479120254517,1.0034308433532715,0.9610841870307922
1403899846025564168,neutral,1.778055191040039,-0.32790815830230713,0.8943874835968018
1403899846692544512,positive,1.5065224170684814,2.144519090652466,-0.00957833044230938
1403899847678234628,negative,1.6335256099700928,-0.8186793327331543,1.6978787183761597
1403899848219402241,negative,0.5666109919548035,-0.8695406913757324,3.228283405303955
1403899848563249159,negative,1.15400230884552,-0.8443726301193237,2.1687099933624268
1403899849993564165,neutral,1.742470622062683,-0.48000189661979675,1.2558343410491943
1403899850844893184,neutral,1.7114241123199463,0.2853153944015503,1.5801481008529663
1403899852803686402,negative,1.5132566690444946,-1.0696130990982056,2.363255262374878
1403899853206343681,neutral,1.816213846206665,1.360489010810852,-0.12092272192239761
1403899853617332226,neutral,4.0918426513671875,3.107343912124634,-1.6283079385757446
1403899855374798855,neutral,1.3903826475143433,0.10784725844860077,1.3656803369522095
1403899856129830914,negative,1.0792466402053833,-0.22894549369812012,1.2408415079116821
1403899858042294275,negative,1.0172924995422363,0.8058072924613953,1.1356148719787598
1403899858272985100,positive,0.8097521662712097,1.2995210886001587,0.10947390645742416
1403899858348544006,negative,0.6439998149871826,-1.2103722095489502,3.6401169300079346
1403899859296567298,neutral,1.5585945844650269,0.7474181652069092,0.8186089396476746
1403899862341480452,positive,1.0148260593414307,5.463207244873047,-1.143505334854126
1403899862794620931,neutral,1.5978000164031982,0.07402771711349487,0.7179110050201416
1403899864337895425,neutral,1.9156521558761597,0.41008126735687256,0.5721919536590576
1403899864614846469,neutral,1.6322153806686401,-0.0038163885474205017,0.7611244320869446
1403899865487314945,positive,1.2741705179214478,1.71622896194458,-0.18511134386062622
1403899866732974080,neutral,3.59386944770813,1.6236706972122192,-1.0662025213241577
1403899867601199106,negative,0.6628554463386536,0.5834617018699646,1.8031491041183472
1403899868062515206,neutral,1.6913833618164062,1.3919270038604736,0.8637369275093079
1403899869060861954,negative,1.0815117359161377,-1.051242709159851,2.4338202476501465
1403899875444412416,negative,1.0172924995422363,0.8058074116706848,1.1356148719787598
1403899875910053896,neutral,1.7385594844818115,1.6510971784591675,0.6962572932243347
1403899875956183040,neutral,1.4808423519134521,0.818925678730011,0.47557586431503296
1403899876342120452,negative,0.6425768136978149,-0.6483996510505676,2.8614144325256348
1403899876476391433,positive,1.1696014404296875,2.3196253776550293,0.020028579980134964
1403899876904034309,negative,0.8610116839408875,0.038508351892232895,1.8271986246109009
1403899877067796480,negative,1.2329245805740356,-0.04480075091123581,1.8986854553222656
1403899878430941185,neutral,1.6855745315551758,0.37137290835380554,0.37932199239730835
1403899879202689024,negative,0.8160731792449951,-0.6368452906608582,2.5580663681030273
1403899879882203136,neutral,1.9749765396118164,0.27043116092681885,0.6322557926177979
1403899879907282944,negative,0.959629237651825,-1.000465989112854,2.70628023147583
1403899880339382276,negative,2.1112687587738037,-1.0838860273361206,2.2172744274139404
1403899884412018688,negative,0.7683039307594299,-0.6747876405715942,2.59315824508667
1403899885020061697,negative,1.3328379392623901,-1.1997720003128052,3.0109012126922607
1403899887163424773,negative,1.3462823629379272,-1.241623044013977,2.9527995586395264
1403899887717076992,negative,0.8323348760604858,0.08698143064975739,1.295982837677002
1403899888216256512,negative,0.7838588953018188,-0.8143433928489685,2.5138864517211914
1403899888639909888,neutral,1.0706533193588257,0.5700705647468567,0.5498937368392944
1403899889533304834,neutral,2.03902006149292,-0.7922219038009644,1.2529274225234985
1403899889830948864,negative,1.192885398864746,-0.24039021134376526,1.482123613357544
1403899890661576704,negative,1.6007444858551025,-1.2062618732452393,3.0223493576049805
1403899892414681089,negative,2.1112687587738037,-1.0838860273361206,2.2172744274139404
1403899893283012609,negative,1.1064364910125732,0.09300080686807632,1.8567476272583008
1403899893815644160,neutral,1.4049675464630127,0.8947128653526306,0.3845369219779968
1403899893966540803,neutral,1.653133749961853,-0.3164055645465851,0.8302695155143738
1403899894260244480,negative,1.1085424423217773,-0.4901334345340729,1.5121155977249146
1403899894490976256,negative,1.2705087661743164,-0.7618107795715332,2.049661874771118
1403899897263263747,neutral,2.2724971771240234,1.9717869758605957,-0.6302210688591003
1403899901017264138,neutral,1.4839448928833008,-0.09581000357866287,0.7344629764556885
1403899902564913153,neutral,1.4419529438018799,-0.1329648196697235,0.3638518452644348
1403899902585835522,neutral,2.1617162227630615,-1.0657998323440552,2.0157408714294434
1403899902665494533,neutral,1.912771224975586,0.37595832347869873,0.6523367166519165
1403899903508729856,neutral,1.070691704750061,0.61469966173172,0.49308279156684875
1403899904716468225,neutral,1.7078945636749268,0.37905704975128174,1.0671252012252808
1403899905853231107,negative,1.1634631156921387,0.4580264091491699,1.4192317724227905
1403899906855735298,negative,1.1085838079452515,-0.47857633233070374,1.881900429725647
1403899906901917703,neutral,1.173918604850769,0.12331676483154297,0.7537841200828552
1403899907119923200,negative,1.9419735670089722,-1.1337772607803345,2.374436378479004
1403899908827058183,neutral,2.1617162227630615,-1.0657998323440552,2.0157408714294434
1403899909741453316,negative,1.4180810451507568,-0.916871964931488,1.8428053855895996
1403899910559252481,positive,1.4610756635665894,2.1788032054901123,-0.002061227336525917
1403899911150751744,negative,1.433754324913025,-0.7289852499961853,1.6989386081695557
1403899911272284160,negative,1.297179102897644,-0.993049681186676,2.1504602432250977
1403899912647942150,negative,0.864315390586853,-0.7631245851516724,2.408846855163574
1403899912882855938,neutral,1.9200305938720703,0.0010940954089164734,1.3634589910507202
1403899913407143940,negative,1.0172924995422363,0.80580735206604,1.1356148719787598
1403899913541361664,negative,0.43990400433540344,-1.1034588813781738,4.251236438751221
1403899914577346565,neutral,1.7732218503952026,-0.4563237726688385,1.5237013101577759
1403899915449683968,negative,1.3783894777297974,0.08099635690450668,1.7644765377044678
1403899915512713216,negative,0.839318573474884,-0.27998822927474976,2.450125217437744
1403899916116795392,negative,0.45649632811546326,-0.8170602321624756,3.7533462047576904
1403899918012477440,neutral,2.2605252265930176,-0.18776202201843262,0.8806256055831909
1403899918268387335,positive,1.7462824583053589,1.8249918222427368,-0.08776453137397766
1403899919799259139,neutral,1.4843209981918335,0.7425756454467773,0.5757810473442078
1403899921586028546,negative,0.9630367159843445,-0.49980440735816956,2.1679837703704834
1403899921586077696,neutral,1.1228432655334473,0.3682563602924347,0.637382447719574
1403899921967697921,negative,1.014892578125,-0.5316122174263,2.193767786026001
1403899925960794112,negative,1.2766809463500977,-0.6316000819206238,1.7445170879364014
1403899926061326342,neutral,1.2282975912094116,0.6202899217605591,0.9374712705612183
1403899927340535811,neutral,1.4439542293548584,0.3803940713405609,0.8889923691749573
1403899927416213504,neutral,2.1617162227630615,-1.0657998323440552,2.0157408714294434
1403899928301158406,negative,1.094189167022705,-0.4303748309612274,1.4314500093460083
1403899929190277120,neutral,2.217390537261963,0.30976635217666626,0.3410781919956207
1403899930759073795,neutral,1.4007561206817627,0.43533259630203247,0.6461408734321594
1403899931690258436,neutral,1.33963143825531,0.906856119632721,0.014464112929999828
1403899931765653504,positive,1.5988045930862427,2.5009732246398926,-0.10921423882246017
1403899932323422213,negative,0.6439998149871826,-1.2103720903396606,3.6401169300079346
1403899932344471553,neutral,1.5978000164031982,0.07402771711349487,0.7179110050201416
1403899932709433346,positive,2.468137741088867,3.2754783630371094,-1.1367270946502686
1403899933103640580,neutral,1.8283326625823975,-0.3294069766998291,1.1459664106369019
1403899936257757187,neutral,1.2400773763656616,0.8503363728523254,0.11373043805360794
1403899936639496203,negative,1.4899942874908447,-1.1904056072235107,2.6518466472625732
1403899937390276609,neutral,1.9271690845489502,-0.19350844621658325,0.25891056656837463
1403899938333921284,neutral,1.906166672706604,1.1907031536102295,0.28350257873535156
1403899938602250243,positive,1.3086296319961548,3.2450692653656006,-0.9537211060523987
1403899938833006592,neutral,1.6855745315551758,0.37137290835380554,0.37932199239730835
1403899940485611522,neutral,2.8331358432769775,1.3977385759353638,-0.45897674560546875
1403899940770697224,negative,1.0172924995422363,0.80580735206604,1.1356147527694702
1403899941307793412,negative,0.5049619674682617,0.9324029684066772,1.3395769596099854
1403899942645735432,neutral,1.9299466609954834,1.082952857017517,1.2184151411056519
1403899942683516930,negative,1.2510846853256226,-0.6692695617675781,1.728593349456787
1403899942905778180,positive,2.4500691890716553,2.6650032997131348,-0.5909608602523804
1403899943362830337,neutral,1.97529935836792,-0.21995505690574646,0.6882085204124451
1403899944327647232,negative,0.7198222279548645,-1.2528467178344727,3.882695436477661
1403899945560657920,neutral,1.7589492797851562,0.8815646171569824,0.3431127369403839
1403899947401957376,negative,1.3783894777297974,0.08099635690450668,1.7644765377044678
1403899948437962756,neutral,3.0939459800720215,2.003929376602173,-0.8591090440750122
1403899949218160642,neutral,1.6855745315551758,0.37137290835380554,0.37932199239730835
1403899949285212164,neutral,1.4661436080932617,-0.08422171324491501,0.3779129981994629
1403899949591543809,neutral,2.323807716369629,1.138274073600769,0.6458058953285217
1403899949952028675,negative,0.8166121244430542,-0.42589423060417175,2.3816866874694824
1403899951315402755,neutral,1.6855745315551758,0.37137290835380554,0.37932199239730835
1403899951650807810,negative,0.7002885341644287,-0.2802177965641022,2.272458553314209
1403899951902494723,neutral,1.6855745315551758,0.37137290835380554,0.37932199239730835
1403899952057683969,positive,1.0624464750289917,2.1041955947875977,-0.7848984003067017
1403899953488015366,negative,0.6439998149871826,-1.2103722095489502,3.6401169300079346
1403899953521516544,negative,1.0943721532821655,-0.34015321731567383,1.85738205909729
1403899953685012481,negative,1.1920684576034546,-1.3170809745788574,3.3379671573638916
1403899955480350721,negative,1.262342095375061,-1.2370593547821045,2.973182201385498
1403899956122034176,neutral,1.71437668800354,0.33402442932128906,1.245349407196045
1403899957027872769,negative,0.4313497543334961,0.4820903539657593,0.9200322031974792
1403899957786988546,neutral,2.1622283458709717,0.5769909620285034,-0.11763011664152145
1403899958445682688,negative,1.0906904935836792,-0.6950693726539612,2.1853039264678955
1403899958722371589,positive,1.2299493551254272,3.7676758766174316,-1.2516618967056274
1403899958936342529,positive,0.7258408665657043,2.439070701599121,0.04068582132458687
1403899959460601858,neutral,1.365983247756958,-0.026248812675476074,1.3223857879638672
1403899959989080064,neutral,1.6855745315551758,0.37137290835380554,0.37932199239730835
1403899961570250755,neutral,1.9869621992111206,-0.768470823764801,1.1093237400054932
1403899962312822792,neutral,1.516422986984253,1.2770764827728271,0.8168112635612488
1403899962723688450,neutral,1.6466363668441772,0.7959392666816711,0.9739251732826233
1403899962983817217,neutral,1.0564616918563843,0.6468167901039124,0.8006820678710938
1403899963441135616,negative,1.1405426263809204,-0.9764842391014099,2.2881999015808105
1403899964300972035,negative,1.2583165168762207,-0.4210330545902252,2.0720198154449463
1403899965303312391,neutral,1.6855745315551758,0.37137290835380554,0.37932199239730835
1403899966297358339,negative,0.3315739333629608,-1.1782623529434204,3.7834761142730713
1403899966641348611,neutral,2.5357606410980225,1.2096383571624756,-0.05182403326034546
1403899967987761152,negative,0.416432648897171,-0.1635262668132782,0.7743982672691345
1403899968834859018,neutral,1.7190296649932861,0.30161699652671814,1.575066328048706
1403899968864227333,neutral,1.484321117401123,0.7425757050514221,0.5757811069488525
1403899969745166336,positive,2.4493417739868164,3.1875126361846924,-0.8624498844146729
1403899969757663234,negative,0.2751736044883728,-0.6350346803665161,2.3639273643493652
1403899969988300803,positive,2.3124043941497803,4.620598793029785,-1.019842505455017
1403899970021859333,negative,1.3649051189422607,-0.6324684023857117,1.7268567085266113
1403899971309428738,negative,0.7788861989974976,-0.8789113163948059,2.5745010375976562
1403899971447836672,positive,1.3425534963607788,3.0069730281829834,-0.6373293995857239
1403899971611602948,neutral,1.3394920825958252,0.06043682619929314,0.7986263036727905
1403899973293338627,negative,1.4396209716796875,-0.03735410422086716,1.5953599214553833
1403899973570285568,negative,0.5666109919548035,-0.8695405721664429,3.228283405303955
1403899976296538114,positive,2.942852258682251,3.7804622650146484,-1.440994143486023
1403899977412268033,negative,1.6029175519943237,-0.8346500396728516,1.797034502029419
1403899978091622403,negative,0.9630367159843445,-0.49980440735816956,2.1679837703704834
1403899978477617153,neutral,1.6855745315551758,0.37137290835380554,0.37932199239730835
1403899978846720001,neutral,1.6156479120254517,1.0034308433532715,0.9610841870307922
1403899979597598720,positive,1.3142280578613281,1.338045597076416,0.2950058877468109
1403899980763611137,neutral,1.4592134952545166,0.5933533310890198,0.5130789875984192
1403899981136904192,negative,1.5029529333114624,-1.0962620973587036,3.1069469451904297
1403899981149450244,neutral,1.5271668434143066,-0.3488224148750305,0.681338369846344
1403899981170233344,negative,1.0172924995422363,0.80580735206604,1.1356147527694702
1403899981845520387,neutral,1.6855745315551758,0.37137290835380554,0.37932199239730835
1403899981946314757,negative,0.4284749925136566,-0.9330552220344543,3.361158847808838
1403899983451934721,negative,1.2352170944213867,-0.3535498082637787,1.4710962772369385
1403899984219607042,neutral,0.7636216878890991,0.49377569556236267,0.2429913431406021
1403899984634912768,negative,0.4564964175224304,-0.8170602321624756,3.7533457279205322
1403899984748101633,neutral,1.505558967590332,0.32647427916526794,0.7092018723487854
1403899985930821632,positive,1.9875611066818237,3.3216288089752197,-0.7666158080101013
1403899987352686594,positive,1.94089937210083,3.7028725147247314,-0.9960962533950806
1403899987638079494,negative,0.8088905215263367,-0.2721227705478668,1.615653395652771
1403899988388761600,negative,0.6072217226028442,-0.9059211611747742,3.4176769256591797
1403899989663707136,negative,1.6746420860290527,-1.1190725564956665,2.6046838760375977
1403899990943035400,negative,0.777225136756897,-0.0853528305888176,0.9199120998382568
1403899992004247556,neutral,1.307384967803955,1.2859926223754883,0.18393763899803162
1403899992704573450,positive,0.8097521662712097,1.2995210886001587,0.10947390645742416
1403899994969567239,neutral,1.676878809928894,-0.4235670864582062,1.2944324016571045
1403899995133296640,negative,1.7376046180725098,-0.8830327987670898,1.9861412048339844
1403899995829329925,neutral,2.1832115650177,1.3436704874038696,-0.046759121119976044
1403899997595176960,neutral,1.3619033098220825,0.07836557924747467,0.8059840798377991
1403899998274678784,negative,0.8182070851325989,-1.1927626132965088,3.3955724239349365
1403899998350286853,neutral,1.742470622062683,-0.48000189661979675,1.2558343410491943
1403900001634369537,neutral,1.822487473487854,-0.1432935893535614,0.6719996333122253
1403900002615898114,negative,1.0819801092147827,0.7498948574066162,1.113730788230896
1403900002921943043,neutral,2.0509450435638428,0.30172479152679443,0.5288617610931396
1403900003437842435,neutral,1.484320878982544,0.7425757050514221,0.5757811069488525
1403900004096307203,neutral,1.803871512413025,-0.38571834564208984,1.4291743040084839
1403900004138328064,negative,1.030448317527771,-0.8581322431564331,2.982595682144165
1403900005191143425,negative,1.1065266132354736,-0.3495757281780243,1.9666945934295654
1403900005237198851,neutral,1.634775161743164,0.3456459045410156,0.5128580331802368
1403900006336286721,negative,0.9113254547119141,-0.9093208312988281,2.721649169921875
1403900007028334592,positive,2.100405216217041,2.836933135986328,-0.7897497415542603
1403900009066631169,negative,1.0319898128509521,-0.6215174198150635,1.813718318939209
1403900009431453696,positive,0.852933406829834,1.2892200946807861,0.08430267125368118
1403900010165542913,positive,0.12879516184329987,1.7528988122940063,-0.12960700690746307
1403900010358530048,negative,1.082535743713379,-0.6378835439682007,2.676973342895508
1403900011079880704,neutral,0.5793900489807129,0.10533220320940018,0.5307464003562927
1403900011235233800,positive,1.6870657205581665,5.816093444824219,-1.844150424003601
1403900011335802882,neutral,1.6156479120254517,1.0034308433532715,0.9610841870307922
1403900012183097347,neutral,1.6720373630523682,-0.20781120657920837,1.4453672170639038
1403900012279463938,neutral,1.778055191040039,-0.32790815830230713,0.8943874835968018
1403900012657000448,neutral,1.9739446640014648,-0.44396498799324036,1.103110432624817
1403900012958912518,negative,1.7968931198120117,-0.9581543803215027,2.929048538208008
1403900013013438465,negative,1.4659267663955688,-0.7174641489982605,1.9977563619613647
1403900013063938051,positive,1.8598068952560425,1.9317889213562012,0.04260722175240517
1403900013130911747,negative,0.8996097445487976,-0.8819258809089661,2.7370095252990723
1403900014271762434,neutral,1.7870264053344727,0.8107885122299194,-0.8073301315307617
1403900015605657600,neutral,1.6896110773086548,-0.63413006067276,1.2006254196166992
1403900016108969986,positive,1.213778018951416,1.5583857297897339,-0.1184355691075325
1403900016909983744,neutral,1.0862016677856445,0.771340012550354,0.2084297090768814
1403900017018957833,neutral,2.2693803310394287,1.1697474718093872,-0.22812069952487946
1403900018734600192,neutral,1.5773651599884033,-0.0989588126540184,1.437723159790039
1403900019493666816,positive,0.9102561473846436,1.3619855642318726,0.7053432464599609
1403900019661496324,neutral,1.1115350723266602,0.2538411319255829,0.9949190616607666
1403900019917398020,negative,1.0934720039367676,-0.3141688406467438,1.1442992687225342
1403900022043910148,neutral,1.6526618003845215,0.17357148230075836,0.9132816791534424
1403900022144606213,neutral,1.6010991334915161,-0.11780627816915512,0.5119430422782898
1403900024862486536,neutral,2.2400596141815186,0.587857723236084,0.35534900426864624
1403900028645789698,neutral,1.4592134952545166,0.5933533310890198,0.5130789875984192
1403900028738019336,negative,0.8652746081352234,-0.5911690592765808,2.2163925170898438
1403900029249724418,negative,1.5908019542694092,-0.38131389021873474,1.6988087892532349
1403900029329240064,neutral,1.7577874660491943,-0.7134675979614258,1.4431461095809937
1403900029350334469,neutral,1.6855745315551758,0.37137290835380554,0.37932199239730835
1403900029471891461,neutral,2.7638275623321533,2.1645305156707764,-0.6242498755455017
1403900030151503874,positive,0.5799809694290161,1.3056554794311523,0.8678871393203735
1403900030268940288,negative,0.5666109323501587,-0.8695406913757324,3.228282928466797
1403900031736827904,neutral,3.530146598815918,1.6300078630447388,-1.0650413036346436
1403900032068161538,neutral,2.8269166946411133,0.8289393782615662,0.08943133056163788
1403900033590644740,negative,1.3783894777297974,0.08099635690450668,1.7644765377044678
1403900034148601856,neutral,1.9200305938720703,0.0010940954089164734,1.3634589910507202
1403900035239235585,neutral,1.6855745315551758,0.37137290835380554,0.37932199239730835
1403900039139794944,negative,0.8189144134521484,0.3147639036178589,1.2030839920043945
1403900039488053253,negative,0.8513504862785339,0.02370462566614151,1.5566949844360352
1403900039810797572,neutral,1.7373532056808472,-0.017367355525493622,1.427333116531372
1403900040205246468,negative,1.0889734029769897,-1.2248380184173584,2.9755990505218506
1403900040825819140,negative,0.714698076248169,1.1673247814178467,1.193907380104065
1403900041039855628,negative,0.5348553657531738,-0.8909215331077576,2.731860399246216
1403900042189094918,neutral,2.218703031539917,-0.946140468120575,1.755378246307373
1403900042876919809,negative,1.00021231174469,-0.24370229244232178,1.6740546226501465
1403900043162099712,positive,2.2432477474212646,2.263446807861328,-0.4768962264060974
1403900045737402370,negative,1.5497162342071533,-0.09610634297132492,1.8282091617584229
1403900047230705669,negative,1.4112136363983154,-0.4597434103488922,1.5471112728118896
1403900050326134786,positive,2.2432477474212646,2.263446807861328,-0.4768962264060974
1403900053627064320,positive,0.7871052026748657,2.014240026473999,-0.5260527729988098
1403900054705000450,positive,1.9125641584396362,2.1415109634399414,-0.13393773138523102
1403900055707344897,negative,1.217537522315979,-0.396008163690567,1.4032725095748901
1403900057754259459,neutral,1.897933006286621,0.9010273218154907,0.3939719796180725
1403900058664194049,positive,1.7476205825805664,4.2504563331604,-0.19730991125106812
1403900059691851783,negative,0.9198944568634033,-0.8593317866325378,2.7939159870147705
1403900059805229056,neutral,1.676406741142273,0.2972593605518341,1.2839560508728027
1403900059855425538,negative,1.0172924995422363,0.8058072328567505,1.1356149911880493
1403900061579313152,positive,0.14868628978729248,2.2156927585601807,-0.0675816759467125
1403900061885493251,negative,1.1453746557235718,0.38371577858924866,1.3632245063781738
1403900061885550592,negative,0.8053439259529114,-1.2311601638793945,3.7215778827667236
1403900062208446466,neutral,1.8213034868240356,-0.16662898659706116,0.9271771907806396
1403900062703534087,negative,0.9781495332717896,-0.605902373790741,1.5212129354476929
1403900062825078787,negative,1.427626132965088,-0.6342957615852356,1.8445199728012085
1403900063768887298,neutral,2.1832115650177,1.3436704874038696,-0.046759121119976044
1403900063974264833,neutral,1.3856589794158936,0.19503799080848694,0.8319287300109863
1403900065500958724,neutral,0.8489305377006531,0.7064617276191711,0.5624856948852539
1403900067367559170,negative,1.3575234413146973,-0.6697225570678711,2.1862552165985107
1403900068005097473,negative,0.5123116970062256,-1.385903000831604,4.684534072875977
1403900068135161862,negative,1.1893939971923828,-1.2048540115356445,3.299661874771118
1403900070316199939,neutral,1.5436322689056396,0.7777464985847473,0.45811954140663147
1403900070945165317,negative,1.133435606956482,-0.979092538356781,3.171088218688965
1403900071201095681,negative,1.2890139818191528,-0.4299790561199188,1.8073995113372803
1403900071494569985,neutral,1.5499773025512695,-0.024316348135471344,0.35385188460350037
1403900072157356038,positive,1.4233700037002563,1.6635700464248657,0.3653407394886017
1403900072354484224,positive,2.2432477474212646,2.263446807861328,-0.4768962264060974
1403900073939902465,neutral,1.8898566961288452,0.7233433723449707,1.4698787927627563
1403900074128658433,neutral,1.7214484214782715,1.5464037656784058,-0.2701442539691925
1403900075374309379,neutral,2.1832115650177,1.3436704874038696,-0.046759121119976044
1403900076523606017,neutral,1.365983247756958,-0.026248790323734283,1.3223859071731567
1403900077224038400,negative,1.0548555850982666,-1.3302160501480103,4.144258499145508
1403900077886742531,neutral,2.1232707500457764,-0.3030627369880676,1.0957435369491577
1403900077983342594,neutral,2.271695613861084,0.5622301697731018,0.9740594625473022
1403900078658445313,negative,1.3649052381515503,-0.6324684023857117,1.7268565893173218
1403900079015084036,positive,0.3411758542060852,4.1241021156311035,0.075673408806324
1403900079103262720,neutral,1.6415128707885742,1.373727560043335,-0.42870229482650757
1403900079434514440,negative,1.5908018350601196,-0.38131383061408997,1.6988087892532349
1403900080944463873,neutral,2.3061583042144775,0.5227155089378357,0.32168158888816833
1403900081833594882,positive,1.4635542631149292,2.6212716102600098,0.11755616962909698
1403900082005544961,negative,1.2930374145507812,-0.22719025611877441,1.8205221891403198
1403900082659880963,neutral,1.7166783809661865,0.09316336363554001,-0.025514764711260796
1403900082668310535,neutral,1.927438735961914,-0.1654486358165741,0.9127358198165894
1403900088980803585,neutral,1.8709139823913574,0.7854757308959961,0.3054758906364441
1403900089035149312,negative,1.329081654548645,-0.146428644657135,1.8078759908676147
1403900089198956545,negative,1.3084300756454468,-0.33445826172828674,1.446226954460144
1403900090465538052,neutral,2.5357606410980225,1.2096383571624756,-0.05182403326034546
1403900090662621186,neutral,1.5796877145767212,0.19346891343593597,0.9516321420669556
1403900091480645636,negative,0.8882933855056763,0.36590278148651123,1.3648749589920044
1403900095205199872,neutral,1.7424709796905518,-0.48000195622444153,1.2558343410491943
1403900096220073984,positive,1.5862873792648315,2.7918598651885986,-0.6976335644721985
1403900096949985281,negative,1.2221052646636963,-0.6352683901786804,1.815516471862793
1403900100347412482,negative,0.4975999593734741,0.8954501152038574,1.793050765991211
1403900101689552898,negative,1.0362416505813599,-1.4077805280685425,4.303155422210693
1403900102192812032,neutral,1.3796260356903076,-0.07662767916917801,0.7117828726768494
1403900102222225412,negative,1.354070782661438,-0.507810115814209,1.551844835281372
1403900102444519426,neutral,1.5978000164031982,0.07402771711349487,0.7179110050201416
1403900103811862530,negative,0.9661939144134521,-1.0644441843032837,3.1575300693511963
1403900105191690245,negative,0.9671837687492371,0.8348230123519897,1.1475213766098022
1403900105736945668,neutral,1.3000303506851196,0.7806345820426941,0.5072283148765564
1403900106278113280,neutral,1.6550211906433105,0.15934893488883972,0.9476357102394104
1403900107104342019,positive,1.2684059143066406,2.631873369216919,-0.8937783241271973
1403900108165373958,negative,1.1047035455703735,-1.139739751815796,2.755577564239502
1403900108534595586,neutral,1.9354103803634644,0.2299511432647705,0.6115694046020508
1403900109813817349,positive,2.2271292209625244,3.158660888671875,-1.025310754776001
1403900110396919808,negative,0.8502651453018188,-0.675553560256958,2.645110845565796
1403900110996656130,neutral,1.8684041500091553,-0.9802230000495911,1.8012504577636719
1403900115111268352,neutral,2.2204482555389404,0.13071826100349426,0.8719275593757629
1403900115656585222,neutral,1.5978000164031982,0.07402771711349487,0.7179110050201416
1403900116910579714,negative,1.1453746557235718,0.38371577858924866,1.3632245063781738
1403900117367861248,neutral,1.1335572004318237,0.6334571838378906,0.3582373857498169
1403900117791428613,negative,1.7538214921951294,-0.7471761107444763,1.9158875942230225
1403900117929926657,negative,0.9102689623832703,-0.13137653470039368,2.3011698722839355
1403900119091580930,neutral,1.7588891983032227,0.08880151063203812,1.3759820461273193
1403900119305445380,negative,1.225422978401184,-1.2363059520721436,3.26163649559021
1403900119754358785,negative,1.1353546380996704,-0.2905583679676056,1.2604365348815918
1403900120182104065,positive,1.4548739194869995,2.5814976692199707,0.4985402226448059
1403900120941355012,negative,1.442725419998169,-0.637957751750946,1.6599961519241333
1403900121624969216,negative,1.2218201160430908,0.03599589318037033,1.457503318786621
1403900123420188675,negative,1.262342095375061,-1.2370593547821045,2.973182201385498
1403900124019970048,negative,1.211531639099121,-1.2480437755584717,3.2624804973602295
1403900127203381248,neutral,2.1832115650177,1.3436704874038696,-0.046759121119976044
1403900127782359042,neutral,1.6855745315551758,0.37137287855148315,0.37932196259498596
1403900128520327170,neutral,2.153913736343384,0.9140437841415405,-0.04144574701786041
1403900129921351683,negative,1.3169971704483032,-0.703663170337677,1.9225705862045288
1403900130386845698,neutral,1.6214871406555176,0.30735769867897034,0.3893382251262665
1403900130445639685,negative,1.0628992319107056,-0.6176863312721252,2.0469157695770264
1403900130898550790,neutral,2.2782106399536133,-0.0536159947514534,0.38515913486480713
1403900131821252612,neutral,2.1349422931671143,-0.019339092075824738,1.3059574365615845
1403900131934679041,neutral,2.231774091720581,0.5356703400611877,0.4760242998600006
1403900133796990976,positive,1.3875739574432373,1.6600924730300903,0.1815313845872879
1403900133842972676,negative,1.2267593145370483,-0.1980900764465332,1.8586795330047607
1403900134430326787,negative,1.2674227952957153,-1.1196409463882446,2.8787667751312256
1403900134849716226,positive,0.7660672068595886,1.0639668703079224,0.08227171748876572
1403900135399211011,positive,1.6708159446716309,2.1987245082855225,-0.11137609928846359
1403900135822798851,negative,1.249825358390808,-1.197953701019287,3.11466646194458
1403900135994580992,negative,0.5532839298248291,-0.5151926279067993,1.8831933736801147
1403900136108011520,neutral,1.5668739080429077,-0.34175413846969604,1.4061833620071411
1403900136938430469,negative,1.2766809463500977,-0.6316000819206238,1.7445170879364014
1403900138364575749,negative,1.0760804414749146,-0.8928353190422058,2.245253562927246
1403900138372820992,positive,1.7747060060501099,3.4235782623291016,-0.5406714081764221
1403900138465210374,neutral,1.3796260356903076,-0.07662767916917801,0.7117828726768494
1403900138502995970,negative,0.5127053260803223,0.5842016339302063,1.6873366832733154
1403900139245162498,negative,1.3367267847061157,-1.0230735540390015,2.8808183670043945
1403900141497618439,negative,1.6252063512802124,-0.6578109264373779,2.1209495067596436
1403900141648633868,neutral,1.6441446542739868,-0.5100817084312439,1.4364488124847412
1403900143363969024,neutral,1.9261246919631958,0.1831059604883194,0.8399101495742798
1403900144353824770,neutral,2.6163887977600098,1.7948631048202515,-0.34238243103027344
1403900144395776001,neutral,1.8969571590423584,1.5684725046157837,-0.3034955859184265
1403900144811118592,negative,1.264915108680725,-0.3722284138202667,1.4042580127716064
1403900146761580547,negative,1.2838490009307861,-1.3284207582473755,3.660844087600708
1403900148707586050,neutral,3.530146598815918,1.6300078630447388,-1.0650413036346436
1403900148829200386,negative,0.9690243601799011,0.2085767388343811,1.7608978748321533
1403900149332463619,neutral,2.0365047454833984,0.8253024816513062,0.5997745394706726
1403900149693255684,neutral,1.9568679332733154,1.3556815385818481,-0.5538036227226257
1403900150280380422,positive,2.2271292209625244,3.158660650253296,-1.025310754776001
1403900150293090306,negative,1.4077446460723877,-1.1435863971710205,2.9807469844818115
1403900150741975040,neutral,1.6156479120254517,1.0034308433532715,0.9610841870307922
1403900151417217033,neutral,1.7462164163589478,-0.03259636461734772,1.212086796760559
1403900153757642760,neutral,1.8868496417999268,-1.0495401620864868,1.8232595920562744
1403900154856366080,neutral,1.652753233909607,1.057592749595642,0.025653041899204254
1403900156399915009,positive,2.2432477474212646,2.263446807861328,-0.4768962264060974
1403900156714627076,negative,1.1681187152862549,-0.4592128098011017,2.2390024662017822
1403900157922578433,negative,0.7326412200927734,0.35713860392570496,2.0655524730682373
1403900159520616449,neutral,2.318997859954834,1.7895907163619995,-0.44373080134391785
1403900159902113793,neutral,2.1617162227630615,-1.0657998323440552,2.0157408714294434
1403900160648781826,negative,1.0172924995422363,0.80580735206604,1.1356147527694702
1403900160938106881,neutral,1.5892086029052734,0.4622190594673157,0.7332231998443604
1403900162595069956,positive,1.5140069723129272,2.9632861614227295,-0.7145494222640991
1403900162771230725,positive,1.9125641584396362,2.1415109634399414,-0.13393773138523102
1403900163102371841,positive,2.3379032611846924,2.525219440460205,-0.6998003721237183
1403900163438096387,negative,1.4944753646850586,-1.1724532842636108,2.814408779144287
1403900164616589318,neutral,2.5729966163635254,1.4193353652954102,-1.025890827178955
1403900165128437763,neutral,2.5507001876831055,-0.4420001208782196,-0.13606201112270355
1403900166621511684,positive,1.6855376958847046,2.223081111907959,-0.45177674293518066
1403900166696960001,positive,0.15508675575256348,2.1729726791381836,-0.2979024648666382
1403900168131383302,neutral,1.9731109142303467,0.5826820731163025,0.3358699679374695
1403900168211251200,negative,0.7455624938011169,0.01952698826789856,2.03743052482605
1403900168655810562,negative,0.5666109323501587,-0.8695406913757324,3.228283166885376
1403900169708445696,negative,0.9245059490203857,-0.44427821040153503,2.0139267444610596
1403900169742000130,neutral,2.0153071880340576,0.4585033655166626,0.5769575834274292
1403900170891374594,neutral,1.6855746507644653,0.37137287855148315,0.37932196259498596
1403900172426489859,negative,1.4494959115982056,-0.9917873740196228,2.537749767303467
1403900172933898246,neutral,1.927438735961914,-0.16544866561889648,0.9127358198165894
1403900173135212546,neutral,1.7588891983032227,0.08880148828029633,1.3759819269180298
1403900175723151360,neutral,1.070691704750061,0.6146995425224304,0.49308282136917114
1403900176893423619,positive,2.06229305267334,3.2466142177581787,-1.2384047508239746
1403900177623179268,neutral,1.6855746507644653,0.37137287855148315,0.37932196259498596
1403900178269155329,negative,0.9117292761802673,0.3137030005455017,1.3016350269317627
1403900178625531904,negative,1.8194659948349,-0.9624728560447693,2.124373435974121
1403900180265644036,neutral,1.5977998971939087,0.07402770221233368,0.7179110646247864
1403900180659945474,neutral,1.6855746507644653,0.37137287855148315,0.37932196259498596
1403900180747808769,positive,1.9884260892868042,2.856034517288208,-0.3570694923400879
1403900181108518914,neutral,3.530146598815918,1.6300078630447388,-1.0650413036346436
1403900181750321155,negative,0.26985228061676025,-0.5595405101776123,2.8604657649993896
1403900182232768518,negative,0.6840164661407471,-1.1123592853546143,3.4275007247924805
1403900183587348490,positive,1.102710485458374,1.2671161890029907,-0.5141023993492126
1403900183591665672,negative,0.9263280630111694,-0.4122166931629181,1.586256742477417
1403900183918776324,positive,2.2432477474212646,2.263446807861328,-0.4768962264060974
1403900184757735425,positive,1.1488527059555054,5.451021671295166,-1.3220471143722534
1403900185114136577,neutral,1.0431690216064453,0.32925164699554443,0.7781932353973389
1403900185395306496,negative,1.027173638343811,-0.6020039916038513,2.062502384185791
1403900186255101952,negative,0.9803882837295532,-0.1798761487007141,1.7919771671295166
1403900190923366406,neutral,2.506451368331909,1.4469835758209229,-0.5270968675613403
1403900191384641538,negative,0.41125333309173584,0.39060738682746887,1.592193603515625
1403900191783202818,neutral,1.7577875852584839,-0.7134676575660706,1.4431461095809937
1403900192219402240,negative,1.2067979574203491,-0.6111664175987244,2.0099599361419678
1403900192936574980,positive,1.32712984085083,1.4234987497329712,0.7834969162940979
1403900193330896897,neutral,1.615647792816162,1.003430724143982,0.9610843062400818
1403900193465004036,positive,1.5036948919296265,2.45697021484375,-0.39561015367507935
1403900193850933248,neutral,2.2246692180633545,-0.07018636912107468,0.960029661655426
1403900194517884935,neutral,1.5802173614501953,-0.18002402782440186,0.9179753661155701
1403900194911973377,positive,1.7747061252593994,3.4235787391662598,-0.5406715273857117
1403900196103372803,neutral,1.6855746507644653,0.37137287855148315,0.37932196259498596
1403900196262604800,positive,0.8097521662712097,1.2995210886001587,0.10947390645742416
1403900197000855557,neutral,1.6855745315551758,0.37137284874916077,0.37932202219963074
1403900197487394823,negative,0.8996098041534424,-0.8819257616996765,2.7370095252990723
1403900198724636673,negative,0.8674980998039246,-0.26713648438453674,2.3781991004943848
1403900198934482944,negative,0.7180020213127136,-0.30361437797546387,2.260305166244507
1403900199697743873,positive,2.9868199825286865,4.096158504486084,-1.4678248167037964
1403900200528252936,negative,1.2115508317947388,-0.5127614140510559,1.5665149688720703
1403900201060950020,neutral,1.8106341361999512,0.41629910469055176,0.6457951664924622
1403900201136361474,neutral,1.4313374757766724,0.26093947887420654,0.9697014093399048
1403900201660665859,negative,1.1889293193817139,0.16718751192092896,1.3454437255859375
1403900202453553157,negative,0.4564964473247528,-0.8170602321624756,3.7533466815948486
1403900202998657027,neutral,0.7837391495704651,0.3215515911579132,0.707678496837616
1403900203166486528,positive,1.7235260009765625,1.8299483060836792,-0.49966859817504883
1403900203661410305,negative,0.6840419769287109,0.24981215596199036,1.0840113162994385
1403900204483448832,negative,0.315359890460968,-0.2807044982910156,2.047783851623535
1403900205007781890,negative,0.6161043047904968,0.08722836524248123,2.0920324325561523
1403900205674549249,negative,1.0172924995422363,0.8058074116706848,1.1356148719787598
1403900206433849344,negative,1.3141659498214722,-0.6707735657691956,2.746422290802002
1403900208145047557,neutral,2.168696165084839,1.6942241191864014,-0.0415397584438324
1403900209071935492,positive,1.2623380422592163,2.274320602416992,-0.3273114860057831
1403900210225504256,negative,1.3589141368865967,-1.1569747924804688,2.7215826511383057
1403900210875600897,neutral,2.5457308292388916,1.3318946361541748,-0.5181328654289246
1403900211588595712,neutral,0.7741193771362305,0.2043553739786148,0.493684858083725
1403900212440150016,positive,0.7064176797866821,2.69722318649292,-0.26130205392837524
1403900213287264259,positive,1.2062773704528809,1.3799638748168945,0.20991753041744232
1403900213815746563,neutral,1.6855746507644653,0.37137287855148315,0.37932196259498596
1403900213958303749,negative,1.0548557043075562,-1.3302161693572998,4.144258499145508
1403900214121955330,negative,1.7292155027389526,-0.836696445941925,1.9617643356323242
1403900214931505154,positive,1.7747061252593994,3.4235787391662598,-0.5406715273857117
1403900218211454980,positive,1.8371223211288452,3.5797476768493652,-0.6955759525299072
1403900218962333705,neutral,1.0618036985397339,0.8400444984436035,0.3832765817642212
1403900220069629953,negative,1.0014294385910034,-1.0240486860275269,2.5208654403686523
1403900221067780103,negative,0.5049620270729065,0.9324030876159668,1.3395769596099854
1403900222238040071,neutral,1.7778606414794922,0.9227115511894226,0.31642696261405945
1403900223223570432,negative,1.3134132623672485,-0.5762357115745544,1.6616077423095703
1403900223609573379,neutral,1.5977998971939087,0.07402770221233368,0.7179110646247864
1403900224444108803,negative,1.1678311824798584,0.09376917034387589,1.3716529607772827
1403900224448339975,neutral,0.7694358229637146,0.31084591150283813,0.7596154808998108
1403900224574197762,neutral,1.4437074661254883,0.042033035308122635,0.9261376261711121
1403900224586715141,positive,1.4892219305038452,2.6688058376312256,-0.4959278702735901
1403900225018757120,neutral,1.5559614896774292,0.024244077503681183,1.1390864849090576
1403900226360860681,neutral,2.1418251991271973,0.666971743106842,0.18099334836006165
1403900226503593984,neutral,2.1617162227630615,-1.0657998323440552,2.0157406330108643
1403900228319596545,positive,1.6855376958847046,2.223081111907959,-0.4517767131328583
1403900229657694217,neutral,1.7799813747406006,-0.0025041401386260986,0.3206288516521454
1403900229657808899,negative,1.0724000930786133,-0.7017520666122437,2.8081424236297607
1403900229967966211,neutral,1.7257033586502075,-0.22465702891349792,1.161596655845642
1403900230261739523,neutral,1.6855745315551758,0.37137284874916077,0.37932199239730835
1403900230907662338,neutral,1.615647792816162,1.003430724143982,0.9610843062400818
1403900230953697287,neutral,1.6004142761230469,0.8650837540626526,-0.3360368013381958
1403900231620702210,negative,0.7808615565299988,0.0023006051778793335,1.601554036140442
1403900231876481024,neutral,1.8416472673416138,0.7805685997009277,0.18755118548870087
1403900232186871812,negative,0.9880473613739014,-0.8574209809303284,2.6844327449798584
1403900234334310402,negative,0.9630367159843445,-0.4998043477535248,2.1679837703704834
1403900234455912451,positive,0.6489837169647217,2.4338936805725098,-0.010975601151585579
1403900234988613643,negative,0.8996098041534424,-0.8819257616996765,2.7370095252990723
1403900238188793856,neutral,3.530146598815918,1.6300078630447388,-1.0650413036346436
1403900238771888130,neutral,1.4025256633758545,-0.3142548203468323,1.1465338468551636
1403900241468747780,neutral,1.8772246837615967,-0.7698121666908264,1.1950713396072388
1403900241540272131,negative,1.3262975215911865,-0.9724143147468567,2.35296893119812
1403900242005610499,neutral,2.458714246749878,0.80472332239151,-0.23049814999103546
1403900243125678080,negative,1.1453747749328613,0.3837158679962158,1.3632246255874634
1403900243842850817,negative,0.11538498103618622,0.14971423149108887,1.8010421991348267
1403900244857745409,negative,0.575455367565155,-0.6640475988388062,2.6148102283477783
1403900244983566345,neutral,1.7778606414794922,0.9227114915847778,0.31642699241638184
1403900245776343042,negative,1.3391849994659424,-0.17118796706199646,1.8767662048339844
1403900245944250374,neutral,0.7449764609336853,0.08051468431949615,0.2553209066390991
1403900249651830784,neutral,1.7310503721237183,0.5471149682998657,0.48402899503707886
1403900249861677056,negative,0.8823170065879822,-0.936718761920929,2.7746143341064453
1403900250121818115,neutral,1.732391595840454,0.16152404248714447,0.7397104501724243
1403900250583191565,neutral,1.6855746507644653,0.37137287855148315,0.37932196259498596
1403900250813779978,negative,1.2666749954223633,-0.2910664677619934,1.7661339044570923
1403900251111669760,negative,1.3226301670074463,-1.1389544010162354,2.89406156539917
1403900251237281793,positive,1.1506919860839844,3.780550956726074,-0.944999635219574
1403900251337986050,negative,0.9929909110069275,-0.7368528842926025,1.9260650873184204
1403900251564646400,neutral,1.6156479120254517,1.003430724143982,0.9610843658447266
1403900251681947650,negative,0.8996098041534424,-0.8819257616996765,2.7370095252990723
1403900252088832004,negative,1.1900370121002197,-1.170117974281311,2.839707851409912
1403900252533501955,negative,1.6558846235275269,-0.9418047070503235,2.0927317142486572
1403900253472952322,neutral,2.506451368331909,1.4469835758209229,-0.5270968675613403
1403900254332747777,positive,2.2432479858398438,2.263446807861328,-0.4768962264060974
1403900255137980421,negative,1.3783894777297974,0.08099628984928131,1.7644765377044678
1403900255783976962,positive,2.0185441970825195,3.9363434314727783,-1.094110131263733
1403900256769638401,negative,0.5909137725830078,-1.1795467138290405,3.6120753288269043
1403900258325876738,neutral,2.0154917240142822,0.19986948370933533,0.529958188533783
1403900258329894915,negative,1.624396800994873,-1.273417353630066,2.7944793701171875
1403900260599074818,negative,0.5049620270729065,0.9324030876159668,1.3395769596099854
1403900261991604226,neutral,1.6952565908432007,0.3796398937702179,1.3148894309997559
1403900262008254466,negative,0.6439996957778931,-1.2103720903396606,3.6401169300079346
1403900262687797252,negative,1.0172924995422363,0.8058074116706848,1.1356148719787598
1403900263786856449,neutral,1.2521694898605347,0.9579811692237854,0.7744472622871399
1403900264575234049,negative,1.8391072750091553,-1.1645466089248657,2.63169002532959
1403900264763990028,neutral,2.2204482555389404,0.13071830570697784,0.8719274401664734
1403900266072608771,neutral,1.4685285091400146,1.35844087600708,-0.615080714225769
1403900268316696580,neutral,0.974409818649292,0.15896201133728027,0.2797809839248657
1403900268387909635,neutral,1.732077717781067,0.05746832862496376,0.2469756007194519
1403900269339897856,positive,0.14348140358924866,2.776094436645508,-0.4008871018886566
1403900269419589635,neutral,1.6855746507644653,0.37137287855148315,0.37932196259498596
1403900269872697350,neutral,4.25442361831665,1.5541343688964844,-0.6240271925926208
1403900270766006282,positive,0.06222337484359741,1.178831934928894,-0.17278249561786652
1403900271105740800,neutral,2.101606607437134,2.076263904571533,-0.668805718421936
1403900271605043203,neutral,1.437800407409668,-0.5467662215232849,0.8967576622962952
1403900271667728387,neutral,2.203944444656372,0.8346052765846252,0.18024273216724396
1403900271822970884,negative,1.0667004585266113,-0.27079662680625916,1.2397091388702393
1403900272250785792,neutral,1.615647792816162,1.003430724143982,0.9610843062400818
1403900272456306691,negative,1.2705180644989014,-0.9396479725837708,2.6573548316955566
1403900273412685825,positive,0.6288557648658752,1.4381623268127441,-0.1957109570503235
1403900273987256320,negative,1.4671375751495361,-0.062337614595890045,1.502140760421753
1403900274264133632,positive,2.3379032611846924,2.525219440460205,-0.6998003721237183
1403900274343882757,negative,0.7838587760925293,-0.8143433332443237,2.5138864517211914
1403900274897428481,negative,1.3328379392623901,-1.1997718811035156,3.0109007358551025
1403900275488747524,neutral,1.778055191040039,-0.32790812849998474,0.8943875432014465
1403900277363646465,negative,0.8610117435455322,0.038508340716362,1.8271985054016113
1403900279418855425,neutral,1.665839433670044,-0.6313691139221191,1.2027724981307983
1403900279871975429,negative,1.433728575706482,-0.8429573774337769,2.24485445022583
1403900280584933379,negative,0.6456311941146851,0.5683485865592957,1.035500168800354
1403900280932954117,neutral,2.0318620204925537,1.8172780275344849,0.13820652663707733
1403900283298607106,neutral,2.1211705207824707,0.6485085487365723,0.12155123800039291
1403900283512524800,negative,0.7393131852149963,0.14016959071159363,1.3285348415374756
1403900283516645379,neutral,1.802329182624817,0.21558493375778198,0.1373896449804306
1403900284766605315,neutral,1.9204490184783936,1.3087852001190186,0.21361525356769562
1403900286175875073,positive,0.717553973197937,1.423516035079956,0.30924031138420105
1403900287220387842,negative,1.2459187507629395,-0.5030747652053833,2.0871574878692627
1403900287685861378,positive,2.2271289825439453,3.158660650253296,-1.0253105163574219
1403900287773937667,neutral,1.3912643194198608,1.0471882820129395,0.19741840660572052
1403900287832793088,neutral,1.8111661672592163,0.2872052490711212,0.37892967462539673
1403900287971119106,neutral,1.695807695388794,-0.6689761281013489,1.264655351638794
1403900289007054849,neutral,1.9473471641540527,0.7833623886108398,0.10200798511505127
1403900293826240514,neutral,2.1887621879577637,0.1681898534297943,0.4843544661998749
1403900294241480707,negative,1.0576353073120117,-1.1364552974700928,3.0590107440948486
1403900294287724547,positive,1.432335615158081,4.6552205085754395,-1.3237345218658447
1403900295831244806,positive,1.4635670185089111,3.574098825454712,-0.7803877592086792
1403900295990562817,neutral,3.640317678451538,1.5829517841339111,-0.9354138970375061
1403900299652198401,neutral,1.472983717918396,0.4778682291507721,0.7904550433158875
1403900300969140230,neutral,1.349120020866394,1.1481306552886963,-0.7317523956298828
1403900301317480455,neutral,1.9924054145812988,0.265312522649765,0.6190642714500427
1403900301388795910,neutral,2.5832064151763916,1.6657397747039795,-0.17743657529354095
1403900301648613385,negative,0.67236328125,-0.7373932600021362,2.5654103755950928
1403900301854359556,neutral,2.1617162227630615,-1.0657998323440552,2.0157406330108643
1403900301971648516,negative,1.675727367401123,-1.1267354488372803,2.5844030380249023
1403900302042882053,neutral,0.9109498858451843,-0.186380535364151,0.6777958273887634
1403900303079088138,neutral,2.070692539215088,-0.1523715853691101,1.2719084024429321
1403900304643420166,neutral,1.615647792816162,1.003430724143982,0.9610843062400818
1403900305151045632,negative,1.4155328273773193,-0.900671660900116,2.49892520904541
1403900305268527111,positive,2.3379032611846924,2.525219440460205,-0.6998003721237183
1403900306484645888,negative,1.2653330564498901,-0.7740338444709778,1.5834757089614868
1403900306816131072,neutral,1.4615919589996338,0.5943637490272522,0.4032764136791229
1403900307051003910,neutral,1.5624550580978394,1.4496673345565796,-0.5019634366035461
1403900308284088326,neutral,1.3811956644058228,0.4655352234840393,0.913188636302948
1403900308871393286,negative,1.1029818058013916,0.2380988597869873,1.713347315788269
1403900309001445384,negative,1.6558847427368164,-0.9418045878410339,2.0927317142486572
1403900310196613128,neutral,1.0928045511245728,0.3101691007614136,0.8269418478012085
1403900310402125830,negative,1.4907594919204712,-0.984664261341095,2.0289418697357178
1403900310834147331,neutral,1.6244456768035889,-0.12822124361991882,1.1648786067962646
1403900311505227781,neutral,1.6855746507644653,0.37137287855148315,0.37932196259498596
1403900312704802817,neutral,1.6749249696731567,1.243592619895935,0.35957783460617065
1403900313321496581,positive,1.9752768278121948,2.855703115463257,-0.3134584426879883
1403900316043517956,neutral,0.8419281244277954,0.7693238258361816,-0.13306334614753723
1403900316412694530,negative,1.030234932899475,-1.1565977334976196,3.0491931438446045
1403900316584615940,neutral,1.8663445711135864,0.9667382836341858,-0.20627066493034363
1403900317109035011,neutral,2.9742469787597656,1.9570121765136719,-0.49432528018951416
1403900317725446144,negative,1.129659652709961,0.11079896986484528,1.3225390911102295
1403900318396600321,neutral,1.5608633756637573,0.6738375425338745,0.2882963716983795
1403900319260545024,positive,1.2137781381607056,1.5583858489990234,-0.1184355840086937
1403900320154112003,negative,1.1626431941986084,-0.6592226624488831,1.8451189994812012
1403900320191815683,neutral,1.9200304746627808,0.0010941475629806519,1.3634591102600098
1403900320644616194,neutral,1.3990792036056519,0.4853982925415039,0.6097898483276367
1403900321143824385,negative,0.9976283311843872,0.02533358335494995,1.182055115699768
1403900321227710465,neutral,1.8446489572525024,0.18397554755210876,1.313444972038269
1403900322410500098,negative,1.0172924995422363,0.80580735206604,1.1356148719787598
1403900323727482881,neutral,1.7302860021591187,-0.30992451310157776,1.1995176076889038
1403900325350850561,negative,1.0059887170791626,0.19011688232421875,1.305951476097107
1403900326315544580,neutral,1.1303399801254272,0.031495578587055206,1.080668568611145
1403900328748199937,neutral,1.0296976566314697,0.670860767364502,-0.00564916618168354
1403900328857194498,neutral,1.3653913736343384,0.38245508074760437,0.8018817901611328
1403900331268841474,negative,0.43973714113235474,0.5322147011756897,1.1055445671081543
1403900336184520704,positive,1.6015903949737549,3.065235137939453,-0.7180132269859314
1403900336314662914,negative,1.1085423231124878,-0.49013349413871765,1.5121155977249146
1403900337216364545,neutral,2.3061583042144775,0.5227155685424805,0.32168158888816833
1403900337656848384,negative,1.3503535985946655,-0.8688539862632751,2.296276092529297
1403900338520920068,neutral,1.6731151342391968,0.031148619949817657,0.9181881546974182
1403900339854536712,positive,0.7696776390075684,0.8696874976158142,0.8511386513710022
1403900339879702529,neutral,1.5977998971939087,0.07402770221233368,0.7179110646247864
1403900340643282946,negative,0.5666109323501587,-0.8695406913757324,3.228283166885376
1403900341205147657,negative,1.3435683250427246,0.12721408903598785,1.3485864400863647
1403900341469339650,negative,1.5511493682861328,-0.5902949571609497,1.6793596744537354
1403900342505443334,negative,0.5049620270729065,0.9324030876159668,1.3395769596099854
1403900342580957185,neutral,1.6855746507644653,0.37137290835380554,0.37932196259498596
1403900342811594758,negative,1.065580129623413,-1.0870035886764526,2.7778453826904297
1403900343121899523,neutral,1.0862016677856445,0.7713400721549988,0.20842969417572021
1403900343784599552,neutral,2.8269169330596924,0.8289393782615662,0.08943112939596176
1403900343801434112,negative,1.5771543979644775,-0.6203740239143372,2.1475186347961426
1403900344241897473,positive,0.6648165583610535,0.8019010424613953,0.5970136523246765
1403900346200588291,negative,0.7444264888763428,0.11956922709941864,0.7930619716644287
1403900347601408007,neutral,1.9275615215301514,0.8760069608688354,0.7781040668487549
1403900348046135296,positive,0.3207955062389374,0.617103636264801,0.19308392703533173
1403900349275013123,negative,1.3870872259140015,0.04469829052686691,1.6249985694885254
1403900351825137678,negative,1.4106166362762451,-0.36262205243110657,1.4732586145401
1403900352965922818,positive,1.4077831506729126,1.7092331647872925,-0.070789635181427
1403900353150660611,negative,1.041452169418335,0.525881290435791,1.816123127937317
1403900353456844800,negative,1.421921968460083,-0.9823320508003235,2.2466657161712646
1403900353796444162,positive,3.122793674468994,4.6914520263671875,-1.5804647207260132
1403900354195034116,neutral,1.734999179840088,0.5404044389724731,0.6139707565307617
1403900355352596486,negative,1.085532546043396,-0.15018829703330994,1.7919929027557373
1403900356443189254,negative,1.2865707874298096,-0.38217830657958984,1.9556961059570312
1403900356912836609,negative,0.8009888529777527,-0.34885314106941223,1.1313139200210571
1403900357403623427,positive,1.5668134689331055,1.6243561506271362,0.2563956379890442
1403900358804529153,negative,0.8685226440429688,-0.6455705761909485,1.3686548471450806
1403900358917648386,neutral,0.8912914395332336,0.3102925419807434,0.3962237536907196
1403900359269961729,neutral,2.2998433113098145,0.1316220909357071,0.508007824420929
1403900360532664320,negative,1.1928852796554565,-0.24039021134376526,1.4821234941482544
1403900361023361028,neutral,1.208243727684021,-0.08262074738740921,0.07643592357635498
1403900361128173571,neutral,1.6855746507644653,0.37137287855148315,0.37932196259498596
1403900363850366978,neutral,2.113208293914795,0.48555177450180054,0.4179701805114746
1403900364349313025,negative,1.3134132623672485,-0.5762357115745544,1.6616077423095703
1403900365242875908,neutral,1.970107913017273,-0.43401941657066345,0.9729315042495728
1403900365305700353,neutral,2.8217251300811768,0.025734856724739075,0.5355105996131897
1403900365867683840,negative,0.8642274141311646,-0.07496800273656845,1.4090460538864136
1403900367952396296,negative,1.5009996891021729,-1.171721339225769,2.5296621322631836
1403900368883310598,neutral,2.8269169330596924,0.8289393782615662,0.08943112939596176
1403900368912850947,neutral,1.6855746507644653,0.37137287855148315,0.37932196259498596
1403900369189498887,neutral,1.3828165531158447,0.9847639203071594,0.32073187828063965
1403900369332285443,neutral,1.2264735698699951,1.2208912372589111,0.2619902193546295
1403900371148455936,negative,1.3117055892944336,-1.039483666419983,2.438230276107788
1403900371219607554,neutral,1.722221851348877,0.28355762362480164,1.6940116882324219
1403900372700348420,negative,1.727341890335083,-0.7378230690956116,2.6880602836608887
1403900374843592706,neutral,2.1617162227630615,-1.0657998323440552,2.0157406330108643
1403900377548820480,negative,1.4748202562332153,-0.2739124000072479,1.5150359869003296
1403900378387603462,positive,1.2503905296325684,1.3471198081970215,0.3398738503456116
1403900378907910145,neutral,1.5977998971939087,0.07402770221233368,0.7179110646247864
1403900379167825921,positive,2.2271289825439453,3.158660650253296,-1.0253105163574219
1403900379679576064,negative,0.7697290182113647,-0.1776893138885498,1.9272085428237915
1403900380384088067,negative,1.2804467678070068,-0.5455399751663208,2.2232391834259033
1403900380652748805,neutral,2.5667545795440674,0.2067929059267044,0.5726683139801025
1403900380971425792,neutral,1.50862717628479,0.05430871248245239,1.3011630773544312
1403900382422601728,neutral,1.5262489318847656,0.7564138174057007,0.48310112953186035
1403900382711926784,negative,1.675727367401123,-1.1267354488372803,2.5844030380249023
1403900382968008706,neutral,1.7728984355926514,0.6416295170783997,-0.1591402143239975
1403900383085445122,neutral,1.9060484170913696,0.7519137263298035,0.7887572050094604
1403900384091906048,negative,1.1331368684768677,-0.9184398055076599,2.416860818862915
1403900384335339526,neutral,1.8106342554092407,0.41629907488822937,0.6457952857017517
1403900384393924608,neutral,2.1617162227630615,-1.0657998323440552,2.0157406330108643
1403900385606123523,neutral,2.271726369857788,-0.2878534197807312,0.8751703500747681
1403900387153747971,neutral,1.4537862539291382,0.613606870174408,-0.16802237927913666
1403900387812417536,neutral,1.6855746507644653,0.37137287855148315,0.37932196259498596
1403900388277997576,negative,0.5666109323501587,-0.8695406913757324,3.228282928466797
1403900388311396352,neutral,2.3270037174224854,1.7874714136123657,-0.5414837002754211
1403900388311457792,neutral,1.5977998971939087,0.07402770221233368,0.7179110646247864
1403900389276127234,negative,0.939458966255188,-0.4783036410808563,2.321753740310669
1403900390169399303,neutral,1.8984184265136719,0.8532440066337585,0.23159924149513245
1403900390609866753,negative,1.0448843240737915,-0.8672221899032593,2.1874654293060303
1403900392144994305,positive,0.8210858702659607,0.9137395024299622,0.6348292827606201
1403900392321204226,positive,1.2493975162506104,1.7045072317123413,-0.6875314116477966
1403900392589643785,positive,1.1840764284133911,1.4218612909317017,0.21204903721809387
1403900392908288001,neutral,2.2204482555389404,0.13071830570697784,0.8719274401664734
1403900393051103240,negative,1.7894515991210938,-0.9604528546333313,1.7997422218322754
1403900393063596034,negative,1.3169971704483032,-0.7036631107330322,1.9225704669952393
1403900393562644481,neutral,1.604574203491211,0.0045140087604522705,1.1140220165252686
1403900395907272706,positive,1.4472399950027466,2.5248093605041504,-0.33332401514053345
1403900396091871233,neutral,1.615647792816162,1.003430724143982,0.9610843062400818
1403900397190791174,negative,1.1480132341384888,-0.3064715266227722,1.7379542589187622
1403900397836652545,negative,0.5740866661071777,0.2707158625125885,0.8658326864242554
1403900398629376002,neutral,1.4588340520858765,0.5550268292427063,0.6215065121650696
1403900399791267841,neutral,1.9401733875274658,0.06357160210609436,1.0058753490447998
1403900399971565573,negative,1.2666749954223633,-0.2910664677619934,1.7661339044570923
1403900400504299524,negative,1.8319954872131348,-0.6886904239654541,1.8880854845046997
1403900401175318528,neutral,1.6755075454711914,0.9683277606964111,-0.8002611398696899
1403900402911879170,positive,1.5079128742218018,1.5450831651687622,0.033083416521549225
1403900403222208517,positive,1.3209025859832764,1.9842811822891235,0.005960669368505478
1403900403444551688,neutral,0.8524887561798096,0.5196636319160461,-0.021334873512387276
1403900403557806083,neutral,1.6441446542739868,-0.5100817084312439,1.4364488124847412
1403900403570380802,neutral,1.7481019496917725,0.061260007321834564,0.3638218939304352
1403900405621223429,neutral,2.4499692916870117,2.1285343170166016,-0.882234513759613
1403900407219331073,neutral,1.9060485363006592,0.7519137263298035,0.7887572646141052
1403900407735373826,negative,1.0241121053695679,-0.7616162896156311,1.65509033203125
1403900408179793922,negative,0.9140375256538391,-0.6924429535865784,2.4316153526306152
1403900408486002689,negative,1.0238580703735352,-0.6816105246543884,2.6686840057373047
1403900408850837506,negative,1.0172924995422363,0.8058074116706848,1.1356148719787598
1403900409484386305,negative,1.6007444858551025,-1.2062618732452393,3.0223493576049805
1403900410587275264,negative,0.36169925332069397,-0.7086215615272522,3.1964831352233887
1403900411128422405,negative,0.3981393873691559,-0.7593455910682678,2.5033464431762695
1403900411749277697,negative,0.5907129645347595,-0.15863028168678284,1.919808030128479
1403900412021800964,positive,0.752029299736023,1.015670657157898,0.7083567976951599
1403900413020147715,negative,1.4479126930236816,-0.9097527265548706,1.841685175895691
1403900416425922566,negative,1.2240206003189087,-0.8982121348381042,2.4876790046691895
1403900418040602624,negative,1.675727367401123,-1.1267354488372803,2.5844030380249023
1403900418426540038,neutral,1.4214916229248047,0.328635036945343,0.8487670421600342
1403900418472792066,positive,0.5296761393547058,5.640013217926025,-0.8327326774597168
1403900418745274369,negative,1.054574728012085,-0.51563960313797,1.2932757139205933
1403900419751825409,neutral,1.6167778968811035,1.3338297605514526,0.5391182899475098
1403900420863365122,neutral,3.530146598815918,1.6300078630447388,-1.0650413036346436
1403900421043888128,negative,0.49231281876564026,0.7197410464286804,1.4921773672103882
1403900421043896320,negative,0.21050667762756348,0.16855278611183167,0.32583698630332947
1403900421861564420,negative,1.0465517044067383,0.5444196462631226,1.1191844940185547
1403900421979181058,negative,0.534855306148529,-0.8909215927124023,2.731860399246216
1403900422939570181,negative,1.3900424242019653,-0.9353893995285034,2.2956881523132324
1403900423820435459,neutral,2.2953455448150635,0.0562438890337944,0.5735039114952087
1403900424097189894,negative,1.3003349304199219,-0.9403091669082642,2.003582715988159
1403900425753952257,negative,0.7910014390945435,-0.8888397216796875,2.24918794631958
1403900427008102401,neutral,1.6855746507644653,0.37137287855148315,0.37932196259498596
1403900429415632898,neutral,0.8712508082389832,0.37136662006378174,0.3739655315876007
1403900429927432192,negative,0.9605686664581299,-0.741463840007782,2.587991237640381
1403900430061539334,negative,0.9435372948646545,-0.7001866102218628,2.546354293823242
1403900430409560068,positive,1.7462823390960693,1.8249917030334473,-0.0877644345164299
1403900430510329858,negative,1.232308268547058,-1.0850619077682495,2.5964484214782715
1403900430527127552,neutral,1.9341458082199097,0.3742029368877411,0.6145945191383362
1403900432204849156,negative,0.8764969706535339,0.418361097574234,1.2237619161605835
1403900432993247232,negative,1.0846970081329346,-0.37371885776519775,1.9586161375045776
1403900433374973954,neutral,1.4783040285110474,-0.06829572468996048,1.253905177116394
1403900435212029955,neutral,1.538682222366333,0.06491966545581818,1.0098135471343994
1403900437258936320,negative,0.9117292761802673,0.3137030005455017,1.3016350269317627
1403900438282309638,positive,1.7747061252593994,3.4235785007476807,-0.5406715869903564
1403900438403899393,negative,1.5005093812942505,-0.9082848429679871,2.5536534786224365
1403900439884566528,negative,1.2493667602539062,-1.0958806276321411,2.5084054470062256
1403900442283810816,positive,0.776153028011322,1.8882737159729004,-0.18173916637897491
1403900443621617667,negative,1.3332819938659668,-1.0537512302398682,2.4585816860198975
1403900443659575297,negative,0.6027777791023254,-0.9132129549980164,3.185401201248169
1403900444808826884,neutral,1.2079204320907593,0.6274723410606384,0.6209599375724792
1403900445001588737,negative,1.0809239149093628,-0.6972923278808594,3.2186644077301025
1403900445165166594,neutral,2.8269169330596924,0.8289393782615662,0.08943112939596176
1403900445907730433,negative,0.7328633069992065,0.473151296377182,1.2935470342636108
1403900447136665601,neutral,1.9067744016647339,0.6513543128967285,0.7254709601402283
1403900447430254597,negative,1.0756226778030396,-0.5833529233932495,1.5381050109863281
1403900447602139137,negative,0.41125333309173584,0.39060741662979126,1.592193603515625
1403900447723855872,neutral,1.6855746507644653,0.37137287855148315,0.37932196259498596
1403900449095356421,positive,0.5401842594146729,4.696079254150391,-0.5183430910110474
1403900450961821699,negative,1.174819827079773,0.8920416235923767,1.420963168144226
1403900451053924352,neutral,1.222633957862854,0.30501750111579895,1.2190285921096802
1403900453666975746,negative,1.483538269996643,0.5047315359115601,1.503318190574646
1403900454216421379,neutral,1.7310503721237183,0.5471149682998657,0.48402899503707886
1403900454757601282,negative,0.6062337756156921,-0.915119469165802,3.275493860244751
1403900455147773959,negative,1.4146403074264526,-1.245015025138855,3.0691115856170654
1403900455768399873,negative,1.5462321043014526,-0.9039551615715027,1.9369906187057495
1403900456506642432,neutral,1.534739375114441,0.26019641757011414,0.7126771807670593
1403900457555087368,negative,1.3783894777297974,0.08099628984928131,1.7644765377044678
1403900457974648832,neutral,1.632338047027588,0.16203762590885162,0.9652668237686157
1403900457995497473,neutral,1.5785430669784546,0.7539463639259338,0.44824978709220886
1403900458792493061,neutral,2.126412868499756,-0.8504927754402161,1.3406469821929932
1403900459023167493,neutral,2.1617162227630615,-1.0657998323440552,2.0157406330108643
1403900459463630850,neutral,1.615647792816162,1.003430724143982,0.9610843062400818
1403900460273131521,neutral,1.5082857608795166,1.2284060716629028,0.25863173604011536
1403900462118678530,neutral,1.7757548093795776,0.414730429649353,0.7451025247573853
1403900463670517761,negative,1.2481472492218018,0.07056550681591034,1.4612354040145874
1403900464270249985,neutral,1.5445455312728882,-0.579765796661377,1.5390461683273315
1403900465910366208,negative,1.153624176979065,-0.8062588572502136,1.9503580331802368
1403900466480693249,negative,1.28227961063385,-0.3654276728630066,1.457785964012146
1403900466568826880,negative,1.07614004611969,0.5919486880302429,1.343766689300537
1403900467810344961,neutral,1.2891747951507568,0.2837974429130554,0.6424705982208252
1403900470049992710,negative,0.9780736565589905,-0.768715500831604,3.03196382522583
1403900470729445386,negative,1.273600697517395,-0.35910308361053467,1.7454376220703125
1403900472512028674,neutral,2.162228584289551,0.576991081237793,-0.11763014644384384
1403900472562438144,neutral,1.5985980033874512,-0.7025387287139893,1.2886409759521484
1403900473011277827,neutral,1.8709139823913574,0.7854757905006409,0.30547595024108887
1403900473321693184,neutral,1.0988622903823853,0.8894592523574829,0.07614250481128693
1403900474437160966,neutral,1.2100073099136353,0.8485797047615051,0.6398364901542664
1403900479310950410,positive,1.4308911561965942,4.685994625091553,-0.8334707021713257
1403900479642292226,positive,1.0158841609954834,4.303255558013916,-1.2589768171310425
1403900480787390467,neutral,2.056999921798706,2.037562131881714,-0.47288137674331665
1403900481781567489,neutral,2.2204482555389404,0.13071826100349426,0.8719273805618286
1403900482007957511,neutral,2.6493310928344727,0.7475528120994568,-0.09804593771696091
1403900482486259721,negative,0.9678612351417542,0.25974079966545105,1.3271536827087402
1403900483333283841,negative,1.2666749954223633,-0.2910664677619934,1.7661339044570923
1403900483610320896,neutral,1.4649988412857056,0.9769552946090698,-0.03258540481328964
1403900485166256128,neutral,1.135025978088379,0.12030690908432007,0.5576487183570862
1403900485896126464,neutral,2.3061580657958984,0.5227155089378357,0.32168158888816833
1403900485912854529,negative,0.49086126685142517,0.20052076876163483,2.2694363594055176
1403900485946511364,neutral,1.7778606414794922,0.9227115511894226,0.31642696261405945
1403900486021836801,negative,1.1928852796554565,-0.24039021134376526,1.4821234941482544
1403900486756057092,neutral,1.615647792816162,1.003430724143982,0.9610843062400818
1403900486995132421,neutral,1.615647792816162,1.003430724143982,0.9610843062400818
1403900490446905347,positive,1.33714759349823,1.8659026622772217,-0.3326311409473419
1403900491176845313,negative,0.9841961860656738,-0.9031688570976257,1.9709937572479248
1403900492535771137,negative,1.2388352155685425,-0.42875900864601135,1.5322213172912598
1403900493047353344,negative,1.1196366548538208,-0.5616280436515808,2.6224238872528076
1403900493328310273,negative,1.054574728012085,-0.51563960313797,1.2932757139205933
1403900495513669634,negative,1.0398871898651123,0.12610015273094177,1.8246192932128906
1403900495719141383,neutral,1.3424732685089111,0.4611901342868805,0.7438187003135681
1403900495807217664,neutral,2.8269169330596924,0.8289393782615662,0.08943112939596176
1403900495916195841,neutral,1.4592134952545166,0.5933533906936646,0.513079047203064
1403900496503398404,neutral,1.845842719078064,1.7081527709960938,-0.18807530403137207
1403900496910290946,positive,2.2432477474212646,2.263446807861328,-0.4768962264060974
1403900496914485250,neutral,3.2358505725860596,1.8963189125061035,-0.9606783390045166
1403900497224900609,neutral,1.3590164184570312,-0.12397143989801407,0.8757856488227844
1403900499284271106,negative,0.8364876508712769,-0.3031942546367645,1.3853009939193726
1403900499728949251,negative,1.1076667308807373,-0.6830645203590393,1.9210985898971558
1403900500349698052,neutral,2.506451368331909,1.4469834566116333,-0.5270968675613403
1403900500957933569,neutral,1.7533273696899414,0.6947687268257141,-0.10570207983255386
1403900501062729732,neutral,2.4512839317321777,0.6896775364875793,0.4934670031070709
1403900502287413250,positive,2.2041516304016113,2.9092211723327637,-0.6099855899810791
1403900504552448003,neutral,1.6929905414581299,-0.0960155501961708,1.3863515853881836
1403900505001283585,neutral,1.5977998971939087,0.07402770221233368,0.7179110646247864
1403900505097707522,neutral,1.990781545639038,-0.2908521294593811,0.9143689870834351
1403900505688969217,positive,0.40691810846328735,1.292568325996399,0.9703834056854248
1403900507421249538,negative,1.0406743288040161,0.0220399871468544,1.0620702505111694
1403900508125884423,negative,1.1938098669052124,-0.7673777341842651,2.361984968185425
1403900508667056131,negative,0.9864599704742432,-0.5773410797119141,1.4517544507980347
1403900510017576961,positive,0.7932546734809875,1.4899779558181763,0.7298988699913025
1403900510596259844,neutral,2.6163887977600098,1.794862985610962,-0.3423825204372406
1403900511963648002,positive,2.2271289825439453,3.158660650253296,-1.0253105163574219
1403900514115276810,neutral,1.3590164184570312,-0.12397143989801407,0.8757856488227844
1403900514157404160,neutral,1.7424707412719727,-0.48000189661979675,1.2558344602584839
1403900514304094210,negative,1.577073574066162,-0.900102436542511,2.19911789894104
1403900515595870209,positive,0.8689350485801697,2.167180061340332,0.3099533021450043
1403900516028067843,positive,0.6147606372833252,3.138566255569458,-0.5300641655921936
1403900516065759232,neutral,1.7514945268630981,0.48535025119781494,1.3682184219360352
1403900517625913346,negative,0.4564964473247528,-0.8170602321624756,3.7533466815948486
1403900518099865601,neutral,1.6855746507644653,0.3713728189468384,0.37932199239730835
1403900519333072900,negative,1.3783894777297974,0.08099628984928131,1.7644765377044678
1403900519475597324,negative,1.075591802597046,-0.8373120427131653,2.8852994441986084
1403900519807033346,negative,0.8941777348518372,-0.07970986515283585,2.496431827545166
1403900520742404096,neutral,2.212160348892212,-0.03133857250213623,0.8980836868286133
1403900522537492482,neutral,1.3590164184570312,-0.12397145479917526,0.8757857084274292
1403900522675904512,neutral,2.1617162227630615,-1.0657998323440552,2.0157406330108643
1403900525217652741,neutral,1.9976414442062378,-0.17705020308494568,0.7811253666877747
1403900525297426439,negative,1.4332302808761597,-0.7003608345985413,1.9421576261520386
1403900525385502721,negative,1.1353546380996704,-0.2905583679676056,1.2604364156723022
1403900525926510594,negative,1.3336836099624634,-0.6706563234329224,1.3462947607040405
1403900526505332736,neutral,3.530146598815918,1.6300078630447388,-1.0650413036346436
1403900527163891713,neutral,2.534738063812256,1.1464186906814575,-0.15191689133644104
1403900527860240385,neutral,2.234332799911499,0.5764690041542053,-0.08703844994306564
1403900528967372804,neutral,1.4928282499313354,-0.30695465207099915,0.8889321088790894
1403900529114189827,negative,0.6439996957778931,-1.2103722095489502,3.6401171684265137
1403900529764454403,negative,1.0756226778030396,-0.5833529233932495,1.5381050109863281
1403900530183770119,negative,0.5666109323501587,-0.869540810585022,3.228283166885376
1403900532578832385,negative,1.1085838079452515,-0.47857633233070374,1.881900429725647
1403900532788535302,negative,0.4564964473247528,-0.8170602321624756,3.7533466815948486
1403900533081923586,negative,0.8007264137268066,-0.009270206093788147,1.5764753818511963
1403900534235480070,neutral,1.8269214630126953,0.17273613810539246,-0.48557132482528687
1403900534541611009,negative,1.054574728012085,-0.51563960313797,1.2932757139205933
1403900534587682816,negative,1.3070192337036133,-1.301767349243164,3.411505699157715
1403900534910820352,neutral,2.190248489379883,0.5042089819908142,0.2812374234199524
1403900535091040259,negative,0.8861759901046753,-0.14068344235420227,1.6760857105255127
1403900537121251339,neutral,1.2100073099136353,0.8485796451568604,0.6398364901542664
1403900537716756486,negative,1.2577691078186035,-0.4461953938007355,1.6205174922943115
1403900537913987073,negative,0.9362647533416748,-0.4021439850330353,1.7582542896270752
1403900538534744067,negative,1.477853775024414,-0.8342931866645813,2.2221248149871826
1403900539390341121,neutral,1.4926707744598389,0.23041853308677673,0.6990033984184265
1403900540053041160,neutral,2.506451368331909,1.4469835758209229,-0.5270968675613403
1403900540745093122,negative,1.0406744480133057,0.022040024399757385,1.062070369720459
1403900540984041472,neutral,2.0527822971343994,0.23196014761924744,0.3814662992954254
1403900542804447234,negative,0.15628035366535187,0.9335411787033081,1.0459200143814087
1403900542909308933,neutral,2.023195266723633,1.563053011894226,0.24726037681102753
1403900542988873728,neutral,1.6910697221755981,0.17528009414672852,0.3292265236377716
1403900543924269058,neutral,1.5445455312728882,-0.579765796661377,1.5390461683273315
1403900544691818500,neutral,1.1335338354110718,0.8418934941291809,-0.39055487513542175
1403900545929256960,negative,0.18644829094409943,-0.37550580501556396,2.4209961891174316
1403900546033938433,neutral,1.365983247756958,-0.02624877542257309,1.3223857879638672
1403900546776449025,neutral,1.4049676656723022,0.8947128057479858,0.3845369219779968
1403900547271376897,neutral,1.1707276105880737,0.9223901033401489,0.5591713190078735
1403900547560886272,negative,1.424808144569397,-0.6118046641349792,1.8484101295471191
1403900549070733314,positive,0.7864758372306824,1.8566771745681763,0.1005072072148323
1403900549305618439,neutral,2.506451368331909,1.4469835758209229,-0.5270968675613403
1403900550261870593,neutral,1.2093247175216675,0.5985219478607178,1.1609218120574951
1403900551541235714,negative,0.8794959783554077,0.5485659241676331,1.4746369123458862
1403900554460368897,positive,2.2271289825439453,3.158660650253296,-1.0253105163574219
1403900555429171201,positive,1.9317922592163086,2.1898281574249268,-0.14669515192508698
1403900555773231107,positive,2.4642443656921387,2.64068341255188,-0.940278947353363
1403900557312421894,negative,1.3783894777297974,0.08099628984928131,1.7644765377044678
1403900557774016512,negative,0.7980185151100159,0.21066130697727203,2.113638401031494
1403900558923079690,neutral,0.9298169612884521,0.585693359375,0.5645198225975037
1403900560466608129,positive,2.030937910079956,2.3361940383911133,-0.6745332479476929
1403900561674498061,negative,1.035300850868225,-0.12515753507614136,1.3637293577194214
1403900561947344905,negative,0.7660762071609497,-0.02737376093864441,1.649476408958435
1403900562375163904,negative,0.6916752457618713,-0.7419725656509399,1.9334461688995361
1403900562953883652,neutral,1.965971827507019,0.3703058660030365,0.4774652123451233
1403900563792744459,negative,1.1107202768325806,-0.7188388109207153,2.1831912994384766
1403900565629898755,positive,1.0545659065246582,1.2654296159744263,-0.05102834105491638
1403900568041443330,neutral,1.2571829557418823,0.4728550314903259,1.0576215982437134
1403900568553222148,neutral,1.4124109745025635,0.4456269443035126,0.5406774878501892
1403900569324953602,neutral,3.530146598815918,1.6300078630447388,-1.0650413036346436
1403900571187302409,neutral,2.0234153270721436,0.3905943036079407,0.24557125568389893
1403900572911112192,positive,1.213778018951416,1.5583857297897339,-0.11843546479940414
1403900573288701955,negative,1.0156946182250977,-0.29350385069847107,1.7915040254592896
1403900573489844227,neutral,1.615647792816162,1.003430724143982,0.9610843062400818
1403900573515198464,negative,1.1275593042373657,-1.5032473802566528,4.186925888061523
1403900574295375875,negative,1.501757264137268,-0.1507776975631714,1.8096762895584106
1403900575767404554,negative,1.1601614952087402,-0.8452936410903931,1.9060648679733276
1403900576442765314,negative,0.8068007826805115,0.13519780337810516,1.1984984874725342
1403900576535089155,neutral,1.862194538116455,-0.30246180295944214,0.5359640717506409
1403900577160085513,neutral,1.6004142761230469,0.8650837540626526,-0.3360368013381958
1403900578355466242,positive,2.5300233364105225,3.3575637340545654,-1.433122992515564
1403900578619609088,neutral,1.778055191040039,-0.32790812849998474,0.8943875432014465
1403900580511191046,positive,1.1178487539291382,3.4618935585021973,-0.47088611125946045
1403900582276976640,neutral,1.9403049945831299,-0.6860625743865967,0.965177595615387
1403900582704816139,positive,1.2623380422592163,2.274320602416992,-0.3273114860057831
1403900587129724933,neutral,1.6855746507644653,0.37137287855148315,0.37932196259498596
1403900587335327750,negative,1.2010713815689087,-0.9855952858924866,2.6128945350646973
1403900588685881344,negative,1.1265374422073364,0.25083765387535095,1.4782252311706543
1403900590430863365,negative,0.7055714726448059,-0.6770668029785156,2.8967885971069336
1403900590510338049,negative,1.2272831201553345,-0.709639847278595,2.03448748588562
1403900591663828994,negative,1.3134132623672485,-0.5762357115745544,1.6616077423095703
1403900593203261444,negative,1.6007444858551025,-1.2062618732452393,3.0223493576049805
1403900593857458178,neutral,2.1832115650177,1.3436704874038696,-0.046759121119976044
1403900594155311104,neutral,2.036546230316162,-0.2965857684612274,1.1426016092300415
1403900595136827393,negative,1.2776106595993042,-0.48079511523246765,1.4579323530197144
1403900596302667776,negative,0.24685150384902954,-0.5161224603652954,3.5424253940582275
1403900596328009729,negative,1.6300997734069824,-1.1651185750961304,2.5472285747528076
1403900596688756739,negative,1.0511916875839233,0.04471825435757637,1.9026671648025513
1403900596797722627,neutral,1.8759790658950806,-0.4019628167152405,1.313067078590393
1403900597841981442,positive,3.2106916904449463,7.8195905685424805,-2.652643918991089
1403900598089490433,negative,0.7525504231452942,0.12129709869623184,2.0611624717712402
1403900598701809664,negative,1.0287814140319824,-0.3138127624988556,2.109252452850342
1403900599054192642,negative,0.6161379218101501,-1.0648545026779175,3.1989572048187256
1403900600522207234,neutral,1.4518338441848755,-0.22921863198280334,1.1381703615188599
1403900601059131397,negative,0.8323348164558411,0.08698143810033798,1.295982837677002
1403900601981882375,neutral,1.5449390411376953,0.9662930965423584,0.23204661905765533
1403900604825497600,positive,1.8796228170394897,2.0423743724823,-0.44462186098098755
1403900605467402249,neutral,2.174535036087036,1.3997958898544312,-0.18876869976520538
1403900605484081152,neutral,1.9008303880691528,0.24684539437294006,0.5518280267715454
1403900605739982848,neutral,1.260732650756836,-0.26950910687446594,1.177773118019104
1403900606096371720,negative,0.8066068291664124,-1.0158262252807617,3.329934597015381
1403900606721314821,neutral,2.2246692180633545,-0.07018636912107468,0.960029661655426
1403900607790997506,negative,0.8323348164558411,0.08698143810033798,1.295982837677002
1403900607958818817,negative,1.0868679285049438,-0.6955550312995911,2.222107410430908
1403900608315199491,neutral,1.6855746507644653,0.37137287855148315,0.37932196259498596
1403900608478863360,negative,0.877862274646759,0.24720993638038635,1.3028074502944946
1403900608671883265,positive,2.694953441619873,2.725647449493408,-0.7020480036735535
1403900608784977925,negative,1.5245729684829712,-0.6496698260307312,1.7882366180419922
1403900608835244033,neutral,3.530146598815918,1.6300078630447388,-1.0650413036346436
1403900609237970952,neutral,1.547383189201355,1.1066056489944458,0.38655489683151245
1403900610735337472,negative,1.062785029411316,-0.004294149577617645,1.7522209882736206
1403900611137925120,neutral,2.544182777404785,0.9419623017311096,-0.4626738131046295
1403900611360342020,negative,0.7838588356971741,-0.8143433928489685,2.5138864517211914
1403900611850956800,neutral,1.2885048389434814,0.4984723627567291,0.12033110857009888
1403900612278956034,negative,1.224915862083435,-0.9688088297843933,2.2292375564575195
1403900612312539137,positive,1.5577601194381714,2.2179980278015137,-0.601135790348053
1403900613654716422,negative,1.8056941032409668,-0.9287742376327515,1.8879928588867188
1403900614006956032,neutral,1.6158447265625,0.6133872866630554,0.4675910472869873
1403900615751835648,neutral,1.5675137042999268,0.5805822014808655,0.5407738089561462
1403900616829636608,neutral,1.0928045511245728,0.3101691007614136,0.8269418478012085
1403900617312112641,positive,0.9865089058876038,3.157945394515991,-0.3174523711204529
1403900617412648968,negative,1.3870872259140015,0.04469829052686691,1.6249985694885254
1403900617689501703,neutral,1.5784740447998047,-0.6647502779960632,1.3512588739395142
1403900620331880449,neutral,2.9143402576446533,1.9502036571502686,-1.3686994314193726
1403900622361989123,neutral,2.5357604026794434,1.2096383571624756,-0.05182406306266785
1403900622936608769,negative,1.912995457649231,-0.3594072163105011,1.9464448690414429
1403900623289032710,negative,1.054574728012085,-0.51563960313797,1.2932757139205933
1403900623658029061,neutral,1.2462687492370605,0.4958501160144806,0.3584810197353363
1403900623720964096,neutral,1.8784221410751343,-0.2360021471977234,1.0522931814193726
1403900623729401858,positive,1.0564757585525513,1.4444172382354736,0.171746626496315
1403900624043864064,neutral,1.5382452011108398,0.9791359305381775,-0.015027372166514397
1403900625427996675,negative,0.6439996957778931,-1.2103720903396606,3.6401169300079346
1403900626233442306,negative,1.185893177986145,0.31259986758232117,1.6289738416671753
1403900626975608833,neutral,1.6855746507644653,0.37137287855148315,0.37932196259498596
1403900628158619649,neutral,1.9817804098129272,0.2770686745643616,0.38155797123908997
1403900628217249794,neutral,2.212160348892212,-0.03133857250213623,0.8980836868286133
1403900629089546240,neutral,3.530146598815918,1.6300078630447388,-1.0650413036346436
1403900629228015621,positive,2.2432477474212646,2.263446807861328,-0.4768962264060974
1403900629513240580,negative,1.0517516136169434,-0.19065594673156738,1.3714473247528076
1403900629576204292,negative,1.2416433095932007,-0.28773337602615356,1.3737434148788452
1403900631597862921,neutral,0.9059125781059265,0.6608356237411499,0.9058862924575806
1403900631664975872,negative,1.0943721532821655,-0.3401532769203186,1.85738205909729
1403900632033939459,negative,0.8416186571121216,0.007380753755569458,1.640495777130127
1403900632633798656,positive,0.9020196795463562,4.023500919342041,-0.700700044631958
1403900632751214595,neutral,2.152703285217285,0.3163720965385437,0.527997612953186
1403900633011298308,positive,1.2010530233383179,1.9144916534423828,-0.1653115153312683
1403900633162391554,negative,1.6007444858551025,-1.2062618732452393,3.0223493576049805
1403900633271324675,negative,1.1127458810806274,-1.1112534999847412,2.7845842838287354
1403900633288151041,negative,0.35618847608566284,-1.216117262840271,3.881765127182007
1403900633413992448,negative,0.8251056671142578,-0.6072796583175659,1.1847912073135376
1403900634093473797,negative,0.534855306148529,-0.8909215927124023,2.731860399246216
1403900634101735434,negative,1.2567676305770874,-0.9491602778434753,2.2530083656311035
1403900634177306633,positive,2.5628726482391357,3.6190991401672363,-1.2437493801116943
1403900634345230339,neutral,1.7626190185546875,0.13765156269073486,1.3191444873809814
1403900636157026305,negative,0.5887587070465088,-0.24773681163787842,1.71652090549469
1403900636891017216,negative,1.2436206340789795,-0.15254783630371094,1.5551756620407104
1403900637578940417,neutral,1.3368159532546997,0.7562187314033508,0.9118759632110596
1403900637784383488,neutral,2.152909278869629,-0.19312861561775208,1.3274226188659668
1403900637880926209,neutral,1.657442569732666,0.4727362394332886,0.0781305655837059
1403900638035992579,positive,2.0045464038848877,2.1644723415374756,-0.5932437181472778
1403900639998922753,positive,0.5365338921546936,0.9595308303833008,-0.14181014895439148
1403900640279941125,neutral,2.1832115650177,1.3436704874038696,-0.046759121119976044
1403900641039327233,negative,0.7055714726448059,-0.6770668029785156,2.8967885971069336
1403900641836208133,positive,1.5646958351135254,2.0517051219940186,0.6434214115142822
1403900642066939906,negative,1.255380392074585,-0.3839629292488098,1.6946284770965576
1403900643383840768,positive,1.5937443971633911,1.8328062295913696,-0.06595923751592636
1403900643828449288,neutral,2.1785802841186523,0.07211969047784805,0.7192800641059875
1403900645158047744,neutral,1.7245500087738037,-0.3646344244480133,0.8563563823699951
1403900645527150600,negative,0.8569236993789673,0.0515676774084568,1.690922737121582
1403900646902751234,neutral,3.530146598815918,1.6300078630447388,-1.0650413036346436
1403900646940545026,negative,1.3129184246063232,-0.7249814867973328,2.5098702907562256
1403900647615787008,negative,1.1489448547363281,-0.6006700992584229,1.5728093385696411
1403900648056307712,neutral,0.7537654042243958,0.5698283910751343,0.6026296019554138
1403900648374951936,positive,1.6015903949737549,3.065235137939453,-0.7180132269859314
1403900649163591683,neutral,2.134505033493042,-0.5447365045547485,1.0128284692764282
1403900649994137600,neutral,1.325150966644287,0.565089225769043,0.5224729180335999
1403900650728005632,neutral,2.506451368331909,1.4469835758209229,-0.5270968675613403
1403900650937794562,negative,1.0196683406829834,-0.9322887063026428,2.327129602432251
1403900651587899399,negative,1.4023298025131226,0.02946082502603531,1.5161004066467285
1403900651642392576,negative,0.26594990491867065,0.3376214802265167,1.7531086206436157
1403900651961159685,neutral,1.9144980907440186,1.1054494380950928,-0.055954404175281525
1403900651965280257,neutral,1.5434285402297974,0.013656795024871826,1.1324200630187988
1403900654154825734,negative,1.1769659519195557,-0.7594332098960876,2.152117967605591
1403900655048273921,negative,0.9524680972099304,-0.9628779292106628,2.976520538330078
1403900655408848901,negative,1.3759413957595825,-0.2219698131084442,1.6242879629135132
1403900656080072706,neutral,1.2264735698699951,1.2208912372589111,0.2619902193546295
1403900656851865601,negative,0.7999525666236877,0.18870359659194946,1.635679006576538
1403900657703194632,neutral,2.0764341354370117,-0.18950042128562927,0.8216304779052734
1403900658919481349,negative,0.4333401918411255,-0.36374810338020325,2.1798558235168457
1403900659204866052,negative,1.6007444858551025,-1.2062618732452393,3.0223493576049805
1403900659871617028,negative,0.9630367159843445,-0.4998043477535248,2.1679837703704834
1403900660332957712,neutral,2.190248489379883,0.5042089819908142,0.2812374234199524
1403900660807053313,neutral,1.6855746507644653,0.37137287855148315,0.37932196259498596
1403900662086356994,neutral,1.5041035413742065,0.13431812822818756,0.09539566189050674
1403900662858067969,neutral,1.4151992797851562,1.0690116882324219,-0.5026647448539734
1403900663705210881,negative,0.7574877738952637,-0.6780732870101929,2.4161875247955322
1403900665055780871,negative,1.251084566116333,-0.6692695617675781,1.728593349456787
1403900665542234112,neutral,2.5587222576141357,2.407492160797119,-0.8723475337028503
1403900666565869568,negative,0.7055714726448059,-0.6770668029785156,2.8967885971069336
1403900666750418945,neutral,1.6077783107757568,0.005293034017086029,0.9944088459014893
1403900667371139079,neutral,1.4649516344070435,0.14234484732151031,0.7123848795890808
1403900667438108673,negative,1.0336499214172363,0.1805686056613922,1.511008381843567
1403900668214222848,negative,0.7055714726448059,-0.6770668029785156,2.8967885971069336
1403900668973256710,neutral,1.1269240379333496,-0.0016421005129814148,1.087990403175354
1403900669031903232,neutral,1.5833392143249512,0.3938925862312317,0.8823683261871338
1403900669174616065,negative,1.3637263774871826,-0.30399250984191895,1.5397183895111084
1403900669287976964,neutral,2.8217251300811768,0.025734856724739075,0.5355105996131897
1403900669463912450,negative,1.3783894777297974,0.08099628984928131,1.7644765377044678
1403900670734868486,positive,0.7292022705078125,1.2785956859588623,0.5473762154579163
1403900670873198595,negative,1.2766810655593872,-0.6316001415252686,1.744517207145691
1403900670986665985,negative,1.1297577619552612,-0.6284401416778564,1.7642889022827148
1403900672001544196,negative,1.3328379392623901,-1.1997718811035156,3.0109007358551025
1403900672496455686,negative,1.054574728012085,-0.51563960313797,1.2932757139205933
1403900672995647489,negative,1.4899942874908447,-1.1904056072235107,2.6518466472625732
1403900674878984193,negative,0.6225650310516357,-0.05815889686346054,2.0046019554138184
1403900679165341698,positive,1.9875612258911133,3.321629047393799,-0.7666159272193909
1403900680817893380,positive,1.1976343393325806,1.5370668172836304,-0.467598557472229
1403900682827091968,neutral,1.615647792816162,1.003430724143982,0.9610843062400818
1403900683196133381,neutral,1.657442569732666,0.4727361798286438,0.0781305581331253
1403900683254861834,negative,0.5413443446159363,1.438319444656372,1.5886809825897217
1403900685792387074,neutral,1.5013729333877563,0.5970029830932617,0.2424473613500595
1403900686526521349,neutral,1.3295849561691284,-0.3833894729614258,1.2990623712539673
1403900689739255810,negative,0.5331812500953674,-0.2686620056629181,1.6865005493164062
1403900691190489088,neutral,1.9531534910202026,0.19088208675384521,0.41912442445755005
1403900691760877574,neutral,1.2879942655563354,0.6079393625259399,0.7769249081611633
1403900691840749573,negative,0.9246939420700073,-0.48949113488197327,1.718904733657837
1403900693023444999,negative,0.7161487936973572,-1.121351718902588,3.397327184677124
1403900693619036164,negative,1.0287814140319824,-0.3138127624988556,2.109252452850342
1403900694122299392,positive,1.2638840675354004,3.3048181533813477,-0.8191039562225342
1403900694445191172,positive,1.1056170463562012,2.0917153358459473,0.21205811202526093
1403900694768209925,neutral,1.615647792816162,1.003430724143982,0.9610843062400818
1403900694915162116,positive,2.059271812438965,2.0620083808898926,-0.7013898491859436
1403900695917600769,neutral,1.724899411201477,-0.3869604468345642,0.9879164695739746
1403900696210984961,neutral,1.693066120147705,0.8624697327613831,0.06549517065286636
1403900697016516608,negative,1.1093711853027344,0.822860836982727,1.268606185913086
1403900697091796996,neutral,2.2744691371917725,-0.09855695813894272,0.5205491185188293
1403900699092598785,negative,1.0238580703735352,-0.6816105246543884,2.6686840057373047
1403900699457384453,negative,0.46374061703681946,-0.7835278511047363,3.5021772384643555
1403900699847520259,neutral,1.7491828203201294,0.9366989731788635,1.3457975387573242
1403900699981746184,negative,1.0883618593215942,-0.5602695345878601,1.920455813407898
1403900700116008964,neutral,1.7157366275787354,-0.2706358730792999,1.6064355373382568
1403900700170633220,negative,0.6072108149528503,-0.11362933367490768,1.4946577548980713
1403900702045450242,positive,0.49960750341415405,1.3502882719039917,0.36155733466148376
1403900702221504516,positive,2.2432477474212646,2.263446807861328,-0.4768962264060974
1403900704213725186,positive,0.717553973197937,1.423516035079956,0.30924031138420105
1403900704322842626,negative,1.3328378200531006,-1.1997720003128052,3.0109009742736816
1403900705484705797,negative,1.054574728012085,-0.51563960313797,1.2932757139205933
1403900706206228480,negative,0.7055714726448059,-0.6770668029785156,2.8967885971069336
1403900706348621828,neutral,2.2227835655212402,-0.004538320004940033,0.7710307836532593
1403900706436886528,neutral,1.941393494606018,0.08767255395650864,0.8637696504592896
1403900708659793924,neutral,2.7309489250183105,1.4933878183364868,-0.29708099365234375
1403900709393731587,negative,0.7660762071609497,-0.02737376093864441,1.649476408958435
1403900709414727684,negative,1.1638890504837036,-1.3724156618118286,3.4747188091278076
1403900709964234759,negative,1.1064367294311523,0.09300075471401215,1.8567475080490112
1403900710136082438,neutral,2.495155096054077,0.29344767332077026,0.5699952840805054
1403900710316437509,neutral,1.7113215923309326,0.19860945641994476,0.13476943969726562
1403900711033880584,neutral,1.3521608114242554,-0.21838688850402832,1.3474770784378052
1403900711444824067,negative,0.8884755969047546,-0.24920311570167542,1.1789817810058594
1403900714578030592,neutral,1.2400773763656616,0.850336492061615,0.11373044550418854
1403900714842308611,neutral,1.6855745315551758,0.37137287855148315,0.37932199239730835
1403900714997354498,positive,2.2432477474212646,2.263446807861328,-0.4768962264060974
1403900715186094082,neutral,1.615647792816162,1.003430724143982,0.9610843062400818
1403900716167614464,negative,0.8422883152961731,-1.1916776895523071,3.243880271911621
1403900716876500993,positive,0.8092227578163147,2.3626255989074707,-0.2200482338666916
1403900716977061893,negative,1.42825186252594,-1.1638981103897095,2.5680625438690186
1403900717082025984,neutral,1.3193233013153076,0.0846439078450203,1.0206371545791626
1403900717480386562,neutral,1.5608012676239014,1.2233023643493652,0.517329752445221
1403900717673238530,neutral,1.8331935405731201,0.44234368205070496,0.18562766909599304
1403900717816029193,negative,1.6403589248657227,-1.1810160875320435,2.5819807052612305
1403900721800560644,neutral,1.7117419242858887,-0.7719660401344299,1.2950797080993652
1403900723730001920,negative,1.3039451837539673,-0.30354735255241394,1.6012390851974487
1403900723956359169,neutral,2.4597203731536865,0.4879799783229828,0.4230387508869171
1403900724921184258,neutral,1.615647792816162,1.003430724143982,0.9610843062400818
1403900725936144386,neutral,1.2334034442901611,0.9329273700714111,0.26241910457611084
1403900730151346182,positive,0.8529335260391235,1.2892200946807861,0.08430269360542297
1403900730587688962,neutral,1.9976414442062378,-0.17705020308494568,0.7811254262924194
1403900732730875911,neutral,2.2379751205444336,0.557529091835022,0.4886320233345032
1403900732743602177,neutral,1.6855746507644653,0.37137287855148315,0.37932196259498596
1403900733364318211,negative,0.72593092918396,-0.5431443452835083,2.7930126190185547
1403900733494288386,negative,0.5049620270729065,0.9324030876159668,1.3395769596099854
1403900733666336773,positive,2.0022218227386475,2.0707929134368896,-0.5384122133255005
1403900735092236290,positive,1.2110958099365234,2.4123308658599854,-0.08349570631980896
1403900736128311297,positive,1.9125641584396362,2.1415112018585205,-0.1339377760887146
1403900736484876292,negative,1.0238580703735352,-0.6816105246543884,2.6686840057373047
1403900737520816133,negative,1.224915862083435,-0.9688088297843933,2.2292375564575195
1403900738124664836,negative,1.5884690284729004,-0.8223047852516174,1.9616094827651978
1403900743124410373,neutral,1.2736282348632812,1.1877758502960205,0.6343029737472534
1403900743585878019,positive,0.5710767507553101,0.851206362247467,-0.22478608787059784
1403900744386875397,neutral,3.049894332885742,1.0320205688476562,-0.6442584991455078
1403900744407732224,negative,1.3783894777297974,0.08099628984928131,1.7644765377044678
1403900744563036165,neutral,1.4370927810668945,0.7513202428817749,0.5440987944602966
1403900744844075010,neutral,2.0978312492370605,-0.38644132018089294,1.1856201887130737
1403900746035347459,neutral,1.615647792816162,1.003430724143982,0.9610843062400818
1403900746236502020,neutral,1.6855746507644653,0.37137287855148315,0.37932196259498596
1403900747624992768,negative,0.6776685118675232,-0.290224552154541,2.1096630096435547
1403900747964502019,neutral,1.2603317499160767,0.28980717062950134,0.5625826716423035
1403900748031610880,positive,2.5051915645599365,5.675439834594727,-2.0888779163360596
1403900748451221508,negative,0.8042431473731995,-0.6029182076454163,1.793745517730713
1403900751508914180,neutral,1.0580285787582397,0.18924349546432495,0.9417398571968079
1403900752989331469,neutral,1.6855747699737549,0.37137287855148315,0.3793219327926636
1403900753777815558,negative,0.09050899744033813,0.23750543594360352,1.643541932106018
1403900754339909633,negative,1.3068445920944214,-0.6627794504165649,2.7550642490386963
1403900755229224962,neutral,1.2571829557418823,0.4728550314903259,1.0576215982437134
1403900755396894724,negative,0.9384162425994873,-0.8424216508865356,2.8783247470855713
1403900755703173122,negative,0.658900260925293,-0.25147557258605957,1.9785405397415161
1403900755745021956,neutral,0.8850885033607483,0.5181427597999573,0.1632295697927475
1403900755854102529,neutral,2.1617162227630615,-1.0657998323440552,2.0157406330108643
1403900756252512256,negative,1.3783894777297974,0.08099628984928131,1.7644765377044678
1403900756982259713,neutral,1.7984577417373657,0.15247279405593872,1.7248896360397339
1403900757263347714,neutral,2.2551021575927734,1.1734057664871216,-0.7985142469406128
1403900758647521287,positive,1.3248226642608643,3.3609321117401123,-0.7989391088485718
1403900760685875204,neutral,1.3917323350906372,0.13962747156620026,0.8812433481216431
1403900761537396743,negative,1.2763181924819946,-0.10686006397008896,1.6550294160842896
1403900761566638085,neutral,1.5378106832504272,0.39613795280456543,-0.2888587713241577
1403900762384523265,negative,1.600744605064392,-1.2062617540359497,3.0223493576049805
1403900763076657165,negative,1.4715909957885742,-0.3720971643924713,1.8013746738433838
1403900764490145793,neutral,1.62751042842865,-0.21611136198043823,1.1562418937683105
1403900764897136641,neutral,1.9350473880767822,-0.47720393538475037,0.9684426784515381
1403900766176296963,positive,0.897498607635498,2.4128072261810303,-0.05196225643157959
1403900766960640004,neutral,2.162400722503662,0.26921334862709045,0.3234471380710602
1403900767057047558,positive,0.7929136157035828,2.8678908348083496,-0.5004695653915405
1403900767069556738,neutral,1.2885048389434814,0.4984723627567291,0.12033110857009888
1403900767988183041,negative,0.7449336647987366,0.22729697823524475,1.3791594505310059
1403900770315997191,negative,1.0746855735778809,-0.8291845917701721,3.073885917663574
1403900770395828226,negative,0.5049620270729065,0.9324030876159668,1.3395769596099854
1403900771763163138,neutral,1.4340540170669556,-0.158622145652771,1.3099592924118042
1403900772069167105,neutral,1.836065411567688,0.20313549041748047,1.2563188076019287
1403900772731920395,neutral,1.8770081996917725,0.33885934948921204,0.6047605872154236
1403900774497804288,neutral,1.5128792524337769,-0.0026875585317611694,1.33573317527771
1403900774678073350,neutral,1.313872218132019,-0.12326135486364365,0.9893010854721069
1403900775567224833,neutral,3.2358505725860596,1.8963189125061035,-0.9606783390045166
1403900778360840196,neutral,1.4737322330474854,-0.34799253940582275,1.1945853233337402
1403900779379965953,negative,0.5049620270729065,0.9324030876159668,1.3395769596099854
1403900779493212161,neutral,1.867405891418457,-0.18611425161361694,0.9345631003379822
1403900781007282184,negative,1.6073439121246338,-0.142275869846344,1.730737566947937
1403900781015695361,neutral,1.5445455312728882,-0.579765796661377,1.5390461683273315
1403900781657350146,neutral,1.8777515888214111,0.06541211903095245,1.7028350830078125
1403900782689230849,positive,0.717553973197937,1.423516035079956,0.30924031138420105
1403900784509702152,negative,1.054574728012085,-0.51563960313797,1.2932757139205933
1403900784622903297,neutral,1.3582985401153564,-0.06195395439863205,0.9983404278755188
1403900784702418945,negative,0.7838587760925293,-0.8143433332443237,2.5138864517211914
1403900785029783552,neutral,2.0531721115112305,0.8444894552230835,-0.1407889723777771
1403900785650331650,negative,0.4622892737388611,-0.053961120545864105,1.4755146503448486
1403900787869237251,neutral,1.6855746507644653,0.37137287855148315,0.37932196259498596
1403900788020158465,neutral,1.2885048389434814,0.4984723627567291,0.12033110857009888
1403900789110710273,negative,0.7055714726448059,-0.6770668029785156,2.8967885971069336
1403900789307940866,negative,1.3518999814987183,-0.5088268518447876,1.442679524421692
1403900790180249605,neutral,2.2607357501983643,0.528856635093689,1.0234912633895874
1403900791375626241,negative,0.7745863795280457,0.45018693804740906,0.8033372759819031
1403900792025796613,positive,1.94089937210083,3.7028722763061523,-0.9960962533950806
1403900792420155394,neutral,1.1882202625274658,0.011832818388938904,0.3466101884841919
1403900792684171266,neutral,1.7894618511199951,1.4974339008331299,-0.35472017526626587
1403900792852123654,negative,1.1085838079452515,-0.47857633233070374,1.881900429725647
1403900793074319361,neutral,1.6855746507644653,0.37137287855148315,0.37932196259498596
1403900793271427073,neutral,2.429151773452759,1.0867300033569336,-0.5370827913284302
1403900794148065283,neutral,1.6303634643554688,0.7085400819778442,0.442894846200943
1403900794764775426,negative,0.7745863795280457,0.45018693804740906,0.8033372759819031
1403900795502931973,negative,0.02844185195863247,0.05879195034503937,0.9265865087509155
1403900795997802504,neutral,1.0862016677856445,0.7713400721549988,0.20842969417572021
1403900796257906688,neutral,1.9554355144500732,0.24206146597862244,0.945985734462738
1403900796551368704,neutral,1.2323832511901855,-0.2941426634788513,1.1886245012283325
1403900797071495170,neutral,2.644895315170288,1.4644911289215088,-0.3970116674900055
1403900797717417993,neutral,1.836551547050476,0.10683610290288925,0.7296751737594604
1403900797784526850,negative,1.0250176191329956,-0.3509615361690521,2.0074574947357178
1403900799009308677,neutral,2.6651854515075684,1.703659176826477,-0.4244484007358551
1403900799701430274,negative,1.1920312643051147,-0.5556174516677856,2.0830323696136475
1403900800057942021,negative,0.9556258916854858,-0.01323091983795166,1.6918429136276245
1403900800082997255,negative,0.5968278646469116,-0.24399617314338684,2.2650094032287598
1403900800787697666,neutral,2.7844157218933105,1.6646614074707031,-0.18134921789169312
1403900800791842818,positive,2.2271289825439453,3.158660650253296,-1.0253105163574219
1403900802154995714,neutral,2.8217251300811768,0.025734856724739075,0.5355105996131897
1403900802184486913,negative,0.5354512929916382,-0.4981935918331146,2.489889621734619
1403900803144773635,neutral,1.2818087339401245,0.7018119096755981,0.9306322336196899
1403900804176695297,negative,1.1353546380996704,-0.2905583679676056,1.2604364156723022
1403900804554182657,negative,1.4314415454864502,-1.048387885093689,2.3978028297424316
1403900804709244930,negative,1.2558664083480835,-0.5228651165962219,1.6835846900939941
1403900805644705795,neutral,2.260634660720825,1.0462607145309448,0.05592586100101471
1403900807272148992,negative,0.9902871251106262,-0.11105991154909134,1.4761396646499634
1403900807871873026,neutral,1.2531689405441284,-0.20465338230133057,1.080417275428772
1403900809096560640,positive,2.2432477474212646,2.263446807861328,-0.4768962264060974
1403900809163640832,neutral,1.8112528324127197,-0.6191983819007874,1.5212045907974243
1403900809503334403,neutral,1.5736687183380127,-0.7785890698432922,1.4707820415496826
1403900810451423232,neutral,1.7181288003921509,-0.22501114010810852,1.1978658437728882
1403900810472402944,neutral,1.4286938905715942,1.0924447774887085,-0.09514938294887543
1403900810522628100,negative,1.1256650686264038,-0.6765309572219849,1.9233109951019287
1403900810862370819,neutral,2.3198838233947754,0.5437228083610535,0.3381253182888031
1403900811483095043,neutral,1.4344816207885742,0.9611025452613831,0.6049570441246033
1403900811483172866,neutral,1.684768795967102,0.5813131928443909,0.8447981476783752
1403900811982245893,neutral,1.539772629737854,1.258256196975708,0.06891088932752609
1403900812120702981,neutral,1.4540811777114868,0.45352327823638916,1.13368821144104
1403900812259037192,negative,0.974973738193512,-1.1543489694595337,2.812946319580078
1403900812535992322,negative,0.6161379218101501,-1.0648545026779175,3.1989572048187256
1403900812716220419,positive,2.2271289825439453,3.158660650253296,-1.0253105163574219
1403900813496487938,neutral,1.2178974151611328,0.9596769213676453,-0.5503054857254028
1403900814297546758,neutral,3.535982370376587,1.1065489053726196,-0.6200472712516785
1403900814398308360,negative,0.5049620270729065,0.9324030876159668,1.3395769596099854
1403900814595268615,neutral,1.8285510540008545,0.4257022440433502,0.6387444734573364
1403900815245463553,neutral,1.6855746507644653,0.37137287855148315,0.37932196259498596
1403900815610421258,negative,0.928597092628479,-0.8074866533279419,1.9957102537155151
1403900816600166407,neutral,1.9366716146469116,0.7979534864425659,-0.16427689790725708
1403900816923168769,neutral,2.024104595184326,0.1275067925453186,0.4720800220966339
1403900817862651905,positive,0.9860060214996338,1.9351627826690674,0.27541548013687134
1403900819276189699,neutral,2.0815517902374268,1.2889834642410278,-0.32356444001197815
1403900821310476288,neutral,0.9730086922645569,0.3239096403121948,0.6917898654937744
1403900821633343489,neutral,1.3231112957000732,0.36183249950408936,0.4220631420612335
1403900822547746818,neutral,1.6855746507644653,0.37137287855148315,0.37932196259498596
1403900823785050116,negative,0.534855306148529,-0.8909215927124023,2.731860399246216
1403900824531705857,neutral,1.5624550580978394,1.4496673345565796,-0.5019634366035461
1403900825370431489,negative,1.307210922241211,-0.6143101453781128,2.0792057514190674
1403900825378824198,neutral,1.6077783107757568,0.005293078720569611,0.994408905506134
1403900825454346242,negative,1.583516001701355,-1.123000144958496,2.8384244441986084
1403900825492152323,neutral,1.6855746507644653,0.37137287855148315,0.37932196259498596
1403900826016493572,neutral,1.774040937423706,0.9762680530548096,-0.030315758660435677
1403900826100264961,negative,1.6746419668197632,-1.1190725564956665,2.6046838760375977
1403900826184212488,neutral,2.02541184425354,1.2413456439971924,0.05444590002298355
1403900827677380618,neutral,2.003999710083008,0.3973017632961273,0.7307682037353516
1403900828495253505,neutral,1.0013569593429565,0.3030310869216919,0.35997334122657776
1403900828780355587,positive,2.2432477474212646,2.263446807861328,-0.4768962264060974
1403900828923138052,neutral,1.6855746507644653,0.37137287855148315,0.37932196259498596
1403900829497802753,neutral,1.5977998971939087,0.07402770221233368,0.7179110646247864
1403900830735077377,neutral,1.6550211906433105,0.15934894979000092,0.9476357698440552
1403900831171190792,neutral,1.5419888496398926,-0.8002535104751587,1.2676305770874023
1403900831435350020,neutral,2.0773065090179443,-0.51462721824646,1.1976674795150757
1403900831502508034,neutral,1.6306155920028687,0.8580573797225952,0.5952103137969971
1403900832253362176,negative,0.5498366355895996,-0.6703172326087952,2.79160475730896
1403900832333107200,neutral,1.2136456966400146,-0.5351746082305908,0.8645773530006409
1403900832387682305,negative,0.5049620270729065,0.9324030876159668,1.3395769596099854
1403900832534380545,neutral,1.6004142761230469,0.8650837540626526,-0.3360368013381958
1403900833457065987,neutral,1.970107913017273,-0.43401941657066345,0.9729315042495728
1403900834375684099,positive,1.461075782775879,2.1788032054901123,-0.0020612534135580063
1403900836095270914,neutral,2.7193620204925537,2.430872678756714,-0.4657750725746155
1403900836288241667,negative,1.3478643894195557,-0.5638692378997803,2.2285542488098145
1403900836988739593,neutral,1.8362178802490234,0.488506942987442,-0.21226301789283752
1403900837311614978,neutral,1.8394055366516113,0.7006707191467285,0.23959054052829742
1403900839530401792,neutral,2.1219325065612793,1.1305617094039917,-0.015390215441584587
1403900839752699909,negative,1.1587865352630615,-1.0162729024887085,2.9729855060577393
1403900840721752066,negative,0.30212128162384033,-0.02622133493423462,0.836911141872406
1403900841581555715,negative,1.5908018350601196,-0.38131389021873474,1.6988087892532349
1403900841980010498,neutral,1.8709138631820679,0.7854758501052856,0.3054758906364441
1403900843473178624,neutral,1.5223348140716553,-0.3519822359085083,0.7047096490859985
1403900845243211778,neutral,1.415296196937561,1.152173399925232,0.5406504273414612
1403900845435932681,neutral,3.0400309562683105,0.965004026889801,-0.5967223048210144
1403900845759111169,negative,0.8189144730567932,0.3147638738155365,1.2030839920043945
1403900846224510978,negative,1.424845576286316,-1.0205389261245728,2.3308920860290527
1403900847365496837,negative,0.9764868021011353,-0.9576666951179504,2.9178969860076904
1403900848120475650,neutral,1.5648531913757324,1.029701828956604,-0.5090606212615967
1403900850188083200,neutral,2.243809700012207,1.6113089323043823,0.4305112659931183
1403900851165437957,neutral,2.1058051586151123,0.512444257736206,0.7035688161849976
1403900851178119171,neutral,2.1617162227630615,-1.0657998323440552,2.0157406330108643
1403900852314771456,neutral,1.8978359699249268,1.2417045831680298,-0.8860942125320435
1403900852549652480,neutral,1.6441446542739868,-0.5100817084312439,1.4364488124847412
1403900853820395520,neutral,2.234332799911499,0.5764690041542053,-0.08703844994306564
1403900854181285888,negative,0.5036277770996094,-0.7312316298484802,2.6459405422210693
1403900855645048833,negative,0.2500416338443756,0.697769284248352,2.0218257904052734
1403900857897435138,negative,0.6436652541160583,-0.8087079524993896,3.564244031906128
1403900858497122304,negative,1.3585821390151978,-0.9390317797660828,2.193999767303467
1403900858736300034,negative,1.054574728012085,-0.51563960313797,1.2932757139205933
1403900860036370434,positive,0.3627590239048004,1.0243183374404907,0.2768206000328064
1403900860258656256,neutral,2.1191458702087402,-0.21631205081939697,0.564974308013916
1403900863115141120,negative,0.590831458568573,-1.3313229084014893,5.761188983917236
1403900865602277381,negative,1.5908019542694092,-0.38131383061408997,1.6988087892532349
1403900865665196036,negative,0.8949988484382629,1.0638597011566162,1.5821008682250977
1403900865757417476,neutral,2.1617162227630615,-1.0657998323440552,2.0157406330108643
1403900867376414724,neutral,1.2181893587112427,0.6969536542892456,1.0822267532348633
1403900867997147140,negative,0.7114593982696533,0.23768746852874756,3.0604498386383057
1403900868471279621,negative,1.4314415454864502,-1.048387885093689,2.3978028297424316
1403900868676796419,neutral,1.1789005994796753,0.7824183702468872,0.8342154622077942
1403900870828326917,positive,1.8832920789718628,3.1380927562713623,-0.5668796300888062
1403900872120160257,neutral,1.200468897819519,0.2332477867603302,0.9382840394973755
1403900872271224832,neutral,1.2571829557418823,0.4728550314903259,1.0576215982437134
1403900872304697355,neutral,2.0439863204956055,1.1724662780761719,-0.20717331767082214
1403900872904437764,negative,1.3783894777297974,0.08099628984928131,1.7644765377044678
1403900873730895874,neutral,1.5426079034805298,0.5317460298538208,0.2307034283876419
1403900874687074305,negative,1.135430097579956,-1.2864540815353394,3.804936170578003
1403900874867429376,negative,1.675727367401123,-1.1267354488372803,2.5844030380249023
1403900874909442053,neutral,2.1931416988372803,-0.29295891523361206,0.5912135243415833
1403900875119239168,negative,0.7055714726448059,-0.6770668029785156,2.8967885971069336
1403900876012593154,negative,0.9626466631889343,0.20259255170822144,1.1953412294387817
1403900876075323399,neutral,1.615647792816162,1.003430724143982,0.9610843062400818
1403900877501612032,negative,0.9971020817756653,-0.6145176887512207,2.8814847469329834
1403900877992128513,neutral,2.1832115650177,1.3436704874038696,-0.046759121119976044
1403900879133036546,neutral,1.5833392143249512,0.3938925862312317,0.8823683261871338
1403900879707774984,neutral,1.2264735698699951,1.2208912372589111,0.2619902193546295
1403900880324268033,neutral,1.2603317499160767,0.28980717062950134,0.5625826716423035
1403900880416501763,neutral,2.341392993927002,-0.05965269356966019,-0.0026499610394239426
1403900881054089218,neutral,1.2400773763656616,0.850336492061615,0.11373044550418854
1403900881482010625,neutral,2.190248489379883,0.5042089819908142,0.2812374234199524
1403900881557344257,negative,1.5422338247299194,-0.31202420592308044,1.6813238859176636
1403900882828218368,neutral,1.615647792816162,1.003430724143982,0.9610843062400818
1403900883092480006,negative,1.4728063344955444,-0.7710921764373779,2.242509126663208
1403900883126136832,negative,1.054574728012085,-0.51563960313797,1.2932757139205933
1403900883692257289,neutral,1.6111599206924438,0.742619514465332,0.5649957656860352
1403900884656984064,neutral,1.970107913017273,-0.43401941657066345,0.9729315042495728
1403900886875783169,neutral,1.4864354133605957,-0.4379020929336548,0.1753961592912674
1403900890256351232,negative,1.2807985544204712,-1.615244746208191,4.2653703689575195
1403900891552309260,negative,1.239580512046814,-0.5976831912994385,2.6109752655029297
1403900891745374209,negative,1.3662916421890259,-0.4232122004032135,2.2131638526916504
1403900891804016642,neutral,1.3630785942077637,-0.017042160034179688,1.0937660932540894
1403900892051558400,negative,0.7838587760925293,-0.8143433332443237,2.5138864517211914
1403900892445908995,negative,1.3346892595291138,-0.4232451021671295,1.4544084072113037
1403900893075017729,neutral,2.271726369857788,-0.2878534197807312,0.8751703500747681
1403900894127796227,neutral,2.2267165184020996,-0.9403599500656128,1.5188175439834595
1403900895272730625,neutral,2.4891133308410645,-0.28763797879219055,1.063322901725769
1403900895482552321,negative,0.8323348164558411,0.08698143810033798,1.295982837677002
1403900895880957956,neutral,2.753415107727051,-0.11335708945989609,0.6635907888412476
1403900895956332551,negative,1.2828205823898315,-0.042146943509578705,1.6867880821228027
1403900896006791170,negative,1.2790406942367554,-0.7555552124977112,2.193323850631714
1403900898573643783,negative,1.0282742977142334,-0.7122255563735962,1.5230534076690674
1403900899198570505,neutral,2.2993969917297363,1.3694260120391846,-0.2580025792121887
1403900899492130816,positive,1.4524140357971191,1.8688151836395264,-0.18594658374786377
1403900899693449222,neutral,2.4753668308258057,0.6565872430801392,-0.13302643597126007
1403900900205154304,positive,2.2432477474212646,2.263446807861328,-0.4768962264060974
1403900902344314882,neutral,1.836551547050476,0.10683610290288925,0.7296751737594604
1403900902990172166,neutral,2.51021146774292,1.4851462841033936,-0.7413935661315918
1403900903694880768,neutral,1.4136285781860352,-0.7354204654693604,1.3607007265090942
1403900903791366144,neutral,3.3266918659210205,1.7787433862686157,-1.1394555568695068
1403900905158815746,negative,1.334547519683838,-0.4413561522960663,1.3689156770706177
1403900905645248514,positive,1.5631721019744873,2.3294942378997803,-0.5145367383956909
1403900905687334913,neutral,1.6952565908432007,0.3796398937702179,1.3148894309997559
1403900906580680704,neutral,0.588483452796936,0.4509730041027069,0.5447657704353333
1403900906941333507,negative,1.4396209716796875,-0.03735419362783432,1.5953599214553833
1403900907209691142,neutral,3.530146598815918,1.6300078630447388,-1.0650413036346436
1403900907314683905,positive,0.652967631816864,1.7674559354782104,0.7043463587760925
1403900907343974402,neutral,0.9333196878433228,0.893253743648529,0.5378875732421875
1403900908191236102,neutral,2.178636312484741,-0.5951839089393616,0.4340347945690155
1403900908682067969,positive,1.1176046133041382,1.4959673881530762,0.06887225061655045
1403900910221217794,negative,1.737518310546875,-1.091349482536316,2.4649171829223633
1403900910770683906,positive,0.7339215278625488,1.3847928047180176,0.7253002524375916
1403900912633102337,negative,0.7055714726448059,-0.6770668029785156,2.8967885971069336
1403900912721072128,negative,0.6161379218101501,-1.0648545026779175,3.1989572048187256
1403900912964415492,neutral,1.7778606414794922,0.9227115511894226,0.31642696261405945
1403900913392128004,neutral,3.530146598815918,1.6300078630447388,-1.0650413036346436
1403900913400434691,negative,1.2722969055175781,-0.5924914479255676,1.9140123128890991
1403900916252643328,positive,1.2878611087799072,2.2482285499572754,-0.3166494369506836
1403900916319744001,neutral,2.017244577407837,0.015206798911094666,0.6978098154067993
1403900918198767618,positive,1.0659171342849731,1.7168431282043457,-0.2542876899242401
1403900919113154563,negative,1.917318344116211,-1.0638562440872192,1.9708077907562256
1403900920275116036,negative,0.7636340856552124,0.21439024806022644,1.2151812314987183
1403900920354770946,neutral,1.7757548093795776,0.414730429649353,0.7451025247573853
1403900920686166018,neutral,1.3969933986663818,0.8956090807914734,0.5886840224266052
1403900921206034440,neutral,1.4913686513900757,-0.20112237334251404,1.1740351915359497
1403900923928268810,neutral,1.985167384147644,-0.10418602079153061,0.5439062118530273
1403900923932409859,neutral,2.1088078022003174,1.7466864585876465,-0.45338284969329834
1403900925392080900,positive,1.4078713655471802,1.5858447551727295,0.127849742770195
1403900926960799744,neutral,0.9309127330780029,-0.34950557351112366,0.8823995590209961
1403900927451480064,positive,0.729261577129364,1.4924564361572266,0.047773055732250214
1403900927606616068,neutral,2.6809024810791016,2.346214771270752,-0.27456438541412354
1403900930593112066,neutral,2.6037333011627197,-0.22301563620567322,0.7505196928977966
1403900932107161601,neutral,1.7297303676605225,-0.3080350458621979,1.3843923807144165
1403900932895744001,negative,1.062785029411316,-0.004294149577617645,1.7522209882736206
1403900933759668229,neutral,1.615647792816162,1.003430724143982,0.9610843062400818
1403900934095314945,neutral,2.2754156589508057,0.4438019096851349,-0.3596629202365875
1403900934426558465,positive,1.9316705465316772,2.1811795234680176,-0.5911885499954224
1403900934493769735,neutral,2.254401922225952,0.5734707713127136,0.01278781145811081
1403900934602858497,neutral,2.254401922225952,0.5734707713127136,0.01278781145811081
1403900934636421120,neutral,2.254401922225952,0.5734707713127136,0.01278781145811081
1403900934678265858,neutral,2.254401922225952,0.5734707713127136,0.01278781145811081
1403900934690852870,neutral,2.254401922225952,0.5734707713127136,0.01278781145811081
1403900934699298816,neutral,2.254401922225952,0.5734707713127136,0.01278781145811081
1403900934699339776,neutral,2.254401922225952,0.5734708309173584,0.012787815183401108
1403900934707634176,neutral,2.3810672760009766,0.7716445922851562,-0.11019837111234665
1403900934774792193,neutral,2.163924217224121,0.5697160363197327,0.05156207084655762
1403900934795763718,neutral,2.163924217224121,0.5697160363197327,0.05156207084655762
1403900934825070596,neutral,2.254401922225952,0.5734707713127136,0.01278781145811081
1403900934841946113,neutral,2.254401922225952,0.5734707713127136,0.01278781145811081
1403900934850232331,neutral,2.254401922225952,0.5734707713127136,0.01278781145811081
1403900934871191554,neutral,2.254401922225952,0.5734707713127136,0.01278781145811081
1403900934883889152,neutral,2.163924217224121,0.5697160363197327,0.05156207084655762
1403900934887981057,neutral,2.254401922225952,0.5734707117080688,0.01278776116669178
1403900934896427011,neutral,2.254401922225952,0.5734707713127136,0.01278781145811081
1403900934900572163,neutral,2.254401922225952,0.5734707713127136,0.01278781145811081
1403900934900621312,neutral,2.254401922225952,0.5734707713127136,0.01278781145811081
1403900934913155076,neutral,2.435060739517212,0.37248578667640686,0.10167919844388962
1403900934913245190,neutral,2.254401922225952,0.5734707713127136,0.01278781145811081
1403900934917431296,neutral,2.254401922225952,0.5734707713127136,0.01278781145811081
1403900934917443585,neutral,2.254401922225952,0.5734707713127136,0.01278781145811081
1403900934925737988,neutral,2.254401922225952,0.5734707713127136,0.01278781145811081
1403900934925819904,neutral,2.254401922225952,0.5734707713127136,0.01278781145811081
1403900934929985540,neutral,2.254401922225952,0.5734707713127136,0.01278781145811081
1403900934930014215,neutral,2.254401922225952,0.5734707713127136,0.01278781145811081
1403900934934122498,neutral,2.254401922225952,0.5734707713127136,0.01278781145811081
1403900934938316805,neutral,2.254401922225952,0.5734707713127136,0.01278781145811081
1403900934938365955,neutral,2.254401922225952,0.5734707713127136,0.01278781145811081
1403900934946791426,neutral,2.254401922225952,0.5734707713127136,0.01278781145811081
1403900934950993926,neutral,2.254401922225952,0.5734707713127136,0.01278781145811081
1403900934959271937,neutral,2.254401922225952,0.5734707713127136,0.01278781145811081
1403900934959337472,neutral,2.254401922225952,0.5734707713127136,0.01278781145811081
1403900934967762944,neutral,2.254401922225952,0.5734707713127136,0.01278781145811081
1403900934971928578,neutral,2.254401922225952,0.5734707713127136,0.01278781145811081
1403900934971957248,neutral,2.254401922225952,0.5734707713127136,0.01278781145811081
1403900934984454146,neutral,2.254401922225952,0.5734707713127136,0.01278781145811081
1403900934984507394,neutral,2.254401922225952,0.5734708309173584,0.012787777930498123
1403900934984552454,neutral,2.254401922225952,0.5734707713127136,0.01278781145811081
1403900934988705793,neutral,2.254401922225952,0.5734707713127136,0.01278781145811081
1403900934992838657,neutral,2.254401922225952,0.5734708309173584,0.012787776067852974
1403900934997135370,neutral,2.254401922225952,0.5734707713127136,0.01278781145811081
1403900934997135372,neutral,2.254401922225952,0.5734707713127136,0.01278781145811081
1403900935001317378,neutral,2.254401922225952,0.5734707713127136,0.01278781145811081
1403900935001317383,neutral,2.243013620376587,0.6790691018104553,-0.03373914957046509
1403900935026401282,neutral,2.254401922225952,0.5734707713127136,0.01278781145811081
1403900939321298948,neutral,1.491599202156067,0.8216655254364014,-0.42579561471939087
1403900939929485318,negative,1.1423563957214355,-0.880136251449585,2.6095783710479736
1403900940554485760,negative,1.2322144508361816,-1.000233769416809,2.143557071685791
1403900941510787078,neutral,1.4861810207366943,-0.378420352935791,1.2392421960830688
1403900942127337472,neutral,1.076080322265625,0.7238729596138,0.8041247725486755
1403900942441848832,neutral,1.5827840566635132,0.39106273651123047,0.3742261230945587
1403900942483791876,negative,0.9630366563796997,-0.49980446696281433,2.1679835319519043
1403900943217815556,negative,1.5513023138046265,-0.9748436808586121,2.1769497394561768
1403900943742078978,negative,0.9111318588256836,-1.0318018198013306,2.793137311935425
1403900945092780032,neutral,1.1565302610397339,0.05554806441068649,1.088254451751709
1403900946522902529,neutral,1.9658734798431396,0.32183799147605896,-0.43030717968940735
1403900946560831489,neutral,1.5624550580978394,1.4496673345565796,-0.5019634366035461
1403900949161074690,positive,1.975073218345642,3.2980663776397705,-0.7021586298942566
1403900949295353860,neutral,1.8759790658950806,-0.4019628167152405,1.313067078590393
1403900951279378432,neutral,1.1013500690460205,0.9970237016677856,0.14073747396469116
1403900953380720641,positive,1.4359506368637085,1.587772250175476,-0.49357467889785767
1403900953460232200,positive,2.2271289825439453,3.158660650253296,-1.0253105163574219
1403900953930121219,positive,0.8472784161567688,2.9134411811828613,-0.2696046233177185
1403900954303467525,neutral,2.5242388248443604,1.102076768875122,0.13985247910022736
1403900954349654016,neutral,1.1205427646636963,0.015068821609020233,0.9196861386299133
1403900954626473986,negative,0.7055714726448059,-0.6770668029785156,2.8967885971069336
1403900954781442054,neutral,1.5831730365753174,0.01674589514732361,0.6735329031944275
1403900954924122117,negative,0.43276792764663696,-1.4231630563735962,4.416800498962402
1403900955897200642,neutral,2.0866453647613525,1.4459617137908936,0.08237109333276749
1403900956358713345,negative,0.46262964606285095,-0.6328655481338501,2.8463807106018066
1403900956564234240,negative,1.0395628213882446,-0.4072295129299164,2.3420937061309814
1403900956597760000,positive,0.754676342010498,2.451565742492676,0.057654693722724915
1403900957050605571,negative,0.7707478404045105,-0.21221211552619934,2.069779634475708
1403900957717504004,positive,1.2263426780700684,1.4071788787841797,0.28802570700645447
1403900960573997056,negative,1.0471845865249634,-0.1367817223072052,1.853440523147583
1403900961144205312,neutral,2.0476744174957275,1.288412094116211,0.04280243068933487
1403900962239041536,neutral,2.144096851348877,-0.38778671622276306,0.7354741096496582
1403900962419351553,negative,1.0480329990386963,-1.002406358718872,2.6204843521118164
1403900963849658368,negative,1.4396209716796875,-0.03735419362783432,1.5953599214553833
1403900965191700482,positive,0.9200650453567505,1.1358920335769653,0.5025184750556946
1403900965632217092,negative,0.512747585773468,-0.2796173691749573,1.1415680646896362
1403900965758017536,neutral,1.5559614896774292,0.024244077503681183,1.1390864849090576
1403900966106189824,negative,1.2352466583251953,-1.0680739879608154,2.5934665203094482
1403900966894653444,negative,0.6227202415466309,-0.46819987893104553,2.644094228744507
1403900967469207557,negative,1.7375184297561646,-1.0913493633270264,2.4649174213409424
1403900967599419395,negative,1.7484091520309448,-1.0821537971496582,2.321669578552246
1403900968685682702,negative,1.2144787311553955,-0.20996150374412537,1.671248435974121
1403900968819953670,negative,1.294399619102478,-0.3920045495033264,1.634190559387207
1403900969885306885,negative,1.3462824821472168,-1.2416229248046875,2.9527995586395264
1403900970938126349,neutral,1.2307138442993164,0.3640057146549225,0.6957283020019531
1403900971831472130,negative,1.1035420894622803,-1.468978762626648,3.937448024749756
1403900972263522305,neutral,1.9140976667404175,-0.25346195697784424,0.845299482345581
1403900973735682058,negative,1.3876190185546875,-0.6492123603820801,2.251222610473633
1403900975262449666,negative,0.6983268857002258,-0.47050997614860535,2.203141450881958
1403900975300202500,negative,1.4494959115982056,-0.9917873740196228,2.537749767303467
1403900975635566594,neutral,1.4913686513900757,-0.2011222541332245,1.1740351915359497
1403900976248070148,neutral,2.234332799911499,0.5764690041542053,-0.08703844994306564
1403900977887985666,neutral,2.3382203578948975,-0.4212033450603485,0.8765454292297363
1403900979343470602,negative,1.2666749954223633,-0.2910664677619934,1.7661339044570923
1403900979834241028,negative,1.3084301948547363,-0.33445829153060913,1.446226954460144
1403900980236894214,neutral,0.8450250625610352,0.47414731979370117,0.3608523905277252
1403900980270297092,positive,2.2432477474212646,2.263446807861328,-0.4768962264060974
1403900981914464264,negative,1.3447704315185547,-1.2641278505325317,3.2405107021331787
1403900982145159172,negative,1.2992613315582275,0.33427438139915466,1.4651527404785156
1403900983692861441,positive,0.686439573764801,4.273903846740723,-0.2356329709291458
1403900983764262912,negative,0.5049620270729065,0.9324030876159668,1.3395769596099854
1403900985508962305,negative,1.0480329990386963,-1.002406358718872,2.6204843521118164
1403900986238898181,neutral,1.3369131088256836,0.953585147857666,0.2641630172729492
1403900986746306561,negative,0.7103998064994812,-0.1504264771938324,1.5721241235733032
1403900986842923011,negative,0.9544994235038757,0.3332119286060333,1.7139308452606201
1403900987845136387,negative,0.7546983361244202,0.3864702880382538,1.0693522691726685
1403900988528889858,neutral,1.7454984188079834,0.7864309549331665,0.7990710139274597
1403900988830879746,neutral,1.438725471496582,0.9690146446228027,-0.1317611187696457
1403900989657264128,neutral,1.4631075859069824,0.7095555067062378,0.6679402589797974
1403900990278021120,negative,1.4628559350967407,-1.3828792572021484,3.538336992263794
1403900990508650498,neutral,1.4281240701675415,0.254707932472229,0.7170526385307312
1403900990772760576,positive,0.7835697531700134,2.177720069885254,0.11566372215747833
1403900991376740353,negative,0.8358024954795837,-0.47699806094169617,1.6500273942947388
1403900991448231936,neutral,1.4659043550491333,-0.4316388666629791,1.0249764919281006
1403900992492539909,neutral,1.9922473430633545,-0.15244925022125244,0.6005392074584961
1403900992588967939,neutral,1.4349946975708008,0.5943914651870728,0.468413770198822
1403900992815513601,negative,1.140611171722412,-0.34746456146240234,1.7571752071380615
1403900993318780929,positive,2.468137741088867,3.2754783630371094,-1.136727213859558
1403900993956462594,neutral,1.6613339185714722,0.6800600290298462,1.3083248138427734
1403900995281645568,neutral,2.1617162227630615,-1.0657998323440552,2.0157406330108643
1403900996133310468,negative,0.7838587760925293,-0.8143433332443237,2.5138864517211914
1403900996175077382,neutral,2.081669807434082,-0.0489799901843071,0.9269731044769287
1403900996280061960,neutral,2.506451368331909,1.4469835758209229,-0.5270968675613403
1403900996762406916,neutral,1.7778606414794922,0.9227115511894226,0.31642696261405945
1403900997269864448,negative,0.3752886652946472,0.9096270799636841,1.7107629776000977
1403900999836880896,negative,0.5666109323501587,-0.869540810585022,3.228283405303955
1403901000616976388,negative,0.9608321785926819,-0.9548559784889221,2.8550477027893066
1403901001795444736,neutral,1.5445455312728882,-0.579765796661377,1.5390461683273315
1403901002684801026,neutral,1.6816363334655762,-0.1639695167541504,1.311525583267212
1403901002726756358,neutral,1.655745267868042,0.5212509632110596,0.611545979976654
1403901002944761859,neutral,2.658195972442627,1.680148959159851,-0.584705114364624
1403901002999373825,neutral,1.6855746507644653,0.37137287855148315,0.37932196259498596
1403901003452366849,neutral,2.5502030849456787,1.2705146074295044,-0.7324721217155457
1403901003964035077,negative,0.09813432395458221,0.26092293858528137,2.0139713287353516
1403901004387524609,negative,1.4168637990951538,-1.2331068515777588,2.7739148139953613
1403901004580491264,neutral,1.6415064334869385,0.016358010470867157,1.4735536575317383
1403901004723204097,negative,0.9106150269508362,0.44252145290374756,1.3704891204833984
1403901004983062528,neutral,3.0158510208129883,1.1948474645614624,-0.35367700457572937
1403901006174248964,negative,1.136614203453064,-0.2635279893875122,1.8282419443130493
1403901006946004994,neutral,2.013702630996704,0.9172488451004028,-0.06296497583389282
1403901007034302468,negative,0.8580542206764221,0.7924267053604126,0.9958856105804443
1403901008585969668,negative,0.9032016396522522,-0.1774822473526001,1.912390112876892
1403901009387130884,neutral,1.070691704750061,0.6146995425224304,0.49308282136917114
1403901010523963397,neutral,1.7570055723190308,0.4702660143375397,0.7313165664672852
1403901010825842688,negative,0.6429688334465027,-0.4652380645275116,2.0829668045043945
1403901011929055240,neutral,1.7793482542037964,1.0188130140304565,0.059564460068941116
1403901012260360193,neutral,2.1832115650177,1.3436704874038696,-0.04675907641649246
1403901012574969856,negative,0.5049620270729065,0.9324030876159668,1.3395769596099854
1403901013313003522,negative,1.6300997734069824,-1.1651185750961304,2.5472285747528076
1403901013657010177,negative,1.1085838079452515,-0.47857633233070374,1.8819005489349365
1403901014302871557,neutral,2.1832115650177,1.3436704874038696,-0.046759121119976044
1403901014944587781,positive,1.6971616744995117,3.1549384593963623,-0.9263328909873962
1403901015468904452,negative,1.1453747749328613,0.3837158679962158,1.3632246255874634
1403901015783477253,negative,1.5207525491714478,-1.093906283378601,2.5135955810546875
1403901016349806595,neutral,2.0439863204956055,1.1724662780761719,-0.20717331767082214
1403901016471334913,negative,1.6007444858551025,-1.2062618732452393,3.0223493576049805
1403901016848875521,positive,2.0022218227386475,2.0707929134368896,-0.5384122133255005
1403901017343864834,positive,1.0590006113052368,1.6997138261795044,0.40193289518356323
1403901017922568195,neutral,2.3933355808258057,0.570096492767334,0.2069045454263687
1403901019227099136,positive,1.8646759986877441,1.9444365501403809,0.020454667508602142
1403901019952758787,negative,0.43102672696113586,-0.9815639853477478,3.5501418113708496
1403901023555506180,negative,1.5611233711242676,-0.5663550496101379,2.3656415939331055
1403901023987642369,neutral,1.6284198760986328,0.26241034269332886,0.6747495532035828
1403901024683782145,neutral,2.091074228286743,1.4311714172363281,-0.10010958462953568
1403901025782730755,negative,1.0872389078140259,-0.3136926591396332,1.2608784437179565
1403901026499891205,neutral,2.1617162227630615,-1.0657998323440552,2.0157406330108643
1403901026848194561,positive,1.0250378847122192,3.0680129528045654,-0.36645951867103577
1403901027703689218,neutral,1.6855746507644653,0.37137287855148315,0.37932196259498596
1403901028249096193,neutral,1.6855746507644653,0.37137287855148315,0.37932196259498596
1403901029150830597,neutral,1.2452389001846313,0.18150942027568817,1.218759298324585
1403901029645701122,negative,1.0100111961364746,-0.8880847096443176,2.3132712841033936
1403901029859610624,negative,0.9091672897338867,0.05087285488843918,1.7433497905731201
1403901029888970753,neutral,1.8141489028930664,-0.6818490624427795,1.2038832902908325
1403901030161649667,neutral,1.2646061182022095,0.34444236755371094,0.4189090430736542
1403901030840995841,negative,0.20745010673999786,-0.6532341241836548,2.6491177082061768
1403901030996209664,positive,1.2979460954666138,4.513416290283203,-0.8789221048355103
1403901031365419014,negative,1.006856083869934,-1.5038292407989502,4.352022171020508
1403901031864438785,negative,1.0310578346252441,-0.06955104321241379,1.6567561626434326
1403901032720179208,neutral,2.5507001876831055,-0.4420001804828644,-0.13606207072734833
1403901032892141569,neutral,2.1503355503082275,1.2589340209960938,-0.07927644997835159
1403901033206583297,neutral,2.1708080768585205,1.31283438205719,-0.3350793719291687
1403901033797984258,negative,1.2766810655593872,-0.6316001415252686,1.744517207145691
1403901033848389633,negative,1.4778536558151245,-0.8342932462692261,2.2221248149871826
1403901034150334465,neutral,2.553053855895996,2.228440046310425,-0.9261550903320312
1403901035622506497,neutral,2.223935604095459,-0.23615756630897522,0.6655747294425964
1403901035870052353,negative,0.7055714726448059,-0.6770668029785156,2.8967885971069336
1403901036125777921,neutral,2.1840274333953857,-0.5247544646263123,1.042162299156189
1403901036557856770,positive,2.2271289825439453,3.158660411834717,-1.0253105163574219
1403901036872572929,negative,1.4538328647613525,-0.7879719734191895,1.7128101587295532
1403901037166174214,neutral,2.116240978240967,2.005575656890869,-0.459467351436615
1403901037451386881,positive,1.3248227834701538,3.3609321117401123,-0.7989391088485718
1403901037782704136,positive,0.6074950695037842,1.7333977222442627,-0.2593885362148285
1403901037786931201,negative,0.10643705725669861,0.343703031539917,0.3756429851055145
1403901038005035013,negative,1.5987348556518555,-0.7644698619842529,1.8805994987487793
1403901038084513792,neutral,1.9200304746627808,0.0010941475629806519,1.3634591102600098
1403901038189498368,positive,2.9538700580596924,3.2802658081054688,-1.34042227268219
1403901038919303168,negative,0.6595391035079956,-0.30843377113342285,2.651684045791626
1403901039644975109,positive,1.3209025859832764,1.9842811822891235,0.005960669368505478
1403901040521515009,negative,0.9864599704742432,-0.5773410797119141,1.4517544507980347
1403901041045905409,negative,1.0545947551727295,-0.8700762391090393,2.0258312225341797
1403901041578364933,neutral,2.3421413898468018,0.9846648573875427,0.19620195031166077
1403901041645522945,neutral,1.5445455312728882,-0.579765796661377,1.5390461683273315
1403901041859563520,negative,0.7838588953018188,-0.8143433928489685,2.5138864517211914
1403901044795510791,negative,0.9634286761283875,-0.9661367535591125,2.4911961555480957
1403901047731523597,neutral,1.653761863708496,-0.2980364263057709,1.5131866931915283
1403901048092119040,neutral,1.282291054725647,0.8521844744682312,-0.07330876588821411
1403901048549486595,neutral,1.1310374736785889,0.290690153837204,1.1099766492843628
1403901049203740678,neutral,1.7424707412719727,-0.48000189661979675,1.2558344602584839
1403901050625527810,neutral,1.9539002180099487,0.46438437700271606,0.3985484540462494
1403901050776690693,neutral,1.6855746507644653,0.37137287855148315,0.37932196259498596
1403901050810093578,negative,1.0485631227493286,0.17280158400535583,1.2467597723007202
1403901053309906945,neutral,1.3285635709762573,1.0782002210617065,-0.015410760417580605
1403901055306375171,negative,0.6489850282669067,-0.5232145190238953,3.025057554244995
1403901055465713665,positive,1.535832405090332,1.8898662328720093,-0.22134195268154144
1403901056363470852,neutral,1.9597936868667603,0.7192761898040771,0.2087262123823166
1403901056854249481,negative,0.7434273958206177,-0.5066117644309998,2.6118991374969482
1403901058926137345,negative,1.2739087343215942,-0.12092243880033493,1.4879041910171509
1403901059911720964,neutral,1.615647792816162,1.003430724143982,0.9610843062400818
1403901060469739520,negative,1.1458762884140015,-1.1011967658996582,2.5539534091949463
1403901060800974855,positive,2.1995179653167725,2.4628002643585205,-0.6946976184844971
1403901061228896258,neutral,2.506451368331909,1.4469835758209229,-0.5270968675613403
1403901061551771649,neutral,1.4622926712036133,0.3208059072494507,1.3197931051254272
1403901062260658177,neutral,1.6855746507644653,0.37137287855148315,0.37932196259498596
1403901062621270018,negative,1.032150149345398,0.3044974207878113,1.5639151334762573
1403901063963451393,negative,1.1203250885009766,-1.2449101209640503,3.2456071376800537
1403901064273817604,negative,1.0911579132080078,-0.42868301272392273,1.7123068571090698
1403901064621957120,neutral,1.8711471557617188,1.19789457321167,-0.1273605078458786
1403901065792131074,neutral,2.319899797439575,1.4663567543029785,-0.5105147957801819
1403901066140262410,neutral,1.0862016677856445,0.7713400721549988,0.20842969417572021
1403901066840772608,negative,0.6675687432289124,-0.8156768679618835,2.7041428089141846
1403901067205566467,negative,1.5139245986938477,-1.0984888076782227,2.218717336654663
1403901067822309376,negative,0.9117292761802673,0.3137030005455017,1.3016350269317627
1403901067973345280,positive,0.6384676694869995,1.0178828239440918,0.7371280789375305
1403901068543680520,positive,1.053568959236145,2.210073471069336,0.4598340690135956
1403901072708620291,neutral,1.0928045511245728,0.3101691007614136,0.8269418478012085
1403901072721207296,neutral,1.4514669179916382,0.825310230255127,0.4198961555957794
1403901073799192579,neutral,1.474812388420105,-0.4260037839412689,1.2030045986175537
1403901075325915140,negative,0.853614091873169,-0.0686962828040123,1.5725758075714111
1403901075820892161,neutral,0.7708597183227539,0.656764805316925,0.5048381090164185
1403901075858526208,neutral,1.8309522867202759,0.9581217765808105,0.2892775237560272
1403901075921330176,neutral,1.6222120523452759,-0.3098701238632202,1.24652898311615
1403901076169019392,negative,1.4040236473083496,-0.8634890913963318,1.917134404182434
1403901076508602368,negative,0.7002885341644287,-0.2802177965641022,2.272458553314209
1403901078739902466,neutral,3.0692317485809326,1.2135752439498901,-0.655990719795227
1403901078853271555,neutral,1.384124994277954,0.15634997189044952,0.14528867602348328
1403901079255863298,negative,1.054574728012085,-0.51563960313797,1.2932757139205933
1403901079587151872,negative,1.3783894777297974,0.08099628984928131,1.7644765377044678
1403901079675416581,neutral,1.917885661125183,-0.44546476006507874,1.1106667518615723
1403901080119832577,negative,1.3588485717773438,-0.9830581545829773,2.462784767150879
1403901080325394432,neutral,0.9220935702323914,0.4227789044380188,0.6528863310813904
1403901082934284290,negative,0.9806869626045227,-0.8415255546569824,2.539781093597412
1403901084607729665,negative,1.50372314453125,-0.8036578893661499,2.115156650543213
1403901085098549250,negative,1.2117242813110352,-0.4515187442302704,1.645577073097229
1403901085216034818,negative,1.1468958854675293,-0.5698647499084473,1.918976068496704
1403901085400682511,neutral,1.2977700233459473,-0.11228922754526138,1.1697615385055542
1403901085522219015,negative,1.249825358390808,-1.197953701019287,3.11466646194458
1403901088592498690,neutral,1.7860318422317505,-0.6693379282951355,0.9365183115005493
1403901088596561923,neutral,1.9317452907562256,0.31731563806533813,0.8581204414367676
1403901088927977472,neutral,1.2400773763656616,0.8503364324569702,0.11373043060302734
1403901089741611009,negative,0.3454747498035431,0.5566110014915466,1.236156702041626
1403901090173702144,negative,1.1353546380996704,-0.2905583679676056,1.2604364156723022
1403901090303721473,neutral,1.5426079034805298,0.5317460298538208,0.23070339858531952
1403901090421166082,neutral,0.7005599141120911,-0.019935771822929382,0.623070478439331
1403901090542718978,negative,1.1865884065628052,-0.4378558099269867,2.5428197383880615
1403901090781859841,negative,0.9596291780471802,-1.000465989112854,2.706280469894409
1403901092249968648,negative,0.841402530670166,0.29147830605506897,1.3663678169250488
1403901092421795841,neutral,1.9403049945831299,-0.6860625743865967,0.965177595615387
1403901093495644163,neutral,1.1228432655334473,0.3682563602924347,0.6373825073242188
1403901095949357057,negative,1.3873594999313354,-1.1572638750076294,2.673483371734619
1403901098079916032,negative,0.413520485162735,-0.40472519397735596,3.084160327911377
1403901098390298628,negative,0.9361004829406738,0.05333401635289192,1.8437800407409668
1403901098872561668,neutral,1.8309522867202759,0.9581217765808105,0.2892775237560272
1403901099568898051,neutral,1.3398780822753906,0.10621451586484909,0.600127637386322
1403901100411981828,neutral,1.4007103443145752,0.2248624861240387,0.8670726418495178
1403901101783535618,neutral,1.6855746507644653,0.37137287855148315,0.37932196259498596
1403901102563545092,negative,0.7838588356971741,-0.814343273639679,2.5138862133026123
1403901103155015682,positive,2.2432477474212646,2.263446807861328,-0.4768962264060974
1403901104488730626,positive,1.8832920789718628,3.1380927562713623,-0.5668796300888062
1403901105419939844,neutral,1.6555743217468262,-0.5529751181602478,1.3921592235565186
1403901105457696768,negative,1.1736873388290405,-0.8668652176856995,2.638089656829834
1403901105608609793,neutral,1.7361468076705933,-0.07575912028551102,0.7030417323112488
1403901105885433861,neutral,1.4959386587142944,1.3577969074249268,0.6131389141082764
1403901107659739145,neutral,2.4268643856048584,-0.30538082122802734,0.7882028222084045
1403901107659755520,negative,1.0156766176223755,0.5535180568695068,1.3179759979248047
1403901107689058305,neutral,1.3205296993255615,0.24355167150497437,0.6523704528808594
1403901107970002945,negative,1.31074857711792,-0.18436121940612793,1.491207242012024
1403901108020400130,negative,1.3274363279342651,-0.7888573408126831,1.8200130462646484
1403901108813066241,neutral,0.869998574256897,0.35438990592956543,0.24848997592926025
1403901109433942017,positive,0.39161965250968933,1.9994544982910156,0.06745573878288269
1403901109651984390,negative,0.8025088310241699,-0.6143686175346375,2.556812286376953
1403901110071435267,neutral,2.190248489379883,0.5042089819908142,0.2812374234199524
1403901110486638597,neutral,1.7659844160079956,-0.44653013348579407,1.4973394870758057
1403901110738325513,neutral,2.203944444656372,0.8346052765846252,0.18024273216724396
1403901111010873352,positive,1.2751078605651855,1.4219367504119873,-0.018579335883259773
1403901112097251328,neutral,1.2698254585266113,0.34966304898262024,0.5562232136726379
1403901112562954243,neutral,1.2032356262207031,-0.045527420938014984,0.4521512985229492
1403901113355624454,neutral,1.5833392143249512,0.3938925862312317,0.8823683261871338
1403901113422602240,neutral,2.026001214981079,-0.10097772628068924,1.095546841621399
1403901113435234312,neutral,1.56227707862854,0.6701571345329285,0.2515254616737366
1403901114253074441,negative,0.9082286953926086,0.5494642853736877,1.6567342281341553
1403901114467057668,neutral,1.5445455312728882,-0.5797658562660217,1.5390461683273315
1403901115519758337,negative,1.3191865682601929,-0.8030470013618469,2.256951332092285
1403901116409131010,negative,1.0532728433609009,-0.5027942657470703,2.289698600769043
1403901116463554564,neutral,1.426249384880066,0.3964717388153076,1.2329320907592773
1403901118036418565,negative,1.420192003250122,-0.586474597454071,1.548405647277832
1403901118531477505,neutral,1.7227951288223267,-0.2280532419681549,1.489964485168457
1403901119735214082,neutral,2.6569554805755615,0.09892779588699341,-0.2178402841091156
1403901120133672961,negative,0.67937171459198,-0.9587878584861755,3.7371387481689453
1403901120184041477,neutral,1.615647792816162,1.003430724143982,0.9610843062400818
1403901120292995079,negative,1.2106940746307373,0.07800985872745514,1.4121663570404053
1403901120351592450,neutral,1.773097276687622,-0.6476805806159973,1.4520090818405151
1403901120590888965,neutral,0.7501230239868164,0.4125925600528717,-0.2414388209581375
1403901120733343745,negative,0.7034112811088562,-1.0820852518081665,3.37687611579895
1403901120901042178,neutral,1.8259773254394531,-0.7735645174980164,1.5164077281951904
1403901121958236163,positive,1.0331124067306519,1.1873713731765747,0.509450376033783
1403901122452942854,neutral,2.307204246520996,0.7751270532608032,0.11637359112501144
1403901124470448128,neutral,1.7641974687576294,1.1909003257751465,-0.5171678066253662
1403901124764069890,negative,0.4721854329109192,0.6209387183189392,2.0142228603363037
1403901125812686849,negative,1.062785029411316,-0.004294149577617645,1.7522209882736206
1403901126475358211,positive,0.754851222038269,0.815325915813446,0.6726531982421875
1403901126571819010,negative,0.8801178336143494,0.24292871356010437,1.4399833679199219
1403901127377096706,neutral,1.7323949337005615,0.1916295289993286,1.136557698249817
1403901128006320132,positive,2.9868199825286865,4.096158504486084,-1.4678248167037964
1403901128257900544,neutral,1.8445196151733398,0.2366166114807129,0.8432996869087219
1403901129130315776,neutral,1.9765961170196533,0.5341790914535522,0.036082133650779724
1403901129243648001,negative,1.1979306936264038,-0.3274664878845215,1.4031776189804077
1403901130275438593,neutral,1.9782812595367432,-0.23484468460083008,0.8278170228004456
1403901130329964554,negative,2.1112687587738037,-1.0838860273361206,2.2172744274139404
1403901130451546115,negative,0.7878357768058777,0.38241705298423767,1.495602011680603
1403901130816385027,neutral,1.3502020835876465,-0.328003466129303,1.1844178438186646
1403901130971783168,neutral,1.615647792816162,1.003430962562561,0.9610843062400818
1403901131688906755,positive,2.3379032611846924,2.525219440460205,-0.6998003721237183
1403901132376666117,positive,1.3901691436767578,3.7507338523864746,-0.8537719249725342
1403901132443770883,neutral,0.7798684239387512,0.26210421323776245,0.22698664665222168
1403901133169508354,neutral,1.8062390089035034,-0.5294751524925232,1.271233081817627
1403901133240864768,positive,2.558288812637329,2.6243247985839844,-0.9149696826934814
1403901135879086080,neutral,1.3867156505584717,0.7219395041465759,-0.2714284062385559
1403901136076222464,negative,0.9268693327903748,-0.034183941781520844,1.6527594327926636
1403901136399110148,neutral,2.2246692180633545,-0.07018636912107468,0.960029661655426
1403901136436879365,positive,2.2620720863342285,2.935934066772461,-0.6536256670951843
1403901136738963457,negative,1.3475594520568848,-0.7858157157897949,1.6864840984344482
1403901137208500224,neutral,1.7072522640228271,-0.09100594371557236,0.9625936150550842
1403901137791569920,neutral,2.012491226196289,-0.6899301409721375,1.415040135383606
1403901137871200264,negative,1.3328378200531006,-1.1997720003128052,3.0109007358551025
1403901137892384770,positive,1.0250378847122192,3.0680131912231445,-0.36645960807800293
1403901139075178496,negative,1.1353546380996704,-0.2905583679676056,1.2604364156723022
1403901139083358208,negative,1.0295754671096802,-0.4535389840602875,1.9650651216506958
1403901139272171522,negative,0.7580110430717468,-0.4186488091945648,1.6997747421264648
1403901139410583552,neutral,1.4035253524780273,0.18378731608390808,1.338494896888733
1403901139477749767,negative,2.1112687587738037,-1.0838860273361206,2.2172744274139404
1403901139624542208,neutral,1.876610279083252,-0.7929630279541016,1.5309432744979858
1403901140584960005,neutral,2.5457308292388916,1.3318946361541748,-0.5181328654289246
1403901141637730308,negative,1.2862491607666016,-0.6364786028862,1.9506028890609741
1403901142174683139,negative,0.967243492603302,-0.6707584857940674,2.218675374984741
1403901143059636231,neutral,1.4291125535964966,0.09158597141504288,1.1231060028076172
1403901143378399237,negative,1.1018977165222168,-1.4390127658843994,3.9081883430480957
1403901143416201217,positive,0.5583211183547974,3.0222744941711426,-0.6301940083503723
1403901143944736768,negative,0.854153037071228,0.22772356867790222,1.2699493169784546
1403901144372494338,negative,0.8484273552894592,-0.7974692583084106,1.9788131713867188
1403901144527687691,negative,0.8852681517601013,-0.07814794033765793,1.2275464534759521
1403901144817049600,negative,0.4045730233192444,-0.6198017597198486,2.3509175777435303
1403901144879964166,neutral,1.415296196937561,1.152173399925232,0.5406504273414612
1403901145379229701,neutral,1.6855746507644653,0.37137284874916077,0.37932202219963074
1403901145731436547,negative,1.0883618593215942,-0.5602695345878601,1.920455813407898
1403901145823662080,neutral,3.530146598815918,1.6300078630447388,-1.0650413036346436
1403901147157520387,negative,0.7312895655632019,-1.0330979824066162,3.1292715072631836
1403901147413286913,negative,0.9496803283691406,-0.9120234847068787,2.363878011703491
1403901147711262721,negative,1.0927640199661255,-0.08891429752111435,1.5795289278030396
1403901149183451139,negative,1.9760445356369019,-1.1435997486114502,2.0983781814575195
1403901149850357761,negative,1.3366817235946655,-0.1588764786720276,1.4055930376052856
1403901149896318982,neutral,2.0527822971343994,0.23196011781692505,0.3814662992954254
1403901150382936065,neutral,1.77247953414917,-0.1364242136478424,1.2635759115219116
1403901150684860419,neutral,3.530146598815918,1.6300078630447388,-1.0650413036346436
1403901151226085378,neutral,1.9382343292236328,-0.8344709873199463,1.7285256385803223
1403901151460876290,positive,0.47036364674568176,2.320096731185913,0.5820996165275574
1403901151460966401,positive,3.0592410564422607,3.2856907844543457,-1.158340573310852
1403901152039682051,negative,1.1576379537582397,-0.18780097365379333,1.517458200454712
1403901152069140483,negative,0.8167319893836975,-1.5312654972076416,4.817623615264893
1403901152530472964,neutral,1.7629467248916626,-0.5852026343345642,1.3024027347564697
1403901152727650309,neutral,2.345621109008789,0.9625798463821411,0.11488178372383118
1403901153801166853,negative,1.0706478357315063,-1.00058114528656,2.6645166873931885
1403901154287931396,neutral,2.306673765182495,-0.38158664107322693,0.8096886873245239
1403901154401062913,negative,0.14550594985485077,-0.5454736351966858,2.107975959777832
1403901154451410954,neutral,1.1880303621292114,0.08963564783334732,1.1024030447006226
1403901155214823424,negative,1.1353546380996704,-0.2905583679676056,1.2604364156723022
1403901155403522048,negative,1.4040236473083496,-0.8634890913963318,1.917134404182434
1403901155441213440,negative,1.3129184246063232,-0.7249814867973328,2.5098702907562256
1403901156145967106,negative,1.1085423231124878,-0.49013349413871765,1.5121155977249146
1403901156795949069,negative,0.6601896286010742,-1.4609787464141846,4.413510799407959
1403901156871622659,neutral,1.7778605222702026,0.9227116107940674,0.31642696261405945
1403901156930113537,neutral,1.412663221359253,-0.1521967649459839,1.3984540700912476
1403901157387509765,negative,0.557973325252533,-0.8339865207672119,2.676659107208252
1403901157781565442,negative,1.3588485717773438,-0.9830581545829773,2.462784767150879
1403901158297587717,negative,1.4040236473083496,-0.8634890913963318,1.917134404182434
1403901159094374402,neutral,1.7621878385543823,1.3095176219940186,0.21315898001194
1403901159476244481,negative,0.9828082323074341,-0.7317390441894531,2.5599772930145264
1403901159761276932,neutral,1.5674444437026978,0.609704852104187,0.8227505683898926
1403901159832756230,positive,1.0659171342849731,1.7168431282043457,-0.2542876899242401
1403901159899897856,positive,0.8648464679718018,1.8188650608062744,0.8056762218475342
1403901160210059272,neutral,1.810539722442627,0.4072052836418152,1.7639484405517578
1403901160730337285,neutral,2.1221890449523926,-0.33278101682662964,0.7623236179351807
1403901161267249152,negative,0.7490098476409912,0.7672932147979736,1.1361929178237915
1403901161460076546,negative,0.5956968665122986,0.7763509154319763,1.0815860033035278
1403901161472610304,neutral,1.9200304746627808,0.0010941475629806519,1.3634591102600098
1403901162542145537,neutral,1.5676320791244507,-0.5248143076896667,1.3224166631698608
1403901162936487940,positive,1.453308343887329,3.089534282684326,-1.0556615591049194
1403901163762634754,positive,1.104210615158081,2.3832976818084717,-0.31490758061408997
1403901164404494343,neutral,1.9425568580627441,0.27754196524620056,0.6770304441452026
1403901165411082246,positive,1.6298012733459473,1.8728724718093872,-0.3122558891773224
1403901165700583428,negative,0.5666109919548035,-0.8695406913757324,3.228282928466797
1403901166736523264,neutral,1.1201436519622803,0.4443363845348358,0.2529602646827698
1403901166744870915,positive,2.2432477474212646,2.263446807861328,-0.4768962264060974
1403901167332065285,positive,0.4400503635406494,1.9212802648544312,0.8281447291374207
1403901167390773252,positive,2.2432477474212646,2.263446807861328,-0.4768962264060974
1403901167675973632,negative,1.3416740894317627,-1.0802123546600342,2.9748754501342773
1403901167764004868,neutral,1.7444570064544678,0.8505855202674866,0.4409322738647461
1403901168284311552,negative,1.1069566011428833,-0.4871637523174286,2.063549041748047
1403901168443543552,negative,0.9290570020675659,-0.8604663610458374,3.0285754203796387
1403901169408217091,negative,1.1353546380996704,-0.2905583679676056,1.2604364156723022
1403901170972647428,positive,1.6851985454559326,3.039599895477295,-0.5585665106773376
1403901171983536129,negative,0.4564964473247528,-0.8170602321624756,3.7533466815948486
1403901172306497543,positive,1.9316705465316772,2.1811795234680176,-0.5911885499954224
1403901172444852224,neutral,1.8843358755111694,1.8005821704864502,-0.8493801951408386
1403901172445073408,negative,0.7055714130401611,-0.6770667433738708,2.8967883586883545
1403901173447282691,negative,0.6083359122276306,-0.8417008519172668,3.207139492034912
1403901173724172291,neutral,2.108383893966675,0.8373886346817017,0.29860588908195496
1403901174483464195,negative,0.7055714726448059,-0.6770668029785156,2.8967885971069336
1403901174604988418,neutral,3.530146598815918,1.6300078630447388,-1.0650413036346436
1403901174915518465,positive,1.1621659994125366,2.115663528442383,-0.12380342930555344
1403901175313825797,negative,0.8681844472885132,-0.8397397994995117,3.5041444301605225
1403901175800401923,neutral,1.9425568580627441,0.27754196524620056,0.6770304441452026
1403901176844718081,positive,1.685198426246643,3.039599895477295,-0.5585665106773376
1403901178249814016,neutral,1.352751612663269,1.1552402973175049,0.3981669843196869
1403901178619039745,negative,0.9095742702484131,-0.9635969996452332,2.602449893951416
1403901179629760519,neutral,1.8942643404006958,0.4445686340332031,1.0753717422485352
1403901180246364162,neutral,2.4055380821228027,-0.5972002744674683,1.1527477502822876
1403901181592748033,neutral,1.9278104305267334,0.8940420746803284,0.08874858915805817
1403901182045687808,negative,1.069362759590149,-0.3357402980327606,1.8266334533691406
1403901183140507652,negative,1.4816653728485107,-0.22484716773033142,1.5990266799926758
1403901183475945473,negative,1.2866567373275757,-1.013018250465393,2.2918200492858887
1403901183492870149,negative,0.7547623515129089,-1.047903060913086,3.0868074893951416
1403901183530442752,neutral,1.615647792816162,1.003430724143982,0.9610843062400818
1403901184079917056,neutral,1.1035362482070923,0.09279137849807739,0.8597953915596008
1403901184256008194,negative,1.3916521072387695,0.024218998849391937,1.764966368675232
1403901184512036872,negative,1.2221051454544067,-0.6352683901786804,1.8155165910720825
1403901184922951681,positive,1.3347543478012085,1.6714847087860107,0.260794460773468
1403901185132666885,positive,1.0564757585525513,1.4444172382354736,0.171746626496315
1403901185250127874,negative,1.3337150812149048,-1.0725457668304443,2.486534833908081
1403901185476624387,neutral,2.37253737449646,1.4824899435043335,-0.5567614436149597
1403901185904582656,negative,0.2763979434967041,0.35744673013687134,2.687436103820801
1403901186068172802,neutral,2.324093818664551,1.8671234846115112,-0.3628852963447571
1403901186135056386,neutral,1.6855746507644653,0.37137287855148315,0.37932196259498596
1403901186420330498,neutral,3.530146598815918,1.6300078630447388,-1.0650413036346436
1403901186491568130,neutral,1.764794945716858,-0.8007181882858276,1.4599816799163818
1403901187028512773,negative,1.0627849102020264,-0.004294149577617645,1.7522209882736206
1403901187213123586,neutral,1.4182196855545044,0.8912089467048645,0.3669700026512146
1403901187401805829,negative,1.6972275972366333,-0.7662344574928284,2.077432155609131
1403901187565535237,negative,1.3503535985946655,-0.8688541054725647,2.296276092529297
1403901187837939712,neutral,1.5403478145599365,-0.36437079310417175,1.2615406513214111
1403901188282617856,neutral,2.1405961513519287,1.3057410717010498,0.16364893317222595
1403901188974661633,positive,2.2432477474212646,2.263446807861328,-0.4768962264060974
1403901190228692993,negative,1.589642882347107,-1.0690412521362305,2.2065751552581787
1403901190765789185,negative,1.5652889013290405,-1.085192084312439,2.5746676921844482
1403901190878924806,positive,0.7953214645385742,2.8157246112823486,-0.45065489411354065
1403901191096918018,negative,1.5686869621276855,-0.958339273929596,1.9487159252166748
1403901192418193409,negative,0.8414149880409241,-0.4310847818851471,2.3124544620513916
1403901193215221763,negative,1.2597882747650146,-0.4795134961605072,1.9639441967010498
1403901193743601665,negative,0.6740867495536804,-0.23148924112319946,1.568722128868103
1403901193840066561,neutral,3.530146598815918,1.6300078630447388,-1.0650413036346436
1403901193986867201,neutral,1.6855746507644653,0.37137287855148315,0.37932196259498596
1403901194062422016,neutral,1.1972854137420654,0.23835930228233337,0.37437549233436584
1403901194125389826,positive,1.8048175573349,5.468282699584961,-1.4541466236114502
1403901196667133954,negative,1.0558381080627441,-0.766416609287262,1.7205195426940918
1403901196771872769,neutral,2.3954966068267822,0.3232612907886505,0.19521786272525787
1403901196822204424,positive,1.1380767822265625,1.7304307222366333,0.4977683126926422
1403901196826550276,negative,1.1181747913360596,-1.123650074005127,3.1347453594207764
1403901197237383168,positive,0.0926804393529892,1.307426929473877,0.2049468755722046
1403901197237489669,negative,0.9633998870849609,0.12226127088069916,1.6342637538909912
1403901197652799488,negative,1.0656734704971313,-0.2999629080295563,1.993919849395752
1403901197703168001,negative,0.5049620270729065,0.9324030876159668,1.3395769596099854
1403901198294466562,neutral,0.7636217474937439,0.49377569556236267,0.24299131333827972
1403901199024332800,neutral,1.7310503721237183,0.5471149682998657,0.48402899503707886
1403901199334526981,neutral,2.077599287033081,0.2217726707458496,0.3893819749355316
1403901199384858625,negative,1.3783894777297974,0.08099628984928131,1.7644765377044678
1403901199485575168,neutral,1.8465583324432373,0.26153284311294556,0.8612266182899475
1403901199573651456,negative,0.7254949808120728,0.3055134415626526,1.6299118995666504
1403901199712198657,negative,1.15237557888031,-0.10006093233823776,1.6587793827056885
1403901200001486850,positive,2.2271289825439453,3.158660650253296,-1.0253105163574219
1403901200043442176,neutral,1.4049962759017944,0.2803873121738434,0.2573905289173126
1403901200123170818,negative,1.3916521072387695,0.024218998849391937,1.764966368675232
1403901200471257090,negative,1.0448843240737915,-0.8672221899032593,2.1874654293060303
1403901200785760257,neutral,2.10337233543396,0.8033485412597656,0.1839624047279358
1403901200886603777,negative,0.8054560422897339,-0.392952024936676,1.6870698928833008
1403901201419223041,neutral,1.3877557516098022,1.076258897781372,1.1066443920135498
1403901201423355910,negative,1.205357551574707,-0.24394026398658752,1.8410511016845703
1403901201687711748,neutral,1.5977998971939087,0.07402770221233368,0.7179110646247864
1403901201847103494,neutral,1.2879942655563354,0.6079393625259399,0.7769249081611633
1403901202149036035,neutral,2.3954966068267822,0.3232612907886505,0.19521787762641907
1403901202446888964,negative,1.413556456565857,-0.766951322555542,1.600279450416565
1403901202513895424,neutral,1.9403049945831299,-0.6860625743865967,0.965177595615387
1403901203059200001,positive,0.5756510496139526,0.7273508906364441,-0.045627422630786896
1403901203969306625,negative,1.2212947607040405,-0.5414302349090576,2.003859519958496
1403901204422406151,neutral,1.3302655220031738,0.7963732481002808,0.5328423976898193
1403901207022915592,neutral,2.506451368331909,1.4469835758209229,-0.5270968675613403
1403901207492632580,negative,1.5035513639450073,-0.46779337525367737,1.6965627670288086
1403901208696393730,neutral,1.222633957862854,0.3050175607204437,1.2190285921096802
1403901208956313604,neutral,2.234332799911499,0.5764690041542053,-0.08703844994306564
1403901209165975552,positive,1.9390074014663696,5.046139717102051,-1.3238823413848877
1403901209212166146,negative,0.6562144756317139,-0.07526702433824539,1.5576773881912231
1403901209224781826,neutral,1.442116141319275,0.4922911822795868,0.8234272599220276
1403901210382553090,negative,0.3591228723526001,-0.08952770382165909,0.7399529814720154
1403901211615498240,negative,0.9256191849708557,0.3704262673854828,1.2310330867767334
1403901211678490624,negative,0.34049689769744873,0.0011631771922111511,1.1991305351257324
1403901211938537474,neutral,1.7979450225830078,0.26561540365219116,-0.006079481914639473
1403901212597145601,negative,1.8013759851455688,-1.0041526556015015,1.9623003005981445
1403901212726943744,neutral,1.7022572755813599,-0.09175009280443192,1.100746989250183
1403901213469335552,neutral,1.6152551174163818,0.9625687599182129,0.6381760239601135
1403901213599436801,neutral,1.4663712978363037,0.1219346895813942,1.0491636991500854
1403901214287409152,negative,0.4777655601501465,-0.018888242542743683,0.4945775270462036
1403901215059197953,negative,0.5666109323501587,-0.8695406913757324,3.228283166885376
1403901215310815237,negative,1.2977992296218872,0.18623913824558258,1.4122564792633057
1403901215939829763,negative,1.0564080476760864,-0.8467823266983032,1.9225053787231445
1403901216564854790,negative,1.4314415454864502,-1.048387885093689,2.3978028297424316
1403901217525354501,neutral,1.895522117614746,-0.6867144107818604,1.520538330078125
1403901217957363717,neutral,1.4182196855545044,0.8912089467048645,0.3669700026512146
1403901218183729154,neutral,1.9561946392059326,0.0001256018877029419,1.1441842317581177
1403901218431266821,neutral,2.5502030849456787,1.2705146074295044,-0.7324721217155457
1403901218787835910,neutral,1.8653793334960938,-0.7673307061195374,1.3515477180480957
1403901218888552450,neutral,2.7098772525787354,1.154083251953125,-0.8018341660499573
1403901219194642433,neutral,2.6163887977600098,1.794862985610962,-0.3423825204372406
1403901219245068289,negative,1.4676976203918457,-0.9921743273735046,2.338759183883667
1403901219861639169,negative,1.007143259048462,-1.2359178066253662,3.5812606811523438
1403901220020961281,negative,1.5003093481063843,-1.0843690633773804,2.319007635116577
1403901220272541696,negative,1.2237553596496582,-0.46682658791542053,2.20353364944458
1403901220364951557,neutral,1.615647792816162,1.003430724143982,0.9610843062400818
1403901220654260225,neutral,1.7190295457839966,0.3016170263290405,1.5750664472579956
1403901220973072387,negative,0.9088468551635742,0.261699914932251,1.0572433471679688
1403901223070097409,neutral,1.9554355144500732,0.24206146597862244,0.9459857940673828
1403901223531593730,positive,1.3209025859832764,1.9842811822891235,0.005960669368505478
1403901223871340544,negative,1.1825858354568481,-0.793500542640686,2.1936371326446533
1403901224978505733,neutral,2.058189630508423,-0.8383658528327942,1.4405417442321777
1403901225817550850,neutral,1.9689851999282837,1.921219825744629,-0.3725758492946625
1403901226413080580,neutral,2.145364761352539,0.31558653712272644,0.3672011196613312
1403901226450919430,negative,1.1004724502563477,-0.2685442864894867,1.2728277444839478
1403901227268816897,positive,1.268401861190796,3.841362953186035,-0.07341860979795456
1403901227478380544,negative,1.311780571937561,-1.3488850593566895,3.847764253616333
1403901227520380936,neutral,1.5977998971939087,0.07402771711349487,0.7179110646247864
1403901229093330944,negative,0.260532408952713,0.4118541479110718,1.7975035905838013
1403901229521113091,neutral,1.1972854137420654,0.23835930228233337,0.37437549233436584
1403901229902729222,negative,1.054574728012085,-0.51563960313797,1.2932757139205933
1403901230330564608,negative,0.9605686664581299,-0.741463840007782,2.587991237640381
1403901230594789377,neutral,1.6664265394210815,0.614400327205658,0.8110721707344055
1403901231093846016,negative,1.353829264640808,-0.7150952219963074,1.562444806098938
1403901231534333957,neutral,1.2571829557418823,0.4728550314903259,1.0576215982437134
1403901231605686272,neutral,1.559478998184204,-0.7489739060401917,1.509450912475586
1403901232662466562,neutral,1.7789418697357178,-0.7480238676071167,1.7247915267944336
1403901233186828289,neutral,0.8083209991455078,0.6056852340698242,0.6609793305397034
1403901234273153027,negative,0.4815877676010132,-0.09970200806856155,2.587979316711426
1403901234881478658,negative,0.8626240491867065,-0.4554513394832611,1.902522325515747
1403901234889691137,neutral,1.6525161266326904,0.5545613169670105,0.7786431312561035
1403901236017958913,neutral,1.9459930658340454,1.252648949623108,-0.3426055908203125
1403901236059934722,neutral,1.637675404548645,0.45437195897102356,0.5790775418281555
1403901236395397121,neutral,1.5989692211151123,0.4222426116466522,-0.3068048059940338
1403901236416598016,negative,0.43670758605003357,-0.9448011517524719,2.5969133377075195
1403901236747853825,positive,1.2134838104248047,2.25250244140625,0.27153852581977844
1403901237330853891,neutral,2.1359024047851562,-0.8258272409439087,1.3338956832885742
1403901238018641921,neutral,1.749643325805664,-0.07095742970705032,1.0121351480484009
1403901238303813632,positive,1.9316705465316772,2.1811795234680176,-0.5911885499954224
1403901238488440838,positive,2.2432477474212646,2.263446807861328,-0.4768962264060974
1403901239415300101,positive,0.599632203578949,4.054488658905029,0.44535112380981445
1403901240635887616,negative,1.0852570533752441,-1.1752991676330566,3.0253994464874268
1403901240996737024,negative,1.1483635902404785,-0.24242445826530457,2.1404316425323486
1403901241286004736,negative,1.2213280200958252,-1.2218204736709595,3.125633716583252
1403901241386618880,neutral,2.3042831420898438,1.328320860862732,0.09090665727853775
1403901241453842433,negative,1.1704636812210083,-0.9471303820610046,2.7232768535614014
1403901241546117120,neutral,1.7817291021347046,-0.5288119316101074,1.6570783853530884
1403901242099830790,negative,1.2137174606323242,0.018152043223381042,1.3634674549102783
1403901242921787393,negative,0.3902345597743988,0.09124396741390228,2.9282329082489014
1403901243886432257,neutral,1.4217413663864136,-0.2778404951095581,0.9727910757064819
1403901244008185859,neutral,1.7533273696899414,0.6947687268257141,-0.10570207983255386
1403901244070977537,neutral,1.2819793224334717,-0.003551095724105835,1.2420254945755005
1403901244310175745,neutral,1.615647792816162,1.003430724143982,0.9610843062400818
1403901245463711759,negative,1.1928852796554565,-0.24039021134376526,1.4821234941482544
1403901245610336265,neutral,1.9473471641540527,0.7833623886108398,0.10200798511505127
1403901245866135557,negative,0.3158823847770691,-0.6506621837615967,2.8523542881011963
1403901247015600134,neutral,2.4597203731536865,0.4879799783229828,0.4230387508869171
1403901247489417216,negative,1.4657363891601562,-0.5967385768890381,2.2052509784698486
1403901247543934977,negative,1.3366817235946655,-0.15887650847434998,1.4055930376052856
1403901247795601408,neutral,1.8971370458602905,-0.15716713666915894,1.0333062410354614
1403901248357769217,positive,1.5213768482208252,2.605334997177124,0.19165274500846863
1403901248458264580,negative,1.4265238046646118,0.04154406115412712,1.4436591863632202
1403901248793767943,neutral,1.637675404548645,0.45437198877334595,0.5790776014328003
1403901249016107015,positive,2.4689531326293945,3.5434131622314453,-1.166272521018982
1403901249704005633,neutral,1.615647792816162,1.003430724143982,0.9610843062400818
1403901250823856131,negative,1.3783894777297974,0.08099628984928131,1.7644765377044678
1403901250840662017,negative,1.0310578346252441,-0.06955104321241379,1.6567561626434326
1403901251453165572,negative,1.3558651208877563,-0.28091540932655334,1.6360313892364502
1403901251759263748,neutral,1.5451277494430542,0.6438796520233154,0.32067784667015076
1403901252124164096,neutral,1.5633779764175415,-0.3761148154735565,1.1459091901779175
1403901253197852674,neutral,3.3266918659210205,1.7787433862686157,-1.1394555568695068
1403901254187851781,negative,0.8978457450866699,-0.29329296946525574,1.9816944599151611
1403901254321938441,neutral,1.749643325805664,-0.07095742970705032,1.0121351480484009
1403901254854602753,negative,1.5908018350601196,-0.38131389021873474,1.6988087892532349
1403901255496474625,positive,0.2785719633102417,0.4295355975627899,0.2248191088438034
1403901255802523658,positive,0.34085187315940857,2.1296584606170654,-0.10629413276910782
1403901256532328454,neutral,1.9868810176849365,-0.6137557029724121,0.883525550365448
1403901257039986688,neutral,0.8901901245117188,-0.3604661524295807,0.8069279789924622
1403901257052524545,negative,1.0883618593215942,-0.5602695345878601,1.920455813407898
1403901257056587778,neutral,3.530146598815918,1.6300078630447388,-1.0650413036346436
1403901257081831429,negative,0.9268693327903748,-0.034183941781520844,1.6527594327926636
1403901257522221061,positive,0.924879789352417,2.4297053813934326,-0.008412579074501991
1403901257547456515,negative,1.1203237771987915,-0.4768703877925873,2.393198013305664
1403901257568473092,neutral,2.506451368331909,1.4469835758209229,-0.5270968675613403
1403901257832484865,neutral,1.615647792816162,1.003430724143982,0.9610843062400818
1403901257962688513,neutral,0.9688684344291687,0.2537844777107239,0.6996529698371887
1403901258138804228,neutral,2.601191997528076,1.7843331098556519,-0.6702145934104919
1403901258855903234,positive,1.3478368520736694,1.8178296089172363,-0.030096279457211494
1403901259111931906,negative,0.2855222821235657,-0.44896480441093445,2.4479775428771973
1403901259208331265,neutral,1.4182196855545044,0.8912089467048645,0.3669700026512146
1403901260118495233,neutral,2.8217251300811768,0.025734856724739075,0.5355105996131897
1403901260634361856,negative,1.3134132623672485,-0.5762357115745544,1.6616077423095703
1403901261808902148,positive,0.24194470047950745,0.9218271970748901,0.6420595049858093
1403901262513516548,neutral,1.6837409734725952,-0.5989881157875061,1.2089701890945435
1403901262685343744,negative,1.1910048723220825,0.09862446784973145,1.2045561075210571
1403901262899212291,negative,0.8956301212310791,0.07576625049114227,1.4777716398239136
1403901263138496512,neutral,2.6754703521728516,1.1542543172836304,-0.23154263198375702
1403901263142473730,neutral,2.870659112930298,1.0370525121688843,-0.9623222947120667
1403901263750713350,neutral,2.077286720275879,2.0228755474090576,-0.5559775829315186
1403901263931232256,neutral,2.7626304626464844,0.49918949604034424,-0.6445435285568237
1403901264061075459,neutral,1.895522117614746,-0.6867144107818604,1.520538330078125
1403901264291930115,neutral,1.1228432655334473,0.3682563602924347,0.6373825073242188
1403901264384172033,negative,1.3657715320587158,-0.8032572865486145,2.3735835552215576
1403901264694431750,negative,1.272011637687683,-1.3896079063415527,3.609194755554199
1403901265126506503,neutral,2.506451368331909,1.4469835758209229,-0.5270968675613403
1403901266539925504,neutral,0.8026779294013977,0.6569034457206726,0.44368472695350647
1403901266711875588,neutral,1.6855746507644653,0.37137287855148315,0.37932196259498596
1403901266913288197,negative,1.6102837324142456,-0.10294780880212784,1.6718971729278564
1403901267814977536,negative,1.3416740894317627,-1.0802123546600342,2.9748754501342773
1403901267899043844,positive,0.8749955296516418,2.5600240230560303,-0.2350870817899704
1403901268016480256,negative,0.9847419261932373,-0.07041773945093155,1.454284429550171
1403901268523847683,positive,1.0337375402450562,1.2618318796157837,0.7297882437705994
1403901268544864258,negative,1.2099940776824951,0.3448276221752167,1.274100422859192
1403901269102632960,negative,1.4256025552749634,-0.32780247926712036,2.224699020385742
1403901270138572804,negative,1.0200248956680298,-0.8834101557731628,2.8323159217834473
1403901271422259207,neutral,1.6371614933013916,-0.42071637511253357,1.4392434358596802
1403901271619170308,negative,1.2213280200958252,-1.2218204736709595,3.1256344318389893
1403901271661170689,negative,1.0816760063171387,-0.43734756112098694,1.6716021299362183
1403901272139309060,neutral,1.1720404624938965,-0.6263821125030518,1.0933582782745361
1403901272357490689,neutral,1.8445196151733398,0.2366166114807129,0.8432996869087219
1403901272529551360,neutral,1.4592134952545166,0.5933533906936646,0.513079047203064
1403901273162792962,negative,0.534855306148529,-0.8909215927124023,2.731860399246216
1403901273703731202,neutral,2.440263032913208,0.4998101592063904,-0.06921745836734772
1403901273884151817,negative,1.2044110298156738,-1.1447970867156982,2.793743848800659
1403901274232348675,negative,1.6490880250930786,-0.7606072425842285,1.8006384372711182
1403901277004648450,neutral,2.1423227787017822,-0.11405438929796219,0.9149993658065796
1403901277126471683,negative,1.3215253353118896,-0.9542279839515686,2.4959359169006348
1403901277252337667,neutral,1.2400773763656616,0.850336492061615,0.11373044550418854
1403901277759709184,neutral,1.3630785942077637,-0.017042160034179688,1.0937660932540894
1403901278787416064,neutral,2.117527723312378,-0.33211609721183777,1.1511931419372559
1403901279164801025,positive,1.9390074014663696,5.046139717102051,-1.3238823413848877
1403901279374557186,negative,0.9111318588256836,-1.0318018198013306,2.793137311935425
1403901279596736513,positive,2.2432477474212646,2.263446807861328,-0.4768962264060974
1403901280641224705,negative,0.9063640832901001,-0.36336907744407654,2.1074891090393066
1403901280842489858,negative,1.3872703313827515,-1.1404693126678467,2.632742166519165
1403901281014538243,neutral,1.1718535423278809,0.1868899017572403,1.165610432624817
1403901281370918916,neutral,1.6433557271957397,0.9968286752700806,0.1413259506225586
1403901281693929472,neutral,1.6004142761230469,0.8650837540626526,-0.3360368013381958
1403901282092347395,neutral,1.9414633512496948,0.09863454103469849,0.6168242692947388
1403901282113536005,negative,1.1525475978851318,0.0673246681690216,1.8022304773330688
1403901282251911172,negative,1.054574728012085,-0.51563960313797,1.2932757139205933
1403901282310496257,negative,1.542518973350525,-1.1342439651489258,2.5393550395965576
1403901282486788096,neutral,2.6754703521728516,1.1542543172836304,-0.23154263198375702
1403901283006832641,negative,0.909320056438446,-0.7033921480178833,2.4386708736419678
1403901283204014091,neutral,1.7214484214782715,1.5464037656784058,-0.27014419436454773
1403901283292139525,negative,1.5864418745040894,-0.9483321309089661,1.8058310747146606
1403901283631702017,negative,0.7108231782913208,-0.600246787071228,1.7857749462127686
1403901284344795137,negative,0.7610408663749695,0.2710925042629242,1.2348039150238037
1403901284843880454,positive,0.8886141180992126,2.050321578979492,0.13054484128952026
1403901285250732034,negative,1.4180810451507568,-0.916871964931488,1.84280526638031
1403901285326331905,negative,1.1925773620605469,-0.8304471373558044,2.3460044860839844
1403901285355573248,negative,0.7002885341644287,-0.2802177965641022,2.272458553314209
1403901285401870340,positive,0.1236187145113945,2.2439260482788086,-0.17987222969532013
1403901287872163841,neutral,2.125765085220337,1.3448431491851807,-0.4675026535987854
1403901287905722368,negative,1.0200248956680298,-0.8834101557731628,2.8323159217834473
1403901289210073088,positive,0.9750127196311951,2.5952768325805664,-0.1955806165933609
1403901289600278530,neutral,1.7441295385360718,-0.5207387804985046,1.292658805847168
1403901290447572993,neutral,1.615647792816162,1.003430724143982,0.9610843062400818
1403901291370323968,neutral,1.0779736042022705,0.8283191323280334,-0.1045321598649025
1403901291642843136,neutral,2.1832115650177,1.3436704874038696,-0.046759121119976044
1403901291747807240,negative,0.7081603407859802,-0.8811776638031006,2.6759748458862305
1403901291995164674,negative,1.6002131700515747,-0.9755409359931946,2.176631212234497
1403901292414586886,neutral,1.438926100730896,0.956607460975647,0.9332791566848755
1403901292758585344,negative,0.2618948221206665,0.5977697968482971,1.2697042226791382
1403901293123473413,negative,1.3309932947158813,-0.7563201189041138,1.7499388456344604
1403901293689815043,neutral,1.6836563348770142,0.3309452533721924,-0.156228169798851
1403901293756915723,negative,0.5666109323501587,-0.8695406913757324,3.228283166885376
1403901294197182468,neutral,0.9916874170303345,0.7398025393486023,0.8436294198036194
1403901294423666691,neutral,1.615647792816162,1.003430724143982,0.9610843062400818
1403901296432668681,neutral,1.2079204320907593,0.6274724006652832,0.6209599375724792
1403901297246367753,neutral,2.1617162227630615,-1.0657998323440552,2.0157406330108643
1403901297456209920,neutral,1.9351364374160767,0.26819753646850586,0.5195210576057434
1403901297665978369,negative,1.5016510486602783,-0.8024807572364807,1.5894004106521606
1403901297678446593,positive,1.9316705465316772,2.1811795234680176,-0.5911885499954224
1403901297959477253,negative,0.6188212633132935,-0.2865886390209198,2.0065202713012695
1403901298123186176,neutral,2.43680477142334,-0.2868698537349701,0.9946734309196472
1403901298228015104,neutral,1.8445196151733398,0.2366166114807129,0.8432996869087219
1403901298290966531,negative,1.0867265462875366,-0.3394848704338074,2.0128977298736572
1403901298416656387,neutral,2.0336596965789795,-0.2897997200489044,1.2533206939697266
1403901299272294403,neutral,1.2052628993988037,0.8534552454948425,0.6124579906463623
1403901299599593475,neutral,2.7265055179595947,0.2766403257846832,0.4725339114665985
1403901299750576128,neutral,1.8445196151733398,0.2366166114807129,0.8432996869087219
1403901300790624258,negative,1.6729505062103271,-1.2141132354736328,2.7939484119415283
1403901301012959239,neutral,1.895522117614746,-0.6867144107818604,1.520538330078125
1403901301172342786,negative,0.12829051911830902,-0.09465529769659042,2.13848876953125
1403901301176651779,neutral,3.0787622928619385,2.1326944828033447,-0.435810387134552
1403901301407182849,neutral,1.5067555904388428,0.7582563161849976,0.5623143315315247
1403901302518685697,neutral,1.365983247756958,-0.02624877542257309,1.3223857879638672
1403901302816575503,neutral,1.5833392143249512,0.3938925862312317,0.8823683261871338
1403901303395209216,neutral,2.6754703521728516,1.1542543172836304,-0.23154263198375702
1403901304469016578,neutral,1.5915627479553223,0.31362786889076233,0.7126535773277283
1403901304779464707,negative,1.2740951776504517,-0.44238993525505066,1.5912858247756958
1403901305840541700,neutral,1.8502781391143799,-0.44653740525245667,1.3045116662979126
1403901306230632448,negative,0.9114477634429932,-1.1587879657745361,3.262824296951294
1403901306964615169,negative,1.1043612957000732,-1.030840277671814,2.7649717330932617
1403901307526729728,neutral,1.0301942825317383,-0.007536016404628754,1.0088900327682495
1403901307639910404,negative,0.3011270761489868,-0.7309651374816895,2.3763115406036377
1403901307686207496,negative,0.6766274571418762,0.08377773314714432,0.7003989219665527
1403901308013268993,neutral,2.1481027603149414,0.35649314522743225,0.23311759531497955
1403901308898185217,positive,1.7462823390960693,1.8249917030334473,-0.0877644345164299
1403901309837742084,negative,1.3783894777297974,0.08099628984928131,1.7644765377044678
1403901309930012676,neutral,1.7524349689483643,0.4447217583656311,0.8980308175086975
1403901310739517440,neutral,1.8445196151733398,0.2366166114807129,0.8432996869087219
1403901310907281411,negative,1.4994511604309082,-0.6636359095573425,1.6117126941680908
1403901313088425986,negative,1.1873719692230225,-1.2799606323242188,3.2916951179504395
1403901314447327235,neutral,1.3731167316436768,1.2624843120574951,1.1892435550689697
1403901315600699392,negative,1.149815320968628,-0.8560168147087097,2.2069642543792725
1403901315709870082,neutral,1.8445197343826294,0.2366165816783905,0.8432996869087219
1403901316053807106,neutral,1.615647792816162,1.003430724143982,0.9610843062400818
1403901316242448385,positive,1.6981616020202637,2.0388553142547607,-0.4019085764884949
1403901316259319812,neutral,1.6122567653656006,0.011630766093730927,0.8772608637809753
1403901317429399554,positive,0.07537423074245453,1.6748946905136108,-0.12677516043186188
1403901317542674433,positive,0.9066717624664307,1.0157121419906616,-0.04379577189683914
1403901317890859012,neutral,1.285014271736145,0.863256573677063,0.8285009860992432
1403901318054350849,negative,1.4012995958328247,-0.9999961853027344,2.2744200229644775
1403901318763368450,negative,0.7533397078514099,-1.0837547779083252,3.2508914470672607
1403901319174262784,neutral,1.365983247756958,-0.02624877542257309,1.3223857879638672
1403901319446810624,negative,1.5462321043014526,-0.9039551615715027,1.9369906187057495
1403901319916797955,negative,1.272011637687683,-1.3896079063415527,3.609194755554199
1403901320499654660,negative,0.4959074854850769,-0.6667346954345703,2.4234635829925537
1403901320545771531,negative,1.2152096033096313,-1.189894199371338,3.06391978263855
1403901320617205762,negative,1.631609559059143,-1.276121973991394,2.7665488719940186
1403901320982155265,neutral,2.7540805339813232,1.4491443634033203,-0.6930136680603027
1403901321212739591,neutral,2.1617162227630615,-1.0657998323440552,2.0157406330108643
1403901322198282241,neutral,1.6129077672958374,0.7218695878982544,0.22989290952682495
1403901322227769347,neutral,2.2055623531341553,1.1720941066741943,-0.19411469995975494
1403901322450010113,negative,1.3366817235946655,-0.1588764786720276,1.4055930376052856
1403901323225931777,neutral,3.530146598815918,1.6300077438354492,-1.065041184425354
1403901324853456897,neutral,1.3820297718048096,-0.022215813398361206,0.9734161496162415
1403901325000294404,negative,0.7485975623130798,-0.3924669623374939,1.1560981273651123
1403901326006927367,negative,0.48769545555114746,-0.48116424679756165,2.8797340393066406
1403901326250201093,negative,1.054574728012085,-0.51563960313797,1.2932757139205933
1403901326333943813,positive,1.8234153985977173,3.3602068424224854,-1.295643925666809
1403901326413766657,neutral,1.9053356647491455,-0.4159407317638397,0.9914839863777161
1403901328523415558,neutral,1.5977998971939087,0.07402770221233368,0.7179110646247864
1403901328645046272,neutral,2.306674003601074,-0.3815867304801941,0.8096886873245239
1403901329861349381,negative,1.3296319246292114,0.7101888060569763,1.6130057573318481
1403901331178360835,negative,1.5462321043014526,-0.9039551615715027,1.9369906187057495
1403901331283320834,negative,1.0589878559112549,-0.9631692171096802,2.1940481662750244
1403901331497230340,neutral,2.615124225616455,1.8658961057662964,-0.6828368306159973
1403901332633751553,negative,1.4957566261291504,-0.6838956475257874,1.7236348390579224
1403901333028032516,negative,0.9028708934783936,-0.366254985332489,1.8749768733978271
1403901334286331913,neutral,1.1562882661819458,0.9417855739593506,0.23110875487327576
1403901334458441728,neutral,1.6854201555252075,0.5920380353927612,0.16958120465278625
1403901334986932228,neutral,1.4659043550491333,-0.4316388666629791,1.0249764919281006
1403901335703986181,neutral,2.2191741466522217,-0.3754155933856964,0.8715252876281738
1403901336236740609,negative,1.483538269996643,0.5047315359115601,1.503318190574646
1403901336941318147,positive,1.685198426246643,3.039599895477295,-0.5585665106773376
1403901337281175555,positive,1.8646759986877441,1.9444365501403809,0.020454667508602142
1403901338853908484,negative,1.3783894777297974,0.08099628984928131,1.7644765377044678
1403901339122417669,neutral,2.306673765182495,-0.38158664107322693,0.8096886873245239
1403901339130806274,negative,0.4879418611526489,-1.242814540863037,3.7364392280578613
1403901339378196484,neutral,1.685120701789856,0.32389113306999207,0.16002018749713898
1403901339554430985,neutral,1.778090000152588,0.6428201794624329,-0.4687674939632416
1403901339642437632,neutral,3.530146598815918,1.6300078630447388,-1.0650413036346436
1403901339667734532,neutral,0.8043050765991211,0.5374251008033752,0.6917459964752197
1403901339759939588,neutral,1.6855746507644653,0.37137287855148315,0.37932196259498596
1403901339801841666,neutral,1.7659844160079956,-0.44653013348579407,1.4973394870758057
1403901339973734400,neutral,1.7757548093795776,0.414730429649353,0.7451025247573853
1403901340141559810,neutral,1.74595308303833,-0.6150237321853638,1.2632532119750977
1403901341035028480,positive,1.5646958351135254,2.0517051219940186,0.6434214115142822
1403901341064253441,neutral,3.061279773712158,1.8264435529708862,-0.22148920595645905
1403901341068562434,negative,0.6725708842277527,-0.840709388256073,2.0867393016815186
1403901341454503937,negative,1.264915108680725,-0.3722284138202667,1.4042580127716064
1403901341496492034,neutral,1.6855746507644653,0.37137287855148315,0.37932196259498596
1403901341500575749,neutral,1.8653793334960938,-0.7673307657241821,1.3515478372573853
1403901342444404738,negative,0.9319635033607483,-0.48652634024620056,1.2035949230194092
1403901343681687557,neutral,1.8772246837615967,-0.7698121666908264,1.1950713396072388
1403901343732047872,neutral,2.117527723312378,-0.33211609721183777,1.1511931419372559
1403901344319086592,neutral,1.7813218832015991,-0.6913558840751648,1.238295078277588
1403901345422315521,negative,0.2449820339679718,-0.616614818572998,1.9597924947738647
1403901345514598400,neutral,2.178636312484741,-0.5951839089393616,0.4340347945690155
1403901345594290181,negative,1.049437403678894,-0.1589459478855133,1.4622228145599365
1403901346068238338,negative,0.860024631023407,0.16325843334197998,1.7047165632247925
1403901346416250880,positive,1.2503905296325684,1.3471198081970215,0.3398738503456116
1403901346663735296,neutral,2.1372427940368652,0.8654077649116516,-0.03594415634870529
1403901347133464580,neutral,1.5644633769989014,-0.15652722120285034,0.8602383732795715
1403901347267764225,neutral,1.5348938703536987,0.11544539779424667,0.4653487503528595
1403901347427078151,negative,0.7818580865859985,-1.4356162548065186,4.030925273895264
1403901348853264385,neutral,2.5309994220733643,0.7896188497543335,0.13629959523677826
1403901349356507139,negative,1.1933749914169312,-0.3829077482223511,1.3637562990188599
1403901350128259074,neutral,2.570169448852539,-0.2895157039165497,0.5004926919937134
1403901350132523010,neutral,2.472476005554199,0.9342017769813538,0.06762886047363281
1403901350396706816,neutral,2.3061583042144775,0.5227155685424805,0.32168158888816833
1403901350455308293,negative,1.2643078565597534,-0.7385366559028625,2.6355252265930176
1403901350509912065,neutral,1.4340540170669556,-0.158622145652771,1.3099592924118042
1403901350933454850,neutral,1.675191879272461,0.026794523000717163,1.141197919845581
1403901351508185095,negative,1.380922794342041,-0.587473452091217,1.672706961631775
1403901352091152384,neutral,2.169309616088867,0.17105647921562195,1.2965402603149414
1403901352640659458,neutral,0.7867718935012817,0.030940812081098557,0.26275232434272766
1403901352913391622,neutral,1.6550211906433105,0.1593489646911621,0.9476357102394104
1403901353647394818,negative,0.7002519369125366,0.0552925281226635,1.430293083190918
1403901353840291843,negative,1.3323875665664673,-0.2926173806190491,1.521533727645874
1403901354444136450,neutral,2.2127935886383057,-0.7677675485610962,1.3203791379928589
1403901354859372548,negative,1.181307315826416,0.39784854650497437,1.3690811395645142
1403901355362639875,negative,1.1811085939407349,0.07272724062204361,1.6746410131454468
1403901356046307330,neutral,1.1115350723266602,0.2538411617279053,0.994918942451477
1403901356084105217,neutral,2.5010008811950684,-0.1322842836380005,0.32777339220046997
1403901356457426949,negative,1.6007444858551025,-1.2062618732452393,3.0223493576049805
1403901357522784256,negative,1.272011637687683,-1.3896079063415527,3.609194755554199
1403901357942267904,neutral,1.615647792816162,1.003430724143982,0.9610843062400818
1403901358839721994,positive,1.633068561553955,6.178654670715332,-1.7266031503677368
1403901359976550401,negative,0.5896872282028198,-0.8595636487007141,2.308940887451172
1403901360123219968,neutral,2.344187021255493,1.5696661472320557,-0.2736401855945587
1403901361138409476,neutral,1.1562882661819458,0.9417855739593506,0.23110875487327576
1403901361905754112,positive,1.4073877334594727,4.338794708251953,-0.3356780707836151
1403901362212065285,neutral,1.5426079034805298,0.5317460298538208,0.2307034283876419
1403901362321211411,negative,1.3431071043014526,-1.1898375749588013,3.191009044647217
1403901362463772676,negative,0.9864599704742432,-0.5773410797119141,1.4517544507980347
1403901362509860865,neutral,0.8942111730575562,0.8683931827545166,0.8689578771591187
1403901362950184960,neutral,3.530146598815918,1.6300078630447388,-1.0650413036346436
1403901363000680449,positive,0.24363479018211365,3.016009569168091,-0.6649143099784851
1403901363004882945,negative,1.5741015672683716,-0.7076513171195984,2.2796947956085205
1403901363210252292,neutral,2.005527973175049,0.669339120388031,0.443021297454834
1403901363684261890,neutral,2.0106756687164307,1.316152572631836,-0.2752142548561096
1403901364632051713,negative,0.8656577467918396,-0.8378424048423767,2.2339160442352295
1403901364653133827,neutral,1.2676647901535034,0.5322837829589844,0.5132730007171631
1403901364896477184,neutral,2.126412868499756,-0.8504927754402161,1.3406469821929932
1403901365684871169,neutral,1.0301942825317383,-0.007536016404628754,1.0088900327682495
1403901366385491971,negative,1.421513557434082,-0.723924458026886,1.4930353164672852
1403901369103360002,negative,1.323105812072754,-1.2230224609375,2.717540979385376
1403901369170362368,positive,1.7154676914215088,1.906812310218811,-0.19462184607982635
1403901369954750465,negative,1.5419694185256958,-0.5711339116096497,1.5968888998031616
1403901369958862849,negative,0.3132891058921814,0.1338401436805725,1.1570229530334473
1403901370537807873,neutral,1.2052628993988037,0.8534553050994873,0.6124580502510071
1403901370688696326,negative,0.8235472440719604,-0.5516248941421509,2.301069736480713
1403901371380736003,negative,1.129875659942627,0.11940059065818787,1.4824707508087158
1403901371829522439,positive,1.4851306676864624,2.497671127319336,-0.056630007922649384
1403901372513144833,neutral,2.6751205921173096,1.1149719953536987,-0.5254948735237122
1403901372949438467,positive,1.1362683773040771,3.3849055767059326,-0.8809607028961182
1403901373205286917,neutral,1.7200849056243896,-0.505726158618927,1.4143059253692627
1403901373218013186,negative,1.1947413682937622,-0.497107595205307,2.559420585632324
1403901373578575876,neutral,2.00586199760437,0.9802507758140564,0.31196925044059753
1403901373725364224,neutral,1.7424707412719727,-0.48000189661979675,1.2558344602584839
1403901374094532610,negative,1.3579686880111694,-1.1314327716827393,2.982217788696289
1403901374388002818,positive,1.0407402515411377,2.5226893424987793,-0.7236172556877136
1403901374669090816,neutral,2.710256576538086,1.0710591077804565,-0.09144946187734604
1403901374711185409,negative,0.7838587760925293,-0.8143433332443237,2.5138864517211914
1403901375025541122,negative,1.2719563245773315,-0.9859532713890076,2.7654953002929688
1403901375101116421,neutral,1.8445197343826294,0.2366165816783905,0.8432997465133667
1403901375206068224,negative,1.1827703714370728,-0.35468679666519165,1.80565345287323
1403901376254541828,neutral,1.1993281841278076,-0.10271971672773361,1.1657980680465698
1403901376594391044,neutral,1.469443917274475,0.01910240203142166,1.0444599390029907
1403901377064099845,positive,1.4538344144821167,3.363997459411621,-0.32176753878593445
1403901377579929603,neutral,1.00538969039917,0.035041335970163345,0.9730809330940247
1403901377588330497,neutral,1.534907579421997,1.0754650831222534,0.21577660739421844
1403901377848377347,negative,1.3341028690338135,-0.8697386384010315,2.08482027053833
1403901378188103682,negative,1.0918883085250854,-1.1978870630264282,2.707155704498291
1403901378725134338,negative,0.5666109323501587,-0.8695406913757324,3.228283166885376
1403901379127644166,negative,1.785577416419983,-0.9831061363220215,1.8858956098556519
1403901379136139264,negative,0.8042431473731995,-0.6029182076454163,1.793745517730713
1403901379308101636,neutral,1.2496684789657593,-0.5029563903808594,0.8154712319374084
1403901379622555656,negative,1.397279143333435,-1.0940473079681396,2.6723082065582275
1403901380633317377,neutral,1.920257806777954,-0.27524009346961975,1.333644151687622
1403901380641820673,negative,0.2614748477935791,-0.9285528063774109,2.9661128520965576
1403901381463793672,neutral,1.4340540170669556,-0.158622145652771,1.3099592924118042
1403901381786832898,neutral,0.8774242997169495,0.6009376645088196,0.28039732575416565
1403901382302838789,negative,1.1006866693496704,-0.459568053483963,1.6342592239379883
1403901382738931715,neutral,1.7720280885696411,0.18798643350601196,0.9708751440048218
1403901383963709442,positive,1.5079128742218018,1.5450831651687622,0.033083416521549225
1403901384148221958,neutral,1.8955223560333252,-0.6867144107818604,1.520538330078125
1403901384219631624,negative,1.3916521072387695,0.024218998849391937,1.764966368675232
1403901384248893442,neutral,3.530146598815918,1.6300078630447388,-1.0650413036346436
1403901385184325635,neutral,1.0928045511245728,0.3101691007614136,0.8269418478012085
1403901385515540485,negative,1.4070522785186768,-0.9250664114952087,1.9019062519073486
1403901386383794180,neutral,1.7672207355499268,0.8008670806884766,0.07917909324169159
1403901386425729026,neutral,2.161651611328125,0.15539705753326416,0.014498122967779636
1403901386555752449,neutral,2.3426353931427,1.0540896654129028,-0.14171402156352997
1403901386652217345,neutral,1.6456390619277954,0.20833000540733337,1.558029294013977
1403901387822440450,neutral,1.6855746507644653,0.37137287855148315,0.37932196259498596
1403901387944173570,negative,0.6390050053596497,-0.7562047243118286,2.2807750701904297
1403901388044730371,negative,1.5052376985549927,-0.45465072989463806,1.7041361331939697
1403901389139365890,negative,1.605141520500183,-0.607768714427948,1.7469381093978882
1403901390842437635,neutral,1.9425568580627441,0.27754196524620056,0.6770304441452026
1403901390867427333,negative,1.670521855354309,-0.30803537368774414,1.7488200664520264
1403901391085654020,neutral,1.1201436519622803,0.4443363845348358,0.2529602646827698
1403901391316344834,negative,0.717351496219635,-0.7735723853111267,2.529489755630493
1403901391567933440,negative,1.2024059295654297,-0.09506119042634964,1.4660264253616333
1403901391655952388,negative,1.5555799007415771,-0.8564308881759644,1.8353358507156372
1403901391710654467,neutral,2.010223627090454,0.31005552411079407,0.8314116597175598
1403901391756611589,neutral,2.497955560684204,1.3466113805770874,-0.32110077142715454
1403901392486486022,neutral,1.7747641801834106,0.46827569603919983,0.6924096941947937
1403901392755081216,neutral,1.7778606414794922,0.9227115511894226,0.31642696261405945
1403901392838873089,negative,0.44965338706970215,0.7927818894386292,1.5449812412261963
1403901393048535044,negative,1.3503535985946655,-0.8688539862632751,2.296276092529297
1403901393476501507,neutral,2.803530693054199,1.1545586585998535,-0.6280168890953064
1403901393895788545,neutral,1.895522117614746,-0.6867144107818604,1.520538330078125
1403901393967198210,negative,1.166877031326294,0.22547313570976257,1.540041208267212
1403901394369736705,negative,1.5920532941818237,-1.020242691040039,2.285231113433838
1403901394743136261,positive,1.5188037157058716,1.959618091583252,-0.20891670882701874
1403901395154112517,positive,1.802964687347412,3.520888328552246,-0.8790838718414307
1403901396005625864,negative,1.2517273426055908,-0.3402367830276489,1.9333761930465698
1403901396525584389,negative,0.6439996957778931,-1.2103720903396606,3.6401169300079346
1403901396735381505,negative,1.0756226778030396,-0.5833529233932495,1.5381050109863281
1403901397381402625,negative,1.0764148235321045,-1.0439229011535645,3.5567734241485596
1403901397637099520,negative,0.7033064961433411,-0.6300575137138367,2.4121220111846924
1403901397662257154,negative,0.48769545555114746,-0.48116424679756165,2.8797340393066406
1403901398035566596,negative,1.054574728012085,-0.51563960313797,1.2932757139205933
1403901399440629762,negative,0.4564964473247528,-0.8170602321624756,3.7533466815948486
1403901399784734720,negative,0.47161686420440674,0.17140701413154602,0.789398193359375
1403901400254455812,negative,1.5908018350601196,-0.38131389021873474,1.6988087892532349
1403901401269473284,neutral,2.036546230316162,-0.2965857684612274,1.1426016092300415
1403901401491599363,negative,1.049437403678894,-0.15894579887390137,1.4622228145599365
1403901401986633731,positive,0.43804535269737244,1.7904605865478516,0.18414655327796936
1403901404167630849,positive,1.685198426246643,3.039599895477295,-0.5585665106773376
1403901404213809152,neutral,1.1132049560546875,0.11423519253730774,1.0838520526885986
1403901405409071105,negative,1.4417674541473389,-0.9264217019081116,2.277371406555176
1403901405593673730,neutral,1.778055191040039,-0.32790812849998474,0.8943875432014465
1403901405941825540,positive,2.2432477474212646,2.263446807861328,-0.4768962264060974
1403901406155837443,neutral,2.924469232559204,0.8122161030769348,0.15524283051490784
1403901406336094217,positive,2.5191805362701416,4.084409713745117,-0.756422758102417
1403901406344409091,negative,0.8350235223770142,-0.5276103019714355,1.627846121788025
1403901407665790976,negative,1.133897066116333,-0.32784777879714966,2.007561206817627
1403901408114479107,negative,1.2720059156417847,-1.3274480104446411,3.2076399326324463
1403901408697483266,neutral,2.2979846000671387,1.0141700506210327,-0.06477837264537811
1403901409150607368,neutral,2.153557777404785,0.1557771861553192,0.5539312362670898
1403901409163055109,neutral,1.91477632522583,-0.7280218601226807,1.6810381412506104
1403901409922207745,negative,0.832679033279419,-0.8880717158317566,2.9995322227478027
1403901410106744835,neutral,2.1832115650177,1.34367036819458,-0.04675924777984619
1403901410366816261,neutral,3.0692317485809326,1.2135751247406006,-0.6559907793998718
1403901410471723009,negative,1.3889304399490356,-0.6591091752052307,1.6068453788757324
1403901411520225280,neutral,1.4344816207885742,0.9611025452613831,0.6049570441246033
1403901411641860099,positive,2.045238733291626,4.657914638519287,-1.4442052841186523
1403901412183056388,neutral,2.515252113342285,0.5773143768310547,-0.263468861579895
1403901412233428996,negative,1.0146483182907104,0.025929823517799377,1.7420662641525269
1403901412682059776,neutral,1.8013135194778442,1.3315393924713135,0.19535259902477264
1403901412774350849,positive,0.8551101088523865,1.060593605041504,0.5967257618904114
1403901412824829954,neutral,3.889362335205078,1.2273238897323608,-0.9086055755615234
1403901413328142342,positive,1.5988045930862427,2.5009732246398926,-0.10921420902013779
1403901413910974467,neutral,1.7551368474960327,-0.018994063138961792,0.6262705326080322
1403901414070358023,neutral,1.2104263305664062,-0.37249550223350525,0.9580086469650269
1403901414791811074,negative,0.9929909110069275,-0.7368528842926025,1.9260650873184204
1403901417417490433,neutral,1.2181696891784668,-0.012045025825500488,0.8594399094581604
1403901418470313987,negative,1.4079326391220093,-0.008819296956062317,1.7705436944961548
1403901419015581697,positive,1.2553744316101074,3.4586174488067627,-0.6529884338378906
1403901419833356291,negative,1.1796743869781494,-0.3968525528907776,2.2915589809417725
1403901420756160519,neutral,1.895522117614746,-0.6867144107818604,1.520538330078125
1403901420965969926,neutral,2.135270833969116,1.3235993385314941,-0.8752279877662659
1403901421104156674,negative,1.1429675817489624,-0.477535218000412,2.184816598892212
1403901421452509184,neutral,1.895522117614746,-0.6867144107818604,1.520538330078125
1403901421498646530,negative,1.0526450872421265,-0.4252265393733978,2.5021257400512695
1403901422098432002,negative,0.7432449460029602,-0.44376441836357117,2.3555729389190674
1403901422106677255,neutral,1.7444870471954346,-0.06488283723592758,0.7566203474998474
1403901422425477120,negative,1.1811085939407349,0.07272724062204361,1.6746410131454468
1403901422593220613,neutral,2.14638614654541,0.705123245716095,0.19727158546447754
1403901423075606534,neutral,1.8891878128051758,0.5245234966278076,0.560952365398407
1403901424052940805,negative,0.8768144249916077,0.2245256006717682,1.7339332103729248
1403901424442937357,neutral,1.4813178777694702,-0.3145180940628052,1.2353659868240356
1403901425428709376,neutral,1.9350471496582031,-0.47720393538475037,0.9684427976608276
1403901426271768586,negative,1.5666301250457764,-1.0240352153778076,2.58151912689209
1403901427186077697,neutral,1.2161469459533691,-0.19061383605003357,0.0542873740196228
1403901427336970243,negative,1.1161854267120361,-0.31559258699417114,1.4683257341384888
1403901428381274114,positive,0.7835696935653687,2.177720069885254,0.11566364020109177
1403901428830142466,negative,1.697432041168213,-1.0042064189910889,2.1585450172424316
1403901428830253059,neutral,2.8217248916625977,0.025734886527061462,0.5355104207992554
1403901428872187908,neutral,1.9139866828918457,0.23445990681648254,0.41163989901542664
1403901430029860865,neutral,1.9514797925949097,-0.401653915643692,0.4427374303340912
1403901430457528320,neutral,1.742470622062683,-0.4800020158290863,1.2558343410491943
1403901430801518598,negative,1.4540122747421265,-0.8556274175643921,1.7949885129928589
1403901431749529601,positive,0.8353227376937866,2.2187728881835938,-0.13445612788200378
1403901431871115264,negative,1.075622797012329,-0.58335280418396,1.5381051301956177
1403901431979986946,neutral,1.927438735961914,-0.16544869542121887,0.9127357006072998
1403901432185511938,neutral,0.9603915214538574,0.7236952781677246,0.5693919062614441
1403901432189886465,negative,0.32385608553886414,-1.0236120223999023,3.742230176925659
1403901432429002753,negative,1.449495792388916,-0.9917873740196228,2.537749767303467
1403901432567267328,negative,0.8323349356651306,0.08698136359453201,1.2959829568862915
1403901432588226566,negative,1.309605360031128,-0.7502123713493347,1.930259346961975
1403901432785518598,neutral,1.1633778810501099,0.2582581341266632,1.0792434215545654
1403901432806318085,negative,1.099016785621643,-0.7306036949157715,2.218822956085205
1403901432835850244,negative,0.90389484167099,0.38399070501327515,0.9842396974563599
1403901433267720196,neutral,2.306674003601074,-0.3815867006778717,0.8096886873245239
1403901433578016770,negative,1.3783893585205078,0.08099628239870071,1.7644766569137573
1403901433976524801,neutral,3.530146598815918,1.6300077438354492,-1.0650413036346436
1403901434157019136,negative,1.838881015777588,-1.0376383066177368,2.119652509689331
1403901434224128001,neutral,1.4214917421340942,0.3286350667476654,0.8487670421600342
1403901434786205700,neutral,2.0965380668640137,0.6666525602340698,0.6154758930206299
1403901434811195392,negative,1.4180809259414673,-0.916871964931488,1.8428053855895996
1403901435205623812,negative,0.532317042350769,-0.8349300622940063,2.937857151031494
1403901435398393856,neutral,1.532454490661621,0.5081586241722107,0.773891806602478
1403901436035944449,neutral,2.3546385765075684,0.5423972010612488,0.26358574628829956
1403901436203778048,neutral,1.0251370668411255,0.9830230474472046,0.1905549317598343
1403901436841185280,neutral,1.725014090538025,-0.35627302527427673,0.9400525093078613
1403901437122433028,negative,0.33857420086860657,-1.2945165634155273,4.376744270324707
1403901437797572610,negative,1.2471107244491577,-0.8004501461982727,2.8517441749572754
1403901437860618243,neutral,1.3548846244812012,0.23787319660186768,0.8506080508232117
1403901438045081605,neutral,1.3731166124343872,1.2624844312667847,1.1892435550689697
1403901438648934401,neutral,1.2885048389434814,0.49847233295440674,0.12033112347126007
1403901438829473796,negative,1.270254135131836,0.05919404327869415,1.7952163219451904
1403901439819218947,neutral,1.8259732723236084,-0.6743717193603516,1.5496160984039307
1403901439970201601,positive,0.18264424800872803,0.5162465572357178,0.17875833809375763
1403901440804880388,neutral,2.033769369125366,-1.0271285772323608,1.7624547481536865
1403901442067476480,neutral,1.9382344484329224,-0.8344711065292358,1.7285257577896118
1403901442348355585,neutral,2.6754703521728516,1.1542541980743408,-0.23154254257678986
1403901442902036481,positive,1.0981336832046509,1.4035594463348389,-0.05788955092430115
1403901442906337286,negative,1.4899942874908447,-1.1904054880142212,2.6518466472625732
1403901442948096000,negative,0.5049619674682617,0.9324030876159668,1.3395769596099854
1403901443027861505,negative,1.3783893585205078,0.08099628239870071,1.7644766569137573
1403901443287904257,positive,2.2432477474212646,2.2634470462799072,-0.47689616680145264
1403901443594022919,neutral,2.0655086040496826,0.413120836019516,0.5198037624359131
1403901444420345859,negative,1.272011637687683,-1.3896079063415527,3.60919451713562
1403901444462370818,negative,1.5016511678695679,-0.8024806976318359,1.5894004106521606
1403901445175398403,neutral,1.187351107597351,0.2766392230987549,0.9740152955055237
1403901446286938118,neutral,1.8400572538375854,0.9622383713722229,0.3118526339530945
1403901446450335753,negative,1.0318316221237183,-0.6427057981491089,1.6042648553848267
1403901446735634439,negative,1.2186387777328491,-0.8187013268470764,2.2360620498657227
1403901446861381634,negative,1.336681604385376,-0.15887650847434998,1.4055930376052856
1403901446974676995,neutral,1.4880932569503784,-0.17930659651756287,0.8585274815559387
1403901447767355395,negative,0.3153599202632904,-0.2807044982910156,2.047783613204956
1403901447801032707,negative,1.054574728012085,-0.5156394243240356,1.2932755947113037
1403901448400736258,negative,1.3916523456573486,0.024219058454036713,1.7649662494659424
1403901449411629057,neutral,0.9603915214538574,0.7236952781677246,0.5693919062614441
1403901452049911808,negative,0.34855568408966064,-0.24170905351638794,2.791825532913208
1403901452490186754,neutral,1.7310503721237183,0.5471149682998657,0.48402899503707886
1403901452708290564,neutral,2.4644083976745605,0.3197017014026642,0.22768078744411469
1403901453060612098,neutral,2.1693098545074463,0.17105650901794434,1.296540379524231
1403901453681500170,negative,1.1029818058013916,0.23809882998466492,1.7133474349975586
1403901454092484614,neutral,0.9603915214538574,0.7236952781677246,0.5693919062614441
1403901454096666633,negative,1.5908018350601196,-0.3813137710094452,1.6988087892532349
1403901454289575936,negative,1.1668771505355835,0.22547310590744019,1.540041208267212
1403901454490816512,negative,0.9930722117424011,-0.7547319531440735,1.8698621988296509
1403901455929528327,negative,1.104941725730896,0.5014014840126038,1.6566606760025024
1403901456005095425,negative,1.479425072669983,-0.022060498595237732,1.530976414680481
1403901456047030278,neutral,2.035534620285034,0.233812153339386,0.32388052344322205
1403901456831242240,positive,0.4932253360748291,3.2225959300994873,-0.4672480523586273
1403901456835436544,negative,0.2556270360946655,-0.22928571701049805,1.854331612586975
1403901457112338436,neutral,1.9053356647491455,-0.4159407317638397,0.9914840459823608
1403901457535963138,neutral,1.1712852716445923,0.21741634607315063,0.6224634647369385
1403901458177683458,positive,2.085805892944336,2.33072829246521,0.3405333459377289
1403901458202853382,neutral,1.8410017490386963,-0.5079345703125,0.5195114612579346
1403901458337042436,neutral,3.0400309562683105,0.9650041460990906,-0.5967223048210144
1403901458551128068,neutral,0.9019295573234558,0.8028451204299927,-0.21140964329242706
1403901460811767809,positive,1.4979559183120728,1.7868475914001465,-0.15094472467899323
1403901461184999425,positive,2.2432477474212646,2.2634470462799072,-0.47689616680145264
1403901461226921992,negative,0.9460113048553467,-0.5372216701507568,1.1454877853393555
1403901461453414403,neutral,1.7278555631637573,0.9569365382194519,-0.16390922665596008
1403901461797523456,negative,1.447401523590088,-0.9594683647155762,1.8010993003845215
1403901462321811456,neutral,2.292511463165283,1.2028154134750366,0.053772225975990295
1403901462392889345,neutral,2.212160348892212,-0.03133855760097504,0.8980836272239685
1403901462636232708,neutral,2.0376782417297363,0.08804797381162643,1.273432970046997
1403901463353495552,neutral,1.2870529890060425,0.9838525056838989,0.22168177366256714
1403901463760416776,neutral,1.222633957862854,0.30501753091812134,1.2190285921096802
1403901463794008070,neutral,2.306674003601074,-0.3815867006778717,0.8096886873245239
1403901463827345411,neutral,2.1832115650177,1.3436704874038696,-0.04675912857055664
1403901464582447111,neutral,1.0472270250320435,0.12495898455381393,0.506102979183197
1403901465748414465,neutral,0.9564695358276367,0.7524889707565308,0.09010200947523117
1403901466029400068,positive,0.802757740020752,1.7152217626571655,-0.018803583458065987
1403901466138533896,neutral,1.8461542129516602,0.1205030158162117,0.4017947018146515
1403901467443056640,negative,0.6439996957778931,-1.2103720903396606,3.6401171684265137
1403901468302888963,negative,0.8864566683769226,-0.8702774047851562,2.0524866580963135
1403901468550307845,neutral,2.339174747467041,0.9759997725486755,0.32177531719207764
1403901469192077315,neutral,0.6305603384971619,0.616448163986206,0.16563189029693604
1403901469347266562,neutral,2.179011106491089,1.4340828657150269,-0.985507607460022
1403901469355483136,negative,0.6443272233009338,-0.5624157786369324,2.3417811393737793
1403901469426798593,negative,0.9264333844184875,-0.36158761382102966,2.1583752632141113
1403901469938491394,negative,1.129659652709961,0.11079899966716766,1.322539210319519
1403901470030712832,negative,0.35224026441574097,-0.55153489112854,3.2553725242614746
1403901470597074947,neutral,2.010223627090454,0.31005552411079407,0.8314116597175598
1403901471209365505,negative,1.0819801092147827,0.749894917011261,1.113730788230896
1403901471230332933,neutral,0.9812934994697571,0.8664333820343018,-0.13720040023326874
1403901471494709257,negative,1.2072073221206665,0.4804917275905609,1.7114299535751343
1403901471742177286,negative,1.5908018350601196,-0.3813137710094452,1.6988087892532349
1403901472010559488,neutral,1.197285532951355,0.23835930228233337,0.37437552213668823
1403901472119529472,neutral,1.7022572755813599,-0.0917501226067543,1.100746989250183
1403901472434163713,negative,1.3884830474853516,-1.0680711269378662,2.762255907058716
1403901472807395329,negative,0.8425361514091492,-0.5607287287712097,2.504531145095825
1403901473520603142,negative,1.1640211343765259,-0.12888288497924805,1.423249363899231
1403901473705000963,negative,0.477222204208374,-0.26509469747543335,2.5303237438201904
1403901475256901634,neutral,1.1269240379333496,-0.0016421452164649963,1.0879905223846436
1403901475697405952,negative,1.2381134033203125,0.40791359543800354,1.3631459474563599
1403901475869184003,negative,0.9361165761947632,-1.047034740447998,3.4188432693481445
1403901475944734726,negative,1.1342480182647705,0.19577941298484802,1.7226166725158691
1403901476670382081,neutral,1.5978000164031982,0.07402773946523666,0.7179110050201416
1403901476703936513,negative,1.0910414457321167,-1.0081379413604736,2.9178125858306885
1403901477190443011,negative,1.0250202417373657,-0.42475625872612,2.078057289123535
1403901477299556358,neutral,1.5892215967178345,-0.43215128779411316,1.2675923109054565
1403901477559615488,neutral,1.8782031536102295,0.8032824993133545,0.12436964362859726
1403901478201298944,neutral,1.370360016822815,0.5563993453979492,0.1070878803730011
1403901479547637760,neutral,0.6305603384971619,0.616448163986206,0.16563189029693604
1403901479858032640,negative,1.3328379392623901,-1.1997720003128052,3.0109009742736816
1403901481506377730,neutral,1.1269240379333496,-0.0016421601176261902,1.0879905223846436
1403901482114719746,positive,0.5289539098739624,2.1131069660186768,0.0012223869562149048
1403901483297361923,negative,1.1966217756271362,-0.03894079476594925,1.3610228300094604
1403901483322527745,neutral,1.9685202836990356,-0.04732469469308853,0.9884236454963684
1403901483339292674,negative,1.1926734447479248,-0.20152297616004944,1.2653688192367554
1403901483700023297,neutral,2.3590598106384277,1.0905141830444336,-0.27411964535713196
1403901483775635456,neutral,2.0722858905792236,0.514293372631073,0.07871737331151962
1403901484517842944,neutral,1.738132119178772,0.03716283291578293,1.0329229831695557
1403901484811517955,negative,0.9488600492477417,-1.3584729433059692,3.6912453174591064
1403901484828266499,neutral,1.3658068180084229,0.5931898951530457,0.5881010293960571
1403901485000183808,negative,0.5096433162689209,-1.355983018875122,4.557011127471924
1403901485474189316,neutral,1.4867881536483765,1.2452101707458496,0.20337338745594025
1403901485981835266,neutral,1.6855747699737549,0.37137287855148315,0.37932196259498596
1403901486174642178,neutral,1.6156479120254517,1.0034310817718506,0.9610843658447266
1403901486820737024,negative,1.1004724502563477,-0.2685442566871643,1.2728277444839478
1403901487189839877,negative,1.446265459060669,-0.9972899556159973,2.5205979347229004
1403901487533674499,neutral,2.6754701137542725,1.1542540788650513,-0.2315426915884018
1403901487797911554,neutral,2.1359024047851562,-0.8258273005485535,1.3338956832885742
1403901487890145281,positive,1.4290975332260132,1.793641448020935,-0.31623899936676025
1403901487978217477,negative,1.3873529434204102,-1.1072136163711548,2.773408889770508
1403901488343097344,neutral,1.7774243354797363,0.0345824770629406,0.8625891208648682
1403901488611667971,neutral,2.8217248916625977,0.025734886527061462,0.5355104207992554
1403901488670330886,neutral,2.027031421661377,0.3722110390663147,0.5811923742294312
1403901488796114944,neutral,1.7050836086273193,0.01222158968448639,1.2968385219573975
1403901489039302659,negative,1.5297859907150269,-0.856994092464447,1.7010529041290283
1403901489735626754,neutral,3.0300400257110596,1.7495307922363281,-0.8598861694335938
1403901490784358405,negative,0.7858057022094727,0.07951949536800385,1.4129106998443604
1403901491363020801,neutral,1.1690962314605713,1.1565932035446167,0.6226915717124939
1403901491711197192,negative,0.35917115211486816,-0.8177309036254883,3.324547529220581
1403901491790888964,negative,2.111268997192383,-1.0838860273361206,2.2172744274139404
1403901491958722565,negative,1.0475564002990723,-0.07390708476305008,1.6727781295776367
1403901492168253442,negative,0.8337337970733643,-1.0513995885849,3.0406718254089355
1403901492730368003,positive,0.6654193997383118,0.7275206446647644,-0.020742109045386314
1403901493082611713,neutral,2.2136287689208984,-0.023247748613357544,0.8938418030738831
1403901493175066626,negative,1.557965874671936,-1.0858464241027832,2.697692632675171
1403901493447741448,neutral,1.6952565908432007,0.3796399235725403,1.3148894309997559
1403901494093516801,neutral,1.5026865005493164,-0.6649185419082642,1.3695746660232544
1403901494764572677,neutral,3.530146598815918,1.6300077438354492,-1.0650413036346436
1403901495339323397,negative,1.3513014316558838,-0.8479941487312317,1.9602397680282593
1403901495922331650,neutral,2.565204381942749,0.5230290293693542,-0.15944594144821167
1403901496752623617,negative,1.5811361074447632,-0.8025959134101868,2.0609588623046875
1403901496849219588,neutral,1.293757677078247,0.47037646174430847,0.22320519387722015
1403901497851719683,neutral,1.555951476097107,0.9688063859939575,0.1871529072523117
1403901498791170049,neutral,1.5978000164031982,0.07402773946523666,0.7179110050201416
1403901499122630657,negative,0.7838588953018188,-0.8143433928489685,2.5138864517211914
1403901499164475399,neutral,1.9354103803634644,0.2299511432647705,0.611569344997406
1403901499747356673,neutral,1.2762914896011353,0.5825892090797424,0.5597715973854065
1403901500644990979,negative,0.8078139424324036,-0.66086345911026,2.353104829788208
1403901501391712261,negative,0.933153510093689,-0.042036376893520355,2.198402166366577
1403901501790068738,positive,0.17281322181224823,2.423275947570801,0.017287254333496094
1403901501941051394,negative,1.3230575323104858,0.13600194454193115,1.7831144332885742
1403901502859644947,negative,0.1970074474811554,-0.7059832811355591,2.669252395629883
1403901503065239559,neutral,2.240234613418579,1.4043983221054077,0.15165144205093384
1403901503270801413,negative,1.286249041557312,-0.6364785432815552,1.9506028890609741
1403901503887138816,neutral,1.3726370334625244,0.4662521481513977,1.0053181648254395
1403901504994504710,negative,1.0172924995422363,0.8058072924613953,1.1356147527694702
1403901505220931587,neutral,0.7374748587608337,-0.02076496183872223,-0.025965185835957527
1403901506210783233,neutral,2.553053855895996,2.228440046310425,-0.9261552095413208
1403901506424815618,negative,1.3916523456573486,0.024219058454036713,1.7649662494659424
1403901506844184578,neutral,2.0558524131774902,0.9152420163154602,0.47292768955230713
1403901507519586309,negative,1.3090683221817017,-0.4625275433063507,1.5586451292037964
1403901507972616193,neutral,1.9350471496582031,-0.47720393538475037,0.9684427976608276
1403901508077375490,neutral,1.4098315238952637,0.5171956419944763,0.6171801686286926
1403901508458930184,negative,0.5860576629638672,-0.2950318455696106,2.130171775817871
1403901508505116674,negative,1.5778164863586426,-0.8692720532417297,2.266237497329712
1403901508584820737,positive,2.2271289825439453,3.158660888671875,-1.025310754776001
1403901509054734338,negative,1.1187140941619873,-0.6578298807144165,1.667384386062622
1403901509134282764,negative,1.2193509340286255,-0.4133894741535187,1.805534839630127
1403901509889413122,negative,1.3614014387130737,-0.1379772424697876,1.640034556388855
1403901510124179459,positive,1.2603707313537598,2.430544853210449,-0.4434643089771271
1403901510149459968,neutral,1.1987099647521973,0.3145105838775635,0.9340681433677673
1403901510472323078,neutral,2.083183526992798,1.876535415649414,-0.332175612449646
1403901510552010762,positive,1.004917860031128,2.1929688453674316,0.1674073040485382
1403901511533535235,negative,1.4599233865737915,-0.9386500120162964,2.003645896911621
1403901512234024968,positive,1.0506113767623901,1.142390489578247,0.485938161611557
1403901513504854018,negative,1.5077706575393677,-1.0971800088882446,2.6745681762695312
1403901514113073155,negative,0.39564308524131775,-0.38064441084861755,3.4348528385162354
1403901514674937860,neutral,2.7181296348571777,-0.5656878352165222,0.6969842910766602
1403901514779959300,negative,1.166877031326294,0.22547310590744019,1.540041208267212
1403901514834497537,neutral,2.817509412765503,0.6906424164772034,-0.7011260986328125
1403901515018825736,neutral,3.530146598815918,1.6300076246261597,-1.065041184425354
1403901515325128709,positive,1.2503905296325684,1.3471198081970215,0.33987388014793396
1403901516134617088,negative,0.6830661296844482,-1.3508025407791138,4.265617370605469
1403901516184887301,negative,1.257929801940918,-0.17758160829544067,1.4666218757629395
1403901516407136256,neutral,1.5497971773147583,0.08923082053661346,0.977245032787323
1403901516591759362,negative,1.3783893585205078,0.08099628984928131,1.7644765377044678
1403901516642148355,negative,0.4670920670032501,-0.5756111741065979,2.5641956329345703
1403901516797267972,neutral,1.7659846544265747,-0.44653013348579407,1.4973394870758057
1403901517178933255,neutral,1.9270946979522705,0.7329788208007812,0.16707539558410645
1403901517590040582,negative,1.3916523456573486,0.024219058454036713,1.7649662494659424
1403901518022012928,neutral,2.117527961730957,-0.332116037607193,1.1511931419372559
1403901518122737667,negative,1.0494375228881836,-0.15894588828086853,1.4622228145599365
1403901518827462658,neutral,0.8478920459747314,-0.36311644315719604,0.8400402665138245
1403901519150395398,negative,0.7856349349021912,-1.2835025787353516,3.9372758865356445
1403901519926218756,negative,1.3942662477493286,-0.8796852827072144,3.0393433570861816
1403901520504967171,negative,1.3809229135513306,-0.5874733924865723,1.672707200050354
1403901521247358977,neutral,1.3065621852874756,0.06850668042898178,0.9298694133758545
1403901522178494466,negative,0.8954745531082153,-1.4111515283584595,4.100854396820068
1403901522799378434,positive,1.0659173727035522,1.716843605041504,-0.25428780913352966
1403901523206180864,negative,1.397279143333435,-1.09404718875885,2.6723082065582275
1403901524338696192,neutral,1.897136926651001,-0.15716710686683655,1.033306360244751
1403901524414283786,positive,1.401843547821045,1.5760031938552856,0.08607441186904907
1403901524623781891,neutral,3.3033394813537598,2.1807570457458496,-1.1910187005996704
1403901524820983813,negative,1.1529827117919922,-0.8022887110710144,2.2296745777130127
1403901525403963397,negative,1.2243242263793945,0.05377180501818657,1.3681684732437134
1403901525672538115,neutral,4.006933212280273,3.739529848098755,-2.3051857948303223
1403901525932462080,neutral,3.530146598815918,1.6300077438354492,-1.0650413036346436
1403901526129709061,neutral,1.9688228368759155,-0.7913210988044739,1.3885146379470825
1403901526192492547,neutral,1.4114502668380737,0.6125752925872803,1.3156368732452393
1403901526716731392,neutral,1.3956655263900757,0.7250313758850098,0.3224702477455139
1403901527253602306,negative,1.3231056928634644,-1.223022699356079,2.717540979385376
1403901527958310912,positive,1.7099521160125732,2.36252760887146,-0.6509791612625122
1403901528268840966,neutral,2.010223627090454,0.3100554645061493,0.8314116597175598
1403901528486862855,negative,1.600744366645813,-1.2062618732452393,3.0223493576049805
1403901529581494275,neutral,1.6855747699737549,0.37137287855148315,0.37932196259498596
1403901530420486144,positive,0.9184144139289856,1.9201600551605225,0.8418075442314148
1403901530462322690,neutral,1.6855747699737549,0.37137287855148315,0.37932196259498596
1403901530781077504,negative,1.583356261253357,-0.9917401671409607,2.0502824783325195
1403901530906845185,negative,1.336408019065857,0.003169707953929901,1.6918015480041504
1403901531137642497,negative,1.3916523456573486,0.024219058454036713,1.7649662494659424
1403901532547002373,negative,0.6307126879692078,-1.3000627756118774,4.077672481536865
1403901532828061704,negative,2.111268997192383,-1.0838860273361206,2.2172744274139404
1403901533322764290,neutral,3.530146598815918,1.6300077438354492,-1.0650413036346436
1403901533377515520,neutral,0.6305603384971619,0.616448163986206,0.16563189029693604
1403901533859631104,neutral,1.6855747699737549,0.37137287855148315,0.37932196259498596
1403901533977145345,negative,1.2227379083633423,-1.0401432514190674,2.3806257247924805
1403901534098935808,negative,0.08988666534423828,-0.24584531784057617,1.3364511728286743
1403901535390781450,positive,1.596260666847229,1.620563268661499,0.22419467568397522
1403901535973625861,negative,1.336681604385376,-0.15887650847434998,1.4055930376052856
1403901536422481923,neutral,1.6855744123458862,0.37137284874916077,0.37932199239730835
1403901536556642307,neutral,1.7663753032684326,-0.2821657061576843,1.0152226686477661
1403901536896491524,negative,0.6265774965286255,0.3446356952190399,1.8797860145568848
1403901536913313794,negative,1.2738605737686157,-1.1139191389083862,2.390268087387085
1403901537836011521,neutral,2.704599618911743,1.2040131092071533,0.1644691377878189
1403901538465030148,negative,0.7449336647987366,0.22729691863059998,1.3791595697402954
1403901538578305025,negative,0.9028710126876831,-0.3662549555301666,1.8749767541885376
1403901538779766788,negative,1.5036463737487793,-0.7842859029769897,2.0220742225646973
1403901539283054598,neutral,1.356320858001709,0.27323585748672485,1.3453987836837769
1403901539379560448,negative,0.9535735249519348,0.23837721347808838,1.2115278244018555
1403901541002760193,positive,1.7123318910598755,3.7666845321655273,-1.0352439880371094
1403901541321306117,negative,1.0693408250808716,-1.023282766342163,2.3465707302093506
1403901541942136833,neutral,1.4834489822387695,0.6087645292282104,0.4430454969406128
1403901542822924290,neutral,2.0818779468536377,-0.1839296519756317,0.9229944944381714
1403901543061942273,neutral,1.8955223560333252,-0.6867144107818604,1.5205382108688354
1403901544404340738,negative,0.6439996957778931,-1.2103720903396606,3.6401171684265137
1403901544911630338,neutral,1.5726369619369507,0.390440434217453,0.6180620193481445
1403901545381388292,negative,1.0172924995422363,0.8058072924613953,1.1356147527694702
1403901545419206657,neutral,1.637675404548645,0.45437195897102356,0.5790775418281555
1403901545612156928,negative,1.0494375228881836,-0.15894588828086853,1.4622228145599365
1403901545855569920,neutral,1.6617189645767212,-0.2761179804801941,1.5643060207366943
1403901546111270915,negative,1.6705220937728882,-0.30803537368774414,1.7488200664520264
1403901546824450048,negative,1.6705220937728882,-0.30803537368774414,1.7488200664520264
1403901547264712705,neutral,1.8891878128051758,0.5245234966278076,0.5609523057937622
1403901547394830340,negative,1.1218388080596924,-0.6406539082527161,2.040431499481201
1403901547487002626,negative,0.8462271690368652,0.2433457374572754,1.2188376188278198
1403901548179165184,negative,0.6401768326759338,-1.488076090812683,4.789961814880371
1403901548590141448,positive,0.9572505950927734,1.3428468704223633,0.544937252998352
1403901548791361536,positive,1.7419592142105103,2.308180332183838,-0.8952163457870483
1403901550167150594,negative,0.7865268588066101,-1.2013086080551147,3.4727277755737305
1403901550255218689,negative,1.212337613105774,-0.371493935585022,1.9571189880371094
1403901550402146307,neutral,1.6451407670974731,0.9165866374969482,0.5458853244781494
1403901550406225926,negative,1.5016511678695679,-0.8024807572364807,1.5894004106521606
1403901550578257920,negative,1.255081295967102,-0.44995710253715515,1.5604084730148315
1403901550741770246,negative,1.3916523456573486,0.024219058454036713,1.7649662494659424
1403901550779518976,neutral,2.090498447418213,-0.3520768880844116,0.7001190185546875
1403901550880342024,neutral,2.082852840423584,1.4338417053222656,-0.34105902910232544
1403901551396065281,neutral,1.1058683395385742,0.48451679944992065,0.6358059644699097
1403901552071352321,neutral,1.488325595855713,0.7590358853340149,0.3536471128463745
1403901552549457927,negative,1.542518973350525,-1.1342438459396362,2.5393552780151367
1403901552549523459,neutral,2.2718169689178467,0.7228265404701233,0.373820036649704
1403901553052954625,neutral,1.6855747699737549,0.37137287855148315,0.37932196259498596
1403901553187098626,negative,1.4332302808761597,-0.700360894203186,1.9421576261520386
1403901553283452928,negative,1.5908018350601196,-0.3813137710094452,1.6988087892532349
1403901553384251394,negative,1.054574728012085,-0.5156394243240356,1.2932755947113037
1403901554009296897,negative,1.4257484674453735,-0.18578428030014038,1.7876757383346558
1403901554122440706,negative,0.33728277683258057,-0.1959283947944641,1.237265944480896
1403901554197938186,negative,1.4507113695144653,-1.1997770071029663,2.9685964584350586
1403901554218864641,neutral,1.1691421270370483,0.9923193454742432,0.808725893497467
1403901554290167810,neutral,1.6415064334869385,0.016358017921447754,1.4735535383224487
1403901555523211264,negative,0.35912978649139404,0.3947075605392456,0.7774766087532043
1403901557301776384,neutral,1.3630367517471313,-0.04509865492582321,0.973040759563446
1403901557729480704,negative,1.2602540254592896,-1.2408698797225952,3.003633975982666
1403901558241124357,negative,1.4350383281707764,-0.5597783327102661,1.8902642726898193
1403901558522220548,negative,1.202405571937561,-0.6785905361175537,2.5862138271331787
1403901559017246727,negative,1.0259054899215698,-1.2962766885757446,3.842285394668579
1403901559445065728,neutral,2.129652261734009,-0.20662260055541992,1.2067534923553467
1403901559793242115,negative,1.13535475730896,-0.29055842757225037,1.2604364156723022
1403901559797284871,neutral,1.7757549285888672,0.41473037004470825,0.7451025247573853
1403901559797338119,negative,1.407852292060852,-1.1007438898086548,2.327735662460327
1403901560120397825,negative,1.193463683128357,-0.9339961409568787,2.1219024658203125
1403901561835855879,neutral,2.9175734519958496,1.0086368322372437,-0.20201878249645233
1403901561974280193,neutral,2.306674003601074,-0.3815867006778717,0.8096886873245239
1403901562548752387,neutral,2.0052201747894287,1.0469564199447632,0.0402069054543972
1403901562758512646,neutral,2.1617162227630615,-1.0657999515533447,2.0157408714294434
1403901562963906560,negative,1.3783893585205078,0.08099628239870071,1.7644766569137573
1403901563467272196,neutral,1.2698254585266113,0.34966298937797546,0.5562231540679932
1403901564155269125,negative,1.1671572923660278,-0.8930104374885559,2.0834341049194336
1403901565530947584,negative,0.5666109323501587,-0.8695406913757324,3.228283166885376
1403901565547663361,negative,1.1796369552612305,-1.1459320783615112,3.15789794921875
1403901565661024267,positive,1.933678150177002,1.952124834060669,-0.5259312391281128
1403901565744803849,neutral,1.6751917600631714,0.02679462358355522,1.1411978006362915
1403901566495625218,negative,1.5908018350601196,-0.3813137710094452,1.6988087892532349
1403901566860595207,negative,1.3693240880966187,-0.8893380761146545,2.2350070476531982
1403901566944518145,negative,1.0150305032730103,-0.7534416913986206,2.9339942932128906
1403901567007395845,neutral,2.212160348892212,-0.03133855760097504,0.8980836272239685
1403901567326035968,neutral,1.9127713441848755,0.37595829367637634,0.6523367762565613
1403901568156672009,neutral,1.6156479120254517,1.0034310817718506,0.9610843658447266
1403901568899031045,negative,1.1370266675949097,-0.840644359588623,2.8668062686920166
1403901569507147776,negative,0.9437967538833618,0.6566218733787537,1.0052276849746704
1403901569922486280,negative,1.0494375228881836,-0.15894588828086853,1.4622228145599365
1403901569939120129,negative,0.9009653925895691,-0.7359654307365417,2.7964587211608887
1403901570425659392,negative,1.075622797012329,-0.58335280418396,1.5381051301956177
1403901570966716418,negative,1.336681604385376,-0.15887650847434998,1.4055930376052856
1403901571046457347,negative,0.9943870902061462,0.17093423008918762,1.4971853494644165
1403901571503591426,negative,1.1109445095062256,-0.9731549620628357,2.675137519836426
1403901573663760391,neutral,1.6156479120254517,1.003430962562561,0.9610843062400818
1403901574301118469,neutral,2.5507004261016846,-0.4420001208782196,-0.13606210052967072
1403901574452178947,neutral,2.010875701904297,0.33915218710899353,0.3537071645259857
1403901574863261701,neutral,1.5679962635040283,0.01606731116771698,1.394637942314148
1403901575098109954,neutral,1.8066504001617432,-0.11037664860486984,0.6912906169891357
1403901575194505218,positive,0.4711360037326813,2.584918737411499,-0.19487087428569794
1403901575370842118,neutral,1.685420036315918,0.592038094997406,0.16958117485046387
1403901575488151555,negative,1.212039828300476,-0.9052509069442749,2.0690994262695312
1403901575895076864,negative,1.4778536558151245,-0.8342931270599365,2.2221248149871826
1403901576725598213,negative,1.1116211414337158,-0.044476039707660675,1.258657693862915
1403901576906002435,positive,0.6654193997383118,0.7275206446647644,-0.020742109045386314
1403901576956178433,negative,1.3126256465911865,-0.4150562584400177,1.909198522567749
1403901577577050117,neutral,2.1617162227630615,-1.0657999515533447,2.0157408714294434
1403901578059214848,neutral,1.7071155309677124,-0.18112429976463318,1.5131198167800903
1403901579724570627,neutral,2.23433256149292,0.5764690041542053,-0.08703844249248505
1403901579728605188,positive,1.2984635829925537,1.3909403085708618,0.5298287868499756
1403901580760453125,negative,0.4048389494419098,-0.9099553823471069,3.060703992843628
1403901581628784642,negative,1.224915862083435,-0.9688089489936829,2.2292375564575195
1403901582282870789,positive,1.2410650253295898,2.5348751544952393,-0.6360663175582886
1403901583990181889,neutral,1.9629874229431152,-0.028691433370113373,1.4329012632369995
1403901584657031168,neutral,2.9628117084503174,0.6987348198890686,-0.2254011183977127
1403901584791199749,negative,1.1316957473754883,-0.8448053598403931,2.3045873641967773
1403901585126735877,neutral,1.3619033098220825,0.07836557924747467,0.8059840798377991
1403901585797697538,negative,1.2213279008865356,-1.2218204736709595,3.12563419342041
1403901585873268742,negative,1.0172924995422363,0.8058072924613953,1.1356147527694702
1403901586120847365,negative,1.054574728012085,-0.5156394243240356,1.2932755947113037
1403901587399929860,neutral,1.5824434757232666,0.2038956582546234,0.5083480477333069
1403901589316902913,negative,0.9564541578292847,-0.3752193748950958,1.9688324928283691
1403901589677510658,negative,0.8668291568756104,-0.21737569570541382,1.4042836427688599
1403901590080086017,neutral,3.0300400257110596,1.7495307922363281,-0.8598861694335938
1403901590772256773,negative,1.2641046047210693,-0.5108176469802856,1.6315597295761108
1403901595226624002,negative,0.6439996957778931,-1.2103720903396606,3.6401171684265137
1403901595323011076,positive,1.8491867780685425,2.215914011001587,-0.44363707304000854
1403901595377491968,neutral,1.970107913017273,-0.4340193569660187,0.9729315638542175
1403901595541139460,negative,1.9760444164276123,-1.1435998678207397,2.0983784198760986
1403901595771805701,negative,1.0815404653549194,-0.34483152627944946,1.3768945932388306
1403901595998461954,neutral,2.8217248916625977,0.025734886527061462,0.5355104207992554
1403901596677795842,neutral,1.4685285091400146,1.35844087600708,-0.6150807738304138
1403901596711501824,neutral,1.665558099746704,-0.5041702389717102,0.8430312275886536
1403901596883423241,neutral,1.17706298828125,0.82359379529953,0.4293271005153656
1403901598519136258,neutral,1.4056979417800903,-0.13045734167099,1.2623629570007324
1403901599278305284,neutral,1.2819793224334717,-0.003551080822944641,1.2420254945755005
1403901599530065921,neutral,1.6442570686340332,-0.12358986586332321,0.7293641567230225
1403901599672582145,negative,1.4555784463882446,-0.6475077867507935,1.5969091653823853
1403901600008126464,negative,1.334538221359253,-0.38666650652885437,1.8140069246292114
1403901600284958727,neutral,2.8217248916625977,0.025734886527061462,0.5355104207992554
1403901601044058112,neutral,1.443746566772461,1.1229336261749268,0.335771769285202
1403901602570723329,positive,1.7462824583053589,1.8249919414520264,-0.08776446431875229
1403901603208335360,positive,1.8746600151062012,4.552314758300781,-0.7921039462089539
1403901603652927489,negative,1.1068618297576904,-0.1695728600025177,1.6743061542510986
1403901603732619264,negative,1.3783893585205078,0.08099628239870071,1.7644766569137573
1403901604525481984,negative,1.0494375228881836,-0.15894588828086853,1.4622228145599365
1403901604814802954,negative,0.7669143080711365,-0.7031111121177673,1.8345621824264526
1403901605024395264,negative,0.7347029447555542,-0.42414602637290955,2.3707730770111084
1403901605779435521,negative,1.5778652429580688,-1.239599347114563,2.7976715564727783
1403901606060515330,negative,1.166877031326294,0.22547310590744019,1.540041208267212
1403901607616647169,neutral,1.1628044843673706,0.4191925823688507,0.10133009403944016
1403901608816164870,negative,1.3916523456573486,0.024219058454036713,1.7649662494659424
1403901609428471809,positive,1.4548739194869995,2.5814974308013916,0.49854034185409546
1403901609478967296,neutral,2.238272190093994,2.035932779312134,0.3497980237007141
1403901609931939840,positive,0.24194464087486267,0.9218271970748901,0.6420595049858093
1403901610934226948,negative,1.1143386363983154,-0.18287834525108337,1.5774074792861938
1403901611827732484,positive,0.5198106169700623,2.0916974544525146,1.4824318885803223
1403901612200894467,negative,0.9630367755889893,-0.49980440735816956,2.1679837703704834
1403901612226138114,positive,1.341532588005066,3.126030683517456,-0.19780173897743225
1403901612339318785,negative,1.2770692110061646,-1.1164140701293945,2.94059419631958
1403901612339331073,negative,0.6466549634933472,-0.09040365368127823,2.0545337200164795
1403901612570124289,negative,1.0638058185577393,-1.376768946647644,3.9012064933776855
1403901612649635842,neutral,0.8924282193183899,0.6054705381393433,0.7831517457962036
1403901612779835398,negative,1.3916523456573486,0.024219058454036713,1.7649662494659424
1403901612892983303,negative,1.0172924995422363,0.8058072924613953,1.1356147527694702
1403901613320728577,negative,1.5162506103515625,-0.6337937116622925,1.7534891366958618
1403901613467598850,neutral,1.8709138631820679,0.7854757905006409,0.30547598004341125
1403901613610311683,negative,0.9355478286743164,-0.8379579782485962,2.1464223861694336
1403901613757112326,neutral,2.201888084411621,-0.1469988226890564,0.8332961201667786
1403901613828358150,negative,0.848431408405304,0.01573885977268219,1.3514713048934937
1403901614465949705,neutral,1.311432957649231,0.525142252445221,0.948650598526001
1403901615069753344,negative,0.9806869029998779,-0.8415254354476929,2.539781093597412
1403901616130977793,neutral,1.638270378112793,0.17215928435325623,1.0114277601242065
1403901616147898372,neutral,1.7535204887390137,1.170705795288086,-0.03996047377586365
1403901617439592450,neutral,1.403069019317627,1.1567143201828003,0.07728175073862076
1403901617800314883,neutral,1.914498209953308,1.1054495573043823,-0.05595444142818451
1403901617980641280,negative,1.4215878248214722,-0.8424323797225952,1.9562416076660156
1403901618588954626,negative,1.2099939584732056,0.3448275327682495,1.2741003036499023
1403901619016663041,negative,0.981816291809082,-0.9271596074104309,2.6528754234313965
1403901619016712195,neutral,0.8540769219398499,0.7777789831161499,-0.19812025129795074
1403901619025203200,neutral,1.2173993587493896,0.18364925682544708,1.2046613693237305
1403901619390103556,neutral,1.6441447734832764,-0.5100817084312439,1.4364489316940308
1403901619972972548,neutral,1.4885674715042114,1.2532787322998047,0.5373761057853699
1403901620006449154,negative,1.3916523456573486,0.024219058454036713,1.7649662494659424
1403901620480475136,neutral,1.637675404548645,0.45437195897102356,0.5790775418281555
1403901620975505414,negative,0.8541529774665833,0.22772356867790222,1.2699493169784546
1403901621537550336,positive,1.0564757585525513,1.444417119026184,0.17174673080444336
1403901621961068547,negative,1.589642882347107,-1.0690412521362305,2.2065751552581787
1403901622720221192,negative,1.5016511678695679,-0.8024806976318359,1.5894004106521606
1403901622951026690,negative,0.5666109323501587,-0.8695406913757324,3.228283166885376
1403901622963499009,neutral,1.0901645421981812,0.15734779834747314,0.24112553894519806
1403901623043244033,negative,0.814746081829071,0.8830899000167847,1.0328041315078735
1403901623555010562,negative,1.0124112367630005,0.5720736384391785,1.2227494716644287
1403901623911526404,negative,0.9047016501426697,0.22707271575927734,1.5066440105438232
1403901624905392128,negative,1.3328378200531006,-1.1997720003128052,3.0109009742736816
1403901625521954821,negative,0.8823170065879822,-0.936718761920929,2.7746145725250244
1403901625916342272,negative,0.8768144249916077,0.2245256006717682,1.7339332103729248
1403901626268602368,negative,1.110662817955017,-0.5633955597877502,1.8075608015060425
1403901627510276100,neutral,2.4597203731536865,0.4879799783229828,0.42303889989852905
1403901627799531523,neutral,1.3659833669662476,-0.026248760521411896,1.3223856687545776
1403901628424597507,neutral,1.8445197343826294,0.2366166114807129,0.8432998061180115
1403901630383153154,neutral,1.3312528133392334,0.4580214321613312,0.921436071395874
1403901631092166656,negative,0.9556258916854858,-0.013231001794338226,1.6918429136276245
1403901631255691267,negative,0.499556303024292,0.0850701630115509,0.5129495859146118
1403901631658225668,positive,2.7038862705230713,3.65219783782959,-1.3119858503341675
1403901632065142786,negative,1.2705563306808472,-0.444087952375412,1.8418949842453003
1403901632279162880,neutral,1.1096752882003784,0.35018038749694824,1.0432934761047363
1403901632849514503,neutral,1.027011513710022,-0.398781955242157,0.9265021085739136
1403901633151442948,negative,0.32801350951194763,-0.5060811638832092,2.74981427192688
1403901633700921345,neutral,1.266050934791565,0.3793084919452667,0.8856289386749268
1403901633835143175,negative,1.7840465307235718,-0.9974191188812256,2.0814011096954346
1403901635118583811,neutral,1.5445456504821777,-0.579765796661377,1.5390461683273315
1403901635206815753,neutral,1.5055944919586182,-0.3757736086845398,1.4452948570251465
1403901635290669056,neutral,1.6855747699737549,0.37137287855148315,0.37932196259498596
1403901635424751622,negative,1.3588485717773438,-0.9830581545829773,2.462785005569458
1403901635558973444,negative,0.8323348164558411,0.08698143064975739,1.295983076095581
1403901636423024641,positive,0.9438297748565674,8.049986839294434,-1.7665783166885376
1403901636729319425,neutral,2.306674003601074,-0.3815867006778717,0.8096886873245239
1403901636733325312,positive,1.0132250785827637,1.569560170173645,0.47938618063926697
1403901638495158272,negative,1.13535475730896,-0.29055842757225037,1.2604364156723022
1403901638620839939,neutral,1.474399209022522,0.11406685411930084,0.9971469044685364
1403901639505842176,neutral,1.7673479318618774,0.5127609372138977,0.6603124737739563
1403901639619231747,positive,1.700954556465149,2.3832461833953857,0.16707313060760498
1403901639669391360,neutral,1.4622570276260376,0.5397224426269531,1.186041235923767
1403901641300975620,neutral,1.9701077938079834,-0.4340193569660187,0.9729313850402832
1403901641514881030,negative,1.0353491306304932,-1.2652438879013062,3.852947235107422
1403901643683295242,neutral,2.212160348892212,-0.03133855760097504,0.8980836272239685
1403901644237164545,negative,0.6331018209457397,-0.8570688366889954,3.275418519973755
1403901644367073281,negative,0.6820245385169983,-0.20539316534996033,2.080109119415283
1403901644891373571,negative,1.054574728012085,-0.5156394243240356,1.2932755947113037
1403901645042294789,neutral,1.3869057893753052,-0.11473657935857773,1.3579437732696533
1403901645298180096,negative,1.3416740894317627,-1.0802123546600342,2.9748754501342773
1403901645646450689,neutral,2.5507004261016846,-0.4420001208782196,-0.13606210052967072
1403901645734301703,neutral,1.1587425470352173,0.7839064598083496,0.4525361955165863
1403901645822459913,neutral,2.64100980758667,1.0753251314163208,-0.5171800255775452
1403901645826764804,neutral,1.379625916481018,-0.0766276940703392,0.7117829322814941
1403901646128566272,neutral,2.306674003601074,-0.3815867006778717,0.8096886873245239
1403901646493474818,neutral,1.895399808883667,0.06980772316455841,0.9835416078567505
1403901646753570822,positive,2.2432477474212646,2.2634470462799072,-0.47689616680145264
1403901646845841414,negative,1.1453746557235718,0.38371577858924866,1.3632246255874634
1403901647470796804,neutral,1.8955223560333252,-0.6867144107818604,1.5205382108688354
1403901648238489603,negative,1.1331368684768677,-0.9184396862983704,2.416860580444336
1403901648586481670,positive,0.6289659142494202,1.1644072532653809,-0.07332352548837662
1403901649068957697,neutral,2.1617162227630615,-1.0657999515533447,2.0157408714294434
1403901649215754241,negative,1.6053762435913086,-0.9599826335906982,2.2724015712738037
1403901650784468994,negative,0.8158870339393616,-0.3796527683734894,2.5088038444519043
1403901651279171587,negative,1.315676212310791,-0.6002572178840637,1.4403932094573975
1403901652042534915,neutral,2.031794309616089,0.3774573504924774,0.6486341953277588
1403901652202135556,neutral,1.9516115188598633,0.8942916989326477,-0.20919649302959442
1403901652483125254,neutral,1.6855747699737549,0.37137287855148315,0.37932196259498596
1403901654185877510,negative,1.4249682426452637,0.23043614625930786,1.6359809637069702
1403901654194221058,negative,1.0172924995422363,0.8058072924613953,1.1356147527694702
1403901654295007234,neutral,2.5507004261016846,-0.4420001208782196,-0.13606210052967072
1403901654374785025,neutral,1.964089274406433,0.7689072489738464,0.3621562719345093
1403901654412394496,neutral,2.0574069023132324,0.10498329252004623,1.473649263381958
1403901654466916356,negative,1.3390185832977295,-1.191103219985962,3.192112445831299
1403901655209463811,neutral,1.1035362482070923,0.092791348695755,0.8597954511642456
1403901655372894213,positive,1.682361125946045,2.46105694770813,0.03681247681379318
1403901655431716869,negative,0.7323040962219238,-1.3676931858062744,4.239696502685547
1403901655725211653,negative,1.1112018823623657,-0.6457934975624084,2.0220589637756348
1403901655951626246,positive,1.014905571937561,1.5759247541427612,0.9367387890815735
1403901655989374980,negative,1.3811070919036865,-0.44633713364601135,1.929429054260254
1403901656966832130,neutral,1.6797394752502441,-0.39067351818084717,1.1190451383590698
1403901657013010432,neutral,1.643348217010498,0.676112711429596,0.15131844580173492
1403901657205952512,negative,1.6488832235336304,-1.138405442237854,2.5533993244171143
1403901657323380738,negative,1.3916523456573486,0.024219058454036713,1.7649662494659424
1403901657604308993,neutral,1.968182921409607,-0.7349058389663696,1.9455132484436035
1403901658422251525,positive,1.5988047122955322,2.5009732246398926,-0.10921422392129898
1403901658640252929,neutral,1.9473471641540527,0.7833623290061951,0.10200797021389008
1403901658833301506,negative,1.166877031326294,0.22547310590744019,1.540041208267212
1403901658879250432,negative,0.864315390586853,-0.7631246447563171,2.408846855163574
1403901658988380166,negative,1.397279143333435,-1.0940473079681396,2.6723082065582275
1403901659340627972,neutral,1.5376113653182983,-0.07840784639120102,0.9924055933952332
1403901659571388421,neutral,2.621090888977051,1.00870943069458,-0.38646024465560913
1403901659571490822,negative,1.600744366645813,-1.2062618732452393,3.0223493576049805
1403901659697369098,neutral,1.268770456314087,-0.39613720774650574,0.8055761456489563
1403901660431331331,negative,1.6679733991622925,-1.050084114074707,2.059412717819214
1403901660989067265,neutral,1.4240671396255493,0.09785731881856918,0.8929445743560791
1403901661253443587,negative,1.3916523456573486,0.024219058454036713,1.7649662494659424
1403901661899198466,neutral,2.1693098545074463,0.17105650901794434,1.296540379524231
1403901662113107973,negative,0.5476402044296265,0.05001155287027359,1.9560304880142212
1403901662218100742,neutral,1.5684804916381836,0.7680054306983948,0.19401928782463074
1403901663249768451,negative,1.9814554452896118,-0.4318365752696991,2.1289427280426025
1403901663346270214,neutral,1.6029434204101562,-0.19004809856414795,0.8425849080085754
1403901663761420289,positive,0.717553973197937,1.4235159158706665,0.30924031138420105
1403901666055753734,neutral,3.530146598815918,1.6300077438354492,-1.0650413036346436
1403901666139725829,neutral,2.50645112991333,1.4469835758209229,-0.5270968675613403
1403901666156367876,neutral,1.6156479120254517,1.0034310817718506,0.9610843658447266
1403901666231996416,neutral,1.5354667901992798,0.3728903532028198,0.2507472038269043
1403901666357698560,negative,1.1043614149093628,-1.0308401584625244,2.7649717330932617
1403901666617827330,negative,1.675727128982544,-1.1267354488372803,2.5844035148620605
1403901667289059328,negative,1.3337602615356445,-1.0342799425125122,2.801053285598755
1403901667339227137,negative,1.3783893585205078,0.08099628239870071,1.7644766569137573
1403901667687366656,negative,1.4313148260116577,-0.13715481758117676,1.4615094661712646
1403901667720957954,neutral,2.8217248916625977,0.025734886527061462,0.5355104207992554
1403901670363381763,negative,0.22893618047237396,0.25164875388145447,1.3097578287124634
1403901670371823616,neutral,1.8997447490692139,0.2287425696849823,0.4756758511066437
1403901671298666500,positive,1.6972969770431519,2.763091802597046,-0.22607482969760895
1403901671692963846,neutral,2.1617162227630615,-1.0657999515533447,2.0157408714294434
1403901672141766657,negative,1.3062961101531982,-0.93391352891922,2.11857533454895
1403901672246681600,positive,0.7221949100494385,0.8672366738319397,0.38994526863098145
1403901673546817537,neutral,1.8275439739227295,-0.9760326147079468,1.7145586013793945
1403901674146566145,neutral,2.266944408416748,0.784065842628479,-0.09338482469320297
1403901674331070465,neutral,1.9847768545150757,-0.2961597442626953,1.2358651161193848
1403901674666659840,positive,2.239919900894165,4.062851428985596,-1.3313400745391846
1403901674910011395,neutral,2.306674003601074,-0.3815867006778717,0.8096886873245239
1403901675136446467,neutral,2.0391347408294678,0.04138248413801193,0.8223433494567871
1403901675157524481,positive,1.0149743556976318,1.2351791858673096,0.170503169298172
1403901675618942985,negative,0.9864600300788879,-0.5773412585258484,1.4517545700073242
1403901676537384966,neutral,2.6754703521728516,1.1542541980743408,-0.23154254257678986
1403901677271322624,neutral,3.8326995372772217,2.31128191947937,-1.6278846263885498
1403901677850165251,neutral,1.1012392044067383,0.48564252257347107,0.4666409492492676
1403901679733510145,negative,0.8169742226600647,-0.7971242666244507,2.729607343673706
1403901680874262529,negative,1.0172924995422363,0.8058072924613953,1.1356147527694702
1403901680987561985,negative,1.218306303024292,-0.4810570180416107,1.9349493980407715
1403901681088176129,negative,1.6647930145263672,-0.9867631793022156,2.4773900508880615
1403901681310572544,negative,1.1420931816101074,-0.44553324580192566,2.133692502975464
1403901682048765953,negative,1.6300997734069824,-1.1651185750961304,2.5472283363342285
1403901682485022723,neutral,2.901101589202881,2.8195548057556152,-1.2612229585647583
1403901682757640193,negative,0.9827742576599121,-0.01902414858341217,1.370352864265442
1403901682975526914,positive,1.8105086088180542,3.0759007930755615,-0.6051605939865112
1403901683139321864,neutral,2.0340871810913086,-0.04563630372285843,0.8690943717956543
1403901683424448512,negative,1.152462363243103,-0.8005227446556091,2.0703985691070557
1403901683562737665,positive,0.1826496720314026,1.209598183631897,0.4793115556240082
1403901683734695936,negative,1.6757272481918335,-1.1267354488372803,2.5844032764434814
1403901683910922241,positive,1.7266544103622437,1.7758102416992188,-0.23768915235996246
1403901684343058446,negative,0.7442626953125,-0.5139198303222656,1.4303133487701416
1403901684368220163,neutral,1.7140249013900757,-0.31775593757629395,1.186482548713684
1403901684523352078,negative,1.5908018350601196,-0.3813137710094452,1.6988087892532349
1403901684959498242,neutral,1.2155063152313232,1.1960210800170898,0.7418496608734131
1403901685131579393,neutral,1.5396281480789185,1.0513584613800049,0.20138847827911377
1403901685181911045,neutral,2.0026564598083496,0.2451196312904358,0.6241269111633301
1403901685634797570,neutral,1.6087357997894287,0.1556609570980072,0.9610044956207275
1403901685949423618,positive,1.0022298097610474,1.3180187940597534,0.15796391665935516
1403901686167470082,neutral,1.8709139823913574,0.7854757905006409,0.30547598004341125
1403901687442575362,negative,0.9808686375617981,-1.4703216552734375,4.014705657958984
1403901687715270662,negative,0.8053736090660095,-0.33332133293151855,2.3521220684051514
1403901687790804993,neutral,2.664128303527832,2.3297481536865234,-1.0696269273757935
1403901688658939912,negative,1.224915862083435,-0.9688089489936829,2.2292375564575195
1403901688994533376,negative,1.0100195407867432,-0.8406531810760498,3.298161029815674
1403901689011130373,neutral,2.340031623840332,-0.6084412932395935,0.9716356992721558
1403901689439064065,neutral,2.125854969024658,-0.14935708045959473,0.846903383731842
1403901690072469509,neutral,1.9311264753341675,0.19493979215621948,0.8213417530059814
1403901690097639433,negative,1.3100337982177734,-0.9991797804832458,2.3117258548736572
1403901690890260481,neutral,1.9814558029174805,0.8778819441795349,-0.13869933784008026
1403901690927992834,positive,1.0835886001586914,1.8410252332687378,0.3143956661224365
1403901691724972039,negative,1.5908018350601196,-0.3813137710094452,1.6988087892532349
1403901691821441030,negative,1.2766809463500977,-0.6316001415252686,1.7445173263549805
1403901692081549315,positive,1.7276537418365479,1.8876787424087524,-0.18021813035011292
1403901692282916864,positive,0.6070347428321838,1.847499132156372,0.03036058321595192
1403901692299689989,neutral,1.084990382194519,-0.26760971546173096,0.40221285820007324
1403901692542951429,neutral,2.2624945640563965,1.0822222232818604,-0.5164753794670105
1403901692857438215,negative,0.924693763256073,-0.48949113488197327,1.7189044952392578
1403901693050310658,neutral,2.430213689804077,0.6418646574020386,-0.2581029534339905
1403901693058748418,neutral,1.507643461227417,0.27107563614845276,0.9285760521888733
1403901693394178050,neutral,3.1482996940612793,1.885475516319275,-1.2444356679916382
1403901694220644355,positive,1.0197004079818726,3.716604471206665,-0.419476717710495
1403901694631682048,negative,0.7212845087051392,-0.44306841492652893,2.735452890396118
1403901695654916105,negative,1.532130241394043,-0.5451212525367737,1.9066081047058105
1403901695868944387,neutral,1.9723941087722778,0.7900726199150085,1.2609949111938477
1403901695990525952,negative,1.5402768850326538,-1.1476067304611206,2.6668591499328613
1403901696154247168,positive,0.8434592485427856,0.8552910089492798,-0.0806439220905304
1403901696233852931,neutral,1.2374284267425537,0.17386293411254883,1.2240642309188843
1403901696540094468,neutral,2.3442294597625732,0.018532000482082367,0.17781202495098114
1403901696917520394,neutral,2.493297815322876,1.211998462677002,-0.3747052550315857
1403901697391464455,negative,1.5317339897155762,-0.15322637557983398,1.8044228553771973
1403901697731141637,negative,1.2939993143081665,-0.897294282913208,2.2662887573242188
1403901697756483590,negative,1.5908018350601196,-0.3813137710094452,1.6988087892532349
1403901697798381571,neutral,1.6816363334655762,-0.163969486951828,1.311525583267212
1403901697840226304,neutral,2.534738063812256,1.146418571472168,-0.15191692113876343
1403901698368839681,neutral,2.306674003601074,-0.3815867006778717,0.8096886873245239
1403901698397986822,neutral,1.5071697235107422,-0.08369749039411545,1.1274302005767822
1403901699547295744,positive,0.9705017805099487,2.6247916221618652,-0.5601381063461304
1403901699748683777,negative,1.1085423231124878,-0.49013349413871765,1.5121155977249146
1403901700298080257,negative,0.9630367755889893,-0.49980446696281433,2.1679837703704834
1403901700826570753,neutral,1.2698285579681396,0.14686526358127594,0.8419485688209534
1403901701292060678,negative,1.3549646139144897,-0.8255888819694519,1.9135549068450928
1403901701451517959,negative,0.5887587070465088,-0.24773672223091125,1.7165207862854004
1403901701761896455,negative,1.2827833890914917,-0.6761819124221802,1.3995178937911987
1403901701854167041,neutral,2.0192739963531494,0.3379485011100769,0.4233989417552948
1403901702311403521,negative,1.3528342247009277,-0.11258790642023087,1.6191569566726685
1403901703691202563,negative,1.5035756826400757,-1.3737070560455322,3.082279920578003
1403901703749922822,neutral,2.5083606243133545,1.5255365371704102,-0.7411932349205017
1403901704802865157,negative,1.9760444164276123,-1.1435998678207397,2.0983784198760986
1403901704890773505,negative,1.3200373649597168,-0.5037864446640015,2.3311662673950195
1403901705150889988,neutral,1.719029426574707,0.3016170859336853,1.5750664472579956
1403901705536770050,neutral,2.363513469696045,0.3148781359195709,0.3369843065738678
1403901705754796035,negative,1.2562401294708252,-0.054047368466854095,1.3544343709945679
1403901706266628096,neutral,1.8227943181991577,0.07182058691978455,1.3354130983352661
1403901706329538563,negative,0.7838588953018188,-0.8143433928489685,2.5138864517211914
1403901706375557129,neutral,1.9674936532974243,-0.010457053780555725,0.7595891952514648
1403901706417717253,neutral,2.129572629928589,1.2204129695892334,-0.27778899669647217
1403901706749030403,negative,1.139156460762024,-0.8865211009979248,2.460780143737793
1403901706962837509,positive,1.685198426246643,3.039599895477295,-0.5585665702819824
1403901708124708866,negative,1.5036463737487793,-0.7842859029769897,2.0220742225646973
1403901708326117376,neutral,1.2172870635986328,0.37376415729522705,1.2038034200668335
1403901708472700932,negative,1.199845552444458,0.4374358355998993,1.6683235168457031
1403901708535681025,negative,1.0599632263183594,-0.5204328298568726,2.765319585800171
1403901709810737157,negative,0.987955629825592,-0.3637385070323944,1.7595343589782715
1403901710087573508,negative,1.5281766653060913,-0.5538482069969177,1.7880184650421143
1403901710217531398,negative,1.240286946296692,-1.2290058135986328,3.2052183151245117
1403901710683324416,neutral,1.621487021446228,0.30735769867897034,0.3893381953239441
1403901711048228866,neutral,1.5627750158309937,-0.020331233739852905,0.7556384801864624
1403901712205762563,negative,1.8467316627502441,-1.0882307291030884,1.9658820629119873
1403901712377733122,neutral,1.8955223560333252,-0.6867144107818604,1.5205382108688354
1403901713094909958,positive,2.1112704277038574,3.3505654335021973,-1.0554656982421875
1403901713518583810,positive,0.8158707022666931,2.4593114852905273,-0.509036660194397
1403901714177032194,neutral,2.313616991043091,1.0287506580352783,-0.08998491615056992
1403901714206429185,neutral,1.4659043550491333,-0.4316388666629791,1.0249764919281006
1403901715011698699,neutral,1.0862016677856445,0.771340012550354,0.2084297090768814
1403901715074600962,neutral,1.599788784980774,-0.151556134223938,1.590716004371643
1403901716127494148,neutral,1.9060485363006592,0.7519136667251587,0.7887570858001709
1403901716572119042,neutral,2.3131096363067627,-0.5750294923782349,1.1904181241989136
1403901717628932104,negative,0.5671805739402771,-1.1297258138656616,3.510247230529785
1403901717867991041,negative,1.4597986936569214,-1.2950098514556885,3.274646282196045
1403901719390560257,negative,1.3542308807373047,-0.18334618210792542,1.4767130613327026
1403901719759638530,neutral,1.6751917600631714,0.02679462358355522,1.1411978006362915
1403901719843463169,negative,0.8510071039199829,0.30802059173583984,1.483465552330017
1403901720648949765,neutral,1.6905884742736816,0.06853964924812317,1.1806669235229492
1403901720992780291,negative,1.3588485717773438,-0.9830581545829773,2.462785005569458
1403901721009557505,negative,0.4564964175224304,-0.8170601725578308,3.7533464431762695
1403901721265410059,positive,0.40848642587661743,3.096790313720703,-0.3594669997692108
1403901721554866177,neutral,1.7659846544265747,-0.44653013348579407,1.4973394870758057
1403901722007785475,neutral,2.5083606243133545,1.5255365371704102,-0.7411932349205017
1403901722439741445,negative,1.0172924995422363,0.8058072328567505,1.1356147527694702
1403901722519539719,positive,1.141028881072998,3.357978105545044,-0.6440028548240662
1403901722997760007,neutral,1.2173993587493896,0.18364925682544708,1.2046613693237305
1403901723056369667,positive,1.565475344657898,3.848865270614624,-0.6802175641059875
1403901723404603394,neutral,2.2538809776306152,0.5919567346572876,0.15464505553245544
1403901723559841796,neutral,1.8461670875549316,1.7412879467010498,-0.6484348177909851
1403901723706462209,neutral,1.8709138631820679,0.7854757905006409,0.30547598004341125
1403901723878596610,negative,1.1928852796554565,-0.24039018154144287,1.4821234941482544
1403901724973273090,positive,0.30093708634376526,3.8772401809692383,-0.7101473212242126
1403901725132476421,neutral,1.2885048389434814,0.49847233295440674,0.12033112347126007
1403901725988122626,neutral,2.6163887977600098,1.794863224029541,-0.3423825204372406
1403901726327934979,negative,1.1676231622695923,-0.24041059613227844,1.494188666343689
1403901727498248196,neutral,1.9477267265319824,1.231813907623291,-0.0760868489742279
1403901727766548482,neutral,1.350512146949768,0.2928100526332855,0.8304445743560791
1403901728274198528,negative,0.9160794615745544,0.1936539113521576,1.9093347787857056
1403901728324521986,neutral,1.7181031703948975,0.20783893764019012,0.2795882225036621
1403901728580423682,negative,1.2906776666641235,-1.3990110158920288,3.4820854663848877
1403901728622325765,neutral,1.037945032119751,0.6823788285255432,-0.19822411239147186
1403901728978870273,negative,1.1851389408111572,-0.3429902195930481,1.7710851430892944
1403901729322717191,neutral,1.8891878128051758,0.5245234966278076,0.5609523057937622
1403901729574244354,negative,0.9410190582275391,-0.21851846575737,1.8173894882202148
1403901730107101184,neutral,0.23260748386383057,0.1763904094696045,0.14018523693084717
1403901730522386439,neutral,1.91477632522583,-0.7280219197273254,1.6810381412506104
1403901731973435392,neutral,1.719029426574707,0.3016170859336853,1.5750664472579956
1403901732023934977,negative,1.086726427078247,-0.3394848704338074,2.0128977298736572
1403901732137193472,negative,1.3873528242111206,-1.1072136163711548,2.773409128189087
1403901733877731336,neutral,2.137397050857544,0.302894651889801,0.47425293922424316
1403901733881974785,neutral,1.8445197343826294,0.2366166114807129,0.8432998061180115
1403901733881982978,neutral,1.6855747699737549,0.37137287855148315,0.37932196259498596
1403901734376906754,negative,0.5149507522583008,-0.2639813721179962,1.7917354106903076
1403901735400206337,positive,0.7236203551292419,1.1451420783996582,0.851814866065979
1403901735714885632,negative,0.9578201770782471,-0.5707979202270508,1.0737597942352295
1403901736272601095,positive,2.2432477474212646,2.263446807861328,-0.4768962264060974
1403901736440385542,negative,1.3328379392623901,-1.1997720003128052,3.0109009742736816
1403901736818024448,neutral,1.5824434757232666,0.2038956582546234,0.5083480477333069
1403901736960466944,positive,1.685198426246643,3.039599895477295,-0.5585665702819824
1403901737044426752,neutral,1.1465305089950562,1.0081398487091064,0.12440718710422516
1403901737421914112,negative,1.5016511678695679,-0.8024806976318359,1.5894004106521606
1403901737912524801,positive,0.6492589712142944,1.265893578529358,0.6616940498352051
1403901737975570432,neutral,2.644895553588867,1.4644911289215088,-0.39701157808303833
1403901738118127616,negative,0.3737850487232208,-0.38243064284324646,3.179116725921631
1403901738269036547,neutral,1.3659833669662476,-0.026248827576637268,1.3223857879638672
1403901738432618503,negative,0.8903640508651733,0.3142850995063782,1.3205913305282593
1403901738713812997,negative,1.1928852796554565,-0.24039018154144287,1.4821234941482544
1403901738822737920,neutral,1.5676321983337402,-0.5248143076896667,1.3224167823791504
1403901739305254915,neutral,1.8955223560333252,-0.6867144107818604,1.5205382108688354
1403901739762425858,neutral,2.0946879386901855,0.10653937608003616,-0.1506665199995041
1403901740190105603,neutral,1.5831729173660278,0.01674589514732361,0.6735329627990723
1403901741393858562,neutral,1.5202220678329468,0.002145238220691681,1.27605140209198
1403901741893144577,negative,0.36690929532051086,-0.1274089217185974,1.5038480758666992
1403901741993795586,negative,0.8393186330795288,-0.2799881398677826,2.450124979019165
1403901742350225411,positive,1.4066379070281982,1.840221881866455,-0.7176624536514282
1403901742480125953,neutral,0.7990877628326416,0.3619265556335449,0.3068251311779022
1403901742530514946,negative,1.0074334144592285,-1.260634422302246,3.278735637664795
1403901742836711426,positive,1.4200658798217773,3.259760618209839,-1.1357991695404053
1403901743105249280,negative,0.4321172535419464,0.06462711095809937,1.208970308303833
1403901743231033346,neutral,2.1518940925598145,0.9593592286109924,-0.10429082065820694
1403901743751176192,negative,1.4617772102355957,-1.1241021156311035,2.5726356506347656
1403901744044818444,positive,0.24194464087486267,0.9218271970748901,0.6420595049858093
1403901744539570176,positive,2.288431406021118,2.7535736560821533,-1.1302917003631592
1403901745206546434,neutral,3.530146598815918,1.6300077438354492,-1.0650413036346436
1403901745474916354,positive,1.6298013925552368,1.8728724718093872,-0.31225600838661194
1403901745789640706,neutral,2.8217248916625977,0.025734886527061462,0.5355104207992554
1403901746217472001,negative,0.8202155232429504,-0.5255911350250244,2.453693151473999
1403901746963881985,neutral,1.6213018894195557,0.40708449482917786,0.27685242891311646
1403901747727269888,negative,1.0883618593215942,-0.5602694749832153,1.9204556941986084
1403901748117266432,negative,1.0172924995422363,0.8058072924613953,1.1356147527694702
1403901748910051329,neutral,1.5758466720581055,0.45291805267333984,0.8834564089775085
1403901749031702528,negative,1.0670971870422363,-0.32158708572387695,1.8994327783584595
1403901749400772610,neutral,1.6895866394042969,1.3905342817306519,0.1424320638179779
1403901750105436165,neutral,1.8445197343826294,0.2366166114807129,0.8432998061180115
1403901750562594828,positive,1.3425536155700684,3.0069727897644043,-0.6373293995857239
1403901750927671297,neutral,2.292511463165283,1.2028154134750366,0.053772225975990295
1403901752030732297,negative,0.9142444133758545,-1.4519051313400269,4.122739791870117
1403901752290820098,neutral,1.2323832511901855,-0.2941427230834961,1.1886245012283325
1403901752412233730,positive,1.685198426246643,3.039599895477295,-0.5585665702819824
1403901752512974853,neutral,1.0965873003005981,0.6004456281661987,0.8257209062576294
1403901753251143683,negative,0.9229382276535034,0.027263116091489792,2.3159656524658203
1403901753838419973,negative,1.5169532299041748,-0.496294766664505,1.534814715385437
1403901754245365760,positive,1.1663601398468018,1.4180537462234497,0.7986525893211365
1403901756745162754,neutral,1.5978000164031982,0.07402773946523666,0.7179110050201416
1403901756757614595,negative,0.9660266041755676,-0.8145660758018494,2.146399736404419
1403901757428731904,neutral,2.22025990486145,0.8172992467880249,0.11322453618049622
1403901757571350532,negative,0.9266773462295532,-0.7271691560745239,2.829380989074707
1403901757718106116,positive,0.5285816788673401,1.9722734689712524,0.237708181142807
1403901757730832392,neutral,1.7757549285888672,0.41473037004470825,0.7451025247573853
1403901758028533760,neutral,1.8084439039230347,0.22562265396118164,0.7909601926803589
1403901758645153794,negative,0.5413747429847717,-0.5837636590003967,1.4363147020339966
1403901758804529158,negative,1.4327894449234009,-1.0494238138198853,3.123037099838257
1403901758980734982,negative,0.4173978269100189,0.19721248745918274,0.6148267984390259
1403901759337103365,neutral,1.8253726959228516,-0.5038768649101257,1.3734869956970215
1403901759861379077,neutral,1.4165921211242676,-0.4137607514858246,0.8107150197029114
1403901760704454657,positive,1.7747061252593994,3.4235787391662598,-0.5406715869903564
1403901761048481792,neutral,1.9701077938079834,-0.43401941657066345,0.9729315638542175
1403901761715376128,neutral,1.6855747699737549,0.37137287855148315,0.37932196259498596
1403901764349349889,neutral,0.9631587862968445,0.5123671293258667,0.21159349381923676
1403901764433231872,negative,0.6439996957778931,-1.2103720903396606,3.6401171684265137
1403901764626227204,neutral,1.657442569732666,0.4727362394332886,0.0781305655837059
1403901764840079361,neutral,1.9134687185287476,0.8418232202529907,0.08926498889923096
1403901765263650821,neutral,2.054856061935425,0.8950966000556946,0.2300431877374649
1403901765414801408,neutral,1.2846921682357788,0.3161744773387909,0.07024781405925751
1403901765506977793,positive,2.3733572959899902,6.347701072692871,-2.275123357772827
1403901765792133130,neutral,1.5084638595581055,1.4423896074295044,-0.48399215936660767
1403901767486787586,negative,1.054574728012085,-0.5156394243240356,1.2932755947113037
1403901767562170369,negative,1.054574728012085,-0.5156394243240356,1.2932755947113037
1403901768363298818,neutral,1.7248992919921875,-0.38696038722991943,0.9879165887832642
1403901769495744514,negative,0.14309434592723846,-0.16245651245117188,1.8496060371398926
1403901769504198660,negative,1.054574728012085,-0.5156394243240356,1.2932755947113037
1403901769822920708,positive,1.3178247213363647,1.615440011024475,-0.40383219718933105
1403901770133291010,neutral,2.437242031097412,0.1778680682182312,0.5851943492889404
1403901771584581638,neutral,1.5426079034805298,0.5317461490631104,0.23070335388183594
1403901771626385417,negative,1.1154087781906128,-0.9153438210487366,2.77126145362854
1403901772360470532,neutral,1.6218312978744507,-0.2413906753063202,1.063795804977417
1403901773148983296,neutral,1.8445197343826294,0.2366166114807129,0.8432996869087219
1403901773329289217,negative,0.9361165165901184,-1.0470346212387085,3.4188430309295654
1403901773555830786,negative,1.1685296297073364,-1.1919218301773071,2.797386646270752
1403901773983617026,neutral,2.0460002422332764,0.5482524037361145,0.43205904960632324
1403901774574981121,negative,0.8323348164558411,0.08698143064975739,1.295983076095581
1403901775162269696,neutral,1.3994431495666504,0.31525343656539917,0.648069441318512
1403901775522910212,negative,1.0172924995422363,0.8058072924613953,1.1356147527694702
1403901775900549121,negative,0.2485695779323578,-0.5248173475265503,1.8884918689727783
1403901776307253254,positive,0.6723020672798157,1.5545167922973633,-0.14078021049499512
1403901776399634438,negative,1.5592982769012451,-1.06753671169281,2.395587205886841
1403901776500305920,negative,0.7055714726448059,-0.6770667433738708,2.8967883586883545
1403901776604983297,neutral,0.8217111825942993,-0.18052083253860474,0.8146845102310181
1403901776772976645,neutral,1.5700713396072388,0.2089529037475586,-0.003216223791241646
1403901777980784644,negative,1.4070520401000977,-0.9250664710998535,1.9019062519073486
1403901779327266821,neutral,1.2400773763656616,0.8503363728523254,0.11373043805360794
1403901779339665409,negative,1.3328379392623901,-1.1997720003128052,3.0109009742736816
1403901779482497033,negative,1.3916523456573486,0.024219058454036713,1.7649662494659424
1403901779700600845,negative,1.50882887840271,-0.7337552309036255,1.8573435544967651
1403901779750707203,neutral,1.6751917600631714,0.02679462358355522,1.1411978006362915
1403901779784372233,neutral,1.423194169998169,0.6480032801628113,0.9209292531013489
1403901780145147906,negative,1.286249041557312,-0.6364785432815552,1.9506028890609741
1403901780698693633,negative,0.9378823041915894,0.1906215250492096,1.046616554260254
1403901781382512640,negative,0.19079627096652985,-0.15907791256904602,3.3212058544158936
1403901781843791873,neutral,1.6855746507644653,0.37137287855148315,0.37932196259498596
1403901781864763394,neutral,1.9200304746627808,0.001094140112400055,1.3634589910507202
1403901783081111554,neutral,1.3340998888015747,0.8173007369041443,0.7961451411247253
1403901783949332508,negative,0.8042432069778442,-0.6029181480407715,1.7937453985214233
1403901784075079682,positive,1.6981616020202637,2.03885555267334,-0.4019085764884949
1403901784280625154,positive,1.5036948919296265,2.45697021484375,-0.39561015367507935
1403901784645644289,neutral,1.6855747699737549,0.37137287855148315,0.37932196259498596
1403901784700166144,negative,0.4281775653362274,-0.972341001033783,3.085897445678711
1403901785052385280,negative,0.8642274141311646,-0.07496792823076248,1.4090458154678345
1403901785127866371,positive,0.8097522258758545,1.2995210886001587,0.10947392135858536
1403901785186750465,neutral,2.4621312618255615,0.010886184871196747,0.2916153073310852
1403901785689968641,neutral,1.5894020795822144,-0.7639126181602478,1.4788618087768555
1403901786079961088,neutral,1.8445197343826294,0.2366166114807129,0.8432998061180115
1403901786130288640,neutral,1.637675404548645,0.45437195897102356,0.5790775418281555
1403901786243665921,negative,0.7328895926475525,0.65920490026474,1.099292516708374
1403901786717630469,neutral,1.3630367517471313,-0.04509865492582321,0.973040759563446
1403901786771976196,neutral,1.9869621992111206,-0.7684707641601562,1.1093237400054932
1403901787799789575,neutral,1.8955223560333252,-0.6867144703865051,1.5205382108688354
1403901788885905409,neutral,1.8709138631820679,0.7854757905006409,0.30547598004341125
1403901789221527552,neutral,3.530146598815918,1.6300077438354492,-1.0650413036346436
1403901789758529541,negative,1.086726427078247,-0.3394848704338074,2.0128977298736572
1403901789817114625,negative,1.054574728012085,-0.5156394243240356,1.2932755947113037
1403901789980835843,neutral,1.6855747699737549,0.37137287855148315,0.37932196259498596
1403901790639181824,neutral,2.405538320541382,-0.597200334072113,1.1527475118637085
1403901790924509187,neutral,1.927438735961914,-0.1654486060142517,0.9127358198165894
1403901791117320194,neutral,1.927438735961914,-0.1654486060142517,0.9127358198165894
1403901791889072128,neutral,1.1690962314605713,1.1565932035446167,0.6226915717124939
1403901792543514625,neutral,1.7429097890853882,-0.22578734159469604,0.795138418674469
1403901792858128391,neutral,1.949392318725586,-0.11730498820543289,1.279878854751587
1403901793340477443,negative,1.0102263689041138,-0.2545865774154663,1.87577486038208
1403901794057691142,neutral,1.0208007097244263,0.6312041878700256,0.896588146686554
1403901794258935808,neutral,1.4787908792495728,0.001580268144607544,1.180954933166504
1403901794636365824,negative,1.1720893383026123,-0.3444298505783081,1.2948670387268066
1403901794825080833,neutral,1.8709138631820679,0.7854757905006409,0.30547598004341125
1403901794900611075,neutral,1.6245571374893188,0.7217553853988647,0.4965929388999939
1403901795194134529,negative,0.3940465450286865,-0.3062175512313843,1.9361889362335205
1403901795273900033,neutral,1.7136610746383667,-0.19612863659858704,0.8183201551437378
1403901795450048512,neutral,1.782684087753296,-0.6457767486572266,1.2388335466384888
1403901795806613506,negative,1.4952772855758667,-1.1048935651779175,2.387436866760254
1403901796666556425,neutral,1.8309522867202759,0.9581217169761658,0.2892775237560272
1403901796993486848,negative,1.1375553607940674,-0.21308934688568115,2.2388691902160645
1403901798033801221,positive,0.5872824192047119,1.5863045454025269,1.1976916790008545
1403901798075621377,negative,0.8996098041534424,-0.8819257616996765,2.7370095252990723
1403901798356766724,neutral,1.7130402326583862,-0.7349514365196228,1.1286225318908691
1403901798730010627,positive,1.2216486930847168,1.3389027118682861,0.5320203304290771
1403901798763663362,negative,1.4937011003494263,-1.205197811126709,3.207881212234497
1403901798948114438,negative,1.3783893585205078,0.08099628239870071,1.7644766569137573
1403901799724113921,neutral,2.5309994220733643,0.7896189093589783,0.13629956543445587
1403901799916920834,positive,2.7746505737304688,4.085967540740967,-1.6760584115982056
1403901800420458498,neutral,1.570346713066101,0.0917588397860527,0.40031081438064575
1403901800449822720,neutral,2.50645112991333,1.4469835758209229,-0.5270968675613403
1403901801582108673,neutral,1.832332968711853,-0.5267940759658813,1.2625857591629028
1403901802173501447,neutral,1.5682886838912964,0.14829981327056885,-0.022892510518431664
1403901802786004997,positive,1.94089937210083,3.7028727531433105,-0.9960962533950806
1403901802920263684,neutral,2.3249611854553223,1.6820425987243652,0.15454426407814026
1403901803301793794,positive,1.7465802431106567,3.7106921672821045,-1.1879507303237915
1403901804513947650,neutral,1.1269240379333496,-0.0016421154141426086,1.0879905223846436
1403901804669243393,neutral,1.6010648012161255,0.24142026901245117,0.08192995190620422
1403901805931614210,negative,1.2667559385299683,-0.292033851146698,1.7617199420928955
1403901806820868096,neutral,1.7660760879516602,-0.42580726742744446,1.0395492315292358
1403901807735164929,neutral,2.3814539909362793,1.4550472497940063,-0.4947097897529602
1403901808196702209,neutral,1.600797414779663,1.130516767501831,0.30152571201324463
1403901808234450944,negative,1.5552085638046265,-1.2338088750839233,2.840730905532837
1403901808620101634,negative,1.5770734548568726,-0.9001023173332214,2.19911789894104
1403901808880152576,neutral,1.7254327535629272,-0.275596022605896,0.9618404507637024
1403901809480007688,negative,1.3373322486877441,-0.27011406421661377,1.669201374053955
1403901810314776584,negative,0.5049619674682617,0.9324030876159668,1.3395769596099854
1403901810994253832,negative,1.4286103248596191,-0.9739815592765808,2.449653387069702
1403901811086475264,positive,1.6710453033447266,1.7302632331848145,-0.3431994318962097
1403901811430330373,negative,0.4564964175224304,-0.8170601725578308,3.7533464431762695
1403901811606573058,neutral,1.2434718608856201,-0.10459331423044205,0.9647554755210876
1403901812768264192,negative,0.5738825798034668,-0.28606516122817993,2.213571310043335
1403901813078708230,negative,0.19450953602790833,-0.5765337347984314,2.702355146408081
1403901813082923011,neutral,1.3822154998779297,0.03997288644313812,1.2649227380752563
1403901813359792130,negative,0.8200223445892334,0.19598844647407532,1.5624608993530273
1403901813934505984,negative,0.6439996957778931,-1.2103720903396606,3.6401171684265137
1403901814026637320,neutral,2.222855806350708,0.2497064769268036,0.2266465276479721
1403901814458642433,neutral,1.3886268138885498,0.5243670344352722,0.6173572540283203
1403901817063309312,negative,1.3246394395828247,-0.03138941526412964,1.41816246509552
1403901817205846020,neutral,1.6751919984817505,0.026794608682394028,1.1411978006362915
1403901817440784385,negative,0.9804736971855164,-0.7475689053535461,2.198554277420044
1403901818166398979,negative,1.0717740058898926,-0.8312309384346008,2.1917996406555176
1403901818908905474,negative,0.47500863671302795,-0.8098944425582886,3.833968162536621
1403901819005202435,neutral,2.0901553630828857,0.3451036214828491,0.9200283288955688
1403901819240157184,neutral,1.5385280847549438,0.8564228415489197,0.10642800480127335
1403901819282153478,neutral,2.0679738521575928,-0.9118752479553223,1.6036959886550903
1403901819550502916,neutral,0.6305603384971619,0.616448163986206,0.16563189029693604
1403901819957485571,negative,1.2221051454544067,-0.6352683901786804,1.815516710281372
1403901820318199810,neutral,2.012491226196289,-0.689930260181427,1.4150402545928955
1403901820582379522,neutral,2.363649368286133,-0.5777217149734497,0.24284130334854126
1403901820779450368,negative,1.0172924995422363,0.8058072924613953,1.1356147527694702
1403901823543435267,negative,1.3783893585205078,0.08099628239870071,1.7644766569137573
1403901823610626049,neutral,1.7373532056808472,-0.017367348074913025,1.4273333549499512
1403901823719673856,neutral,1.4484963417053223,1.415497899055481,0.06987365335226059
1403901824084496389,neutral,1.178933024406433,0.08024958521127701,1.0557067394256592
1403901824567058433,negative,1.5750359296798706,-0.4334675371646881,1.8264427185058594
1403901825657438215,negative,0.8160023093223572,-0.7719796299934387,2.1257436275482178
1403901825762443265,negative,1.025089144706726,-0.9134660363197327,2.3361546993255615
1403901825976193024,positive,1.4045424461364746,2.237616539001465,-0.5464974045753479
1403901826890563594,neutral,1.73978590965271,0.14757707715034485,0.8242791295051575
1403901827138134017,negative,1.5338845252990723,-0.3545142412185669,1.783693552017212
1403901828987863041,negative,0.9091399908065796,-0.25595685839653015,1.8337440490722656
1403901829365252104,positive,1.8438085317611694,2.5541136264801025,0.07883800566196442
1403901830103539718,negative,0.9362648129463196,-0.40214404463768005,1.7582542896270752
1403901830388719619,negative,0.6448531150817871,0.3175247311592102,1.9224703311920166
1403901830711713798,negative,1.573771595954895,-0.5357782244682312,1.869210124015808
1403901830912950276,neutral,1.638343095779419,1.0915069580078125,0.7925171256065369
1403901830967484418,neutral,2.0381953716278076,0.579525351524353,0.12303318083286285
1403901831021953028,positive,1.2878813743591309,1.461616039276123,0.765265166759491
1403901832167047175,negative,1.2746702432632446,-1.3063385486602783,3.222287654876709
1403901832464781315,neutral,1.7577877044677734,-0.7134677767753601,1.4431461095809937
1403901832938889221,negative,1.7849082946777344,-0.8908252716064453,1.902681827545166
1403901833597366273,negative,1.066676378250122,-1.050827145576477,2.683617353439331
1403901833723011073,positive,1.637471079826355,3.663527011871338,-0.8087641000747681
1403901834624897025,positive,1.0659173727035522,1.716843605041504,-0.25428780913352966
1403901835094769668,neutral,1.6855747699737549,0.37137287855148315,0.37932196259498596
1403901835530760192,neutral,2.64100980758667,1.0753251314163208,-0.5171800255775452
1403901836202024963,negative,1.0318316221237183,-0.6427057981491089,1.6042648553848267
1403901836353019904,negative,1.049437403678894,-0.15894588828086853,1.4622230529785156
1403901836638130177,neutral,1.6391627788543701,-0.774879515171051,1.1377018690109253
1403901836705382400,positive,1.916381597518921,3.0436675548553467,-0.6339924335479736
1403901837917528066,neutral,1.5978000164031982,0.07402773946523666,0.7179110050201416
1403901838999666693,neutral,1.8377882242202759,-0.11350824683904648,1.1648815870285034
1403901839381127170,neutral,1.9260755777359009,-0.39457371830940247,1.0606412887573242
1403901839871991811,neutral,1.0034728050231934,7.294118404388428e-06,0.7043810486793518
1403901839897071621,neutral,1.7117418050765991,-0.7719660401344299,1.2950797080993652
1403901840870318082,negative,0.35533878207206726,-1.0519020557403564,3.9578864574432373
1403901840920485890,negative,0.8061770796775818,-0.6775262355804443,2.830129384994507
1403901840933068804,negative,1.2622363567352295,-0.6352570652961731,2.5135443210601807
1403901841058971649,negative,0.5806557536125183,-0.13879144191741943,1.6890690326690674
1403901841621012484,neutral,1.828305959701538,-0.670033872127533,1.4685320854187012
1403901841834971140,negative,0.07835708558559418,0.4428321421146393,0.6356098651885986
1403901842321518592,neutral,3.494636297225952,1.9371206760406494,-1.0233944654464722
1403901842392748036,positive,1.2497695684432983,2.4264073371887207,-0.5312387347221375
1403901843395149828,neutral,1.5708439350128174,-0.0388471856713295,0.8890396952629089
1403901844007620611,neutral,1.8955223560333252,-0.6867144107818604,1.5205382108688354
1403901844397563905,positive,1.7465802431106567,3.7106921672821045,-1.1879507303237915
1403901845710458881,positive,1.7462825775146484,1.8249917030334473,-0.08776441961526871
1403901845857308675,positive,0.8970435261726379,1.4933898448944092,0.35074034333229065
1403901846171881473,positive,0.5129920244216919,0.9413591027259827,0.8545435667037964
1403901847660752896,neutral,2.205152988433838,-0.9435437321662903,1.3572397232055664
1403901849028251649,neutral,1.8771547079086304,-0.23140934109687805,0.83417147397995
1403901849296465921,neutral,1.8709138631820679,0.7854757308959961,0.3054759204387665
1403901849699176453,neutral,2.126412868499756,-0.8504927754402161,1.3406469821929932
1403901850244505600,neutral,1.721022129058838,0.7904074788093567,0.3042532205581665
1403901850554802182,positive,1.0659173727035522,1.716843605041504,-0.25428780913352966
1403901850621943808,neutral,2.0129318237304688,0.7502171993255615,0.29939785599708557
1403901850924064772,neutral,1.6156479120254517,1.0034310817718506,0.9610843658447266
1403901851230040066,positive,0.25672194361686707,2.618471145629883,-0.35345709323883057
1403901851473489926,negative,1.1753782033920288,-0.7567715048789978,1.8540464639663696
1403901851821617153,negative,1.3050954341888428,-0.7747266292572021,2.2599973678588867
1403901852287049732,neutral,1.5377675294876099,0.31965750455856323,0.37790244817733765
1403901852295602177,neutral,1.6855747699737549,0.37137287855148315,0.37932196259498596
1403901852521959429,negative,1.0172924995422363,0.8058074116706848,1.1356148719787598
1403901853436317696,negative,0.48703303933143616,0.9006301164627075,1.588876485824585
1403901854388477954,negative,1.6450644731521606,-0.6293168067932129,2.1239993572235107
1403901854615064577,negative,1.4823932647705078,-0.5041763782501221,1.716890811920166
1403901855034273794,neutral,1.8702317476272583,-0.39257436990737915,1.164072871208191
1403901855386804226,negative,0.7484513521194458,-0.5785767436027527,2.2657177448272705
1403901855466409986,negative,1.681976079940796,-1.2969083786010742,2.935173749923706
1403901855722360832,neutral,1.4592137336730957,0.593353271484375,0.513079047203064
1403901857404100613,neutral,1.0233994722366333,0.5540235042572021,0.6788433194160461
1403901857446105088,negative,0.9738140106201172,-0.865850031375885,2.9769139289855957
1403901857588674565,negative,0.9388896822929382,-0.1918814778327942,1.5786609649658203
1403901857739644933,negative,0.8094861507415771,-1.1875187158584595,3.489513874053955
1403901858641502208,neutral,1.6816363334655762,-0.163969486951828,1.311525583267212
1403901859346235392,neutral,1.4434486627578735,0.392497718334198,0.6460233926773071
1403901859392225290,negative,1.6757272481918335,-1.1267354488372803,2.5844032764434814
1403901860105265155,neutral,1.9403049945831299,-0.6860625147819519,0.9651775360107422
1403901860273025026,negative,1.5027025938034058,-0.8688819408416748,1.7735075950622559
1403901861778706436,positive,0.6654193997383118,0.7275206446647644,-0.020742109045386314
1403901861812477956,neutral,1.8955223560333252,-0.6867144107818604,1.5205382108688354
1403901861912928258,negative,1.552384376525879,-0.07821347564458847,1.6063305139541626
1403901862949044227,positive,1.1597295999526978,4.87925386428833,-1.009537935256958
1403901863188000776,positive,0.7733324766159058,0.8879647254943848,0.6063980460166931
1403901863381045248,neutral,2.1617162227630615,-1.0657999515533447,2.0157408714294434
1403901863402086404,negative,1.353451132774353,-1.455640196800232,4.1969475746154785
1403901863422951429,negative,1.0948134660720825,-1.0134423971176147,2.7028181552886963
1403901863989112836,neutral,1.9076069593429565,1.8182235956192017,-0.0015663690865039825
1403901864584912901,neutral,1.4600801467895508,0.2945873439311981,1.4586821794509888
1403901864962408449,positive,0.6492589712142944,1.265893578529358,0.6616940498352051
1403901865167785986,negative,1.1755849123001099,-1.0811949968338013,2.607055902481079
1403901865654296581,negative,1.1150397062301636,0.15353511273860931,1.196201205253601
1403901866296102912,negative,0.8581003546714783,0.22676217555999756,1.037667155265808
1403901866451378177,negative,1.3462822437286377,-1.2416229248046875,2.9527995586395264
1403901866614788097,positive,2.2432477474212646,2.2634470462799072,-0.47689616680145264
1403901866631602176,negative,1.3623700141906738,-0.6309013962745667,1.592900037765503
1403901866753335301,neutral,1.1107426881790161,0.7701921463012695,1.0580710172653198
1403901866900029440,neutral,1.8259773254394531,-0.7735645174980164,1.5164076089859009
1403901867109752832,neutral,3.530146360397339,1.6300077438354492,-1.0650410652160645
1403901867550195717,negative,0.6457191109657288,-1.0823391675949097,3.512104034423828
1403901868460285954,positive,0.12489306181669235,2.2250137329101562,-0.313127726316452
1403901869261475846,neutral,2.069673538208008,0.0703461691737175,0.8303925395011902
1403901869504692229,positive,1.7329477071762085,2.5733346939086914,-0.3653569519519806
1403901870129696774,neutral,1.1228432655334473,0.3682563006877899,0.637382447719574
1403901871576825856,negative,1.336681604385376,-0.15887650847434998,1.4055930376052856
1403901871736201223,neutral,1.7248992919921875,-0.38696038722991943,0.9879165887832642
1403901871799123972,neutral,1.130484938621521,0.35542067885398865,1.0263699293136597
1403901871840972807,negative,1.152317762374878,0.19037894904613495,1.1595498323440552
1403901872864477187,negative,1.414640188217163,-1.245015025138855,3.0691115856170654
1403901873325842441,neutral,0.7408071756362915,0.4705727696418762,0.3522842228412628
1403901874143563778,negative,1.7615727186203003,-0.6727248430252075,2.0321764945983887
1403901875456409606,negative,1.016692876815796,-0.9316995143890381,2.4605109691619873
1403901875745804293,neutral,3.1398510932922363,2.4094886779785156,-1.087782859802246
1403901876404359171,positive,1.6015903949737549,3.065234899520874,-0.7180131077766418
1403901878627311617,positive,1.0885454416275024,3.5493106842041016,-0.3476080298423767
1403901879365476352,neutral,1.8955223560333252,-0.6867144107818604,1.5205382108688354
1403901879445340160,neutral,1.8709138631820679,0.7854757905006409,0.30547598004341125
1403901880594354179,neutral,1.7280371189117432,0.03693564236164093,1.6062675714492798
1403901880812646400,neutral,1.7369836568832397,-0.5208842158317566,1.676192283630371
1403901881529913345,neutral,1.9202029705047607,0.0044695064425468445,0.3193281590938568
1403901881655595008,negative,1.8239589929580688,-0.8464726805686951,2.1721243858337402
1403901882477596674,negative,0.9698441028594971,-0.8833186030387878,2.3318371772766113
1403901882544922631,neutral,1.892888069152832,-0.15054664015769958,0.08551588654518127
1403901882922258437,neutral,1.9910686016082764,0.6015074253082275,-0.030983636155724525
1403901883635302402,neutral,2.50645112991333,1.4469835758209229,-0.5270968675613403
1403901884134428673,neutral,3.530146598815918,1.6300077438354492,-1.0650413036346436
1403901884163887109,positive,0.4454503059387207,1.7757453918457031,0.19287072122097015
1403901885631930368,positive,1.70245361328125,2.3541271686553955,-0.13299110531806946
1403901885891948545,neutral,1.62856125831604,0.04116681218147278,-0.10345051437616348
1403901886030356480,neutral,2.260634660720825,1.046260952949524,0.0559258759021759
1403901886537687044,neutral,1.9037078619003296,0.8353390693664551,0.2066243290901184
1403901886860697605,neutral,2.702381134033203,1.0028897523880005,-0.5403960347175598
1403901887317901313,neutral,1.2790645360946655,0.36731699109077454,0.24570679664611816
1403901887586258946,neutral,2.893592357635498,1.848353385925293,-0.16597694158554077
1403901887678717952,neutral,2.8274881839752197,2.685832977294922,-1.2808160781860352
1403901889146724355,neutral,1.719253420829773,1.162925362586975,0.12172155827283859
1403901890623008770,neutral,1.8445197343826294,0.2366166114807129,0.8432998061180115
1403901891495567361,neutral,2.0153071880340576,0.4585033655166626,0.576957643032074
1403901892015628292,neutral,1.589582920074463,0.33534103631973267,0.8973228931427002
1403901892053196805,negative,1.1459617614746094,-0.7616485357284546,2.5804994106292725
1403901892074291207,positive,1.6052263975143433,1.706760287284851,0.010516690090298653
1403901892594307077,positive,0.5007045269012451,4.382143974304199,-0.5920973420143127
1403901893047422976,neutral,1.3368369340896606,-0.1073572114109993,0.9174784421920776
1403901893219209219,neutral,1.424622654914856,0.66917484998703,-0.3200873136520386
1403901893320060930,negative,1.4525642395019531,-0.8136851787567139,1.7316099405288696
1403901893798137859,neutral,1.2307138442993164,0.3640056252479553,0.6957283020019531
1403901895090049024,negative,0.4219505786895752,-1.2653868198394775,4.301445007324219
1403901895165370370,negative,1.266679048538208,0.5307613015174866,1.2747271060943604
1403901895354335232,neutral,2.292511463165283,1.2028154134750366,0.053772225975990295
1403901895643582466,neutral,1.3553693294525146,0.18711481988430023,0.7800210118293762
1403901895782055937,neutral,2.0157878398895264,1.3445833921432495,-0.16883212327957153
1403901895836680195,neutral,1.7772619724273682,0.6857183575630188,0.24898271262645721
1403901895895302145,negative,0.7972465753555298,-0.34845709800720215,2.4831888675689697
1403901896952217600,negative,1.5069377422332764,-0.8241673707962036,1.9971531629562378
1403901897753255938,neutral,2.2718169689178467,0.7228265404701233,0.373820036649704
1403901898034384896,negative,0.8697822690010071,-0.72743821144104,3.349640369415283
1403901898579746824,neutral,1.6077783107757568,0.005293101072311401,0.9944088459014893
1403901898738999309,neutral,2.1964080333709717,1.6848750114440918,-0.6016912460327148
1403901898806087684,neutral,1.2819793224334717,-0.003551080822944641,1.2420254945755005
1403901899384922115,negative,1.212039828300476,-0.9052509069442749,2.0690994262695312
1403901899615608836,negative,1.4921554327011108,-0.10434552282094955,1.6821985244750977
1403901899745775620,neutral,2.13275408744812,-0.045882292091846466,1.193591594696045
1403901900001579009,neutral,2.0781712532043457,-0.6770406365394592,1.6252230405807495
1403901900798447616,neutral,1.7728899717330933,-0.48934176564216614,1.5755771398544312
1403901901029076993,neutral,1.9491195678710938,1.078536033630371,0.35025060176849365
1403901901276549120,negative,1.13535475730896,-0.29055842757225037,1.2604364156723022
1403901901524066308,neutral,1.6156479120254517,1.0034310817718506,0.9610843658447266
1403901901591089158,negative,1.1453746557235718,0.38371574878692627,1.3632245063781738
1403901903310708740,negative,1.397279143333435,-1.09404718875885,2.6723082065582275
1403901904149647360,negative,1.3188107013702393,-0.4690876305103302,1.8189597129821777
1403901904204095494,neutral,1.637675404548645,0.45437195897102356,0.5790776014328003
1403901905147891713,neutral,0.9144697189331055,-0.018970750272274017,0.7843214869499207
1403901905206579202,negative,1.1043614149093628,-1.0308401584625244,2.7649717330932617
1403901905537945604,positive,0.852933406829834,1.2892199754714966,0.08430270105600357
1403901906573922305,neutral,1.512044906616211,-0.257804811000824,0.9627858400344849
1403901907219976195,neutral,2.212160348892212,-0.03133855760097504,0.8980836272239685
1403901908587220993,negative,0.534855306148529,-0.8909215927124023,2.731860399246216
1403901910386577410,negative,1.0555176734924316,-1.307929277420044,3.750742197036743
1403901910847873030,neutral,1.8445197343826294,0.2366166114807129,0.8432998061180115
1403901911154237442,neutral,1.9425567388534546,0.2775420546531677,0.6770303845405579
1403901911279960067,neutral,1.878433108329773,1.1534627676010132,-0.09987957030534744
1403901911393177601,negative,1.2213279008865356,-1.2218204736709595,3.12563419342041
1403901911879798786,neutral,2.126412868499756,-0.8504927754402161,1.3406469821929932
1403901913054302209,neutral,1.7740867137908936,0.31335100531578064,0.015879664570093155
1403901913213587458,neutral,1.2885048389434814,0.49847233295440674,0.12033112347126007
1403901914371137536,negative,0.8533270955085754,-0.6117238998413086,2.3271687030792236
1403901914685710336,negative,0.7381027936935425,-0.2055625319480896,1.6968753337860107
1403901915826561026,negative,1.3783893585205078,0.08099628239870071,1.7644766569137573
1403901916036296705,neutral,1.3747097253799438,0.07876725494861603,0.46799400448799133
1403901916770340867,positive,1.4143707752227783,2.3002004623413086,-0.18758857250213623
1403901916967362566,neutral,1.6751917600631714,0.02679462358355522,1.1411978006362915
1403901917034696706,negative,1.4256945848464966,-1.223630666732788,2.9668989181518555
1403901917076414466,negative,1.3916523456573486,0.02421904355287552,1.7649661302566528
1403901918657712131,neutral,3.2815170288085938,0.6761024594306946,-0.26498648524284363
1403901918695485441,negative,1.5027025938034058,-0.8688819408416748,1.7735075950622559
1403901919387688965,negative,1.1869580745697021,0.20232811570167542,1.3447569608688354
1403901920834641923,neutral,1.6156479120254517,1.0034310817718506,0.9610843658447266
1403901921082187778,neutral,1.9924054145812988,0.265312522649765,0.619064211845398
1403901921564446721,negative,1.3193892240524292,-0.5073940753936768,1.6869429349899292
1403901922344681475,negative,1.336681604385376,-0.15887650847434998,1.4055930376052856
1403901922499710978,neutral,1.096777319908142,0.32684728503227234,0.4340077340602875
1403901922906619904,neutral,1.6855747699737549,0.37137287855148315,0.37932196259498596
1403901923317760000,neutral,2.0704474449157715,1.9508949518203735,-0.5858045220375061
1403901923565223941,neutral,1.877214789390564,-0.2184617519378662,0.8703382015228271
1403901923917434880,neutral,3.3508667945861816,1.0392613410949707,-0.632684051990509
1403901924403908608,neutral,1.501346230506897,-0.09644993394613266,0.8111714124679565
1403901924445876229,negative,1.16793954372406,-0.9244922995567322,2.8530282974243164
1403901924567437314,positive,1.7462825775146484,1.8249917030334473,-0.08776441961526871
1403901924617842694,negative,0.9658031463623047,-0.676152765750885,1.4245526790618896
1403901924806647808,neutral,1.5150694847106934,0.39173296093940735,0.32260584831237793
1403901925532192768,neutral,1.9005112648010254,0.3643602132797241,0.6773242354393005
1403901925658005513,neutral,1.7606884241104126,-0.45003363490104675,1.4236464500427246
1403901927163760645,neutral,2.1329619884490967,0.16984641551971436,0.7218502759933472
1403901927830609921,negative,0.7142045497894287,-0.757347047328949,2.932856559753418
1403901929151860736,negative,0.9114478826522827,-1.1587879657745361,3.262824296951294
1403901929181179908,neutral,2.1630916595458984,1.1111783981323242,-0.07538248598575592
1403901930267611136,neutral,2.3909127712249756,2.009658098220825,-0.41156020760536194
1403901930347192320,positive,1.4548739194869995,2.5814974308013916,0.49854034185409546
1403901930376597507,positive,0.992011547088623,2.440380096435547,-0.07647256553173065
1403901930464743432,negative,0.9240877628326416,-1.1747676134109497,3.3573684692382812
1403901930875756547,negative,0.9437967538833618,0.6566218733787537,1.0052276849746704
1403901931144290305,neutral,1.6855747699737549,0.37137287855148315,0.37932196259498596
1403901932054278145,negative,1.561278223991394,-1.038773775100708,2.434537410736084
1403901932377362433,negative,0.7838588953018188,-0.8143433928489685,2.5138864517211914
1403901932427640834,negative,1.0815116167068481,-1.0512428283691406,2.4338202476501465
1403901932687613956,positive,1.6981616020202637,2.03885555267334,-0.4019085764884949
1403901933174235139,neutral,1.8998695611953735,-0.48103901743888855,0.809248149394989
1403901933312643073,neutral,0.915858268737793,0.3095039129257202,0.1527288854122162
1403901933488721920,neutral,1.6794449090957642,-0.5384108424186707,0.7645241618156433
1403901933610545155,negative,1.1056259870529175,-0.49706175923347473,2.158320903778076
1403901934075924482,negative,1.1813074350357056,0.39784860610961914,1.3690812587738037
1403901934990364672,negative,1.0666931867599487,-1.0104783773422241,2.472726583480835
1403901935426555906,neutral,2.5010006427764893,-0.13228431344032288,0.3277733623981476
1403901935585955840,negative,1.3783893585205078,0.08099628239870071,1.7644766569137573
1403901935665618948,negative,1.433020830154419,-0.7688816785812378,1.958038568496704
1403901935892246532,negative,0.7055714726448059,-0.6770667433738708,2.8967883586883545
1403901936399654916,negative,0.4564964175224304,-0.8170601725578308,3.7533464431762695
1403901937268006919,neutral,1.8042302131652832,0.8945949077606201,0.1815597265958786
1403901937456541699,neutral,3.1897432804107666,2.9596402645111084,-0.10080108791589737
1403901938186522625,neutral,1.927438735961914,-0.1654486060142517,0.9127358198165894
1403901938689736704,neutral,2.071244239807129,1.4225049018859863,-0.21062658727169037
1403901938949840896,negative,0.7772238254547119,-0.815497875213623,2.1091818809509277
1403901939058937856,negative,1.0883618593215942,-0.5602694749832153,1.9204556941986084
1403901939071520769,negative,1.2512651681900024,-1.460012674331665,4.009566783905029
1403901939100880900,positive,1.6329421997070312,4.660642147064209,-1.1847206354141235
1403901939818061827,neutral,1.6855747699737549,0.37137287855148315,0.37932196259498596
1403901939839078405,positive,1.0659173727035522,1.716843605041504,-0.25428780913352966
1403901940480704516,neutral,1.2328962087631226,-0.552016019821167,0.9878866076469421
1403901941353177093,neutral,1.836551547050476,0.10683611035346985,0.7296751141548157
1403901941386674179,negative,0.8251256346702576,0.1641269326210022,1.798855185508728
1403901941424410634,negative,0.8642274141311646,-0.07496792823076248,1.4090458154678345
1403901941839667202,positive,0.2915940582752228,1.4698163270950317,0.6359772086143494
1403901942162771968,neutral,1.8845049142837524,0.35594725608825684,0.7381290793418884
1403901942678528000,neutral,1.6816363334655762,-0.163969486951828,1.311525583267212
1403901942762512386,neutral,1.765390157699585,-0.6156479716300964,1.5544220209121704
1403901942875656194,positive,2.1112704277038574,3.3505654335021973,-1.0554656982421875
1403901943345336323,negative,1.5016511678695679,-0.8024806976318359,1.5894004106521606
1403901943379017728,neutral,2.291769504547119,-0.16520780324935913,0.4557510316371918
1403901943504850944,negative,0.6626672148704529,0.8880412578582764,0.9993308782577515
1403901943764766720,negative,0.5036277174949646,-0.731231689453125,2.6459403038024902
1403901943815278593,negative,0.4564964175224304,-0.8170601725578308,3.7533464431762695
1403901943966273537,negative,1.07478928565979,-0.44890037178993225,1.8658561706542969
1403901944578461696,neutral,1.8957024812698364,0.49880146980285645,0.2651660144329071
1403901944624734210,positive,1.3347543478012085,1.6714845895767212,0.26079437136650085
1403901944687697920,neutral,1.9425567388534546,0.27754199504852295,0.6770303249359131
1403901944792600577,neutral,2.0153071880340576,0.4585033655166626,0.576957643032074
1403901945018990592,positive,0.6020454168319702,3.4891982078552246,-0.7052406668663025
1403901945287299074,negative,1.0815117359161377,-1.051242709159851,2.4338202476501465
1403901945916510209,negative,1.5641707181930542,-0.907998263835907,1.834072470664978
1403901946365419521,negative,1.2501665353775024,-0.3010483682155609,1.4237313270568848
1403901946646384644,negative,1.1331368684768677,-0.9184396862983704,2.416860580444336
1403901946721976324,neutral,1.2400773763656616,0.8503363728523254,0.11373043805360794
1403901947455885313,negative,0.8531330227851868,-0.7889940738677979,2.5347650051116943
1403901947799691266,positive,1.8396778106689453,2.3197357654571533,-0.5974225997924805
1403901948810743813,negative,0.2898034155368805,-0.8324036598205566,3.2962913513183594
1403901948932337665,neutral,1.3730818033218384,-0.06666102260351181,0.5718841552734375
1403901949418766338,negative,1.0883618593215942,-0.5602694749832153,1.9204556941986084
1403901949733339137,neutral,1.56974196434021,0.0015106648206710815,0.9861271381378174
1403901951612440580,negative,0.5760351419448853,-0.8717000484466553,3.2348403930664062
1403901951876775937,neutral,1.801874041557312,1.784387469291687,0.9062671661376953
1403901952212172804,neutral,1.2289584875106812,0.3629224896430969,1.2203431129455566
1403901953038557191,neutral,1.6156479120254517,1.0034310817718506,0.9610843658447266
1403901953529188353,negative,0.9556260108947754,-0.013231039047241211,1.6918429136276245
1403901954124763139,neutral,1.8891878128051758,0.5245234966278076,0.5609523057937622
1403901954732998661,neutral,2.049736261367798,1.286816954612732,0.11614461988210678
1403901955580338186,negative,1.2221051454544067,-0.6352683901786804,1.8155165910720825
1403901956096086016,neutral,2.0965380668640137,0.6666525602340698,0.6154758930206299
1403901956595216386,neutral,1.8309522867202759,0.9581217169761658,0.2892775237560272
1403901956981067776,neutral,2.083320379257202,1.3273518085479736,-0.004621671512722969
1403901957023178755,negative,1.1928852796554565,-0.24039018154144287,1.4821234941482544
1403901957077704705,neutral,1.8891878128051758,0.5245234966278076,0.5609523057937622
1403901957098541059,negative,0.6562144756317139,-0.07526703923940659,1.5576775074005127
1403901957157183491,neutral,1.6062253713607788,0.5854676365852356,0.9660888314247131
1403901957362765832,positive,1.564695954322815,2.0517051219940186,0.6434213519096375
1403901957392113667,negative,0.9254891872406006,0.2955642342567444,1.320422649383545
1403901957442617353,negative,1.262342095375061,-1.2370593547821045,2.973182439804077
1403901957991981061,negative,1.5641707181930542,-0.907998263835907,1.834072470664978
1403901959569035265,negative,0.9085098505020142,-0.8785074353218079,2.8608126640319824
1403901961590611969,neutral,1.555951476097107,0.9688064455986023,0.1871529072523117
1403901961762742279,negative,0.9180055260658264,-0.1478126347064972,1.9133461713790894
1403901961888571393,neutral,2.3061583042144775,0.5227155089378357,0.32168155908584595
1403901962001715208,negative,1.1813074350357056,0.39784860610961914,1.3690812587738037
1403901962031009798,neutral,1.1269240379333496,-0.0016421601176261902,1.0879905223846436
1403901962135883778,negative,1.398594617843628,0.41771528124809265,1.4806362390518188
1403901962635157504,neutral,1.205552101135254,0.8018984794616699,0.5106299519538879
1403901962807095297,neutral,2.4594461917877197,1.1280298233032227,-0.9690105319023132
1403901963335471104,neutral,1.7229253053665161,1.5121351480484009,-0.13664187490940094
1403901963843088388,neutral,1.6156479120254517,1.0034310817718506,0.9610843658447266
1403901963968806916,neutral,1.8445197343826294,0.2366166114807129,0.8432998061180115
1403901964153503745,neutral,1.6962835788726807,0.5766897201538086,0.06675814092159271
1403901966321799169,neutral,1.9988123178482056,0.3400425910949707,0.5492396950721741
1403901966569328640,neutral,1.4526333808898926,-0.5033655762672424,1.2975741624832153
1403901967336759297,positive,0.999222457408905,1.2954492568969727,-0.03614477813243866
1403901967840260098,neutral,0.7636217474937439,0.4937756061553955,0.24299132823944092
1403901968238608388,neutral,1.7778605222702026,0.9227115511894226,0.31642696261405945
1403901968272138244,neutral,3.530146598815918,1.6300077438354492,-1.0650413036346436
1403901968502886404,negative,1.3323875665664673,-0.2926173806190491,1.5215338468551636
1403901968893030400,neutral,1.3595229387283325,-0.2571519911289215,1.1627211570739746
1403901969295568905,neutral,1.5580986738204956,-0.27152156829833984,1.4650496244430542
1403901972315443200,negative,0.8805966377258301,-0.451467901468277,1.6379485130310059
1403901972315525122,neutral,1.6156479120254517,1.0034310817718506,0.9610843658447266
1403901973246578688,neutral,2.2580294609069824,0.9498091340065002,0.10468074679374695
1403901973246611458,negative,1.6695311069488525,-1.0978360176086426,2.2869300842285156
1403901973573758979,negative,1.4708058834075928,-0.8475863933563232,2.2203686237335205
1403901974412734466,negative,1.0780868530273438,-0.6454960107803345,2.2891831398010254
1403901975004020737,neutral,1.637675404548645,0.45437195897102356,0.5790775418281555
1403901976413454340,positive,0.49274179339408875,0.9216163158416748,0.46328818798065186
1403901976899776519,neutral,1.8979328870773315,0.9010271430015564,0.3939720392227173
1403901977042456590,negative,1.3361345529556274,-0.6272110939025879,1.9904688596725464
1403901977227108353,negative,0.17795778810977936,0.9571331143379211,0.9849693179130554
1403901978032455683,positive,0.8092227578163147,2.36262583732605,-0.2200482040643692
1403901978489626626,negative,1.0815116167068481,-1.0512428283691406,2.4338202476501465
1403901978980151302,neutral,3.164703369140625,2.2546942234039307,-0.8334156274795532
1403901979093569536,neutral,2.68422532081604,2.373431444168091,-1.0275688171386719
1403901979634507781,neutral,1.541853904724121,0.5490372776985168,0.8067531585693359
1403901979785678856,neutral,1.0705549716949463,0.5191052556037903,0.9716234803199768
1403901982989975553,positive,1.94089937210083,3.7028727531433105,-0.9960962533950806
1403901983027761158,negative,1.1769659519195557,-0.7594331502914429,2.1521177291870117
1403901983153655810,positive,1.564695954322815,2.0517051219940186,0.6434213519096375
1403901983291895811,positive,0.9461030960083008,2.8017613887786865,-0.032781317830085754
1403901983401127938,negative,1.102891445159912,-0.7463712692260742,1.8593204021453857
1403901984407797763,positive,1.5773447751998901,1.8640799522399902,-0.045431338250637054
1403901985305280520,positive,0.24194464087486267,0.9218271970748901,0.6420595049858093
1403901985884020741,neutral,1.8465584516525269,0.26153287291526794,0.8612266182899475
1403901986618019843,positive,2.5266671180725098,3.826235294342041,-1.347930669784546
1403901986874011650,negative,1.1820266246795654,-1.0902915000915527,2.7566869258880615
1403901987632996352,neutral,1.3425462245941162,-0.2592487931251526,1.109203577041626
1403901987683409921,neutral,2.677595853805542,0.9564926624298096,0.09374504536390305
1403901987708678149,neutral,1.4912580251693726,0.29441913962364197,0.9438563585281372
1403901987805138945,negative,1.054574728012085,-0.5156394243240356,1.2932755947113037
1403901988144701444,neutral,2.5357604026794434,1.2096383571624756,-0.0518239364027977
1403901989126299649,neutral,1.8445196151733398,0.23661667108535767,0.8432996869087219
1403901989302460416,neutral,1.7605962753295898,0.49568572640419006,0.08037424832582474
1403901990166429705,neutral,1.9153412580490112,1.2685614824295044,-0.18961630761623383
1403901990913015808,negative,1.3916523456573486,0.024219058454036713,1.7649662494659424
1403901991114313729,negative,0.9394380450248718,-0.13964807987213135,2.0536017417907715
1403901991475154947,neutral,1.657442569732666,0.4727362394332886,0.0781305655837059
1403901991546494976,neutral,1.7083418369293213,1.5577110052108765,-0.01347195915877819
1403901992104300547,neutral,1.2704845666885376,-0.6624653935432434,1.2633484601974487
1403901992179666946,neutral,2.1617162227630615,-1.0657999515533447,2.0157408714294434
1403901992314015745,negative,1.0396031141281128,0.1082940623164177,1.5097633600234985
1403901993035341829,neutral,2.217390298843384,0.3097662925720215,0.34107816219329834
1403901993194774530,negative,1.3524119853973389,-0.6781611442565918,2.103034257888794
1403901993983299585,negative,0.39505723118782043,-0.6739925742149353,2.7939181327819824
1403901994146754562,negative,1.806404709815979,-0.9419122338294983,1.8515428304672241
1403901995304378370,positive,1.7462825775146484,1.8249917030334473,-0.08776441961526871
1403901995434475522,positive,0.32376307249069214,1.9123070240020752,0.402197003364563
1403901995446988800,neutral,1.2379165887832642,-0.0013265609741210938,1.1420385837554932
1403901995660894211,positive,1.7465802431106567,3.7106921672821045,-1.1879507303237915
1403901996210528256,neutral,2.1617162227630615,-1.0657999515533447,2.0157408714294434
1403901996239888384,neutral,2.1571171283721924,0.9326328039169312,0.3552427589893341
1403901996327784449,positive,1.8167494535446167,2.1024136543273926,-0.4596615433692932
1403901996504018945,negative,0.44957244396209717,-0.6268628835678101,1.915281891822815
1403901996617256960,neutral,2.8217248916625977,0.025734886527061462,0.5355104207992554
1403901996806066176,negative,1.3916523456573486,0.024219058454036713,1.7649662494659424
1403901997946863625,neutral,2.8217248916625977,0.025734886527061462,0.5355104207992554
1403901998345424896,negative,1.264915108680725,-0.37222835421562195,1.4042580127716064
1403901998559383553,negative,1.2776105403900146,-0.48079511523246765,1.4579323530197144
1403901998718668808,negative,1.166877031326294,0.22547310590744019,1.540041208267212
1403901999532236801,negative,0.9983009099960327,-0.44706103205680847,2.2801921367645264
1403901999997915136,negative,0.5049619674682617,0.9324030876159668,1.3395769596099854
1403902000366977029,neutral,1.6751917600631714,0.02679462358355522,1.1411978006362915
1403902002048819204,negative,1.0717740058898926,-0.8312309384346008,2.1917996406555176
1403902002397073412,negative,1.1671853065490723,-0.9436164498329163,2.1075308322906494
1403902002757701639,negative,1.3117804527282715,-1.3488849401474,3.847764253616333
1403902003093245956,neutral,2.2251734733581543,0.89100182056427,0.07554397732019424
1403902003114303488,negative,1.3921728134155273,-1.2112410068511963,2.96867299079895
1403902003223298054,negative,1.1986054182052612,-0.5843172669410706,2.0607099533081055
1403902003844026372,negative,1.3783893585205078,0.08099628239870071,1.7644766569137573
1403902004070653956,neutral,2.23433256149292,0.5764690041542053,-0.08703844249248505
1403902004150226947,negative,1.4070520401000977,-0.9250664710998535,1.9019062519073486
1403902004347371520,neutral,1.0788835287094116,0.8889410495758057,0.6978368163108826
1403902004829712388,neutral,1.1509363651275635,0.25476396083831787,0.40761929750442505
1403902005194596352,negative,1.3850160837173462,-0.2837207317352295,1.7581812143325806
1403902005236559877,negative,1.2937170267105103,-0.10524382442235947,1.3721431493759155
1403902005937070084,negative,1.3916524648666382,0.02421904355287552,1.7649662494659424
1403902006767591428,negative,0.9132503867149353,0.1786256730556488,1.3094075918197632
1403902007283523585,negative,0.7517142295837402,0.45412975549697876,0.9792618155479431
1403902007698767872,neutral,2.0242245197296143,-0.38172468543052673,0.88575679063797
1403902007983837185,negative,1.036665439605713,0.3782617151737213,1.2248718738555908
1403902008189501442,neutral,1.6357370615005493,-0.19334664940834045,1.5145480632781982
1403902008214491136,negative,0.7838588953018188,-0.8143433928489685,2.5138864517211914
1403902008705224715,positive,0.4274415969848633,2.924010753631592,-0.07299873977899551
1403902010462777345,negative,1.2498254776000977,-1.1979538202285767,3.11466646194458
1403902011838537729,negative,0.5666109323501587,-0.8695406913757324,3.228283166885376
1403902012190867456,negative,0.9091399908065796,-0.25595685839653015,1.8337440490722656
1403902014883471360,negative,0.534855306148529,-0.8909215927124023,2.731860399246216
1403902014908637189,neutral,2.235793113708496,0.7241242527961731,0.09883411228656769
1403902014980083715,neutral,1.897136926651001,-0.15716710686683655,1.033306360244751
1403902015223250948,negative,0.6027778387069702,-0.9132130742073059,3.185401201248169
1403902015667773442,positive,0.6540599465370178,1.0445464849472046,0.7492935657501221
1403902015957254149,neutral,1.952150583267212,0.16366562247276306,0.1118321418762207
1403902015965732869,neutral,1.0230144262313843,0.7383794188499451,0.9289267659187317
1403902016485609476,neutral,1.7320111989974976,0.05469357967376709,0.8054091334342957
1403902016754233346,positive,0.6485589742660522,2.8881847858428955,0.45898130536079407
1403902017324535808,negative,1.3703762292861938,-0.190095454454422,1.707329511642456
1403902017769250817,negative,0.9864600300788879,-0.5773412585258484,1.4517545700073242
1403902018142576643,negative,1.6500433683395386,-0.947924792766571,2.067081928253174
1403902019308601346,negative,1.1959420442581177,-0.7576858997344971,1.8561649322509766
1403902020432531456,negative,1.1724417209625244,-0.9351900219917297,2.296002149581909
1403902021351051267,positive,1.7462825775146484,1.8249917030334473,-0.08776441961526871
1403902022504435721,neutral,2.8194010257720947,1.760742425918579,-0.5749669075012207
1403902023158882308,positive,0.956598162651062,0.9668018221855164,0.37450218200683594
1403902023188156418,negative,1.2491382360458374,-1.0614652633666992,3.2009761333465576
1403902023251099652,positive,1.685198426246643,3.039599895477295,-0.5585663914680481
1403902023607586817,negative,1.13535475730896,-0.29055842757225037,1.2604364156723022
1403902023658049538,negative,0.5386427640914917,0.6660467386245728,1.3360167741775513
1403902024320569345,neutral,1.3466641902923584,0.4518727660179138,1.0924421548843384
1403902024593248259,neutral,2.638201951980591,0.7404937148094177,-0.11944470554590225
1403902024782127114,neutral,1.086201786994934,0.7713400721549988,0.20842967927455902
1403902024979202050,negative,1.075622797012329,-0.58335280418396,1.5381051301956177
1403902024987512842,negative,1.7530031204223633,-0.9813185334205627,2.0861942768096924
1403902025235054592,negative,1.1634631156921387,0.4580264091491699,1.4192317724227905
1403902025860063238,positive,0.7528455853462219,1.4066336154937744,0.3893006443977356
1403902026463940608,neutral,2.933845281600952,0.5732762813568115,0.07653786242008209
1403902026556215300,neutral,3.0300402641296387,1.7495306730270386,-0.8598862290382385
1403902027550298112,negative,1.262342095375061,-1.2370593547821045,2.973182439804077
1403902028242370561,negative,1.0374764204025269,-0.3427930474281311,2.3524153232574463
1403902028548431876,neutral,2.1832115650177,1.3436704874038696,-0.04675912857055664
1403902029358055427,positive,1.3209025859832764,1.984281301498413,0.005960680544376373
1403902029597007879,negative,1.1737089157104492,-1.1523813009262085,2.78584361076355
1403902029945311235,negative,1.357515811920166,-0.9111146330833435,2.4501473903656006
1403902030624739331,negative,0.5292414426803589,-1.1154937744140625,3.1202380657196045
1403902031291617281,negative,0.8801403045654297,-0.00963776558637619,1.954970121383667
1403902031618666496,positive,1.9627952575683594,4.4013543128967285,-1.3872119188308716
1403902032269004802,negative,1.0270591974258423,-0.12088716775178909,1.2692997455596924
1403902032612823042,negative,0.4200362265110016,-0.8598612546920776,3.5524046421051025
1403902033023823872,neutral,3.007174253463745,0.024918004870414734,0.3389575779438019
1403902033166585860,neutral,1.2391583919525146,0.8341029286384583,0.7825192809104919
1403902033640497152,neutral,1.9629874229431152,-0.028691433370113373,1.4329012632369995
1403902033707536385,negative,1.708987832069397,-0.863980233669281,1.8870102167129517
1403902033820852224,neutral,1.6855747699737549,0.37137287855148315,0.37932196259498596
1403902034751803394,negative,1.3588485717773438,-0.9830581545829773,2.462785005569458
1403902035670421507,negative,0.4109160006046295,-0.011737033724784851,1.9259583950042725
1403902035909611522,neutral,2.226991653442383,-0.0741322860121727,0.778992772102356
1403902036186382336,neutral,2.1359024047851562,-0.8258273005485535,1.3338956832885742
1403902036706529284,negative,1.3323875665664673,-0.2926173806190491,1.5215338468551636
1403902038073769987,neutral,1.3811864852905273,0.40172499418258667,0.3410351276397705
1403902038489014278,neutral,1.607716679573059,-0.6819885969161987,1.3791725635528564
1403902039197949958,negative,1.54408860206604,-0.854900598526001,1.616304874420166
1403902039659143177,negative,0.8977120518684387,0.007733054459095001,1.552608609199524
1403902039713800208,negative,1.2130876779556274,-0.1163826510310173,1.5395172834396362
1403902040560988165,neutral,1.8955223560333252,-0.6867144107818604,1.5205382108688354
1403902041043386368,negative,1.2766107320785522,-0.8270262479782104,2.604433059692383
1403902041311694854,negative,1.336681604385376,-0.15887650847434998,1.4055930376052856
1403902041727148035,neutral,1.6226847171783447,0.3920341730117798,0.6460105776786804
1403902041785880579,negative,1.4139610528945923,-0.5293866991996765,1.5611358880996704
1403902041987108868,neutral,3.0024871826171875,1.9536550045013428,-0.8573089241981506
1403902042205306880,neutral,2.1832115650177,1.3436704874038696,-0.04675912857055664
1403902043635568642,neutral,2.18025803565979,1.4206862449645996,-0.4340028762817383
1403902043769610240,negative,0.8996098041534424,-0.8819257616996765,2.7370095252990723
1403902045053063168,positive,2.2271289825439453,3.158660650253296,-1.0253105163574219
1403902045078409218,neutral,1.5197081565856934,1.0207691192626953,0.2311468869447708
1403902045770317824,neutral,3.530146598815918,1.6300077438354492,-1.0650413036346436
1403902046357569538,neutral,1.8504389524459839,0.5539711713790894,0.8115997910499573
1403902046797893636,negative,1.13535475730896,-0.29055842757225037,1.2604364156723022
1403902046990999557,neutral,1.7432911396026611,0.045071784406900406,0.45158496499061584
1403902048190402563,neutral,1.2964502573013306,0.4230763614177704,0.13668854534626007
1403902048597331970,neutral,2.306674003601074,-0.3815867006778717,0.8096886873245239
1403902048655925251,positive,0.6813753843307495,1.7797772884368896,0.007758926600217819
1403902049134149634,negative,1.0013142824172974,-0.9721096158027649,2.83760404586792
1403902049276727297,negative,1.1827704906463623,-0.35468679666519165,1.80565345287323
1403902049687793667,neutral,1.6624926328659058,0.7801440954208374,0.1984235942363739
1403902050635767812,negative,0.43227532505989075,-0.2314288318157196,2.435512065887451
1403902051323682821,negative,1.336681604385376,-0.15887650847434998,1.4055930376052856
1403902051344687106,neutral,1.1417630910873413,0.22073322534561157,1.0779871940612793
1403902051353075712,negative,1.7003291845321655,-0.980076253414154,2.1134586334228516
1403902053995499523,positive,1.216713547706604,1.957889437675476,0.05776695907115936
1403902054242738179,neutral,2.710742235183716,1.1471644639968872,-0.00936802290380001
1403902054871965696,neutral,2.201178789138794,-0.5977118611335754,0.7225779891014099
1403902055278854146,positive,0.3802346885204315,3.2527565956115723,-0.31385260820388794
1403902055287242752,neutral,1.8445197343826294,0.2366166114807129,0.8432997465133667
1403902055492718600,neutral,3.530146598815918,1.6300077438354492,-1.0650413036346436
1403902057195524097,negative,1.589642882347107,-1.0690412521362305,2.2065751552581787
1403902057933946880,neutral,1.836551547050476,0.10683611035346985,0.7296751141548157
1403902058160431115,negative,0.31613996624946594,-0.23521217703819275,2.9020187854766846
1403902059036950536,neutral,0.924799382686615,0.5182583928108215,0.6523866057395935
1403902059330613250,positive,1.046533226966858,2.6220085620880127,-0.17291633784770966
1403902060869734402,neutral,2.1617162227630615,-1.0657999515533447,2.0157408714294434
1403902061205282816,neutral,1.4656256437301636,0.9967503547668457,1.0368884801864624
1403902061243215875,positive,0.4391029477119446,1.9424076080322266,0.488760769367218
1403902061419372544,neutral,2.290888547897339,-0.9436724781990051,1.6413021087646484
1403902061876596749,negative,0.7533397078514099,-1.0837547779083252,3.2508909702301025
1403902063847821312,neutral,2.049266815185547,0.21377043426036835,0.7806206941604614
1403902064808411136,negative,1.583303689956665,-0.9540110230445862,2.4512860774993896
1403902065546567681,neutral,2.2687020301818848,1.250480055809021,0.4371604323387146
1403902066691612672,negative,1.199794054031372,-0.8993456959724426,2.8312973976135254
1403902067287236610,negative,0.5666109323501587,-0.8695406913757324,3.228283166885376
1403902068373397505,neutral,2.508838415145874,0.008211791515350342,1.0570578575134277
1403902069178658817,neutral,0.4830712080001831,0.2684602737426758,0.1865159571170807
1403902069258350598,negative,0.8323348164558411,0.08698143064975739,1.295983076095581
1403902069526781952,neutral,1.135025978088379,0.12030695378780365,0.557648777961731
1403902069627666432,negative,0.41468608379364014,0.22029158473014832,1.1561542749404907
1403902070395002885,neutral,1.781528353691101,-0.5776885747909546,1.6669962406158447
1403902070722220033,positive,1.7462825775146484,1.8249917030334473,-0.08776441961526871
1403902071238103040,negative,1.385796070098877,-0.7229992151260376,1.8952220678329468
1403902071552757760,negative,1.4494959115982056,-0.9917873740196228,2.537749767303467
1403902071858925571,positive,1.3273119926452637,1.6942805051803589,0.07305105030536652
1403902071913402374,positive,1.158034324645996,1.551391839981079,0.29147210717201233
1403902071921733639,negative,1.4994510412216187,-0.6636360883712769,1.6117126941680908
1403902072295018496,positive,1.444624900817871,1.6123422384262085,0.22117765247821808
1403902073452781571,neutral,2.077286720275879,2.0228757858276367,-0.5559775233268738
1403902074044047365,negative,0.6473748683929443,-1.4123060703277588,4.256405353546143
1403902074329481224,neutral,3.092129945755005,1.1920281648635864,-0.333623468875885
1403902074874732552,neutral,1.841731309890747,0.1372992992401123,0.7159442901611328
1403902075180785668,neutral,1.1115349531173706,0.2538410723209381,0.994918942451477
1403902076237889538,neutral,1.6245572566986084,0.7217555046081543,0.4965928792953491
1403902076304900097,positive,0.5203447341918945,4.481148719787598,-0.3611346483230591
1403902076435025921,neutral,2.2209789752960205,0.07982135564088821,0.29683786630630493
1403902076522954754,neutral,1.2644338607788086,-0.15613579750061035,0.7552305459976196
1403902077181599744,neutral,1.6937341690063477,0.9231792092323303,0.2569003403186798
1403902077437317126,neutral,1.6855747699737549,0.37137287855148315,0.37932196259498596
1403902079844982785,neutral,1.8643792867660522,1.1016368865966797,0.6233428716659546
1403902080025120768,neutral,2.5083606243133545,1.5255365371704102,-0.7411932349205017
1403902080612323330,neutral,1.6751917600631714,0.02679462358355522,1.1411978006362915
1403902080629100545,neutral,1.7588893175125122,0.08880150318145752,1.3759819269180298
1403902081321291776,positive,0.9642216563224792,1.7097641229629517,-0.32713037729263306
1403902082042761227,neutral,1.8023191690444946,-0.4102039039134979,1.5348000526428223
1403902082336313347,negative,0.987136960029602,0.03780456632375717,1.790276050567627
1403902083070300163,neutral,1.292235016822815,0.644589364528656,0.7937878966331482
1403902083087011846,negative,1.3134132623672485,-0.5762357115745544,1.6616078615188599
1403902083615494146,negative,1.5016511678695679,-0.8024806976318359,1.5894004106521606
1403902084752232450,negative,1.054574728012085,-0.5156394243240356,1.2932755947113037
1403902084974579715,negative,1.4180809259414673,-0.916871964931488,1.8428053855895996
1403902086094327808,negative,1.199794054031372,-0.8993456959724426,2.8312973976135254
1403902086396321792,neutral,1.7778605222702026,0.9227115511894226,0.31642696261405945
1403902087453241346,neutral,1.8445197343826294,0.2366166114807129,0.8432998061180115
1403902087558225922,negative,1.4180809259414673,-0.916871964931488,1.8428053855895996
1403902088048898049,neutral,2.1980724334716797,1.1931160688400269,0.0211808979511261
1403902088086622209,positive,0.435148686170578,1.5744986534118652,0.44724953174591064
1403902088162136064,neutral,2.10337233543396,0.8033486008644104,0.1839623898267746
1403902089839845377,positive,1.685198426246643,3.039599895477295,-0.5585665702819824
1403902089995206659,negative,1.4286103248596191,-0.9739815592765808,2.449653387069702
1403902090469167112,positive,0.730221152305603,1.2568459510803223,0.3814017176628113
1403902090624258049,neutral,2.2906553745269775,1.474596381187439,-0.30628135800361633
1403902092264325123,neutral,2.1617162227630615,-1.0657999515533447,2.0157408714294434
1403902092935376905,neutral,1.122518539428711,0.5867291688919067,0.418790727853775
1403902093484646405,negative,1.630238652229309,-0.6267386674880981,1.740992784500122
1403902093933621256,neutral,3.749434471130371,1.7344835996627808,-0.2485053986310959
1403902093954592769,positive,1.2539552450180054,1.9600389003753662,-0.06312385946512222
1403902094004920320,neutral,1.6156479120254517,1.0034310817718506,0.9610843658447266
1403902094927482880,negative,1.1989591121673584,-1.1750202178955078,3.0270347595214844
1403902096781594624,neutral,1.6425033807754517,0.19744783639907837,1.0452995300292969
1403902096861188101,neutral,1.6302281618118286,0.47099608182907104,0.7569939494132996
1403902097154887687,negative,0.9762593507766724,-0.959522545337677,2.187160015106201
1403902097171566597,negative,1.151690125465393,-0.5561230182647705,1.7205532789230347
1403902098027077634,negative,1.3323875665664673,-0.2926173806190491,1.5215338468551636
1403902098358489093,positive,1.876848816871643,3.6203341484069824,-0.9328544735908508
1403902098492825603,negative,0.4368739128112793,-0.2328675091266632,1.9256340265274048
1403902098874503174,negative,1.1490119695663452,-0.08174822479486465,1.184953212738037
1403902099465723905,neutral,1.9872947931289673,-0.9373955726623535,1.9186567068099976
1403902099642015746,negative,1.4777463674545288,-0.9750009775161743,1.958051323890686
1403902100925341699,neutral,1.6751917600631714,0.02679462358355522,1.1411978006362915
1403902100937924608,neutral,1.1587425470352173,0.7839064598083496,0.4525361955165863
1403902102737391616,neutral,1.3306505680084229,1.305420994758606,0.37367919087409973
1403902102867525637,neutral,1.8955223560333252,-0.6867144107818604,1.5205382108688354
1403902103886741505,negative,1.3323875665664673,-0.2926173806190491,1.5215338468551636
1403902104863924228,neutral,1.6156479120254517,1.0034310817718506,0.9610843658447266
1403902104918396928,negative,1.2815028429031372,-0.46986642479896545,1.8249300718307495
1403902105002274817,neutral,1.6415064334869385,0.016358017921447754,1.4735535383224487
1403902105035763714,neutral,1.8072013854980469,-0.6551003456115723,1.7037922143936157
1403902105111334917,negative,1.1453746557235718,0.38371577858924866,1.3632246255874634
1403902105975357443,neutral,1.914498209953308,1.1054495573043823,-0.05595444142818451
1403902106390745089,neutral,1.7328248023986816,-0.3403586149215698,1.493001937866211
1403902106759741441,neutral,1.2738633155822754,0.6454418897628784,0.6722196340560913
1403902107309121538,negative,1.1154643297195435,-0.9340929388999939,2.4555180072784424
1403902107699367942,negative,1.0279645919799805,-0.9059499502182007,2.4424021244049072
1403902107749519367,neutral,1.6751917600631714,0.02679462358355522,1.1411978006362915
1403902107845947396,neutral,1.8445197343826294,0.2366166114807129,0.8432998061180115
1403902108332552194,negative,1.3231056928634644,-1.223022699356079,2.717540979385376
1403902108458356738,negative,0.3827994167804718,0.9422890543937683,1.2030044794082642
1403902108861095936,negative,1.0745046138763428,-0.5150570273399353,1.7731856107711792
1403902109573996547,negative,1.0525141954421997,-0.3243933916091919,1.0828475952148438
1403902109867720705,positive,0.9056470990180969,1.4354184865951538,0.42051416635513306
1403902110014447619,negative,1.7818498611450195,-0.8212741017341614,1.7911601066589355
1403902110232576001,neutral,2.2337121963500977,0.5797982215881348,0.19803883135318756
1403902110257844224,neutral,1.2052630186080933,0.8534552454948425,0.6124579310417175
1403902110693949440,neutral,1.7661101818084717,-0.3691463768482208,1.046506643295288
1403902110773612550,negative,1.2790405750274658,-0.7555552124977112,2.1933236122131348
1403902111419539466,negative,0.9091399908065796,-0.25595685839653015,1.8337440490722656
1403902111675412483,positive,2.2432477474212646,2.2634470462799072,-0.47689616680145264
1403902113747329027,negative,1.3117804527282715,-1.3488849401474,3.847764253616333
1403902113793466372,neutral,2.062509536743164,-0.9642227292060852,1.7582308053970337
1403902114431127569,positive,2.5810294151306152,3.208632469177246,-1.1228939294815063
1403902114829455361,negative,1.3176935911178589,-1.2063430547714233,2.898808002471924
1403902115895037957,neutral,3.8425397872924805,1.7328802347183228,-0.7808089852333069
1403902115970441216,neutral,3.8425395488739014,1.7328802347183228,-0.7808090448379517
1403902116494729218,negative,0.15027666091918945,0.29492294788360596,0.7462326884269714
1403902116532469760,negative,1.336681604385376,-0.15887650847434998,1.4055930376052856
1403902116574470146,neutral,2.313616991043091,1.0287506580352783,-0.08998491615056992
1403902117388165122,positive,0.7630221843719482,0.9552675485610962,-0.03356357663869858
1403902118419996675,negative,1.600744366645813,-1.2062618732452393,3.0223493576049805
1403902118524772354,negative,1.199794054031372,-0.8993456959724426,2.8312973976135254
1403902119007170561,neutral,1.8365535736083984,0.7051287293434143,1.1164264678955078
1403902119065780228,negative,0.795597493648529,0.17922887206077576,1.5799111127853394
1403902119648890880,negative,0.9240877032279968,-1.1747676134109497,3.357368230819702
1403902119904792577,neutral,1.615647792816162,1.0034308433532715,0.9610843062400818
1403902120227590152,neutral,2.23433256149292,0.5764690041542053,-0.08703844249248505
1403902120416354306,neutral,2.0701539516448975,1.597553014755249,-0.18209873139858246
1403902120764403712,negative,1.112420678138733,-0.5241466164588928,2.475085973739624
1403902120789569538,positive,1.3318939208984375,1.605699062347412,-0.2644093930721283
1403902121020297219,negative,1.4713114500045776,-0.6952714920043945,2.1921727657318115
1403902121024516102,negative,1.336681604385376,-0.15887650847434998,1.4055930376052856
1403902121037078530,negative,1.3783893585205078,0.08099628239870071,1.7644766569137573
1403902121171329026,neutral,1.6751917600631714,0.02679462358355522,1.1411978006362915
1403902121381036039,neutral,2.3752896785736084,0.3055894374847412,0.29688388109207153
1403902122651832320,neutral,2.0365047454833984,0.8253025412559509,0.5997743606567383
1403902122823983108,negative,1.3450120687484741,-0.911165177822113,2.197701930999756
1403902123314536450,negative,1.0281987190246582,0.7824701070785522,1.172738790512085
1403902123901865985,neutral,2.778977870941162,1.5354058742523193,-0.6135105490684509
1403902124795125761,negative,1.2766809463500977,-0.6316001415252686,1.7445173263549805
1403902125634117634,neutral,1.2261691093444824,-0.27719616889953613,1.0731526613235474
1403902125944446978,negative,1.58846914768219,-0.8223047256469727,1.9616093635559082
1403902125961322497,neutral,1.0659099817276,0.7950331568717957,0.806345522403717
1403902126825349120,negative,1.2221051454544067,-0.6352683901786804,1.815516710281372
1403902127186055173,neutral,3.039677143096924,0.7945071458816528,-0.11014700680971146
1403902129065103361,neutral,1.6156479120254517,1.0034312009811401,0.9610843062400818
1403902129392078851,neutral,2.23433256149292,0.5764690041542053,-0.08703844249248505
1403902131850170369,negative,1.3916523456573486,0.024219058454036713,1.7649662494659424
1403902132097622017,neutral,1.970107913017273,-0.4340193569660187,0.9729315638542175
1403902132474957824,neutral,1.740060567855835,-0.4396885335445404,1.2880631685256958
1403902132856659972,neutral,2.5512747764587402,1.7370017766952515,-0.30174607038497925
1403902132919615489,neutral,1.2428966760635376,0.010693944990634918,0.9349161386489868
1403902132961484802,negative,1.336681604385376,-0.15887650847434998,1.4055930376052856
1403902133007798273,neutral,1.8955223560333252,-0.6867144107818604,1.5205382108688354
1403902134744064000,negative,1.3683345317840576,0.7207505106925964,1.8458545207977295
1403902134832091136,neutral,2.8154056072235107,0.7137044668197632,-0.3361418843269348
1403902135113175040,negative,0.4074229896068573,-1.304442048072815,4.453253269195557
1403902135540928518,negative,0.588758647441864,-0.24773672223091125,1.7165207862854004
1403902135570477057,neutral,1.848829746246338,-0.7624578475952148,1.7533587217330933
1403902135591309318,neutral,1.6925321817398071,0.8806553483009338,0.19180622696876526
1403902135633387521,neutral,1.2043893337249756,0.31624069809913635,0.34675467014312744
1403902136317104130,negative,0.8169742226600647,-0.7971242666244507,2.729607343673706
1403902136740548611,negative,2.111268997192383,-1.0838860273361206,2.2172744274139404
1403902136765730821,neutral,1.9869623184204102,-0.7684707045555115,1.1093237400054932
1403902137285824518,neutral,1.6441447734832764,-0.5100817084312439,1.4364489316940308
1403902137290031112,neutral,1.6821190118789673,-0.48046115040779114,1.535273551940918
1403902137734737928,negative,0.8626835346221924,-0.6645897626876831,2.8077518939971924
1403902138149900288,neutral,1.4699448347091675,-0.0012023672461509705,1.1082313060760498
1403902139030777867,negative,2.111268997192383,-1.0838860273361206,2.2172744274139404
1403902139542302723,negative,1.335827350616455,-0.7272117733955383,1.7992384433746338
1403902139563495424,negative,0.8237616419792175,0.00806533545255661,1.5629345178604126
1403902139932364801,positive,1.2137778997421265,1.5583857297897339,-0.11843546479940414
1403902140297453576,negative,1.1453746557235718,0.38371577858924866,1.3632246255874634
1403902140922302464,negative,1.361851692199707,-0.7491240501403809,1.61189603805542
1403902141392109570,neutral,1.7473423480987549,0.16600510478019714,1.585731029510498
1403902143577264132,negative,0.8610117435455322,0.03850836306810379,1.8271987438201904
1403902144265269250,neutral,2.50645112991333,1.4469835758209229,-0.5270968675613403
1403902145041113091,neutral,2.1101388931274414,1.300795555114746,-0.3200533986091614
1403902146924457987,negative,0.7730106711387634,-0.24903932213783264,2.4069693088531494
1403902147003969537,neutral,1.7022572755813599,-0.0917501226067543,1.100746989250183
1403902148501381122,neutral,1.1521321535110474,0.5726168155670166,0.9899302124977112
1403902148539154442,neutral,3.530146598815918,1.6300077438354492,-1.065041184425354
1403902148669165572,negative,1.5759543180465698,-1.2479331493377686,3.060953140258789
1403902148765569028,neutral,2.0930540561676025,-0.8863874673843384,1.5129307508468628
1403902148908183553,negative,0.39547064900398254,-0.5459792613983154,1.8907203674316406
1403902149176664068,neutral,1.5630717277526855,-0.3753642439842224,1.4474196434020996
1403902149226942468,positive,1.5172526836395264,1.778439998626709,-0.001003241166472435
1403902150284034049,neutral,1.4767389297485352,0.6876217722892761,1.3884406089782715
1403902150732771329,neutral,2.3473119735717773,0.3706572651863098,0.561917245388031
1403902150917300227,neutral,2.23504376411438,0.9729810357093811,-0.11228526383638382
1403902150938222595,negative,1.4070520401000977,-0.9250664710998535,1.9019062519073486
1403902151563354114,neutral,1.6245572566986084,0.7217555046081543,0.4965928792953491
1403902152091660288,neutral,1.6855746507644653,0.37137287855148315,0.3793219327926636
1403902152204984322,negative,0.46302470564842224,-0.21591627597808838,2.376751184463501
1403902152595054594,neutral,1.8559423685073853,0.5741605758666992,0.2819878160953522
1403902152972640256,positive,1.6026740074157715,2.0430824756622314,-0.5049782991409302
1403902153085706240,negative,0.3862385153770447,-0.40102094411849976,1.9606519937515259
1403902153152811010,neutral,2.292511463165283,1.2028154134750366,0.053772225975990295
1403902154088329219,positive,1.0659173727035522,1.7168434858322144,-0.25428780913352966
1403902154700726273,neutral,0.7694358229637146,0.3108459413051605,0.759615421295166
1403902155690545157,negative,1.4342035055160522,-1.1206248998641968,2.962263345718384
1403902155728343046,negative,1.4937011003494263,-1.205197811126709,3.207881212234497
1403902155837214722,negative,1.3134132623672485,-0.5762356519699097,1.6616077423095703
1403902156168732675,negative,1.001237154006958,0.13519318401813507,1.0698304176330566
1403902156860657664,negative,1.0172924995422363,0.8058072924613953,1.1356147527694702
1403902157275947008,negative,1.116587519645691,-0.9513484835624695,3.0177056789398193
1403902157288460290,negative,1.336681604385376,-0.15887650847434998,1.4055930376052856
1403902157787525124,positive,2.2746527194976807,2.9754087924957275,-0.9316677451133728
1403902157837926401,positive,1.7074873447418213,4.349359512329102,-0.8115879893302917
1403902158374903811,neutral,1.7345579862594604,0.8566311001777649,-0.5169632434844971
1403902159587004417,negative,1.0494375228881836,-0.15894588828086853,1.4622228145599365
1403902160778141699,negative,0.3355563282966614,-1.3215746879577637,4.264901161193848
1403902160941813763,negative,1.5048182010650635,-0.7736848592758179,1.6393139362335205
1403902160954216448,neutral,1.9350954294204712,0.9221494197845459,0.3371148109436035
1403902161533116418,neutral,1.4448963403701782,-0.07687225192785263,1.247308373451233
1403902161801515014,neutral,1.6925321817398071,0.8806553483009338,0.19180621206760406
1403902161902194690,neutral,1.5831729173660278,0.01674589514732361,0.6735329627990723
1403902163231772676,negative,0.6870471835136414,-0.5517538189888,2.6495609283447266
1403902163290673154,neutral,1.6855747699737549,0.37137287855148315,0.37932196259498596
1403902163940626434,neutral,2.071244239807129,1.4225049018859863,-0.21062658727169037
1403902164146262023,negative,1.4189656972885132,-0.43940338492393494,1.9130148887634277
1403902165127766022,negative,1.407165765762329,-0.20521506667137146,1.7326043844223022
1403902165425561605,negative,1.2968798875808716,-0.34653452038764954,1.5227952003479004
1403902165501059073,positive,0.4965452253818512,1.251561164855957,0.6671040654182434
1403902165769359361,negative,1.3783893585205078,0.08099628239870071,1.7644766569137573
1403902166385905668,negative,1.2213279008865356,-1.2218204736709595,3.12563419342041
1403902168160116737,negative,0.9891258478164673,-0.7463215589523315,2.694302797317505
1403902168218828800,negative,1.6040548086166382,-1.1222913265228271,2.366546869277954
1403902168990576653,neutral,2.0241472721099854,1.6128169298171997,-0.18936142325401306
1403902169212936195,neutral,0.9269018769264221,0.45846471190452576,0.7520136833190918
1403902169380790275,negative,0.8765694499015808,-0.5488340258598328,1.4250367879867554
1403902169426935808,negative,0.9605685472488403,-0.7414638996124268,2.587991237640381
1403902169816997889,neutral,0.9056490659713745,0.5443539619445801,0.6679309606552124
1403902170399797248,negative,1.327959418296814,0.2329655885696411,1.3330203294754028
1403902170743836674,neutral,1.7309807538986206,0.6152715086936951,0.4211374521255493
1403902170903330819,neutral,1.7743399143218994,-0.4847065508365631,1.2449665069580078
1403902172576710657,neutral,3.530146598815918,1.6300077438354492,-1.0650413036346436
1403902174040510465,neutral,1.7102127075195312,0.5477572679519653,0.2657491862773895
1403902174048882691,neutral,1.6886855363845825,1.4341870546340942,-0.03598257154226303
1403902174346809346,neutral,3.8425397872924805,1.7328799962997437,-0.7808089256286621
1403902174489288706,positive,2.2432477474212646,2.2634470462799072,-0.47689616680145264
1403902174569115651,negative,0.8963032364845276,-0.7165417075157166,1.930718183517456
1403902174740942850,neutral,1.6925321817398071,0.8806553483009338,0.19180622696876526
1403902174766194689,negative,1.7003291845321655,-0.980076253414154,2.1134586334228516
1403902174921326594,neutral,1.4672719240188599,-0.4013286232948303,1.3790977001190186
1403902175194103813,positive,1.2822824716567993,1.9101366996765137,-0.07398048043251038
1403902175407923200,neutral,1.725153923034668,1.129235029220581,0.17076429724693298
1403902175617630213,neutral,1.5635864734649658,0.8913117051124573,0.5436168313026428
1403902175655337993,negative,1.307334542274475,-0.35271215438842773,1.7322829961776733
1403902175739252736,neutral,2.4621312618255615,0.010886184871196747,0.2916153073310852
1403902176070488064,neutral,1.9907816648483276,-0.29085204005241394,0.9143689274787903
1403902176284614663,neutral,1.817199468612671,-0.7384195327758789,1.1863021850585938
1403902177328861186,neutral,1.6492258310317993,-0.14167672395706177,1.2087382078170776
1403902177580617730,neutral,1.8318002223968506,0.015375755727291107,0.002861393615603447
1403902178759221254,negative,0.4516942501068115,-0.1084836795926094,2.3153843879699707
1403902179220492293,neutral,1.6925321817398071,0.8806553483009338,0.19180622696876526
1403902180076163079,negative,1.1124916076660156,-0.2856666147708893,2.808361530303955
1403902180566863878,neutral,1.6751917600631714,0.02679462358355522,1.1411978006362915
1403902183192551432,neutral,2.4621312618255615,0.010886184871196747,0.2916153073310852
1403902183914020869,neutral,1.6855746507644653,0.37137287855148315,0.37932196259498596
1403902183918030848,negative,1.3117804527282715,-1.3488849401474,3.847764253616333
1403902184119357445,neutral,1.8445197343826294,0.2366166114807129,0.8432998061180115
1403902184702439433,negative,1.2213279008865356,-1.2218204736709595,3.12563419342041
1403902185889435776,negative,0.5188913941383362,-0.06848151236772537,2.199953556060791
1403902186086494213,negative,1.004233956336975,0.6576904654502869,1.9832707643508911
1403902186824867840,positive,2.468137741088867,3.2754783630371094,-1.136727213859558
1403902187172941832,neutral,1.343920350074768,0.1290436089038849,0.7865470051765442
1403902187420499968,neutral,2.003999710083008,0.39730167388916016,0.7307682037353516
1403902187814539265,neutral,2.054335594177246,1.8468375205993652,-0.2807299792766571
1403902188523606016,neutral,1.6441447734832764,-0.5100817084312439,1.4364489316940308
1403902190092161032,negative,1.3539214134216309,-1.3163114786148071,3.29852294921875
1403902190901776389,negative,1.3916523456573486,0.024219058454036713,1.7649662494659424
1403902191010787330,positive,1.9058820009231567,3.1947879791259766,-0.32500335574150085
1403902191623020554,neutral,2.1618812084198,0.10740755498409271,0.5531084537506104
1403902191933530117,neutral,1.3460657596588135,-0.13432443141937256,1.3449152708053589
1403902192948555780,negative,0.7929987907409668,0.42199280858039856,1.2039519548416138
1403902192977944576,positive,1.4143707752227783,2.3002004623413086,-0.18758857250213623
1403902193414000644,positive,1.685198426246643,3.039599895477295,-0.5585665702819824
1403902194164846592,positive,1.8236933946609497,2.031595230102539,-0.35436752438545227
1403902194353467392,neutral,1.91477632522583,-0.7280219197273254,1.6810381412506104
1403902194663919616,neutral,2.1832115650177,1.3436704874038696,-0.04675912857055664
1403902194810867716,negative,0.8969883322715759,0.18196257948875427,2.0548954010009766
1403902194873688064,positive,2.468137741088867,3.2754783630371094,-1.136727213859558
1403902195293036544,neutral,1.8709138631820679,0.7854756712913513,0.30547598004341125
1403902195851042816,positive,0.5166245102882385,0.6721389889717102,0.2671029567718506
1403902196157140995,neutral,1.7117418050765991,-0.7719660401344299,1.2950797080993652
1403902196240973825,positive,2.16664457321167,2.3106229305267334,-0.4767935872077942
1403902196324909067,negative,0.9348076581954956,-0.5680674314498901,1.5382002592086792
1403902196597592066,neutral,1.7492589950561523,-0.49763527512550354,0.932269275188446
1403902196610043905,neutral,1.516422986984253,1.2770764827728271,0.8168112635612488
1403902197012762624,positive,1.5631721019744873,2.329493761062622,-0.5145366191864014
1403902197419626502,negative,1.251084566116333,-0.6692695021629333,1.728593349456787
1403902197859975170,neutral,2.313616991043091,1.0287506580352783,-0.08998491615056992
1403902198002630663,neutral,1.7320775985717773,0.05746835842728615,0.2469756007194519
1403902198992474116,neutral,2.117527961730957,-0.332116037607193,1.1511931419372559
1403902199260930049,negative,1.1634631156921387,0.4580264091491699,1.4192317724227905
1403902199571259393,positive,3.0038979053497314,3.2778282165527344,-1.6548587083816528
1403902199764176897,negative,0.9424365162849426,-0.6755145788192749,2.008197784423828
1403902199873294341,neutral,1.8445197343826294,0.2366166114807129,0.8432998061180115
1403902200703815680,negative,0.9210534691810608,0.06475558876991272,1.3824772834777832
1403902201316012038,negative,1.2408678531646729,-1.3223460912704468,3.322622060775757
1403902201529913345,positive,2.2432477474212646,2.2634470462799072,-0.47689616680145264
1403902202020827138,neutral,1.6484489440917969,0.2624598741531372,0.2724219262599945
1403902202242994184,neutral,2.146617889404297,0.7938117384910583,0.20823833346366882
1403902202532352009,negative,1.199794054031372,-0.8993456959724426,2.8312973976135254
1403902203216240640,negative,1.313537836074829,-1.2214736938476562,2.6297500133514404
1403902204180766726,positive,1.3347543478012085,1.6714845895767212,0.26079437136650085
1403902204512141312,neutral,2.0531721115112305,0.844489574432373,-0.14078903198242188
1403902204726038528,neutral,1.6925321817398071,0.8806553483009338,0.19180622696876526
1403902204876976129,negative,0.7683091759681702,-1.4369196891784668,4.123579502105713
1403902204889636868,negative,1.2243242263793945,0.05377180501818657,1.3681684732437134
1403902205078343682,negative,1.1225048303604126,-0.2777150869369507,1.5699670314788818
1403902205766340609,positive,2.261118173599243,2.3664309978485107,-0.37763649225234985
1403902206148026374,neutral,1.8445197343826294,0.23661664128303528,0.8432997465133667
1403902207045476354,positive,0.9390046000480652,1.2368196249008179,0.7982621192932129
1403902207792087042,negative,0.37805718183517456,0.2742074131965637,2.2460594177246094
1403902208031170561,neutral,1.8894187211990356,1.1670422554016113,0.07220263034105301
1403902208215719936,negative,1.0172926187515259,0.8058072924613953,1.1356147527694702
1403902208425435138,neutral,2.22393536567688,-0.2361575961112976,0.6655747294425964
1403902209079746560,neutral,2.048431634902954,-0.44358786940574646,1.4728325605392456
1403902209348161538,negative,1.1605844497680664,-0.07370699197053909,1.5579403638839722
1403902209482428416,neutral,2.7781834602355957,1.181816816329956,0.26210108399391174
1403902210316984323,neutral,2.0569965839385986,-0.8322244882583618,1.2474035024642944
1403902210786795527,neutral,1.1885230541229248,0.740259051322937,0.734096884727478
1403902210820521985,neutral,1.4427202939987183,0.15882962942123413,1.3811968564987183
1403902211168428039,neutral,1.7650130987167358,-0.7029991745948792,1.4997855424880981
1403902211311112193,negative,1.0426182746887207,-1.617579460144043,4.465785026550293
1403902211675987971,neutral,2.5010008811950684,-0.13228434324264526,0.32777345180511475
1403902211764019201,neutral,3.530146598815918,1.6300077438354492,-1.0650413036346436
1403902212393390082,neutral,2.50645112991333,1.4469835758209229,-0.5270968675613403
1403902212833648645,positive,0.7160626649856567,2.5551435947418213,-0.32584670186042786
1403902213215424521,negative,0.9045350551605225,-0.33784523606300354,1.5864331722259521
1403902213311901700,neutral,2.219910144805908,-0.39987683296203613,1.4003334045410156
1403902213471232000,negative,0.8936672210693359,-0.5761119723320007,2.225454330444336
1403902214620516356,positive,2.252135753631592,5.699174880981445,-1.8384323120117188
1403902214628954114,neutral,1.4341906309127808,0.5142649412155151,0.9735581278800964
1403902214712676353,positive,1.5892606973648071,5.437247276306152,-1.8441038131713867
1403902214876418055,negative,1.246687889099121,-0.7691085338592529,2.6506333351135254
1403902215371247618,negative,0.9864600300788879,-0.5773412585258484,1.4517545700073242
1403902216050728961,neutral,1.9001667499542236,-0.4787290394306183,1.3066034317016602
1403902216495325187,negative,1.3880469799041748,-0.4343537390232086,2.3380250930786133
1403902216914702337,neutral,1.0132726430892944,0.8216438293457031,-0.426375150680542
1403902217220993027,negative,0.8116260766983032,-0.49488863348960876,2.1522789001464844
1403902218806378496,neutral,1.970107913017273,-0.4340193569660187,0.9729315638542175
1403902219028729858,negative,1.4335027933120728,-1.1867389678955078,3.087449550628662
1403902219280433157,neutral,3.557668447494507,3.221003532409668,-1.3609459400177002
1403902219611693057,neutral,3.8425397872924805,1.7328799962997437,-0.7808089256286621
1403902221289406464,positive,1.0682531595230103,1.086359977722168,0.7059682607650757
1403902221348081664,neutral,1.812407374382019,0.4567316174507141,0.5740368366241455
1403902221364912132,neutral,1.6855747699737549,0.37137287855148315,0.37932196259498596
1403902221478096898,neutral,3.530146598815918,1.6300077438354492,-1.0650413036346436
1403902221545209858,negative,1.2157981395721436,-1.1671396493911743,2.887923240661621
1403902221557899268,negative,1.415518879890442,-0.9628725647926331,2.3007495403289795
1403902221629149185,neutral,1.8117674589157104,0.29986706376075745,0.2529945373535156
1403902222728052739,positive,2.0983664989471436,6.120481014251709,-2.1268928050994873
1403902223214694403,neutral,1.8843358755111694,1.8005820512771606,-0.8493801355361938
1403902223285817344,negative,1.2705562114715576,-0.4440878927707672,1.8418949842453003
1403902223390625797,neutral,2.0096445083618164,-0.33382755517959595,1.176210641860962
1403902223675916291,negative,1.7080539464950562,-1.0354079008102417,2.699465274810791
1403902224594464768,negative,0.84367835521698,0.38307270407676697,1.4896602630615234
1403902224963715075,negative,0.8766146302223206,0.07020221650600433,0.9671561121940613
1403902225315889155,negative,0.5638932585716248,-0.7736084461212158,2.5937910079956055
1403902225424941056,neutral,2.1402804851531982,-0.15862998366355896,0.7162290215492249
1403902225567518723,negative,1.6572484970092773,-0.518667995929718,1.8311902284622192
1403902226746122240,neutral,1.438719391822815,0.057763420045375824,1.3101707696914673
1403902226922229763,neutral,1.8178142309188843,-0.7828801870346069,1.639472484588623
1403902227199180801,neutral,2.23433256149292,0.5764690041542053,-0.08703844249248505
1403902227429822465,negative,1.3783893585205078,0.08099628239870071,1.7644766569137573
1403902227949834242,neutral,2.071244239807129,1.4225049018859863,-0.21062658727169037
1403902230231760897,neutral,1.9060485363006592,0.7519136667251587,0.7887570858001709
1403902230391050244,neutral,1.7477275133132935,0.9420235753059387,0.678179144859314
1403902230709817344,neutral,1.8178308010101318,0.2274954915046692,0.970672607421875
1403902231015944197,neutral,1.578902244567871,0.7054822444915771,0.6162709593772888
1403902231087398918,negative,1.3916524648666382,0.024219036102294922,1.764966368675232
1403902231275999232,neutral,0.9561548829078674,0.5518156290054321,0.7403438687324524
1403902231791890432,neutral,1.0175199508666992,0.7730832099914551,0.7057109475135803
1403902231955623939,negative,1.0883618593215942,-0.5602694749832153,1.9204556941986084
1403902232286793731,neutral,2.14100980758667,0.20786377787590027,0.5670135021209717
1403902232714752001,negative,0.7176929116249084,-0.2500452399253845,1.1022776365280151
1403902233964646402,negative,1.4106167554855347,-0.36262211203575134,1.4732584953308105
1403902234266542081,neutral,3.530146598815918,1.6300077438354492,-1.0650413036346436
1403902235168456707,negative,1.4778536558151245,-0.8342931270599365,2.2221248149871826
1403902235340382208,neutral,1.163029432296753,0.2036181390285492,-0.04556805640459061
1403902235822620684,neutral,2.0091428756713867,-0.514900267124176,1.4981954097747803
1403902237097664512,neutral,2.7942750453948975,0.22048386931419373,0.12741556763648987
1403902237311705089,negative,0.5357394814491272,-0.8926976919174194,3.471475839614868
1403902237621981188,positive,1.7465802431106567,3.7106921672821045,-1.1879507303237915
1403902237902995461,positive,1.685198426246643,3.039599895477295,-0.5585665702819824
1403902237999464449,positive,0.7199926376342773,2.9445815086364746,-0.1670231819152832
1403902238733578240,neutral,1.5769543647766113,-0.13904082775115967,1.255346417427063
1403902239312257026,neutral,3.530146598815918,1.6300077438354492,-1.0650413036346436
1403902239857471498,negative,1.0172924995422363,0.8058072328567505,1.1356148719787598
1403902239962320898,positive,1.2137778997421265,1.5583857297897339,-0.11843546479940414
1403902239962402816,negative,0.9929909706115723,-0.7368529438972473,1.9260650873184204
1403902240008593411,negative,1.1267725229263306,-0.3909907042980194,1.8501931428909302
1403902240012783617,negative,0.6410605907440186,-0.9233819842338562,3.290553092956543
1403902240478302212,neutral,2.2694382667541504,1.3125842809677124,-0.42808204889297485
1403902241036136449,neutral,1.7022572755813599,-0.0917501226067543,1.100746989250183
1403902241963184136,neutral,1.1880303621292114,0.08963564038276672,1.102402925491333
1403902242026098692,negative,1.054574728012085,-0.5156394243240356,1.2932755947113037
1403902242252537861,neutral,1.3745163679122925,-0.18713638186454773,1.2033275365829468
1403902242684497921,neutral,1.6691313982009888,1.1696913242340088,-0.07655675709247589
1403902243074625540,negative,0.13268521428108215,-0.36035144329071045,1.9703961610794067
1403902243485609989,negative,1.1453746557235718,0.38371577858924866,1.3632246255874634
1403902243632517122,negative,1.4291757345199585,-0.9277951121330261,1.8964751958847046
1403902243913482242,neutral,0.8941999673843384,0.17740994691848755,0.8680619597434998
1403902245880610822,neutral,1.6855747699737549,0.37137287855148315,0.37932196259498596
1403902246480396288,negative,0.97931307554245,-0.274539977312088,2.1590237617492676
1403902247151546372,negative,1.3916523456573486,0.024219058454036713,1.7649662494659424
1403902247524868096,neutral,1.35482919216156,-0.5245763659477234,1.3030822277069092
1403902247717720066,neutral,1.8445197343826294,0.2366166114807129,0.8432998061180115
1403902247717724163,positive,1.6288553476333618,3.481365919113159,-1.1060954332351685
1403902247864619012,neutral,1.0543060302734375,1.0217211246490479,0.7050412893295288
1403902248422318082,neutral,2.116240978240967,2.005575656890869,-0.459467351436615
1403902250045435912,neutral,2.686922788619995,0.012738153338432312,0.648772656917572
1403902250062389248,neutral,2.5218334197998047,0.6469596028327942,-0.15191902220249176
1403902250246934530,negative,1.0959004163742065,-0.9398109316825867,2.7486584186553955
1403902250330824706,negative,1.264915108680725,-0.37222835421562195,1.4042580127716064
1403902251194884097,neutral,1.5026863813400269,-0.6649186015129089,1.3695746660232544
1403902251559755786,neutral,1.6185228824615479,0.46593037247657776,0.906017541885376
1403902252444618756,neutral,1.2704845666885376,-0.6624653935432434,1.2633484601974487
1403902252545347584,neutral,1.7248992919921875,-0.38696038722991943,0.9879165887832642
1403902253270913028,neutral,1.0894877910614014,0.17609857022762299,0.7672120928764343
1403902253317165056,neutral,1.9907816648483276,-0.29085204005241394,0.9143689274787903
1403902253807853568,positive,1.15663480758667,1.2468993663787842,-0.3665279150009155
1403902254004916224,negative,1.3337152004241943,-1.0725457668304443,2.48653507232666
1403902254206242816,neutral,1.6328099966049194,0.6163749694824219,0.48945796489715576
1403902254298537986,negative,0.9361165165901184,-1.0470346212387085,3.4188430309295654
1403902254952828932,neutral,1.9214028120040894,1.0402295589447021,-0.4371316432952881
1403902255384850436,negative,1.2329200506210327,-0.7590693235397339,2.1600475311279297
1403902255598751744,negative,1.336681604385376,-0.15887650847434998,1.4055930376052856
1403902255925841930,neutral,1.2704845666885376,-0.6624653935432434,1.2633485794067383
1403902256597012480,negative,1.465525507926941,-0.9384176135063171,2.4724156856536865
1403902256659898368,neutral,1.5349076986312866,1.0754653215408325,0.21577659249305725
1403902256664113156,neutral,2.1533467769622803,2.153109073638916,-0.9969602823257446
1403902256672612353,negative,1.310492992401123,-0.5104382634162903,2.21943736076355
1403902256919965698,negative,1.3714548349380493,-1.4077924489974976,3.58018159866333
1403902257171779587,neutral,1.6852328777313232,-0.10717272013425827,0.7618963718414307
1403902257519865859,neutral,1.9700325727462769,-0.9000847935676575,1.708451509475708
1403902258341990402,negative,0.8963032364845276,-0.7165417075157166,1.930718183517456
1403902259843506179,negative,1.075622797012329,-0.58335280418396,1.5381051301956177
1403902260564922370,neutral,1.7369836568832397,-0.5208842158317566,1.676192283630371
1403902260611006466,neutral,2.120115041732788,1.0657613277435303,0.525661289691925
1403902261227671554,neutral,2.534738063812256,1.146418571472168,-0.15191683173179626
1403902261735088131,neutral,1.6156479120254517,1.0034310817718506,0.9610843658447266
1403902262498500611,negative,1.6764744520187378,-0.927614152431488,1.9953886270523071
1403902263752417283,neutral,3.530146598815918,1.6300077438354492,-1.0650413036346436
1403902263999926275,neutral,2.6746444702148438,0.6887144446372986,0.09064110368490219
1403902264251670531,negative,1.230690360069275,-0.6301089525222778,2.344475746154785
1403902264687869953,neutral,1.6156479120254517,1.0034310817718506,0.9610843658447266
1403902266705420294,negative,1.151690125465393,-0.5561230182647705,1.7205532789230347
1403902266994737158,negative,1.3047088384628296,-1.09531569480896,2.545105218887329
1403902267196166148,positive,0.7794550657272339,1.1968410015106201,0.6845651268959045
1403902267519086594,neutral,2.0910353660583496,1.3597406148910522,-0.432570219039917
1403902268798296065,negative,1.333722472190857,-0.7231593728065491,1.675532579421997
1403902269054197764,negative,1.4040236473083496,-0.8634890913963318,1.917134404182434
1403902269414858757,negative,1.1056259870529175,-0.4970618784427643,2.158320903778076
1403902269809074182,negative,0.9596291780471802,-1.000465989112854,2.706279993057251
1403902270320693248,neutral,2.225743293762207,1.8309879302978516,-0.6150872111320496
1403902270400512006,negative,0.7838588953018188,-0.8143433928489685,2.5138864517211914
1403902270773682189,neutral,2.3546385765075684,0.5423972010612488,0.26358574628829956
1403902271516250113,neutral,1.8709138631820679,0.7854757905006409,0.30547598004341125
1403902271558148098,negative,0.7801945805549622,1.0020636320114136,1.0164119005203247
1403902271738548227,neutral,1.5831729173660278,0.01674589514732361,0.6735329627990723
1403902271881052161,neutral,0.9569596648216248,0.6600700616836548,0.44022658467292786
1403902271990214657,negative,1.3132368326187134,-0.2369801104068756,1.796765685081482
1403902272887742467,negative,1.1277074813842773,-1.0633344650268555,2.699894905090332
1403902273546293249,neutral,1.6156479120254517,1.0034310817718506,0.9610843658447266
1403902274137559041,negative,1.3783893585205078,0.08099628239870071,1.7644766569137573
1403902274728984578,negative,1.4268717765808105,-0.9272056818008423,2.032195806503296
1403902275823845377,neutral,1.678411841392517,0.30567389726638794,0.453722208738327
1403902277262450697,neutral,1.8167301416397095,-0.7457254528999329,1.4744457006454468
1403902278034067456,negative,1.191004753112793,0.09862463921308517,1.2045562267303467
1403902278260563969,positive,1.981812834739685,2.3295464515686035,-0.4212232828140259
1403902278889721862,positive,1.7747061252593994,3.4235787391662598,-0.5406715869903564
1403902279040716804,negative,0.864315390586853,-0.7631246447563171,2.408846855163574
1403902279317561352,positive,0.22717705368995667,1.0587440729141235,-0.029297729954123497
1403902280357879808,negative,1.262342095375061,-1.2370593547821045,2.973182439804077
1403902280382906372,negative,0.7838588953018188,-0.8143433928489685,2.5138864517211914
1403902280491888642,negative,1.14067804813385,-0.2246912121772766,1.3331974744796753
1403902280546488320,neutral,2.686922788619995,0.01273820549249649,0.6487725973129272
1403902280563261440,neutral,0.9574633836746216,0.9341434836387634,0.2116476446390152
1403902281070759938,neutral,2.2986857891082764,0.9334393739700317,0.19391433894634247
1403902281427263488,neutral,1.7098584175109863,0.8446364998817444,0.1898369938135147
1403902282031190019,neutral,2.0880661010742188,1.9978845119476318,0.01195582002401352
1403902283310641154,negative,1.5410385131835938,-0.8056106567382812,1.5847750902175903
1403902283448938497,negative,0.5227577090263367,0.7481417655944824,1.1469823122024536
1403902283469901825,negative,0.7030448317527771,-0.4590971767902374,2.6242854595184326
1403902284690382854,negative,1.5462322235107422,-0.9039551615715027,1.936990737915039
1403902284845576195,negative,0.6893953084945679,-0.7756120562553406,3.036865711212158
1403902285105741824,negative,1.5588287115097046,0.001689225435256958,1.6490373611450195
1403902285508354049,positive,1.6204200983047485,6.3116583824157715,-1.8233354091644287
1403902285688688649,positive,1.4389419555664062,1.484901785850525,0.2623434364795685
1403902285722177536,neutral,1.4685285091400146,1.35844087600708,-0.6150807738304138
1403902285814505480,negative,1.4562621116638184,-0.7079824805259705,1.6700695753097534
1403902286028587008,positive,0.5079838633537292,1.7798346281051636,0.4154164791107178
1403902286347210756,neutral,1.3886268138885498,0.5243670344352722,0.6173572540283203
1403902286636584964,negative,1.286249041557312,-0.6364785432815552,1.9506028890609741
1403902286988857344,neutral,1.7401031255722046,-0.23582568764686584,0.9539226293563843
1403902287232212993,neutral,1.7373533248901367,-0.01736731082201004,1.4273332357406616
1403902287253164038,neutral,1.947094202041626,1.520104169845581,-0.7020072937011719
1403902287609749507,negative,1.054574728012085,-0.5156394243240356,1.2932755947113037
1403902287991422979,negative,0.9293086528778076,-0.7154847383499146,2.525601387023926
1403902289761374213,neutral,2.033837080001831,0.11866534501314163,0.38568368554115295
1403902290134638593,neutral,2.485743761062622,-0.314749151468277,0.4562076926231384
1403902290516381700,neutral,2.377094030380249,0.016065381467342377,0.6846418380737305
1403902291023859719,positive,2.2271289825439453,3.158660650253296,-1.0253105163574219
1403902291166498816,negative,1.1603388786315918,-0.6791895627975464,2.1309261322021484
1403902291468427264,neutral,1.5426079034805298,0.5317461490631104,0.23070335388183594
1403902291594387459,neutral,1.5721478462219238,0.4297025501728058,1.2873684167861938
1403902291841884174,neutral,0.7636217474937439,0.4937756061553955,0.24299132823944092
1403902291955138562,neutral,1.8957024812698364,0.49880146980285645,0.2651660144329071
1403902292278091783,negative,0.40793320536613464,-0.21277472376823425,3.4192447662353516
1403902292324143110,positive,1.5057059526443481,3.368842601776123,-0.40661346912384033
1403902293871898629,negative,0.43093711137771606,0.030976075679063797,1.3313024044036865
1403902295788691457,neutral,3.0413260459899902,0.1921389400959015,0.3480203151702881
1403902296396730369,positive,1.0246469974517822,2.4399237632751465,0.0976887047290802
1403902298070290434,negative,0.8806177377700806,-0.04679403454065323,1.6167973279953003
1403902299886350336,negative,0.9630367755889893,-0.49980440735816956,2.1679837703704834
1403902300087795715,negative,1.095949649810791,-0.3842950165271759,1.673619270324707
1403902300536573954,neutral,1.7575314044952393,0.7322943210601807,0.27397555112838745
1403902300624756740,neutral,1.3630787134170532,-0.01704220473766327,1.093766212463379
1403902301438349314,negative,1.2713881731033325,-1.0887399911880493,2.7663774490356445
1403902302109552643,neutral,2.2107012271881104,2.1520018577575684,-0.36580950021743774
1403902302226845702,neutral,1.2323832511901855,-0.2941427230834961,1.1886245012283325
1403902302470115328,negative,0.3438902795314789,-1.2373645305633545,4.188045501708984
1403902303778734088,positive,0.7407010197639465,1.845456600189209,0.6315239667892456
1403902304189698056,neutral,3.530146598815918,1.6300077438354492,-1.0650413036346436
1403902304911183875,neutral,1.867293119430542,0.5771012902259827,0.25500431656837463
1403902305464983555,neutral,3.8425397872924805,1.7328799962997437,-0.7808089256286621
1403902305481670658,negative,0.6227395534515381,-0.7617265582084656,2.102569341659546
1403902305632669700,negative,1.3884449005126953,-0.8198302984237671,2.077914237976074
1403902305808883715,neutral,1.5978000164031982,0.07402773946523666,0.7179110050201416
1403902306349891589,neutral,1.2885048389434814,0.49847233295440674,0.12033112347126007
1403902307138342912,neutral,1.6967754364013672,0.4062061905860901,0.18882977962493896
1403902308212088835,positive,2.2432477474212646,2.263446807861328,-0.4768962860107422
1403902308245704706,negative,1.6417044401168823,-0.8743931651115417,2.086622476577759
1403902308900028418,neutral,1.516422986984253,1.2770764827728271,0.8168112635612488
1403902309072056321,negative,1.433020830154419,-0.7688816785812378,1.9580384492874146
1403902309680095234,neutral,1.2100073099136353,0.8485797047615051,0.6398364901542664
1403902309738876929,neutral,1.9629874229431152,-0.028691455721855164,1.4329012632369995
1403902310221172738,negative,0.5579649806022644,0.9083275198936462,0.96329265832901
1403902310435233799,negative,1.325032353401184,-0.5132935643196106,1.9598480463027954
1403902311857000450,negative,1.2137447595596313,-1.232078194618225,2.923391819000244
1403902312154812417,negative,1.8134158849716187,-0.8778959512710571,1.9036304950714111
1403902312477859842,neutral,1.927438735961914,-0.1654486060142517,0.9127358198165894
1403902312687484932,neutral,2.1617162227630615,-1.0657999515533447,2.0157408714294434
1403902313362718722,positive,1.3298091888427734,1.6197750568389893,1.2605854272842407
1403902315560464387,negative,1.0172924995422363,0.8058072924613953,1.1356147527694702
1403902316030349317,negative,0.5396459698677063,0.19998186826705933,2.000002861022949
1403902316483268613,negative,1.3818014860153198,-0.6057662963867188,2.0133440494537354
1403902316609081350,neutral,2.0495760440826416,0.3301975727081299,0.5690475106239319
1403902316617424896,negative,1.3416740894317627,-1.0802123546600342,2.9748754501342773
1403902316860690433,positive,0.3297345042228699,1.6657185554504395,0.4629848003387451
1403902317708165121,neutral,1.5002665519714355,0.19802454113960266,0.6065210103988647
1403902319620657156,negative,1.054574728012085,-0.5156394243240356,1.2932755947113037
1403902320103075840,negative,0.7838588953018188,-0.8143433928489685,2.5138864517211914
1403902320635572226,negative,0.7504266500473022,-0.8927294015884399,3.040766954421997
1403902320950353922,neutral,1.5491018295288086,-0.7296223044395447,1.4869049787521362
1403902321734598656,neutral,1.5426079034805298,0.5317461490631104,0.23070335388183594
1403902323584344064,negative,1.1706256866455078,-0.24417871236801147,1.7250416278839111
1403902323701784580,negative,0.5666109323501587,-0.8695406913757324,3.228283166885376
1403902324230160386,neutral,1.6170470714569092,0.7830928564071655,0.2128976434469223
1403902324502716419,neutral,1.2323832511901855,-0.2941427230834961,1.1886245012283325
1403902325215752195,neutral,2.162228584289551,0.5769910216331482,-0.11763011664152145
1403902325740085250,neutral,1.897554636001587,-0.4975339472293854,1.8399149179458618
1403902326230769667,negative,0.6776683926582336,-0.29022452235221863,2.1096630096435547
1403902327115878401,negative,1.1409400701522827,-0.6613204479217529,1.7050879001617432
1403902327493300228,neutral,2.289669990539551,1.7226166725158691,-0.4583539366722107
1403902327719796737,negative,1.1420220136642456,-0.28415268659591675,1.5250043869018555
1403902327841431554,neutral,0.41081681847572327,0.39359837770462036,0.1343047320842743
1403902328055341060,negative,1.3134132623672485,-0.5762357115745544,1.6616078615188599
1403902328223186946,neutral,1.6156479120254517,1.0034310817718506,0.9610843658447266
1403902328873242625,neutral,2.54496169090271,1.0968326330184937,-0.33817338943481445
1403902332186906624,negative,0.07628853619098663,0.5913571119308472,0.804184079170227
1403902333533265921,negative,1.3078510761260986,-0.6665297746658325,2.450774908065796
1403902333856010242,neutral,2.2718169689178467,0.7228265404701233,0.373820036649704
1403902333868773376,neutral,2.003999710083008,0.3973017930984497,0.7307682633399963
1403902334061613056,neutral,1.889604926109314,1.1175768375396729,-0.6556328535079956
1403902335240314881,negative,0.9117292165756226,0.3137030005455017,1.3016350269317627
1403902336435556355,negative,1.4997495412826538,-0.23570096492767334,1.5637967586517334
1403902336926318597,neutral,1.1008559465408325,0.47864529490470886,0.8458627462387085
1403902337266110464,neutral,2.0028653144836426,1.7307515144348145,-0.3652113676071167
1403902337387745284,negative,1.045784592628479,0.06668819487094879,1.8343541622161865
1403902337693806593,negative,1.1453747749328613,0.3837158679962158,1.3632245063781738
1403902337723346947,neutral,2.506451368331909,1.4469834566116333,-0.5270969271659851
1403902337874333697,neutral,2.0965383052825928,0.6666526198387146,0.6154760122299194
1403902338868281345,positive,0.9830030202865601,6.754532337188721,-1.5692262649536133
1403902339073728514,positive,1.0812084674835205,2.390578508377075,-0.49565547704696655
1403902339661053955,neutral,1.6855744123458862,0.37137293815612793,0.37932199239730835
1403902341053571072,neutral,1.6855744123458862,0.37137293815612793,0.37932199239730835
1403902341242228739,positive,2.2432477474212646,2.2634470462799072,-0.4768962860107422
1403902341263237122,neutral,1.3579338788986206,0.48293405771255493,0.6371462345123291
1403902341732999176,positive,1.5079127550125122,1.5450831651687622,0.03308336064219475
1403902342680903681,neutral,1.4294309616088867,0.7417334914207458,0.5794306397438049
1403902343028953090,negative,0.19591602683067322,0.3208831548690796,1.7714461088180542
1403902344706678789,negative,0.9117292165756226,0.3137029707431793,1.3016351461410522
1403902345046548482,negative,0.9418931603431702,0.09841284155845642,1.3244551420211792
1403902347164610565,positive,1.239590048789978,1.3759979009628296,-0.4569482207298279
1403902347869396994,positive,1.6394517421722412,2.741936445236206,-0.5846651196479797
1403902349245100039,neutral,1.0928045511245728,0.3101691007614136,0.8269418478012085
1403902350658576390,negative,0.5524503588676453,-0.04440972954034805,0.5749343633651733
1403902351241449473,neutral,1.7114239931106567,0.2853153944015503,1.5801479816436768
1403902351317012484,neutral,1.6855744123458862,0.37137293815612793,0.37932199239730835
1403902351367413761,negative,1.3307676315307617,-1.1559443473815918,2.896744966506958
1403902351782592514,neutral,1.2375980615615845,-0.20817017555236816,0.033088844269514084
1403902352327733248,negative,0.33063000440597534,0.15507036447525024,2.151068687438965
1403902353535868931,neutral,1.2052630186080933,0.8534553050994873,0.6124579906463623
1403902353732821001,neutral,2.1617162227630615,-1.0657998323440552,2.0157406330108643
1403902354622136321,neutral,1.8979004621505737,0.04738243669271469,0.6998265981674194
1403902354852827151,negative,1.325032353401184,-0.5132936239242554,1.9598480463027954
1403902355498622982,negative,0.4812403619289398,-1.0366427898406982,3.9144952297210693
1403902355955986435,neutral,1.3138508796691895,1.0259554386138916,1.2367467880249023
1403902356245422082,neutral,3.8425397872924805,1.7328801155090332,-0.7808091044425964
1403902359802163200,neutral,0.9598032832145691,0.008796818554401398,0.38469064235687256
1403902360276156416,neutral,1.6855744123458862,0.37137293815612793,0.37932199239730835
1403902360485826565,neutral,3.8425397872924805,1.7328799962997437,-0.7808089256286621
1403902360959676416,neutral,1.8567250967025757,1.5366439819335938,0.15810488164424896
1403902361576239104,negative,1.3739968538284302,-0.7401534914970398,2.753854751586914
1403902361722974212,neutral,1.724899411201477,-0.38696038722991943,0.9879165887832642
1403902361983197184,neutral,1.3541200160980225,-0.13471314311027527,1.2903790473937988
1403902362436128777,neutral,1.74347984790802,-0.3741883635520935,0.9578357338905334
1403902362608181251,negative,0.5203374624252319,-0.7822550535202026,2.936290979385376
1403902362629050371,negative,1.2668850421905518,0.8204912543296814,1.5150940418243408
1403902362792730624,neutral,3.8425397872924805,1.7328799962997437,-0.7808089256286621
1403902363790843905,negative,1.3134132623672485,-0.5762357115745544,1.6616076231002808
1403902366072545284,neutral,1.2435107231140137,0.3971729278564453,1.0671706199645996
1403902367431413761,negative,0.7408815026283264,0.321249395608902,1.174413800239563
1403902367867748354,negative,0.733170747756958,-0.5933762788772583,1.8582532405853271
1403902367880429575,negative,1.522811770439148,-0.8534830212593079,1.8155955076217651
1403902367901253633,neutral,1.5614323616027832,0.4967193901538849,0.7470325827598572
1403902368610193410,negative,0.5692328214645386,-1.2955363988876343,4.4254231452941895
1403902369142804481,neutral,2.099804639816284,0.2672650218009949,0.3148527443408966
1403902370354978818,negative,1.264915108680725,-0.3722284138202667,1.4042580127716064
1403902370401210373,neutral,1.8013135194778442,1.3315393924713135,0.19535258412361145
1403902370971406336,neutral,2.1832115650177,1.34367036819458,-0.046759165823459625
1403902370971533323,neutral,2.0908334255218506,0.153479665517807,0.29229456186294556
1403902371051175937,negative,0.30522143840789795,-0.7550272941589355,2.6328787803649902
1403902372338753543,neutral,1.615647792816162,1.0034308433532715,0.9610841870307922
1403902372724850690,negative,0.694979727268219,-0.5344368815422058,2.4828319549560547
1403902372921806852,negative,1.1353546380996704,-0.2905583083629608,1.2604365348815918
1403902374712905730,negative,0.8861318230628967,-0.7146404981613159,2.2860188484191895
1403902375409057795,negative,0.9180289506912231,-0.24960321187973022,1.3504395484924316
1403902376868712448,neutral,2.0380783081054688,-0.32411375641822815,1.487404465675354
1403902377124454400,neutral,2.2325077056884766,0.34351956844329834,0.44204771518707275
1403902377552449540,negative,0.9651426076889038,-1.084389567375183,2.9693868160247803
1403902378261237768,negative,1.1016291379928589,-0.23767897486686707,1.4337012767791748
1403902378303279104,positive,0.5027292370796204,1.9391626119613647,0.6479283571243286
1403902378668089348,neutral,1.4255098104476929,0.3926367461681366,1.0397721529006958
1403902378894532613,positive,3.381793260574341,3.411822557449341,-1.6008920669555664
1403902378919690243,neutral,3.530146598815918,1.6300077438354492,-1.0650413036346436
1403902379372781568,negative,1.5908018350601196,-0.38131389021873474,1.6988087892532349
1403902380211523584,neutral,1.828971028327942,0.030883748084306717,1.0262316465377808
1403902380488466438,negative,1.1954737901687622,-0.814818799495697,2.3642919063568115
1403902380786266114,negative,1.3984694480895996,-0.20360198616981506,1.5719060897827148
1403902382325452801,positive,1.6436004638671875,3.576063871383667,-0.644326388835907
1403902383126577158,negative,1.037901759147644,0.8230847716331482,1.1479620933532715
1403902385295007748,negative,1.3134132623672485,-0.5762357115745544,1.6616076231002808
1403902386024943616,negative,1.2277889251708984,-0.09659526497125626,1.766892671585083
1403902387862085635,negative,1.0797529220581055,-0.7867900133132935,1.7248352766036987
1403902388109381636,neutral,1.5559616088867188,0.024244055151939392,1.139086365699768
1403902388344393728,negative,1.4248393774032593,-1.1061762571334839,2.7667062282562256
1403902389036400641,positive,2.3379032611846924,2.525219440460205,-0.6998003125190735
1403902389095043075,negative,0.39794573187828064,-0.24684718251228333,3.151158332824707
1403902389262983169,neutral,1.9998515844345093,-0.049094028770923615,0.5240241885185242
1403902389694963715,negative,0.5666109323501587,-0.8695406913757324,3.228283166885376
1403902390412234763,negative,1.5908018350601196,-0.38131389021873474,1.6988087892532349
1403902390437298181,neutral,1.462924599647522,0.2891627252101898,1.3899976015090942
1403902390676463616,neutral,1.565058708190918,-0.09787604957818985,1.1548720598220825
1403902391255064581,negative,1.2767997980117798,-0.9402121901512146,2.3495967388153076
1403902391393558528,neutral,3.530146598815918,1.6300078630447388,-1.0650410652160645
1403902391557124100,negative,1.0548555850982666,-1.3302161693572998,4.14425802230835
1403902391922020358,neutral,1.0873723030090332,0.3826908767223358,0.15964308381080627
1403902392102440963,negative,1.1201410293579102,0.14729952812194824,1.5234873294830322
1403902392207302666,neutral,1.6855744123458862,0.37137293815612793,0.37932199239730835
1403902393620877314,neutral,1.2400773763656616,0.8503364324569702,0.11373039335012436
1403902394455429123,negative,1.3188107013702393,-0.469087690114975,1.8189598321914673
1403902394665037826,neutral,2.3061583042144775,0.5227155685424805,0.32168149948120117
1403902395050954753,positive,1.213778018951416,1.5583857297897339,-0.11843547970056534
1403902395621335040,negative,1.3783893585205078,0.08099626749753952,1.7644765377044678
1403902398066737154,negative,1.2766809463500977,-0.6316001415252686,1.7445173263549805
1403902398280646660,neutral,2.299001455307007,0.8223357200622559,-0.207854226231575
1403902398591025162,negative,0.8429772257804871,-0.6579936146736145,2.389575719833374
1403902398666575877,neutral,1.6156476736068726,1.003430724143982,0.961084246635437
1403902399215902725,negative,1.4396209716796875,-0.03735429793596268,1.5953598022460938
1403902399324979206,positive,0.783569872379303,2.177720069885254,0.1156638115644455
1403902400017145862,neutral,2.0671629905700684,-0.26401394605636597,1.0133203268051147
1403902400444968966,neutral,1.6855744123458862,0.37137293815612793,0.37932199239730835
1403902401715736580,positive,1.7462823390960693,1.8249919414520264,-0.08776446431875229
1403902402470846472,neutral,1.6855746507644653,0.37137290835380554,0.3793219327926636
1403902402630201346,positive,0.830883800983429,1.4020758867263794,0.2665306329727173
1403902402734985221,negative,1.0545748472213745,-0.51563960313797,1.2932757139205933
1403902404005928968,neutral,2.178636312484741,-0.5951838493347168,0.4340347647666931
1403902404190519299,neutral,3.410130262374878,1.2489900588989258,-0.4495399296283722
1403902405662547973,negative,1.3369914293289185,-1.212684154510498,3.0240163803100586
1403902407365459968,neutral,1.732077717781067,0.057468317449092865,0.2469756007194519
1403902407617105921,neutral,1.9403049945831299,-0.6860625743865967,0.9651775360107422
1403902408565080079,negative,0.3648762106895447,0.13064336776733398,2.388432264328003
1403902409974468609,negative,1.8056942224502563,-0.9287742376327515,1.8879927396774292
1403902410242760706,neutral,2.1832115650177,1.34367036819458,-0.046759165823459625
1403902412453150723,neutral,3.530146598815918,1.6300078630447388,-1.0650410652160645
1403902413380063234,negative,1.0247869491577148,0.13936355710029602,1.0897676944732666
1403902414382587905,neutral,2.082852840423584,1.4338418245315552,-0.3410589396953583
1403902415355748353,positive,0.7045654654502869,1.3085347414016724,-0.27250394225120544
1403902415624151040,negative,1.075622797012329,-0.58335280418396,1.5381051301956177
1403902418476228612,positive,2.054004430770874,2.466884136199951,-0.7398359179496765
1403902418883166214,neutral,1.6855744123458862,0.37137293815612793,0.37932199239730835
1403902419315085312,negative,0.6979672312736511,-0.5651482343673706,2.0082919597625732
1403902419830853634,negative,1.1936962604522705,-0.9423500895500183,2.4674036502838135
1403902420162383880,negative,1.2258410453796387,-0.914345920085907,2.1394872665405273
1403902420170719236,negative,1.6007444858551025,-1.2062618732452393,3.0223493576049805
1403902421475024900,negative,0.6776684522628784,-0.29022452235221863,2.1096630096435547
1403902421756219394,negative,0.647962212562561,0.9217383861541748,1.082224726676941
1403902421844127744,negative,1.215798020362854,-1.1671396493911743,2.887923240661621
1403902423245148180,neutral,1.430562973022461,0.09079460799694061,1.0932543277740479
1403902423341674496,negative,0.4564964175224304,-0.8170602321624756,3.7533464431762695
1403902424172142592,negative,1.171425461769104,-0.6193570494651794,2.3705544471740723
1403902424218095618,negative,1.1043612957000732,-1.0308401584625244,2.7649717330932617
1403902424675360768,neutral,2.836287021636963,-0.0642489418387413,0.537383496761322
1403902426613051394,negative,1.3087208271026611,-0.22949257493019104,2.0306501388549805
1403902427921739776,negative,1.2510846853256226,-0.6692695021629333,1.728593349456787
1403902429347856386,negative,0.6348584294319153,-0.8351642489433289,3.068899631500244
1403902429700182017,positive,2.4681379795074463,3.2754783630371094,-1.1367270946502686
1403902430488805376,neutral,1.6304912567138672,-0.2345435619354248,0.8519421815872192
1403902430526545920,neutral,2.569669008255005,-0.34720051288604736,0.29155364632606506
1403902431612657668,negative,1.0172924995422363,0.8058074116706848,1.1356148719787598
1403902432522952705,neutral,2.0579869747161865,-0.09839793294668198,0.6232234239578247
1403902435651952642,negative,0.8541529774665833,0.22772356867790222,1.2699493169784546
1403902435848953861,negative,1.388924241065979,-0.5375024676322937,2.1586639881134033
1403902436595703808,negative,1.1928852796554565,-0.24039021134376526,1.4821234941482544
1403902437195276291,negative,1.4698632955551147,-0.07822538167238235,1.6803929805755615
1403902437300310017,neutral,1.756638765335083,-0.5405017733573914,1.6203943490982056
1403902438659088385,neutral,1.6679320335388184,-0.36411139369010925,1.31954026222229
1403902438994845698,neutral,2.1617162227630615,-1.0657998323440552,2.0157406330108643
1403902439036686339,neutral,1.8259773254394531,-0.7735645174980164,1.51640784740448
1403902439401549824,positive,0.5225688815116882,4.252277851104736,-0.30778104066848755
1403902441213480963,neutral,1.2115638256072998,0.3410132825374603,1.0891450643539429
1403902442714980358,neutral,1.5977709293365479,-0.5903616547584534,1.2578775882720947
1403902443000303620,negative,0.9808688163757324,-1.4703218936920166,4.014705657958984
1403902443415654403,negative,0.9050326943397522,-0.5815029740333557,1.800339937210083
1403902443545563136,positive,1.2497695684432983,2.4264073371887207,-0.5312387943267822
1403902446158573569,neutral,1.9139447212219238,0.8921363353729248,0.09727393090724945
1403902447702081536,negative,1.325032353401184,-0.5132936239242554,1.9598480463027954
1403902448230621185,neutral,4.389107704162598,1.8958896398544312,-0.8335632681846619
1403902448322809856,negative,0.2217792421579361,-0.5252102613449097,2.780071496963501
1403902449031725056,negative,1.0258511304855347,-0.4427586495876312,2.1718060970306396
1403902449862299652,neutral,1.8504388332366943,0.5539710521697998,0.8115999102592468
1403902450013130757,neutral,1.8447076082229614,0.1780151128768921,0.7786397337913513
1403902450604589058,negative,1.0636833906173706,0.9819915890693665,1.2246114015579224
1403902451002920962,negative,1.325032353401184,-0.5132936239242554,1.9598480463027954
1403902451414048770,negative,1.32916259765625,-0.6481767296791077,2.1572327613830566
1403902451443552261,positive,2.8030807971954346,3.150818109512329,-0.8967549204826355
1403902451573460993,positive,1.4702593088150024,2.844754457473755,-0.07356298714876175
1403902451854548992,neutral,1.6005970239639282,-0.46704593300819397,0.34867361187934875
1403902452722774016,negative,1.1997941732406616,-0.8993456959724426,2.8312976360321045
1403902453108543490,neutral,2.203944444656372,0.83460533618927,0.18024274706840515
1403902453528023043,neutral,2.0671629905700684,-0.26401394605636597,1.0133203268051147
1403902453838450694,positive,1.258424162864685,5.733631134033203,-1.13150155544281
1403902453939064839,negative,1.0245845317840576,-0.9548211693763733,2.492333173751831
1403902453951696897,negative,1.0245845317840576,-0.9548211693763733,2.492333173751831
1403902454584942594,neutral,1.4661437273025513,-0.08422169834375381,0.3779129683971405
1403902454714994689,neutral,1.741766333580017,0.9963322877883911,0.889028787612915
1403902455809724418,neutral,1.2307138442993164,0.3640056848526001,0.6957282423973083
1403902456262709252,positive,1.68002450466156,2.3179256916046143,-0.2813221216201782
1403902456950628358,neutral,2.4921958446502686,0.8322393894195557,0.12278733402490616
1403902457151987712,neutral,1.6560932397842407,1.0660040378570557,-0.7729237079620361
1403902457776721920,neutral,1.870914101600647,0.7854758501052856,0.3054758906364441
1403902457856540678,negative,0.6446551084518433,-0.042906321585178375,2.368049383163452
1403902458670325760,neutral,1.9958821535110474,1.7946161031723022,-0.16111208498477936
1403902459966214147,positive,1.2503905296325684,1.3471198081970215,0.33987388014793396
1403902460352159748,neutral,1.2879942655563354,0.6079393029212952,0.7769249081611633
1403902461274906626,negative,0.11178205907344818,0.10005459189414978,1.9667904376983643
1403902461463699461,positive,1.5720094442367554,5.043156147003174,-1.02593195438385
1403902461950181376,neutral,1.2307138442993164,0.3640056848526001,0.6957282423973083
1403902462432526345,neutral,1.979707956314087,0.4770907163619995,0.19591024518013
1403902462482780161,neutral,2.4356508255004883,-0.0768255665898323,0.6959127187728882
1403902462671699975,positive,0.8092226982116699,2.36262583732605,-0.22004826366901398
1403902463208419334,neutral,3.8425397872924805,1.7328799962997437,-0.7808089256286621
1403902464642928641,negative,1.4735032320022583,-0.9887221455574036,1.9316495656967163
1403902465116884992,neutral,1.3938227891921997,1.1381416320800781,-0.19562366604804993
1403902465267802116,neutral,1.6270703077316284,0.9899951219558716,1.0379799604415894
1403902466307985410,neutral,1.9549205303192139,0.766869843006134,-0.12778010964393616
1403902466450722821,positive,0.665419340133667,0.7275207042694092,-0.020742123946547508
1403902467386089475,negative,1.0245845317840576,-0.9548211693763733,2.492333173751831
1403902468627611649,negative,0.5666109323501587,-0.8695406913757324,3.228283166885376
1403902469516763137,negative,0.5049126744270325,-0.43273285031318665,2.486429214477539
1403902471685042176,positive,1.7476208209991455,4.250456809997559,-0.1973099261522293
1403902471974621187,negative,0.9805761575698853,-0.4276238977909088,1.989007830619812
1403902472293388289,neutral,1.6156479120254517,1.003430724143982,0.9610841870307922
1403902473551552514,neutral,1.642438292503357,0.23598867654800415,0.8948189616203308
1403902473765593089,negative,1.2294771671295166,-0.9044419527053833,2.061397075653076
1403902473950093312,negative,1.7390199899673462,-0.8744234442710876,2.0022289752960205
1403902474247819265,positive,1.7747060060501099,3.4235787391662598,-0.5406714081764221
1403902474835140609,negative,0.31436851620674133,0.6365248560905457,1.3575583696365356
1403902474944016384,neutral,1.5000121593475342,-0.2621554434299469,1.1323015689849854
1403902476139433992,negative,1.4743356704711914,-0.38563811779022217,1.94588041305542
1403902476764409862,neutral,2.7669739723205566,1.4769701957702637,0.36038097739219666
1403902477003591681,negative,0.32407909631729126,-0.5161516666412354,3.135173797607422
1403902477263675392,negative,0.2343164086341858,0.09932295978069305,1.8260022401809692
1403902478119161859,positive,0.6372706890106201,1.2351707220077515,0.6872122883796692
1403902479239049217,neutral,1.953147530555725,1.29373300075531,-0.2679177522659302
1403902480644194310,negative,1.5908018350601196,-0.38131389021873474,1.6988087892532349
1403902481076260866,negative,1.2890139818191528,-0.42997899651527405,1.8073996305465698
1403902481143324675,neutral,1.518441081047058,-0.5402979254722595,0.6996994614601135
1403902482988691458,neutral,3.640317440032959,1.5829516649246216,-0.9354137778282166
1403902483060170752,neutral,1.6855744123458862,0.37137293815612793,0.37932199239730835
1403902483542396929,positive,1.9606868028640747,2.8405988216400146,-0.917194128036499
1403902484670726144,neutral,2.1341419219970703,1.0964630842208862,-0.6647763252258301
1403902484775682051,neutral,1.7738957405090332,0.894695520401001,-0.09483112394809723
1403902485316710403,neutral,0.8536620140075684,0.5157080292701721,0.11068505048751831
1403902486100971521,positive,1.1480368375778198,3.919940710067749,-0.5010881423950195
1403902487535493121,neutral,1.4592134952545166,0.593353271484375,0.513079047203064
1403902487812182018,negative,1.4038269519805908,-1.0889617204666138,2.442901849746704
1403902488529473542,negative,0.7838588953018188,-0.8143433928489685,2.5138862133026123
1403902489137598468,neutral,1.6855744123458862,0.37137293815612793,0.37932199239730835
1403902489938653184,negative,1.3475594520568848,-0.7858157753944397,1.6864840984344482
1403902491264274433,neutral,2.449275016784668,0.2255537211894989,-0.02846549265086651
1403902491633360900,negative,0.38754144310951233,-1.2184633016586304,3.8541479110717773
1403902492056817666,neutral,1.717211127281189,0.9218071103096008,0.012900244444608688
1403902494325886978,negative,0.9906919598579407,-0.2977365255355835,1.6928163766860962
1403902496062328837,neutral,1.2931631803512573,0.3455507159233093,0.10070998966693878
1403902497282871297,negative,0.7408815026283264,0.321249395608902,1.174413800239563
1403902497475809292,negative,1.3783893585205078,0.08099626749753952,1.7644765377044678
1403902498847354884,neutral,1.2281997203826904,1.0474287271499634,-0.3484707474708557
1403902499292160009,neutral,1.9543092250823975,-0.7547942996025085,1.664315104484558
1403902500839825409,neutral,2.821725368499756,0.02573484182357788,0.5355105400085449
1403902501053558787,positive,2.2271289825439453,3.158660650253296,-1.0253106355667114
1403902501313675264,positive,0.717553973197937,1.4235161542892456,0.30924028158187866
1403902501749985287,neutral,1.3210086822509766,0.14507083594799042,0.5586013197898865
1403902502169288704,negative,1.2039663791656494,-0.5250344276428223,1.6615136861801147
1403902502597136384,negative,1.3070192337036133,-1.301767349243164,3.411505937576294
1403902503809208326,neutral,1.5879145860671997,0.46485939621925354,0.5530456304550171
1403902504039948288,neutral,2.3726072311401367,1.331237554550171,0.08165483176708221
1403902505839476738,neutral,3.557668447494507,3.221004009246826,-1.3609461784362793
1403902505927557120,neutral,2.1617162227630615,-1.0657998323440552,2.0157406330108643
1403902506246184964,negative,1.2862491607666016,-0.6364785432815552,1.9506030082702637
1403902507353481216,negative,1.0780867338180542,-0.6454960107803345,2.2891831398010254
1403902508708163587,negative,0.9284586310386658,-0.769781768321991,2.3344547748565674
1403902509811388420,negative,0.4264484941959381,-0.5963705778121948,3.5224592685699463
1403902510662930433,negative,0.4155215919017792,-0.5624134540557861,2.953096866607666
1403902511229005826,positive,0.35617247223854065,2.4927542209625244,0.4184819459915161
1403902511782707203,positive,0.9204564094543457,1.9498746395111084,0.28592580556869507
1403902512160256000,positive,1.9847204685211182,2.400878429412842,-0.3909148871898651
1403902513003253761,negative,0.8271430134773254,-1.2687739133834839,3.5308444499969482
1403902513502318593,negative,0.6146687865257263,0.592264711856842,1.077587366104126
1403902513707900929,positive,2.3379032611846924,2.525219440460205,-0.6998003125190735
1403902514584592384,neutral,1.8298569917678833,1.503256916999817,0.05885865539312363
1403902515855478786,negative,1.325032353401184,-0.5132936239242554,1.9598480463027954
1403902516220334082,neutral,1.7551367282867432,-0.018994078040122986,0.6262705326080322
1403902516434251777,positive,0.8339155912399292,1.735040545463562,0.15641064941883087
1403902517000482819,neutral,1.8468420505523682,1.3591536283493042,0.7105979323387146
1403902519357575170,neutral,2.680697441101074,1.0767544507980347,-0.4211740791797638
1403902519923851266,neutral,1.710231065750122,-0.1171133741736412,1.309782862663269
1403902519940567048,negative,1.001092791557312,0.41788843274116516,1.896539330482483
1403902520141910020,negative,0.8121247887611389,-0.1827215850353241,2.1619534492492676
1403902520636755971,neutral,1.2704845666885376,-0.6624653339385986,1.2633484601974487
1403902520984956931,neutral,1.4234641790390015,0.8822457194328308,-0.19659972190856934
1403902521056272387,neutral,1.8106340169906616,0.41629913449287415,0.6457952857017517
1403902521492529152,neutral,1.2888412475585938,-0.30681318044662476,1.178673267364502
1403902521882472448,negative,1.2462663650512695,0.5797401666641235,1.348755121231079
1403902522704764928,negative,0.621647298336029,-0.6564079523086548,3.226811408996582
1403902523296018434,negative,1.0448843240737915,-0.867222249507904,2.1874656677246094
1403902525628043271,positive,1.0877208709716797,1.8338344097137451,0.2240133434534073
1403902526093627394,neutral,2.1124348640441895,1.016751766204834,0.37180209159851074
1403902526169116672,negative,1.3783892393112183,0.08099629729986191,1.7644766569137573
1403902526433419267,neutral,1.8675718307495117,0.40867310762405396,0.48922199010849
1403902528245272576,negative,1.3328379392623901,-1.1997720003128052,3.0109009742736816
1403902528824266759,neutral,2.0527822971343994,0.23196014761924744,0.381466269493103
1403902530539732997,negative,1.336681604385376,-0.15887653827667236,1.4055930376052856
1403902530598227969,positive,1.1663601398468018,1.4180538654327393,0.7986525893211365
1403902531688755205,neutral,2.090834379196167,0.3909134566783905,0.4272962510585785
1403902533274279938,negative,1.5462321043014526,-0.9039552807807922,1.9369906187057495
1403902533374992384,neutral,1.6855744123458862,0.37137293815612793,0.37932199239730835
1403902533488230410,neutral,1.4098316431045532,0.5171957015991211,0.6171801090240479
1403902535505637384,positive,2.2271289825439453,3.158660650253296,-1.0253106355667114
1403902535786635272,neutral,1.070691704750061,0.6146996021270752,0.49308282136917114
1403902536432582657,negative,1.0480180978775024,-0.7824001312255859,2.777039051055908
1403902536432693250,neutral,0.666492760181427,0.337528258562088,0.07162725925445557
1403902536713711620,neutral,2.0965383052825928,0.6666525602340698,0.6154760122299194
1403902537728733190,negative,1.3462823629379272,-1.241623044013977,2.9527995586395264
1403902539251265538,neutral,0.7032861709594727,0.6116170287132263,0.11693569272756577
1403902540706578433,negative,0.4564964175224304,-0.8170602321624756,3.7533464431762695
1403902541029527554,neutral,3.640317440032959,1.5829516649246216,-0.9354137778282166
1403902542858256384,neutral,1.9289050102233887,-0.4832570254802704,1.310889720916748
1403902543340572677,positive,0.6603933572769165,1.242282748222351,0.37992554903030396
1403902543835500544,negative,1.2360420227050781,-0.26072782278060913,1.4368656873703003
1403902544405954560,neutral,1.7991200685501099,0.3586900532245636,0.5499696731567383
1403902545202868235,positive,1.813704013824463,1.8227046728134155,-0.47137027978897095
1403902545601302536,negative,1.0172924995422363,0.8058074116706848,1.1356148719787598
1403902545991438338,neutral,1.329383373260498,0.7841349244117737,-0.3581087291240692
1403902546322862080,neutral,0.9225009083747864,0.902669370174408,-0.2150346040725708
1403902547367120900,neutral,2.2719671726226807,0.624007523059845,0.3988417387008667
1403902548923256833,neutral,2.8194010257720947,1.7607423067092896,-0.5749666690826416
1403902549820796931,negative,1.09710693359375,-0.7117583751678467,2.188523054122925
1403902551490142213,neutral,2.8913238048553467,1.9529719352722168,-1.0026376247406006
1403902553172197377,neutral,1.4736864566802979,0.6432198286056519,0.6053934097290039
1403902553813753860,negative,0.6744982600212097,-0.5285344123840332,2.926492214202881
1403902553901867011,negative,0.9785831570625305,-0.3711194694042206,2.0574240684509277
1403902556506521601,neutral,2.0150580406188965,1.709129810333252,-0.7400881052017212
1403902556560973831,positive,1.4897596836090088,1.8210713863372803,-0.1494407057762146
1403902557584609281,neutral,2.5801055431365967,-0.145033597946167,0.47117799520492554
1403902557899034626,negative,0.6754148006439209,-0.9037679433822632,3.1180315017700195
1403902558272245762,negative,1.336681604385376,-0.15887653827667236,1.4055930376052856
1403902558603722757,negative,1.1405425071716309,-0.9764841794967651,2.2881996631622314
1403902558876352512,neutral,2.212160348892212,-0.031338587403297424,0.8980835676193237
1403902558997868544,neutral,1.2202168703079224,1.174739122390747,-0.24128518998622894
1403902560252092417,neutral,2.178636312484741,-0.5951838493347168,0.4340347647666931
1403902560608481290,negative,1.0871243476867676,-0.42168334126472473,1.6917083263397217
1403902561015369729,neutral,2.408376455307007,-0.427381306886673,1.3063677549362183
1403902564878356484,neutral,1.2357746362686157,0.2291330099105835,0.7752185463905334
1403902565268471809,neutral,1.2964502573013306,0.4230763614177704,0.13668856024742126
1403902566312951808,neutral,2.6773452758789062,0.22431212663650513,0.04075778275728226
1403902567923347456,negative,1.1047348976135254,-0.8488235473632812,3.139803171157837
1403902568233803779,negative,1.0172924995422363,0.8058074116706848,1.1356148719787598
1403902568388984832,neutral,1.565746784210205,0.43292486667633057,-0.2599327862262726
1403902568426655744,neutral,1.5843416452407837,-0.0058425068855285645,0.9997734427452087
1403902568577703938,neutral,1.558173656463623,0.7023909091949463,0.8393425345420837
1403902570599534595,negative,1.325032353401184,-0.5132936239242554,1.9598480463027954
1403902571354361856,neutral,1.33663809299469,0.7832220792770386,0.8431656360626221
1403902571941670917,neutral,1.2512550354003906,-0.3070008158683777,1.0694940090179443
1403902572105191424,neutral,1.540777325630188,0.4607827365398407,0.5464985966682434
1403902572402991112,negative,0.6439996361732483,-1.210371971130371,3.6401171684265137
1403902573837312005,neutral,2.203944444656372,0.83460533618927,0.18024274706840515
1403902575963897857,negative,1.503689169883728,-0.8730363845825195,2.097874164581299
1403902576563793924,negative,1.1966218948364258,-0.03894086927175522,1.3610228300094604
1403902576676925445,negative,1.0346554517745972,-0.5598083138465881,2.0247483253479004
1403902577075441664,neutral,1.8599522113800049,-0.892788290977478,1.541770339012146
1403902577851486209,negative,1.4348021745681763,-1.1134252548217773,2.3579022884368896
1403902578342076421,negative,1.4815795421600342,-1.1291691064834595,2.651247262954712
1403902578547511297,neutral,1.7006815671920776,1.3339694738388062,0.33967137336730957
1403902578828759041,neutral,2.2926185131073,0.06457005441188812,0.7929469347000122
1403902579084509184,neutral,1.9150980710983276,0.33084341883659363,0.3049403429031372
1403902579294146560,neutral,2.341392993927002,-0.0596526637673378,-0.0026500504463911057
1403902579587706880,positive,2.2432477474212646,2.2634470462799072,-0.4768962860107422
1403902579663421444,neutral,1.650840401649475,-0.3680502474308014,0.7182578444480896
1403902580825026563,negative,1.0172926187515259,0.80580735206604,1.1356148719787598
1403902581802356736,neutral,3.3731298446655273,3.2971441745758057,-1.5068323612213135
1403902582351745030,positive,0.5185807347297668,1.3264803886413574,0.6843181252479553
1403902582456786947,neutral,2.821725368499756,0.02573484182357788,0.5355105400085449
1403902582620409861,positive,1.0659173727035522,1.7168434858322144,-0.25428780913352966
1403902582884503555,neutral,3.174298048019409,2.5355753898620605,-1.2799289226531982
1403902583488626692,negative,0.45249032974243164,-0.7954536080360413,2.5518083572387695
1403902584969056256,negative,1.569740891456604,-1.1001583337783813,2.3370935916900635
1403902585602457603,negative,0.8709996342658997,-0.48899659514427185,2.0680346488952637
1403902586890170369,negative,0.9101083874702454,-0.9308932423591614,2.4285664558410645
1403902586932002816,positive,2.2432479858398438,2.263446807861328,-0.47689634561538696
1403902587422662662,positive,1.788595199584961,3.0669631958007812,-0.3631788194179535
1403902587594805250,neutral,2.0671629905700684,-0.26401394605636597,1.0133203268051147
1403902588450344961,negative,0.7638339996337891,-0.8170376420021057,2.9988415241241455
1403902588601344010,negative,0.553605318069458,-1.2244518995285034,4.13018274307251
1403902589729660931,negative,1.727341651916504,-0.7378231287002563,2.6880602836608887
1403902591352946689,neutral,2.1832115650177,1.34367036819458,-0.046759165823459625
1403902591533080576,positive,1.5969494581222534,2.355492353439331,0.11663652211427689
1403902592086913025,neutral,1.5892215967178345,-0.43215128779411316,1.2675923109054565
1403902593567391744,neutral,2.010815143585205,-0.6213178634643555,1.4379693269729614
1403902594402115584,neutral,1.8167301416397095,-0.7457255125045776,1.4744458198547363
1403902594603380742,positive,3.6949570178985596,12.162961959838867,-3.9950640201568604
1403902594653687808,negative,1.296846628189087,-0.2305217981338501,1.3590165376663208
1403902596096667649,negative,1.4607446193695068,-0.5965566039085388,2.106086015701294
1403902597707096065,negative,1.3087208271026611,-0.22949257493019104,2.0306501388549805
1403902597765992452,neutral,2.158898115158081,0.4232533872127533,1.112606167793274
1403902598541889537,neutral,1.1289260387420654,0.6475757360458374,0.43163806200027466
1403902598827085824,negative,0.776577889919281,-0.43326273560523987,2.01254940032959
1403902599414251524,positive,1.5969494581222534,2.355492353439331,0.11663652211427689
1403902599930298375,negative,0.99452143907547,-0.837395191192627,2.7530343532562256
1403902600295104514,neutral,1.2100073099136353,0.8485797047615051,0.6398364901542664
1403902600668405762,neutral,1.6816363334655762,-0.16396945714950562,1.311525583267212
1403902601641357313,neutral,2.3061583042144775,0.5227155685424805,0.32168149948120117
1403902602157252614,negative,0.8094863295555115,-1.1875187158584595,3.489513874053955
1403902602539159553,positive,3.311800718307495,4.994494438171387,-1.454796314239502
1403902602719334404,positive,2.2271289825439453,3.158660650253296,-1.0253106355667114
1403902603382067208,negative,1.3369914293289185,-1.212684154510498,3.0240163803100586
1403902604044865539,negative,0.7141832709312439,-1.5743460655212402,4.660580158233643
1403902604619522051,neutral,1.1597193479537964,0.8027768731117249,0.4334837794303894
1403902604732780546,negative,1.0312975645065308,-0.4772549569606781,1.712395191192627
1403902605286285312,positive,0.9442907571792603,1.658170223236084,0.25567513704299927
1403902606204829701,negative,0.8594251275062561,-0.2992599904537201,1.6850862503051758
1403902607060516864,negative,1.6558846235275269,-0.9418045878410339,2.0927319526672363
1403902607224016897,neutral,1.6818292140960693,-0.038744233548641205,1.007893443107605
1403902607354216455,neutral,0.8348099589347839,0.5129430890083313,0.26415038108825684
1403902607500873732,neutral,1.6855745315551758,0.37137284874916077,0.37932199239730835
1403902608134139907,negative,1.0172924995422363,0.8058074116706848,1.1356148719787598
1403902608381820931,positive,2.3379032611846924,2.525219440460205,-0.6998003125190735
1403902608813793284,neutral,1.9154475927352905,-0.07055998593568802,0.5878295302391052
1403902608927072259,positive,1.4791103601455688,1.5320014953613281,-0.047504737973213196
1403902609744809985,positive,1.1144989728927612,3.426656484603882,-0.6928936839103699
1403902609983819776,neutral,2.1032028198242188,0.1950388252735138,0.5136169791221619
1403902610743169027,neutral,2.1832115650177,1.34367036819458,-0.046759165823459625
1403902612710232067,neutral,1.6023751497268677,0.5438693165779114,-0.20825722813606262
1403902613045714948,negative,0.8713932037353516,0.10851117223501205,1.5677992105484009
1403902613079347201,neutral,1.0700325965881348,1.0061966180801392,0.16042286157608032
1403902614161575940,neutral,3.8425397872924805,1.7328799962997437,-0.7808089256286621
1403902614983659521,negative,1.214478611946106,-0.20996156334877014,1.6712485551834106
1403902616044642306,positive,1.2503905296325684,1.347119688987732,0.33987393975257874
1403902616296464385,neutral,1.070691704750061,0.6146996021270752,0.49308282136917114
1403902616548040705,neutral,2.0671629905700684,-0.26401394605636597,1.0133203268051147
1403902617697218562,negative,0.6177586913108826,0.8181873559951782,1.1578809022903442
1403902618129211394,positive,1.686768889427185,2.2117059230804443,-0.44671961665153503
1403902618997387267,neutral,2.1617162227630615,-1.0657998323440552,2.0157406330108643
1403902619257614338,negative,1.0545748472213745,-0.51563960313797,1.2932757139205933
1403902619383341057,neutral,2.5291738510131836,-0.6669768691062927,1.1697512865066528
1403902619739951104,negative,0.8541529774665833,0.22772356867790222,1.2699493169784546
1403902620851261445,neutral,1.560675024986267,0.8203059434890747,0.4178546667098999
1403902621182664705,neutral,2.2209792137145996,0.07982137799263,0.2968378961086273
1403902621262417928,negative,1.4835381507873535,0.5047314167022705,1.503318190574646
1403902622843682816,negative,0.9201061725616455,-0.29299217462539673,1.6678200960159302
1403902622919135233,neutral,3.3731298446655273,3.2971441745758057,-1.5068323612213135
1403902623225311234,negative,1.187196969985962,-0.7179604768753052,2.1856696605682373
1403902623435030529,positive,2.005499839782715,3.8445537090301514,-1.2274528741836548
1403902623808360448,neutral,2.12750506401062,0.8256475329399109,0.2167797088623047
1403902624647114757,neutral,3.640317440032959,1.5829516649246216,-0.9354137778282166
1403902626387795970,negative,1.180079460144043,-0.2150149941444397,1.3218176364898682
1403902627172159491,negative,1.4778536558151245,-0.8342932462692261,2.2221248149871826
1403902628631703553,negative,1.3279595375061035,0.23296552896499634,1.3330204486846924
1403902630003306502,negative,0.8198866248130798,-0.883509635925293,2.5350725650787354
1403902630129115140,negative,0.9181906580924988,-0.31652969121932983,2.2968714237213135
1403902630485659648,neutral,2.720695972442627,0.4550601541996002,0.016505729407072067
1403902630607437825,negative,0.5666109323501587,-0.8695406913757324,3.228283166885376
1403902630791843841,neutral,3.192314863204956,0.1358022838830948,0.45251113176345825
1403902630980730883,negative,0.4452204704284668,0.12689216434955597,1.7783122062683105
1403902631743946756,neutral,1.9102282524108887,0.5339358448982239,1.1364243030548096
1403902632826073089,neutral,3.3731298446655273,3.2971441745758057,-1.5068323612213135
1403902633237045248,negative,1.3695091009140015,-0.32719752192497253,1.4148029088974
1403902633400672259,positive,2.23696231842041,2.4202442169189453,-0.5169867873191833
1403902635300720641,positive,2.2432479858398438,2.263446807861328,-0.4768962860107422
1403902636068384770,neutral,1.2226338386535645,0.30501750111579895,1.2190284729003906
1403902636244471813,negative,0.18955086171627045,-0.04493317753076553,1.6942747831344604
1403902636559114242,neutral,1.0580283403396606,0.1892434060573578,0.9417399168014526
1403902636605284353,negative,0.5694922804832458,0.05493169277906418,1.6821346282958984
1403902636655616003,neutral,2.1832115650177,1.34367036819458,-0.046759165823459625
1403902637079076873,neutral,1.454269528388977,0.9875984191894531,0.24165204167366028
1403902637326553091,neutral,1.2575898170471191,0.9501778483390808,0.42194533348083496
1403902638660501506,positive,1.5585358142852783,1.6895849704742432,0.27024054527282715
1403902639000096771,negative,0.15068359673023224,-0.06708251684904099,1.787588357925415
1403902640619081728,negative,1.0042651891708374,-0.5382576584815979,2.277010679244995
1403902640921120769,positive,0.9869834184646606,1.34595787525177,-0.04280010610818863
1403902641248165898,negative,0.9286651611328125,-0.6475120782852173,2.842339515686035
1403902641575321601,negative,1.6007444858551025,-1.2062618732452393,3.0223493576049805
1403902641944465410,positive,1.5194072723388672,1.807772159576416,-0.26991090178489685
1403902642154266627,neutral,1.6855744123458862,0.37137293815612793,0.37932199239730835
1403902642678501376,negative,1.5027025938034058,-0.8688819408416748,1.7735075950622559
1403902643265630215,negative,1.2002842426300049,-0.32450684905052185,1.9077439308166504
1403902644167622657,negative,1.4283896684646606,-0.5342980623245239,1.798016905784607
1403902645840932865,neutral,2.485743761062622,-0.3147490918636322,0.4562076926231384
1403902646138798087,neutral,2.758108615875244,0.572944700717926,0.022574160248041153
1403902646243807237,neutral,1.8393747806549072,0.9060255885124207,-0.41014549136161804
1403902647623692293,neutral,1.7952748537063599,0.2741679847240448,0.7949954271316528
1403902647925547013,negative,1.0172924995422363,0.80580735206604,1.1356148719787598
1403902650450694151,negative,0.8323348164558411,0.08698146790266037,1.2959829568862915
1403902650685349897,negative,1.6757272481918335,-1.1267353296279907,2.5844032764434814
1403902652719800320,neutral,1.8013135194778442,1.3315393924713135,0.19535258412361145
1403902653822734339,positive,1.5628447532653809,4.259037017822266,-1.3707107305526733
1403902654347038727,neutral,1.9085441827774048,-0.6056220531463623,1.5822371244430542
1403902655395602432,negative,0.826684832572937,-1.2970921993255615,3.8118629455566406
1403902658931355650,neutral,1.4838734865188599,-0.3124980330467224,1.2717554569244385
1403902661359931394,negative,0.9849168062210083,-0.5517606139183044,2.149667978286743
1403902661846441993,neutral,1.7004649639129639,-0.12917789816856384,1.4871411323547363
1403902662471557120,negative,0.7626184225082397,0.27987852692604065,1.701286792755127
1403902663893397504,negative,0.7554589509963989,-1.2362756729125977,3.707606077194214
1403902664044429321,neutral,1.6156479120254517,1.003430724143982,0.9610841870307922
1403902664077942786,neutral,0.9712826013565063,0.38445499539375305,0.6210255026817322
1403902664316911622,neutral,1.5617454051971436,-0.43418118357658386,1.394042730331421
1403902664434323465,negative,1.2666748762130737,-0.29106637835502625,1.7661337852478027
1403902665113804804,neutral,2.2641172409057617,1.2880948781967163,-0.23650561273097992
1403902665449361408,positive,1.209746241569519,5.966614723205566,-1.7013345956802368
1403902665831165954,neutral,1.775754690170288,0.4147304594516754,0.7451025247573853
1403902667554844678,neutral,1.6567208766937256,0.8665727972984314,0.5608978271484375
1403902668523724802,neutral,1.7373533248901367,-0.017367340624332428,1.4273337125778198
1403902668985282564,neutral,2.411365270614624,1.4005961418151855,-0.7999140024185181
1403902669769646088,negative,1.6007444858551025,-1.2062618732452393,3.0223493576049805
1403902671229227009,neutral,1.9638267755508423,0.8941318988800049,-0.2973131537437439
1403902674186256386,neutral,1.4318915605545044,0.8257984519004822,1.0332701206207275
1403902674987323399,negative,0.8323348164558411,0.08698146790266037,1.2959829568862915
1403902675096379394,negative,1.336681604385376,-0.15887650847434998,1.4055930376052856
1403902675175895046,negative,1.2192662954330444,-0.8745114803314209,2.292588949203491
1403902675641454593,negative,1.5036461353302002,-0.7842859625816345,2.0220742225646973
1403902676077662208,negative,0.9886993765830994,-0.43294182419776917,2.1698522567749023
1403902676706885633,positive,1.9316704273223877,2.1811797618865967,-0.5911884903907776
1403902677029769220,neutral,2.6163887977600098,1.7948631048202515,-0.342382550239563
1403902677717860357,negative,1.1453747749328613,0.3837158679962158,1.3632245063781738
1403902678120296448,neutral,1.6927469968795776,0.8460293412208557,-0.3656326234340668
1403902678720139265,positive,1.4697918891906738,1.9678161144256592,-0.05486377328634262
1403902679592538118,neutral,3.3731298446655273,3.2971441745758057,-1.5068323612213135
1403902679684952069,neutral,1.345327615737915,0.5260043144226074,0.6235172152519226
1403902679810596868,negative,0.4935058355331421,1.4606144428253174,1.6005803346633911
1403902679965913089,neutral,2.0671629905700684,-0.26401394605636597,1.0133203268051147
1403902680649519112,positive,2.2432477474212646,2.2634470462799072,-0.4768962860107422
1403902681660411905,negative,0.13485825061798096,-0.15628045797348022,1.7961195707321167
1403902682767577089,neutral,2.113889694213867,1.1262757778167725,0.13900013267993927
1403902683199598593,neutral,1.75877046585083,-0.15539348125457764,1.3791183233261108
1403902684478935041,positive,2.0626628398895264,3.2196388244628906,-0.6637847423553467
1403902684902658053,negative,1.1453747749328613,0.3837158679962158,1.3632245063781738
1403902686802579457,positive,2.1576969623565674,3.822187662124634,-0.5424864292144775
1403902687725248517,negative,1.3328379392623901,-1.1997720003128052,3.0109009742736816
1403902688241147904,neutral,2.1617162227630615,-1.0657998323440552,2.0157406330108643
1403902689545797634,neutral,2.2462143898010254,0.823174238204956,-0.017028016969561577
1403902690858467328,neutral,1.2698254585266113,0.34966301918029785,0.5562231540679932
1403902691156369410,neutral,1.9154475927352905,-0.07055998593568802,0.5878295302391052
1403902693198819334,negative,0.7431663274765015,-0.16176089644432068,1.764026165008545
1403902693291171845,neutral,1.7780550718307495,-0.3279082477092743,0.8943873643875122
1403902694180356096,positive,1.246630311012268,1.5572532415390015,0.2165391743183136
1403902694239182854,negative,1.4778536558151245,-0.8342932462692261,2.2221248149871826
1403902694562177033,neutral,1.7107278108596802,0.10835473984479904,0.7277459502220154
1403902694725545985,negative,1.0172924995422363,0.8058074116706848,1.1356148719787598
1403902695468158978,neutral,1.4562400579452515,0.7855585813522339,0.49351006746292114
1403902696327843847,positive,0.717553973197937,1.4235161542892456,0.30924028158187866
1403902696994770946,negative,0.7420077919960022,-0.8432273268699646,2.4681591987609863
1403902697019826186,negative,1.670521855354309,-0.30803537368774414,1.7488200664520264
1403902698756390914,neutral,1.56831693649292,-0.5529313683509827,1.2472323179244995
1403902699666554881,neutral,1.6506541967391968,-0.9642767310142517,1.6148709058761597
1403902700845142018,positive,2.102343797683716,2.2760159969329834,-0.20009632408618927
1403902701054808065,negative,1.0448843240737915,-0.867222249507904,2.1874656677246094
1403902701428260866,negative,1.3650026321411133,-0.7826436161994934,2.3791003227233887
1403902705291116552,negative,1.1368827819824219,-0.5975444912910461,2.1423068046569824
1403902705379196934,negative,0.9454951286315918,-0.687773585319519,2.4351558685302734
1403902705614168066,neutral,1.0241013765335083,-0.07365945726633072,0.9245321154594421
1403902706314534919,negative,1.6679733991622925,-1.050084114074707,2.059412717819214
1403902706612322304,negative,0.7683039307594299,-0.6747876405715942,2.59315824508667
1403902706960371715,negative,0.7550901770591736,-1.0044981241226196,2.7333271503448486
1403902707178491907,negative,1.5003094673156738,-1.0843690633773804,2.319007635116577
1403902708474519552,neutral,2.003999710083008,0.3973018229007721,0.7307682037353516
1403902708864536579,neutral,1.2079204320907593,0.627472460269928,0.6209598183631897
1403902708956884994,neutral,1.9403049945831299,-0.6860625743865967,0.9651775360107422
1403902710336802817,negative,1.8652198314666748,-1.0656317472457886,2.1417524814605713
1403902710357762050,negative,1.0548555850982666,-1.3302161693572998,4.14425802230835
1403902710521516033,positive,2.494655132293701,3.1682281494140625,-0.9224227666854858
1403902711251230727,negative,1.080332636833191,-0.7382484674453735,2.62504243850708
1403902711268003840,neutral,1.7708404064178467,1.4259668588638306,-0.03043041191995144
1403902711339311105,positive,0.24194467067718506,0.9218271970748901,0.6420593857765198
1403902713125998593,neutral,1.870914101600647,0.7854758501052856,0.3054758906364441
1403902714195726344,neutral,1.3184422254562378,0.6895322203636169,0.4981413185596466
1403902714220777478,neutral,1.5150694847106934,0.3917328417301178,0.32260584831237793
1403902714275266564,negative,0.28455498814582825,-0.36030787229537964,2.3480162620544434
1403902716175343616,negative,0.3991052210330963,-0.5948594212532043,3.6662518978118896
1403902716208762882,positive,0.08073712885379791,0.7073975801467896,0.6233748197555542
1403902716590632963,neutral,1.2964502573013306,0.4230763614177704,0.13668856024742126
1403902717332910080,negative,1.0172924995422363,0.8058074116706848,1.1356148719787598
1403902718079537156,negative,0.939085841178894,-1.0183780193328857,3.00797700881958
1403902718100475907,neutral,2.1815080642700195,-0.23215451836585999,0.8017862439155579
1403902719266598920,negative,0.7759168744087219,-0.7301240563392639,1.7330548763275146
1403902720742879236,negative,1.6007444858551025,-1.2062618732452393,3.0223493576049805
1403902722642911235,negative,1.0883617401123047,-0.5602695941925049,1.9204559326171875
1403902723326627844,negative,0.4968200623989105,0.019314460456371307,2.432791233062744
1403902724656144384,neutral,2.3007593154907227,0.30733510851860046,0.6091023683547974
1403902724945506304,neutral,1.5467219352722168,0.7834407091140747,0.45198360085487366
1403902725310476289,negative,0.6789036989212036,-0.47596457600593567,1.065867304801941
1403902725931294721,neutral,1.4494162797927856,-0.05701170116662979,0.6895463466644287
1403902726866718724,negative,0.5129746198654175,-0.8990888595581055,2.7721974849700928
1403902727613202437,neutral,1.9293153285980225,-0.18266236782073975,1.087263584136963
1403902728120713218,neutral,1.5824434757232666,0.203895702958107,0.5083480477333069
1403902729215524866,neutral,1.3525278568267822,-0.2966350317001343,0.8220580816268921
1403902729253232641,negative,0.9251769781112671,-0.8126012086868286,2.598179578781128
1403902730406711298,positive,0.665419340133667,0.7275207042694092,-0.020742123946547508
1403902730993913860,positive,1.2645658254623413,3.02217435836792,-0.3146480619907379
1403902732428222465,negative,1.8239589929580688,-0.8464726209640503,2.1721243858337402
1403902732809818116,negative,0.9959715604782104,-0.9010624885559082,3.180633306503296
1403902733556482049,negative,1.4106166362762451,-0.36262205243110657,1.4732584953308105
1403902735242514440,negative,0.9842514395713806,-0.14221245050430298,1.133160948753357
1403902736362479619,negative,1.2731376886367798,-0.1930164098739624,1.5695829391479492
1403902738044383240,positive,2.2432477474212646,2.2634470462799072,-0.4768962860107422
1403902738207952897,neutral,1.347782015800476,0.8054264783859253,0.4273073077201843
1403902739747262469,neutral,1.4214915037155151,0.3286350965499878,0.8487669825553894
1403902740548390913,negative,0.4564964175224304,-0.8170602321624756,3.7533464431762695
1403902740766486532,positive,2.2271289825439453,3.158660650253296,-1.0253106355667114
1403902741013991429,positive,0.8142175078392029,0.8471439480781555,0.24934136867523193
1403902742226219011,neutral,1.7424707412719727,-0.48000195622444153,1.2558344602584839
1403902742272176129,positive,1.9211618900299072,1.9877530336380005,0.46516868472099304
1403902742721024002,negative,1.1429675817489624,-0.47753527760505676,2.184816360473633
1403902743157354496,neutral,1.4378002882003784,-0.5467661619186401,0.8967575430870056
1403902743476068355,positive,0.473749577999115,1.2970271110534668,0.9387255907058716
1403902743572516866,positive,1.5988045930862427,2.5009732246398926,-0.1092141792178154
1403902743878668288,negative,1.0325145721435547,-0.6826942563056946,2.8837692737579346
1403902744293937152,neutral,1.332494854927063,0.5666801333427429,-0.05378201603889465
1403902744646217728,neutral,1.5915627479553223,0.3136279284954071,0.7126535177230835
1403902745233563649,neutral,2.2518184185028076,2.035719871520996,-0.49704623222351074
1403902745602527233,negative,1.3744161128997803,-0.9171922206878662,2.0289063453674316
1403902745816358921,negative,1.3134132623672485,-0.5762357115745544,1.6616076231002808
1403902747406221313,negative,1.1221598386764526,-0.8720186948776245,2.567309856414795
1403902749012541443,positive,0.6279997825622559,1.328724980354309,1.1907858848571777
1403902749121470464,negative,0.586057722568512,-0.29503190517425537,2.130171775817871
1403902749838696455,positive,2.2432477474212646,2.2634470462799072,-0.4768962860107422
1403902750316916738,negative,0.6439996361732483,-1.210371971130371,3.6401171684265137
1403902750371586052,negative,0.9210536479949951,0.06475557386875153,1.3824772834777832
1403902750983864321,negative,1.7894514799118042,-0.9604528546333313,1.7997421026229858
1403902754997866503,negative,1.6558846235275269,-0.9418045878410339,2.0927319526672363
1403902756759347200,positive,1.7747060060501099,3.4235787391662598,-0.5406714081764221
1403902757250154499,positive,0.7083955407142639,3.727827787399292,-0.3943086862564087
1403902757808099332,neutral,2.1655192375183105,0.5272119641304016,-0.07081447541713715
1403902758021783552,neutral,1.596765160560608,-0.14556774497032166,1.252550721168518
1403902758340681731,negative,1.187922477722168,-1.4292690753936768,3.7441892623901367
1403902758701309956,neutral,1.5221562385559082,-0.2758604884147644,1.3813177347183228
1403902758751592449,positive,1.8105084896087646,3.0759010314941406,-0.6051607131958008
1403902759041044488,negative,1.3328379392623901,-1.1997720003128052,3.0109009742736816
1403902760701992961,neutral,3.2358505725860596,1.8963189125061035,-0.9606782793998718
1403902761222168577,neutral,2.2363901138305664,0.07118640094995499,0.17458491027355194
1403902761385619456,positive,1.0538750886917114,1.6662379503250122,-0.0951698049902916
1403902762362970112,neutral,2.340409517288208,-0.2736350893974304,0.5996415615081787
1403902763269038083,neutral,1.15243661403656,-0.3417278528213501,1.1032880544662476
1403902765089230848,negative,0.9929909110069275,-0.7368528842926025,1.9260650873184204
1403902765177376772,negative,1.0274763107299805,-0.3363177478313446,1.9452375173568726
1403902765533958148,neutral,1.828971028327942,0.030883748084306717,1.0262316465377808
1403902766150340609,neutral,1.2932233810424805,0.5368097424507141,-0.047758206725120544
1403902767257751557,neutral,1.4843209981918335,0.7425756454467773,0.5757810473442078
1403902768218320898,negative,0.4278392493724823,-0.22957590222358704,2.9090070724487305
1403902768767700995,negative,0.6348768472671509,-1.0416972637176514,3.094980239868164
1403902769417887749,neutral,1.6023966073989868,0.19074121117591858,0.9598805904388428
1403902775205928967,neutral,2.217390537261963,0.3097662627696991,0.34107813239097595
1403902775562362882,negative,1.1997941732406616,-0.8993456959724426,2.8312976360321045
1403902775751282691,positive,1.580423355102539,2.205764055252075,1.0935615301132202
1403902776225112067,neutral,2.1476430892944336,-0.43944379687309265,1.2757374048233032
1403902776996864003,negative,1.2562401294708252,-0.054047368466854095,1.3544343709945679
1403902778657882112,neutral,2.4400758743286133,0.45302703976631165,0.02055593580007553
1403902778892771332,negative,1.1470611095428467,-1.1642178297042847,3.0325253009796143
1403902779773521923,neutral,2.0564513206481934,0.170409694314003,0.6154054403305054
1403902779828092930,positive,1.5944215059280396,2.6583621501922607,-0.43405377864837646
1403902779857453056,neutral,2.3061583042144775,0.5227155685424805,0.32168149948120117
1403902780440387585,negative,0.8061770796775818,-0.6775262951850891,2.8301291465759277
1403902780499181570,negative,1.325032353401184,-0.5132936239242554,1.9598480463027954
1403902780843061251,negative,1.1453747749328613,0.3837158679962158,1.3632245063781738
1403902781186924548,neutral,2.5953264236450195,-0.4910713732242584,0.7426209449768066
1403902781455491072,negative,1.066955327987671,-0.9348559379577637,2.4895217418670654
1403902783237943297,positive,1.3262169361114502,1.8730107545852661,0.13614384829998016
1403902783825264642,neutral,2.212160348892212,-0.03133857995271683,0.8980836272239685
1403902785813352450,neutral,1.2277652025222778,-0.2805444598197937,1.1284654140472412
1403902787642019845,negative,1.227283239364624,-0.709639847278595,2.0344879627227783
1403902787658846208,negative,1.2778596878051758,-0.7142622470855713,1.5202033519744873
1403902787700854785,negative,1.0623619556427002,-0.14277902245521545,2.2643749713897705
1403902788535414787,neutral,2.5156655311584473,1.5134990215301514,-0.1316470056772232
1403902788552302592,neutral,3.0054008960723877,2.8519632816314697,-1.2391114234924316
1403902788934025225,negative,0.8993714451789856,-0.08117402344942093,1.9589905738830566
1403902788988325888,positive,1.8796226978302002,2.0423743724823,-0.4446218013763428
1403902790448128002,negative,1.3509234189987183,-0.7928329706192017,2.479140281677246
1403902792633405441,neutral,1.4839798212051392,-0.5136941075325012,1.3366819620132446
1403902793103167502,negative,1.5946282148361206,-1.2008014917373657,2.9154655933380127
1403902793128185856,positive,1.8105084896087646,3.0759007930755615,-0.6051607728004456
1403902793208012800,neutral,0.6305602788925171,0.6164481043815613,0.16563189029693604
1403902793749090311,negative,1.278487205505371,-0.7438381910324097,1.7684203386306763
1403902794202071041,negative,1.393977165222168,-1.0801746845245361,2.6392440795898438
1403902794415939586,negative,1.2826128005981445,-1.0650196075439453,2.7623729705810547
1403902794705289224,positive,1.5646960735321045,2.0517051219940186,0.6434214115142822
1403902794768203776,negative,1.1989487409591675,0.09696715325117111,1.757879614830017
1403902794822791168,negative,1.4348682165145874,-0.32109934091567993,1.7149933576583862
1403902794923331588,neutral,2.0575320720672607,0.8746942281723022,0.019164972007274628
1403902795414130690,positive,1.4006315469741821,2.7646846771240234,-0.4753268361091614
1403902796752166912,negative,1.379658579826355,-0.8802214860916138,1.773688554763794
1403902797947445251,neutral,1.870914101600647,0.7854758501052856,0.3054758906364441
1403902798207471616,positive,1.982703447341919,2.600748300552368,-0.819890558719635
1403902799209893895,positive,0.5188464522361755,1.1918612718582153,-0.04851651191711426
1403902800656883720,negative,1.3328379392623901,-1.1997720003128052,3.0109009742736816
1403902802112352256,neutral,3.530146598815918,1.6300078630447388,-1.0650410652160645
1403902802397630473,negative,0.4564964175224304,-0.8170602321624756,3.7533464431762695
1403902804260003843,negative,1.6750975847244263,-0.9220286011695862,1.9665111303329468
1403902804675248130,neutral,1.903464913368225,1.3464045524597168,-0.4872857332229614
1403902804926754818,neutral,2.5010008811950684,-0.13228434324264526,0.32777342200279236
1403902805824389126,neutral,1.4993587732315063,0.8237162232398987,0.280981183052063
1403902805996359682,neutral,2.0527822971343994,0.23196014761924744,0.381466269493103
1403902806507933699,neutral,2.0518524646759033,1.8199083805084229,-0.46272873878479004
1403902807871217665,negative,1.0839346647262573,-1.1132255792617798,3.0409836769104004
1403902808965984259,neutral,1.9350472688674927,-0.47720393538475037,0.9684427380561829
1403902809217536004,neutral,1.1565603017807007,1.133722186088562,0.32786497473716736
1403902810400296960,negative,0.7798627018928528,-1.5071686506271362,4.5736870765686035
1403902813118287884,negative,0.8190777897834778,-0.3170280158519745,1.6009337902069092
1403902813206351876,negative,1.5754501819610596,-1.178261637687683,2.9194021224975586
1403902813399257089,negative,1.5191700458526611,-0.9944684505462646,2.2271976470947266
1403902814091419648,positive,0.7085977792739868,1.990452527999878,0.1890762597322464
1403902814556868608,neutral,1.5608634948730469,0.6738376021385193,0.28829631209373474
1403902814582153216,neutral,3.8425397872924805,1.7328799962997437,-0.7808089256286621
1403902815244754951,neutral,1.5784738063812256,-0.6647500991821289,1.351258635520935
1403902815320170497,neutral,2.233532428741455,1.3383457660675049,0.350601464509964
1403902815517429761,neutral,1.6855744123458862,0.37137293815612793,0.37932199239730835
1403902815961968640,negative,1.6558846235275269,-0.9418045878410339,2.0927319526672363
1403902816234741764,negative,0.5808072686195374,-0.752424955368042,2.738577127456665
1403902817102827524,positive,1.2402479648590088,1.9769095182418823,-0.2168048620223999
1403902817232850948,negative,1.3328379392623901,-1.1997720003128052,3.0109009742736816
1403902817266327556,positive,1.0132249593734741,1.5695602893829346,0.4793860912322998
1403902818801504259,neutral,1.3559054136276245,-0.4260057508945465,1.1108022928237915
1403902818893901830,negative,1.3353893756866455,1.0094565153121948,1.3580162525177002
1403902819632099329,neutral,1.6855744123458862,0.37137293815612793,0.37932199239730835
1403902819980152835,neutral,1.721667766571045,0.008093036711215973,0.8640685081481934
1403902820932198400,positive,2.1721105575561523,3.964395523071289,-1.2859424352645874
1403902822291288066,negative,1.8056942224502563,-0.9287742376327515,1.8879927396774292
1403902822429564934,positive,2.2432477474212646,2.2634470462799072,-0.4768962860107422
1403902824325464066,negative,1.4180810451507568,-0.916871964931488,1.8428053855895996
1403902825613123584,negative,0.45249032974243164,-0.7954536080360413,2.5518083572387695
1403902826145738754,neutral,1.6855744123458862,0.37137293815612793,0.37932199239730835
1403902826338783239,negative,1.4282517433166504,-1.1638981103897095,2.5680623054504395
1403902826372337667,neutral,1.7912765741348267,-0.3861514925956726,1.331257939338684
1403902826959425538,neutral,1.6645524501800537,0.3945044279098511,0.6784141659736633
1403902827337031683,positive,0.665419340133667,0.7275207042694092,-0.020742123946547508
1403902833448062977,neutral,2.960075855255127,0.882236659526825,0.048663146793842316
1403902833955545088,negative,0.7908888459205627,-0.3720915615558624,2.1812241077423096
1403902834114908167,neutral,1.49009370803833,-0.5214626789093018,0.6664376854896545
1403902834249113603,negative,0.6161379218101501,-1.064854621887207,3.1989572048187256
1403902835427786752,neutral,1.7500574588775635,-0.4622316062450409,1.3863589763641357
1403902837021679617,negative,1.3188107013702393,-0.469087690114975,1.8189598321914673
1403902838502215680,neutral,2.1617162227630615,-1.0657998323440552,2.0157406330108643
1403902838732996610,negative,0.4564964175224304,-0.8170602321624756,3.7533464431762695
1403902840045772800,neutral,1.6156479120254517,1.003430724143982,0.9610841870307922
1403902840217739266,negative,1.0723847150802612,0.3615199625492096,1.1549654006958008
1403902840230273029,neutral,1.4163248538970947,0.48880529403686523,-0.08698894828557968
1403902840263696393,neutral,1.2825382947921753,0.5477923154830933,0.9025468230247498
1403902840544899076,negative,0.7977342009544373,-0.7203458547592163,2.4761667251586914
1403902840779706373,negative,1.2739087343215942,-0.12092246860265732,1.4879043102264404
1403902841228566529,negative,1.4180810451507568,-0.916871964931488,1.8428053855895996
1403902841287229440,neutral,1.6156476736068726,1.003430962562561,0.9610843062400818
1403902843174768640,negative,0.7838588953018188,-0.8143433928489685,2.5138862133026123
1403902843522740224,negative,1.2418426275253296,0.19041180610656738,1.2575855255126953
1403902844135165953,negative,1.030448317527771,-0.8581322431564331,2.982595682144165
1403902848044175363,neutral,0.6293338537216187,0.11529930680990219,0.5136499404907227
1403902848484642817,negative,1.075622797012329,-0.58335280418396,1.5381051301956177
1403902850221158402,neutral,1.4242253303527832,1.3998892307281494,0.2591839134693146
1403902850544111622,negative,0.6770750880241394,0.198045551776886,1.289668083190918
1403902851835965440,negative,0.6457942128181458,-0.9697280526161194,3.045773983001709
1403902852150464512,negative,0.61539226770401,0.5104369521141052,1.2754632234573364
1403902852184133636,negative,1.262342095375061,-1.2370593547821045,2.973182201385498
1403902853324759040,neutral,3.3731298446655273,3.2971441745758057,-1.5068323612213135
1403902855434575874,negative,1.0901730060577393,0.9924800992012024,1.262573480606079
1403902855484907523,neutral,1.6702097654342651,0.06017894297838211,0.4882203936576843
1403902855535378434,neutral,2.960075855255127,0.882236659526825,0.048663146793842316
1403902856063709185,negative,1.126155138015747,-0.6449976563453674,1.9454052448272705
1403902857183514630,negative,1.062785029411316,-0.004294171929359436,1.7522209882736206
1403902857661743105,neutral,2.0398097038269043,0.6565144658088684,0.0811210349202156
1403902858500640768,negative,0.7476987838745117,-0.2530951499938965,1.6402384042739868
1403902858836185089,neutral,1.6855744123458862,0.37137293815612793,0.37932199239730835
1403902858848739329,negative,0.9698442220687866,-0.8833186626434326,2.3318371772766113
1403902859477983237,negative,1.1453747749328613,0.38371580839157104,1.3632246255874634
1403902859838595080,neutral,2.0901553630828857,0.3451036214828491,0.9200283288955688
1403902861373673472,neutral,2.366290330886841,1.1980351209640503,-0.554591178894043
1403902862116204547,positive,1.0795634984970093,2.8949575424194336,-0.5896197557449341
1403902863248543747,positive,1.8832920789718628,3.138092517852783,-0.5668794512748718
1403902863420444673,negative,1.264915108680725,-0.3722284138202667,1.4042580127716064
1403902864116699136,neutral,1.6156479120254517,1.003430724143982,0.9610841870307922
1403902864745893891,negative,1.290018916130066,-0.2717820405960083,1.5964785814285278
1403902866235011072,neutral,1.526391863822937,-0.07867235690355301,1.2810187339782715
1403902866541060096,neutral,1.9674937725067139,-0.010457023978233337,0.7595891952514648
1403902866557964291,negative,0.7959924340248108,0.06641111522912979,1.2160793542861938
1403902866889134081,neutral,1.64057457447052,-0.21724933385849,1.5368857383728027
1403902867266686977,neutral,1.7496434450149536,-0.07095741480588913,1.0121351480484009
1403902867300229124,positive,0.7676776051521301,0.8130512237548828,0.6843299865722656
1403902867669327873,neutral,1.7928617000579834,1.4543055295944214,0.06860483437776566
1403902868273258501,neutral,1.1940521001815796,1.0499722957611084,0.47554340958595276
1403902869615616004,negative,1.4764227867126465,-0.8437034487724304,1.8437526226043701
1403902869892472833,negative,0.47798576951026917,0.4303840398788452,2.0842106342315674
1403902870445957127,negative,1.1997941732406616,-0.8993456959724426,2.8312976360321045
1403902871351926784,negative,1.0815117359161377,-1.0512428283691406,2.4338202476501465
1403902872312594433,neutral,1.4593305587768555,-0.12495609372854233,1.0357431173324585
1403902872580988932,negative,0.6485205888748169,0.4982796907424927,1.109047770500183
1403902872824258564,negative,1.2997466325759888,-0.9275924563407898,2.110398054122925
1403902874032263170,positive,1.3690941333770752,1.5766278505325317,-0.8462364077568054
1403902874585735174,neutral,1.5047266483306885,-0.2715592682361603,0.4477408528327942
1403902874892001280,negative,0.6173499822616577,0.03159692510962486,1.6682698726654053
1403902874942312450,neutral,1.8436293601989746,0.4716213643550873,0.23730309307575226
1403902877312061440,negative,1.0598983764648438,-0.6731568574905396,2.108074188232422
1403902877681258503,negative,1.2130876779556274,-0.1163826659321785,1.5395172834396362
1403902878368944130,negative,1.4712591171264648,-1.1612215042114258,2.528118371963501
1403902880592056327,negative,1.3800829648971558,-1.1239776611328125,3.137477397918701
1403902882307526658,neutral,1.6156479120254517,1.003430724143982,0.9610841870307922
1403902882315915268,neutral,1.549101710319519,-0.7296223640441895,1.4869048595428467
1403902882424889348,neutral,1.2401509284973145,0.6592956185340881,0.5508139729499817
1403902885134434306,negative,1.3070192337036133,-1.301767349243164,3.411505937576294
1403902885247729666,neutral,1.1727908849716187,-0.41096070408821106,1.0239791870117188
1403902885579038720,neutral,1.5473833084106445,1.1066056489944458,0.38655486702919006
1403902886237638659,negative,0.5176925659179688,-0.6439514756202698,2.974733829498291
1403902886803742723,negative,1.5934717655181885,-0.5433646440505981,1.6098052263259888
1403902887550455809,neutral,1.6586341857910156,0.7174132466316223,0.3792737126350403
1403902888049582082,neutral,2.3042781352996826,1.563757061958313,-0.29552263021469116
1403902888628297732,positive,0.6489200592041016,1.017238974571228,0.7327635288238525
1403902890306117641,neutral,1.3607538938522339,0.1348997950553894,0.2408149242401123
1403902890738024448,negative,1.3262975215911865,-0.9724141955375671,2.35296893119812
1403902890742329345,neutral,1.719029426574707,0.3016170561313629,1.5750664472579956
1403902891283279872,neutral,1.870914101600647,0.7854758501052856,0.3054758906364441
1403902891405066244,neutral,2.0558524131774902,0.915242075920105,0.4729277491569519
1403902891568467971,negative,0.25865691900253296,-0.2082989513874054,2.2012722492218018
1403902891643920387,neutral,1.6527533531188965,1.057592749595642,0.025653019547462463
1403902891782508549,neutral,1.8013135194778442,1.3315393924713135,0.19535258412361145
1403902892789026823,neutral,2.6212007999420166,-0.5925797820091248,1.1943539381027222
1403902892839522310,neutral,1.6855744123458862,0.37137293815612793,0.37932199239730835
1403902894089322499,neutral,1.5026863813400269,-0.6649185419082642,1.3695745468139648
1403902894479446028,negative,1.2766809463500977,-0.6316001415252686,1.7445173263549805
1403902894869561344,neutral,1.2435647249221802,-0.035145170986652374,0.9985458850860596
1403902895028850698,negative,0.5666109323501587,-0.8695406913757324,3.228282928466797
1403902895460741125,neutral,1.4025256633758545,-0.3142547607421875,1.1465338468551636
1403902895502901252,negative,0.8575125932693481,0.017951101064682007,2.3271398544311523
1403902895720968194,neutral,1.5026863813400269,-0.6649185419082642,1.3695745468139648
1403902897276940288,negative,1.0506874322891235,-0.2800116240978241,1.7275023460388184
1403902898036215808,negative,1.3589140176773071,-1.1569747924804688,2.7215821743011475
1403902898338160640,negative,1.2876273393630981,-0.7196452617645264,1.4204883575439453
1403902898740862976,negative,0.4816022217273712,-0.8426535129547119,2.563335418701172
1403902898845716481,neutral,1.905335545539856,-0.41594067215919495,0.9914839863777161
1403902899240030209,positive,0.7333213686943054,0.9469020366668701,0.8675040006637573
1403902901269975043,neutral,0.7374748587608337,-0.020764946937561035,-0.02596517838537693
1403902902079393792,negative,1.3783893585205078,0.08099626749753952,1.7644765377044678
1403902903065092104,positive,1.5079127550125122,1.5450831651687622,0.03308336064219475
1403902903841177601,neutral,1.889022707939148,1.0202738046646118,-0.07532103359699249
1403902905405657089,neutral,1.5279252529144287,0.2693105936050415,0.5880840420722961
1403902907204911116,negative,1.070081114768982,-1.2319382429122925,3.5321147441864014
1403902907259383810,neutral,1.5385279655456543,0.856423020362854,0.10642804205417633
1403902907855089664,neutral,1.7724605798721313,0.5083372592926025,0.4496808350086212
1403902908790460420,neutral,2.0699660778045654,1.2022669315338135,0.34830400347709656
1403902909046132743,negative,1.2174845933914185,-1.3102184534072876,3.3451836109161377
1403902911957004289,neutral,1.798553466796875,0.6312723159790039,0.691241979598999
1403902914519777281,neutral,1.6855744123458862,0.37137293815612793,0.37932199239730835
1403902914754646017,negative,0.2268190234899521,0.7413595914840698,1.5756042003631592
1403902916050788355,neutral,2.1617162227630615,-1.0657998323440552,2.0157406330108643
1403902916075790337,negative,0.3190700113773346,-0.4621800482273102,3.0703837871551514
1403902917220962304,neutral,2.506772994995117,1.838340401649475,-0.5167193412780762
1403902917275488256,neutral,2.162623643875122,1.1117147207260132,-0.022334584966301918
1403902917300482055,negative,0.7558010816574097,-1.2409214973449707,3.6315040588378906
1403902917573103619,neutral,1.6855744123458862,0.37137293815612793,0.37932199239730835
1403902917606789129,positive,0.2845466434955597,3.1038782596588135,-0.6803641319274902
1403902918206443522,neutral,2.277200937271118,0.4159631133079529,0.09954638034105301
1403902918776983553,negative,1.2987167835235596,-0.5234191417694092,1.5412323474884033
1403902919070601217,neutral,1.815555214881897,-0.07664639502763748,0.8991535902023315
1403902919666114566,neutral,1.0073494911193848,0.5017377138137817,0.8821002244949341
1403902920261840912,neutral,1.846087098121643,1.305955171585083,-0.27984440326690674
1403902921054507010,neutral,1.7587355375289917,-0.28164297342300415,1.4523043632507324
1403902921180319746,negative,1.0545748472213745,-0.51563960313797,1.2932757139205933
1403902923059380227,neutral,2.63684344291687,0.9534133672714233,-0.05172529071569443
1403902924770713603,negative,1.0545748472213745,-0.51563960313797,1.2932757139205933
1403902925697544192,negative,0.9556072950363159,-0.16158339381217957,1.6370846033096313
1403902925831872521,neutral,1.9346072673797607,0.027541447430849075,1.0491344928741455
1403902926226001920,negative,1.167831301689148,0.0937691330909729,1.3716529607772827
1403902926498807809,negative,1.2279731035232544,-0.6153469085693359,2.329036235809326
1403902926964199424,negative,1.1997941732406616,-0.8993456959724426,2.8312976360321045
1403902927312343043,positive,0.5997785925865173,1.216921091079712,0.9981824159622192
1403902928503586820,positive,0.5642061233520508,1.3324354887008667,0.5767762660980225
1403902928889401346,positive,0.9383045434951782,2.838015556335449,-0.5699394941329956
1403902930340745217,neutral,1.825380802154541,-0.32479026913642883,0.6966791749000549
1403902930839867392,negative,1.325032353401184,-0.5132936239242554,1.9598480463027954
1403902933742198785,negative,0.6870470643043518,-0.5517537593841553,2.6495611667633057
1403902934207721479,neutral,2.055983781814575,-0.3265039324760437,0.3653164207935333
1403902934434254850,negative,1.262342095375061,-1.2370593547821045,2.973182201385498
1403902935017345029,negative,0.24571260809898376,-0.16780707240104675,2.753014326095581
1403902936057528322,negative,1.1685420274734497,-0.3026047348976135,1.2206380367279053
1403902937240260611,negative,1.6757272481918335,-1.1267353296279907,2.5844032764434814
1403902938146344965,negative,1.242304801940918,-0.809794545173645,1.9963856935501099
1403902938301485063,negative,1.4332302808761597,-0.7003608345985413,1.9421573877334595
1403902938930724865,negative,1.1997941732406616,-0.8993456959724426,2.8312976360321045
1403902939316502531,negative,1.2221051454544067,-0.6352683901786804,1.8155165910720825
1403902939731841029,negative,0.6439996361732483,-1.210371971130371,3.6401171684265137
1403902941279375361,neutral,1.7419238090515137,-0.29384538531303406,1.6875842809677124
1403902941384396801,negative,1.2816920280456543,-0.6883428692817688,2.449012279510498
1403902941971554310,negative,1.0144504308700562,-1.3716449737548828,3.96492338180542
1403902943439441921,neutral,1.8167933225631714,0.19270291924476624,0.5287744402885437
1403902943733063680,negative,0.21196353435516357,0.6276099681854248,1.2088143825531006
1403902944550875139,neutral,0.8856640458106995,0.8675032258033752,0.23510043323040009
1403902946291720194,neutral,2.0343668460845947,0.4377197325229645,0.36903849244117737
1403902946534854656,neutral,1.6328099966049194,0.6163750290870667,0.48945796489715576
1403902948590034945,negative,0.511600911617279,0.22064465284347534,1.6505563259124756
1403902948648931331,positive,1.3500773906707764,1.4442013502120972,0.06288380920886993
1403902949882007556,neutral,1.6842420101165771,-0.2950083315372467,0.7169491648674011
1403902950771200000,neutral,2.178636312484741,-0.5951838493347168,0.4340347647666931
1403902952029397000,negative,0.323513001203537,-1.0265612602233887,3.7611918449401855
1403902953363214336,negative,0.6412844061851501,-0.45092299580574036,2.9215848445892334
1403902953790922757,neutral,2.212160348892212,-0.03133857995271683,0.8980836272239685
1403902954747301893,positive,0.93900465965271,1.2368197441101074,0.7982622385025024
1403902955686871048,positive,0.6603933572769165,1.242282748222351,0.37992554903030396
1403902956605304832,positive,2.2271289825439453,3.158660650253296,-1.0253106355667114
1403902956680843269,negative,1.1072893142700195,-0.9341732859611511,2.171243190765381
1403902956894711809,neutral,1.8639187812805176,1.3162040710449219,0.02633507177233696
1403902958153068552,negative,1.4507051706314087,-1.3408865928649902,3.529909133911133
1403902958245457922,negative,1.3720896244049072,0.24118146300315857,1.5855098962783813
1403902959738671104,negative,0.32943451404571533,-1.0662214756011963,3.9114327430725098
1403902961097449472,neutral,1.5905213356018066,-0.40838348865509033,0.5070004463195801
1403902961282023425,negative,0.9526346325874329,-0.6654924750328064,1.9557591676712036
1403902962439798791,negative,1.054754376411438,-1.1058480739593506,2.7673754692077637
1403902963479977984,neutral,3.8425397872924805,1.7328799962997437,-0.7808089256286621
1403902966122287106,negative,0.6746810674667358,-1.092812418937683,2.899345636367798
1403902966189363200,negative,0.9147424697875977,-0.5683083534240723,2.7910194396972656
1403902966776532998,neutral,1.5737448930740356,0.6925919651985168,0.15435683727264404
1403902967342714882,neutral,1.9007070064544678,0.8450228571891785,0.6565788388252258
1403902967586070531,neutral,1.9195462465286255,0.7390387654304504,-0.32823556661605835
1403902967783346177,neutral,2.306981325149536,2.0767593383789062,-0.8281093835830688
1403902968643035139,negative,1.1353546380996704,-0.2905583083629608,1.2604365348815918
1403902968731078657,positive,0.30443039536476135,2.5253984928131104,-0.08291482925415039
1403902969603624967,neutral,1.8309524059295654,0.9581217169761658,0.289277583360672
1403902970090098693,neutral,1.7685819864273071,0.23648753762245178,1.205622673034668
1403902970278727688,neutral,1.5905213356018066,-0.40838348865509033,0.5070004463195801
1403902970811404295,negative,0.6439996957778931,-1.2103720903396606,3.6401171684265137
1403902970991947777,neutral,2.4770376682281494,0.27998027205467224,0.42077621817588806
1403902972350722056,negative,0.7895867228507996,-0.9579692482948303,3.4605729579925537
1403902973667729447,positive,1.1023939847946167,1.1065711975097656,0.8167698979377747
1403902973739032578,positive,1.2750067710876465,1.785876989364624,0.1768328994512558
1403902973743353857,negative,0.5139455199241638,-1.1480565071105957,3.6374528408050537
1403902974808756224,negative,1.0545748472213745,-0.51563960313797,1.2932757139205933
1403902975320416259,negative,1.145314335823059,0.27793556451797485,1.6663321256637573
1403902975630884865,negative,0.7165465950965881,0.10520312190055847,1.3850467205047607
1403902978252226560,neutral,1.9013551473617554,-0.7623874545097351,1.2383710145950317
1403902978713702406,negative,1.3262665271759033,-0.9864781498908997,2.7082936763763428
1403902979028123649,negative,1.7236288785934448,-0.920255720615387,2.1071126461029053
1403902979783200768,negative,0.5049619674682617,0.9324026703834534,1.3395771980285645
1403902979896455173,neutral,1.0920075178146362,-0.21213850378990173,0.7722508907318115
1403902981423108096,negative,1.2857041358947754,-0.4220084249973297,1.7854996919631958
1403902981842604042,neutral,1.8849818706512451,-0.7652226686477661,1.8700544834136963
1403902982404542466,neutral,2.418250799179077,0.1280047446489334,-0.13936743140220642
1403902982907842564,negative,1.0548555850982666,-1.3302161693572998,4.144258499145508
1403902983096750082,negative,1.5338847637176514,-0.3545142710208893,1.7836933135986328
1403902983109177349,neutral,1.8843356370925903,1.8005821704864502,-0.8493801355361938
1403902983478390787,negative,1.4332302808761597,-0.700360894203186,1.9421576261520386
1403902983545536517,positive,1.3273121118545532,1.6942805051803589,0.07305099815130234
1403902984208191493,positive,0.6384458541870117,1.5416315793991089,1.0442843437194824
1403902984367394818,negative,1.0970630645751953,-0.7315822839736938,2.3009471893310547
1403902985701412865,neutral,3.8425397872924805,1.7328799962997437,-0.7808089256286621
1403902986317819905,neutral,1.6860288381576538,1.0180555582046509,0.30614033341407776
1403902986775040002,negative,1.3246395587921143,-0.031389325857162476,1.41816246509552
1403902987462975488,neutral,2.458811044692993,1.5203907489776611,-0.5165597796440125
1403902989744566272,positive,2.2432477474212646,2.2634470462799072,-0.4768962860107422
1403902990268780544,neutral,1.5304100513458252,0.4171426296234131,0.8090763092041016
1403902990444990469,neutral,2.048983573913574,0.35919010639190674,0.6225658655166626
1403902991992827911,neutral,1.2885048389434814,0.4984723925590515,0.12033110857009888
1403902992860934144,neutral,2.351318359375,0.037339948117733,0.5338683128356934
1403902993087430659,neutral,2.3791911602020264,0.4576198160648346,0.19462363421916962
1403902993754320897,negative,0.8536808490753174,-0.25323307514190674,2.015061140060425
1403902994198978560,neutral,3.8425397872924805,1.7328799962997437,-0.7808089256286621
1403902996430442501,neutral,1.2421480417251587,0.9006633162498474,0.9014054536819458
1403902996778565634,neutral,1.3372353315353394,0.2830360233783722,0.9067858457565308
1403902996782661635,negative,0.939085841178894,-1.0183780193328857,3.00797700881958
1403902998582116354,neutral,3.8425397872924805,1.7328799962997437,-0.7808089256286621
1403903000616177664,negative,1.7003291845321655,-0.9800763726234436,2.1134583950042725
1403903002218438657,negative,1.3134132623672485,-0.5762357115745544,1.6616076231002808
1403903003489312768,negative,1.211698055267334,-0.7955848574638367,1.8592602014541626
1403903004198146050,neutral,0.9838547706604004,0.8190978169441223,-0.4714752435684204
1403903004919664644,neutral,1.3903826475143433,0.1078471839427948,1.365680456161499
1403903005963943936,neutral,1.323624610900879,0.5616275072097778,0.9252411723136902
1403903006031060994,negative,1.3134132623672485,-0.5762357115745544,1.6616076231002808
1403903006584700931,neutral,2.1832115650177,1.34367036819458,-0.046759165823459625
1403903006941265924,neutral,2.1655192375183105,0.5272119641304016,-0.07081447541713715
1403903007461232642,negative,1.3783894777297974,0.08099628984928131,1.7644766569137573
1403903007964778504,negative,1.325032353401184,-0.5132936239242554,1.9598480463027954
1403903008476434436,negative,0.864315390586853,-0.7631245851516724,2.408846855163574
1403903009084653570,positive,0.40171167254447937,3.0284042358398438,-0.21078449487686157
1403903009705234436,neutral,1.4848467111587524,0.580193281173706,1.1600457429885864
1403903009713709061,positive,3.381793260574341,3.411822557449341,-1.6008923053741455
1403903010569289738,positive,2.2432477474212646,2.2634470462799072,-0.4768962860107422
1403903010862895106,negative,0.7763563394546509,-1.064792275428772,3.1541831493377686
1403903011282247684,neutral,3.3731298446655273,3.2971441745758057,-1.5068323612213135
1403903011521323010,neutral,2.4644083976745605,0.31970155239105225,0.22768081724643707
1403903011777249280,neutral,1.5395386219024658,0.06704087555408478,0.6793240904808044
1403903012083363840,negative,0.6519095301628113,0.06890308856964111,2.1159374713897705
1403903012855181316,neutral,2.053706645965576,-0.1684020757675171,1.0139516592025757
1403903013555605508,negative,0.8323348164558411,0.08698146790266037,1.2959829568862915
1403903013996072963,negative,1.0545748472213745,-0.51563960313797,1.2932757139205933
1403903014566510592,neutral,1.9200304746627808,0.0010942518711090088,1.3634589910507202
1403903015212437505,negative,0.3043217957019806,-0.19538012146949768,1.8449784517288208
1403903015233331204,neutral,2.4108099937438965,1.7346863746643066,0.009443778544664383
1403903016281968642,neutral,1.7323914766311646,0.16152407228946686,0.7397105097770691
1403903016986562560,negative,0.9864599704742432,-0.5773411989212036,1.4517545700073242
1403903017401798658,neutral,3.8425397872924805,1.7328799962997437,-0.7808089256286621
1403903017418641412,neutral,2.212160348892212,-0.031338587403297424,0.8980835676193237
1403903017594671111,neutral,1.5287753343582153,-0.09967266768217087,0.8762543797492981
1403903018265976837,negative,1.8467316627502441,-1.0882306098937988,1.9658821821212769
1403903019670904834,positive,2.534949541091919,3.1073131561279297,-0.9900609254837036
1403903020258238472,positive,0.665419340133667,0.7275207042694092,-0.020742123946547508
1403903020887334919,neutral,1.4592134952545166,0.593353271484375,0.513079047203064
1403903020962877444,negative,0.6468613743782043,0.4959619641304016,0.8452200889587402
1403903021231263745,negative,1.213087558746338,-0.1163826659321785,1.5395172834396362
1403903023793901578,negative,1.3781838417053223,-0.8738866448402405,1.850946307182312
1403903024020353024,negative,1.167831301689148,0.0937691330909729,1.3716529607772827
1403903024456769538,neutral,1.708825945854187,-0.07191770523786545,0.9999234080314636
1403903024653901827,positive,0.7016169428825378,1.5610241889953613,-0.12702424824237823
1403903025496748034,neutral,2.715970039367676,1.269403100013733,0.14337319135665894
1403903026495168514,neutral,2.3576698303222656,0.49515148997306824,0.09975405782461166
1403903027581444096,neutral,3.8425397872924805,1.7328799962997437,-0.7808089256286621
1403903027879239681,neutral,1.8278602361679077,0.6041128039360046,0.5144919157028198
1403903028441370624,negative,0.8509268164634705,-0.4130650460720062,1.9765759706497192
1403903029305393158,negative,0.21993215382099152,-0.6361927390098572,2.603140115737915
1403903030387363843,negative,0.8126306533813477,-0.869655966758728,3.226290702819824
1403903030437855234,neutral,2.323808193206787,1.1382741928100586,0.6458058953285217
1403903031054327815,negative,1.3397217988967896,-0.5959744453430176,1.6638344526290894
1403903031234678785,neutral,3.8425397872924805,1.7328799962997437,-0.7808089256286621
1403903031708577792,negative,1.1640875339508057,-0.31705033779144287,1.67698073387146
1403903031758839810,negative,1.4947986602783203,-0.5700905919075012,1.5730352401733398
1403903032283303943,neutral,3.8425397872924805,1.7328799962997437,-0.7808089256286621
1403903032803397632,negative,0.9784209132194519,0.30974340438842773,1.3573976755142212
1403903033415639041,negative,1.333801507949829,-0.5716143250465393,1.8790364265441895
1403903033453416448,neutral,1.4025256633758545,-0.3142547607421875,1.1465338468551636
1403903033709404167,neutral,1.9736019372940063,1.178945541381836,-0.05126006901264191
1403903033734426628,neutral,1.4836747646331787,0.35911887884140015,1.0816762447357178
1403903035760201735,negative,0.9630367755889893,-0.49980446696281433,2.1679837703704834
1403903036800524293,negative,1.8467316627502441,-1.0882306098937988,1.9658821821212769
1403903037135937536,neutral,1.6311779022216797,-0.15909993648529053,1.3254362344741821
1403903038788489217,neutral,1.6933165788650513,-0.03814297169446945,1.115788459777832
1403903039694594054,neutral,1.5035425424575806,0.7824463844299316,0.30831587314605713
1403903042051657731,neutral,2.797194242477417,0.05220124125480652,0.234378382563591
1403903042274140168,negative,1.1353546380996704,-0.2905583083629608,1.2604365348815918
1403903042513166338,neutral,3.8425397872924805,1.7328799962997437,-0.7808089256286621
1403903042882138121,positive,1.4529614448547363,1.9900749921798706,-0.23826374113559723
1403903043075248134,negative,0.4423528015613556,0.7434613108634949,2.253321886062622
1403903044597665793,positive,1.7462823390960693,1.8249919414520264,-0.08776446431875229
1403903044987858946,negative,1.1869194507598877,-0.6053316593170166,2.054100275039673
1403903045512146949,neutral,1.7424707412719727,-0.48000195622444153,1.2558344602584839
1403903046636081153,neutral,3.530146598815918,1.6300078630447388,-1.0650410652160645
1403903048053780483,negative,1.081911325454712,-0.38732102513313293,1.380957841873169
1403903049521893378,neutral,3.015099287033081,1.2973811626434326,-0.6166729927062988
1403903049559592962,negative,0.41600754857063293,-0.7075458765029907,3.1909875869750977
1403903050394308611,negative,0.5187176465988159,-0.17579180002212524,1.6901345252990723
1403903050746535938,negative,1.3783893585205078,0.08099626749753952,1.7644765377044678
1403903050864005126,negative,0.5348553657531738,-0.8909215927124023,2.731860399246216
1403903051124068356,negative,1.2562402486801147,-0.05404726415872574,1.3544343709945679
1403903052344709121,neutral,1.8013135194778442,1.3315393924713135,0.19535258412361145
1403903053481185290,negative,0.3902345597743988,0.09124405682086945,2.9282329082489014
1403903053523161090,neutral,2.2982757091522217,1.6126102209091187,-0.029681628569960594
1403903055070781440,negative,1.9129955768585205,-0.3594072759151459,1.9464447498321533
1403903056475918342,negative,0.7310786843299866,-0.3549675941467285,2.4026262760162354
1403903058199908357,neutral,1.606770396232605,0.2745351195335388,1.5617111921310425
1403903059592310788,neutral,2.631380319595337,1.0952006578445435,0.0891549214720726
1403903059630120963,positive,1.0817601680755615,1.6832555532455444,0.6826999187469482
1403903059948830722,positive,0.8097521662712097,1.2995210886001587,0.10947392135858536
1403903061379141638,neutral,1.499613642692566,-0.18093159794807434,1.2136465311050415
1403903062482194432,neutral,1.8808543682098389,0.21302950382232666,0.42920616269111633
1403903063430160390,negative,0.3882637917995453,0.4289706349372864,1.9072381258010864
1403903064168275970,positive,2.2432477474212646,2.2634470462799072,-0.4768962860107422
1403903065510531072,positive,0.7333307862281799,2.2588939666748047,0.17994435131549835
1403903065711841281,neutral,2.0839991569519043,-0.025393590331077576,0.9606857895851135
1403903065749590019,negative,0.416589617729187,0.22947987914085388,1.7358537912368774
1403903066022158341,neutral,3.5516738891601562,1.701810359954834,-1.1863006353378296
1403903066613567488,neutral,1.5201749801635742,-0.7194910645484924,1.423862338066101
1403903066739408900,neutral,1.0039525032043457,-0.2894672155380249,0.9614220261573792
1403903066944901120,neutral,2.178636312484741,-0.5951838493347168,0.4340347647666931
1403903068672978946,neutral,3.530146598815918,1.6300078630447388,-1.0650410652160645
1403903069167898624,neutral,1.4685286283493042,1.3584407567977905,-0.6150806546211243
1403903069612564480,neutral,0.6305602788925171,0.6164481043815613,0.16563189029693604
1403903069772029957,negative,1.393977165222168,-1.0801746845245361,2.6392440795898438
1403903070552088576,neutral,2.0582621097564697,-0.49211981892585754,1.1981902122497559
1403903070703128577,positive,1.9082387685775757,2.484823703765869,-0.14299944043159485
1403903071042904064,negative,0.4564964175224304,-0.8170602321624756,3.7533464431762695
1403903071143477253,neutral,2.639141082763672,2.129885673522949,-0.3882596492767334
1403903071869014016,neutral,2.0455808639526367,0.7935727834701538,-0.5141302943229675
1403903072242262028,neutral,1.2421480417251587,0.9006633162498474,0.9014054536819458
1403903072330469382,neutral,1.2145339250564575,-0.4484267234802246,0.5140727758407593
1403903072682745859,neutral,1.1289260387420654,0.6475757360458374,0.43163806200027466
1403903073001435137,neutral,2.821725368499756,0.02573484182357788,0.5355105400085449
1403903073462882304,positive,1.3861860036849976,1.6857868432998657,0.38764360547065735
1403903073718726656,positive,2.9868197441101074,4.096158027648926,-1.4678246974945068
1403903075136327680,neutral,2.503140926361084,0.012342020869255066,0.18521645665168762
1403903075669118976,negative,0.8436784148216248,0.38307270407676697,1.4896601438522339
1403903075929055232,neutral,1.3128910064697266,-0.1485593318939209,0.6533975601196289
1403903076386344961,negative,1.635988712310791,-0.5093561410903931,2.0317938327789307
1403903077573345280,neutral,1.4214915037155151,0.3286350965499878,0.8487669825553894
1403903077996929024,neutral,1.9473470449447632,0.7833623886108398,0.10200802236795425
1403903080064815105,negative,1.1522340774536133,-0.8011081218719482,3.062202215194702
1403903080287010816,negative,1.1085838079452515,-0.4785763919353485,1.881900668144226
1403903080865861633,negative,0.5666109323501587,-0.8695406913757324,3.228283166885376
1403903081927135233,negative,1.1353546380996704,-0.2905583083629608,1.2604365348815918
1403903082841493513,neutral,3.8425397872924805,1.7328799962997437,-0.7808089256286621
1403903083168468999,neutral,1.6855745315551758,0.37137284874916077,0.37932202219963074
1403903084384956417,neutral,1.6222120523452759,-0.309870183467865,1.24652898311615
1403903085097979912,neutral,1.5359771251678467,-0.4362111985683441,1.4191561937332153
1403903085450199042,neutral,2.5457310676574707,1.3318946361541748,-0.5181329250335693
1403903086096097281,negative,0.9136499166488647,-0.5521087050437927,1.9195867776870728
1403903086171758592,neutral,1.870914101600647,0.7854758501052856,0.3054758906364441
1403903086444220418,neutral,1.9869624376296997,-0.7684707045555115,1.1093237400054932
1403903086461026308,neutral,2.0192739963531494,0.3379485011100769,0.4233989715576172
1403903086616317954,negative,1.2952159643173218,-1.2927974462509155,3.063760757446289
1403903086691860483,negative,1.166877031326294,0.22547316551208496,1.540041208267212
1403903087308283907,negative,0.9136499166488647,-0.5521087050437927,1.9195867776870728
1403903087425687554,neutral,2.354658842086792,0.30886176228523254,0.0573120079934597
1403903088033820672,negative,0.6320533752441406,-0.1900782287120819,1.601130485534668
1403903088369471497,negative,1.2663171291351318,-1.331710696220398,3.333245038986206
1403903089300541444,negative,0.9136499166488647,-0.5521087050437927,1.9195867776870728
1403903089946492929,negative,1.0238581895828247,-0.6816104650497437,2.6686835289001465
1403903090386952196,positive,0.5285707712173462,1.4492356777191162,0.43474525213241577
1403903090483466250,positive,2.6182446479797363,2.7388908863067627,-1.0393747091293335
1403903091037048836,neutral,1.6855745315551758,0.37137293815612793,0.3793219327926636
1403903093935325189,positive,0.7615684270858765,1.5889637470245361,0.5813148021697998
1403903094312873986,neutral,1.5210434198379517,-0.578200101852417,0.7692816853523254
1403903094577156097,neutral,1.7114239931106567,0.2853153944015503,1.5801479816436768
1403903096766541830,negative,0.8126307129859924,-0.8696559071540833,3.226290702819824
1403903097072603141,positive,1.9468586444854736,2.0829386711120605,-0.14348120987415314
1403903099425591296,negative,1.5651791095733643,-1.0055583715438843,2.133795738220215
1403903100289654792,neutral,2.0455808639526367,0.7935727834701538,-0.5141302943229675
1403903101942198273,neutral,2.1316871643066406,0.7672009468078613,0.4154568314552307
1403903102072197125,positive,2.118035316467285,3.1515448093414307,-0.994699239730835
1403903102084866054,negative,1.260494589805603,-0.7032520174980164,1.9170712232589722
1403903104387477504,neutral,3.530146598815918,1.6300078630447388,-1.0650410652160645
1403903105213759490,positive,0.7593278884887695,3.8627099990844727,-0.783556342124939
1403903106149011456,negative,1.062785029411316,-0.004294171929359436,1.7522209882736206
1403903107369603072,positive,1.799166202545166,2.488847494125366,-0.37736284732818604
1403903107373756416,neutral,1.2762913703918457,0.582589328289032,0.5597715973854065
1403903109857005582,positive,0.3408565819263458,0.868412971496582,0.10852096229791641
1403903110091837441,neutral,1.5378955602645874,0.3919612467288971,1.4780880212783813
1403903110699913223,neutral,1.6273829936981201,1.6023317575454712,-0.5090194344520569
1403903111006068738,negative,0.5887585878372192,-0.24773669242858887,1.71652090549469
1403903111484280832,negative,0.5049619674682617,0.9324029684066772,1.3395769596099854
1403903111853490182,positive,0.9383045434951782,2.838015556335449,-0.5699394941329956
1403903113308737538,neutral,1.5330100059509277,0.7889267206192017,0.7704903483390808
1403903113879113738,negative,1.153477430343628,0.2140144407749176,1.6137868165969849
1403903114218938370,positive,1.213778018951416,1.5583857297897339,-0.11843547970056534
1403903114541862914,neutral,1.4756815433502197,0.7435581088066101,0.551878809928894
1403903116517445640,negative,1.264915108680725,-0.3722284138202667,1.404257893562317
1403903116651548673,positive,0.8955705761909485,0.91777503490448,0.7140907049179077
1403903116790026243,neutral,1.6855746507644653,0.37137290835380554,0.37932196259498596
1403903117045927941,positive,1.3332324028015137,1.4065499305725098,0.31049174070358276
1403903117285113856,positive,0.2276710420846939,1.2178022861480713,0.8670933246612549
1403903119101095937,neutral,1.385203242301941,1.0077687501907349,1.2079789638519287
1403903120728596481,neutral,1.870914101600647,0.7854758501052856,0.3054758906364441
1403903120942403595,negative,1.126155138015747,-0.6449976563453674,1.9454052448272705
1403903121080868864,negative,0.890595018863678,0.24992388486862183,1.634535312652588
1403903121294729219,negative,1.5223995447158813,-1.2386794090270996,2.8445589542388916
1403903121978318851,neutral,1.8106340169906616,0.41629913449287415,0.6457952857017517
1403903125426262018,neutral,0.8605071902275085,0.7695606350898743,-0.25574707984924316
1403903125640069121,neutral,0.7832435965538025,-0.23753318190574646,0.517744243144989
1403903125807767555,negative,0.8577059507369995,0.07874028384685516,1.6673728227615356
1403903126164307968,negative,1.6757272481918335,-1.1267353296279907,2.5844032764434814
1403903126319501316,negative,1.6007444858551025,-1.2062618732452393,3.0223493576049805
1403903127351447553,negative,1.1650912761688232,0.39897286891937256,1.1699278354644775
1403903129041588231,neutral,1.1289260387420654,0.6475757360458374,0.43163806200027466
1403903130476204036,neutral,1.2400773763656616,0.8503364324569702,0.11373039335012436
1403903132711763972,negative,1.1453747749328613,0.3837158679962158,1.3632245063781738
1403903134011998212,negative,0.48451387882232666,-0.26727110147476196,2.067427396774292
1403903134401908737,neutral,1.7185580730438232,0.589410126209259,0.277717262506485
1403903135630778368,negative,1.1505526304244995,-0.7730532884597778,2.1760318279266357
1403903135790243842,positive,2.23696231842041,2.4202442169189453,-0.5169867873191833
1403903136041930756,neutral,1.787578821182251,0.13022059202194214,1.0882309675216675
1403903137727930372,negative,0.0918053686618805,0.05055949464440346,1.285526156425476
1403903137803558915,neutral,1.738723635673523,0.2311793565750122,1.4797405004501343
1403903137895813120,negative,1.5737717151641846,-0.5357782244682312,1.869209885597229
1403903138780811271,neutral,1.6855744123458862,0.37137293815612793,0.37932199239730835
1403903139024195584,neutral,1.1659342050552368,1.1239713430404663,-0.3243772089481354
1403903139632144386,positive,1.342553734779358,3.0069727897644043,-0.6373295187950134
1403903139917578245,neutral,1.6139559745788574,-0.425307959318161,0.6933453679084778
1403903141259530247,negative,1.3192126750946045,-0.9310675263404846,2.0431854724884033
1403903141838348288,negative,0.3935546576976776,-0.8609526753425598,2.8450517654418945
1403903142090231811,negative,1.4223644733428955,-1.2354246377944946,2.842092990875244
1403903142178271232,negative,0.8939183354377747,-0.3424857258796692,1.8423360586166382
1403903142820028416,negative,1.0650161504745483,-1.4379022121429443,3.9521284103393555
1403903143797137415,negative,1.030448317527771,-0.8581322431564331,2.982595682144165
1403903145734905856,negative,1.0545748472213745,-0.51563960313797,1.2932757139205933
1403903146640936961,neutral,2.506772994995117,1.838340401649475,-0.5167193412780762
1403903147811258368,neutral,1.947094202041626,1.5201044082641602,-0.7020072340965271
1403903148037574659,negative,0.7164004445075989,0.5239595770835876,0.9616546034812927
1403903148486369282,neutral,2.012019634246826,-0.13960903882980347,0.7918415069580078
1403903149379768327,neutral,1.9851579666137695,0.5046653151512146,0.20281915366649628
1403903149392515078,neutral,1.4036279916763306,0.236162006855011,1.2074458599090576
1403903149442801664,neutral,2.1617162227630615,-1.0657998323440552,2.0157406330108643
1403903150466093056,positive,2.2432477474212646,2.2634470462799072,-0.4768962860107422
1403903151078510599,neutral,2.306673765182495,-0.3815866708755493,0.8096887469291687
1403903152835809280,neutral,2.274097204208374,0.2795334756374359,0.2666807770729065
1403903153016393728,negative,1.0545748472213745,-0.51563960313797,1.2932757139205933
1403903154169782275,neutral,1.775754690170288,0.4147304594516754,0.7451025247573853
1403903156652810240,neutral,1.9868810176849365,-0.6137555837631226,0.8835256099700928
1403903156996567041,negative,1.0370240211486816,-1.1632617712020874,3.313951015472412
1403903158418505733,positive,1.8825525045394897,2.465470790863037,-0.5741763710975647
1403903158636535810,neutral,2.3184032440185547,1.2683504819869995,-0.5455666184425354
1403903160129712132,negative,1.0172924995422363,0.8058074116706848,1.1356148719787598
1403903163338399748,positive,1.3658756017684937,3.7740607261657715,-0.162919282913208
1403903164743667714,neutral,2.003999710083008,0.3973018229007721,0.7307682037353516
1403903167096446981,neutral,1.5890225172042847,0.7448827624320984,0.40589264035224915
1403903168547725312,neutral,2.6062395572662354,1.023025631904602,0.025838805362582207
1403903168816193537,negative,1.670521855354309,-0.30803537368774414,1.7488200664520264
1403903168853864451,negative,1.213087558746338,-0.1163826659321785,1.5395172834396362
1403903169218945028,positive,0.7695571184158325,1.3449349403381348,0.32024046778678894
1403903171945140224,neutral,1.5820757150650024,1.0577198266983032,0.5734933614730835
1403903172029079554,negative,1.369742751121521,-0.8358128070831299,2.044890880584717
1403903173073334274,positive,0.6247590780258179,4.145979881286621,-0.7410823702812195
1403903173174116353,negative,0.9091399312019348,-0.25595688819885254,1.8337440490722656
1403903173354532869,neutral,1.4737322330474854,-0.3479924499988556,1.1945854425430298
1403903174327431169,neutral,2.3019447326660156,1.2465561628341675,-0.18427737057209015
1403903175422316546,negative,1.7470238208770752,-0.6501030921936035,1.7565587759017944
1403903176508592132,negative,1.1353546380996704,-0.2905583083629608,1.2604365348815918
1403903177695535104,neutral,1.8946853876113892,0.5817025303840637,0.6237463355064392
1403903178534363137,neutral,1.640574336051941,-0.21724936366081238,1.5368857383728027
1403903182137401344,negative,1.1997941732406616,-0.8993456959724426,2.8312976360321045
1403903182296817666,negative,1.0421034097671509,-0.48706361651420593,1.6270825862884521
1403903182925873157,positive,1.9341316223144531,2.745145559310913,-0.47172272205352783
1403903183743643648,negative,1.0172923803329468,0.80580735206604,1.1356147527694702
1403903184318386179,negative,1.2107303142547607,0.475655198097229,1.2244789600372314
1403903184582676485,negative,1.4778536558151245,-0.8342932462692261,2.2221248149871826
1403903185463480322,negative,1.184586763381958,-0.35492613911628723,1.4693899154663086
1403903185576599552,neutral,0.7837391495704651,0.3215515911579132,0.7076785564422607
1403903186667192322,neutral,1.7424707412719727,-0.48000195622444153,1.2558344602584839
1403903187392905218,negative,0.9540128111839294,-0.4439754784107208,1.2155365943908691
1403903189892567044,neutral,1.9851579666137695,0.5046653151512146,0.20281915366649628
1403903191285174272,negative,1.2766809463500977,-0.6316001415252686,1.7445173263549805
1403903191406854149,negative,1.0287814140319824,-0.3138127326965332,2.109252691268921
1403903191725449217,negative,1.4730395078659058,-0.9330838918685913,2.314182996749878
1403903192740466692,neutral,1.948103427886963,0.810504138469696,0.5819690227508545
1403903192866373638,neutral,2.833695888519287,1.8016029596328735,-1.029746651649475
1403903193814388736,neutral,2.5981504917144775,0.9204161763191223,-0.4138810336589813
1403903195064188928,neutral,2.8999269008636475,2.7131004333496094,-0.632011353969574
1403903195416457219,negative,1.336681604385376,-0.15887653827667236,1.4055930376052856
1403903195466846209,neutral,1.7424707412719727,-0.48000195622444153,1.2558344602584839
1403903196200902659,positive,0.1275463104248047,1.5178968906402588,0.6841452121734619
1403903196691677186,negative,0.6439996361732483,-1.210371971130371,3.6401171684265137
1403903196859310084,negative,1.6949717998504639,-0.8482234477996826,2.4397830963134766
1403903197002018820,negative,1.1589903831481934,-1.0031462907791138,2.5382940769195557
1403903197723316231,neutral,2.844010829925537,0.6770299077033997,0.4444219172000885
1403903198088237058,positive,0.35617250204086304,2.4927542209625244,0.41848182678222656
1403903198146928642,negative,0.7596800327301025,-0.119899220764637,1.4403371810913086
1403903198470053890,neutral,1.6855744123458862,0.37137293815612793,0.37932199239730835
1403903199078088706,negative,0.9404377937316895,0.5017886161804199,1.3121227025985718
1403903200994873346,neutral,1.2079204320907593,0.627472460269928,0.6209598183631897
1403903201129254913,negative,0.5348553657531738,-0.8909215927124023,2.731860399246216
1403903203444346883,neutral,1.657442569732666,0.4727362096309662,0.0781305655837059
1403903204291760129,negative,1.2100410461425781,-1.0078692436218262,2.8552980422973633
1403903205499674627,negative,0.656048595905304,0.1667737513780594,1.88173508644104
1403903205684039680,neutral,2.1832115650177,1.34367036819458,-0.046759165823459625
1403903206162268164,neutral,2.098820209503174,0.4957258105278015,0.32549455761909485
1403903206632136710,negative,1.075622797012329,-0.58335280418396,1.5381051301956177
1403903206766256139,neutral,2.1773135662078857,1.4941136837005615,0.3879932463169098
1403903207307419651,negative,1.2766809463500977,-0.6316001415252686,1.7445173263549805
1403903209438130177,positive,0.25865453481674194,3.443725824356079,-0.4748598039150238
1403903209941323780,neutral,1.7424707412719727,-0.48000195622444153,1.2558344602584839
1403903210016890882,neutral,1.7912765741348267,-0.3861514925956726,1.331257939338684
1403903210469740549,neutral,2.6163887977600098,1.7948631048202515,-0.342382550239563
1403903212265132038,positive,0.83144211769104,1.0910550355911255,0.7013015747070312
1403903214370672645,positive,0.34087279438972473,2.822422742843628,0.0003502126783132553
1403903215591067657,negative,0.8808770775794983,0.00931171327829361,1.8075329065322876
1403903216366981120,neutral,2.2325077056884766,0.34351956844329834,0.44204771518707275
1403903216576651264,negative,1.129659652709961,0.11079905927181244,1.3225390911102295
1403903216715194368,negative,0.42195063829421997,-1.2653868198394775,4.301445007324219
1403903217705140225,neutral,1.7912765741348267,-0.3861514925956726,1.331257939338684
1403903218413817864,negative,1.4106166362762451,-0.36262205243110657,1.4732584953308105
1403903221836435458,neutral,1.6855745315551758,0.37137290835380554,0.37932199239730835
1403903221962133508,neutral,1.2885048389434814,0.4984723925590515,0.12033110857009888
1403903224357261314,negative,1.1331368684768677,-0.9184395670890808,2.416860580444336
1403903224784904196,negative,0.7838588953018188,-0.8143433928489685,2.5138862133026123
1403903224843702273,negative,1.3192126750946045,-0.9310675263404846,2.0431854724884033
1403903225921630210,negative,0.9286651611328125,-0.6475120782852173,2.842339515686035
1403903226437636102,neutral,1.2012717723846436,1.1433669328689575,0.1165955513715744
1403903227846815744,neutral,1.5656912326812744,0.380733460187912,0.9083560705184937
1403903228052340738,neutral,3.504526376724243,1.4464166164398193,-0.8022863268852234
1403903228635320321,negative,0.6646089553833008,-0.13212129473686218,0.6895856857299805
1403903229876965377,negative,1.325032353401184,-0.5132936239242554,1.9598480463027954
1403903229893615621,negative,0.8996098041534424,-0.8819257616996765,2.7370095252990723
1403903230954774534,neutral,0.9177436828613281,0.7605674862861633,0.25541818141937256
1403903231193870338,neutral,1.6855744123458862,0.37137293815612793,0.37932199239730835
1403903231487582210,neutral,1.6855744123458862,0.37137293815612793,0.37932199239730835
1403903231529426946,negative,1.2766809463500977,-0.6316001415252686,1.7445173263549805
1403903232892575747,negative,0.37152835726737976,-1.3165061473846436,4.22036600112915
1403903234108968960,positive,1.3029162883758545,1.3456376791000366,0.3980970084667206
1403903234389983235,negative,0.2751801013946533,-0.23737499117851257,2.767789125442505
1403903237313290242,negative,1.0172924995422363,0.8058074116706848,1.1356148719787598
1403903238001152008,neutral,1.6855744123458862,0.37137293815612793,0.37932199239730835
1403903238227722243,negative,1.2352169752120972,-0.3535497784614563,1.4710962772369385
1403903238483550209,neutral,1.641506314277649,0.01635798066854477,1.4735534191131592
1403903238563315719,neutral,2.093918561935425,-0.219332754611969,0.8659808039665222
1403903238936596482,neutral,1.6855742931365967,0.37137293815612793,0.37932196259498596
1403903239641206795,negative,1.5462321043014526,-0.9039552807807922,1.9369906187057495
1403903241050595331,neutral,1.7005094289779663,-0.04707945138216019,0.8054172396659851
1403903241772056579,neutral,3.2338168621063232,2.02382230758667,-1.1426576375961304
1403903242380222471,neutral,1.5878653526306152,0.07425668835639954,0.9829164147377014
1403903243873361922,neutral,1.345724105834961,0.35925373435020447,0.9976727962493896
1403903244271853568,neutral,1.6855744123458862,0.37137293815612793,0.37932199239730835
1403903245131694086,negative,1.3094704151153564,-0.7722666263580322,1.9125237464904785
1403903245433593856,positive,2.0185439586639404,3.9363434314727783,-1.0941097736358643
1403903245513285636,neutral,1.6855744123458862,0.37137293815612793,0.37932199239730835
1403903245635002371,neutral,1.974135398864746,1.115059494972229,-0.09230942279100418
1403903245752406016,negative,0.6439996361732483,-1.2103720903396606,3.6401171684265137
1403903246184312836,positive,1.8936131000518799,3.031704902648926,-0.8826236128807068
1403903247417479168,neutral,1.782340168952942,-0.4557192027568817,0.44886934757232666
1403903248621260803,negative,0.7799858450889587,-0.9852232336997986,2.7463600635528564
1403903249732702210,neutral,1.4334601163864136,-0.32370927929878235,1.3575880527496338
1403903251402002436,negative,0.3105302155017853,0.668308436870575,0.9213796854019165
1403903251678904324,positive,0.9640597105026245,1.061018705368042,0.636350154876709
1403903251838386176,neutral,1.3263399600982666,0.7656251788139343,0.30293625593185425
1403903253994033153,neutral,2.3473620414733887,0.27617546916007996,0.3462643623352051
1403903254572855299,neutral,1.5559616088867188,0.024244055151939392,1.139086365699768
1403903254740692992,negative,1.1135666370391846,-0.3073999881744385,1.9551353454589844
1403903256791764992,neutral,2.271726369857788,-0.2878533601760864,0.8751703500747681
1403903256905097218,negative,0.8732219338417053,-0.7969936728477478,2.847391366958618
1403903258108833793,negative,1.2184216976165771,0.2711929380893707,1.2483723163604736
1403903258981113860,neutral,2.0294382572174072,0.2890091836452484,0.7321728467941284
1403903259249627140,neutral,2.1617162227630615,-1.0657998323440552,2.0157406330108643
1403903259685769217,neutral,1.5056109428405762,1.0192759037017822,0.3241347670555115
1403903260906299394,negative,0.9929909706115723,-0.7368529438972473,1.9260650873184204
1403903261363507204,neutral,1.5297402143478394,-0.6145022511482239,1.2752525806427002
1403903262256820224,neutral,3.530146598815918,1.6300078630447388,-1.0650410652160645
1403903264542785542,negative,1.6300997734069824,-1.1651185750961304,2.5472285747528076
1403903265478037511,negative,1.0172924995422363,0.8058074116706848,1.1356148719787598
1403903266056986638,neutral,2.7129054069519043,-0.11019644886255264,0.5125921964645386
1403903266086395905,neutral,2.1617162227630615,-1.0657998323440552,2.0157406330108643
1403903266631696389,neutral,2.001776695251465,0.38356634974479675,0.15751580893993378
1403903266975481859,negative,0.9021880626678467,0.11231997609138489,1.7431126832962036
1403903267042578432,negative,0.5177112221717834,0.5453668236732483,1.7258429527282715
1403903268510654466,neutral,2.2707319259643555,0.5000932216644287,0.6621763706207275
1403903268833488897,negative,1.037213921546936,-1.3886213302612305,4.0632219314575195
1403903269710315520,neutral,1.5289995670318604,0.4505651891231537,0.8436332941055298
1403903269974519811,neutral,1.67755126953125,0.24188724160194397,1.0890098810195923
1403903271157305347,negative,0.9783955216407776,-0.636168360710144,2.5104150772094727
1403903272532910088,positive,1.2309991121292114,1.548962950706482,0.04541405290365219
1403903273006821379,neutral,2.5156655311584473,1.5134990215301514,-0.1316470056772232
1403903273308880900,neutral,1.9539003372192383,0.4643844962120056,0.3985484540462494
1403903274776891392,negative,1.422539472579956,-0.860813319683075,2.554115056991577
1403903274969972743,negative,1.054303526878357,-0.7514258623123169,2.7201359272003174
1403903276710449156,neutral,1.5854263305664062,0.015162691473960876,1.462874412536621
1403903277306109952,negative,1.264915108680725,-0.3722284138202667,1.4042580127716064
1403903278929256448,negative,1.5844554901123047,-0.37527379393577576,1.64882230758667
1403903279709425665,neutral,1.7481019496917725,0.06125997379422188,0.3638218939304352
1403903280594444289,neutral,1.6855746507644653,0.37137287855148315,0.37932196259498596
1403903281043181572,negative,0.7320245504379272,-0.24673497676849365,2.2799229621887207
1403903281408131080,neutral,1.9139846563339233,1.233606219291687,0.0811634287238121
1403903282611884041,neutral,1.7535332441329956,-0.38384395837783813,1.353623867034912
1403903283035398146,neutral,1.9674936532974243,-0.0104571133852005,0.7595891952514648
1403903283421274114,negative,1.2705180644989014,-0.9396480917930603,2.6573548316955566
1403903284545421312,neutral,1.9106248617172241,0.4445503056049347,0.09269952028989792
1403903285006802944,positive,2.8101089000701904,4.177402496337891,-1.2562189102172852
1403903285623459843,negative,0.7856349349021912,-1.283502459526062,3.9372758865356445
1403903286218952713,negative,0.9567749500274658,0.39347657561302185,1.147614598274231
1403903286315413505,negative,0.47481322288513184,0.5770602822303772,2.1146438121795654
1403903287657525250,neutral,2.3473620414733887,0.27617546916007996,0.3462643623352051
1403903288085401602,positive,1.289967656135559,5.610719680786133,-1.1551026105880737
1403903289318514690,positive,0.7733325362205505,0.8879648447036743,0.6063979864120483
1403903289352200195,negative,1.2766810655593872,-0.6316002011299133,1.7445173263549805
1403903289511583747,neutral,2.1617162227630615,-1.0657998323440552,2.0157406330108643
1403903290585141250,positive,1.9875613451004028,3.321629047393799,-0.7666159272193909
1403903291101093895,neutral,2.942856788635254,0.17938931286334991,0.03809487819671631
1403903291189350400,neutral,1.7757821083068848,-0.2217683494091034,1.5308059453964233
1403903291688460295,negative,1.262342095375061,-1.2370593547821045,2.973182201385498
1403903292212613120,neutral,2.1832115650177,1.34367036819458,-0.046759165823459625
1403903293215019012,negative,1.3416739702224731,-1.0802123546600342,2.9748752117156982
1403903294234320898,positive,1.7906811237335205,4.224761962890625,-1.4671237468719482
1403903294725103619,neutral,1.5168176889419556,0.265401154756546,1.0494943857192993
1403903294888624128,neutral,1.7310506105422974,0.5471149682998657,0.4840289056301117
1403903294888632320,negative,1.4040236473083496,-0.8634891510009766,1.9171345233917236
1403903296499326977,negative,1.336681604385376,-0.15887653827667236,1.4055930376052856
1403903297287774210,negative,0.5036277174949646,-0.7312317490577698,2.6459403038024902
1403903299594584067,negative,1.0177518129348755,-1.1779738664627075,3.353470802307129
1403903299812798464,negative,1.4914863109588623,-0.44562312960624695,1.6829246282577515
1403903301385527297,positive,0.8529333472251892,1.2892199754714966,0.08430267125368118
1403903301830258693,negative,0.864315390586853,-0.7631245851516724,2.408846855163574
1403903303243730944,positive,2.059335947036743,3.3788444995880127,-0.9077801704406738
1403903305940602882,negative,1.1634629964828491,0.45802628993988037,1.4192317724227905
1403903308591472643,negative,0.6010875105857849,0.718130886554718,1.1510571241378784
1403903309484756996,negative,0.9831766486167908,0.2697613835334778,1.2750248908996582
1403903309824593922,neutral,2.134504795074463,-0.5447365045547485,1.0128284692764282
1403903310223089664,neutral,2.1832115650177,1.34367036819458,-0.046759165823459625
1403903310898380800,negative,0.8665963411331177,-0.22349867224693298,2.0667483806610107
1403903311426719746,neutral,2.015404224395752,-0.469056099653244,1.4294705390930176
1403903311602884620,neutral,1.6156479120254517,1.0034308433532715,0.9610841870307922
1403903311627964417,neutral,2.0445456504821777,1.7134029865264893,-0.7633167505264282
1403903312114511880,positive,2.4178268909454346,2.9063665866851807,-0.6380786299705505
1403903312353587205,neutral,1.825172781944275,0.9690490961074829,0.25212615728378296
1403903312672411650,neutral,1.5824434757232666,0.203895702958107,0.5083480477333069
1403903313825828867,negative,1.0172924995422363,0.80580735206604,1.1356148719787598
1403903314224455683,neutral,1.338526964187622,1.023909091949463,1.089027762413025
1403903316464082944,negative,1.3385965824127197,-0.8128792643547058,1.9051456451416016
1403903317084827651,neutral,1.8829594850540161,0.5952889323234558,0.15143278241157532
1403903317453983744,negative,0.9293087124824524,-0.7154847383499146,2.525601387023926
1403903318154432512,neutral,2.8217248916625977,0.025734923779964447,0.5355104207992554
1403903318573846528,neutral,1.2088961601257324,1.0295196771621704,0.017153270542621613
1403903318921924610,negative,0.35860997438430786,0.7805094718933105,1.946303367614746
1403903319228157953,negative,0.9194895029067993,0.33630144596099854,1.0815097093582153
1403903319593013254,negative,1.3783893585205078,0.08099626749753952,1.7644765377044678
1403903320079486977,neutral,1.389840006828308,0.5327309370040894,-0.015287602320313454
1403903320930938882,neutral,2.0322794914245605,0.6588543057441711,1.1551488637924194
1403903321195298820,negative,1.644720435142517,-0.8798597455024719,2.4401869773864746
1403903321677565959,positive,1.324823021888733,3.3609321117401123,-0.7989391684532166
1403903322860498947,negative,1.3543576002120972,-0.9768320918083191,2.3044614791870117
1403903322885664768,neutral,1.6855744123458862,0.37137293815612793,0.37932199239730835
1403903323120472064,negative,0.8951282501220703,-1.119360327720642,3.3834054470062256
1403903324538118144,neutral,2.0965383052825928,0.6666525602340698,0.6154760122299194
1403903327126134785,negative,0.6439996361732483,-1.210371971130371,3.6401171684265137
1403903327579127808,negative,1.1685296297073364,-1.1919218301773071,2.797386646270752
1403903328271142912,negative,1.4040236473083496,-0.8634890913963318,1.9171342849731445
1403903328615010306,neutral,1.6899428367614746,0.14439162611961365,0.9300293922424316
1403903329344839682,negative,1.2862491607666016,-0.6364785432815552,1.9506030082702637
1403903330305417221,neutral,1.070691704750061,0.6146996021270752,0.49308282136917114
1403903330624184323,negative,0.8690662384033203,-0.43366363644599915,2.2338922023773193
1403903331039338496,neutral,1.9629874229431152,-0.02869134396314621,1.432901382446289
1403903331223805955,positive,1.7462823390960693,1.8249919414520264,-0.08776446431875229
1403903333715300356,neutral,1.787578821182251,0.13022059202194214,1.0882309675216675
1403903333857861634,neutral,2.3399813175201416,0.0014951229095458984,0.830484926700592
1403903334797348870,neutral,1.2704845666885376,-0.6624653339385986,1.2633484601974487
1403903334931734535,neutral,2.0609562397003174,1.2543026208877563,0.23651179671287537
1403903335392972803,negative,1.2831487655639648,-0.17844879627227783,1.830725908279419
1403903335501942784,neutral,2.1606571674346924,1.1408802270889282,-0.19307269155979156
1403903335598596096,negative,1.2890139818191528,-0.42997899651527405,1.8073996305465698
1403903336475209728,negative,1.5244214534759521,-0.9091616272926331,2.1346521377563477
1403903337410437120,neutral,1.1640887260437012,-0.38279974460601807,1.0996335744857788
1403903338437959680,neutral,1.6484489440917969,0.2624598443508148,0.2724218964576721
1403903338458976260,positive,3.3633551597595215,3.944155216217041,-1.5529454946517944
1403903339595669506,positive,2.228101968765259,3.963594436645508,-1.448609471321106
1403903340740857856,negative,1.1738834381103516,-0.7948694229125977,2.318880558013916
1403903341088821250,neutral,2.2707319259643555,0.5000932216644287,0.6621763706207275
1403903341558566915,negative,1.0742387771606445,-0.49205532670021057,2.3635973930358887
1403903342695247876,neutral,1.3359870910644531,0.23930135369300842,1.045243501663208
1403903343156633601,neutral,2.960075855255127,0.882236659526825,0.048663146793842316
1403903343400001536,neutral,1.197285532951355,0.23835930228233337,0.37437546253204346
1403903343798358020,negative,1.3542309999465942,-0.1833462417125702,1.4767132997512817
1403903344389898240,negative,0.6439996361732483,-1.2103718519210815,3.6401171684265137
1403903344540667908,neutral,2.280954599380493,-0.47755196690559387,0.8957027196884155
1403903344662388738,positive,2.2432479858398438,2.2634470462799072,-0.4768964648246765
1403903344788131841,negative,1.1453747749328613,0.3837158679962158,1.3632245063781738
1403903345379610628,negative,0.46816372871398926,0.15667785704135895,2.150131940841675
1403903346138914821,neutral,1.2916268110275269,-0.5169244408607483,0.8130828142166138
1403903347959025664,neutral,2.2707319259643555,0.5000932216644287,0.6621763706207275
1403903348680630274,neutral,1.8925995826721191,0.7949697971343994,0.5410314202308655
1403903348831526914,neutral,1.8106340169906616,0.41629913449287415,0.6457952857017517
1403903349963911168,neutral,1.9644722938537598,1.6980000734329224,0.15776515007019043
1403903352069447681,negative,1.083360195159912,0.37562912702560425,1.4071367979049683
1403903352941858818,neutral,1.5453425645828247,-0.11747298389673233,1.2960381507873535
1403903353160151048,neutral,1.3032220602035522,-0.3841533362865448,1.2187559604644775
1403903353759797251,negative,1.550166368484497,-1.009963035583496,2.063530921936035
1403903354351276041,neutral,1.2704845666885376,-0.6624653339385986,1.2633484601974487
1403903355471204358,negative,0.7469655871391296,-0.14205801486968994,1.617580771446228
1403903355525664769,neutral,3.0692315101623535,1.2135752439498901,-0.6559907793998718
1403903355617890307,positive,0.8529333472251892,1.2892199754714966,0.08430267125368118
1403903357954134017,neutral,2.960075855255127,0.8822365999221802,0.04866325855255127
1403903358411317251,neutral,1.2704845666885376,-0.6624653339385986,1.2633484601974487
1403903359241703432,negative,0.775872528553009,0.03412157669663429,0.8889050483703613
1403903361410224128,negative,1.1001607179641724,-1.063791275024414,2.7635624408721924
1403903361494179842,positive,0.4433039128780365,3.9587714672088623,-0.3390050530433655
1403903361515069446,negative,0.6776684522628784,-0.29022449254989624,2.1096630096435547
1403903361968005120,neutral,1.7689878940582275,0.8949558734893799,0.17192237079143524
1403903362102407168,negative,0.8126306533813477,-0.869655966758728,3.226290702819824
1403903362337165312,negative,1.0636833906173706,0.9819915890693665,1.2246114015579224
1403903363490660358,neutral,2.960075855255127,0.882236659526825,0.048663146793842316
1403903363712946178,neutral,1.6855744123458862,0.37137293815612793,0.37932199239730835
1403903365000568834,negative,1.0548555850982666,-1.3302161693572998,4.14425802230835
1403903365202034695,neutral,1.6855744123458862,0.37137293815612793,0.37932199239730835
1403903365310988292,neutral,1.732077717781067,0.057468317449092865,0.2469756007194519
1403903365592064000,negative,0.8510072827339172,0.30802053213119507,1.483465552330017
1403903366032281600,positive,2.2432477474212646,2.2634470462799072,-0.4768962860107422
1403903366212816897,neutral,1.828971028327942,0.030883748084306717,1.0262316465377808
1403903366674083844,neutral,1.3244054317474365,0.20050092041492462,0.9629302024841309
1403903366720225282,negative,0.7699654698371887,-0.29623159766197205,2.3612825870513916
1403903366946643972,neutral,1.3887666463851929,-0.5855332612991333,0.9810474514961243
1403903367043235856,neutral,1.949034333229065,0.23529553413391113,0.5308480858802795
1403903367919898626,neutral,2.960075855255127,0.882236659526825,0.048663146793842316
1403903368322502661,neutral,2.181279420852661,-0.25808224081993103,1.0494904518127441
1403903369530417154,neutral,2.2064003944396973,0.9942489266395569,-0.07638143002986908
1403903369769594885,neutral,1.2758800983428955,0.48403462767601013,0.58209228515625
1403903370314739724,negative,0.9286653399467468,-0.6475121974945068,2.842339515686035
1403903370352467969,positive,1.9835879802703857,2.5261356830596924,-0.5474088788032532
1403903370818060292,neutral,2.1832115650177,1.34367036819458,-0.046759165823459625
1403903374043410436,negative,1.3328379392623901,-1.1997720003128052,3.0109009742736816
1403903374597050377,positive,1.775789737701416,3.049985408782959,-0.520961582660675
1403903375029071877,neutral,1.4829679727554321,0.8133541345596313,0.0749504491686821
1403903375360421889,negative,1.288629412651062,0.28639885783195496,1.33332359790802
1403903375435964416,neutral,1.836551547050476,0.10683605819940567,0.72967529296875
1403903375452737536,neutral,1.719029426574707,0.3016170561313629,1.5750664472579956
1403903375586910209,negative,1.670521855354309,-0.30803537368774414,1.7488200664520264
1403903376178528257,negative,1.5132567882537842,-1.0696130990982056,2.363255262374878
1403903376845422598,neutral,1.615647792816162,1.0034310817718506,0.961084246635437
1403903376878804993,negative,1.0172924995422363,0.8058072924613953,1.1356147527694702
1403903377809891330,negative,0.553033709526062,-0.1443059742450714,0.5844022631645203
1403903378489438208,negative,1.3192126750946045,-0.9310675263404846,2.0431854724884033
1403903378569060356,positive,1.4548739194869995,2.5814969539642334,0.4985402822494507
1403903378623664128,neutral,2.4131293296813965,0.8930141925811768,-0.44273221492767334
1403903378921463809,negative,1.1827704906463623,-0.35468679666519165,1.805653691291809
1403903379097538560,positive,1.3153029680252075,2.6614606380462646,-0.05015251785516739
1403903379772952579,negative,1.1879345178604126,-0.1504923403263092,1.6624940633773804
1403903380506898434,neutral,3.8425397872924805,1.7328799962997437,-0.7808089256286621
1403903380939018241,neutral,1.5764315128326416,-0.42780396342277527,1.2822771072387695
1403903381018759168,neutral,1.732077717781067,0.057468295097351074,0.24697557091712952
1403903386051694594,neutral,2.960075855255127,0.882236659526825,0.048663146793842316
1403903386173403147,neutral,2.960075855255127,0.882236659526825,0.048663146793842316
1403903386345361412,neutral,2.960075855255127,0.882236659526825,0.048663146793842316
1403903386437754880,neutral,2.234332799911499,0.5764690041542053,-0.08703848719596863
1403903386458595332,neutral,0.8714672923088074,0.7223549485206604,-0.23828710615634918
1403903386513252354,negative,1.227283239364624,-0.709639847278595,2.0344879627227783
1403903388006318084,positive,1.518678903579712,4.49893045425415,-0.7377221584320068
1403903390061633540,neutral,3.8425397872924805,1.7328799962997437,-0.7808089256286621
1403903390413836288,negative,1.0494375228881836,-0.15894582867622375,1.4622230529785156
1403903392003465218,neutral,1.7551367282867432,-0.018994078040122986,0.6262705326080322
1403903393870008323,negative,0.7949845790863037,-1.103448748588562,2.9563632011413574
1403903394138398721,negative,0.9162952899932861,0.1022123396396637,2.127455234527588
1403903396092932098,neutral,1.7743834257125854,0.3027031719684601,0.5469680428504944
1403903397682503681,negative,1.154927134513855,0.08187425881624222,1.7342902421951294
1403903398894706688,negative,1.0172924995422363,0.80580735206604,1.1356148719787598
1403903399364599809,positive,0.38705024123191833,2.686943531036377,0.4229642450809479
1403903399700176896,negative,0.3039461374282837,-0.3023946285247803,1.2749601602554321
1403903400383713280,negative,1.3314085006713867,-1.0636911392211914,2.6393330097198486
1403903400459210754,negative,1.0378601551055908,-0.8217370510101318,2.564643383026123
1403903401767940096,neutral,1.8167301416397095,-0.7457255125045776,1.4744458198547363
1403903402640252929,positive,1.0318231582641602,1.6679060459136963,1.2185860872268677
1403903403290361867,negative,1.336681604385376,-0.15887653827667236,1.4055930376052856
1403903403512647682,neutral,2.3446593284606934,0.19616231322288513,0.21881476044654846
1403903405031137280,negative,1.152317762374878,0.19037899374961853,1.1595498323440552
1403903405517463556,negative,1.1997941732406616,-0.8993456959724426,2.8312976360321045
1403903406012575744,neutral,1.7663753032684326,-0.2821657359600067,1.0152226686477661
1403903406868099077,neutral,2.0073111057281494,-0.3866462707519531,1.3802709579467773
1403903407216267266,negative,1.01511812210083,-0.9781184792518616,3.4188597202301025
1403903407912632322,neutral,1.6855744123458862,0.37137293815612793,0.37932199239730835
1403903408193556484,neutral,2.960075855255127,0.8822365403175354,0.048663221299648285
1403903409367830529,neutral,1.7114239931106567,0.2853153944015503,1.5801479816436768
1403903409540022272,negative,1.153266429901123,0.27571502327919006,1.6772693395614624
1403903410957479942,negative,1.729047179222107,-1.022371530532837,1.9740777015686035
1403903411423088643,neutral,2.5450279712677,2.011389970779419,-0.045780882239341736
1403903412698296320,negative,1.311132550239563,-0.7438036799430847,1.6787465810775757
1403903414518624257,negative,1.1634629964828491,0.45802628993988037,1.4192317724227905
1403903415093235712,neutral,1.6855744123458862,0.37137293815612793,0.37932199239730835
1403903415688781825,negative,0.6064547300338745,-0.5566759705543518,2.7503926753997803
1403903416389103618,negative,1.6201269626617432,-1.002126932144165,2.1650259494781494
1403903416527634433,positive,1.738914966583252,5.326212406158447,-1.2592697143554688
1403903416670228481,neutral,1.4124023914337158,0.9220630526542664,-0.3081478178501129
1403903417995599876,neutral,2.5156655311584473,1.5134990215301514,-0.1316470056772232
1403903420071923715,neutral,2.960075855255127,0.882236659526825,0.048663146793842316
1403903420835065859,negative,1.0172924995422363,0.8058074116706848,1.1356148719787598
1403903420998713344,negative,1.2667111158370972,-0.2622411549091339,1.7691844701766968
1403903421745348613,negative,0.9799383282661438,0.49930813908576965,1.1272175312042236
1403903423532122112,positive,1.0792464017868042,3.171649932861328,-0.2918829023838043
1403903423896903683,neutral,1.4518071413040161,-0.21551698446273804,1.256719708442688
1403903424551346177,negative,1.2973109483718872,-0.6444993615150452,1.9269381761550903
1403903425155305473,positive,1.1427886486053467,1.8203651905059814,-0.059153638780117035
1403903425176244228,negative,1.421921730041504,-0.9823320508003235,2.2466659545898438
1403903425306267648,positive,1.874338150024414,4.031799793243408,-0.4922870993614197
1403903425671270405,neutral,1.4481045007705688,0.4063674211502075,-0.49547773599624634
1403903427491606531,negative,0.7176929116249084,-0.2500452399253845,1.1022775173187256
1403903427529232389,neutral,1.3260260820388794,0.7895960211753845,-0.5324126482009888
1403903428808478723,negative,0.553409993648529,-1.215409278869629,3.9022717475891113
1403903429714481154,neutral,0.9056490659713745,0.5443539619445801,0.6679309606552124
1403903430549131264,neutral,2.1316871643066406,0.7672009468078613,0.4154568314552307
1403903431291457536,neutral,2.1832115650177,1.34367036819458,-0.046759165823459625
1403903435250884612,negative,1.0172924995422363,0.80580735206604,1.1356148719787598
1403903436404318215,negative,1.1296597719192505,0.11079908907413483,1.322539210319519
1403903436702326788,negative,1.3783893585205078,0.08099626749753952,1.7644765377044678
1403903436781928451,negative,1.1912373304367065,0.04289209470152855,1.622048020362854
1403903436953899009,neutral,2.205035448074341,0.26621097326278687,0.33119097352027893
1403903437121671169,negative,1.336681604385376,-0.15887653827667236,1.4055930376052856
1403903437461331968,positive,1.427488088607788,4.547063827514648,-1.3054918050765991
1403903440108015626,negative,0.5968278646469116,-0.24399620294570923,2.2650094032287598
1403903441076985860,negative,0.9864600300788879,-0.5773411393165588,1.4517544507980347
1403903442398105601,neutral,2.055741786956787,1.6088073253631592,-0.43188926577568054
1403903442754719746,negative,1.1353546380996704,-0.2905583083629608,1.2604365348815918
1403903443371106308,neutral,1.6855745315551758,0.37137284874916077,0.37932199239730835
1403903444256276485,negative,1.1200286149978638,-0.875991702079773,2.1476595401763916
1403903444788944897,negative,0.9556260108947754,-0.013231024146080017,1.6918429136276245
1403903445342593024,neutral,1.824823260307312,1.2214491367340088,-0.19578754901885986
1403903445409710085,neutral,1.3138149976730347,-0.04885254055261612,0.9266523718833923
1403903445908688903,positive,1.1456050872802734,1.4371435642242432,0.5585312247276306
1403903445933821956,negative,1.030448317527771,-0.8581322431564331,2.982595682144165
1403903448127475713,neutral,1.555951476097107,0.9688064455986023,0.1871528923511505
1403903449293598728,neutral,2.644895315170288,1.4644912481307983,-0.3970116078853607
1403903449385902082,positive,2.1730332374572754,2.8059463500976562,-0.32728293538093567
1403903449553674240,negative,1.336681604385376,-0.15887653827667236,1.4055930376052856
1403903451835375617,negative,1.2766809463500977,-0.6316001415252686,1.7445173263549805
1403903451990347778,neutral,1.4977904558181763,-0.16859644651412964,1.4448212385177612
1403903453642952704,neutral,1.430562973022461,0.0907946452498436,1.0932542085647583
1403903454226100225,negative,1.2358832359313965,1.2635310888290405,1.9927312135696411
1403903454851047434,neutral,2.115506649017334,0.5576372146606445,0.06925207376480103
1403903454922350592,negative,1.062785029411316,-0.004294171929359436,1.7522209882736206
1403903455027204098,neutral,2.7678494453430176,1.1894314289093018,-0.20037706196308136
1403903455865888770,neutral,1.870914101600647,0.7854758501052856,0.3054758906364441
1403903456012820481,negative,0.29625174403190613,-0.3112865090370178,2.7138831615448
1403903456465854471,neutral,1.9103633165359497,-0.0008809790015220642,1.1004964113235474
1403903457392685065,neutral,3.530146598815918,1.6300078630447388,-1.0650410652160645
1403903457548025860,neutral,1.2391581535339355,0.834102988243103,0.7825192809104919
1403903457904504836,negative,1.0513430833816528,-1.1259692907333374,3.335641622543335
1403903458734870535,positive,1.4885975122451782,5.747507572174072,-1.7108932733535767
1403903458957160452,positive,0.8097521662712097,1.2995210886001587,0.10947392135858536
1403903460253126656,negative,1.0919885635375977,-0.6286489367485046,2.1166112422943115
1403903460714684422,neutral,2.821725368499756,0.02573484182357788,0.5355105400085449
1403903463151579136,negative,1.4139610528945923,-0.529386579990387,1.5611358880996704
1403903463986061312,negative,1.0172924995422363,0.8058074116706848,1.1356148719787598
1403903464019677190,neutral,2.1832115650177,1.34367036819458,-0.046759165823459625
1403903464929775618,neutral,3.2767932415008545,1.126206874847412,-1.252000093460083
1403903466230018052,negative,1.3783893585205078,0.08099634200334549,1.7644766569137573
1403903467094151169,neutral,1.2964502573013306,0.4230763614177704,0.13668856024742126
1403903467647815680,neutral,1.762559175491333,-0.8082705736160278,1.603237271308899
1403903469220622336,negative,1.3134132623672485,-0.5762357115745544,1.6616076231002808
1403903469531156485,negative,1.4139610528945923,-0.529386579990387,1.5611358880996704
1403903471460438020,positive,1.3612154722213745,1.9209221601486206,-0.28058022260665894
1403903471791734785,neutral,2.5156655311584473,1.5134990215301514,-0.1316470056772232
1403903472198553602,neutral,1.9851579666137695,0.5046653151512146,0.20281915366649628
1403903472513142786,negative,1.670521855354309,-0.30803537368774414,1.7488200664520264
1403903472639021057,negative,1.8388811349868774,-1.0376383066177368,2.119652509689331
1403903474702721026,neutral,1.4056979417800903,-0.13045737147331238,1.2623629570007324
1403903475348426753,negative,1.569740891456604,-1.1001583337783813,2.3370935916900635
1403903476841713664,negative,0.51190584897995,-1.2510358095169067,3.819046974182129
1403903478645276678,neutral,1.3731166124343872,1.2624843120574951,1.1892436742782593
1403903478775308289,neutral,2.353670358657837,1.528285264968872,-0.469790518283844
1403903479333023748,negative,1.670521855354309,-0.30803537368774414,1.7488200664520264
1403903479811166214,negative,1.167831301689148,0.09376916289329529,1.3716529607772827
1403903480004157440,neutral,1.9200304746627808,0.0010942518711090088,1.3634589910507202
1403903480679575555,positive,1.7995989322662354,3.453794479370117,-0.8541122078895569
1403903481308618756,negative,1.6879658699035645,-1.1355586051940918,2.2919936180114746
1403903482512351234,neutral,1.6855744123458862,0.37137293815612793,0.37932199239730835
1403903487532888066,neutral,2.212160348892212,-0.031338587403297424,0.8980835676193237
1403903488308957194,neutral,1.910264253616333,0.9285451769828796,-0.5788055062294006
1403903489345036289,negative,0.07770451158285141,0.44640928506851196,0.5644649267196655
1403903489768521729,neutral,0.7636217474937439,0.4937755763530731,0.24299131333827972
1403903490301206532,neutral,1.043229579925537,0.18954408168792725,0.7512243986129761
1403903491005812740,negative,0.41250646114349365,0.2738681435585022,2.3015904426574707
1403903492146802688,neutral,1.6156479120254517,1.003430962562561,0.9610843062400818
1403903493371576322,neutral,1.9467493295669556,1.3822628259658813,-0.27435722947120667
1403903493979713537,neutral,1.2400773763656616,0.8503364324569702,0.11373039335012436
1403903495053402115,positive,1.9460195302963257,3.1072232723236084,0.12573689222335815
1403903496198443008,positive,0.7233572602272034,1.1046274900436401,0.49301350116729736
1403903496693239810,negative,1.5156258344650269,-0.9461566805839539,2.0138115882873535
1403903498282995718,negative,1.1827706098556519,-0.3546867370605469,1.80565345287323
1403903500199862279,negative,1.075622797012329,-0.58335280418396,1.5381051301956177
1403903500698853377,negative,1.3783893585205078,0.08099626749753952,1.7644765377044678
1403903503446073348,negative,2.1486458778381348,-1.132552146911621,2.231588840484619
1403903503593005064,positive,0.295062392950058,0.9451262354850769,-0.03717371076345444
1403903503693611009,negative,0.9864600300788879,-0.5773411393165588,1.4517544507980347
1403903503873953792,negative,0.9183898568153381,0.3439967930316925,1.1629862785339355
1403903503899168770,negative,0.7298142910003662,-1.1078810691833496,3.602506160736084
1403903504045989888,neutral,1.466996192932129,-0.5032958984375,1.2747797966003418
1403903506264772608,negative,1.1453747749328613,0.3837158679962158,1.3632245063781738
1403903507812343815,neutral,1.6222658157348633,-0.2649405598640442,1.5516408681869507
1403903510718996480,negative,0.7926928997039795,0.31094151735305786,1.613915205001831
1403903511633534976,neutral,1.2226338386535645,0.30501750111579895,1.2190284729003906
1403903512195461122,negative,0.25771212577819824,-0.8499168753623962,3.295598268508911
1403903512791064581,neutral,1.2704845666885376,-0.6624653339385986,1.2633484601974487
1403903512862461957,neutral,1.5824434757232666,0.203895702958107,0.5083480477333069
1403903513202020356,negative,1.0417094230651855,-0.4837615191936493,2.0593841075897217
1403903513277517827,neutral,1.4299262762069702,0.31910252571105957,1.1884074211120605
1403903513319526400,neutral,2.6163887977600098,1.7948631048202515,-0.342382550239563
1403903514103984128,neutral,1.6156479120254517,1.003430724143982,0.9610841870307922
1403903515106312192,positive,2.2432477474212646,2.2634470462799072,-0.4768962860107422
1403903515878035459,neutral,1.9839996099472046,-0.9518327713012695,1.418872356414795
1403903516788236289,neutral,1.719029426574707,0.3016170561313629,1.5750664472579956
1403903517270630402,neutral,1.1804362535476685,0.38801681995391846,1.1301237344741821
1403903517442461697,neutral,1.869067907333374,-0.5218067169189453,1.6040029525756836
1403903517652230144,neutral,1.4799386262893677,-0.2637600600719452,1.3255869150161743
1403903520206639116,neutral,2.960075855255127,0.882236659526825,0.048663146793842316
1403903521154502656,neutral,1.0948530435562134,0.38600149750709534,1.0764849185943604
1403903521439698945,negative,1.1528812646865845,-1.0942914485931396,2.8199377059936523
1403903524010827776,neutral,0.5967357754707336,0.41059041023254395,0.1873588263988495
1403903524916764674,negative,0.8378650546073914,-1.047989010810852,2.856915235519409
1403903525160095744,negative,0.8169601559638977,0.09120769053697586,1.578770637512207
1403903525977919488,negative,1.129659652709961,0.11079905927181244,1.3225390911102295
1403903526804328449,negative,1.1303178071975708,0.22399413585662842,1.7487459182739258
1403903527215243267,neutral,1.6855744123458862,0.37137293815612793,0.37932199239730835
1403903527592906754,negative,1.7855772972106934,-0.9831061959266663,1.8858956098556519
1403903528503025668,negative,0.22653016448020935,-0.2265407145023346,2.4923112392425537
1403903529211760641,negative,1.0172924995422363,0.8058074116706848,1.1356148719787598
1403903529232764930,negative,1.0367342233657837,-0.5967387557029724,1.8601981401443481
1403903529622802432,neutral,1.707475185394287,0.17205190658569336,1.1001490354537964
1403903529824124936,neutral,2.607675075531006,1.124238133430481,-0.6043654680252075
1403903529949954050,negative,1.2934118509292603,-1.206148386001587,2.996541976928711
1403903529983565826,neutral,3.0400309562683105,0.965004026889801,-0.5967223644256592
1403903531246043142,negative,1.5510801076889038,-0.8862767815589905,2.036822557449341
1403903531610828800,neutral,1.1825988292694092,0.2918589413166046,0.2753875255584717
1403903532869189632,positive,2.434685468673706,2.947242498397827,-0.880317211151123
1403903535289274370,neutral,3.0612215995788574,0.5765911340713501,-0.1403409093618393
1403903535817887746,negative,1.0545748472213745,-0.51563960313797,1.2932757139205933
1403903536191135746,negative,1.0270591974258423,-0.1208871528506279,1.2692997455596924
1403903536409169923,neutral,2.54496169090271,1.0968327522277832,-0.33817338943481445
1403903537235468300,negative,1.39368736743927,-0.5928507447242737,1.8086073398590088
1403903538049212422,negative,1.0782315731048584,-1.172764778137207,3.2939555644989014
1403903539760570372,negative,1.5510801076889038,-0.8862767815589905,2.036822557449341
1403903540112789505,neutral,2.171786308288574,0.675020694732666,0.03822290897369385
1403903540309934080,neutral,2.1127078533172607,-0.33531367778778076,1.5181947946548462
1403903540909727745,positive,0.5392848253250122,1.2499821186065674,-0.24063925445079803
1403903541803094017,neutral,1.970107913017273,-0.43401941657066345,0.9729313850402832
1403903543648546819,neutral,1.4069935083389282,0.5660444498062134,0.6276221871376038
1403903543669624834,positive,1.7462823390960693,1.8249919414520264,-0.08776446431875229
1403903544579792896,negative,1.0250684022903442,-0.5708422064781189,1.5844268798828125
1403903545280245764,negative,0.4202650785446167,0.08229871094226837,2.2791991233825684
1403903546765058051,neutral,1.8806869983673096,-0.6566612720489502,1.0513046979904175
1403903548782489603,negative,1.080332636833191,-0.7382484674453735,2.62504243850708
1403903548887236609,neutral,1.6282026767730713,0.18884900212287903,0.7864205241203308
1403903549000409093,negative,1.5317113399505615,-0.6297125816345215,1.7355871200561523
1403903549608710146,negative,1.2221051454544067,-0.6352683901786804,1.815516710281372
1403903550262976517,neutral,1.365983247756958,-0.026248760521411896,1.3223856687545776
1403903550657339392,negative,1.0545748472213745,-0.51563960313797,1.2932757139205933
1403903552326496257,negative,1.135430097579956,-1.286454200744629,3.804936647415161
1403903554272718850,neutral,1.6164382696151733,-0.04185570031404495,1.0349589586257935
1403903554289426435,neutral,1.3305820226669312,0.07031307369470596,0.9778582453727722
1403903555543572483,negative,1.3783893585205078,0.08099626749753952,1.7644765377044678
1403903556202151941,negative,0.8862621784210205,-1.0339258909225464,2.7915120124816895
1403903557112315908,positive,1.2954652309417725,1.8323230743408203,0.24933360517024994
1403903557137354759,neutral,3.530146598815918,1.6300078630447388,-1.0650410652160645
1403903557334564867,positive,3.3633551597595215,3.944155216217041,-1.5529454946517944
1403903557670162434,positive,0.665419340133667,0.7275207042694092,-0.020742123946547508
1403903557938647040,negative,1.0660030841827393,-0.5523449778556824,1.819728136062622
1403903558395711491,neutral,1.719029426574707,0.3016170561313629,1.5750664472579956
1403903558693572609,negative,1.350353479385376,-0.8688541054725647,2.296276330947876
1403903558823694339,positive,0.8914117217063904,0.9260953664779663,0.8671989440917969
1403903559674990592,negative,0.9358346462249756,-1.2651293277740479,3.8098461627960205
1403903561445019650,negative,0.1135362982749939,-0.3141046464443207,2.223576068878174
1403903561801535490,neutral,1.757793664932251,-0.4450742304325104,1.3358708620071411
1403903562082439171,positive,1.213778018951416,1.5583857297897339,-0.11843547970056534
1403903563072475138,negative,0.26146501302719116,-0.8984283208847046,3.183253526687622
1403903563672264712,neutral,1.7424707412719727,-0.48000195622444153,1.2558344602584839
1403903564410355714,neutral,1.4742827415466309,0.47252294421195984,0.5887542963027954
1403903566830473219,neutral,2.86742901802063,1.676526427268982,-0.7856070399284363
1403903566973177858,negative,0.4564964175224304,-0.8170602321624756,3.7533464431762695
1403903567589638145,neutral,1.240868330001831,0.017302967607975006,1.0621118545532227
1403903569468825605,negative,0.9007636308670044,0.3041335940361023,1.1353694200515747
1403903569917452290,neutral,2.0454812049865723,-0.1174473837018013,0.5652035474777222
1403903570223718402,neutral,1.070691704750061,0.6146996021270752,0.49308282136917114
1403903570588717060,negative,1.325032353401184,-0.5132936239242554,1.9598480463027954
1403903570651590658,negative,1.3462823629379272,-1.241623044013977,2.9527995586395264
1403903571532341255,negative,1.5510801076889038,-0.8862767815589905,2.036822557449341
1403903572639629313,neutral,1.720430612564087,1.301198959350586,-0.25302010774612427
1403903575181303810,neutral,2.506451368331909,1.4469834566116333,-0.5270969271659851
1403903575605055493,negative,0.932153582572937,-1.0670065879821777,3.788687229156494
1403903576221511683,neutral,1.7780550718307495,-0.3279082477092743,0.8943873643875122
1403903576846393344,neutral,1.2299023866653442,0.543703019618988,0.9842087030410767
1403903577165242370,neutral,2.090834379196167,0.3909134566783905,0.4272962510585785
1403903577714618372,negative,0.8421176075935364,-1.132415771484375,3.0804615020751953
1403903577890951173,negative,0.9547793865203857,-1.2268508672714233,3.255553722381592
1403903577907621888,positive,1.1956570148468018,1.2521371841430664,0.7013886570930481
1403903577979076612,neutral,2.2051312923431396,0.4581701159477234,-0.763491153717041
1403903578381557761,negative,1.3783893585205078,0.08099626749753952,1.7644765377044678
1403903580139048961,neutral,2.212160348892212,-0.031338587403297424,0.8980835676193237
1403903580617297920,negative,0.45649638772010803,-0.8170602917671204,3.7533462047576904
1403903580709523459,negative,1.080332636833191,-0.7382484674453735,2.62504243850708
1403903581007355905,neutral,1.5067203044891357,0.20738588273525238,0.22708989679813385
1403903581200125956,negative,1.0172924995422363,0.8058074116706848,1.1356148719787598
1403903582991126529,neutral,1.6933165788650513,-0.03814297169446945,1.115788459777832
1403903583872036864,neutral,1.870914101600647,0.7854758501052856,0.3054758906364441
1403903584639541248,negative,0.765090823173523,-0.4938395917415619,1.099785566329956
1403903585239420929,neutral,1.6855744123458862,0.37137293815612793,0.37932199239730835
1403903586942132229,neutral,1.8070342540740967,1.128624439239502,-0.2243729680776596
1403903588703821827,negative,1.3366764783859253,-0.4239102303981781,1.3936806917190552
1403903589228191745,negative,0.8540818095207214,-0.5179309248924255,1.8465173244476318
1403903590670819332,neutral,1.5053155422210693,0.9866034388542175,-0.5008859038352966
1403903592252203011,negative,0.721307635307312,-0.24009129405021667,2.7876405715942383
1403903592411537408,neutral,1.1695994138717651,0.29402196407318115,0.8237048983573914
1403903592961089536,negative,1.1928852796554565,-0.24039021134376526,1.4821234941482544
1403903593279787009,neutral,1.3965167999267578,-0.07394137233495712,1.366784691810608
1403903594215129094,positive,0.7562441825866699,1.7663711309432983,0.6225442886352539
1403903594533904386,neutral,1.2400773763656616,0.8503364324569702,0.11373039335012436
1403903597973147654,neutral,1.4340540170669556,-0.158622145652771,1.3099592924118042
1403903598430404611,negative,1.213087558746338,-0.1163826659321785,1.5395172834396362
1403903598614904833,neutral,1.3202062845230103,-0.2931802570819855,1.2092970609664917
1403903598749159426,negative,1.1453747749328613,0.3837158679962158,1.3632245063781738
1403903598787010569,positive,1.3537778854370117,1.4468863010406494,-0.7153021693229675
1403903599998996481,neutral,1.6683099269866943,0.3416350781917572,0.5763535499572754
1403903603857711104,negative,0.7772250771522522,-0.08535280078649521,0.9199120998382568
1403903603903975425,neutral,2.234332799911499,0.5764690041542053,-0.08703848719596863
1403903605233565696,neutral,1.2512550354003906,-0.3070008158683777,1.0694940090179443
1403903606462500865,negative,1.6042768955230713,-1.2018542289733887,3.0224251747131348
1403903606525419529,neutral,1.2161303758621216,0.6081537008285522,0.7244247198104858
1403903607381151744,negative,0.49854886531829834,-0.32275325059890747,2.442552089691162
1403903607498448896,negative,0.8996098041534424,-0.8819257616996765,2.7370095252990723
1403903609301995520,neutral,1.6099239587783813,1.0829156637191772,-0.32613053917884827
1403903609348055048,neutral,1.7349423170089722,-0.2546665668487549,1.3959910869598389
1403903613077004288,neutral,1.7323914766311646,0.16152407228946686,0.7397105097770691
1403903613265596416,positive,1.6305288076400757,2.106428623199463,-0.24177120625972748
1403903613387354113,neutral,1.889103889465332,-0.4847143590450287,0.9844178557395935
1403903614402240512,negative,1.0172924995422363,0.8058074116706848,1.1356148719787598
1403903618068189196,negative,1.1085838079452515,-0.4785763919353485,1.881900668144226
1403903619234099202,negative,0.7449336647987366,0.22729691863059998,1.3791594505310059
1403903619418759171,negative,0.4564964175224304,-0.8170602321624756,3.7533464431762695
1403903619817213958,negative,0.6348584294319153,-0.8351642489433289,3.068899631500244
1403903619921891331,negative,0.6154517531394958,-0.7679296731948853,2.0839879512786865
1403903620085469186,negative,1.0465061664581299,-0.7180714011192322,1.7471306324005127
1403903620974661632,negative,0.6629875302314758,0.5594187378883362,1.948623538017273
1403903621411057665,neutral,2.133840560913086,0.1519922912120819,0.4240937829017639
1403903621595467877,neutral,1.6077783107757568,0.005293138325214386,0.994408905506134
1403903621876486144,neutral,2.5507001876831055,-0.4420001208782196,-0.13606205582618713
1403903622291853318,negative,0.4564964175224304,-0.8170602321624756,3.7533464431762695
1403903624011554819,negative,0.3267371356487274,-0.9769378304481506,3.84470272064209
1403903625399832579,neutral,2.3061583042144775,0.5227155685424805,0.32168149948120117
1403903626913873922,negative,0.4564964175224304,-0.8170602321624756,3.7533464431762695
1403903627224354822,negative,1.0024363994598389,-0.7360904216766357,1.9884473085403442
1403903627807408128,negative,0.9077273607254028,0.26092761754989624,1.327026605606079
1403903628402782209,neutral,0.8347615003585815,0.07127755135297775,0.4484659731388092
1403903631510757379,positive,0.8529333472251892,1.2892199754714966,0.08430267125368118
1403903632085602311,neutral,1.4919989109039307,0.4821281433105469,0.81167072057724
1403903632328642564,negative,1.1317617893218994,0.17653033137321472,1.2933363914489746
1403903632798633984,neutral,1.3853216171264648,-0.2975609600543976,1.326727032661438
1403903633457041420,negative,1.0128943920135498,-1.022119164466858,2.615128755569458
1403903633767297024,neutral,1.6855744123458862,0.37137293815612793,0.37932199239730835
1403903634824335362,neutral,2.810584783554077,1.2795259952545166,-0.5171842575073242
1403903635197595649,negative,1.1861366033554077,-0.6860364675521851,1.6538660526275635
1403903636309217283,negative,1.168529748916626,-1.1919218301773071,2.797386884689331
1403903636346834948,neutral,3.530146598815918,1.6300078630447388,-1.0650410652160645
1403903636808376321,neutral,1.8135885000228882,0.585907518863678,0.7274629473686218
1403903642596352001,neutral,0.4747185707092285,0.3599846065044403,0.19474095106124878
1403903646270562304,negative,1.2781723737716675,-0.1652185022830963,1.4069209098815918
1403903646933393409,negative,0.5028635859489441,-0.8437573909759521,3.120587110519409
1403903649412222977,negative,0.8323348164558411,0.08698146790266037,1.2959829568862915
1403903649546391555,neutral,2.212160348892212,-0.03133861720561981,0.8980836868286133
1403903649563041796,neutral,1.136810302734375,0.9743614196777344,0.9617313742637634
1403903650561511427,positive,1.5631721019744873,2.329493761062622,-0.5145366787910461
1403903650632663041,positive,2.2432477474212646,2.2634470462799072,-0.4768962860107422
1403903650955550723,negative,1.5884690284729004,-0.8223047852516174,1.9616092443466187
1403903650997673985,positive,0.8003731369972229,2.427304983139038,0.09054258465766907
1403903651093966849,neutral,2.5156655311584473,1.5134990215301514,-0.1316470056772232
1403903652134273024,neutral,1.3796260356903076,-0.0766276940703392,0.7117829322814941
1403903652616572931,neutral,1.2610446214675903,-0.23077726364135742,1.0696251392364502
1403903653178601472,neutral,3.530146598815918,1.6300078630447388,-1.0650410652160645
1403903653576990721,negative,0.8281652927398682,-0.8967287540435791,2.255535364151001
1403903653749080064,neutral,1.8373485803604126,0.5616282224655151,0.5070218443870544
1403903653908463617,neutral,1.2885048389434814,0.4984723925590515,0.12033110857009888
1403903654193733636,positive,0.4380454123020172,1.7904605865478516,0.18414655327796936
1403903655535808515,negative,1.1453747749328613,0.3837158679962158,1.3632245063781738
1403903656131448841,neutral,1.7567158937454224,-0.6039052605628967,1.0369864702224731
1403903657498738689,positive,2.7746503353118896,4.085967540740967,-1.6760584115982056
1403903657624715268,neutral,1.6855744123458862,0.37137284874916077,0.37932196259498596
1403903657838473222,negative,1.4755594730377197,-0.7199132442474365,1.6787818670272827
1403903662112583681,neutral,1.6156479120254517,1.0034308433532715,0.9610843658447266
1403903662473109506,positive,1.2503905296325684,1.3471198081970215,0.33987388014793396
1403903664549400584,negative,0.20674599707126617,-0.29406434297561646,2.4485294818878174
1403903664763310083,neutral,1.3295849561691284,-0.383389413356781,1.2990624904632568
1403903665627336704,negative,0.7838588953018188,-0.8143433928489685,2.5138864517211914
1403903665732145154,neutral,0.6870754957199097,0.16742518544197083,0.5116449594497681
1403903667497967616,neutral,1.3363037109375,0.328755259513855,1.1556965112686157
1403903668127158272,negative,1.4112136363983154,-0.459743469953537,1.5471112728118896
1403903668299173888,neutral,1.7374852895736694,0.07612218707799911,1.1776483058929443
1403903668903051267,negative,1.4240316152572632,-0.810979425907135,2.050215721130371
1403903669586862081,negative,1.2236508131027222,-0.41211679577827454,1.649778127670288
1403903670283116547,neutral,2.267895221710205,1.801271677017212,0.42644989490509033
1403903670799015937,neutral,1.6855744123458862,0.37137293815612793,0.37932199239730835
1403903671084195840,negative,0.7437505722045898,0.3917278051376343,1.2963656187057495
1403903671314747396,neutral,1.9659721851348877,0.3703059256076813,0.47746527194976807
1403903671528738818,neutral,3.5602188110351562,1.357568621635437,-0.1364956796169281
1403903671738449922,negative,0.501988410949707,-0.266372948884964,2.3868536949157715
1403903672128466946,negative,0.4332675635814667,-0.8115965127944946,2.980315685272217
1403903672707395587,negative,0.8645218014717102,-0.8038930892944336,2.8190691471099854
1403903672984215555,neutral,1.947094202041626,1.5201044082641602,-0.7020072340965271
1403903672984256512,positive,2.005499839782715,3.8445537090301514,-1.2274528741836548
1403903673273491457,neutral,1.93276047706604,0.49030235409736633,0.1895233690738678
1403903675542609928,neutral,3.4840738773345947,0.7267022728919983,-0.37402206659317017
1403903675626442754,positive,2.5774786472320557,3.5964279174804688,-1.511938452720642
1403903676805120001,neutral,1.7974337339401245,0.22144845128059387,1.246658205986023
1403903676960358402,negative,0.9293087124824524,-0.7154847383499146,2.525601387023926
1403903677816053761,neutral,1.6855744123458862,0.37137293815612793,0.37932199239730835
1403903677845315587,negative,1.3181661367416382,-0.9384247660636902,2.0070011615753174
1403903678914994177,neutral,1.7492589950561523,-0.49763527512550354,0.932269275188446
1403903680613535748,positive,2.2271289825439453,3.158660650253296,-1.0253106355667114
1403903682320605188,positive,0.3759746849536896,2.6246261596679688,0.13263249397277832
1403903682383544326,negative,1.3751795291900635,-0.871310830116272,2.9891631603240967
1403903682807308288,neutral,1.6855744123458862,0.37137293815612793,0.37932199239730835
1403903683692089345,positive,1.213778018951416,1.5583857297897339,-0.11843547970056534
1403903687362109443,negative,1.262810468673706,-0.8767869472503662,2.4065134525299072
1403903688742219780,neutral,1.2058812379837036,-0.09299596399068832,0.8340203166007996
1403903688834420738,negative,0.9662081003189087,-0.6026713252067566,2.1951897144317627
1403903689077657601,neutral,1.8979328870773315,0.9010273218154907,0.3939719796180725
1403903689887129605,negative,1.129659652709961,0.11079905927181244,1.3225390911102295
1403903690990243843,neutral,1.855949878692627,1.0823482275009155,-0.908275306224823
1403903692760260609,negative,0.6208392977714539,0.4711461365222931,1.7362009286880493
1403903693460848648,neutral,1.389755368232727,0.4245333671569824,1.2610479593276978
1403903694136086529,negative,0.3939749598503113,-0.7174999117851257,2.257904291152954
1403903695675441159,negative,0.9625135660171509,-0.5638002157211304,2.1158411502838135
1403903697457799174,neutral,1.9121490716934204,-0.22612902522087097,1.0485408306121826
1403903698221289475,negative,0.8652746081352234,-0.5911691188812256,2.2163925170898438
1403903700653854721,negative,0.9074090123176575,-0.8986889123916626,2.3001294136047363
1403903701023133698,positive,1.7727986574172974,3.520382881164551,-0.8777637481689453
1403903701262163974,neutral,1.8040281534194946,1.5395513772964478,0.20302696526050568
1403903702100942854,neutral,2.655020236968994,1.370143175125122,-0.23787204921245575
1403903702650470410,neutral,1.8309524059295654,0.958121657371521,0.2892775237560272
1403903704357605383,neutral,1.6855744123458862,0.37137293815612793,0.37932199239730835
1403903704558931974,negative,0.7476305961608887,-1.2964582443237305,4.0098466873168945
1403903704973987841,neutral,1.0118540525436401,0.862525999546051,0.1354171186685562
1403903705825611782,negative,0.7182086706161499,-0.6778485178947449,1.8892135620117188
1403903706379259908,negative,0.6005589365959167,0.11980727314949036,1.8880916833877563
1403903706677059584,neutral,0.8875938057899475,0.7508223652839661,0.34690621495246887
1403903708790853637,neutral,1.6391627788543701,-0.7748795747756958,1.1377018690109253
1403903709407440897,negative,0.7963661551475525,-0.30256402492523193,2.403778553009033
1403903710326149121,neutral,1.0611318349838257,0.5736849308013916,0.554249107837677
1403903710917541888,neutral,2.506451368331909,1.4469834566116333,-0.5270969271659851
1403903710967865349,negative,0.7838588953018188,-0.8143433928489685,2.5138862133026123
1403903712440078339,negative,0.4816439151763916,-1.0267809629440308,3.552769184112549
1403903712775520258,neutral,1.5135596990585327,-0.21232223510742188,1.151080846786499
1403903712922308612,neutral,1.732077717781067,0.057468317449092865,0.2469756007194519
1403903713194954758,neutral,1.0917857885360718,0.0980859324336052,1.0750739574432373
1403903713274646531,negative,0.6782668232917786,-0.9935612082481384,3.4137799739837646
1403903713773641733,neutral,2.728470802307129,0.9876481294631958,-0.2815283238887787
1403903714910420994,positive,0.8278372883796692,3.5834996700286865,-0.2837038040161133
1403903716047032321,negative,1.3328379392623901,-1.1997720003128052,3.0109009742736816
1403903716420325385,neutral,2.133840560913086,0.1519922912120819,0.4240937829017639
1403903716592214018,negative,1.1623197793960571,-0.7283110618591309,2.481740951538086
1403903716781068292,negative,0.9995383024215698,-1.3849858045578003,3.721959352493286
1403903716789477379,neutral,1.1228432655334473,0.3682563006877899,0.637382447719574
1403903717175271424,neutral,1.5833392143249512,0.3938926160335541,0.8823683857917786
1403903718085611525,positive,0.1816471815109253,3.52020001411438,-0.255715936422348
1403903718878294019,neutral,1.6855744123458862,0.37137293815612793,0.37932199239730835
1403903718983143429,negative,1.4276797771453857,-0.5751023888587952,2.0694072246551514
1403903719113170945,negative,1.603169322013855,-0.5731078386306763,1.7391191720962524
1403903719209455616,neutral,1.5941483974456787,-0.1497924029827118,1.2119802236557007
1403903719742136321,neutral,1.4071804285049438,0.5365055799484253,0.11625605076551437
1403903720405061636,positive,2.704028606414795,4.164985656738281,-1.357851505279541
1403903721243877382,neutral,2.2204484939575195,0.13071826100349426,0.8719273805618286
1403903723152326665,neutral,1.642813801765442,0.1445990800857544,0.3841787874698639
1403903723177447424,neutral,1.9584712982177734,-0.024440810084342957,1.073732852935791
1403903723659616259,negative,0.9258137345314026,-0.4256151020526886,2.159083366394043
1403903724112662530,negative,0.6635594367980957,-0.46921345591545105,1.9162522554397583
1403903724712386571,positive,1.179135799407959,2.7607781887054443,-1.0730301141738892
1403903724783915008,neutral,2.1162407398223877,2.005575656890869,-0.459467351436615
1403903725920559109,negative,1.0456994771957397,0.30650243163108826,1.7419902086257935
1403903728495779840,negative,1.4180810451507568,-0.9168719053268433,1.8428053855895996
1403903729120673792,positive,1.9408994913101196,3.7028722763061523,-0.996096134185791
1403903729573810178,negative,0.9246279001235962,-0.6265786290168762,2.606076717376709
1403903729586388994,neutral,1.828971028327942,0.030883748084306717,1.0262316465377808
1403903729695395844,negative,0.7055714726448059,-0.6770668029785156,2.8967885971069336
1403903730408325121,negative,1.8389782905578613,-0.8174882531166077,1.8893747329711914
1403903730609762306,neutral,1.6855744123458862,0.37137293815612793,0.37932199239730835
1403903730668376064,neutral,1.8759791851043701,-0.4019628167152405,1.313067078590393
1403903731259691008,neutral,0.9220935702323914,0.4227789044380188,0.6528863310813904
1403903731306045443,neutral,1.2093027830123901,0.04860803484916687,1.198460340499878
1403903731431710723,negative,1.33653724193573,-0.5189470052719116,2.6768620014190674
1403903731662417922,negative,1.0172924995422363,0.8058074116706848,1.1356148719787598
1403903733222629376,negative,1.2855278253555298,-0.5446938276290894,2.3300554752349854
1403903733361123329,positive,1.5778287649154663,2.534390926361084,0.15320521593093872
1403903734640435210,negative,0.976747989654541,-0.8929893374443054,3.1557862758636475
1403903735257051140,neutral,1.6855744123458862,0.37137293815612793,0.37932199239730835
1403903735793868803,neutral,1.504752278327942,-0.29704099893569946,1.2089763879776
1403903737093967875,positive,3.3633549213409424,3.944154739379883,-1.5529454946517944
1403903738537033730,neutral,1.8023191690444946,-0.41020384430885315,1.5347999334335327
1403903739447046144,neutral,1.9067600965499878,1.6915558576583862,-0.05115816742181778
1403903739753234445,negative,0.9258137345314026,-0.4256151020526886,2.159083366394043
1403903740298416129,neutral,1.4685286283493042,1.3584407567977905,-0.6150806546211243
1403903740827127809,neutral,1.0928045511245728,0.3101691007614136,0.8269418478012085
1403903741451849730,positive,0.996313750743866,2.035997152328491,0.06840989738702774
1403903742697783297,negative,0.5049619674682617,0.9324029684066772,1.3395769596099854
1403903743125463046,neutral,3.511324405670166,2.67182993888855,-1.0388596057891846
1403903743519825922,negative,1.4494959115982056,-0.9917873740196228,2.537749767303467
1403903744123736068,neutral,2.5502030849456787,1.2705144882202148,-0.7324720621109009
1403903744329220101,neutral,3.530146598815918,1.6300078630447388,-1.0650410652160645
1403903744371302401,neutral,1.7538422346115112,0.13836950063705444,0.4726860821247101
1403903747089068034,neutral,2.1617162227630615,-1.0657998323440552,2.0157406330108643
1403903747772719106,negative,0.9151040315628052,0.020390532910823822,1.4409276247024536
1403903747789578244,negative,0.20688870549201965,-0.6107762455940247,2.0592126846313477
1403903748263464960,negative,1.3783893585205078,0.08099626749753952,1.7644765377044678
1403903750343954433,negative,1.7940171957015991,-0.9324373006820679,1.822316288948059
1403903751145017346,negative,1.0289405584335327,-0.5958243012428284,1.5321288108825684
1403903752730464260,negative,1.0636833906173706,0.9819915890693665,1.2246114015579224
1403903752948486149,neutral,2.049631357192993,0.22050803899765015,0.5705331563949585
1403903753535864834,positive,1.5421324968338013,4.419137001037598,-1.125896692276001
1403903754097750017,negative,1.0818320512771606,-0.0819755420088768,1.2431381940841675
1403903755003654146,neutral,1.000234603881836,0.7915158867835999,0.16440120339393616
1403903755385442307,neutral,2.1263768672943115,-0.28875768184661865,0.4238991439342499
1403903756748591106,neutral,1.7287256717681885,-0.22949138283729553,0.947784423828125
1403903757251801092,negative,1.3783893585205078,0.08099626749753952,1.7644765377044678
1403903757792858120,negative,0.4986918866634369,-0.09749922901391983,2.1687064170837402
1403903758116003842,negative,1.194549322128296,-0.7143181562423706,2.247427225112915
1403903759625998337,neutral,1.6855744123458862,0.37137293815612793,0.37932199239730835
1403903759814696965,negative,1.470839500427246,-1.076590895652771,2.5401387214660645
1403903761588703233,negative,1.0172924995422363,0.80580735206604,1.1356148719787598
1403903761781649408,neutral,2.146617889404297,0.7938116192817688,0.2082383632659912
1403903761802743808,negative,1.1429675817489624,-0.47753527760505676,2.184816360473633
1403903762880614400,neutral,1.4214915037155151,0.3286350965499878,0.8487669825553894
1403903763660775426,negative,0.8094863295555115,-1.1875187158584595,3.489513874053955
1403903764734615553,neutral,2.0965383052825928,0.6666525602340698,0.6154760122299194
1403903764919058434,negative,1.6757272481918335,-1.1267354488372803,2.5844035148620605
1403903765086806016,neutral,1.4962544441223145,0.11732086539268494,0.5050767064094543
1403903765611225088,neutral,2.411167621612549,1.9265496730804443,0.1141892671585083
1403903766701645825,neutral,1.4929925203323364,0.5007567405700684,0.27231213450431824
1403903769876828165,neutral,2.0373048782348633,-0.3669973313808441,1.4271632432937622
1403903770610868224,neutral,1.420275092124939,0.12626226246356964,0.5422192215919495
1403903771093000192,neutral,2.234332799911499,0.5764690041542053,-0.08703848719596863
1403903771101462528,neutral,1.998105764389038,-0.07912372797727585,1.9628030061721802
1403903771571212292,neutral,1.9403049945831299,-0.6860625743865967,0.9651775360107422
1403903771831422977,neutral,1.2082568407058716,-0.5779909491539001,1.119667887687683
1403903772422594571,negative,1.1878191232681274,0.34140655398368835,1.2404202222824097
1403903772892430341,negative,1.3328379392623901,-1.1997720003128052,3.0109009742736816
1403903772959690754,neutral,2.3092052936553955,1.911939263343811,-0.30520448088645935
1403903774704480256,neutral,2.032498598098755,1.1273915767669678,-0.23344703018665314
1403903776356921348,neutral,1.8626618385314941,0.1175389438867569,0.7756337523460388
1403903777661456384,negative,0.4564964175224304,-0.8170602321624756,3.7533464431762695
1403903777711681542,negative,1.1453747749328613,0.3837158679962158,1.3632245063781738
1403903779939008518,neutral,1.744183897972107,-0.22088462114334106,1.0206793546676636
1403903781062983682,negative,0.5341206789016724,0.415306955575943,1.6273988485336304
1403903782870728705,negative,1.3462823629379272,-1.241623044013977,2.9527995586395264
1403903783093030916,negative,1.4180810451507568,-0.916871964931488,1.8428053855895996
1403903783621459973,negative,1.3783894777297974,0.08099627494812012,1.7644766569137573
1403903784783204355,positive,3.3633551597595215,3.944155216217041,-1.5529454946517944
1403903784909099009,negative,0.39697808027267456,0.8874632120132446,1.2139320373535156
1403903784934281216,positive,2.2432477474212646,2.2634470462799072,-0.4768962860107422
1403903785076932612,negative,1.0500954389572144,-1.3240408897399902,3.569902181625366
1403903785408344066,neutral,1.442116141319275,0.9870542883872986,0.35831522941589355
1403903785739583490,neutral,1.9389549493789673,0.5584153532981873,-0.15628743171691895
1403903786070970368,negative,1.4838217496871948,-0.6801987886428833,1.7066068649291992
1403903786788147203,neutral,1.5985978841781616,-0.7025386691093445,1.2886408567428589
1403903787023089666,neutral,2.1030447483062744,-0.2695702016353607,0.503085196018219
1403903787622883334,neutral,1.1099679470062256,0.19197680056095123,0.8704604506492615
1403903787828322310,positive,1.213778018951416,1.5583857297897339,-0.11843547970056534
1403903787996168195,negative,1.3522013425827026,-0.07195083051919937,1.842908263206482
1403903788453355520,negative,1.263797640800476,-0.6594330668449402,2.059352159500122
1403903789162184706,neutral,1.8259068727493286,0.4521973133087158,1.2863296270370483
1403903790093381632,negative,1.2562401294708252,-0.054047368466854095,1.3544343709945679
1403903790453956608,negative,1.2569913864135742,-0.7931604385375977,1.9387614727020264
1403903792601522182,negative,0.37129783630371094,-0.13055184483528137,2.541135549545288
1403903796460376070,neutral,1.6087523698806763,0.13292422890663147,0.5544235706329346
1403903797676572677,negative,1.0172924995422363,0.8058072924613953,1.1356147527694702
1403903797819174916,negative,0.4564964175224304,-0.8170602321624756,3.7533464431762695
1403903797903204352,neutral,1.6855746507644653,0.37137290835380554,0.37932196259498596
1403903798729445378,negative,1.0545748472213745,-0.5156394839286804,1.2932755947113037
1403903799161458689,neutral,1.8496990203857422,0.251380980014801,0.7259879112243652
1403903799312351233,negative,0.6529846787452698,-0.2610154449939728,2.4511165618896484
1403903801166381060,negative,0.6161380410194397,-1.064854621887207,3.1989569664001465
1403903801816408070,positive,1.6461527347564697,2.2210302352905273,-0.13321442902088165
1403903801950679044,neutral,1.9584715366363525,-0.02444082498550415,1.0737329721450806
1403903802218926082,negative,1.148846983909607,-0.06030457466840744,1.9148544073104858
1403903802684579842,negative,1.3783893585205078,0.08099628984928131,1.7644766569137573
1403903802772705285,negative,1.4056938886642456,-0.5232324004173279,1.4797110557556152
1403903803003334662,negative,1.4231016635894775,-1.0576860904693604,2.40569806098938
1403903803871490052,neutral,1.025095820426941,0.7540869116783142,-0.3193514347076416
1403903805016535040,neutral,1.6855746507644653,0.37137290835380554,0.37932196259498596
1403903805620731907,negative,0.9596724510192871,-0.7619954943656921,2.479597330093384
1403903807101181952,negative,1.3366817235946655,-0.15887653827667236,1.4055930376052856
1403903807432450052,negative,1.1928852796554565,-0.24039018154144287,1.4821234941482544
1403903809534021632,neutral,2.4688456058502197,-0.9332478642463684,1.4351239204406738
1403903809668136962,negative,1.2790405750274658,-0.7555549740791321,2.193323850631714
1403903811203260420,neutral,1.3713992834091187,1.0871847867965698,0.0027624089270830154
1403903811475832835,negative,1.3134132623672485,-0.5762357115745544,1.6616077423095703
1403903811748438019,negative,1.3742369413375854,-0.6754470467567444,1.4100393056869507
1403903812910211072,negative,1.8389782905578613,-0.8174883127212524,1.8893749713897705
1403903814214717445,negative,1.4077091217041016,-0.8344559669494629,2.3186957836151123
1403903814877523982,neutral,1.5640215873718262,1.2690976858139038,0.1085522323846817
1403903814969659395,neutral,1.5336894989013672,0.3652316629886627,0.9698959589004517
1403903815644893186,positive,1.9316705465316772,2.1811797618865967,-0.5911886692047119
1403903818270527493,negative,1.0318316221237183,-0.6427058577537537,1.6042648553848267
1403903820082520065,negative,1.3664056062698364,-0.6712199449539185,2.262554168701172
1403903820174819328,neutral,1.4481298923492432,0.588530421257019,0.8145623207092285
1403903820682436610,negative,1.27483069896698,-0.541269838809967,1.2789483070373535
1403903821429022720,negative,0.7356282472610474,-1.0188980102539062,3.5303397178649902
1403903821726642176,negative,1.4106166362762451,-0.3626219928264618,1.4732586145401
1403903821772771328,neutral,1.5978000164031982,0.07402771711349487,0.7179110050201416
1403903822049648641,neutral,1.6077783107757568,0.005293063819408417,0.9944087862968445
1403903823098400771,neutral,1.379625916481018,-0.07662772387266159,0.7117829322814941
1403903824406798339,neutral,2.3641557693481445,1.4453924894332886,0.6169096827507019
1403903825786945538,neutral,2.8217251300811768,0.025734826922416687,0.5355105400085449
1403903825874931717,neutral,1.4881014823913574,0.5092955231666565,0.2905157804489136
1403903826357362690,neutral,1.3306506872177124,1.3054211139678955,0.37367919087409973
1403903826634153985,neutral,1.9305278062820435,-0.40080776810646057,0.9867516160011292
1403903830350200833,neutral,1.474593162536621,-0.36949023604393005,1.0016415119171143
1403903830920728582,neutral,1.2400773763656616,0.850336492061615,0.11373037099838257
1403903831306432522,negative,1.1778491735458374,-0.8547789454460144,1.9479931592941284
1403903835169456128,positive,1.2384381294250488,2.383713722229004,0.13601145148277283
1403903835203121155,neutral,1.594304084777832,0.46277767419815063,0.4036678671836853
1403903835270176768,negative,1.1899511814117432,0.7515323162078857,1.4200717210769653
1403903835433746446,negative,1.0406744480133057,0.02204001694917679,1.062070369720459
1403903836490715141,negative,1.1954277753829956,-0.6667435765266418,2.4138054847717285
1403903837182693377,neutral,1.6424384117126465,0.23598861694335938,0.894818902015686
1403903837832941569,negative,0.6983935832977295,-0.8131837844848633,3.327765703201294
1403903838223015938,negative,0.6154740452766418,0.5813928842544556,1.4845871925354004
1403903838415851520,neutral,2.160883903503418,0.15870773792266846,0.06831908226013184
1403903839011446788,negative,1.6705219745635986,-0.30803531408309937,1.7488199472427368
1403903839405805568,neutral,1.4986008405685425,1.1398612260818481,0.44313299655914307
1403903839871377412,neutral,1.0779736042022705,0.8283190131187439,-0.1045321598649025
1403903841263751170,neutral,2.8100857734680176,0.49450236558914185,0.2835443615913391
1403903841565696002,negative,1.1453747749328613,0.38371574878692627,1.3632246255874634
1403903841871962115,neutral,1.6825121641159058,-0.19890761375427246,0.45728039741516113
1403903842287300609,negative,0.8610331416130066,-0.5319135189056396,1.6798917055130005
1403903844539518976,neutral,1.615647792816162,1.0034308433532715,0.9610843062400818
1403903844740866051,neutral,1.4843209981918335,0.7425756454467773,0.5757811665534973
1403903845642739712,negative,0.25393059849739075,-0.2752067446708679,1.1213436126708984
1403903846695456770,neutral,1.0924711227416992,0.008164405822753906,0.687080442905426
1403903846938648576,negative,1.0819801092147827,0.7498947978019714,1.113730788230896
1403903847043452932,positive,0.24420520663261414,2.529228687286377,0.10704988986253738
1403903847576244224,neutral,2.036545991897583,-0.29658573865890503,1.1426016092300415
1403903850352824326,negative,0.8579026460647583,-0.5513149499893188,2.4309041500091553
1403903851519000582,positive,0.4737494885921478,1.2970268726348877,0.9387255907058716
1403903853527920641,neutral,2.5988194942474365,0.6930151581764221,0.10426470637321472
1403903855658631174,neutral,1.393426537513733,0.06525804102420807,1.2462577819824219
1403903856388444161,negative,1.4529763460159302,-1.1494698524475098,2.904536247253418
1403903857005010946,neutral,1.8933141231536865,-0.7749471068382263,1.6168376207351685
1403903857097207819,negative,1.0499823093414307,-1.288051724433899,3.6826648712158203
1403903857315352577,neutral,1.7560715675354004,1.3321006298065186,0.405705988407135
1403903857500078083,positive,1.095235824584961,1.1741007566452026,0.3284231722354889
1403903859647471622,neutral,1.7983269691467285,0.06256909668445587,1.1818031072616577
1403903861602111488,negative,0.6439996361732483,-1.2103722095489502,3.6401169300079346
1403903861883117572,negative,0.7198033928871155,-0.9126680493354797,2.6887547969818115
1403903863124488195,positive,0.8855282664299011,0.8949638605117798,0.7675893306732178
1403903863393030148,neutral,1.8293607234954834,1.2084933519363403,0.2435539811849594
1403903864580026372,neutral,2.0730183124542236,0.9931532740592957,0.16732405126094818
1403903866450579458,neutral,2.5755836963653564,0.8180806040763855,0.05221547931432724
1403903866803044355,neutral,2.489001989364624,1.8044178485870361,-0.73152095079422
1403903867100803072,neutral,2.1617162227630615,-1.0657998323440552,2.0157408714294434
1403903867214077954,neutral,2.0762929916381836,-0.8024169206619263,1.700167179107666
1403903867369181192,neutral,1.5824435949325562,0.20389561355113983,0.5083481073379517
1403903867432030211,neutral,2.0509448051452637,0.30172473192214966,0.5288617610931396
1403903867671171073,neutral,1.6855746507644653,0.37137290835380554,0.37932196259498596
1403903868216307712,negative,1.2667111158370972,-0.26224103569984436,1.7691842317581177
1403903869386563586,negative,1.5310814380645752,-0.7731801271438599,1.6433340311050415
1403903869583859715,neutral,1.128926157951355,0.6475759148597717,0.43163806200027466
1403903869747273735,neutral,2.54496169090271,1.0968326330184937,-0.33817335963249207
1403903870586159106,positive,2.155809164047241,3.8438241481781006,-1.5741958618164062
1403903873492959232,positive,1.5937443971633911,1.8328062295913696,-0.06595920026302338
1403903874100994054,neutral,2.28991436958313,1.3045523166656494,-0.24941156804561615
1403903874285465601,negative,0.6457942128181458,-0.9697280526161194,3.045773983001709
1403903874436530181,negative,0.35076385736465454,-1.0415796041488647,3.53064227104187
1403903874688184321,neutral,1.615647792816162,1.0034308433532715,0.9610843062400818
1403903874747056130,negative,0.961870551109314,-0.6250995993614197,2.615309000015259
1403903875271245827,positive,2.3379032611846924,2.525219440460205,-0.6998002529144287
1403903875334250506,neutral,1.7757548093795776,0.41473039984703064,0.7451025247573853
1403903876122628100,negative,1.3366817235946655,-0.15887653827667236,1.4055930376052856
1403903876240183297,neutral,2.217390298843384,0.3097662925720215,0.34107810258865356
1403903876366016519,negative,1.3447706699371338,0.29670560359954834,1.686631441116333
1403903877221478400,negative,1.1919618844985962,-0.5123273134231567,1.6850128173828125
1403903877301276677,neutral,1.3856589794158936,0.19503793120384216,0.8319286704063416
1403903877339041794,negative,1.8586686849594116,-0.9578986167907715,1.9221744537353516
1403903877662101504,neutral,2.003999710083008,0.39730188250541687,0.7307682037353516
1403903879448780814,neutral,1.737485647201538,0.0761222392320633,1.1776483058929443
1403903879507431424,neutral,2.960075616836548,0.882236659526825,0.04866312816739082
1403903880623267841,neutral,3.8425395488739014,1.7328801155090332,-0.7808089256286621
1403903880841232390,neutral,1.5385280847549438,0.856423020362854,0.10642801225185394
1403903881709563906,positive,0.563556432723999,0.6622942090034485,0.6071049571037292
1403903881839579136,neutral,1.3094340562820435,0.4714297354221344,1.2556999921798706
1403903882649088001,neutral,3.035738229751587,2.7896530628204346,-0.5195631980895996
1403903883924156416,negative,1.0976799726486206,-0.7111737132072449,1.7423356771469116
1403903884935020550,negative,1.2178982496261597,-0.5904872417449951,1.6633033752441406
1403903885949943811,negative,1.7306760549545288,-1.0988739728927612,2.5418224334716797
1403903885962407936,neutral,1.4671486616134644,-0.1719343662261963,0.8173034191131592
1403903886612570112,neutral,1.571476936340332,0.8740089535713196,-0.15736958384513855
1403903887178833925,negative,1.1936008930206299,-0.4044683277606964,1.6423882246017456
1403903888059633666,negative,1.0172924995422363,0.8058072924613953,1.1356148719787598
1403903889246728192,neutral,1.183512568473816,1.075599193572998,0.13303044438362122
1403903889636839428,negative,0.9925482869148254,-0.6984715461730957,2.662371873855591
1403903890223947780,negative,0.6129093766212463,0.9359296560287476,1.5633715391159058
1403903890383273985,neutral,1.2254502773284912,0.8646102547645569,0.5978625416755676
1403903892409225220,negative,0.9133373498916626,-0.5584269762039185,2.0227062702178955
1403903892610420743,positive,2.155809164047241,3.8438241481781006,-1.5741958618164062
1403903893046632450,negative,1.3984869718551636,-0.7752857208251953,2.5622048377990723
1403903893688442882,neutral,2.506451368331909,1.4469834566116333,-0.5270968675613403
1403903893818335233,negative,0.6770751476287842,0.198045551776886,1.2896679639816284
1403903894489645056,negative,1.6884807348251343,-0.29467520117759705,1.7092063426971436
1403903894649028613,negative,1.4112136363983154,-0.4597434103488922,1.5471112728118896
1403903894741164033,negative,0.9084785580635071,-0.2828884422779083,1.7174503803253174
1403903895026520065,neutral,1.6855746507644653,0.37137290835380554,0.37932196259498596
1403903895441743873,negative,0.9939948320388794,0.12893007695674896,1.3424056768417358
1403903895794073603,neutral,1.6077783107757568,0.005293063819408417,0.9944087862968445
1403903896427192328,neutral,1.055912733078003,0.9302484393119812,0.34842386841773987
1403903896712585217,neutral,1.2400773763656616,0.850336492061615,0.11373037099838257
1403903897928863751,neutral,2.183211326599121,1.3436706066131592,-0.04675918072462082
1403903897949937664,negative,0.8733019232749939,-1.227178931236267,3.5665102005004883
1403903898356654083,negative,0.7323041558265686,-1.3676931858062744,4.239696502685547
1403903898843172866,negative,1.0737918615341187,0.24278193712234497,1.4058887958526611
1403903899954671618,negative,1.3783893585205078,0.08099628984928131,1.7644766569137573
1403903900005060610,positive,1.2167134284973145,1.9578893184661865,0.05776695907115936
1403903901636628480,neutral,1.6006584167480469,0.3334493339061737,0.1590399593114853
1403903902647570435,neutral,1.5978000164031982,0.07402771711349487,0.7179110050201416
1403903903033352192,neutral,1.8289709091186523,0.030883703380823135,1.0262316465377808
1403903903213637633,negative,0.9860747456550598,-0.7278561592102051,1.5633476972579956
1403903903733850119,negative,1.4137473106384277,-0.6153525114059448,1.7602788209915161
1403903905008848896,neutral,1.562781810760498,0.766287088394165,0.6512877941131592
1403903905914839041,negative,0.9907123446464539,-0.11486297100782394,1.6326662302017212
1403903906300710913,negative,0.6844202280044556,-0.338707834482193,1.8821460008621216
1403903909169483781,negative,0.315359890460968,-0.28070446848869324,2.047783851623535
1403903909282816001,positive,1.9266300201416016,1.9777940511703491,0.061685286462306976
1403903909425520640,negative,1.2342404127120972,-0.6635470986366272,2.4349684715270996
1403903909790240775,negative,0.9929910898208618,-0.7368530035018921,1.9260650873184204
1403903910998429699,neutral,1.6077783107757568,0.005293063819408417,0.9944087862968445
1403903911111450624,neutral,2.133840560913086,0.1519922912120819,0.42409375309944153
1403903911895785474,neutral,2.1832115650177,1.3436704874038696,-0.04675917327404022
1403903911942000641,negative,1.0172923803329468,0.80580735206604,1.1356149911880493
1403903912378241024,neutral,2.177549123764038,-0.11665070801973343,0.871131420135498
1403903913011544066,positive,1.7197037935256958,1.8178396224975586,0.4968729019165039
1403903914102050818,positive,1.0766242742538452,2.982367992401123,-0.16834141314029694
1403903914597101573,positive,1.2160145044326782,4.052539825439453,-0.993114709854126
1403903915523932165,neutral,1.3826661109924316,-0.31286710500717163,1.0079045295715332
1403903917595955206,neutral,2.229457378387451,-0.17331549525260925,0.49927741289138794
1403903917885333506,positive,1.617745041847229,2.081576108932495,0.002349209040403366
1403903918854197249,neutral,1.9334681034088135,-0.4662005603313446,1.3963390588760376
1403903919227510789,negative,1.675727128982544,-1.1267352104187012,2.5844035148620605
1403903919739318277,neutral,1.6747751235961914,0.9854242205619812,-0.2236032634973526
1403903919894446080,neutral,2.725471258163452,0.7758249044418335,-0.08433766663074493
1403903920607576067,negative,1.0421358346939087,-1.4005426168441772,3.835747480392456
1403903920661942273,neutral,1.281808853149414,0.7018120288848877,0.9306322336196899
1403903921182187529,negative,0.9998209476470947,-0.43130502104759216,2.5817995071411133
1403903921417076738,neutral,2.4621315002441406,0.010886073112487793,0.29161524772644043
1403903921861447690,positive,2.2271289825439453,3.158660650253296,-1.0253105163574219
1403903921941368835,negative,1.157552719116211,-1.1493439674377441,2.7712957859039307
1403903922721394689,negative,1.8056939840316772,-0.9287742376327515,1.8879928588867188
1403903925078593537,neutral,2.0398099422454834,0.6565145254135132,0.08112094551324844
1403903926374649858,negative,1.3484361171722412,-0.2994024455547333,1.7680084705352783
1403903926420836353,negative,1.528106927871704,-1.5385515689849854,3.9283511638641357
1403903926844506112,neutral,1.615647792816162,1.0034308433532715,0.9610843062400818
1403903932276092928,neutral,2.3909125328063965,2.009658098220825,-0.4115602672100067
1403903932405932035,negative,1.4026166200637817,-1.0681374073028564,2.739257335662842
1403903933207040000,negative,0.8858678936958313,-1.1428228616714478,3.129704475402832
1403903934935158794,neutral,2.3180768489837646,0.7701128125190735,-0.15322785079479218
1403903934947856384,negative,1.345271110534668,-0.872058629989624,1.7889806032180786
1403903935039959043,neutral,2.1832115650177,1.3436704874038696,-0.04675917327404022
1403903935753170950,positive,0.8843191266059875,1.6066677570343018,0.11741546541452408
1403903936478728192,negative,0.8450087904930115,-0.9274854063987732,2.6241979598999023
1403903938026344449,positive,0.852933406829834,1.2892200946807861,0.08430266380310059
1403903938194284545,negative,0.5536503195762634,0.5268986821174622,1.1624330282211304
1403903939901231109,positive,1.8832920789718628,3.1380927562713623,-0.5668795704841614
1403903940144427013,neutral,2.0246670246124268,1.0715646743774414,-0.05561394989490509
1403903941323022342,negative,0.8634677529335022,-0.4098218083381653,2.481757879257202
1403903941415292944,negative,1.3916761875152588,-0.8164408206939697,1.8229349851608276
1403903941973250052,neutral,1.1432080268859863,0.4271027743816376,-0.14237765967845917
1403903942958981123,neutral,1.9200304746627808,0.0010941028594970703,1.3634591102600098
1403903943722295297,neutral,1.642813801765442,0.14459910988807678,0.3841787576675415
1403903944238174215,neutral,2.5457308292388916,1.3318945169448853,-0.5181329250335693
1403903945169412103,neutral,2.004427194595337,1.2069947719573975,-0.16071751713752747
1403903945173393409,neutral,1.3417619466781616,0.23515179753303528,0.9093614816665649
1403903945429250049,negative,1.0819801092147827,0.7498947978019714,1.113730788230896
1403903947895709698,negative,1.6991264820098877,-0.904080867767334,2.408292770385742
1403903948726194187,negative,1.3188105821609497,-0.46908751130104065,1.8189598321914673
1403903949208494085,positive,0.09886692464351654,1.2624820470809937,0.812547504901886
1403903949770534918,neutral,1.2079204320907593,0.6274723410606384,0.6209599375724792
1403903949904564226,neutral,1.5915629863739014,0.31362786889076233,0.712653636932373
1403903949946507268,neutral,1.7523550987243652,1.0580638647079468,0.09252212941646576
1403903950147969026,neutral,2.003999710083008,0.39730188250541687,0.7307682037353516
1403903950261145602,negative,0.5625526905059814,-0.9311900734901428,3.2532689571380615
1403903950772973569,negative,0.34129735827445984,0.3845440745353699,2.1323628425598145
1403903952282816514,negative,1.9168031215667725,-0.9358423352241516,1.9408724308013916
1403903953625026565,negative,1.2267593145370483,-0.1980900764465332,1.8586796522140503
1403903953880846336,positive,2.2271289825439453,3.158660650253296,-1.0253105163574219
1403903954090668038,neutral,1.4761836528778076,-0.04370289295911789,1.075429916381836
1403903955260821508,negative,1.1923052072525024,0.13405397534370422,1.5541126728057861
1403903958851018754,negative,1.1391907930374146,0.4342220425605774,1.2627595663070679
1403903961556557827,positive,1.575116753578186,2.7206790447235107,-0.8064767718315125
1403903962634506243,negative,1.4112136363983154,-0.4597434103488922,1.5471112728118896
1403903963309686787,neutral,1.6855746507644653,0.37137290835380554,0.37932196259498596
1403903963351629825,neutral,1.86358642578125,0.5161944627761841,-0.0329098179936409
1403903963536166918,neutral,1.3390511274337769,1.147583246231079,0.984606921672821
1403903965511643139,neutral,1.5691035985946655,0.3893183171749115,0.7667457461357117
1403903965943664642,negative,1.3783893585205078,0.0809963122010231,1.7644765377044678
1403903966216294400,negative,0.15892957150936127,-0.4396822154521942,2.4449663162231445
1403903966300098561,negative,1.5873006582260132,-0.7049157023429871,1.6203784942626953
1403903966686101505,neutral,2.345611810684204,1.2322516441345215,-0.555264949798584
1403903967155789829,neutral,3.530146598815918,1.6300079822540283,-1.0650410652160645
1403903968455970816,neutral,3.6189329624176025,1.4409960508346558,-0.8887683153152466
1403903968627990533,negative,1.0684186220169067,-1.2743077278137207,3.3524434566497803
1403903968913199104,negative,0.45383256673812866,-0.31613603234291077,3.2521073818206787
1403903969034969088,negative,1.199794054031372,-0.8993456959724426,2.8312973976135254
1403903969781559296,neutral,1.8132344484329224,0.6394875049591064,0.6743029356002808
1403903969957609472,neutral,1.7825998067855835,-0.30277884006500244,1.111691951751709
1403903970637094912,neutral,1.1830010414123535,1.03488028049469,0.34436172246932983
1403903972897804298,negative,1.3191657066345215,-0.2985604703426361,2.508216619491577
1403903974395187200,positive,1.3991832733154297,8.206305503845215,-1.93783700466156
1403903974596497412,neutral,1.8259773254394531,-0.7735645174980164,1.5164076089859009
1403903974655369225,positive,0.9755067825317383,2.392209053039551,0.05358441546559334
1403903974919475206,negative,1.723507285118103,-0.9839702844619751,1.8752975463867188
1403903975066423297,neutral,1.724899411201477,-0.3869604170322418,0.9879165291786194
1403903975540338688,neutral,2.003999710083008,0.39730188250541687,0.7307682037353516
1403903977125814272,neutral,2.1617159843444824,-1.0657997131347656,2.0157406330108643
1403903978702880775,neutral,1.958471417427063,-0.024440810084342957,1.0737329721450806
1403903980426645509,negative,1.4191484451293945,-0.6366269588470459,1.785481572151184
1403903980955185159,neutral,1.4340541362762451,-0.158622145652771,1.3099592924118042
1403903981005516801,negative,0.908248245716095,-0.23541682958602905,1.8576146364212036
1403903983333298180,neutral,1.6375460624694824,0.06716183573007584,1.0332510471343994
1403903985145106435,neutral,3.0246379375457764,1.2367793321609497,-0.792132556438446
1403903986973900801,neutral,1.1304302215576172,0.7891003489494324,0.14570842683315277
1403903987468939266,neutral,1.5166484117507935,-0.15863671898841858,0.9473078846931458
1403903987976376323,neutral,1.545127511024475,0.6438796520233154,0.320677787065506
1403903988580319233,negative,0.8170415163040161,0.409336656332016,1.2064309120178223
1403903990027464709,neutral,1.5040348768234253,0.14220832288265228,0.5918683409690857
1403903990241312770,negative,0.9180366396903992,0.39027345180511475,1.3256551027297974
1403903991340179465,neutral,1.0226582288742065,0.7892371416091919,0.8554366230964661
1403903992850223104,neutral,1.6855746507644653,0.37137290835380554,0.37932196259498596
1403903992879587335,neutral,1.8835499286651611,0.8888718485832214,0.3805510699748993
1403903993743560705,neutral,1.6855746507644653,0.37137290835380554,0.37932196259498596
1403903994104217600,positive,1.298970341682434,6.781023979187012,-1.7979052066802979
1403903995735773189,positive,1.7747058868408203,3.4235787391662598,-0.5406714677810669
1403903997422022658,negative,1.3905624151229858,-0.9074497222900391,2.384300470352173
1403903998277476354,negative,0.7002885937690735,-0.2802177667617798,2.272458553314209
1403903998680203267,negative,1.0172924995422363,0.8058072924613953,1.1356148719787598
1403903999317745666,neutral,1.5173251628875732,-0.8339356780052185,1.3105396032333374
1403904001452691458,neutral,2.2518184185028076,2.035719871520996,-0.4970460534095764
1403904002807369728,negative,0.9332357048988342,-0.28317010402679443,2.3416171073913574
1403904004795609090,negative,0.8323348164558411,0.08698143810033798,1.2959829568862915
1403904005869387781,neutral,1.6855746507644653,0.37137290835380554,0.37932196259498596
1403904006305587202,negative,0.3300892412662506,0.09346168488264084,2.335602283477783
1403904007949651970,negative,0.9898883104324341,-0.12409044057130814,1.5635602474212646
1403904008821952518,positive,0.8097522258758545,1.2995210886001587,0.10947388410568237
1403904008960544770,neutral,1.6855746507644653,0.37137290835380554,0.37932196259498596
1403904009216434179,neutral,2.152759075164795,1.2949774265289307,-0.7172876000404358
1403904010021609475,negative,0.5011681914329529,0.08537837862968445,1.4214441776275635
1403904010126462980,negative,1.577073574066162,-0.9001023173332214,2.19911789894104
1403904010378047492,negative,1.09413743019104,-0.8348296880722046,1.8642144203186035
1403904011678273538,neutral,1.2704845666885376,-0.6624653339385986,1.2633485794067383
1403904011787411456,negative,0.3366858661174774,0.19151030480861664,2.5144128799438477
1403904013469319169,positive,1.0514614582061768,1.8944063186645508,0.06396206468343735
1403904013561643015,negative,1.4180810451507568,-0.916871964931488,1.8428053855895996
1403904013884694528,negative,1.1833752393722534,-0.9451281428337097,2.060715675354004
1403904014266347522,negative,1.3250322341918945,-0.5132935643196106,1.959848165512085
1403904014849245185,neutral,1.4723707437515259,0.9157058596611023,-0.519487738609314
1403904015486832645,negative,1.5402768850326538,-1.147606611251831,2.6668591499328613
1403904015881097216,neutral,1.6855744123458862,0.371372789144516,0.37932199239730835
1403904016057253889,negative,0.589168906211853,-0.845055341720581,3.2027339935302734
1403904016766095364,neutral,1.712550163269043,-0.8102114200592041,1.660491943359375
1403904017210634240,neutral,1.7588891983032227,0.08880142122507095,1.3759818077087402
1403904017831325698,neutral,1.2704845666885376,-0.6624653339385986,1.2633485794067383
1403904018426957828,negative,0.8508397936820984,-0.5400751829147339,2.447521209716797
1403904021446995972,negative,0.6439996361732483,-1.2103722095489502,3.6401169300079346
1403904021694320645,negative,1.1283595561981201,0.16258317232131958,1.3934255838394165
1403904022403334144,neutral,2.8217251300811768,0.025734826922416687,0.5355105400085449
1403904023980249091,negative,1.313413143157959,-0.5762357115745544,1.6616077423095703
1403904024215130115,negative,1.2421324253082275,0.12206996232271194,1.7066165208816528
1403904024479293443,negative,1.0172924995422363,0.8058074116706848,1.1356148719787598
1403904025066577925,negative,1.2667111158370972,-0.26224109530448914,1.7691844701766968
1403904026169823233,negative,0.6448530554771423,0.3175247609615326,1.9224703311920166
1403904026333356033,neutral,1.6470698118209839,0.8323496580123901,0.9225755929946899
1403904027264372736,positive,1.9390075206756592,5.046139717102051,-1.3238824605941772
1403904027922817030,neutral,1.9403051137924194,-0.6860625743865967,0.9651775360107422
1403904028233269249,negative,0.8586764335632324,0.9716755747795105,1.1331026554107666
1403904028933718017,positive,2.2271289825439453,3.158660650253296,-1.0253105163574219
1403904029118238720,positive,1.5071053504943848,3.0101571083068848,-0.5188543200492859
1403904029210537985,neutral,0.9930069446563721,0.9230191111564636,0.7330401539802551
1403904029357453312,negative,1.600744605064392,-1.2062617540359497,3.0223491191864014
1403904030192058370,positive,1.1264758110046387,4.419130325317383,-1.2896403074264526
1403904031966339073,neutral,2.4615650177001953,0.5776306390762329,0.21979936957359314
1403904032398266373,neutral,1.927438735961914,-0.16544857621192932,0.9127357602119446
1403904034612854796,positive,1.9125639200210571,2.1415109634399414,-0.13393767178058624
1403904034990403586,neutral,1.4776815176010132,0.24137291312217712,0.46585580706596375
1403904036508626949,negative,1.4747862815856934,-0.6385427117347717,1.4979108572006226
1403904036785594368,negative,1.2923626899719238,-1.1218851804733276,2.555088996887207
1403904036907089920,positive,1.028043270111084,1.6505008935928345,0.10772055387496948
1403904037443969025,neutral,1.9403051137924194,-0.6860625743865967,0.9651775360107422
1403904039197102085,neutral,2.1832115650177,1.3436704874038696,-0.04675917327404022
1403904040212123654,neutral,2.9056429862976074,1.5181291103363037,-0.6850157976150513
1403904040845598728,neutral,1.025123953819275,0.331443727016449,0.7261099219322205
1403904040862318592,negative,1.3328378200531006,-1.1997720003128052,3.0109009742736816
1403904041466404864,neutral,1.502968430519104,0.18826811015605927,1.2533531188964844
1403904041990635521,neutral,1.0928045511245728,0.3101690709590912,0.8269419074058533
1403904042338816004,neutral,1.070691704750061,0.61469966173172,0.49308279156684875
1403904042431090693,neutral,2.1617162227630615,-1.0657998323440552,2.0157408714294434
1403904042896531457,neutral,1.48771333694458,0.8119328618049622,0.4770771861076355
1403904046247911424,negative,1.10096275806427,-0.7646116614341736,2.274383544921875
1403904046969327620,neutral,1.6855746507644653,0.37137290835380554,0.37932196259498596
1403904047581519872,positive,2.101590633392334,4.405062198638916,-1.6565155982971191
1403904048483426307,negative,1.1928852796554565,-0.24039024114608765,1.482123613357544
1403904049628336131,negative,0.46377867460250854,-0.5736088156700134,3.7025578022003174
1403904049695453184,negative,1.0025691986083984,-0.8021319508552551,2.8853774070739746
1403904051150917632,neutral,1.1475781202316284,0.847227156162262,0.4365900754928589
1403904051289362433,negative,0.8905640244483948,0.719788134098053,1.4098148345947266
1403904051599663104,negative,1.0349915027618408,-1.3810174465179443,4.151446342468262
1403904052166074369,positive,1.0295062065124512,4.5853657722473145,-1.1456894874572754
1403904052203642884,neutral,1.9917658567428589,1.7054911851882935,-0.5731326341629028
1403904053533421573,neutral,1.8309522867202759,0.9581217169761658,0.2892775535583496
1403904053592137729,negative,1.3366817235946655,-0.15887653827667236,1.4055930376052856
1403904053675847682,negative,1.1928852796554565,-0.24039021134376526,1.4821234941482544
1403904053910855680,neutral,1.655745267868042,0.5212509632110596,0.6115459203720093
1403904053969666049,neutral,1.8957023620605469,0.49880144000053406,0.26516610383987427
1403904054065963012,neutral,1.1115350723266602,0.2538411319255829,0.994918942451477
1403904058239430658,negative,0.29870352149009705,0.3636274039745331,0.5064343214035034
1403904058914713606,neutral,1.474593162536621,-0.36949023604393005,1.0016415119171143
1403904058927243265,positive,0.7111865878105164,1.1496541500091553,0.1317531168460846
1403904059388485642,neutral,1.8835499286651611,0.8888718485832214,0.3805510699748993
1403904060533600263,neutral,1.7780550718307495,-0.32790815830230713,0.8943874835968018
1403904060554625024,neutral,1.2246146202087402,0.6200432777404785,0.18987591564655304
1403904061062086662,negative,1.3328378200531006,-1.1997720003128052,3.0109009742736816
1403904061368328194,neutral,1.6855747699737549,0.37137287855148315,0.37932199239730835
1403904062035152897,negative,1.0172924995422363,0.8058074116706848,1.1356148719787598
1403904063981461506,neutral,1.2142720222473145,1.1415055990219116,1.1704903841018677
1403904064643944450,neutral,0.9220936298370361,0.422778844833374,0.6528864502906799
1403904066829402112,neutral,1.7373532056808472,-0.01736733317375183,1.4273333549499512
1403904067848622082,negative,0.9117292761802673,0.3137029707431793,1.3016350269317627
1403904067856863234,neutral,1.6653332710266113,0.9958205819129944,-0.5258178114891052
1403904067970105348,negative,0.8922638297080994,0.7053442001342773,1.0252512693405151
1403904069463285760,positive,1.3678838014602661,5.083220481872559,-1.571494460105896
1403904069970714628,neutral,2.1617162227630615,-1.0657998323440552,2.0157408714294434
1403904070482599937,neutral,1.4188427925109863,0.3762683570384979,0.7634860873222351
1403904070667091968,neutral,2.1832115650177,1.3436704874038696,-0.04675917327404022
1403904071342477321,neutral,1.2262275218963623,0.7909786701202393,0.5968294739723206
1403904071594037250,positive,1.7462825775146484,1.8249918222427368,-0.0877644419670105
1403904071816331264,negative,0.862430214881897,-0.6983371376991272,3.0804457664489746
1403904072491704321,negative,1.8735040426254272,-1.0990984439849854,2.1328928470611572
1403904073745715200,neutral,1.6855746507644653,0.37137290835380554,0.37932196259498596
1403904076400656386,neutral,1.8843357563018799,1.8005820512771606,-0.8493801355361938
1403904076958470148,negative,1.09710693359375,-0.7117581963539124,2.1885228157043457
1403904076975333381,negative,0.5666108727455139,-0.8695406913757324,3.228282928466797
1403904077902327810,neutral,1.1412361860275269,0.2980322539806366,0.7620062828063965
1403904078581833728,neutral,0.988772988319397,0.5069188475608826,0.7101574540138245
1403904078757961728,neutral,1.6855745315551758,0.37137287855148315,0.37932196259498596
1403904080242786304,neutral,2.8593556880950928,1.2568782567977905,-0.3736957907676697
1403904081291366403,negative,1.1313947439193726,0.2555813491344452,1.1418211460113525
1403904081387741187,negative,1.001376986503601,-0.12062940746545792,1.6710125207901
1403904082507665409,neutral,1.495317816734314,0.793766975402832,0.23924075067043304
1403904083077984262,neutral,3.530146598815918,1.6300079822540283,-1.0650410652160645
1403904083292008454,negative,0.6439996361732483,-1.2103722095489502,3.6401169300079346
1403904083598090242,negative,1.363402009010315,-0.6022191047668457,1.7817509174346924
1403904083715452929,negative,1.4040236473083496,-0.8634890913963318,1.9171342849731445
1403904084143378433,negative,1.1853126287460327,-0.7408862113952637,2.824706554412842
1403904084202213381,negative,1.2562402486801147,-0.05404738336801529,1.3544343709945679
1403904084512436229,neutral,2.23433256149292,0.5764691233634949,-0.08703844249248505
1403904085074464775,neutral,2.1113877296447754,0.6213820576667786,-0.5065126419067383
1403904085699428357,neutral,1.5491164922714233,0.5342388153076172,0.5924621224403381
1403904086311792641,neutral,1.445405125617981,-0.5654825568199158,1.3894476890563965
1403904086383206400,neutral,1.5824435949325562,0.20389561355113983,0.5083481073379517
1403904086387220481,neutral,1.8537778854370117,1.0637625455856323,-0.4119016230106354
1403904086597017601,neutral,1.7651625871658325,-0.6149699687957764,1.4361016750335693
1403904086894792706,neutral,1.7094498872756958,1.101789116859436,-0.10633466392755508
1403904086915776516,neutral,1.9539002180099487,0.4643844664096832,0.3985483646392822
1403904087234551809,neutral,1.7354429960250854,0.11345676332712173,0.35451698303222656
1403904088597700614,positive,1.956358551979065,3.1445744037628174,-0.5726954936981201
1403904089235222532,positive,2.2271289825439453,3.158660650253296,-1.0253105163574219
1403904089373696002,negative,0.18007847666740417,-0.42733463644981384,2.480012893676758
1403904089482686466,neutral,1.2323832511901855,-0.2941426932811737,1.1886245012283325
1403904089767956483,neutral,1.4534015655517578,0.3066035211086273,1.1866832971572876
1403904090262753280,neutral,1.996438980102539,0.5471220016479492,0.23183536529541016
1403904090506104836,neutral,1.6855746507644653,0.37137290835380554,0.37932196259498596
1403904090535387137,neutral,1.2100073099136353,0.8485796451568604,0.6398365497589111
1403904090535391234,neutral,3.530146598815918,1.6300079822540283,-1.0650410652160645
1403904092288786438,neutral,1.5317754745483398,0.6050114035606384,0.853941023349762
1403904094771707914,neutral,1.2173994779586792,0.18364915251731873,1.2046613693237305
1403904094947799040,neutral,1.8835499286651611,0.8888718485832214,0.3805510699748993
1403904100362641411,neutral,2.1857287883758545,-0.7272727489471436,1.0664842128753662
1403904100522209281,neutral,3.1789588928222656,1.3468871116638184,-0.7261984348297119
1403904102875156482,negative,0.5049619078636169,0.9324029684066772,1.3395769596099854
1403904103726546947,neutral,2.306673765182495,-0.3815866708755493,0.8096886277198792
1403904104745869312,negative,1.3981354236602783,-0.4609362781047821,1.7577884197235107
1403904105249132545,neutral,1.5824435949325562,0.20389561355113983,0.5083481073379517
1403904105660121089,positive,0.9930434226989746,3.3416945934295654,-0.3004661202430725
1403904105668546561,negative,1.4139611721038818,-0.5293866395950317,1.5611358880996704
1403904105882406913,negative,1.1878188848495483,0.3414064645767212,1.2404201030731201
1403904106901741569,neutral,2.5507001876831055,-0.4420001804828644,-0.13606205582618713
1403904106910027778,negative,0.8055413961410522,-0.21882745623588562,2.3327879905700684
1403904109258887175,neutral,1.8106340169906616,0.41629907488822937,0.6457952857017517
1403904110550605824,negative,1.1290395259857178,-1.1099265813827515,2.9274001121520996
1403904110949142531,positive,2.2432477474212646,2.2634470462799072,-0.4768962264060974
1403904111691640835,neutral,1.7227951288223267,-0.2280532717704773,1.489964485168457
1403904111825858565,negative,1.1634631156921387,0.45802631974220276,1.4192317724227905
1403904112584966144,neutral,2.1204416751861572,1.5933222770690918,-0.076664038002491
1403904114036072449,neutral,2.0527820587158203,0.23196008801460266,0.3814663290977478
1403904114493321223,positive,0.7606766819953918,3.3408639430999756,-0.2806759476661682
1403904114623352836,positive,0.627349853515625,0.9754297137260437,0.6494391560554504
1403904114937970690,negative,0.9765359163284302,-0.7586604952812195,2.170238494873047
1403904115235717123,neutral,1.361903429031372,0.07836560159921646,0.8059840202331543
1403904115600625668,positive,2.2271289825439453,3.158660650253296,-1.0253105163574219
1403904115759931392,neutral,2.217390298843384,0.3097662925720215,0.34107810258865356
1403904116972163072,negative,1.0612716674804688,-0.4592091739177704,2.054311990737915
1403904117609623552,negative,1.3328378200531006,-1.1997720003128052,3.0109009742736816
1403904118410944513,negative,1.2442331314086914,0.03172038868069649,1.2460627555847168
1403904118444367882,negative,1.7090590000152588,-0.9144834280014038,1.745223879814148
1403904119094525956,negative,1.213087558746338,-0.1163826659321785,1.5395171642303467
1403904119753031682,negative,0.3601369559764862,-0.04532488435506821,1.5367052555084229
1403904119757230080,neutral,1.8709139823913574,0.7854757905006409,0.3054758608341217
1403904120512204800,negative,1.270442008972168,-0.666529655456543,1.8436036109924316
1403904121447452678,neutral,1.8770079612731934,0.33885931968688965,0.6047605872154236
1403904121686560771,neutral,1.6855746507644653,0.37137290835380554,0.37932196259498596
1403904122697383943,negative,0.9118324518203735,0.20838043093681335,1.8629621267318726
1403904123519397889,neutral,1.8151278495788574,0.7854335904121399,-0.2198629081249237
1403904125276856320,neutral,1.1691099405288696,0.2672017812728882,1.1054173707962036
1403904125335588866,positive,2.7746505737304688,4.085967540740967,-1.676058292388916
1403904127139123205,negative,1.3328378200531006,-1.1997720003128052,3.0109007358551025
1403904127621644290,neutral,1.958471417427063,-0.024440810084342957,1.073732852935791
1403904127810347014,negative,1.0057004690170288,0.3606756627559662,1.6619633436203003
1403904130234535937,neutral,1.7780550718307495,-0.32790815830230713,0.8943874835968018
1403904132214185986,positive,1.9390075206756592,5.046140193939209,-1.3238822221755981
1403904132277227521,negative,0.5909723043441772,1.1411949396133423,1.2217926979064941
1403904133359456256,negative,1.1928852796554565,-0.24039018154144287,1.4821234941482544
1403904133858533376,neutral,1.6282025575637817,0.18884898722171783,0.7864205241203308
1403904134412111872,negative,1.6300996541976929,-1.1651185750961304,2.5472285747528076
1403904135334969344,neutral,2.095207691192627,1.081225872039795,0.3291499614715576
1403904136467390470,neutral,1.197285532951355,0.23835930228233337,0.37437546253204346
1403904136727257088,negative,0.3664649724960327,0.942733645439148,1.7055988311767578
1403904138635714567,negative,0.7563338875770569,-0.29686328768730164,1.9771983623504639
1403904140217044998,negative,1.3188107013702393,-0.4690876305103302,1.8189595937728882
1403904141013897220,negative,1.1261907815933228,-0.23920926451683044,1.2154738903045654
1403904141223677958,positive,0.5867565870285034,2.4708988666534424,0.021784454584121704
1403904141647179776,negative,0.8864569067955017,-1.2278897762298584,3.5100157260894775
1403904141684998146,positive,1.0868257284164429,2.0458478927612305,-0.08541953563690186
1403904142062481411,neutral,2.644895315170288,1.4644911289215088,-0.3970116674900055
1403904142574338049,neutral,2.082852840423584,1.4338418245315552,-0.34105896949768066
1403904142578315265,neutral,1.9403051137924194,-0.6860625743865967,0.9651775360107422
1403904142616059907,neutral,1.7496435642242432,-0.07095744460821152,1.0121351480484009
1403904144008749058,negative,0.9383072257041931,0.8344056010246277,1.25910484790802
1403904144281423873,negative,1.7742365598678589,-0.5666073560714722,2.281993865966797
1403904144398716938,neutral,1.8835499286651611,0.8888718485832214,0.3805510699748993
1403904144633745410,neutral,2.506451368331909,1.4469834566116333,-0.5270968079566956
1403904144675536902,negative,0.5832062363624573,-0.2990739941596985,2.374723434448242
1403904145841704963,neutral,1.6371043920516968,0.6619529724121094,1.2485333681106567
1403904146072379395,negative,1.3094704151153564,-0.7722665071487427,1.9125237464904785
1403904146248376329,negative,0.4011104702949524,-1.2434052228927612,4.166949272155762
1403904146671996930,negative,0.9099146127700806,0.14722496271133423,1.2975640296936035
1403904146772840448,negative,1.1453747749328613,0.38371574878692627,1.3632246255874634
1403904147812876293,neutral,2.0762524604797363,0.19160538911819458,0.49072059988975525
1403904148471377920,neutral,1.4685286283493042,1.35844087600708,-0.615080714225769
1403904149465579521,negative,1.1685295104980469,-1.1919217109680176,2.797386646270752
1403904149704482816,positive,1.0943567752838135,1.3190159797668457,-0.6224281787872314
1403904149842894857,neutral,1.846817135810852,0.9869993329048157,0.1974734663963318
1403904149855424515,negative,1.011526107788086,0.4375024437904358,1.0196192264556885
1403904150463680517,negative,1.1636885404586792,-0.6984707117080688,1.9310095310211182
1403904150912516098,negative,0.7055714726448059,-0.6770667433738708,2.8967885971069336
1403904151587897345,negative,1.0815117359161377,-1.051242709159851,2.4338202476501465
1403904154033078277,neutral,1.5426077842712402,0.5317460298538208,0.2307034134864807
1403904155236851714,neutral,1.5199891328811646,0.71217942237854,0.9062369465827942
1403904155727634432,negative,1.2000999450683594,-1.0022107362747192,2.2949790954589844
1403904156067303424,negative,0.6839008331298828,-1.1833709478378296,4.089022159576416
1403904157791162368,negative,1.6223541498184204,-0.6883097290992737,1.8956931829452515
1403904159414472709,negative,1.2099300622940063,-1.1338379383087158,3.2946982383728027
1403904160639033344,neutral,2.1617162227630615,-1.0657998323440552,2.0157408714294434
1403904161264013313,positive,1.3459173440933228,2.2168476581573486,-0.4189116358757019
1403904162220236804,negative,1.0172924995422363,0.8058074116706848,1.1356148719787598
1403904162660716546,neutral,1.8709139823913574,0.7854757905006409,0.3054758608341217
1403904162870476800,negative,1.2043497562408447,-0.975781261920929,3.4271700382232666
1403904163138871299,neutral,1.445405125617981,-0.5654825568199158,1.3894476890563965
1403904164619374594,negative,1.0561439990997314,0.08149291574954987,1.527172565460205
1403904165563281408,negative,0.981178879737854,-1.0112087726593018,3.6230478286743164
1403904167828148227,positive,0.9632600545883179,1.2259540557861328,0.5449650287628174
1403904168264413184,negative,1.1959716081619263,-0.5048705339431763,2.0977530479431152
1403904168285384706,neutral,0.9794735908508301,0.7403346300125122,-0.21585394442081451
1403904168302022660,positive,1.1814546585083008,2.024617910385132,0.6635876297950745
1403904169145257993,positive,1.302916407585144,1.3456377983093262,0.3980969786643982
1403904169166180358,neutral,2.0762929916381836,-0.8024169206619263,1.700167179107666
1403904169753333766,negative,1.2003371715545654,-1.2048801183700562,3.377436637878418
1403904171804295175,neutral,1.8259773254394531,-0.7735645174980164,1.5164076089859009
1403904173205114881,negative,0.9235550761222839,0.01629750430583954,2.691636323928833
1403904174853660673,negative,1.1085838079452515,-0.4785763919353485,1.881900668144226
1403904176380383232,neutral,2.897937536239624,1.660146951675415,-0.8493906259536743
1403904176619466755,neutral,3.3731298446655273,3.2971441745758057,-1.5068323612213135
1403904176665595904,neutral,0.7636217474937439,0.4937756359577179,0.2429913431406021
1403904177634484230,neutral,1.1029317378997803,-0.24133595824241638,0.9637756943702698
1403904178448076806,neutral,1.9403051137924194,-0.6860625743865967,0.9651775360107422
1403904178796236801,negative,0.4881792366504669,0.5121238231658936,1.8476370573043823
1403904178817142784,neutral,1.3409955501556396,-0.019700735807418823,1.033163070678711
1403904179882577922,negative,0.06119672581553459,0.5303360819816589,0.9621860384941101
1403904180721434624,neutral,1.6072405576705933,0.5861523151397705,0.6104572415351868
1403904183133036551,negative,1.3912369012832642,-0.3554454743862152,2.751314640045166
1403904183338741763,neutral,1.549101710319519,-0.7296224236488342,1.4869049787521362
1403904183707832331,neutral,1.8709139823913574,0.7854757905006409,0.3054758608341217
1403904184240443393,neutral,1.2400773763656616,0.850336492061615,0.11373037099838257
1403904185318346759,positive,0.6654193997383118,0.7275207042694092,-0.02074211649596691
1403904187562217473,positive,1.044979453086853,1.2065695524215698,0.6761855483055115
1403904187793031173,neutral,2.23433256149292,0.5764691233634949,-0.08703844249248505
1403904189198049280,negative,1.152317762374878,0.19037897884845734,1.1595499515533447
1403904189395206144,negative,1.0189555883407593,0.7899302840232849,1.1891828775405884
1403904190640840705,negative,1.051249623298645,0.40618595480918884,1.166544795036316
1403904191656087554,positive,1.6855376958847046,2.223081111907959,-0.4517766833305359
1403904192587182086,negative,1.4040236473083496,-0.8634890913963318,1.9171342849731445
1403904194550116354,neutral,1.6653332710266113,0.9958205819129944,-0.5258178114891052
1403904196127059968,negative,0.9998209476470947,-0.43130502104759216,2.5817995071411133
1403904197062430720,neutral,1.4028733968734741,0.7756253480911255,0.9399577379226685
1403904197804888065,negative,0.14366424083709717,-0.07291658967733383,1.796372413635254
1403904199780298758,negative,1.159639596939087,-0.2317558228969574,2.060418128967285
1403904200073961473,neutral,1.3607540130615234,0.1348997801542282,0.2408149540424347
1403904200166109188,negative,1.013152003288269,0.4095551073551178,1.6675925254821777
1403904200275226630,neutral,1.7778605222702026,0.9227116107940674,0.31642699241638184
1403904201416089600,negative,1.4671374559402466,-0.06233759969472885,1.502140760421753
1403904201923702785,negative,1.3678394556045532,-0.6305208802223206,1.7234312295913696
1403904204150693892,negative,1.3783893585205078,0.08099628984928131,1.7644766569137573
1403904204276600834,neutral,1.8434903621673584,1.332332968711853,0.33571386337280273
1403904206176665602,negative,1.152881383895874,-1.09429132938385,2.8199377059936523
1403904206726045697,neutral,1.1890515089035034,0.6169195771217346,0.774599552154541
1403904206784942083,negative,0.7190321683883667,0.4793721139431,0.7193033695220947
1403904207695101952,positive,1.722417950630188,1.9333313703536987,0.81092768907547
1403904208500191236,neutral,1.395087480545044,0.3502946197986603,0.35602954030036926
1403904209829908483,neutral,2.1617162227630615,-1.0657998323440552,2.0157408714294434
1403904209884303360,negative,1.3070192337036133,-1.301767349243164,3.411505937576294
1403904210542923776,negative,1.6679733991622925,-1.050084114074707,2.059412717819214
1403904210677252102,neutral,2.4431447982788086,0.45777758955955505,0.15666413307189941
1403904210979094530,negative,1.6392886638641357,-1.0256565809249878,1.8654016256332397
1403904211159486464,negative,1.249825358390808,-1.197953701019287,3.11466646194458
1403904211230728194,neutral,1.775111198425293,0.6979128122329712,0.95066237449646
1403904211947900930,neutral,1.7496435642242432,-0.07095744460821152,1.0121351480484009
1403904212774244359,negative,1.1589903831481934,-1.0031464099884033,2.5382940769195557
1403904215718715392,neutral,1.6095123291015625,-0.32829609513282776,1.3286643028259277
1403904217513820160,neutral,1.5746822357177734,-0.23526418209075928,0.8232941627502441
1403904217811542020,negative,0.307828813791275,0.20983651280403137,1.5845310688018799
1403904218612654082,negative,0.33914291858673096,0.3276103436946869,1.0969206094741821
1403904221058158597,neutral,1.2109931707382202,0.38116753101348877,0.27841120958328247
1403904221573902337,neutral,2.1832115650177,1.3436704874038696,-0.04675917327404022
1403904222676938752,neutral,1.4351061582565308,0.1834573745727539,0.9281687140464783
1403904223805280256,negative,0.2922711968421936,0.8543761372566223,1.4129122495651245
1403904224132403200,negative,1.3783893585205078,0.08099628984928131,1.7644766569137573
1403904224807641092,negative,1.047080397605896,-0.3560071289539337,2.124976873397827
1403904225067757575,neutral,1.7808719873428345,-0.5067356824874878,1.6316862106323242
1403904225260847104,neutral,2.692993402481079,0.36721402406692505,-0.0989568755030632
1403904228171583489,negative,1.1261550188064575,-0.6449976563453674,1.9454048871994019
1403904228481900548,neutral,1.848779559135437,0.1500784456729889,1.4806241989135742
1403904229488566274,positive,0.7175542116165161,1.4235159158706665,0.30924028158187866
1403904230474256385,negative,0.5509545207023621,0.4732638895511627,1.3520839214324951
1403904231187353600,neutral,1.8430118560791016,0.4918992221355438,-0.13964800536632538
1403904231984275463,neutral,1.3807926177978516,0.9013091325759888,0.10424312949180603
1403904233179521029,neutral,1.4855639934539795,-0.4944510757923126,1.1031973361968994
1403904233494167555,neutral,1.8835499286651611,0.8888718485832214,0.3805510699748993
1403904234811129857,negative,1.675727128982544,-1.1267352104187012,2.5844035148620605
1403904234991624200,negative,0.9219074845314026,-1.2003475427627563,3.3634064197540283
1403904235167756298,neutral,1.4049915075302124,-0.27641528844833374,1.2477034330368042
1403904236019015685,neutral,2.5156655311584473,1.5134990215301514,-0.13164694607257843
1403904236136566785,negative,1.0425636768341064,0.4885600209236145,1.350363850593567
1403904236367327240,positive,0.9006558060646057,2.103482246398926,0.03940490633249283
1403904236556013573,neutral,1.931745171546936,0.3173156678676605,0.8581203818321228
1403904237059207174,neutral,1.6855746507644653,0.37137290835380554,0.37932196259498596
1403904237566939138,negative,0.6439996361732483,-1.2103722095489502,3.6401169300079346
1403904238791626753,neutral,1.6415064334869385,0.016357995569705963,1.4735535383224487
1403904238854365186,negative,1.3328378200531006,-1.1997720003128052,3.0109009742736816
1403904239953383429,negative,1.3968154191970825,-0.258417010307312,2.063091993331909
1403904240620244997,negative,1.1116212606430054,-0.04447605460882187,1.258657693862915
1403904240704163843,neutral,1.6484489440917969,0.2624599039554596,0.2724219858646393
1403904241014509572,neutral,1.7496435642242432,-0.07095744460821152,1.0121351480484009
1403904241182285830,positive,0.7980092167854309,3.068146228790283,-0.8711109757423401
1403904243535331331,negative,0.9724646806716919,-0.5954024195671082,2.853847026824951
1403904244747472897,negative,0.5737284421920776,-0.6233668327331543,3.0150015354156494
1403904248891383808,neutral,1.8738912343978882,-0.358523964881897,0.9257529377937317
1403904249680084995,neutral,1.6077783107757568,0.005293063819408417,0.9944087862968445
1403904252171362306,neutral,1.8843357563018799,1.8005820512771606,-0.8493801355361938
1403904252544573441,negative,1.5462322235107422,-0.9039552211761475,1.93699049949646
1403904253668716544,negative,0.9783604741096497,0.27855366468429565,2.0117897987365723
1403904255732355072,negative,0.7838588356971741,-0.8143433928489685,2.5138862133026123
1403904256206262274,neutral,1.9636698961257935,-0.8014854788780212,1.3767386674880981
1403904256231444483,neutral,0.9742336869239807,-0.04528721421957016,0.5548893213272095
1403904256420171777,neutral,2.1832115650177,1.3436704874038696,-0.04675917327404022
1403904256478957569,negative,1.3250322341918945,-0.5132935643196106,1.959848165512085
1403904257154338819,neutral,1.6855746507644653,0.37137290835380554,0.37932196259498596
1403904258026577921,negative,1.714554786682129,-0.9479540586471558,2.0819602012634277
1403904260648091649,positive,0.9729214906692505,1.2782573699951172,-0.05959823727607727
1403904261763731457,neutral,1.9732617139816284,-0.6337487101554871,1.1237516403198242
1403904262304792581,neutral,1.9403051137924194,-0.6860625743865967,0.9651775360107422
1403904262472613900,negative,0.9541915059089661,-0.6442949175834656,2.743947982788086
1403904262766223367,neutral,1.2491083145141602,0.44532886147499084,0.7408766150474548
1403904262770356227,positive,1.9101378917694092,2.480339527130127,-0.2719982862472534
1403904263529537538,negative,1.0818067789077759,0.06920034438371658,1.9826444387435913
1403904264439668737,neutral,3.0246379375457764,1.2367793321609497,-0.792132556438446
1403904265110818819,negative,0.41629543900489807,-0.30406680703163147,2.6887359619140625
1403904266146824194,neutral,2.1617162227630615,-1.0657998323440552,2.0157408714294434
1403904266339643394,neutral,1.5380358695983887,-0.44960954785346985,0.3776682913303375
1403904266960572417,negative,0.972711980342865,-0.2616945803165436,1.716330647468567
1403904267610624000,neutral,2.162623882293701,1.1117149591445923,-0.022334685549139977
1403904267782705157,neutral,2.3061580657958984,0.5227155089378357,0.32168155908584595
1403904269258997762,neutral,1.2555088996887207,1.0213083028793335,0.665939450263977
1403904270223626242,neutral,1.631995439529419,-0.13876590132713318,0.8868343234062195
1403904270307524610,neutral,1.732391595840454,0.16152408719062805,0.7397104501724243
1403904271037304834,negative,0.5513479113578796,1.077346682548523,1.9425122737884521
1403904271435845635,negative,1.3250322341918945,-0.5132935643196106,1.959848165512085
1403904271821725696,negative,1.6558847427368164,-0.9418045878410339,2.092731475830078
1403904273063178246,neutral,2.607675075531006,1.124238133430481,-0.6043655276298523
1403904275063861251,negative,0.25349774956703186,0.28001368045806885,0.9321376085281372
1403904275311251457,negative,1.0172924995422363,0.80580735206604,1.1356148719787598
1403904276527665152,negative,1.3783893585205078,0.08099628984928131,1.7644766569137573
1403904276716523531,negative,1.3194111585617065,-0.6428743600845337,1.3507717847824097
1403904277777584128,neutral,1.795804500579834,-0.7321316003799438,1.7089042663574219
1403904278675136513,neutral,1.9245610237121582,-0.12567216157913208,0.7522093653678894
1403904278872395779,negative,0.6439996361732483,-1.2103722095489502,3.6401169300079346
1403904279321133060,negative,1.600744605064392,-1.2062617540359497,3.0223491191864014
1403904279577038851,neutral,1.5557116270065308,0.01409350335597992,0.9771474003791809
1403904280461983747,negative,0.5666108727455139,-0.8695405721664429,3.228282928466797
1403904281615364096,neutral,1.8835499286651611,0.8888718485832214,0.3805510699748993
1403904282538110977,negative,0.7055714726448059,-0.6770667433738708,2.8967885971069336
1403904284710801409,neutral,2.2583582401275635,0.5291844010353088,-0.10997573286294937
1403904284756832258,positive,0.8651725053787231,3.972754716873169,-0.7318602800369263
1403904285822177280,positive,2.463308811187744,3.489229917526245,-1.1644573211669922
1403904285927223298,positive,1.1082262992858887,1.6094646453857422,0.29363542795181274
1403904289899040768,negative,1.1878191232681274,0.34140652418136597,1.2404202222824097
1403904289978867712,neutral,1.7527514696121216,-0.21051618456840515,1.009834885597229
1403904291169996802,neutral,1.35429847240448,-0.35689452290534973,0.3053973615169525
1403904292931571716,neutral,1.8259773254394531,-0.7735645174980164,1.5164076089859009
1403904293648826369,negative,1.539655089378357,-1.5165499448776245,3.6764280796051025
1403904294252855304,neutral,1.6855746507644653,0.37137290835380554,0.37932196259498596
1403904295590936581,neutral,1.8259773254394531,-0.7735645174980164,1.5164076089859009
1403904295779569664,neutral,1.5824435949325562,0.20389561355113983,0.5083481073379517
1403904295913857026,negative,1.249825358390808,-1.197953701019287,3.11466646194458
1403904296891023368,negative,1.0780868530273438,-0.6454960703849792,2.2891831398010254
1403904297423675393,negative,1.3134132623672485,-0.5762357115745544,1.6616076231002808
1403904300082896896,negative,1.4659490585327148,-0.492575079202652,2.1011130809783936
1403904300116500480,negative,0.8541529774665833,0.227723628282547,1.2699494361877441
1403904300263247876,negative,0.1749354898929596,-0.45505866408348083,1.5133904218673706
1403904300900753410,negative,0.9585509896278381,-0.7739465236663818,1.8407886028289795
1403904302507249664,positive,1.0659171342849731,1.7168432474136353,-0.2542877197265625
1403904302691782659,negative,0.7702139616012573,-0.884046733379364,2.891237497329712
1403904303123746819,negative,1.1457551717758179,-0.7858331203460693,2.175626277923584
1403904304272986112,negative,1.0097582340240479,-1.1858032941818237,3.11687970161438
1403904304612843524,negative,1.303182601928711,-1.0981075763702393,2.9503724575042725
1403904304650588163,negative,1.4463133811950684,-0.5834522247314453,1.5604735612869263
1403904304746885120,positive,2.9868197441101074,4.096158027648926,-1.4678246974945068
1403904304969310212,neutral,2.1316871643066406,0.7672010660171509,0.4154568314552307
1403904305569091585,negative,0.7458410263061523,-1.2521337270736694,3.847079038619995
1403904305627807745,neutral,1.6855746507644653,0.37137284874916077,0.37932199239730835
1403904306848309249,neutral,1.6855746507644653,0.37137290835380554,0.37932196259498596
1403904307120861188,positive,0.7516078352928162,4.752885341644287,-0.9214338064193726
1403904307590832130,neutral,1.4340541362762451,-0.158622145652771,1.3099592924118042
1403904308924489732,negative,1.501799464225769,-0.7576916813850403,2.3963139057159424
1403904309964668934,negative,0.7730673551559448,0.4026322364807129,1.269413709640503
1403904310543486978,neutral,0.9056491255760193,0.5443539023399353,0.6679308414459229
1403904311143243779,neutral,2.2330539226531982,0.754084050655365,0.4453086853027344
1403904312871317505,neutral,1.4250164031982422,0.9261285066604614,0.7272772192955017
1403904313164980226,positive,1.0406638383865356,4.426389217376709,-0.7822831273078918
1403904313450237954,negative,0.7771189212799072,0.4043605625629425,1.3219233751296997
1403904313693380608,negative,1.4421368837356567,-0.9948926568031311,2.2980732917785645
1403904314809147399,neutral,1.615647792816162,1.0034308433532715,0.9610843062400818
1403904316830797834,neutral,2.0166802406311035,0.5732291340827942,0.8767763376235962
1403904317086593028,neutral,2.493297576904297,1.211998462677002,-0.3747051954269409
1403904317296234498,negative,1.0172924995422363,0.8058074116706848,1.1356148719787598
1403904317569089536,negative,0.8711766004562378,-0.9279875159263611,2.6224827766418457
1403904318051389444,neutral,3.0749340057373047,1.6763192415237427,-0.8614892959594727
1403904318592339976,negative,0.7356282472610474,-1.0188980102539062,3.5303397178649902
1403904318823145473,neutral,1.8590538501739502,0.03832479938864708,1.100608468055725
1403904319011753994,neutral,1.288504719734192,0.49847233295440674,0.12033111602067947
1403904319095668739,neutral,1.365983247756958,-0.0262487530708313,1.3223859071731567
1403904319519346688,negative,1.4725642204284668,-0.9681410193443298,2.5923962593078613
1403904320999985157,positive,0.17081739008426666,1.1960984468460083,0.8187050819396973
1403904323944206344,negative,1.0821906328201294,-1.1107326745986938,3.4379613399505615
1403904325252960264,negative,0.9864600300788879,-0.5773411393165588,1.4517544507980347
1403904325735403522,negative,0.6439996361732483,-1.2103722095489502,3.6401169300079346
1403904326146441218,neutral,2.1305911540985107,0.4469970464706421,0.14121729135513306
1403904327182262279,neutral,2.074192762374878,0.5199369788169861,0.4997464120388031
1403904327928860675,neutral,2.212160348892212,-0.03133860230445862,0.8980836868286133
1403904328184655880,negative,1.4711259603500366,-0.1447593867778778,1.930488109588623
1403904329543651329,positive,0.334380179643631,0.433979868888855,0.05911809951066971
1403904331057799176,negative,0.5687238574028015,-0.8355591297149658,3.6212291717529297
1403904331594702850,neutral,1.3583259582519531,0.11497946828603745,1.2725496292114258
1403904332370644998,neutral,1.4774504899978638,0.4269621670246124,0.5774837732315063
1403904333222141953,negative,1.2168920040130615,-0.16770541667938232,1.2357147932052612
1403904334048399362,negative,1.2776106595993042,-0.4807951748371124,1.4579323530197144
1403904334090358784,negative,1.4268653392791748,-0.618474543094635,1.9251316785812378
1403904335235325958,neutral,2.280609369277954,0.5272066593170166,0.49194610118865967
1403904336262950916,neutral,0.8158475160598755,-0.04344668239355087,0.06572741270065308
1403904336455950336,negative,0.7055715322494507,-0.6770667433738708,2.8967885971069336
1403904337118564354,negative,1.3328378200531006,-1.1997718811035156,3.0109007358551025
1403904337433169921,neutral,2.003999710083008,0.39730188250541687,0.7307682037353516
1403904337835790344,neutral,1.2782808542251587,0.6029165983200073,0.5696086287498474
1403904337949061125,neutral,0.8803929090499878,0.41620784997940063,0.1701989322900772
1403904338922180611,positive,1.24460768699646,1.445414423942566,0.01814228668808937
1403904340667121672,neutral,2.3752899169921875,0.3055894672870636,0.29688385128974915
1403904342235680774,negative,0.7055714726448059,-0.6770667433738708,2.8967885971069336
1403904342814466051,neutral,2.173807382583618,0.6909227967262268,0.4880620241165161
1403904343108161540,negative,1.4314415454864502,-1.048388123512268,2.3978028297424316
1403904343678484484,negative,1.4899942874908447,-1.1904056072235107,2.6518466472625732
1403904343733161989,neutral,1.4007103443145752,0.2248624563217163,0.8670726418495178
1403904344693510146,neutral,1.7429002523422241,0.024926558136940002,0.9738126993179321
1403904345335386112,negative,1.1335643529891968,-1.1578320264816284,2.9672908782958984
1403904346551689219,negative,1.089390516281128,0.23885616660118103,1.6225252151489258
1403904347680002049,neutral,1.6009538173675537,-0.43720993399620056,0.7347453832626343
1403904347994349572,neutral,3.530146598815918,1.6300079822540283,-1.0650410652160645
1403904348808155139,neutral,2.0393805503845215,0.6961721777915955,0.3281036913394928
1403904348875333638,positive,1.201607346534729,1.3094825744628906,0.5215846300125122
1403904349760327680,neutral,1.421088695526123,1.0928038358688354,0.9338913559913635
1403904350448242689,negative,1.284617304801941,-1.124041199684143,2.786445379257202
1403904350460825604,neutral,0.9651236534118652,0.5483651757240295,0.2961452305316925
1403904351391920131,neutral,1.6088199615478516,1.072705626487732,1.0073843002319336
1403904351580561410,negative,1.39603590965271,-0.29909226298332214,1.9836796522140503
1403904351735730182,negative,0.8610117435455322,0.038508400321006775,1.8271986246109009
1403904352578846722,negative,1.1634629964828491,0.45802637934684753,1.4192317724227905
1403904352746721282,negative,0.4876953959465027,-0.48116418719291687,2.8797342777252197
1403904352931045377,neutral,1.6855746507644653,0.37137290835380554,0.37932196259498596
1403904353849597962,negative,0.7838588356971741,-0.8143433928489685,2.5138862133026123
1403904354252328960,negative,0.45649635791778564,-0.8170601725578308,3.7533464431762695
1403904354336219138,neutral,1.795804500579834,-0.7321316003799438,1.7089042663574219
1403904354566868994,neutral,2.6163887977600098,1.7948631048202515,-0.34238240122795105
1403904355884011521,neutral,2.1617162227630615,-1.0657998323440552,2.0157408714294434
1403904356701786115,neutral,1.9629874229431152,-0.028691381216049194,1.4329012632369995
1403904356844400642,positive,1.761046051979065,1.9844485521316528,-0.3730509877204895
1403904358215872516,neutral,3.2634880542755127,1.4938586950302124,-0.9160881638526917
1403904359205937153,negative,1.222800850868225,-0.8171432018280029,2.5126302242279053
1403904359360917506,negative,1.0705993175506592,-0.8187828063964844,1.6743707656860352
1403904359809748993,neutral,1.7532471418380737,-0.057788677513599396,0.8800630569458008
1403904359906222082,neutral,2.1617162227630615,-1.0657998323440552,2.0157408714294434
1403904360371789832,negative,0.9630367755889893,-0.49980446696281433,2.1679837703704834
1403904360921415683,neutral,1.6855746507644653,0.37137290835380554,0.37932196259498596
1403904361458192387,neutral,2.501260280609131,-0.12811458110809326,0.32656368613243103
1403904361537818632,negative,1.3366817235946655,-0.15887653827667236,1.4055930376052856
1403904361877716995,neutral,2.212160348892212,-0.03133855760097504,0.8980837464332581
1403904361915326475,neutral,1.3046256303787231,0.05429849401116371,1.18967866897583
1403904362632519684,neutral,1.0142543315887451,0.70597904920578,0.9853917956352234
1403904363186339841,negative,0.7977341413497925,-0.7203459143638611,2.4761664867401123
1403904364238934020,neutral,1.5264768600463867,0.757549524307251,0.4839682877063751
1403904364738088960,neutral,2.4531917572021484,0.6244269013404846,-0.5002753138542175
1403904365539205121,neutral,1.3419361114501953,1.3196817636489868,-0.7265454530715942
1403904365979598848,positive,2.311371326446533,2.8715665340423584,-0.5559890866279602
1403904367057457157,negative,1.042851209640503,-0.8283559679985046,2.627335786819458
1403904367393189892,positive,0.8742853999137878,1.5338189601898193,0.9591220021247864
1403904367967735809,negative,1.3654634952545166,-0.5922995209693909,1.7562847137451172
1403904368659759110,neutral,1.744183897972107,-0.22088471055030823,1.0206794738769531
1403904372602408961,negative,1.4775787591934204,-0.23414656519889832,1.562806487083435
1403904373839724547,neutral,2.1058127880096436,1.0289040803909302,0.5063093900680542
1403904374586298370,neutral,1.9403051137924194,-0.6860625743865967,0.9651775360107422
1403904375064571904,neutral,1.6855746507644653,0.37137290835380554,0.37932196259498596
1403904375093747714,negative,0.23462262749671936,-0.7341867089271545,2.751154661178589
1403904375345586178,neutral,1.8514058589935303,0.5450985431671143,0.5450339913368225
1403904375760818178,positive,0.7429852485656738,3.5744900703430176,0.7894933223724365
1403904376729608194,negative,1.3262975215911865,-0.9724143147468567,2.35296893119812
1403904376754872320,neutral,1.2568775415420532,0.8875526785850525,0.7979074120521545
1403904377203482628,neutral,2.2953288555145264,1.5884487628936768,-0.31925907731056213
1403904378671558657,negative,1.1606872081756592,-0.22834765911102295,1.5444060564041138
1403904378671665152,negative,1.2908560037612915,-0.8912388682365417,2.038518190383911
1403904379128889344,neutral,1.6855746507644653,0.37137290835380554,0.37932196259498596
1403904379271401472,neutral,1.4659044742584229,-0.4316389262676239,1.0249766111373901
1403904379321651201,neutral,3.1129937171936035,1.727104902267456,-0.8337042927742004
1403904380072509441,negative,0.8709555864334106,-0.3625504672527313,1.8448691368103027
1403904380915572738,negative,1.6558847427368164,-0.9418045878410339,2.092731475830078
1403904381561540616,negative,0.534489631652832,-0.3049192428588867,2.4183616638183594
1403904383025397760,neutral,1.4255098104476929,0.3926367461681366,1.0397722721099854
1403904384321298433,neutral,2.0722858905792236,0.514293372631073,0.0787174329161644
1403904384535175172,neutral,1.7272288799285889,-0.42912861704826355,1.2209969758987427
1403904384635912194,negative,1.0855708122253418,-0.5452939867973328,1.8826725482940674
1403904385210458113,positive,2.2319092750549316,2.3011953830718994,-1.3596605062484741
1403904385583886337,negative,0.7055714726448059,-0.6770667433738708,2.8967885971069336
1403904386829414400,negative,0.18094991147518158,0.6920933723449707,0.8706841468811035
1403904388012265472,neutral,1.2610446214675903,-0.2307773232460022,1.0696251392364502
1403904388125495304,positive,2.2271289825439453,3.158660650253296,-1.0253105163574219
1403904389417369605,neutral,2.905928134918213,2.0031962394714355,-0.853921115398407
1403904389916631042,negative,0.6439996957778931,-1.2103722095489502,3.6401171684265137
1403904390608588803,negative,1.1085838079452515,-0.4785763919353485,1.881900668144226
1403904390742827011,negative,0.5666108727455139,-0.8695405721664429,3.228282928466797
1403904392642895873,neutral,2.212160348892212,-0.031338565051555634,0.8980836868286133
1403904393725030406,neutral,2.2424066066741943,-0.07316397875547409,0.8000425696372986
1403904394643476483,negative,1.28616201877594,0.26539522409439087,1.5142924785614014
1403904396006760449,neutral,1.6013180017471313,-0.0950753465294838,1.2210866212844849
1403904397936054279,negative,0.6439996361732483,-1.2103722095489502,3.6401169300079346
1403904399844384780,neutral,2.2829997539520264,0.8765568137168884,0.22026455402374268
1403904400263979008,negative,0.5731886625289917,-0.0473814383149147,1.2165814638137817
1403904405200457728,negative,0.5207878351211548,0.5165241360664368,1.2404273748397827
1403904405636780033,negative,1.009617805480957,-0.04317232221364975,1.6672687530517578
1403904407016595462,negative,1.600744605064392,-1.2062617540359497,3.0223491191864014
1403904407171969027,negative,1.241593599319458,-1.0742629766464233,2.781687021255493
1403904407566098432,positive,1.2530920505523682,1.4351619482040405,0.4276883900165558
1403904408514031620,neutral,2.003999710083008,0.39730188250541687,0.7307682037353516
1403904410170707973,neutral,2.116077423095703,-0.2576703131198883,-0.15756148099899292
1403904410846220288,neutral,1.6855746507644653,0.37137290835380554,0.37932196259498596
1403904411315761155,negative,1.3134132623672485,-0.5762357115745544,1.6616076231002808
1403904414851686400,neutral,1.775754690170288,0.41473039984703064,0.7451024651527405
1403904414922969092,neutral,1.6855746507644653,0.37137290835380554,0.37932196259498596
1403904415900176390,negative,0.451552152633667,-0.5246828198432922,3.562939167022705
1403904416147722240,positive,0.21915288269519806,0.5453649759292603,0.18303807079792023
1403904417867485184,neutral,1.8514553308486938,0.8660063743591309,0.6141446828842163
1403904418836213762,neutral,1.1269241571426392,-0.0016421303153038025,1.0879905223846436
1403904419125678083,neutral,1.5601236820220947,0.9152198433876038,0.34260571002960205
1403904419540910082,negative,1.264915108680725,-0.3722284138202667,1.404257893562317
1403904419570257924,positive,1.0517607927322388,2.3183817863464355,-0.32710039615631104
1403904420677554185,neutral,1.7688562870025635,0.7457336783409119,0.9233667254447937
1403904421126295557,neutral,1.4178470373153687,0.14000576734542847,0.4969390034675598
1403904421470162947,neutral,1.5978000164031982,0.07402771711349487,0.7179110050201416
1403904422636179459,negative,1.3328378200531006,-1.1997720003128052,3.0109009742736816
1403904423542235136,negative,1.4223805665969849,-0.44024547934532166,1.8205782175064087
1403904423630454789,neutral,1.3396095037460327,0.19403767585754395,0.06194286793470383
1403904423651328005,neutral,3.014404535293579,1.511887788772583,-0.12384634464979172
1403904423936630788,positive,0.19872334599494934,0.8245819211006165,0.44007179141044617
1403904424016334853,negative,1.6583092212677002,-1.0748082399368286,2.2617738246917725
1403904425635192836,neutral,1.365983247756958,-0.0262487530708313,1.3223859071731567
1403904426721505280,neutral,1.3882049322128296,1.287631869316101,-0.5403978228569031
1403904426738290690,positive,1.4529615640640259,1.9900747537612915,-0.23826374113559723
1403904428864724996,positive,2.468137741088867,3.2754781246185303,-1.1367270946502686
1403904428873175048,positive,2.2432477474212646,2.2634470462799072,-0.47689616680145264
1403904429481332736,negative,1.2562402486801147,-0.05404738336801529,1.3544343709945679
1403904429921751043,neutral,2.4108099937438965,1.734686255455017,0.009443806484341621
1403904430148251649,neutral,1.2523541450500488,0.007945165038108826,0.6989091634750366
1403904432501248000,negative,0.7838588356971741,-0.8143433928489685,2.5138862133026123
1403904433323401219,negative,0.8643154501914978,-0.7631246447563171,2.408846855163574
1403904434179031047,positive,1.2032885551452637,1.3571631908416748,0.618373453617096
1403904434355195904,negative,0.6979671120643616,-0.5651482343673706,2.0082921981811523
1403904434535485445,neutral,1.5934380292892456,0.5649167895317078,0.5121034383773804
1403904434929864711,neutral,2.493297576904297,1.211998462677002,-0.3747051954269409
1403904435101704198,negative,1.4146524667739868,-1.4673343896865845,3.466118574142456
1403904437865922570,negative,1.1453747749328613,0.38371574878692627,1.3632246255874634
1403904438226587648,negative,1.0545748472213745,-0.5156394839286804,1.2932755947113037
1403904440076226561,positive,1.324381947517395,2.3280909061431885,-0.22787989675998688
1403904440478752770,neutral,1.8709139823913574,0.7854757905006409,0.3054758608341217
1403904441837817862,negative,0.5666108727455139,-0.8695406913757324,3.2282826900482178
1403904442664062976,negative,1.1959716081619263,-0.504870593547821,2.0977530479431152
1403904442693427202,positive,3.252110719680786,3.2903313636779785,-1.1399136781692505
1403904444002029571,neutral,2.4287986755371094,-0.5805056691169739,1.0597783327102661
1403904444186562567,neutral,1.2618919610977173,0.9471954703330994,-0.083034947514534
1403904445595873282,neutral,1.6925427913665771,-0.03183639794588089,1.3686023950576782
1403904445646135300,negative,1.1678311824798584,0.0937691405415535,1.3716529607772827
1403904446158020609,neutral,0.719709038734436,0.39765724539756775,-0.04134342819452286
1403904446665396224,negative,0.533620297908783,-0.389417827129364,2.396960735321045
1403904448288657408,neutral,2.1617162227630615,-1.0657998323440552,2.0157408714294434
1403904448448143361,neutral,1.8586325645446777,-0.6457030177116394,1.2113398313522339
1403904448506724358,positive,1.9316703081130981,2.1811795234680176,-0.5911886692047119
1403904449202974721,positive,1.5173882246017456,2.3510146141052246,-0.07854785770177841
1403904449345732608,negative,1.1353546380996704,-0.2905583679676056,1.2604365348815918
1403904449890770945,positive,2.610903739929199,4.471219062805176,-1.465775728225708
1403904449987366915,neutral,1.6077783107757568,0.005293063819408417,0.9944087862968445
1403904450238943244,negative,0.8324185609817505,-0.5812647938728333,2.508942127227783
1403904450951933952,neutral,1.7769570350646973,0.37340834736824036,0.3838411271572113
1403904451442737156,negative,0.16340157389640808,-0.0845111683011055,2.0164124965667725
1403904451904110595,neutral,1.53554368019104,0.11558885127305984,1.0349799394607544
1403904453296594946,positive,1.5079128742218018,1.5450830459594727,0.03308340534567833
1403904453774917634,neutral,1.367172360420227,0.1718347668647766,1.3268706798553467
1403904453800075264,neutral,1.756638526916504,-0.5405017733573914,1.6203941106796265
1403904454299205633,neutral,2.134505033493042,-0.5447364449501038,1.0128284692764282
1403904454760427521,neutral,2.1753718852996826,0.8200584053993225,-0.14565053582191467
1403904455100145666,positive,0.8994642496109009,1.6306679248809814,-0.6769517064094543
1403904455796563970,negative,0.9808687567710876,-1.470321774482727,4.014705657958984
1403904457033793540,negative,1.251585602760315,-0.024779431521892548,1.3070788383483887
1403904457189085184,negative,1.4314415454864502,-1.048388123512268,2.3978028297424316
1403904458468302848,negative,0.7055714726448059,-0.6770667433738708,2.8967885971069336
1403904458606714880,neutral,1.2808136940002441,0.8089780807495117,1.0938739776611328
1403904458786934789,negative,1.1453747749328613,0.38371574878692627,1.3632246255874634
1403904459034349572,neutral,2.1077492237091064,0.5388378500938416,0.5780823826789856
1403904459546140672,negative,1.2754361629486084,-0.7652884721755981,2.3896596431732178
1403904459978076163,negative,1.675727128982544,-1.1267352104187012,2.5844035148620605
1403904460863152129,positive,1.2622911930084229,4.266279697418213,-1.2768961191177368
1403904462683443203,neutral,1.2100073099136353,0.8485796451568604,0.6398365497589111
1403904462901624835,negative,1.0485857725143433,-0.3106611371040344,1.8066811561584473
1403904463270813700,negative,1.4314415454864502,-1.048388123512268,2.3978028297424316
1403904463635718147,negative,1.0406744480133057,0.02204001694917679,1.062070369720459
1403904464092864512,neutral,1.5754938125610352,0.7663292288780212,0.6974911689758301
1403904465888030721,negative,0.6448530554771423,0.3175247609615326,1.9224703311920166
1403904468194758658,positive,1.9835880994796753,2.5261356830596924,-0.5474087595939636
1403904468542836739,negative,1.0548555850982666,-1.3302162885665894,4.14425802230835
1403904468605886466,positive,0.24194465577602386,0.9218271970748901,0.6420593857765198
1403904470061400065,neutral,2.036545991897583,-0.29658573865890503,1.1426016092300415
1403904471801991169,neutral,1.615647792816162,1.0034308433532715,0.9610843062400818
1403904472334536707,neutral,2.2508440017700195,-0.7046062350273132,1.1435315608978271
1403904472733134850,negative,0.9886420369148254,-1.3689345121383667,3.7688205242156982
1403904472758329350,negative,0.8541529774665833,0.227723628282547,1.2699494361877441
1403904473509007361,negative,1.4180810451507568,-0.916871964931488,1.8428053855895996
1403904473634947072,neutral,2.0674972534179688,0.2640434503555298,1.0155397653579712
1403904474402459652,negative,1.0465601682662964,-0.566809356212616,1.7774111032485962
1403904475262185472,positive,1.5481889247894287,2.532778024673462,-0.5040467977523804
1403904475476099077,neutral,2.5450279712677,2.011389970779419,-0.04578086733818054
1403904475895459841,negative,1.1362006664276123,-0.47824111580848694,2.3307337760925293
1403904476294139904,neutral,2.1832115650177,1.3436704874038696,-0.04675917327404022
1403904476663062538,neutral,1.2698253393173218,0.3496629297733307,0.5562232136726379
1403904477044875264,positive,1.9835880994796753,2.5261356830596924,-0.5474087595939636
1403904477191720962,negative,1.152881383895874,-1.09429132938385,2.8199377059936523
1403904477510311939,negative,0.3802793323993683,-0.5099325776100159,2.2802042961120605
1403904480052088836,neutral,2.2246692180633545,-0.07018636912107468,0.9600297808647156
1403904480152678402,negative,0.6146185994148254,0.6592488884925842,1.1772353649139404
1403904480555548678,neutral,1.6855746507644653,0.37137290835380554,0.37932196259498596
1403904481939492872,neutral,1.4592134952545166,0.5933533906936646,0.513079047203064
1403904481981452291,negative,1.0819801092147827,0.7498947978019714,1.113730788230896
1403904482128252932,negative,1.4563661813735962,-1.2837446928024292,3.3409783840179443
1403904482631639043,negative,0.22969810664653778,-0.5690197348594666,2.975548505783081
1403904483147583494,positive,1.3034169673919678,2.517204523086548,-0.4612411558628082
1403904483336376320,neutral,1.1087167263031006,0.03355184942483902,0.9286780953407288
1403904483982254081,negative,0.3570137619972229,0.6590140461921692,1.415729284286499
1403904484472881162,negative,1.4300400018692017,-0.3001438081264496,1.4486032724380493
1403904485639008261,neutral,1.6342483758926392,1.565950632095337,0.11677656322717667
1403904487085854722,negative,1.4079326391220093,-0.008819304406642914,1.7705436944961548
1403904487941623808,negative,1.3783893585205078,0.08099628984928131,1.7644766569137573
1403904488805597192,neutral,3.0392343997955322,-0.12861135601997375,0.04315256327390671
1403904488914788357,positive,1.1532212495803833,5.640610218048096,-1.6548588275909424
1403904489749467136,neutral,3.530146598815918,1.6300079822540283,-1.0650410652160645
1403904492546924548,neutral,1.5322016477584839,0.7554898858070374,0.4824497401714325
1403904495113879554,positive,0.43046870827674866,0.8841177821159363,-0.1227286234498024
1403904495549964290,neutral,1.0847060680389404,0.051545385271310806,0.5709734559059143
1403904495738707968,neutral,1.7190296649932861,0.3016170561313629,1.575066328048706
1403904495898271745,negative,1.351380705833435,-0.7042052149772644,1.8229213953018188
1403904496204324873,neutral,1.5699177980422974,0.4701418876647949,-0.04118744283914566
1403904496602861571,neutral,0.9237333536148071,0.5269261002540588,0.7565270066261292
1403904497718640643,positive,0.22111263871192932,3.6786813735961914,-0.6027603149414062
1403904497999486984,positive,0.8802685737609863,1.9907649755477905,-0.10186689347028732
1403904498452500489,negative,0.6027778387069702,-0.9132130742073059,3.18540096282959
1403904498758676483,negative,1.2080529928207397,-0.7486290335655212,1.4984971284866333
1403904499434074115,neutral,1.6855746507644653,0.37137290835380554,0.37932196259498596
1403904499442356225,neutral,1.3751271963119507,0.5296334624290466,-0.24456338584423065
1403904500281135105,neutral,1.9329626560211182,0.9440896511077881,-0.6158246994018555
1403904500390301702,negative,0.7660762071609497,-0.027373746037483215,1.6494766473770142
1403904500973322242,neutral,0.23260748386383057,0.1763904094696045,0.14018523693084717
1403904501166198788,positive,2.2746527194976807,2.9754090309143066,-0.9316678047180176
1403904501514375170,negative,1.439620852470398,-0.03735416382551193,1.5953599214553833
1403904503418609664,negative,1.5134055614471436,-0.1873864233493805,1.5171762704849243
1403904503993221121,negative,1.3722180128097534,-0.24432101845741272,1.694862723350525
1403904505180082176,negative,0.7838588356971741,-0.8143433928489685,2.5138862133026123
1403904507180953607,negative,1.5014303922653198,-1.0312161445617676,2.293278455734253
1403904507969478664,negative,0.7688723802566528,-1.101062297821045,3.519810199737549
1403904508212649987,neutral,2.1990861892700195,0.27029865980148315,0.6768743395805359
1403904508976107523,neutral,1.6855746507644653,0.37137290835380554,0.37932196259498596
1403904509315670018,negative,1.055981159210205,-1.1249374151229858,2.982887029647827
1403904509437378560,neutral,1.7034136056900024,0.3283551037311554,0.40539902448654175
1403904509617836037,neutral,2.0965380668640137,0.6666526794433594,0.6154758334159851
1403904509940744197,negative,0.5666108727455139,-0.8695405721664429,3.228282928466797
1403904511878520834,negative,0.7305688261985779,-0.43744584918022156,2.5937705039978027
1403904511886782471,negative,1.0924454927444458,-0.0755198672413826,1.3060418367385864
1403904514097360902,neutral,1.4194902181625366,-0.028765663504600525,1.1166373491287231
1403904515380744194,neutral,1.6855746507644653,0.37137290835380554,0.37932196259498596
1403904516349587460,neutral,3.530146598815918,1.6300079822540283,-1.0650410652160645
1403904516706254848,positive,0.8541425466537476,2.076753616333008,-0.21778592467308044
1403904518371303430,neutral,1.7178555727005005,1.4954984188079834,0.24364382028579712
1403904519260413956,neutral,1.4671486616134644,-0.1719343662261963,0.8173034191131592
1403904519642124289,positive,1.0538750886917114,1.6662379503250122,-0.0951698049902916
1403904519793225728,neutral,1.6855746507644653,0.37137290835380554,0.37932196259498596
1403904519986089985,neutral,1.368747353553772,0.8398101925849915,-0.3429434299468994
1403904521076723713,neutral,1.703344702720642,0.8100966215133667,-0.039353981614112854
1403904522477518849,neutral,2.260634660720825,1.046260952949524,0.05592586100101471
1403904522796294149,neutral,1.2977700233459473,-0.11228924244642258,1.1697615385055542
1403904523165335556,neutral,2.5457308292388916,1.3318945169448853,-0.5181329250335693
1403904523937013767,positive,1.7553668022155762,2.8275146484375,-0.7441038489341736
1403904523937075202,negative,1.0172924995422363,0.8058074116706848,1.1356148719787598
1403904525056966665,negative,1.152332067489624,-0.8794052600860596,2.17645001411438
1403904525438705668,neutral,2.2176759243011475,-0.2529609799385071,1.6130647659301758
1403904525858181122,negative,0.7055714726448059,-0.6770668029785156,2.8967885971069336
1403904528638939138,neutral,0.7984058260917664,0.5139400362968445,-0.3003121316432953
1403904529188405255,neutral,1.6855745315551758,0.37137287855148315,0.37932196259498596
1403904529821753345,neutral,1.6855746507644653,0.37137290835380554,0.37932196259498596
1403904530148773893,neutral,1.191827416419983,0.9745062589645386,0.9867159724235535
1403904530518089730,neutral,1.1092767715454102,0.6671357750892639,-0.17743776738643646
1403904531184898050,neutral,1.6855746507644653,0.37137290835380554,0.37932196259498596
1403904533739151364,negative,1.286249041557312,-0.6364786028862,1.9506030082702637
1403904534699782146,negative,0.7055714726448059,-0.6770667433738708,2.8967885971069336
1403904534825500674,negative,0.8363783955574036,0.153695210814476,1.3420422077178955
1403904535073017859,negative,0.862430214881897,-0.6983371376991272,3.0804457664489746
1403904535752450052,neutral,1.5887380838394165,0.2548849880695343,0.20844385027885437
1403904536515801090,negative,1.5510802268981934,-0.8862767815589905,2.0368223190307617
1403904536876486657,neutral,1.4671486616134644,-0.1719343662261963,0.8173034191131592
1403904537664974850,neutral,1.8730454444885254,0.26105523109436035,1.0614936351776123
1403904537753100290,neutral,2.0073111057281494,-0.3866463303565979,1.3802709579467773
1403904537941905408,neutral,1.2704845666885376,-0.6624653339385986,1.2633485794067383
1403904538193637377,negative,0.11759838461875916,-0.34081795811653137,1.743007779121399
1403904538818486277,neutral,1.278542399406433,-0.19807884097099304,0.8515697121620178
1403904539300753419,positive,1.8646761178970337,1.9444365501403809,0.02045467495918274
1403904540630556674,neutral,2.1617162227630615,-1.0657998323440552,2.0157408714294434
1403904540689276930,negative,1.4752305746078491,-0.48975351452827454,1.8022652864456177
1403904542098477056,negative,1.0540655851364136,-0.7194392085075378,1.8305659294128418
1403904543704948741,negative,1.2987169027328491,-0.523419201374054,1.5412322282791138
1403904544875102214,neutral,0.890890896320343,0.5060198307037354,0.36048972606658936
1403904545005178881,negative,0.6439996361732483,-1.2103722095489502,3.6401169300079346
1403904546183729155,negative,1.1685421466827393,-0.30260470509529114,1.2206380367279053
1403904546339012611,negative,1.3323580026626587,0.05075061693787575,1.434602975845337
1403904546989088772,negative,0.8873124122619629,-1.0804612636566162,3.5408568382263184
1403904547467120641,negative,1.1827703714370728,-0.35468676686286926,1.8056535720825195
1403904547685273600,positive,1.8396780490875244,2.319735527038574,-0.5974225401878357
1403904547840565248,neutral,2.217390298843384,0.3097662925720215,0.34107810258865356
1403904548100399104,positive,0.7175540924072266,1.423516035079956,0.30924028158187866
1403904548121591811,negative,1.0421308279037476,-0.20848506689071655,1.639983892440796
1403904549157367812,negative,1.802051067352295,-0.9995893836021423,2.0571181774139404
1403904549484740610,neutral,1.219827651977539,0.4336746037006378,0.7479577660560608
1403904550201794562,negative,1.567319631576538,-1.0709326267242432,2.4318318367004395
1403904551082627072,negative,1.9496124982833862,-1.133959174156189,2.4230051040649414
1403904551103602690,neutral,1.8259775638580322,-0.7735645174980164,1.5164074897766113
1403904551250321408,positive,2.0000784397125244,2.065521478652954,0.15575651824474335
1403904551401443330,negative,1.2064402103424072,0.07600334286689758,1.6141507625579834
1403904552097619970,negative,1.0281985998153687,0.7824699878692627,1.172738790512085
1403904552764526601,positive,1.8598068952560425,1.9317890405654907,0.04260728508234024
1403904553070731264,negative,1.075622797012329,-0.5833528637886047,1.5381050109863281
1403904553435623426,negative,0.9933202266693115,-0.4946862757205963,1.393235683441162
1403904554031206406,neutral,2.4753668308258057,0.6565872430801392,-0.13302652537822723
1403904554975076353,negative,1.3740122318267822,-0.12983539700508118,1.6489667892456055
1403904555948072961,neutral,1.4913686513900757,-0.20112240314483643,1.1740350723266602
1403904555956412416,neutral,1.3651750087738037,0.654885470867157,0.860753059387207
1403904557642571778,negative,1.261914610862732,-0.3721839487552643,1.4418615102767944
1403904557869146113,neutral,1.6855746507644653,0.37137290835380554,0.37932196259498596
1403904558200410113,negative,1.1085423231124878,-0.4901333749294281,1.5121155977249146
1403904559819284491,negative,1.3691718578338623,0.2727554738521576,1.5005583763122559
1403904560297512961,neutral,1.6156479120254517,1.003430962562561,0.9610843658447266
1403904560477863939,negative,0.8788559436798096,0.9649592638015747,1.0777268409729004
1403904561501425666,neutral,1.3659491539001465,0.3060474693775177,0.8502898216247559
1403904561819967489,neutral,1.9473469257354736,0.7833623886108398,0.10200800001621246
1403904562575015941,neutral,2.4621315002441406,0.010886073112487793,0.29161524772644043
1403904563434835977,neutral,2.2400598526000977,0.5878579616546631,0.35534897446632385
1403904564265472002,positive,0.6694585084915161,0.8797988891601562,0.6833270788192749
1403904565129269249,neutral,1.8626618385314941,0.1175389438867569,0.775633692741394
1403904565905342466,negative,1.2547144889831543,-0.79404616355896,2.326758623123169
1403904567146782726,positive,1.3352434635162354,2.0651063919067383,-0.08382939547300339
1403904567197196294,negative,1.0997153520584106,-0.7328603267669678,1.9351541996002197
1403904567213969414,neutral,2.218703269958496,-0.946140468120575,1.755378246307373
1403904568044498946,neutral,0.7757121920585632,0.6884955167770386,0.2517925798892975
1403904568090636288,neutral,1.4447811841964722,-0.13345864415168762,0.9649149179458618
1403904568199626752,neutral,1.3632630109786987,0.2031344622373581,0.9111119508743286
1403904568400908291,neutral,1.2501260042190552,-0.24873670935630798,1.1935768127441406
1403904568774205444,neutral,1.5053467750549316,0.07615295797586441,1.0714383125305176
1403904570259120128,positive,3.2640600204467773,4.794936656951904,-1.7004249095916748
1403904570602917888,negative,1.3783894777297974,0.0809963271021843,1.7644764184951782
1403904571009867776,negative,0.45649638772010803,-0.8170602321624756,3.7533464431762695
1403904571177582593,neutral,1.3540912866592407,-0.25772252678871155,1.351696491241455
1403904571248893956,negative,0.7838588356971741,-0.8143433928489685,2.5138862133026123
1403904571383025670,neutral,1.262589454650879,0.8012996912002563,0.8399386405944824
1403904571919962117,negative,1.1769659519195557,-0.7594332695007324,2.152117967605591
1403904572574375939,negative,0.7742450833320618,-0.9113191962242126,2.8666603565216064
1403904572742160387,negative,1.3910061120986938,-0.7255527973175049,1.7422938346862793
1403904572783955974,positive,1.0588980913162231,1.3098468780517578,0.6939138174057007
1403904573497036804,negative,0.8367359042167664,0.3244885802268982,1.2240890264511108
1403904573828304900,neutral,1.92589271068573,-0.6390045881271362,1.3840172290802002
1403904574058950660,negative,0.9429279565811157,-0.41308578848838806,1.0659810304641724
1403904574272978946,neutral,1.2748932838439941,-0.6397785544395447,1.232743501663208
1403904574914654209,negative,0.8222484588623047,-0.7645173668861389,2.500722646713257
1403904575229280256,negative,0.588824450969696,0.5959306955337524,1.6484472751617432
1403904575443066884,neutral,1.6645523309707642,0.3945043683052063,0.6784141063690186
1403904576286121986,neutral,1.6424384117126465,0.23598861694335938,0.894818902015686
1403904576567218179,negative,1.2567676305770874,-0.9491602778434753,2.2530083656311035
1403904577674620931,negative,1.194458246231079,-0.2621540129184723,2.13969349861145
1403904580316979203,negative,1.600744605064392,-1.2062617540359497,3.0223491191864014
1403904580363059201,negative,0.511600911617279,0.22064456343650818,1.6505564451217651
1403904580820340738,neutral,1.5978000164031982,0.07402771711349487,0.7179110050201416
1403904581151584258,neutral,2.54496169090271,1.0968326330184937,-0.33817335963249207
1403904582053412866,neutral,1.3483686447143555,0.15098091959953308,1.142561435699463
1403904584507133952,negative,1.1041290760040283,0.14664199948310852,1.2954579591751099
1403904584872038402,negative,0.7677916288375854,-0.43417587876319885,2.5621726512908936
1403904585685680128,negative,0.9556260108947754,-0.01323099434375763,1.691843032836914
1403904586511945732,negative,0.7484546899795532,-0.08762548118829727,1.0223753452301025
1403904587312943104,neutral,2.406744956970215,0.28947439789772034,-0.24425821006298065
1403904587581558784,neutral,1.3174086809158325,0.09372696280479431,0.12653064727783203
1403904587673878531,neutral,2.135845184326172,0.26200035214424133,0.9634391665458679
1403904587728314368,negative,0.806177020072937,-0.6775264143943787,2.8301291465759277
1403904587879358466,neutral,1.9732613563537598,0.33652299642562866,0.4914657175540924
1403904588860727301,neutral,1.4035253524780273,0.1837873011827469,1.3384950160980225
1403904588902764548,neutral,1.9200304746627808,0.0010941028594970703,1.3634591102600098
1403904590119059457,negative,0.9386622309684753,-0.21949869394302368,2.235957622528076
1403904591201280000,negative,1.247944951057434,-1.4443126916885376,4.228994846343994
1403904591708688401,neutral,1.5715707540512085,0.7319814562797546,-0.16812938451766968
1403904591813509121,neutral,3.2358505725860596,1.896318793296814,-0.9606783986091614
1403904591956086787,neutral,1.0847060680389404,0.051545385271310806,0.5709734559059143
1403904593105506311,negative,0.9306947588920593,0.6848504543304443,1.182732105255127
1403904593419927556,neutral,1.8309229612350464,0.7126244306564331,-0.6598260402679443
1403904593671512067,neutral,1.5399378538131714,0.7466888427734375,0.4842137098312378
1403904594921545736,negative,1.3188104629516602,-0.4690875709056854,1.8189597129821777
1403904595026456576,negative,1.5204858779907227,-0.8118342757225037,2.1657369136810303
1403904595529814016,neutral,2.072828531265259,1.298923373222351,0.7189305424690247
1403904596188094469,neutral,1.0847060680389404,0.051545385271310806,0.5709734559059143
1403904596347478017,neutral,1.8771545886993408,-0.23140931129455566,0.8341714143753052
1403904596783685633,negative,1.4106166362762451,-0.3626219928264618,1.4732586145401
1403904597282885640,neutral,1.1193451881408691,1.0912561416625977,0.3504987359046936
1403904597320617985,negative,1.6705219745635986,-0.30803531408309937,1.7488199472427368
1403904598100877315,neutral,2.1832115650177,1.3436704874038696,-0.04675917327404022
1403904598352486400,neutral,2.212160348892212,-0.03133855760097504,0.8980837464332581
1403904599807991808,positive,1.9125639200210571,2.1415109634399414,-0.13393767178058624
1403904600684564483,neutral,2.280634641647339,1.143672227859497,-0.06842227280139923
1403904601657516038,neutral,2.655020236968994,1.3701432943344116,-0.2378719598054886
1403904601753931777,neutral,1.1891783475875854,-0.2635117471218109,0.7630719542503357
1403904601846255622,negative,1.3880982398986816,0.3532712161540985,1.4320812225341797
1403904602114777088,neutral,1.6013180017471313,-0.0950753465294838,1.2210866212844849
1403904602404237313,negative,0.9151397347450256,-0.8827927112579346,2.82594895362854
1403904602458804225,neutral,1.8546016216278076,-0.2235662043094635,1.7360574007034302
1403904602722930691,negative,1.2059869766235352,-0.6886985301971436,2.282191038131714
1403904603079340032,neutral,1.491257905960083,0.29441913962364197,0.9438562989234924
1403904604773883908,neutral,2.1476430892944336,-0.4394437372684479,1.2757375240325928
1403904604970962950,negative,1.0281985998153687,0.7824699878692627,1.1727389097213745
1403904605399011332,negative,1.0526764392852783,-0.4613548815250397,2.1096248626708984
1403904605705191430,negative,1.1634631156921387,0.4580264091491699,1.4192317724227905
1403904605755424773,neutral,0.8669848442077637,0.5360267162322998,0.3191051781177521
1403904605789032450,neutral,1.7221890687942505,-0.4859219491481781,1.6230617761611938
1403904607688871937,negative,1.1717456579208374,-0.3816731870174408,2.038407564163208
1403904607911387136,neutral,1.8348660469055176,-0.4254589378833771,0.9993887543678284
1403904608183988225,neutral,1.615647792816162,1.0034308433532715,0.9610843062400818
1403904608246829056,positive,1.8078807592391968,2.011979103088379,-0.32839635014533997
1403904608485842967,neutral,2.1920416355133057,-0.505845844745636,1.2599860429763794
1403904608762662915,positive,0.8793981075286865,0.9177771806716919,0.41507983207702637
1403904608775204867,negative,1.141244649887085,-1.463499903678894,3.908371686935425
1403904608880128002,neutral,2.344134569168091,0.8892782330513,-0.21967412531375885
1403904609316261896,neutral,2.9814183712005615,0.25475773215293884,0.2570420205593109
1403904609563910149,negative,0.6916751265525818,-0.7419725656509399,1.9334460496902466
1403904610302103555,neutral,1.0888782739639282,-0.02258557826280594,1.0216498374938965
1403904610402639874,neutral,2.2362256050109863,-0.308950275182724,0.7997992038726807
1403904611220557824,negative,1.1911283731460571,-0.2614494264125824,2.140674591064453
1403904612348796930,neutral,3.0413260459899902,0.19213898479938507,0.3480202853679657
1403904612386680834,positive,0.6518228650093079,7.641601085662842,-0.8598955869674683
1403904613682647041,neutral,1.6366431713104248,1.2143417596817017,0.27983200550079346
1403904614521618442,neutral,1.8953999280929565,0.06980764865875244,0.9835416674613953
1403904616773963776,negative,1.2053327560424805,-0.8441148400306702,2.737664222717285
1403904617285619718,neutral,2.479940414428711,1.2417914867401123,-0.8346192240715027
1403904617503760385,positive,0.9888442158699036,1.9706435203552246,0.6387038230895996
1403904618212495363,negative,1.2816411256790161,-0.5735347270965576,2.007948875427246
1403904619303124999,neutral,1.7055895328521729,0.38151413202285767,0.8482075333595276
1403904619353419779,negative,1.1847338676452637,-0.006231434643268585,1.3548009395599365
1403904619860819971,negative,0.5930607318878174,-0.8912970423698425,2.6140213012695312
1403904620586422273,positive,1.6666405200958252,2.0739448070526123,-0.08171138912439346
1403904621026942983,negative,1.1085838079452515,-0.4785763919353485,1.881900668144226
1403904621165359107,negative,0.8323348164558411,0.08698143810033798,1.2959829568862915
1403904621584605184,neutral,3.2774946689605713,0.703827977180481,0.16539035737514496
1403904621609996292,positive,0.8800382614135742,1.3150014877319336,-0.5692670941352844
1403904621676883969,negative,1.175162672996521,0.12513594329357147,1.4670082330703735
1403904622037811200,neutral,1.8957023620605469,0.49880144000053406,0.26516610383987427
1403904622188646400,positive,1.024725079536438,2.9917383193969727,-0.29479753971099854
1403904622926893056,neutral,2.5296244621276855,0.846856951713562,-0.5947602987289429
1403904623342014464,neutral,1.5985978841781616,-0.7025386095046997,1.2886408567428589
1403904624021540865,negative,1.0172924995422363,0.8058074116706848,1.1356148719787598
1403904625216868354,neutral,2.090834617614746,0.39091357588768005,0.4272961914539337
1403904625443549188,neutral,1.496254324913025,0.11732080578804016,0.5050767064094543
1403904626072571905,neutral,1.1660808324813843,0.4267175793647766,0.7664979100227356
1403904628069109764,neutral,1.129712700843811,-0.018159158527851105,1.0251526832580566
1403904630107430914,neutral,1.0014910697937012,0.588549792766571,0.4476594626903534
1403904631332380679,positive,1.028443694114685,1.1341861486434937,0.3768114447593689
1403904632020217863,neutral,2.178636312484741,-0.5951838493347168,0.4340347647666931
1403904633228042243,negative,1.030448317527771,-0.8581324219703674,2.982595682144165
1403904633668395014,neutral,0.8498636484146118,0.5821801424026489,0.4851189851760864
1403904636185157636,negative,0.7856350541114807,-1.283502459526062,3.9372758865356445
1403904636478623744,negative,0.23677322268486023,0.046671293675899506,1.7234601974487305
1403904637477007367,neutral,1.4776577949523926,1.245892882347107,0.10438361018896103
1403904638408134660,neutral,2.4765381813049316,1.0773202180862427,-0.3084278106689453
1403904640161361921,neutral,1.9716901779174805,0.6501315236091614,0.26346316933631897
1403904640777801728,negative,0.2469915747642517,0.2752586305141449,2.005133867263794
1403904640974983168,negative,0.6587872505187988,-1.0440723896026611,3.1406259536743164
1403904641604198403,neutral,1.512079119682312,0.24775686860084534,1.0605404376983643
1403904641855860739,neutral,1.7723214626312256,0.5858885645866394,-0.06475599855184555
1403904642141065219,negative,0.7660762071609497,-0.027373746037483215,1.6494766473770142
1403904642195546112,neutral,2.23433256149292,0.5764689445495605,-0.08703847229480743
1403904644342960131,neutral,2.5010008811950684,-0.13228419423103333,0.32777345180511475
1403904644363980801,negative,0.9625134468078613,-0.5638002753257751,2.1158411502838135
1403904645123084290,negative,0.9929910898208618,-0.7368530035018921,1.9260650873184204
1403904645269966848,negative,0.6392045021057129,-0.25801387429237366,2.3078715801239014
1403904645441867779,negative,1.3372020721435547,-0.1397603154182434,1.7466826438903809
1403904646377205765,neutral,1.0847060680389404,0.051545385271310806,0.5709734559059143
1403904647786491913,neutral,1.731050729751587,0.547114908695221,0.48402896523475647
1403904649321762818,negative,1.1453746557235718,0.38371577858924866,1.3632245063781738
1403904652408729602,neutral,1.318124771118164,0.530034601688385,0.7050161957740784
1403904653251670021,negative,1.838881015777588,-1.0376383066177368,2.119652509689331
1403904654035984393,neutral,1.453419804573059,0.008976973593235016,1.382825493812561
1403904655659253768,negative,1.4838216304779053,-0.6801989674568176,1.7066067457199097
1403904656372166656,neutral,2.33357572555542,1.2333258390426636,-0.22102881968021393
1403904658532413446,neutral,1.1228431463241577,0.3682563304901123,0.637382447719574
1403904658595274752,negative,1.5849494934082031,-1.299662709236145,2.917776346206665
1403904658721185793,negative,0.5966581106185913,0.16814008355140686,1.2515841722488403
1403904659333410819,positive,1.4548739194869995,2.5814971923828125,0.4985402226448059
1403904659597586432,neutral,1.5816105604171753,0.7964736223220825,0.14528383314609528
1403904659723472908,neutral,0.758486270904541,0.537311851978302,0.1689634621143341
1403904659916394496,negative,1.4733086824417114,-0.42281225323677063,1.564826488494873
1403904662059687937,neutral,1.615647792816162,1.0034308433532715,0.9610843062400818
1403904664010174470,negative,0.5914923548698425,0.39462706446647644,2.251657247543335
1403904665721376772,negative,1.264915108680725,-0.3722284138202667,1.404257893562317
1403904666732093440,negative,1.0815117359161377,-1.051242709159851,2.4338202476501465
1403904666778415105,neutral,1.6812784671783447,-0.418047696352005,1.4060354232788086
1403904668158156802,negative,0.9938302636146545,-0.30830442905426025,1.2987576723098755
1403904669810757637,negative,0.9287292957305908,-0.5884690880775452,2.096778392791748
1403904669814951938,negative,1.0172924995422363,0.8058074116706848,1.1356148719787598
1403904670393905152,negative,1.2766809463500977,-0.6316002011299133,1.7445170879364014
1403904670548914176,positive,0.9433606863021851,3.1744179725646973,-0.45787036418914795
1403904670607757313,negative,0.8323348164558411,0.0869813933968544,1.295983076095581
1403904670712619013,neutral,2.0965380668640137,0.6666526794433594,0.6154758334159851
1403904671027109891,neutral,2.0269036293029785,0.23802006244659424,0.433167427778244
1403904671031259145,positive,0.5630367994308472,1.577039122581482,-0.329698771238327
1403904671731916811,negative,1.1595228910446167,-0.6125751733779907,2.1181256771087646
1403904671865966596,neutral,0.8044766783714294,-0.09357523173093796,0.7754867076873779
1403904672130224129,negative,1.1261550188064575,-0.6449976563453674,1.9454048871994019
1403904672226701313,negative,0.8448721170425415,-0.155319482088089,2.6418488025665283
1403904672860082181,negative,0.5933176875114441,-0.6470065712928772,2.9325807094573975
1403904673493307398,negative,0.8642274737358093,-0.07496804744005203,1.4090460538864136
1403904673505968131,neutral,1.9403051137924194,-0.6860625743865967,0.9651775360107422
1403904673510137857,neutral,1.7153369188308716,-0.040207140147686005,1.5580015182495117
1403904674529308678,neutral,1.5978000164031982,0.07402771711349487,0.7179110050201416
1403904678962806788,neutral,1.4152960777282715,1.152173399925232,0.5406505465507507
1403904679013195786,neutral,1.8871701955795288,-0.14869186282157898,0.8346841335296631
1403904679822639109,neutral,1.149566650390625,-0.034755125641822815,0.9052865505218506
1403904680275722243,neutral,1.6581804752349854,0.7477926015853882,0.19695281982421875
1403904682318127109,neutral,1.8462241888046265,1.0377016067504883,-0.572074294090271
1403904683752792065,neutral,1.2100073099136353,0.8485796451568604,0.6398365497589111
1403904683891118081,neutral,2.3042783737182617,1.5637571811676025,-0.29552263021469116
1403904684297834496,positive,2.2271289825439453,3.158660650253296,-1.0253105163574219
1403904685652811776,neutral,1.153580904006958,-0.342539519071579,0.8591609597206116
1403904685908627456,negative,0.8346594572067261,-0.9646993279457092,3.0290279388427734
1403904686550228994,negative,1.1743297576904297,-0.6907414197921753,1.8844592571258545
1403904688626483201,neutral,1.4049675464630127,0.8947128653526306,0.3845369219779968
1403904688752300035,neutral,1.9629873037338257,-0.028691381216049194,1.4329012632369995
1403904689695956995,neutral,2.0965383052825928,0.6666526198387146,0.6154759526252747
1403904689729589248,neutral,1.4234492778778076,-0.4119432270526886,0.9198700785636902
1403904689926664193,negative,1.1353546380996704,-0.2905583679676056,1.2604365348815918
1403904689935052813,neutral,1.6396653652191162,0.4163030982017517,0.7270040512084961
1403904689993826304,neutral,1.9127711057662964,0.3759583532810211,0.6523366570472717
1403904690278993921,neutral,1.2481306791305542,0.6402310729026794,0.8751754760742188
1403904691172298753,neutral,1.4814190864562988,0.5288200974464417,1.2026538848876953
1403904691617075207,positive,1.0316400527954102,1.047964334487915,0.27132290601730347
1403904694666371074,negative,0.665398895740509,0.9014456868171692,1.1667938232421875
1403904694955610115,positive,1.8832920789718628,3.1380927562713623,-0.5668795704841614
1403904696415232002,negative,1.3783893585205078,0.08099628984928131,1.7644766569137573
1403904696939692038,neutral,1.2860223054885864,-0.25066331028938293,0.9844792485237122
1403904697027731466,negative,1.1667265892028809,-0.7979902625083923,2.078580856323242
1403904698541768705,neutral,3.530146598815918,1.6300078630447388,-1.065041184425354
1403904698885840900,neutral,1.5114352703094482,1.020512342453003,0.5071796178817749
1403904699250708481,negative,0.3638816773891449,0.9173048138618469,1.144156575202942
1403904699254775812,neutral,1.555951476097107,0.9688065052032471,0.18715296685695648
1403904702320893954,neutral,1.5335369110107422,-0.731380820274353,1.4781490564346313
1403904702937546755,neutral,3.2555229663848877,2.4223744869232178,-0.6776602864265442
1403904704204132356,negative,1.37723708152771,-1.2675399780273438,2.8615198135375977
1403904704292147208,positive,1.2296874523162842,2.995351552963257,-0.7551844120025635
1403904705755959304,neutral,1.5297402143478394,-0.6145023107528687,1.2752525806427002
1403904706951450625,negative,1.224915862083435,-0.9688088297843933,2.2292375564575195
1403904707794456581,neutral,1.5249427556991577,0.10652177780866623,0.8597647547721863
1403904708239036422,neutral,1.3772187232971191,0.8183931708335876,0.4405987560749054
1403904709384146944,negative,1.4332301616668701,-0.7003607749938965,1.942157506942749
1403904710411636737,negative,1.0172924995422363,0.80580735206604,1.1356148719787598
1403904710872993794,positive,1.2623380422592163,2.274320602416992,-0.3273114562034607
1403904711615565825,neutral,2.5457308292388916,1.3318945169448853,-0.5181329250335693
1403904711934189574,neutral,1.4214916229248047,0.328635036945343,0.8487670421600342
1403904712064213002,neutral,1.9793403148651123,1.2015808820724487,0.1502571702003479
1403904713662287872,negative,1.8503485918045044,-1.0033892393112183,2.3650097846984863
1403904715746910212,neutral,1.6816364526748657,-0.1639695167541504,1.311525583267212
1403904716996808705,positive,0.49089547991752625,1.2992357015609741,0.683203399181366
1403904717265178625,neutral,1.7818495035171509,0.9595504999160767,0.3348422944545746
1403904717902786563,neutral,1.4214916229248047,0.328635036945343,0.8487670421600342
1403904719131709441,positive,1.7462824583053589,1.8249917030334473,-0.0877644345164299
1403904720788328457,neutral,1.3583259582519531,0.11497946828603745,1.2725496292114258
1403904721291599876,negative,1.2717994451522827,-1.1623010635375977,2.624500274658203
1403904721342009346,neutral,2.0922694206237793,0.32246848940849304,0.2926866114139557
1403904722151555077,negative,0.5788796544075012,-0.9209533333778381,3.818765640258789
1403904722717843456,negative,1.4180810451507568,-0.916871964931488,1.8428053855895996
1403904722772238337,neutral,2.773855686187744,1.0661015510559082,-0.15571774542331696
1403904723447693314,neutral,1.4620680809020996,-0.1708677113056183,1.239047646522522
1403904724512948224,positive,2.2432477474212646,2.2634470462799072,-0.4768962264060974
1403904725603557378,neutral,1.4154878854751587,0.6942190527915955,0.6773873567581177
1403904725901262849,negative,1.4079325199127197,-0.008819319307804108,1.7705436944961548
1403904726228406277,positive,2.0471293926239014,5.854814529418945,-1.837687611579895
1403904726559825926,negative,1.1729934215545654,-0.8447926640510559,2.6015002727508545
1403904728128376835,positive,0.9576732516288757,1.196044921875,0.7234405875205994
1403904728392740866,negative,0.7055714726448059,-0.6770667433738708,2.8967885971069336
1403904728942231553,positive,1.7462825775146484,1.8249915838241577,-0.08776449412107468
1403904729541980160,negative,0.45649638772010803,-0.8170602321624756,3.7533464431762695
1403904729923698688,negative,1.2865707874298096,-0.3821783661842346,1.9556959867477417
1403904730565337090,negative,0.9588035941123962,0.558860182762146,1.1581437587738037
1403904730577862657,negative,1.6316889524459839,-0.541430652141571,1.7343003749847412
1403904730917531649,positive,0.5965473055839539,0.9303580522537231,0.020282182842493057
1403904730934300673,neutral,2.833695888519287,1.8016029596328735,-1.0297465324401855
1403904731446059008,negative,0.24733635783195496,-0.9790437817573547,3.3772196769714355
1403904734986084352,negative,1.1193732023239136,0.7350918054580688,1.2100725173950195
1403904736496029705,negative,1.3783893585205078,0.08099628984928131,1.7644766569137573
1403904737783828484,negative,0.8807654976844788,-0.06188357621431351,1.0092322826385498
1403904737787879427,neutral,1.4671486616134644,-0.1719343662261963,0.8173034191131592
1403904738006077442,negative,1.3369678258895874,-1.2370861768722534,3.0725009441375732
1403904738236801026,positive,1.4066377878189087,1.840221881866455,-0.7176624536514282
1403904740078100480,negative,1.232214331626892,-1.000233769416809,2.143556833267212
1403904740459794432,positive,0.348632276058197,2.290022373199463,-0.16709184646606445
1403904740946190337,neutral,3.530146598815918,1.6300079822540283,-1.0650410652160645
1403904741537587200,positive,2.2271289825439453,3.158660650253296,-1.0253105163574219
1403904741739016194,negative,1.4314415454864502,-1.048388123512268,2.3978028297424316
1403904743525666819,neutral,1.8849817514419556,-0.7652227282524109,1.8700544834136963
1403904744335187968,neutral,1.690298080444336,-0.29941070079803467,1.2606568336486816
1403904745383809024,negative,0.5666108727455139,-0.8695405721664429,3.228282928466797
1403904746612740102,positive,1.0250378847122192,3.0680129528045654,-0.36645954847335815
1403904748231692291,neutral,1.8348660469055176,-0.4254589378833771,0.9993887543678284
1403904748411965442,neutral,1.8120676279067993,-0.7335628271102905,1.234681248664856
1403904749221466118,negative,1.2322144508361816,-1.000233769416809,2.143556833267212
1403904749280301057,neutral,1.2017533779144287,0.26805609464645386,0.9143844246864319
1403904749368332296,neutral,1.0019243955612183,1.001721978187561,0.6157242059707642
1403904750009995271,neutral,3.3731298446655273,3.2971441745758057,-1.5068323612213135
1403904750718885888,neutral,1.7373532056808472,-0.01736733317375183,1.4273333549499512
1403904751121551370,negative,1.0548555850982666,-1.3302160501480103,4.144258499145508
1403904754108055554,neutral,1.7707797288894653,0.7040500044822693,0.007988223806023598
1403904754791501826,negative,1.6326183080673218,-1.2937233448028564,3.000241756439209
1403904755026382851,negative,0.5575204491615295,-0.21682745218276978,2.488818883895874
1403904755055960065,neutral,1.1955283880233765,0.7728516459465027,0.8492723703384399
1403904755554947077,positive,1.2623380422592163,2.274320602416992,-0.3273114562034607
1403904756947505153,neutral,2.135845184326172,0.26200035214424133,0.9634391665458679
1403904757350252546,neutral,4.229844093322754,2.333157777786255,-1.211181402206421
1403904757589319683,negative,1.2019736766815186,-1.3025058507919312,3.2808971405029297
1403904757887025152,negative,0.7838588356971741,-0.8143433928489685,2.5138862133026123
1403904758478524420,negative,0.30898764729499817,-1.2133293151855469,4.1163411140441895
1403904758495137794,neutral,3.2358505725860596,1.896318793296814,-0.9606783986091614
1403904760151822340,positive,2.2271289825439453,3.158660650253296,-1.0253105163574219
1403904760856547334,negative,1.8503485918045044,-1.0033892393112183,2.3650097846984863
1403904761246720003,neutral,1.863869071006775,0.24662083387374878,0.4024548828601837
1403904762249154563,neutral,1.8849818706512451,-0.7652226686477661,1.8700544834136963
1403904762370789377,neutral,1.258660078048706,-0.34172171354293823,1.1953887939453125
1403904762798436352,negative,0.7742618918418884,-0.801798403263092,3.101257085800171
1403904763272568838,neutral,1.902348518371582,0.29881057143211365,0.7237313389778137
1403904764786757643,neutral,1.6194387674331665,0.32303014397621155,0.45306530594825745
1403904765784956929,negative,0.8257057070732117,-0.2704324424266815,2.099668502807617
1403904766778908674,negative,1.0901730060577393,0.9924800992012024,1.262573480606079
1403904767315779586,neutral,2.141719102859497,0.8943177461624146,0.0004817172884941101
1403904768242700289,neutral,1.2061724662780762,0.17132192850112915,1.0953304767608643
1403904770625081346,negative,1.3783893585205078,0.08099628984928131,1.7644766569137573
1403904770750943233,negative,1.2547144889831543,-0.79404616355896,2.326758623123169
1403904771220594693,neutral,1.6855745315551758,0.3713728189468384,0.37932196259498596
1403904771577159681,neutral,1.875896692276001,1.1682697534561157,0.3057044446468353
1403904773531734022,positive,1.4318408966064453,2.9416723251342773,-0.6222790479660034
1403904773653512196,neutral,2.046024799346924,0.46879372000694275,1.0916633605957031
1403904774186151936,negative,1.5402288436889648,-1.0083463191986084,2.440516710281372
1403904775582892035,neutral,1.6855744123458862,0.37137290835380554,0.37932199239730835
1403904775687651335,negative,1.1728930473327637,-1.3205227851867676,3.3716742992401123
1403904776186834944,neutral,2.0580129623413086,0.6219562292098999,0.24812652170658112
1403904776719507457,negative,0.5700538754463196,-0.5045664310455322,2.870560646057129
1403904777382154247,negative,0.8232330083847046,-0.4019932150840759,2.095557928085327
1403904777549799425,neutral,1.9403051137924194,-0.6860625743865967,0.9651775360107422
1403904778015363073,neutral,2.668574333190918,1.4738547801971436,-0.3904739022254944
1403904778472615938,positive,1.1541175842285156,2.1888556480407715,0.12117526680231094
1403904779177263107,neutral,2.426798105239868,0.40785402059555054,0.36384275555610657
1403904779659759619,neutral,1.742470622062683,-0.48000195622444153,1.2558344602584839
1403904779907059715,neutral,2.1113877296447754,0.6213820576667786,-0.5065126419067383
1403904780049600513,negative,1.1745661497116089,-0.2062166929244995,1.7588750123977661
1403904780171300869,neutral,2.0310232639312744,0.600101113319397,0.656267523765564
1403904780477546499,neutral,1.6855746507644653,0.37137290835380554,0.37932196259498596
1403904782755008514,neutral,1.8513920307159424,-0.6701235175132751,1.320984125137329
1403904782994128896,neutral,1.3494600057601929,0.8214864730834961,0.8504670262336731
1403904784395116549,neutral,1.3047059774398804,0.7063180804252625,0.9935542941093445
1403904785003302915,neutral,2.27439022064209,-0.18325546383857727,0.7429846525192261
1403904785225560066,negative,0.5828342437744141,-1.0724163055419922,3.2340140342712402
1403904785565188101,negative,0.8633530139923096,-0.5928288102149963,2.978719472885132
1403904786282409985,neutral,1.0847060680389404,0.051545385271310806,0.5709734559059143
1403904787377180672,negative,0.3201189339160919,-0.4735833704471588,2.165142774581909
1403904789260369924,neutral,2.867429256439209,1.676526427268982,-0.7856070399284363
1403904789847719939,negative,0.562319815158844,-0.8037611842155457,2.686666250228882
1403904790262919170,negative,0.9246938228607178,-0.48949113488197327,1.7189046144485474
1403904790304862208,neutral,2.021535873413086,1.8169273138046265,-0.0022536907345056534
1403904793563721731,neutral,1.321462869644165,-0.32708287239074707,1.3201383352279663
1403904793748381704,neutral,2.2312111854553223,0.15590935945510864,0.5454617142677307
1403904795556016130,negative,0.9255236387252808,-1.5757073163986206,4.765835762023926
1403904797326163971,neutral,1.4828439950942993,1.2690887451171875,0.5956563949584961
1403904797414150145,negative,0.8569015264511108,0.15424031019210815,0.9706219434738159
1403904798534123521,negative,0.7660762071609497,-0.027373746037483215,1.6494766473770142
1403904800723542022,negative,0.6979050636291504,-0.5066134333610535,1.1277731657028198
1403904802438848512,neutral,3.530146598815918,1.6300077438354492,-1.065041184425354
1403904802984120327,neutral,1.4671486616134644,-0.1719343662261963,0.8173034191131592
1403904803147862016,neutral,2.0003037452697754,-0.7447888851165771,1.0990667343139648
1403904803231707138,neutral,2.016897439956665,-0.9128211736679077,1.670809030532837
1403904805295333377,negative,0.8410417437553406,-0.6382654905319214,2.226412534713745
1403904806159224839,negative,1.4040236473083496,-0.863489031791687,1.9171342849731445
1403904806603792385,negative,1.199794054031372,-0.8993456959724426,2.8312973976135254
1403904806763196416,neutral,1.794854998588562,0.8881515860557556,0.8695719838142395
1403904807274909704,neutral,1.731050729751587,0.547114908695221,0.48402896523475647
1403904807514091528,negative,0.460554301738739,-0.9540569186210632,2.9977149963378906
1403904808155856905,negative,0.15629300475120544,-0.48603275418281555,3.238438129425049
1403904808390598663,negative,0.8497535586357117,-0.44064101576805115,1.6663005352020264
1403904808780660739,negative,0.5549853444099426,-0.32563433051109314,2.70231556892395
1403904809976008704,neutral,1.2323832511901855,-0.2941426932811737,1.1886245012283325
1403904810097709059,negative,0.5666108727455139,-0.8695405721664429,3.228282928466797
1403904810290757632,negative,1.222800850868225,-0.8171432018280029,2.5126307010650635
1403904812475994117,negative,1.4816652536392212,-0.22484716773033142,1.5990265607833862
1403904813390307330,neutral,1.683327317237854,-0.7987369894981384,1.485102891921997
1403904813788807169,neutral,2.0628232955932617,0.8635260462760925,0.05003492534160614
1403904815097282560,neutral,1.7394822835922241,1.2246742248535156,0.13285690546035767
1403904815671906310,neutral,2.4753668308258057,0.6565872430801392,-0.13302652537822723
1403904815986450436,neutral,1.5957529544830322,0.2528851628303528,0.3865024149417877
1403904816099721219,neutral,1.7195167541503906,0.11892904341220856,1.0226505994796753
1403904817156792322,neutral,2.087376356124878,0.4336621165275574,0.15602143108844757
1403904817588736002,neutral,1.2282323837280273,0.5406473875045776,0.7969799637794495
1403904817899130880,neutral,1.5833393335342407,0.39389264583587646,0.8823682069778442
1403904818259894276,negative,0.8787630796432495,-0.871705949306488,3.0428500175476074
1403904818553425927,negative,0.8269661664962769,-1.1360161304473877,3.217067003250122
1403904819178328065,negative,0.6279767751693726,-0.06565607339143753,1.1222426891326904
1403904819484577795,neutral,1.4801610708236694,0.39450252056121826,1.4793821573257446
1403904819526471684,negative,1.2547144889831543,-0.79404616355896,2.326758623123169
1403904820059246597,neutral,0.7636217474937439,0.4937756359577179,0.2429913431406021
1403904820210245633,negative,1.6679733991622925,-1.050084114074707,2.059412717819214
1403904820973551616,negative,0.8510798215866089,-1.2448158264160156,3.7550125122070312
1403904822848364551,neutral,1.712716817855835,0.45510831475257874,0.2643035054206848
1403904823561310208,negative,1.3783893585205078,0.08099628984928131,1.7644766569137573
1403904823724965897,neutral,2.4108099937438965,1.734686255455017,0.009443806484341621
1403904824748527620,negative,0.4411444664001465,-0.24899637699127197,2.0165181159973145
1403904824761061379,neutral,1.6855746507644653,0.37137290835380554,0.37932196259498596
1403904825893531652,neutral,2.290888547897339,-0.9436723589897156,1.6413021087646484
1403904826006597632,neutral,1.2270700931549072,0.8477103114128113,0.37159445881843567
1403904826224807937,negative,1.2554824352264404,-0.4528866112232208,2.183689832687378
1403904826702974977,negative,1.4314415454864502,-1.048388123512268,2.3978028297424316
1403904826736480261,negative,0.8797996044158936,-1.0968005657196045,3.193265914916992
1403904827449511936,positive,0.4509708881378174,3.0976505279541016,-0.34440237283706665
1403904829131563010,negative,0.7544226050376892,-0.6472257971763611,2.654252052307129
1403904829198536713,negative,0.857111394405365,-1.0995203256607056,3.45756459236145
1403904830280712200,neutral,0.6943002343177795,0.4106326401233673,0.6902273297309875
1403904830851010563,neutral,2.217390298843384,0.3097662925720215,0.34107810258865356
1403904832801439746,negative,0.9091400504112244,-0.25595688819885254,1.833743929862976
1403904833376108553,negative,1.149086833000183,-0.30320265889167786,1.2132489681243896
1403904834781298688,negative,1.2209112644195557,-0.10376951843500137,1.4740865230560303
1403904838136598532,neutral,1.615647792816162,1.0034308433532715,0.9610843062400818
1403904841890418693,neutral,1.5559614896774292,0.024244077503681183,1.139086365699768
1403904842028879872,negative,0.9096431136131287,-0.2698216438293457,2.220594644546509
1403904842968354820,negative,0.6871888637542725,-0.16353937983512878,3.046996593475342
1403904843232784385,neutral,1.9629874229431152,-0.02869138866662979,1.4329012632369995
1403904843392159745,neutral,1.5115711688995361,0.019472777843475342,1.3791605234146118
1403904845380132865,negative,1.397735834121704,-0.797582745552063,2.0357718467712402
1403904846344818690,neutral,1.4252715110778809,0.9090431928634644,0.9605899453163147
1403904846688784387,neutral,1.2902952432632446,0.3086665868759155,0.669295608997345
1403904846952996868,neutral,1.7780550718307495,-0.32790815830230713,0.8943874835968018
1403904847510839300,neutral,1.365592360496521,0.8456245064735413,0.3336245119571686
1403904847888498692,negative,1.002711296081543,-0.7137439250946045,1.7144672870635986
1403904849247342592,neutral,1.2701042890548706,0.04618622735142708,0.21781118214130402
1403904850375630857,negative,1.6600435972213745,-0.8459092974662781,1.808196783065796
1403904851755474948,negative,1.3475593328475952,-0.7858157157897949,1.6864840984344482
1403904851927437317,neutral,1.6986080408096313,0.11730220168828964,0.32836681604385376
1403904851927605254,neutral,2.2968227863311768,2.1778223514556885,-0.6183493137359619
1403904852682493957,negative,1.3829327821731567,-0.8901106715202332,3.112271308898926
1403904853563170818,neutral,3.640317678451538,1.5829519033432007,-0.9354135990142822
1403904853768867841,neutral,1.7310504913330078,0.5471149682998657,0.48402899503707886
1403904853986926595,negative,1.0959495306015015,-0.3842950165271759,1.673619270324707
1403904855454982152,negative,1.5069377422332764,-0.8241673707962036,1.9971532821655273
1403904856356646912,positive,0.5372164845466614,3.6544926166534424,-0.6432555913925171
1403904856549511176,positive,2.2432477474212646,2.2634470462799072,-0.4768962264060974
1403904857308807173,negative,1.6394877433776855,-0.6446542143821716,1.821071743965149
1403904857342316544,positive,1.0619364976882935,1.1548808813095093,0.6201348304748535
1403904858634215439,neutral,2.126412868499756,-0.8504928350448608,1.3406469821929932
1403904859871526913,negative,1.2035621404647827,-1.1508885622024536,2.8287627696990967
1403904861175877632,negative,0.7838588356971741,-0.8143433928489685,2.5138862133026123
1403904862304280578,neutral,1.8762493133544922,0.3289053738117218,1.1135908365249634
1403904862710992897,neutral,1.9694396257400513,-0.6542090177536011,1.3071918487548828
1403904863298261002,neutral,1.7255945205688477,1.0400135517120361,-0.4356604516506195
1403904863872892939,negative,0.5666109323501587,-0.8695406913757324,3.228283166885376
1403904864380502019,negative,0.8293545246124268,-0.5691195130348206,2.3240435123443604
1403904866020249606,neutral,1.0847060680389404,0.051545385271310806,0.5709734559059143
1403904867589107712,neutral,1.6855746507644653,0.37137287855148315,0.37932202219963074
1403904869375922181,negative,0.722319483757019,0.24240338802337646,0.884480893611908
1403904870126546951,negative,1.0172923803329468,0.80580735206604,1.1356148719787598
1403904870319636483,negative,1.0367141962051392,-1.1482632160186768,3.125159978866577
1403904870600556548,negative,0.7055714726448059,-0.6770667433738708,2.8967885971069336
1403904871049306117,neutral,1.7486634254455566,0.7185146808624268,-0.008361229673027992
1403904871540035590,neutral,2.1198244094848633,0.6939810514450073,0.27261775732040405
1403904871611334658,negative,0.6384497880935669,-0.772659182548523,2.8166167736053467
1403904871665913859,neutral,2.5494112968444824,1.611702561378479,0.16655056178569794
1403904873318420480,positive,2.468137741088867,3.2754781246185303,-1.136727213859558
1403904874065051650,negative,1.4243038892745972,-0.17845457792282104,1.8478679656982422
1403904874434158593,neutral,1.0847060680389404,0.051545385271310806,0.5709734559059143
1403904874828414982,neutral,1.3460657596588135,-0.13432449102401733,1.3449150323867798
1403904875763691524,neutral,1.6855746507644653,0.37137290835380554,0.37932196259498596
1403904876246044673,neutral,2.571352958679199,0.14954596757888794,0.394690603017807
1403904876480958465,neutral,1.153796672821045,0.28517723083496094,1.011544942855835
1403904876879368194,neutral,3.530146598815918,1.6300079822540283,-1.0650410652160645
1403904878267842565,negative,1.1966218948364258,-0.038940899074077606,1.3610228300094604
1403904879031058434,positive,1.1089677810668945,2.0449230670928955,0.10601004213094711
1403904879391817728,neutral,1.6074305772781372,0.6035175323486328,1.3067575693130493
1403904879844728838,neutral,1.6855746507644653,0.37137290835380554,0.37932196259498596
1403904880155271172,negative,1.224915862083435,-0.9688088297843933,2.2292375564575195
1403904880549400585,positive,1.2697677612304688,2.7018089294433594,0.23657183349132538
1403904880574619650,negative,0.777848482131958,-0.5561711192131042,1.2973673343658447
1403904880805224449,negative,1.224915862083435,-0.9688088297843933,2.2292375564575195
1403904880805351428,neutral,1.9629874229431152,-0.028691381216049194,1.4329012632369995
1403904881883336708,negative,1.6761354207992554,-0.8746812343597412,1.8240598440170288
1403904882273366021,neutral,1.615647792816162,1.0034308433532715,0.9610843062400818
1403904882961268747,neutral,1.6067657470703125,0.09451350569725037,0.9916510581970215
1403904884030599172,negative,1.0282654762268066,-0.28910571336746216,2.0174310207366943
1403904884684955655,positive,2.2271289825439453,3.158660650253296,-1.0253105163574219
1403904884806586370,neutral,1.4508975744247437,0.3507203161716461,0.4318978488445282
1403904885062397956,neutral,1.5226258039474487,0.11099638789892197,0.9766585230827332
1403904885293293574,negative,0.9890140891075134,-0.1947648823261261,2.495504856109619
1403904885620457473,negative,1.0811383724212646,0.22141441702842712,2.2227768898010254
1403904885704245248,negative,0.8734579086303711,-1.2502294778823853,3.5127248764038086
1403904886534656003,neutral,1.8835499286651611,0.8888718485832214,0.3805510699748993
1403904887016984579,negative,1.2274574041366577,-0.7689754962921143,2.317479372024536
1403904887721795588,neutral,1.1331480741500854,-0.16276004910469055,0.5330563187599182
1403904888124313600,neutral,1.3977832794189453,-0.1682175099849701,0.9738602638244629
1403904888589807622,negative,0.9588583111763,0.32924526929855347,1.4116053581237793
1403904890821242890,negative,1.1634631156921387,0.45802631974220276,1.4192317724227905
1403904890905055234,neutral,2.9368343353271484,0.7294012904167175,0.3966805040836334
1403904891093864452,negative,0.8286788463592529,-1.001017451286316,3.402595281600952
1403904891324616707,positive,1.0506112575531006,1.1423903703689575,0.4859381914138794
1403904892691943427,negative,1.2124183177947998,0.26856809854507446,1.7177494764328003
1403904893123907587,neutral,1.0133553743362427,-0.2746117115020752,0.5111701488494873
1403904893216346117,neutral,2.5977632999420166,1.8683369159698486,-1.3342323303222656
1403904893262434311,positive,1.0659171342849731,1.7168432474136353,-0.2542877197265625
1403904893337878529,neutral,1.1812447309494019,0.3342607021331787,0.917093813419342
1403904893610598405,neutral,1.6067657470703125,0.09451350569725037,0.9916510581970215
1403904893967011840,neutral,2.0096445083618164,-0.33382752537727356,1.176210641860962
1403904894705324032,positive,0.35838615894317627,0.8376937508583069,0.3831346333026886
1403904895120412672,negative,1.049797534942627,-0.6046470403671265,1.7980879545211792
1403904895200075779,neutral,2.217390298843384,0.3097662925720215,0.34107810258865356
1403904895233757184,neutral,1.7013559341430664,0.39047348499298096,0.5512610673904419
1403904896202526723,neutral,2.124081611633301,1.9767876863479614,-0.3790941536426544
1403904896936579080,neutral,1.6203678846359253,0.3457765281200409,0.8623043298721313
1403904898454937601,positive,1.4926701784133911,1.630897879600525,1.252385139465332
1403904899377778693,positive,0.3181905448436737,3.3939218521118164,-0.7285035252571106
1403904900707332101,negative,0.6443066000938416,0.6395639777183533,0.936454713344574
1403904900740780038,neutral,2.485743999481201,-0.314749151468277,0.456207811832428
1403904900950528002,neutral,1.4592134952545166,0.5933533906936646,0.513079047203064
1403904901248208900,neutral,1.615647792816162,1.0034308433532715,0.9610843062400818
1403904901608972292,neutral,2.180354595184326,0.9326037764549255,-0.7279331684112549
1403904901684633608,negative,0.6661174893379211,0.07236970216035843,1.1484876871109009
1403904902661906433,neutral,1.6855746507644653,0.37137290835380554,0.37932196259498596
1403904905446932483,neutral,1.9452627897262573,0.12951062619686127,0.9436479210853577
1403904906696691715,neutral,0.5299509763717651,0.18806114792823792,0.4564237594604492
1403904906893746182,neutral,1.8420604467391968,-0.8253494501113892,1.303110957145691
1403904908504403972,neutral,2.940478563308716,0.5708655714988708,0.49807578325271606
1403904908911329280,neutral,1.6855746507644653,0.37137290835380554,0.37932196259498596
1403904909041410048,positive,1.213778018951416,1.5583857297897339,-0.11843546479940414
1403904909163085825,negative,1.3226300477981567,-1.138954520225525,2.89406156539917
1403904909301354496,negative,1.199794054031372,-0.8993456959724426,2.8312973976135254
1403904909389484033,negative,1.3250322341918945,-0.5132935643196106,1.959848165512085
1403904910194741254,neutral,1.8835499286651611,0.8888718485832214,0.3805510699748993
1403904910681423880,neutral,2.1839535236358643,1.1075093746185303,-0.4932873249053955
1403904912950444037,negative,1.1109373569488525,-0.8357675671577454,2.128218650817871
1403904914682691585,negative,1.206512212753296,-0.7807095050811768,1.7278132438659668
1403904915223678976,negative,1.3015351295471191,-0.8569669723510742,2.1863327026367188
1403904916343738370,neutral,2.8217251300811768,0.025734826922416687,0.5355105400085449
1403904917991948292,neutral,1.548141360282898,0.7658178806304932,0.46357476711273193
1403904918038089728,neutral,1.7117419242858887,-0.7719659805297852,1.2950795888900757
1403904918948237316,neutral,3.0273141860961914,0.703536868095398,0.31847864389419556
1403904919313125376,negative,0.9636970162391663,-1.0484524965286255,2.6046924591064453
1403904921582243840,neutral,1.6405744552612305,-0.21724927425384521,1.5368856191635132
1403904921611681796,neutral,1.4255098104476929,0.3926367461681366,1.0397722721099854
1403904922358190080,negative,1.3369505405426025,-0.5103068947792053,1.905644178390503
1403904923222216704,neutral,2.339174747467041,0.9759998321533203,0.32177528738975525
1403904924144918528,negative,1.0867265462875366,-0.339484840631485,2.0128977298736572
1403904925944385542,neutral,2.1617162227630615,-1.0657998323440552,2.0157408714294434
1403904926141587459,negative,0.6439996361732483,-1.2103722095489502,3.6401169300079346
1403904926414036997,neutral,1.9991352558135986,0.35504716634750366,0.2604970633983612
1403904927294844930,positive,1.3438167572021484,2.5941312313079834,-0.11546777933835983
1403904927592697863,negative,1.2423046827316284,-0.809794545173645,1.9963856935501099
1403904927613734912,negative,1.6978535652160645,-1.188064694404602,2.702598810195923
1403904928083439617,positive,2.2271289825439453,3.158660650253296,-1.0253105163574219
1403904928762925057,negative,0.45234471559524536,0.3031678795814514,0.9986108541488647
1403904928989466625,negative,0.25349774956703186,0.28001368045806885,0.9321376085281372
1403904929576546310,neutral,3.530146598815918,1.6300079822540283,-1.0650410652160645
1403904933087219716,neutral,1.7061470746994019,0.18760943412780762,0.6983737945556641
1403904933741666308,neutral,2.639141082763672,2.129885673522949,-0.38825976848602295
1403904935310376963,neutral,1.499613642692566,-0.1809316873550415,1.2136465311050415
1403904935360557058,positive,1.8376483917236328,2.1996824741363525,-0.15538927912712097
1403904935691919361,negative,0.8610117435455322,0.038508374243974686,1.8271986246109009
1403904937113788416,positive,2.2432477474212646,2.2634470462799072,-0.4768962264060974
1403904938179182595,negative,1.3250322341918945,-0.5132935643196106,1.959848165512085
1403904938367848448,neutral,2.2538809776306152,0.5919567942619324,0.15464507043361664
1403904938690977792,negative,1.3795222043991089,-0.9482155442237854,2.3599610328674316
1403904938984546307,neutral,3.049894332885742,1.0320204496383667,-0.644258439540863
1403904939303182341,negative,1.3393585681915283,-0.6706420183181763,1.9913016557693481
1403904940699906053,neutral,1.895050287246704,0.7493612766265869,-0.30593636631965637
1403904940733575175,neutral,2.095486879348755,0.9775066375732422,0.7419221997261047
1403904942239367170,negative,1.1347780227661133,-0.7078061103820801,1.4029643535614014
1403904942595883012,negative,0.6448530554771423,0.3175247609615326,1.9224703311920166
1403904943128449026,negative,0.48356810212135315,1.2639503479003906,1.386451005935669
1403904943535185924,neutral,1.826351284980774,0.2775406241416931,0.35222265124320984
1403904944609050625,negative,1.2420520782470703,-1.3024474382400513,3.695436716079712
1403904945024294918,neutral,2.8217251300811768,0.025734826922416687,0.5355105400085449
1403904945087139845,negative,1.5264906883239746,-0.84236079454422,2.909444808959961
1403904945485664257,neutral,1.690941572189331,0.9935552477836609,0.3609503507614136
1403904945552830467,negative,1.251084566116333,-0.6692695617675781,1.7285932302474976
1403904945745760257,neutral,3.8425395488739014,1.7328801155090332,-0.7808089256286621
1403904946001657866,neutral,1.576412558555603,0.5595709085464478,0.9306278228759766
1403904946915979265,negative,1.3484361171722412,-0.2994024455547333,1.7680084705352783
1403904947096219651,positive,1.9316705465316772,2.1811797618865967,-0.5911886096000671
1403904947528384512,negative,1.6724905967712402,-0.8726170063018799,1.7869101762771606
1403904948400799745,negative,1.3896732330322266,-0.5080598592758179,2.029060125350952
1403904948593512456,positive,3.421476125717163,3.8226940631866455,-1.7387288808822632
1403904948962799616,negative,0.8731871843338013,0.3258315920829773,1.0528444051742554
1403904949185040385,neutral,1.9794433116912842,0.2841148376464844,1.0681207180023193
1403904949570850816,negative,0.7480822801589966,0.6183984875679016,0.9461172819137573
1403904949906518019,positive,1.1663601398468018,1.4180537462234497,0.7986526489257812
1403904950367789058,positive,0.9955245852470398,2.170565366744995,0.04363759979605675
1403904950569254915,negative,1.5201588869094849,-0.9432410597801208,2.1283276081085205
1403904950770491392,negative,1.8246369361877441,-0.6265186667442322,1.924572229385376
1403904950904705026,positive,0.35322874784469604,4.006425380706787,-0.5429723858833313
1403904951294730244,neutral,1.2679647207260132,-0.4182465374469757,0.9438478350639343
1403904952305700865,neutral,3.8425395488739014,1.7328801155090332,-0.7808089256286621
1403904952540479489,negative,1.42825186252594,-1.1638981103897095,2.5680625438690186
1403904953391882243,negative,1.320106029510498,-0.22575631737709045,1.7901538610458374
1403904953635151875,negative,1.1085838079452515,-0.4785763919353485,1.881900668144226
1403904953735843841,neutral,1.7592159509658813,0.27151575684547424,0.4025432765483856
1403904953798770700,positive,0.4173662066459656,0.7893691062927246,0.3645291030406952
1403904955849793536,neutral,2.3304691314697266,-0.19157975912094116,0.42129719257354736
1403904958315913221,negative,1.3783894777297974,0.08099633455276489,1.7644765377044678
1403904958890610691,neutral,1.394225835800171,0.10846675932407379,1.3556398153305054
1403904961063358471,neutral,1.9060485363006592,0.7519137263298035,0.7887571454048157
1403904961608572930,positive,2.1957714557647705,2.706791877746582,0.04907837137579918
1403904962812387328,neutral,1.5824435949325562,0.20389561355113983,0.5083481073379517
1403904962975895552,neutral,2.043527841567993,1.8805491924285889,0.09554997086524963
1403904963797938179,neutral,1.5204575061798096,0.18015527725219727,1.4507267475128174
1403904963940474881,neutral,1.1494930982589722,0.7481024861335754,0.674926221370697
1403904964053946369,neutral,1.503542423248291,0.7824465036392212,0.30831584334373474
1403904964263432192,positive,2.2432477474212646,2.2634470462799072,-0.4768962264060974
1403904964330590215,neutral,2.2573578357696533,0.5543058514595032,0.3704254627227783
1403904964695527427,neutral,3.530146598815918,1.6300079822540283,-1.0650410652160645
1403904964867592197,neutral,1.7254633903503418,-0.09550904482603073,1.6362087726593018
1403904965060530178,neutral,1.9575411081314087,-0.1168053075671196,1.7373000383377075
1403904965261676552,positive,1.9527703523635864,3.1051735877990723,-0.2903217077255249
1403904965861548036,positive,1.1316845417022705,1.6233969926834106,-0.08342330902814865
1403904966503374848,positive,1.8891146183013916,2.2461295127868652,-0.27781954407691956
1403904967409389568,negative,1.0431108474731445,-0.24180370569229126,2.7896294593811035
1403904967841255432,neutral,1.6855746507644653,0.37137290835380554,0.37932196259498596
1403904967983996933,neutral,1.7034136056900024,0.3283551037311554,0.40539902448654175
1403904968227233792,negative,0.5357393622398376,-0.8926975131034851,3.471475601196289
1403904968650739714,neutral,1.222633957862854,0.30501753091812134,1.2190285921096802
1403904969099595776,neutral,1.8967417478561401,0.5062423944473267,0.40465784072875977
1403904969682702336,neutral,1.3259413242340088,0.02975603938102722,1.172625184059143
1403904970680934403,negative,1.4639350175857544,-0.3778901994228363,1.5314689874649048
1403904971179917314,neutral,1.2697380781173706,0.13338202238082886,1.2348144054412842
1403904972559831046,negative,1.0189555883407593,0.7899303436279297,1.1891828775405884
1403904972975185920,neutral,1.0803563594818115,0.16866232454776764,0.014147678390145302
1403904973038043141,neutral,2.1113877296447754,0.6213820576667786,-0.5065126419067383
1403904974459973634,negative,0.828995406627655,-0.45566537976264954,2.569234848022461
1403904975235739659,neutral,2.23433256149292,0.5764691233634949,-0.08703844249248505
1403904976288616449,neutral,1.948852300643921,0.5660796761512756,-0.10849570482969284
1403904976531951620,negative,1.1854852437973022,-0.7890950441360474,1.7865620851516724
1403904976653406208,neutral,1.3405399322509766,-0.214758962392807,1.316258192062378
1403904978431799297,neutral,2.6494715213775635,1.6365702152252197,0.2992962598800659
1403904979434229760,neutral,1.9194865226745605,0.7885609865188599,0.16784733533859253
1403904979660910594,negative,0.9477161765098572,0.05512005090713501,1.7404533624649048
1403904979828711424,positive,1.3248229026794434,3.360931873321533,-0.7989391684532166
1403904979971284993,neutral,1.5740958452224731,1.3207029104232788,0.37115058302879333
1403904980592037891,negative,1.397279143333435,-1.09404718875885,2.6723082065582275
1403904980600320007,neutral,1.8709139823913574,0.7854757905006409,0.3054758608341217
1403904980612911104,positive,0.4459729790687561,0.9112069010734558,0.7057657241821289
1403904980621434882,neutral,1.3583084344863892,-0.055496521294116974,0.945245087146759
1403904981376376839,negative,1.6519988775253296,-0.27592021226882935,1.6690750122070312
1403904981477044226,neutral,1.549101710319519,-0.7296224236488342,1.4869049787521362
1403904982127046658,neutral,1.7871646881103516,-0.15122684836387634,0.5487009286880493
1403904982236098566,neutral,1.5818772315979004,0.4745250940322876,0.46041902899742126
1403904982768926721,neutral,2.306673765182495,-0.3815866708755493,0.8096886277198792
1403904983515414529,neutral,2.6888296604156494,-0.2597951292991638,0.4744872450828552
1403904983561609219,neutral,1.4214916229248047,0.328635036945343,0.8487670421600342
1403904983930589187,negative,1.421380877494812,-0.5895100831985474,1.5557445287704468
1403904983993626629,positive,1.0652272701263428,2.244779348373413,-0.2884071469306946
1403904984505323525,neutral,1.8167301416397095,-0.7457255125045776,1.4744458198547363
1403904984517812228,negative,0.21159690618515015,0.0885959267616272,1.2715721130371094
1403904984689881088,neutral,1.8891879320144653,0.5245234370231628,0.5609523057937622
1403904984870273024,neutral,2.0772864818573,2.0228755474090576,-0.5559773445129395
1403904985054679045,negative,0.9886993765830994,-0.43294182419776917,2.1698520183563232
1403904985826463744,negative,1.478581428527832,-1.2356950044631958,3.0750324726104736
1403904985880952832,negative,1.7280265092849731,-0.039826519787311554,1.7877581119537354
1403904985977417733,neutral,1.7438949346542358,0.4998912811279297,-0.034557342529296875
1403904986191319042,neutral,2.648364305496216,0.12424888461828232,0.20427891612052917
1403904987231657990,negative,1.4180810451507568,-0.916871964931488,1.8428053855895996
1403904987604914176,positive,0.41119739413261414,1.5866296291351318,0.46160924434661865
1403904988368175114,negative,1.3270281553268433,-0.588120698928833,3.0921077728271484
1403904989181800450,positive,1.7465800046920776,3.7106921672821045,-1.187950611114502
1403904989647413249,neutral,1.75534188747406,-0.4310140311717987,1.6912851333618164
1403904990008258561,neutral,1.8986480236053467,0.7811630964279175,0.019093651324510574
1403904990033367041,negative,0.7902916073799133,-0.33538302779197693,2.4221534729003906
1403904990582804484,neutral,2.3792812824249268,0.5840681195259094,-0.34481218457221985
1403904991039995910,neutral,1.2571828365325928,0.4728549122810364,1.0576215982437134
1403904991522344965,negative,1.5856468677520752,-1.0522000789642334,2.5664169788360596
1403904991803232261,positive,1.5188039541244507,1.9596182107925415,-0.2089167833328247
1403904991933390850,negative,0.8300693035125732,-0.30946841835975647,2.0659775733947754
1403904992382181378,neutral,1.7034136056900024,0.3283551037311554,0.40539902448654175
1403904992482717698,neutral,2.010484218597412,0.28509700298309326,0.42213961482048035
1403904992616976385,negative,1.0172924995422363,0.80580735206604,1.1356149911880493
1403904992814108672,negative,0.8102208971977234,-1.2098878622055054,3.5629448890686035
1403904993439064073,negative,1.5685374736785889,-1.029735803604126,2.1648993492126465
1403904993644720132,negative,1.1826841831207275,-0.3235994875431061,1.6636126041412354
1403904993736892422,neutral,1.8453187942504883,-0.7528730630874634,1.447109580039978
1403904993900609537,negative,0.8827593326568604,-0.5258370041847229,2.3239643573760986
1403904994240131075,negative,1.0998955965042114,-0.1923358142375946,1.7239359617233276
1403904994554744834,neutral,2.5010008811950684,-0.13228419423103333,0.32777345180511475
1403904994663800838,neutral,1.4864952564239502,0.2456647753715515,0.4680582582950592
1403904995871887361,negative,0.043115563690662384,-0.05365072935819626,0.8038173913955688
1403904996190601217,neutral,2.4214861392974854,2.0314011573791504,-0.3660959303379059
1403904996555378693,negative,1.5661017894744873,-0.918053925037384,2.1586084365844727
1403904996735950850,neutral,1.9200304746627808,0.0010941028594970703,1.3634591102600098
1403904997641818112,neutral,3.530146598815918,1.6300079822540283,-1.0650410652160645
1403904998027653128,neutral,1.2405059337615967,0.33081600069999695,0.37676936388015747
1403904998560387075,positive,1.4121485948562622,1.530068039894104,0.49672046303749084
1403905000355606531,negative,0.8694484233856201,-0.3280640244483948,1.850771427154541
1403905001093730305,positive,1.1434457302093506,1.7982826232910156,-0.18936289846897125
1403905001995616260,neutral,2.1617162227630615,-1.0657998323440552,2.0157408714294434
1403905002314207238,neutral,2.1647233963012695,1.0672314167022705,-0.02690971828997135
1403905002343653379,positive,2.3379032611846924,2.525219440460205,-0.6998002529144287
1403905002565947395,neutral,1.445405125617981,-0.5654825568199158,1.3894476890563965
1403905002586873856,negative,1.7818498611450195,-0.8212742209434509,1.791160225868225
1403905003417268224,positive,1.6851985454559326,3.039599895477295,-0.5585664510726929
1403905003417391105,positive,0.43804535269737244,1.7904605865478516,0.18414652347564697
1403905003421638660,negative,1.4314415454864502,-1.048388123512268,2.3978028297424316
1403905005443239942,negative,0.6507300734519958,0.765180230140686,1.2026195526123047
1403905005648764936,neutral,1.6855746507644653,0.37137290835380554,0.37932196259498596
1403905005707436034,negative,0.8720489144325256,-0.5183531045913696,1.8557192087173462
1403905006055555074,neutral,1.8891879320144653,0.5245234370231628,0.5609523057937622
1403905006546440193,neutral,2.2173900604248047,0.3097662627696991,0.3410781919956207
1403905006613434369,positive,1.5403447151184082,2.7078118324279785,-0.6349809169769287
1403905007825481730,negative,0.9188230037689209,-0.5244511961936951,2.0982933044433594
1403905008073003013,positive,1.5031369924545288,1.7828694581985474,-0.5378352403640747
1403905008228200448,negative,1.1738077402114868,0.5183055400848389,1.2793595790863037
1403905008345792512,positive,1.5975875854492188,2.5343217849731445,-0.09350502490997314
1403905009247559680,neutral,1.785942792892456,0.3846583366394043,1.1396732330322266
1403905009390030852,negative,1.1683324575424194,-1.02181077003479,2.484980344772339
1403905009427697665,neutral,1.7780550718307495,-0.32790815830230713,0.8943874835968018
1403905009826205699,negative,1.3134132623672485,-0.5762357115745544,1.6616076231002808
1403905010057060358,negative,0.9605686664581299,-0.7414638996124268,2.587991237640381
1403905010954473474,negative,1.128350019454956,-0.5712835788726807,1.8967478275299072
1403905011029970944,neutral,1.288504719734192,0.49847233295440674,0.12033111602067947
1403905011428384773,neutral,2.442819833755493,1.9003206491470337,-0.5999423861503601
1403905011789271043,neutral,1.542522668838501,-0.23651540279388428,0.8456777930259705
1403905011931885568,negative,1.262342095375061,-1.2370593547821045,2.973182201385498
1403905012305043456,positive,2.9868197441101074,4.096158027648926,-1.4678246974945068
1403905012959416320,neutral,1.6274731159210205,-0.8749312162399292,1.471705675125122
1403905013324394501,negative,0.6439996361732483,-1.2103722095489502,3.6401169300079346
1403905014041563136,neutral,2.6754703521728516,1.1542541980743408,-0.23154275119304657
1403905014393831426,neutral,1.5705974102020264,0.9289454817771912,0.5879043340682983
1403905014398033924,negative,1.264915108680725,-0.37222835421562195,1.4042577743530273
1403905014410530825,neutral,1.8862887620925903,-0.4836864173412323,1.1811152696609497
1403905015018758151,negative,1.3328378200531006,-1.1997720003128052,3.0109009742736816
1403905015236997123,negative,0.8237611651420593,0.07272070646286011,1.8343535661697388
1403905015656247297,positive,2.2271289825439453,3.158660650253296,-1.0253105163574219
1403905016193110020,positive,1.981812834739685,2.3295464515686035,-0.4212232828140259
1403905017157881856,negative,1.2213280200958252,-1.2218204736709595,3.12563419342041
1403905017296297985,negative,1.2287025451660156,0.18914881348609924,1.2874975204467773
1403905017384345600,negative,1.4066660404205322,-1.0632567405700684,2.360607624053955
1403905017669619712,negative,1.170270562171936,-0.4223196804523468,1.562706470489502
1403905018688851968,negative,2.1112687587738037,-1.0838860273361206,2.2172744274139404
1403905019116625924,negative,0.5855833292007446,-0.7453793287277222,2.466701030731201
1403905019322187776,neutral,1.496254324913025,0.11732080578804016,0.5050767064094543
1403905019343114240,negative,1.0172924995422363,0.8058074116706848,1.1356148719787598
1403905019854823429,neutral,1.4518071413040161,-0.2155170738697052,1.256719708442688
1403905020081303557,positive,1.3207001686096191,3.3897647857666016,-0.2674870491027832
1403905022098874373,negative,1.1460157632827759,-1.1103079319000244,3.320120334625244
1403905022539272196,neutral,1.7922439575195312,1.5793966054916382,-0.1251542717218399
1403905022589476866,negative,0.9127876162528992,0.2503993809223175,1.421746015548706
1403905023562629121,neutral,2.4188272953033447,1.241666555404663,-0.6634448766708374
1403905023730499589,neutral,1.615647792816162,1.0034308433532715,0.9610843062400818
1403905024418148355,neutral,1.171444296836853,-0.3167547285556793,1.0261664390563965
1403905025408045059,negative,1.3704239130020142,-1.060362696647644,2.412724733352661
1403905025856872450,positive,1.4489885568618774,1.6204355955123901,0.09375881403684616
1403905026116841478,neutral,1.9011890888214111,0.9024360775947571,-0.029617534950375557
1403905026272104449,negative,1.28616201877594,0.26539522409439087,1.5142924785614014
1403905026519535618,neutral,2.810584783554077,1.2795259952545166,-0.5171842575073242
1403905026897055745,negative,0.12945611774921417,-0.13796168565750122,1.5859273672103882
1403905027597422592,neutral,2.5083603858947754,1.5255366563796997,-0.7411932349205017
1403905027773710345,neutral,3.0494370460510254,1.565148949623108,-0.710507869720459
1403905028239151107,negative,1.1640212535858154,-0.12888288497924805,1.423249363899231
1403905028562300929,neutral,1.7022044658660889,-0.013955250382423401,1.5097194910049438
1403905028876767239,neutral,1.0454927682876587,0.7284073829650879,0.8661777973175049
1403905028906225664,positive,0.7444100975990295,1.8963059186935425,0.46322834491729736
1403905029141106690,neutral,1.8434420824050903,-0.27948319911956787,0.8404126763343811
1403905029241671681,negative,1.3328378200531006,-1.1997720003128052,3.0109009742736816
1403905029447110660,neutral,1.7351571321487427,-0.4031340181827545,0.7970994114875793
1403905029984116745,neutral,2.80766224861145,2.576723575592041,-0.9052091836929321
1403905030034440195,positive,2.801058053970337,3.6949405670166016,-1.2131061553955078
1403905030252531714,neutral,1.7799813747406006,-0.0025041475892066956,0.3206288516521454
1403905030416080897,positive,1.0682264566421509,3.2495524883270264,-0.6861380338668823
1403905030588039175,neutral,1.9613702297210693,-0.6635794639587402,1.469570279121399
1403905032613814279,neutral,3.8130037784576416,2.130871295928955,-1.3788182735443115
1403905033108922369,negative,1.3027927875518799,-0.7561602592468262,1.7087587118148804
1403905033507270656,neutral,1.4593305587768555,-0.12495601922273636,1.035743236541748
1403905033792593925,neutral,1.0847060680389404,0.051545385271310806,0.5709734559059143
1403905033817579523,negative,0.7188804745674133,-0.9827203154563904,2.7139227390289307
1403905033914130435,neutral,1.7255945205688477,1.0400135517120361,-0.4356604516506195
1403905034060849160,negative,0.5908124446868896,-0.10681495815515518,1.8600008487701416
1403905034652246021,negative,0.8510071635246277,0.30802056193351746,1.4834654331207275
1403905034950037505,negative,0.4067438840866089,-0.9832603335380554,3.7692630290985107
1403905035159801856,neutral,1.6527595520019531,0.03472429886460304,1.600062370300293
1403905035428302855,negative,1.1236133575439453,-0.43450698256492615,1.8674983978271484
1403905036468563969,neutral,2.2414133548736572,0.9546852111816406,-0.06670103222131729
1403905036501995525,positive,0.29317110776901245,2.2451629638671875,0.2023666501045227
1403905036607012867,negative,1.738883137702942,-0.39646437764167786,2.081509828567505
1403905037395398658,negative,1.0316662788391113,-0.915179431438446,3.343116521835327
1403905037571706880,neutral,1.775754690170288,0.41473039984703064,0.7451024651527405
1403905038154571776,negative,0.6174141764640808,0.210708349943161,1.8554589748382568
1403905038351806464,positive,1.9082386493682861,2.484823703765869,-0.1429993212223053
1403905039513669640,negative,1.3916523456573486,0.02421901375055313,1.7649664878845215
1403905039547179010,neutral,1.070691704750061,0.61469966173172,0.49308279156684875
1403905039614332932,negative,1.264915108680725,-0.3722284138202667,1.404257893562317
1403905039689736192,neutral,1.7022044658660889,-0.013955250382423401,1.5097194910049438
1403905040029569028,negative,0.7838588953018188,-0.8143434524536133,2.5138864517211914
1403905040356610048,negative,1.5884690284729004,-0.8223048448562622,1.9616093635559082
1403905041266737152,neutral,1.236345648765564,-0.09888089448213577,0.963860273361206
1403905042369835014,neutral,1.0862016677856445,0.7713401317596436,0.2084297239780426
1403905043313704962,neutral,1.466996192932129,-0.5032957792282104,1.2747799158096313
1403905043653349377,negative,0.5049619078636169,0.9324029684066772,1.3395769596099854
1403905043678449664,neutral,1.580430269241333,0.7133165597915649,0.4788456857204437
1403905043728896003,negative,1.0545748472213745,-0.5156394839286804,1.2932755947113037
1403905044546682883,neutral,1.8973326683044434,0.8336437344551086,-0.09374167025089264
1403905044626427909,negative,0.6064546704292297,-0.5566760301589966,2.7503926753997803
1403905044756504576,negative,1.4448201656341553,-1.1851167678833008,2.8362996578216553
1403905045242990596,negative,1.42825186252594,-1.1638981103897095,2.5680625438690186
1403905045385592834,negative,1.583516001701355,-1.1230002641677856,2.8384244441986084
1403905045851033607,neutral,1.9266473054885864,-0.6307058930397034,1.599908709526062
1403905046287245313,negative,1.3134132623672485,-0.5762357115745544,1.6616076231002808
1403905047021375490,neutral,1.6014519929885864,1.2403560876846313,0.267600417137146
1403905048942452737,positive,1.1745116710662842,1.835569143295288,-0.06520631909370422
1403905049768742913,negative,0.9864600300788879,-0.5773411393165588,1.4517544507980347
1403905050435637250,neutral,1.6855746507644653,0.37137290835380554,0.37932196259498596
1403905051781906435,negative,0.943796694278717,0.6566219329833984,1.00522780418396
1403905051786051597,neutral,2.597214698791504,1.2493005990982056,-0.5927074551582336
1403905052201345024,neutral,3.530146598815918,1.6300079822540283,-1.0650410652160645
1403905052884946948,negative,0.6507300734519958,0.765180230140686,1.2026195526123047
1403905053182685185,negative,0.8930389881134033,-0.4481107294559479,2.463719606399536
1403905053719625731,neutral,1.070691704750061,0.61469966173172,0.49308279156684875
1403905053740707840,negative,1.2554824352264404,-0.4528866112232208,2.183689832687378
1403905055053565954,neutral,2.4356508255004883,-0.07682564109563828,0.6959127187728882
1403905055535906817,negative,0.821877658367157,-0.40762096643447876,1.1342710256576538
1403905056068435971,negative,1.4668574333190918,-0.5620164275169373,2.2064263820648193
1403905056160632834,positive,1.4854075908660889,2.3056676387786865,0.05982028692960739
1403905056571752451,neutral,1.4996507167816162,0.9645231366157532,0.5863674283027649
1403905056613695489,negative,1.1353546380996704,-0.2905583679676056,1.2604365348815918
1403905056919851009,negative,1.3328378200531006,-1.1997720003128052,3.0109009742736816
1403905056949235712,positive,0.39364051818847656,0.9543641209602356,0.8460873365402222
1403905057058439170,negative,1.07135808467865,-0.18843379616737366,1.6726908683776855
1403905057821581316,negative,0.5348553657531738,-0.8909216523170471,2.731860399246216
1403905057863700480,neutral,1.990781545639038,-0.2908521890640259,0.9143689274787903
1403905058094272521,positive,2.3802099227905273,2.6558756828308105,-0.7463367581367493
1403905058442387461,positive,0.24194468557834625,0.9218271970748901,0.6420593857765198
1403905058530480134,negative,1.1861521005630493,-1.1040349006652832,2.4497716426849365
1403905058870202368,negative,0.7955974340438843,0.17922894656658173,1.5799111127853394
1403905060682280960,neutral,2.1617162227630615,-1.0657998323440552,2.0157408714294434
1403905060782837762,negative,1.195980191230774,-0.5084404945373535,1.6906582117080688
1403905061101572097,neutral,1.733776330947876,-0.2810662090778351,1.5640627145767212
1403905061424668679,negative,0.07819074392318726,-0.024968504905700684,1.239761471748352
1403905061583921152,negative,0.9527041912078857,-1.0475568771362305,2.9251537322998047
1403905062498455558,negative,2.0537171363830566,-1.0999318361282349,2.1172778606414795
1403905063127371778,negative,1.1671302318572998,-0.15757405757904053,1.7656127214431763
1403905063135764481,neutral,0.7694358229637146,0.3108459413051605,0.759615421295166
1403905063592988676,negative,0.8126306533813477,-0.8696560263633728,3.2262909412384033
1403905063714648066,negative,0.5768778324127197,0.6578587889671326,1.035732388496399
1403905063844786176,neutral,0.7287784218788147,0.2295989692211151,-0.02801424078643322
1403905064012500998,negative,0.9525591731071472,-0.5220116376876831,2.245394468307495
1403905064717021185,negative,1.3783893585205078,0.08099628984928131,1.7644766569137573
1403905065706934279,neutral,1.0847060680389404,0.051545385271310806,0.5709734559059143
1403905066076155911,neutral,1.6250543594360352,-0.2091253399848938,0.36273548007011414
1403905066235424768,negative,1.129522442817688,-0.5602498650550842,1.383151888847351
1403905066441101319,neutral,1.8891879320144653,0.5245234370231628,0.5609523057937622
1403905066445152258,positive,0.5978482365608215,3.3517401218414307,-0.3030170500278473
1403905066549932032,positive,0.6977924704551697,2.32570481300354,-0.38117411732673645
1403905066604638213,neutral,2.0955448150634766,1.964584469795227,-1.090978741645813
1403905066889736195,negative,0.9929910898208618,-0.7368530035018921,1.9260650873184204
1403905067120398339,negative,1.3588485717773438,-0.9830581545829773,2.462784767150879
1403905068114616321,neutral,2.6754703521728516,1.1542541980743408,-0.23154278099536896
1403905068366237700,neutral,0.9225009083747864,0.9026694297790527,-0.2150346040725708
1403905068605140998,negative,1.2459653615951538,0.34885233640670776,1.3674323558807373
1403905069045649413,negative,1.3916523456573486,0.02421901375055313,1.7649664878845215
1403905069100249092,negative,1.3916523456573486,0.02421901375055313,1.7649664878845215
1403905069175566344,negative,1.0281985998153687,0.7824699878692627,1.172738790512085
1403905069192564736,neutral,1.3822153806686401,0.03997292369604111,1.2649227380752563
1403905069595062273,neutral,1.8923616409301758,-0.10520241409540176,0.7611043453216553
1403905070467530756,neutral,1.3166983127593994,0.2921191155910492,0.35904377698898315
1403905070605996032,negative,1.5369054079055786,-0.8930922150611877,2.005622386932373
1403905070878576641,positive,0.24611377716064453,1.023754596710205,0.3230433762073517
1403905071058800645,neutral,3.530146598815918,1.6300079822540283,-1.0650410652160645
1403905071113510914,negative,1.3484361171722412,-0.2994024455547333,1.7680084705352783
1403905072019410950,neutral,1.776890754699707,0.5262574553489685,0.6819482445716858
1403905072246013958,neutral,2.1617162227630615,-1.0657998323440552,2.0157408714294434
1403905072589901824,neutral,1.6855746507644653,0.37137290835380554,0.37932196259498596
1403905072644382720,negative,1.0627849102020264,-0.004294201731681824,1.7522211074829102
1403905072744914950,negative,1.1396678686141968,-1.1069532632827759,2.700395107269287
1403905072849850368,negative,1.2437444925308228,-0.9459221959114075,2.3908090591430664
1403905073365716997,neutral,1.365983247756958,-0.0262487530708313,1.3223859071731567
1403905074028449796,negative,1.0459586381912231,-0.4130963981151581,1.9985361099243164
1403905074066202632,neutral,1.8726279735565186,0.5688328146934509,0.3062137961387634
1403905074276061184,negative,1.2710487842559814,-1.0587784051895142,2.3919570446014404
1403905074506571780,negative,1.3783893585205078,0.08099628984928131,1.7644766569137573
1403905077463638017,negative,1.3117804527282715,-1.348885178565979,3.847764253616333
1403905077610385417,neutral,2.1762828826904297,-0.7185871601104736,1.526731252670288
1403905077853704201,neutral,1.675191879272461,0.02679452672600746,1.141197919845581
1403905078126280706,neutral,1.191361665725708,0.19147902727127075,1.1106332540512085
1403905079506194434,neutral,0.47260770201683044,0.2599656581878662,0.4424237012863159
1403905080969940998,negative,0.9424364566802979,-0.6755145192146301,2.008197784423828
1403905081922265090,negative,0.7853806614875793,-0.9167694449424744,3.3732705116271973
1403905082035425280,negative,1.4448201656341553,-1.1851167678833008,2.8362996578216553
1403905082480107521,neutral,1.6855746507644653,0.37137290835380554,0.37932196259498596
1403905082966609921,positive,1.028443694114685,1.1341861486434937,0.3768114447593689
1403905083021041666,negative,0.8326888680458069,-0.5287550091743469,2.2994866371154785
1403905084031791104,neutral,2.176283121109009,-0.718587338924408,1.526731252670288
1403905084719730690,negative,1.1974538564682007,0.10939772427082062,2.1378471851348877
1403905085193605127,negative,1.5602173805236816,-0.9115757346153259,2.6489250659942627
1403905086070345730,negative,1.1634631156921387,0.45802631974220276,1.4192317724227905
1403905086951133189,negative,0.593894898891449,-0.2402956783771515,2.3508501052856445
1403905087466983434,neutral,2.1620328426361084,0.10309877246618271,0.2905386686325073
1403905088834347013,negative,1.5836424827575684,-0.9078701138496399,1.743936538696289
1403905089115353091,positive,2.045238733291626,4.657915115356445,-1.444205403327942
1403905089639653379,neutral,3.530146598815918,1.6300079822540283,-1.0650410652160645
1403905089710923781,positive,2.2432477474212646,2.2634470462799072,-0.4768962264060974
1403905091321671681,negative,1.181307315826416,0.39784863591194153,1.3690811395645142
1403905091384406020,neutral,2.400028944015503,1.3409916162490845,-0.4960533380508423
1403905091648692226,positive,0.8292813897132874,4.213400840759277,-0.8278335928916931
1403905091921272838,neutral,1.0554932355880737,0.7629948258399963,-0.17361055314540863
1403905092244230144,neutral,1.5830929279327393,1.1925173997879028,0.0021180305629968643
1403905092806352896,positive,1.6851985454559326,3.039599895477295,-0.5585664510726929
1403905093418713092,neutral,1.6855744123458862,0.3713728189468384,0.37932199239730835
1403905093553082371,neutral,1.8445197343826294,0.23661664128303528,0.8432996869087219
1403905094093922305,positive,2.142456531524658,3.394590139389038,-0.547305703163147
1403905094203052033,negative,0.8652235269546509,0.5854241847991943,1.4097806215286255
1403905094752509955,negative,1.0324552059173584,-0.7997700572013855,2.5432677268981934
1403905095163543554,negative,1.0935739278793335,0.6519740223884583,1.2259308099746704
1403905096635715585,negative,1.0542384386062622,-0.7561892867088318,2.8562676906585693
1403905097336168458,neutral,1.7430880069732666,0.1662469506263733,1.2421932220458984
1403905097336197122,neutral,1.2825285196304321,0.9985551834106445,0.7702628374099731
1403905097546047491,neutral,1.5026863813400269,-0.6649184823036194,1.3695745468139648
1403905097747341313,neutral,1.6727584600448608,-0.3354925215244293,1.4978580474853516
1403905098003144709,negative,1.1811085939407349,0.0727272555232048,1.6746410131454468
1403905099055894532,neutral,2.5906288623809814,1.4880497455596924,-0.3749995231628418
1403905100318380034,neutral,0.23260748386383057,0.1763904094696045,0.14018523693084717
1403905100498849794,positive,1.6599149703979492,2.381828784942627,-0.2753136456012726
1403905101308338177,negative,1.3250322341918945,-0.5132935643196106,1.959848165512085
1403905101937340418,neutral,1.461336612701416,-0.11084146052598953,1.3428360223770142
1403905102642024456,negative,0.8273559808731079,-1.0457371473312378,3.482369899749756
1403905104596635649,neutral,1.6855746507644653,0.37137290835380554,0.37932196259498596
1403905105137651712,neutral,1.6682673692703247,0.5788004994392395,0.5153068900108337
1403905105313808386,negative,1.1873393058776855,-0.44127896428108215,1.8549941778182983
1403905105611485186,neutral,2.1617162227630615,-1.0657998323440552,2.0157408714294434
1403905105787703296,neutral,1.4911417961120605,-0.4141981303691864,1.0594701766967773
1403905106047733765,negative,1.777026653289795,-1.019854187965393,2.1619880199432373
1403905106072924168,neutral,3.530146598815918,1.6300079822540283,-1.0650410652160645
1403905106169405442,neutral,1.675191879272461,0.02679452672600746,1.141197919845581
1403905106190508032,negative,0.6439996361732483,-1.2103722095489502,3.6401169300079346
1403905106580443138,negative,1.7145092487335205,-1.0367525815963745,2.4747626781463623
1403905106781818882,negative,1.1353546380996704,-0.2905583679676056,1.2604365348815918
1403905107020951552,negative,0.17367514967918396,0.4982742369174957,1.6620793342590332
1403905107104657411,neutral,1.615647792816162,1.0034308433532715,0.9610843062400818
1403905107259965446,negative,0.7324789762496948,-0.6106416583061218,2.3903698921203613
1403905107499102208,neutral,1.7022044658660889,-0.013955250382423401,1.5097194910049438
1403905109055188994,neutral,1.5849672555923462,-0.06805307418107986,1.52132248878479
1403905109289955333,positive,1.9316705465316772,2.1811797618865967,-0.5911886096000671
1403905110284062720,neutral,1.834480881690979,0.39329254627227783,0.9052536487579346
1403905110523080707,neutral,3.530146598815918,1.6300079822540283,-1.0650410652160645
1403905110539788289,negative,1.2213280200958252,-1.2218204736709595,3.12563419342041
1403905110665801729,negative,1.3916523456573486,0.02421901375055313,1.7649664878845215
1403905111236112384,negative,1.0172924995422363,0.80580735206604,1.1356149911880493
1403905111487700992,negative,1.1331367492675781,-0.9184395670890808,2.416860580444336
1403905111928184839,negative,1.0306813716888428,-1.1149730682373047,3.1024417877197266
1403905112351797254,neutral,1.445405125617981,-0.5654825568199158,1.3894476890563965
1403905114042142729,negative,0.09553192555904388,-0.20045912265777588,1.6814274787902832
1403905115501875203,positive,1.4489885568618774,1.6204355955123901,0.09375881403684616
1403905115719864325,neutral,1.2479585409164429,0.1653861403465271,0.7235803604125977
1403905115833049091,negative,0.8718940019607544,-0.43132224678993225,2.0937349796295166
1403905116093222912,neutral,1.5149604082107544,-0.24395501613616943,0.9732919335365295
1403905116181258246,negative,1.6095573902130127,-1.0689836740493774,2.397754430770874
1403905117275910149,negative,0.606606125831604,-0.18105420470237732,2.531778335571289
1403905117355593733,negative,0.9613525867462158,0.8096761703491211,1.2246826887130737
1403905117649256449,negative,1.326088786125183,-1.3996827602386475,3.7630186080932617
1403905117720662017,negative,0.6349971294403076,-0.026565708220005035,0.920748770236969
1403905119012364289,negative,1.3094537258148193,-0.3152199387550354,1.3259632587432861
1403905119465451521,neutral,1.579310655593872,-0.3106982707977295,0.662223756313324
1403905119616311299,neutral,2.408376455307007,-0.42738112807273865,1.3063677549362183
1403905119691841539,negative,1.3916523456573486,0.02421901375055313,1.7649664878845215
1403905120069320705,negative,1.0883617401123047,-0.5602695345878601,1.9204556941986084
1403905120165937152,neutral,1.6077783107757568,0.005293063819408417,0.9944087862968445
1403905120606298116,neutral,1.997269630432129,0.5990724563598633,0.36160531640052795
1403905121122078720,negative,1.391652226448059,0.024218961596488953,1.7649664878845215
1403905121231179776,neutral,1.5426077842712402,0.5317460298538208,0.2307034134864807
1403905122325864454,negative,0.12277534604072571,0.511572539806366,0.8183444738388062
1403905122422374400,negative,0.5624205470085144,-0.8125241994857788,3.1754443645477295
1403905122942558210,neutral,2.04888916015625,-0.5130044221878052,1.4102035760879517
1403905123508621316,negative,0.8989347219467163,-1.0012043714523315,2.850152015686035
1403905123508658176,negative,0.8049574494361877,0.3164900243282318,1.2073180675506592
1403905123978412035,negative,1.167771816253662,-0.781997561454773,2.23773455619812
1403905124137902082,negative,1.0318316221237183,-0.6427058577537537,1.6042648553848267
1403905124498608133,positive,1.3209024667739868,1.9842814207077026,0.0059607308357954025
1403905124817424386,negative,0.41116753220558167,-0.6495949625968933,2.673452138900757
1403905124926431234,negative,1.1085838079452515,-0.4785763919353485,1.881900668144226
1403905125169516547,positive,1.94089937210083,3.7028722763061523,-0.9960960149765015
1403905126293778436,neutral,1.5824435949325562,0.20389561355113983,0.5083481073379517
1403905126755016710,neutral,3.530146598815918,1.6300077438354492,-1.065041184425354
1403905127224807426,negative,0.6547023057937622,-0.3557674288749695,1.3147674798965454
1403905128034451463,neutral,2.353670597076416,1.528285264968872,-0.46979057788848877
1403905130865569798,neutral,2.0965383052825928,0.6666526794433594,0.6154759526252747
1403905131020570627,negative,0.6562144756317139,-0.07526697963476181,1.5576775074005127
1403905132178378753,negative,1.7758715152740479,-0.5600880980491638,1.9392472505569458
1403905133075996672,neutral,2.0701539516448975,1.5975531339645386,-0.182098850607872
1403905133638041603,neutral,1.6156479120254517,1.003430962562561,0.961084246635437
1403905134199939074,negative,0.9927565455436707,-0.6134611964225769,2.8419501781463623
1403905134325870594,negative,1.101698398590088,-0.05206847935914993,1.2497234344482422
1403905134493581314,negative,0.48929598927497864,-0.3623391091823578,2.731567621231079
1403905134715887618,negative,0.6231333017349243,-1.1699326038360596,3.6878933906555176
1403905136653635584,neutral,2.135845184326172,0.26200029253959656,0.9634391069412231
1403905137119223810,neutral,2.2312073707580566,0.33421388268470764,-0.2670004367828369
1403905137681350656,neutral,1.0786855220794678,0.3989284932613373,0.9458240270614624
1403905138973151237,neutral,2.2538809776306152,0.5919567942619324,0.15464507043361664
1403905139493146625,negative,1.1313947439193726,0.2555813789367676,1.1418211460113525
1403905139665031168,neutral,2.549631357192993,0.516819417476654,0.10533689707517624
1403905139694522371,negative,0.94398432970047,-0.9092328548431396,2.4786293506622314
1403905139925213187,negative,1.4505797624588013,-0.8748469948768616,2.0069520473480225
1403905140289986569,neutral,1.5098276138305664,-0.15001893043518066,1.3803678750991821
1403905140441202689,negative,0.5440266132354736,-1.3495941162109375,4.22824239730835
1403905140805931012,neutral,1.4593305587768555,-0.12495604902505875,1.035743236541748
1403905141204455430,negative,1.3772603273391724,-1.0075627565383911,2.321303129196167
1403905141556789254,negative,1.2749245166778564,0.3726798892021179,1.2878533601760864
1403905142571761666,neutral,1.8070343732833862,1.1286245584487915,-0.22437293827533722
1403905142999511046,negative,0.2055577039718628,0.47316715121269226,1.4234068393707275
1403905143016394756,negative,1.6584978103637695,-1.1245112419128418,2.4554855823516846
1403905143108636681,negative,0.8927868008613586,-0.9746857285499573,2.734565496444702
1403905144274685952,neutral,1.9801838397979736,0.6768299341201782,0.47970715165138245
1403905144765493249,neutral,1.7117419242858887,-0.7719659805297852,1.2950795888900757
1403905144895401985,neutral,1.9274386167526245,-0.1654486358165741,0.9127358198165894
1403905144912236546,neutral,1.834865927696228,-0.4254588782787323,0.9993887543678284
1403905145059033092,neutral,1.555951476097107,0.9688064455986023,0.18715286254882812
1403905145327415303,negative,1.0281987190246582,0.7824699878692627,1.1727386713027954
1403905146053009410,positive,2.360013723373413,3.277137517929077,-0.9417600631713867
1403905146463997953,neutral,2.093064069747925,0.09685833007097244,0.2065606415271759
1403905147311325195,negative,1.397279143333435,-1.0940473079681396,2.6723082065582275
1403905147353378819,neutral,1.2307137250900269,0.3640056550502777,0.6957283020019531
1403905147651203072,neutral,2.6560728549957275,0.24520546197891235,0.06097300350666046
1403905148154490885,neutral,1.0169492959976196,0.8225294351577759,0.9021264314651489
1403905148976472070,neutral,1.8891880512237549,0.5245234370231628,0.5609524250030518
1403905149152612360,positive,2.8366281986236572,3.7154922485351562,-1.3203691244125366
1403905149471440897,neutral,1.4454050064086914,-0.5654826164245605,1.3894476890563965
1403905149748146179,neutral,1.4792773723602295,1.247558355331421,0.3757545053958893
1403905150092144644,positive,1.245613932609558,3.370424270629883,0.024320337921380997
1403905150431891458,negative,0.7999525666236877,0.18870362639427185,1.635679006576538
1403905151463735297,neutral,1.2400773763656616,0.8503364324569702,0.11373041570186615
1403905151518359553,negative,0.882317066192627,-0.9367186427116394,2.7746143341064453
1403905151866445825,negative,0.9297166466712952,-1.1468052864074707,2.825096607208252
1403905151996334084,negative,1.0353491306304932,-1.2652440071105957,3.8529467582702637
1403905152281612288,negative,0.25812235474586487,-0.3224656581878662,2.819596767425537
1403905152671703044,negative,1.8503488302230835,-1.0033893585205078,2.3650097846984863
1403905152742957059,neutral,1.6822031736373901,0.22058850526809692,0.18057911098003387
1403905153342783489,positive,0.018690336495637894,0.5076780915260315,0.20894721150398254
1403905153498075141,negative,1.2722806930541992,-0.7167579531669617,2.238316774368286
1403905154013818882,neutral,1.737044095993042,0.28520163893699646,1.2008569240570068
1403905154261291012,neutral,3.2774946689605713,0.7038277387619019,0.16539038717746735
1403905155070775299,neutral,3.3731296062469482,3.2971441745758057,-1.5068323612213135
1403905155377025029,neutral,1.6156479120254517,1.003430962562561,0.961084246635437
1403905155670724611,neutral,1.4454050064086914,-0.5654826164245605,1.3894476890563965
1403905155813318657,neutral,1.6855747699737549,0.37137290835380554,0.3793219327926636
1403905156140339206,positive,1.0767850875854492,2.3718318939208984,0.2779911756515503
1403905156731731968,negative,1.487143874168396,-0.9825114607810974,2.254413366317749
1403905157285355520,negative,0.3992495834827423,-0.8210947513580322,3.118709087371826
1403905157578989574,negative,1.0053547620773315,-0.9752097725868225,3.032674789428711
1403905157960712194,positive,1.7971112728118896,1.861829400062561,0.4363040030002594
1403905158099083266,positive,0.8986021876335144,0.9564629793167114,0.9213935136795044
1403905158254317573,neutral,2.077286720275879,2.0228757858276367,-0.5559775829315186
1403905159013470208,negative,0.9864600300788879,-0.5773411393165588,1.4517544507980347
1403905160905166850,neutral,1.2558083534240723,0.3345734775066376,-0.015108337625861168
1403905161198637056,positive,1.3386129140853882,1.6070468425750732,-0.5712972283363342
1403905161517441029,negative,1.0200626850128174,-0.6428976058959961,2.5052075386047363
1403905161718759426,neutral,1.5442070960998535,1.5427860021591187,-0.005812020972371101
1403905162544963592,negative,0.7838588953018188,-0.8143433928489685,2.5138864517211914
1403905163467792390,negative,1.1043612957000732,-1.0308401584625244,2.7649717330932617
1403905163962712072,neutral,1.5559614896774292,0.02424412965774536,1.1390862464904785
1403905164633907200,neutral,1.6855745315551758,0.37137284874916077,0.37932199239730835
1403905164789092353,neutral,2.07106351852417,0.20994827151298523,0.638351321220398
1403905164919123972,negative,0.9929909110069275,-0.7368529438972473,1.9260650873184204
1403905165812330496,neutral,1.471936821937561,0.06541092693805695,1.0542571544647217
1403905165850259456,neutral,2.1645126342773438,0.35522106289863586,0.3620017468929291
1403905166047428608,negative,1.070541262626648,-1.045454502105713,2.798239231109619
1403905166210912259,positive,2.3379032611846924,2.525219678878784,-0.6998003721237183
1403905166881943553,positive,0.8292811512947083,4.213400840759277,-0.8278335332870483
1403905167221673984,negative,1.4320050477981567,-0.48632684350013733,1.8981248140335083
1403905168136093698,neutral,1.3460657596588135,-0.13432449102401733,1.3449152708053589
1403905168350105600,neutral,1.2093027830123901,0.04860807582736015,1.1984602212905884
1403905168614121478,negative,0.8126307129859924,-0.8696559071540833,3.226290702819824
1403905170417668097,negative,0.8588781952857971,0.3327929973602295,1.1521528959274292
1403905171285942278,neutral,1.1289260387420654,0.6475759148597717,0.4316379427909851
1403905172015747076,neutral,1.2621650695800781,-0.07441592961549759,1.1694719791412354
1403905172384931844,negative,1.6558846235275269,-0.9418045878410339,2.0927317142486572
1403905172858867713,negative,1.2623422145843506,-1.2370593547821045,2.9731826782226562
1403905173358063617,negative,0.9621009230613708,-0.8521711230278015,2.441006660461426
1403905173479735301,neutral,1.3460657596588135,-0.13432446122169495,1.3449151515960693
1403905173911588866,positive,1.51202392578125,1.6097543239593506,0.632255494594574
1403905173915901953,neutral,2.3061580657958984,0.5227155089378357,0.32168158888816833
1403905174213693440,neutral,1.1201436519622803,0.4443363845348358,0.2529602348804474
1403905175291514881,negative,1.6634571552276611,-1.0234330892562866,2.36853289604187
1403905176214384640,positive,0.9704204797744751,1.2263787984848022,0.615932047367096
1403905176805666816,positive,2.2432477474212646,2.2634470462799072,-0.47689616680145264
1403905177418039298,negative,1.2033494710922241,-0.7515983581542969,2.1674375534057617
1403905178227527683,negative,1.0819801092147827,0.7498947978019714,1.113730788230896
1403905179158732801,neutral,1.941196084022522,0.5144813060760498,0.3499409854412079
1403905179423019008,neutral,2.1617164611816406,-1.0657998323440552,2.0157408714294434
1403905180928729093,neutral,2.6081809997558594,-0.6386191844940186,0.7005999088287354
1403905181821988867,positive,1.9638158082962036,2.3793013095855713,-0.12184996157884598
1403905181935456263,negative,1.0545748472213745,-0.5156394839286804,1.2932757139205933
1403905182866546689,neutral,2.5502030849456787,1.2705144882202148,-0.7324720621109009
1403905184644800513,neutral,1.8106343746185303,0.41629910469055176,0.6457952260971069
1403905185055920129,neutral,1.6848561763763428,0.4853062927722931,-0.2518416941165924
1403905185068589056,negative,0.454152911901474,0.6981059908866882,1.5162429809570312
1403905186205093895,negative,1.504335641860962,-0.5796895623207092,1.7339903116226196
1403905186498695172,neutral,2.908076524734497,1.2872118949890137,-0.3587784767150879
1403905186645495812,neutral,1.606770634651184,0.2745351195335388,1.5617111921310425
1403905186754490369,neutral,1.615012764930725,-0.5444308519363403,1.3185229301452637
1403905187127861254,neutral,1.5458624362945557,-0.27901333570480347,1.4856772422790527
1403905187559788551,neutral,2.4590511322021484,1.9800360202789307,-0.7663319706916809
1403905187878780935,negative,2.1112687587738037,-1.0838860273361206,2.2172744274139404
1403905188088344576,negative,0.6188212633132935,-0.28658854961395264,2.0065202713012695
1403905188268691456,neutral,2.1746017932891846,-0.8290261626243591,1.2323246002197266
1403905188319043586,negative,1.5462321043014526,-0.9039552807807922,1.93699049949646
1403905188331606019,neutral,2.5385379791259766,1.0682978630065918,-0.10285144299268723
1403905188851814402,neutral,1.615647792816162,1.003430962562561,0.961084246635437
1403905188973404160,negative,1.3343582153320312,-1.31712007522583,3.2455639839172363
1403905189204172805,neutral,1.5981675386428833,0.5891113877296448,0.39762082695961
1403905189724233732,negative,1.2567676305770874,-0.9491602778434753,2.2530083656311035
1403905190801989632,neutral,3.530146598815918,1.6300079822540283,-1.0650413036346436
1403905190961446914,neutral,1.6527611017227173,-0.42226406931877136,0.8859458565711975
1403905191120982017,negative,1.0883618593215942,-0.5602695345878601,1.920455813407898
1403905191615688704,neutral,2.086430311203003,1.4971832036972046,-0.3814409375190735
1403905192370835456,neutral,0.23260751366615295,0.1763904094696045,0.14018520712852478
1403905193238884352,neutral,1.4566054344177246,0.31210511922836304,0.7568438053131104
1403905193884807168,negative,0.8342187404632568,0.08459580689668655,2.4600181579589844
1403905194673459204,negative,0.8909759521484375,-0.6572743058204651,1.5916316509246826
1403905194765651968,negative,1.3134132623672485,-0.5762357115745544,1.6616077423095703
1403905195059339266,negative,0.8892045617103577,-0.2732054591178894,1.1544458866119385
1403905195806007299,negative,0.933789074420929,-1.3058158159255981,3.7494618892669678
1403905195923308544,neutral,3.530146598815918,1.6300079822540283,-1.0650413036346436
1403905196170821634,neutral,1.5026865005493164,-0.6649184823036194,1.3695744276046753
1403905196388880385,positive,1.0076380968093872,6.403885364532471,-1.6187219619750977
1403905196988801025,neutral,2.306673765182495,-0.38158661127090454,0.8096886277198792
1403905197420732416,neutral,1.6870763301849365,-0.14906522631645203,1.2532638311386108
1403905198599200772,negative,0.6845880746841431,0.24017590284347534,1.7794214487075806
1403905201136836616,negative,1.4451746940612793,-1.2283214330673218,3.153588056564331
1403905201279434753,neutral,1.8955153226852417,-0.028726235032081604,0.8970216512680054
1403905201656926208,negative,1.0815403461456299,-0.34483155608177185,1.3768945932388306
1403905201765982211,negative,0.9622596502304077,-0.22884786128997803,1.5111531019210815
1403905201866690560,negative,0.5666109919548035,-0.8695405721664429,3.228283166885376
1403905202340630530,negative,1.1353546380996704,-0.2905583381652832,1.2604364156723022
1403905202818854913,negative,1.389940857887268,-0.33967939019203186,1.6312305927276611
1403905203334647809,positive,2.0592246055603027,3.703709602355957,-0.8232370018959045
1403905205884702723,negative,1.262836217880249,-0.4192065894603729,1.3533501625061035
1403905206270758913,neutral,1.6862022876739502,0.5095870494842529,-0.20086166262626648
1403905206945947657,negative,1.207439661026001,-0.585218071937561,1.5450934171676636
1403905207487004679,negative,1.2377145290374756,-0.5687574744224548,2.2724573612213135
1403905207537258496,negative,1.0189555883407593,0.7899302840232849,1.189182996749878
1403905207755444225,neutral,2.1832115650177,1.3436704874038696,-0.04675917327404022
1403905207893860356,negative,0.1988663673400879,-0.3690878748893738,2.7215468883514404
1403905208502079490,neutral,1.2156387567520142,0.15638741850852966,1.023484230041504
1403905208707543042,neutral,1.5831730365753174,0.0167459174990654,0.6735329627990723
1403905208825126920,neutral,1.872898817062378,-0.3072321116924286,0.9376216530799866
1403905209055731717,neutral,2.8217248916625977,0.025734826922416687,0.5355104804039001
1403905209173037063,negative,0.7636234164237976,-0.9355019330978394,2.7143537998199463
1403905209215197184,neutral,1.4911178350448608,0.2402665913105011,1.242139220237732
1403905209613619200,negative,0.5348553657531738,-0.8909215331077576,2.731860399246216
1403905209617821701,neutral,1.4754040241241455,0.872651219367981,0.27782902121543884
1403905209701634048,neutral,1.4518072605133057,-0.2155170738697052,1.2567195892333984
1403905210402103301,negative,1.0079994201660156,0.12254210561513901,1.277858018875122
1403905211530465280,neutral,1.5899380445480347,0.38756242394447327,0.9599186778068542
1403905211928875013,neutral,1.5426079034805298,0.5317460298538208,0.2307034283876419
1403905213795287043,negative,0.6204847693443298,-0.007682234048843384,2.1714088916778564
1403905214051192836,negative,1.676135540008545,-0.8746811151504517,1.8240599632263184
1403905215154331655,negative,1.4040236473083496,-0.8634891510009766,1.9171342849731445
1403905215196135428,negative,1.3739888668060303,-0.7555512189865112,2.0223655700683594
1403905215225466881,positive,1.802911639213562,2.256814479827881,0.09489548951387405
1403905215254966273,negative,1.086726427078247,-0.339484840631485,2.0128977298736572
1403905216882282499,negative,1.600744605064392,-1.2062618732452393,3.0223493576049805
1403905217326841858,negative,1.600744605064392,-1.2062617540359497,3.0223491191864014
1403905217674899459,neutral,0.7374749779701233,-0.020764946937561035,-0.025965185835957527
1403905217775685636,neutral,2.50645112991333,1.4469834566116333,-0.5270969271659851
1403905218610298882,neutral,1.9266473054885864,-0.6307058930397034,1.599908709526062
1403905219877089280,negative,1.1353546380996704,-0.2905583381652832,1.2604364156723022
1403905220195741698,negative,0.9596216082572937,-0.0635223463177681,1.3544397354125977
1403905220229222402,neutral,1.8709139823913574,0.7854757905006409,0.30547598004341125
1403905220288069634,neutral,0.7636217474937439,0.49377569556236267,0.2429913431406021
1403905220292362242,neutral,2.306673765182495,-0.38158661127090454,0.8096886277198792
1403905220476690436,neutral,1.997269630432129,0.5990723967552185,0.36160528659820557
1403905220690726913,negative,1.3462823629379272,-1.2416229248046875,2.9527993202209473
1403905221181517827,positive,2.3287363052368164,3.361727237701416,-1.272814393043518
1403905221286404099,negative,1.0545748472213745,-0.5156394839286804,1.2932757139205933
1403905222477586434,neutral,0.6305603981018066,0.6164482235908508,0.16563189029693604
1403905222590615554,neutral,1.7269595861434937,-0.09306410700082779,0.798010528087616
1403905223689748483,negative,1.2616260051727295,-0.8702476620674133,2.806288480758667
1403905223848955907,neutral,1.8201969861984253,-0.6657548546791077,1.4130607843399048
1403905223907631108,neutral,1.7737141847610474,-0.14233919978141785,1.1844379901885986
1403905224381669379,negative,0.22735702991485596,-0.8107944130897522,3.1607024669647217
1403905224469889028,positive,1.7854235172271729,2.673910617828369,-0.7099721431732178
1403905225027584005,negative,1.7788039445877075,-1.3680150508880615,3.202193260192871
1403905225702862848,negative,1.3783894777297974,0.08099622279405594,1.7644766569137573
1403905225715458053,negative,1.1811085939407349,0.0727272629737854,1.6746410131454468
1403905225832865798,positive,3.0038976669311523,3.277827739715576,-1.6548587083816528
1403905226231406592,neutral,1.6855746507644653,0.37137290835380554,0.37932196259498596
1403905227389083649,negative,0.6538363099098206,-1.4164270162582397,4.104020118713379
1403905227552481280,negative,1.1245198249816895,0.8272879719734192,1.2290071249008179
1403905227783241732,neutral,2.307462453842163,0.9114862084388733,-0.006231555715203285
1403905228210991106,neutral,2.375532388687134,0.13526758551597595,0.12183038145303726
1403905228622090244,neutral,1.4593305587768555,-0.12495604902505875,1.035743236541748
1403905229553340425,neutral,1.508250117301941,0.04260000213980675,0.40156492590904236
1403905229561597953,neutral,1.997269630432129,0.5990723967552185,0.36160528659820557
1403905229892907011,neutral,2.0477800369262695,0.21745774149894714,0.6523973345756531
1403905229934923779,negative,1.0172923803329468,0.8058074712753296,1.1356148719787598
1403905230866026496,positive,0.720350444316864,0.8083171844482422,-0.18867646157741547
1403905231671472130,neutral,1.4567919969558716,0.8507480621337891,0.1686711460351944
1403905232023789568,negative,1.391652226448059,0.024219021201133728,1.764966368675232
1403905232271118339,positive,1.303018569946289,2.1569900512695312,0.5176182985305786
1403905232468209664,neutral,2.5879337787628174,2.505629777908325,-0.8248993754386902
1403905232766132229,neutral,1.4313998222351074,-0.14938288927078247,0.9071884155273438
1403905233248350209,positive,2.2271289825439453,3.158660650253296,-1.025310754776001
1403905233399468034,neutral,1.0077143907546997,-0.37362465262413025,0.48905909061431885
1403905234083225600,negative,0.6833348870277405,-0.5987579822540283,2.6153531074523926
1403905234573742089,neutral,2.50645112991333,1.4469834566116333,-0.5270969271659851
1403905234846552068,positive,1.4155054092407227,1.6395161151885986,0.6156004071235657
1403905235177775104,negative,0.4958364963531494,-0.860957145690918,3.1676158905029297
1403905235790155778,negative,1.4631463289260864,-1.1334028244018555,2.8782520294189453
1403905236335415299,negative,1.3447705507278442,-1.2641278505325317,3.2405104637145996
1403905237119758338,neutral,2.5156655311584473,1.513499140739441,-0.13164688646793365
1403905237421752322,positive,2.2432479858398438,2.2634470462799072,-0.4768962264060974
1403905237883056132,negative,1.0618946552276611,-0.47283902764320374,1.559160828590393
1403905238075990018,neutral,1.5300984382629395,-0.13345462083816528,1.4298040866851807
1403905238449504261,positive,0.8420478105545044,1.1070122718811035,-0.3811194896697998
1403905238478712832,negative,1.2187449932098389,-0.7664958834648132,1.4950743913650513
1403905238587916290,negative,0.9748833775520325,-1.1192153692245483,2.882169485092163
1403905238721961984,neutral,1.6855747699737549,0.37137290835380554,0.3793219327926636
1403905239607091205,neutral,2.39451003074646,1.9046242237091064,-0.07898508012294769
1403905239846170632,neutral,1.6622350215911865,-0.37027159333229065,1.4220198392868042
1403905240584409089,negative,1.4040236473083496,-0.8634891510009766,1.9171342849731445
1403905240622055433,neutral,2.024224281311035,-0.38172462582588196,0.8857567310333252
1403905241049862145,neutral,1.5426079034805298,0.5317460298538208,0.2307034283876419
1403905241116934144,neutral,2.1405482292175293,2.1388330459594727,-0.7341907620429993
1403905241142108166,neutral,1.4758837223052979,-0.47790858149528503,1.2572388648986816
1403905241372794882,negative,1.2987169027328491,-0.5234192609786987,1.5412319898605347
1403905243004301312,neutral,2.2243990898132324,1.5795751810073853,0.09532243758440018
1403905243465850881,neutral,1.808794379234314,-0.18788772821426392,1.120651364326477
1403905244602552321,neutral,1.6855747699737549,0.37137290835380554,0.3793219327926636
1403905245143437315,negative,0.9605687260627747,-0.7414638996124268,2.587991237640381
1403905245252571138,negative,1.653664231300354,-0.9171727299690247,1.9001153707504272
1403905245420265474,negative,0.6439996957778931,-1.210371971130371,3.6401169300079346
1403905246334636032,neutral,2.7685275077819824,0.4370792508125305,0.03756146878004074
1403905246607278080,negative,1.3509806394577026,-0.522279679775238,1.8619741201400757
1403905246632546305,neutral,1.31126070022583,0.893545389175415,0.03031959757208824
1403905247395737602,neutral,2.1832115650177,1.3436704874038696,-0.04675917327404022
1403905247530061828,positive,1.1962107419967651,1.8054174184799194,0.4102122187614441
1403905247886692356,negative,1.1634629964828491,0.45802637934684753,1.4192317724227905
1403905248394162177,negative,0.353439599275589,0.07337351143360138,0.8109382390975952
1403905248557551621,negative,1.116485834121704,-0.4766940772533417,1.788105845451355
1403905249459462148,positive,1.0564758777618408,1.4444172382354736,0.17174667119979858
1403905249513938946,negative,1.2213279008865356,-1.2218204736709595,3.125633716583252
1403905249522327559,neutral,1.675191879272461,0.02679448202252388,1.1411980390548706
1403905249585340421,negative,0.6439996957778931,-1.210371971130371,3.6401169300079346
1403905250415857673,negative,1.1747496128082275,-0.0013772696256637573,1.471837043762207
1403905250562658308,neutral,1.3811956644058228,0.4655351936817169,0.9131886959075928
1403905250881269768,negative,1.0179625749588013,0.03552011027932167,1.6348856687545776
1403905251103494150,neutral,1.8709139823913574,0.7854757905006409,0.30547598004341125
1403905251288129537,negative,1.2547146081924438,-0.7940462231636047,2.326758861541748
1403905251732725762,neutral,1.365983247756958,-0.026248805224895477,1.3223859071731567
1403905252219314178,neutral,1.8353439569473267,1.7649073600769043,0.07012558728456497
1403905252722675713,negative,0.7802104353904724,-0.540453314781189,3.0072021484375
1403905253804855297,negative,2.111268997192383,-1.083885908126831,2.2172744274139404
1403905253917872138,negative,0.7852296829223633,0.8152101635932922,1.2375257015228271
1403905254580576256,neutral,0.9187730550765991,0.3488806486129761,0.4297090470790863
1403905254588968965,neutral,2.2811179161071777,1.6044472455978394,-0.7137845754623413
1403905254765256705,positive,0.24194462597370148,0.9218271970748901,0.6420595049858093
1403905254786142217,negative,1.00230073928833,-0.015610665082931519,1.2356562614440918
1403905254920392706,negative,1.099016785621643,-0.7306037545204163,2.218822956085205
1403905256128385033,negative,0.6161380410194397,-1.064854621887207,3.1989569664001465
1403905256161939460,neutral,0.9556808471679688,0.7252097725868225,0.8675947785377502
1403905257068023808,neutral,1.3496261835098267,0.5295097827911377,0.9030547738075256
1403905257156091905,neutral,1.8445197343826294,0.2366166114807129,0.8432996869087219
1403905257189437440,neutral,1.0847060680389404,0.0515453927218914,0.5709734559059143
1403905257273446400,negative,0.9198373556137085,-0.15915313363075256,1.8579665422439575
1403905258061930496,neutral,1.7650130987167358,-0.7029990553855896,1.4997855424880981
1403905258288566277,negative,1.3366814851760864,-0.1588764786720276,1.4055930376052856
1403905259207024640,positive,1.1439687013626099,2.74668288230896,-0.4315904974937439
1403905260482138115,negative,0.7033171653747559,0.6765646934509277,1.1365540027618408
1403905261287342083,neutral,1.541127324104309,0.19630587100982666,0.9973028898239136
1403905261698490368,negative,0.7431663274765015,-0.16176095604896545,1.7640262842178345
1403905262168145928,neutral,1.4725629091262817,1.3901913166046143,-0.33402201533317566
1403905263007010820,positive,0.40283069014549255,4.923577785491943,-0.6159734129905701
1403905263409664011,neutral,1.4454050064086914,-0.5654826164245605,1.3894476890563965
1403905263820738565,negative,0.6052076816558838,-1.064975380897522,3.162702798843384
1403905264315617282,neutral,0.9830307960510254,0.6218988299369812,0.1908739060163498
1403905264907165698,neutral,1.895522117614746,-0.6867144703865051,1.520538330078125
1403905265024520193,neutral,1.2625380754470825,-0.2323407530784607,0.2731706202030182
1403905265511010307,neutral,1.997269630432129,0.5990723967552185,0.36160528659820557
1403905265607626754,positive,0.24194462597370148,0.9218271970748901,0.6420595049858093
1403905265624174592,neutral,1.3419109582901,0.2117806375026703,0.8450963497161865
1403905268233166852,negative,1.4056938886642456,-0.5232323408126831,1.4797109365463257
1403905268300271622,negative,0.7838588953018188,-0.8143433928489685,2.5138864517211914
1403905268862308352,neutral,2.1617162227630615,-1.0657998323440552,2.0157408714294434
1403905269739003905,neutral,1.844649076461792,0.18397551774978638,1.3134450912475586
1403905270384758787,negative,0.9748833775520325,-1.1192153692245483,2.882169485092163
1403905270410092550,neutral,1.7728899717330933,-0.48934176564216614,1.5755771398544312
1403905270800072705,neutral,1.7912765741348267,-0.38615143299102783,1.3312578201293945
1403905272112988165,neutral,1.874528408050537,0.8338389992713928,0.3261697292327881
1403905272884649994,negative,0.8889779448509216,-0.978110134601593,3.4020957946777344
1403905273555791872,positive,0.12902548909187317,2.678978681564331,-0.2364039570093155
1403905273853480967,neutral,2.6754705905914307,1.1542541980743408,-0.23154278099536896
1403905274075701249,negative,0.9562582969665527,-0.5941832065582275,2.351746082305908
1403905274499399689,negative,1.129659652709961,0.11079899966716766,1.3225390911102295
1403905276311486467,neutral,1.6855747699737549,0.37137290835380554,0.3793219327926636
1403905276479107072,negative,1.653664231300354,-0.9171727299690247,1.9001153707504272
1403905276541997057,negative,1.391652226448059,0.024219021201133728,1.764966368675232
1403905276927909889,neutral,1.6600028276443481,-0.28533434867858887,1.467116117477417
1403905276969947141,negative,1.6757272481918335,-1.1267354488372803,2.5844032764434814
1403905277536129024,negative,0.9609226584434509,0.012574106454849243,1.497834324836731
1403905277666148357,neutral,1.6855745315551758,0.37137290835380554,0.3793219327926636
1403905278031155203,negative,1.3250322341918945,-0.5132936239242554,1.959848165512085
1403905278362406915,neutral,1.61076021194458,1.3886544704437256,-0.531866192817688
1403905278404222977,neutral,1.6751916408538818,0.02679453417658806,1.141197919845581
1403905279419420675,neutral,1.4777824878692627,0.987648069858551,-0.3063717782497406
1403905280065245187,neutral,3.530146598815918,1.6300079822540283,-1.0650413036346436
1403905280312627205,negative,1.2281455993652344,-0.010357268154621124,1.4514216184616089
1403905280711311360,neutral,1.7036784887313843,-0.24023064970970154,0.5596185326576233
1403905280849682438,neutral,1.2964502573013306,0.423076331615448,0.13668856024742126
1403905281969561601,negative,1.6166799068450928,-1.2561655044555664,2.888909339904785
1403905282078543877,positive,0.24194465577602386,0.9218272566795349,0.6420593857765198
1403905282778931202,neutral,1.606149673461914,1.1951818466186523,0.7848018407821655
1403905283060113410,negative,1.3916523456573486,0.024219103157520294,1.7649664878845215
1403905283529793538,negative,0.4163671135902405,-0.37828126549720764,1.5099091529846191
1403905284695863297,neutral,1.7022044658660889,-0.01395520567893982,1.5097193717956543
1403905284880449537,negative,1.1009628772735596,-0.7646116018295288,2.274383783340454
1403905284959920134,negative,1.453466773033142,-1.0815311670303345,2.1094541549682617
1403905285195026432,negative,1.600744605064392,-1.2062617540359497,3.0223491191864014
1403905286264352768,negative,1.2329200506210327,-0.7590693831443787,2.1600475311279297
1403905286910316545,negative,1.3246393203735352,-0.03138935565948486,1.41816246509552
1403905286910345216,negative,1.4123483896255493,0.11496315151453018,1.8415486812591553
1403905287401189379,positive,0.24194462597370148,0.9218271970748901,0.6420595049858093
1403905287430434816,neutral,2.0258162021636963,0.6135133504867554,0.7774312496185303
1403905287585615876,negative,0.6581838726997375,0.2696661651134491,0.9999262690544128
1403905288097308675,negative,1.391652226448059,0.024219021201133728,1.764966368675232
1403905288810471430,negative,2.111268997192383,-1.083885908126831,2.2172744274139404
1403905289821196292,neutral,1.430562973022461,0.090794637799263,1.0932543277740479
1403905289934540801,negative,1.1230309009552002,-0.6631378531455994,2.0708937644958496
1403905289968001027,negative,1.3848379850387573,-0.9178926348686218,2.440999984741211
1403905289980571654,neutral,1.9433436393737793,0.41364815831184387,0.371704638004303
1403905290878263297,positive,0.5867878794670105,4.3768110275268555,-0.2570156753063202
1403905291083816970,negative,1.4713078737258911,-1.0894722938537598,2.4397175312042236
1403905291414958080,negative,0.8648634552955627,-0.18780198693275452,2.2637927532196045
1403905291557605380,neutral,1.466192364692688,1.0360496044158936,0.6801998615264893
1403905292044283905,negative,1.2230815887451172,0.1819877028465271,1.8802580833435059
1403905292232916998,positive,1.7462824583053589,1.8249917030334473,-0.08776441961526871
1403905293105319937,negative,0.9480238556861877,0.7303919792175293,1.1881846189498901
1403905293315194882,neutral,2.456897020339966,0.9343382120132446,0.20977725088596344
1403905293944168449,negative,1.5025430917739868,-0.7982149124145508,1.8021798133850098
1403905294237900800,neutral,1.806769847869873,0.6290252208709717,0.5289697647094727
1403905295064223747,negative,0.8323348760604858,0.08698143064975739,1.2959829568862915
1403905295517028359,negative,0.943796694278717,0.6566219329833984,1.0052276849746704
1403905295978401797,neutral,1.6855747699737549,0.37137290835380554,0.3793219327926636
1403905296053964800,negative,1.0653774738311768,-1.0083895921707153,2.5501933097839355
1403905296284536836,neutral,1.7743595838546753,0.045238301157951355,1.0324933528900146
1403905296351776770,negative,0.8338199257850647,0.23289921879768372,1.7017583847045898
1403905296448299008,neutral,3.235707998275757,3.2321524620056152,-0.8272635340690613
1403905296892764160,negative,1.3968571424484253,-1.1149444580078125,2.86966872215271
1403905296943230979,negative,0.4490063190460205,-0.29222649335861206,1.7070919275283813
1403905297232498689,positive,0.373257577419281,1.696654200553894,0.5835317969322205
1403905297639526408,neutral,2.1358449459075928,0.26200032234191895,0.9634389877319336
1403905297677230084,negative,0.5666108727455139,-0.8695406913757324,3.2282826900482178
1403905297765126146,neutral,1.8445196151733398,0.23661667108535767,0.8432996273040771
1403905297849077765,negative,1.0172923803329468,0.8058074712753296,1.1356148719787598
1403905298067124233,neutral,0.9764214754104614,0.5843144655227661,0.1550673395395279
1403905298813890560,negative,1.2543339729309082,-1.1066972017288208,2.672703981399536
1403905298897776642,negative,0.6576089262962341,-0.2671544849872589,1.845777988433838
1403905299090640896,neutral,1.97032630443573,0.7468600869178772,0.6584015488624573
1403905299765993483,negative,1.8246369361877441,-0.626518726348877,1.9245723485946655
1403905299866558467,neutral,1.8908135890960693,-0.41732677817344666,-0.32016924023628235
1403905299887575049,negative,0.5049619674682617,0.9324027895927429,1.3395769596099854
1403905300361629700,negative,0.24764102697372437,-0.7082447409629822,3.1411986351013184
1403905300575387650,neutral,1.6620606184005737,0.7857858538627625,0.38707754015922546
1403905300802027524,negative,1.1453746557235718,0.38371580839157104,1.3632246255874634
1403905302135820290,negative,1.4143019914627075,-0.16875091195106506,1.7748788595199585
1403905302261473285,neutral,2.314924478530884,1.1196398735046387,-0.22823093831539154
1403905302819270658,negative,1.440518856048584,-1.2047317028045654,2.9598710536956787
1403905302928322562,negative,1.3328378200531006,-1.1997720003128052,3.0109009742736816
1403905303285055488,negative,1.0883618593215942,-0.5602694749832153,1.9204556941986084
1403905304346071045,negative,1.0446714162826538,-0.33267509937286377,1.7408877611160278
1403905304530538501,neutral,1.8759790658950806,-0.40196284651756287,1.3130671977996826
1403905304694341642,neutral,1.2226742506027222,0.8345955014228821,0.7028070092201233
1403905304744574977,neutral,2.5012600421905518,-0.12811455130577087,0.3265637457370758
1403905305113620485,negative,1.130056619644165,-1.124031662940979,2.7449474334716797
1403905305306619909,negative,0.6439996957778931,-1.210371971130371,3.6401169300079346
1403905305315090432,neutral,1.8445197343826294,0.2366166114807129,0.8432996869087219
1403905306699075587,neutral,3.530146598815918,1.6300079822540283,-1.0650413036346436
1403905306996903939,neutral,1.6855747699737549,0.37137290835380554,0.3793219327926636
1403905307055575052,negative,0.9009653925895691,-0.735965371131897,2.7964584827423096
1403905307219218432,neutral,1.9119629859924316,-0.8042805790901184,1.3631629943847656
1403905307302973446,negative,1.3028374910354614,-0.5852096676826477,1.31503427028656
1403905307433132034,neutral,1.7659844160079956,-0.44653019309043884,1.4973394870758057
1403905308133523458,neutral,1.6751916408538818,0.02679453417658806,1.141197919845581
1403905308284514311,negative,1.3354957103729248,-0.11622797697782516,1.3928508758544922
1403905310780239873,negative,1.2693034410476685,-1.3906608819961548,3.563920021057129
1403905310784249861,negative,1.5869420766830444,-0.8417930006980896,1.6239556074142456
1403905310834765824,negative,1.1178967952728271,-0.46198686957359314,2.1148223876953125
1403905311044419587,neutral,1.480220079421997,-0.3253815770149231,-0.25761714577674866
1403905311157719041,neutral,1.8891880512237549,0.5245234370231628,0.5609524250030518
1403905312625659904,neutral,1.7214484214782715,1.5464037656784058,-0.27014416456222534
1403905314370453507,neutral,2.0398097038269043,0.6565145254135132,0.08112096041440964
1403905314420772870,negative,0.33753666281700134,0.05532413348555565,2.0186424255371094
1403905314450292742,neutral,2.111039876937866,0.7297857403755188,0.7006393671035767
1403905314458460160,negative,1.1756683588027954,-1.0551364421844482,2.5255866050720215
1403905314680971266,negative,0.1945095807313919,-0.5765337944030762,2.70235538482666
1403905314844397575,neutral,1.409034252166748,-0.26521536707878113,1.23891282081604
1403905315117191174,negative,1.4213074445724487,-1.0582066774368286,2.3686583042144775
1403905315662352384,neutral,1.6245570182800293,0.7217553853988647,0.4965929687023163
1403905316534722561,negative,0.9748833775520325,-1.1192153692245483,2.882169485092163
1403905317075918854,neutral,1.2400773763656616,0.8503364324569702,0.11373041570186615
1403905317591666691,neutral,1.2483586072921753,0.1436600536108017,-0.016464436426758766
1403905317797199873,negative,1.4396209716796875,-0.0373542383313179,1.5953599214553833
1403905318355013637,negative,0.48621508479118347,-0.9311498999595642,3.2437686920166016
1403905319814664196,neutral,1.6751916408538818,0.02679453417658806,1.141197919845581
1403905320393621504,neutral,0.9622248411178589,0.5912628173828125,-0.2373799830675125
1403905320519225348,neutral,1.6855747699737549,0.37137290835380554,0.3793219327926636
1403905320548593665,positive,1.3263062238693237,4.006087779998779,-0.6036258935928345
1403905320594857988,neutral,1.6725226640701294,1.2060267925262451,-0.64069002866745
1403905321009967107,negative,1.3783893585205078,0.08099626004695892,1.7644765377044678
1403905321135796228,negative,1.4362081289291382,-0.9761039614677429,2.183371067047119
1403905321689571328,neutral,1.5536859035491943,-0.06712303310632706,0.8494762778282166
1403905322343976960,neutral,1.2930711507797241,0.10948964953422546,1.2828242778778076
1403905322935361540,positive,1.3810577392578125,1.4601197242736816,0.47107744216918945
1403905323233157122,neutral,2.5309994220733643,0.7896188497543335,0.1362995058298111
1403905323249848320,neutral,2.0252723693847656,1.064170479774475,-0.8731001615524292
1403905323832791041,negative,1.2547146081924438,-0.79404616355896,2.326758861541748
1403905325128769538,negative,1.2935303449630737,0.007442355155944824,1.616595983505249
1403905325141573635,neutral,1.2915916442871094,1.1700321435928345,-0.6900795102119446
1403905325191757826,neutral,1.752751111984253,-0.21051618456840515,1.0098350048065186
1403905326089338884,negative,1.2987169027328491,-0.5234191417694092,1.5412319898605347
1403905326269800453,negative,0.8947703838348389,-0.21060416102409363,1.837630033493042
1403905326559154178,neutral,1.2524043321609497,-0.1350950002670288,1.219952940940857
1403905327565664261,negative,0.47106844186782837,-0.3003236949443817,2.263725519180298
1403905328073392137,neutral,1.9352195262908936,0.2119205743074417,0.46040821075439453
1403905329700687873,positive,0.4532998502254486,4.673685550689697,-0.9011924862861633
1403905329738391560,neutral,0.9924294948577881,0.15074333548545837,-0.11615592986345291
1403905329801445376,negative,1.172278881072998,-0.5574367642402649,2.5972213745117188
1403905330212265984,positive,0.8970856666564941,2.716337203979492,-0.2701859176158905
1403905330665324545,neutral,3.0158512592315674,1.1948474645614624,-0.35367727279663086
1403905331714007052,neutral,1.5824434757232666,0.20389562845230103,0.5083480477333069
1403905332208975872,neutral,1.7022042274475098,-0.013955190777778625,1.5097193717956543
1403905332502351874,negative,1.1857867240905762,-1.2084219455718994,3.279703378677368
1403905332678516737,neutral,1.1500767469406128,0.22668713331222534,0.8891132473945618
1403905332716392451,neutral,1.2792341709136963,0.009458079934120178,0.9910966157913208
1403905332909387778,negative,0.5972241163253784,-0.4804096519947052,1.8117886781692505
1403905333508988931,negative,0.3749188482761383,-0.7763880491256714,2.5129714012145996
1403905333542756352,positive,2.3379032611846924,2.525219678878784,-0.6998003721237183
1403905333920251907,negative,1.1056259870529175,-0.4970618784427643,2.158320903778076
1403905333932834816,neutral,1.3000305891036987,0.7806345224380493,0.5072283744812012
1403905334222098432,neutral,1.365983247756958,-0.026248805224895477,1.3223859071731567
1403905334998179843,positive,1.7310763597488403,3.5935654640197754,-1.1354609727859497
1403905335002222596,negative,1.1085838079452515,-0.4785763919353485,1.8819005489349365
1403905336000630785,negative,0.7660762667655945,-0.027373753488063812,1.649476408958435
1403905336700923912,negative,0.4737471640110016,-0.836439847946167,3.3337864875793457
1403905337124655109,neutral,2.3061580657958984,0.5227155089378357,0.32168155908584595
1403905337460084736,negative,1.1438113451004028,-0.4658525288105011,1.6917648315429688
1403905337778868229,neutral,1.7373532056808472,-0.017367392778396606,1.4273333549499512
1403905337858564101,neutral,1.2819793224334717,-0.0035510212182998657,1.2420254945755005
1403905337913085954,neutral,2.8231799602508545,2.7245585918426514,-1.0033318996429443
1403905338412204036,neutral,1.4671485424041748,-0.1719343364238739,0.817303478717804
1403905338831740931,negative,0.8996097445487976,-0.8819257616996765,2.7370095252990723
1403905339183955971,negative,1.0992170572280884,-1.0995700359344482,3.0814456939697266
1403905339595001861,negative,1.0140751600265503,-0.32368794083595276,1.8819305896759033
1403905339980861440,negative,1.1406340599060059,0.36846065521240234,1.621777057647705
1403905340358361093,neutral,2.5143606662750244,1.2881262302398682,-0.39601799845695496
1403905340769509382,negative,1.3646650314331055,-0.8094686269760132,2.105396270751953
1403905341402738694,neutral,2.112199068069458,-0.19266262650489807,1.5062527656555176
1403905342677741577,negative,0.44784629344940186,-0.1499651074409485,2.612367868423462
1403905343004966914,negative,0.794063925743103,0.7201140522956848,1.01429283618927
1403905343160152067,positive,2.9868199825286865,4.096158027648926,-1.4678245782852173
1403905343424499719,neutral,1.1010016202926636,0.5435534119606018,0.7217597961425781
1403905343797616644,negative,1.2397828102111816,-0.06616302579641342,1.3810769319534302
1403905344485560321,neutral,1.6888173818588257,-0.03024476021528244,0.4613323509693146
1403905344917540865,neutral,3.116283655166626,1.1959278583526611,-0.45118823647499084
1403905345035059203,negative,1.6565239429473877,-0.47013720870018005,1.659297227859497
1403905345437814784,neutral,2.084057331085205,-0.910705029964447,1.6556953191757202
1403905346473705472,negative,1.222800850868225,-0.8171432018280029,2.5126302242279053
1403905346947764226,negative,1.0910958051681519,0.09686483442783356,1.459570288658142
1403905348855943174,neutral,1.9665439128875732,0.1772400140762329,0.872596800327301
1403905349132853248,neutral,1.1289260387420654,0.6475759148597717,0.4316379427909851
1403905349174784005,negative,1.0717741250991821,-0.8312309384346008,2.1917996406555176
1403905350240112650,negative,0.9887471199035645,-0.34365522861480713,1.5336477756500244
1403905350542180356,positive,1.8154116868972778,2.5845274925231934,-0.17277488112449646
1403905351284662276,negative,1.4713565111160278,-0.6784496307373047,1.5343877077102661
1403905351565471746,neutral,1.7373532056808472,-0.017367392778396606,1.4273333549499512
1403905351645208577,positive,1.8796228170394897,2.0423743724823,-0.44462165236473083
1403905352840613891,negative,1.1738076210021973,0.5183055400848389,1.2793595790863037
1403905352937185280,neutral,1.6855747699737549,0.37137290835380554,0.3793219327926636
1403905354434592770,neutral,1.6855744123458862,0.37137290835380554,0.37932196259498596
1403905354539274241,neutral,1.370168685913086,-0.3963378965854645,0.6639072895050049
1403905355093057542,negative,0.8854488730430603,0.053348734974861145,1.90406334400177
1403905355147583488,negative,0.8285145163536072,0.026241429150104523,1.5177844762802124
1403905355231334401,negative,1.3484359979629517,-0.2994024157524109,1.7680085897445679
1403905355906748422,neutral,1.895522117614746,-0.6867144703865051,1.520538330078125
1403905356216995842,neutral,1.3519177436828613,-0.19698411226272583,1.191428780555725
1403905356850290689,negative,1.191004753112793,0.0986245721578598,1.2045562267303467
1403905357122969606,neutral,1.5811227560043335,-0.38643544912338257,1.5299277305603027
1403905357408309257,neutral,1.4454050064086914,-0.5654826164245605,1.3894476890563965
1403905358007967750,neutral,3.0300402641296387,1.7495307922363281,-0.859886109828949
1403905358335258625,neutral,1.2061786651611328,0.819357693195343,0.37086671590805054
1403905360046399493,negative,0.09312161803245544,0.3364299535751343,0.803673267364502
1403905360692277253,neutral,2.0965383052825928,0.6666526794433594,0.6154759526252747
1403905361816350722,negative,0.31993597745895386,-0.35903313755989075,2.860868215560913
1403905361833172999,neutral,1.94515061378479,-0.191931813955307,0.8047128319740295
1403905362252664834,neutral,1.4760277271270752,-0.09868498891592026,0.7337040305137634
1403905362982490114,negative,1.2100410461425781,-1.0078693628311157,2.8552980422973633
1403905363397824513,negative,1.391652226448059,0.024219021201133728,1.764966368675232
1403905363590668292,neutral,1.6606128215789795,-0.07365927845239639,0.9089556336402893
1403905363997569032,neutral,1.2575551271438599,-0.04419621080160141,1.1266871690750122
1403905364572225536,negative,1.264915108680725,-0.37222835421562195,1.4042580127716064
1403905365029314560,neutral,1.6855747699737549,0.37137290835380554,0.3793219327926636
1403905366161707011,positive,0.822654128074646,1.4320461750030518,0.400752991437912
1403905366564376580,negative,1.0570768117904663,-0.000577978789806366,1.2942793369293213
1403905367000510465,negative,1.557010293006897,-1.1009105443954468,2.588066339492798
1403905367478718467,neutral,3.2358505725860596,1.8963189125061035,-0.9606782793998718
1403905367482925064,neutral,1.6855747699737549,0.37137290835380554,0.3793219327926636
1403905368170790926,negative,1.3134132623672485,-0.5762357115745544,1.6616076231002808
1403905368313446403,negative,0.6933744549751282,-0.7626316547393799,2.1705918312072754
1403905368707665923,negative,1.145761489868164,0.5631981492042542,1.189910650253296
1403905369357889538,neutral,2.8217248916625977,0.025734856724739075,0.5355104804039001
1403905371329105922,neutral,1.155216932296753,0.5567149519920349,1.0288087129592896
1403905373203927046,neutral,3.530146598815918,1.6300079822540283,-1.0650413036346436
1403905373682155520,negative,0.8510072231292725,0.30802059173583984,1.4834654331207275
1403905374277693441,negative,1.675727128982544,-1.1267353296279907,2.5844035148620605
1403905374386679810,positive,1.0178351402282715,1.43932044506073,0.1424005776643753
1403905374470774787,negative,1.1353546380996704,-0.2905583679676056,1.2604365348815918
1403905374650998784,negative,0.5353705286979675,0.1352226287126541,1.905648946762085
1403905374780985344,negative,1.2987169027328491,-0.5234191417694092,1.5412319898605347
1403905375070523392,negative,1.0545748472213745,-0.5156394839286804,1.2932757139205933
1403905376999837700,neutral,2.212160348892212,-0.0313386470079422,0.8980836868286133
1403905377331204102,neutral,1.8896046876907349,1.1175769567489624,-0.6556329131126404
1403905378279063554,neutral,1.726935863494873,-0.29911741614341736,1.180013656616211
1403905378300006406,positive,1.33714759349823,1.8659025430679321,-0.33263102173805237
1403905379340259333,positive,0.7045729160308838,1.8559181690216064,0.20485693216323853
1403905379701039115,negative,1.2130874395370483,-0.1163826659321785,1.5395174026489258
1403905380028076045,neutral,2.1476430892944336,-0.4394437372684479,1.2757374048233032
1403905380149719045,negative,1.1811085939407349,0.0727272629737854,1.6746410131454468
1403905380556607494,negative,1.4172226190567017,0.19891777634620667,1.4301543235778809
1403905380812345344,negative,0.8750574588775635,-0.06977909058332443,2.0752062797546387
1403905381336764418,neutral,1.2379165887832642,-0.0013265833258628845,1.1420385837554932
1403905382670422016,neutral,1.2972285747528076,0.8903137445449829,0.8888026475906372
1403905382771216384,neutral,0.8087113499641418,0.6522966027259827,0.6278189420700073
1403905384088211457,neutral,1.056368350982666,-0.09692399948835373,0.3860684931278229
1403905384180371463,negative,0.8740529417991638,-1.3417521715164185,3.955801486968994
1403905384490934273,neutral,1.7616742849349976,-0.5502232909202576,1.5501456260681152
1403905384813928448,neutral,2.0454280376434326,0.9405707120895386,-0.8612626791000366
1403905385497391108,neutral,2.2453510761260986,0.5419700145721436,0.15608441829681396
1403905385505820675,neutral,1.4671485424041748,-0.1719343364238739,0.817303478717804
1403905385791098880,neutral,1.804823637008667,-0.3632199764251709,1.5386258363723755
1403905386772459522,positive,1.0564758777618408,1.444417119026184,0.17174668610095978
1403905386772566018,neutral,2.1832115650177,1.3436704874038696,-0.04675917327404022
1403905386781028354,neutral,1.7720966339111328,0.49391862750053406,0.607893168926239
1403905387989028864,negative,1.0125077962875366,-0.43667492270469666,1.9917287826538086
1403905388454547457,neutral,1.5033025741577148,0.02046399563550949,1.1771620512008667
1403905389389778947,negative,1.3398720026016235,-0.4672854244709015,1.6066280603408813
1403905389645631488,negative,0.9694466590881348,-0.9158523678779602,2.353614091873169
1403905390505463808,negative,1.2350428104400635,-0.23407280445098877,1.560949444770813
1403905390526353413,neutral,1.7650130987167358,-0.7029990553855896,1.4997855424880981
1403905391264739329,negative,0.9099498391151428,-0.10142677277326584,1.160479187965393
1403905391868657667,neutral,1.8309522867202759,0.9581217765808105,0.2892775237560272
1403905392103641094,negative,1.1041803359985352,-0.33721044659614563,1.6913225650787354
1403905393491906565,negative,0.9605687260627747,-0.7414638996124268,2.587991237640381
1403905393722642437,negative,1.3988378047943115,-1.2312055826187134,3.1132376194000244
1403905393772822529,neutral,1.615647792816162,1.0034308433532715,0.9610841870307922
1403905394246787072,neutral,1.4843209981918335,0.7425756454467773,0.5757811069488525
1403905394892632073,negative,0.7609670162200928,-1.0361753702163696,3.0093367099761963
1403905394964041730,neutral,1.9470361471176147,-0.07487703114748001,1.5451093912124634
1403905395018579974,neutral,1.895522117614746,-0.6867144703865051,1.520538330078125
1403905396239077378,neutral,1.9266473054885864,-0.6307058930397034,1.599908709526062
1403905396918476807,neutral,1.365983247756958,-0.026248805224895477,1.3223859071731567
1403905396939632640,positive,0.37513968348503113,1.8114947080612183,0.8933195471763611
1403905397749174276,neutral,1.2879942655563354,0.6079393625259399,0.7769249081611633
1403905398151778312,neutral,2.1195099353790283,0.22006508708000183,0.9127936363220215
1403905398449577992,negative,1.0095617771148682,-0.7346749901771545,2.2263221740722656
1403905398579482625,negative,1.2437446117401123,-0.9459221959114075,2.3908088207244873
1403905398856470528,neutral,1.6855747699737549,0.37137290835380554,0.3793219327926636
1403905399049252865,positive,0.7200481295585632,1.2498959302902222,0.6918649077415466
1403905399087153154,negative,0.7678673267364502,-1.0920666456222534,3.0635080337524414
1403905399317696512,neutral,1.2372568845748901,0.1885119378566742,0.8393681049346924
1403905399334395904,negative,0.9605687260627747,-0.7414638996124268,2.587991237640381
1403905399665741827,negative,0.7838588953018188,-0.8143433928489685,2.5138864517211914
1403905400878080000,negative,1.391652226448059,0.024219021201133728,1.764966368675232
1403905402916462594,neutral,1.46206796169281,-0.1708676815032959,1.2390477657318115
1403905403490996229,neutral,1.6156479120254517,1.003430962562561,0.961084246635437
1403905403751043074,neutral,2.6846680641174316,1.0313093662261963,-0.7611596584320068
1403905403809767428,negative,1.3954789638519287,-0.8631388545036316,1.8702367544174194
1403905404355047427,neutral,1.7373532056808472,-0.017367392778396606,1.4273333549499512
1403905404501991426,neutral,1.4990296363830566,0.06983163952827454,1.1731441020965576
1403905406200532996,positive,1.9316705465316772,2.1811797618865967,-0.5911884903907776
1403905407270232066,neutral,1.8890223503112793,1.0202739238739014,-0.07532104104757309
1403905407299375115,neutral,1.997269630432129,0.5990723967552185,0.36160528659820557
1403905407572185091,positive,1.448988676071167,1.6204354763031006,0.09375890344381332
1403905407836311557,positive,1.685198426246643,3.039599895477295,-0.5585664510726929
1403905407874068483,neutral,1.6619434356689453,-0.40167731046676636,1.4831714630126953
1403905408788582400,negative,1.3323875665664673,-0.29261744022369385,1.5215339660644531
1403905409698521090,neutral,1.8955223560333252,-0.6867144703865051,1.520538330078125
1403905409728065536,neutral,1.6855747699737549,0.37137290835380554,0.3793219327926636
1403905410113884161,neutral,1.6855747699737549,0.37137290835380554,0.3793219327926636
1403905410394853376,neutral,1.9274386167526245,-0.1654486358165741,0.9127358198165894
1403905410881396737,neutral,2.4649198055267334,0.32180532813072205,0.23655876517295837
1403905411367915526,positive,1.2503904104232788,1.347119688987732,0.33987388014793396
1403905412160757762,neutral,2.010223627090454,0.31005558371543884,0.8314114809036255
1403905412391268354,negative,0.7376748323440552,-0.3420206904411316,0.9103524088859558
1403905412433428483,neutral,2.5482113361358643,0.5669800639152527,0.3679683804512024
1403905413246971906,negative,0.9467423558235168,-0.8005000948905945,2.303720474243164
1403905414199193601,neutral,1.1549715995788574,0.8031014204025269,0.7127613425254822
1403905414509613058,neutral,2.077286720275879,2.0228757858276367,-0.5559775829315186
1403905414572515329,neutral,1.8013135194778442,1.331539273262024,0.19535262882709503
1403905414605934592,neutral,2.0762524604797363,0.1916053593158722,0.49072062969207764
1403905414903697409,neutral,2.225173234939575,0.8910018801689148,0.07554405927658081
1403905415268560902,neutral,1.9634000062942505,0.960938572883606,0.7484744787216187
1403905415281250304,neutral,1.9212788343429565,0.24524936079978943,0.5271074771881104
1403905415948161027,neutral,2.306673765182495,-0.38158661127090454,0.8096886277198792
1403905416065695746,negative,1.3250322341918945,-0.5132936239242554,1.959848165512085
1403905416182910976,neutral,0.7540886998176575,-0.2666718065738678,0.6877641677856445
1403905416212488195,neutral,2.8251161575317383,0.6624243259429932,0.0945911854505539
1403905416732418050,neutral,1.421461820602417,-0.3476257920265198,0.9552680253982544
1403905417231491075,neutral,1.3068126440048218,-0.14267030358314514,1.198685646057129
1403905418460499970,neutral,1.3013339042663574,0.23939868807792664,0.3217823803424835
1403905418489958401,negative,1.3188107013702393,-0.4690876305103302,1.8189595937728882
1403905418594762752,negative,0.7790592908859253,-0.2296386957168579,1.0573374032974243
1403905418758299648,positive,1.3425536155700684,3.0069727897644043,-0.6373295187950134
1403905418951335942,neutral,3.0400309562683105,0.9650040864944458,-0.5967223048210144
1403905419311976454,negative,1.8190057277679443,-1.0369818210601807,2.1519250869750977
1403905419391733765,negative,0.968113362789154,-0.24042239785194397,1.8324143886566162
1403905420205465601,neutral,2.3510513305664062,-0.4512191116809845,0.979175329208374
1403905420218019842,negative,0.9748833775520325,-1.1192153692245483,2.882169485092163
1403905420280795142,positive,2.144627571105957,4.508151054382324,-1.2931026220321655
1403905420339470346,positive,1.1663601398468018,1.4180538654327393,0.7986526489257812
1403905420905762819,neutral,1.380778431892395,-0.5454146265983582,1.1171674728393555
1403905421316792323,negative,1.251084566116333,-0.6692696213722229,1.7285934686660767
1403905421711183872,negative,0.7292617559432983,-0.668993353843689,3.152766466140747
1403905422952747008,neutral,1.997269630432129,0.5990723967552185,0.36160528659820557
1403905422986145792,negative,1.6705220937728882,-0.30803540349006653,1.7488199472427368
1403905422990344201,positive,2.916713237762451,3.8004839420318604,-1.617492914199829
1403905423380467715,negative,0.5666109323501587,-0.8695405721664429,3.2282826900482178
1403905423841792004,neutral,2.077073335647583,0.9934307336807251,-0.17327146232128143
1403905424605302784,positive,1.3425536155700684,3.0069727897644043,-0.6373295187950134
1403905425553039362,negative,1.331303358078003,-0.7126176357269287,1.7913341522216797
1403905425645309952,neutral,2.153968572616577,1.1474047899246216,0.23654302954673767
1403905425825841155,negative,1.5686872005462646,-0.958339273929596,1.9487159252166748
1403905425980940288,neutral,2.3510513305664062,-0.4512191116809845,0.979175329208374
1403905426861662208,neutral,2.2478833198547363,0.2956564128398895,0.5861088037490845
1403905426983297024,positive,0.48109573125839233,5.307798862457275,-0.9816907644271851
1403905427641966599,neutral,1.1891783475875854,-0.2635117471218109,0.7630718350410461
1403905428178685952,neutral,1.2328048944473267,0.6801919937133789,0.2939964830875397
1403905428665208832,positive,2.1558094024658203,3.8438241481781006,-1.5741958618164062
1403905428702986242,neutral,2.077286720275879,2.0228757858276367,-0.5559775829315186
1403905428933681153,neutral,1.8556798696517944,0.4819214940071106,0.5908385515213013
1403905429198053379,negative,1.6007444858551025,-1.2062618732452393,3.0223493576049805
1403905429810212865,neutral,2.1168177127838135,-0.14749747514724731,1.049845814704895
1403905429948624897,negative,1.3094537258148193,-0.3152199685573578,1.3259634971618652
1403905429957013509,neutral,1.9270946979522705,0.7329788208007812,0.16707541048526764
1403905430036881414,neutral,1.8328289985656738,0.84372478723526,0.7787252068519592
1403905431093788679,neutral,2.0303773880004883,0.6141179203987122,-0.1854303926229477
1403905431181967367,neutral,1.657442569732666,0.4727362394332886,0.07813060283660889
1403905432226258944,neutral,1.895522117614746,-0.6867144703865051,1.520538330078125
1403905432767270921,negative,0.920428991317749,-0.7810882925987244,2.2177894115448
1403905432855384069,negative,1.1165032386779785,-0.8793917298316956,1.9371360540390015
1403905433627148291,neutral,3.400407075881958,1.3697808980941772,-0.7754244804382324
1403905434017280012,neutral,1.3190338611602783,0.3816276788711548,0.9581453204154968
1403905434520522754,negative,1.3134132623672485,-0.5762357115745544,1.6616076231002808
1403905434642259968,neutral,1.2420763969421387,-0.012800291180610657,0.9599894285202026
1403905435036381184,positive,0.6719071865081787,2.7827351093292236,-0.1337469220161438
1403905435640467457,negative,1.8503488302230835,-1.0033893585205078,2.3650097846984863
1403905436110184449,negative,0.5321194529533386,0.3799695074558258,1.5076775550842285
1403905436290633728,negative,1.0325454473495483,-0.5893728733062744,2.8743109703063965
1403905436756021249,negative,0.8262161612510681,-0.35562393069267273,2.0197014808654785
1403905436974141442,negative,1.6166799068450928,-1.2561655044555664,2.888909339904785
1403905438194733058,negative,1.5908018350601196,-0.3813137710094452,1.6988086700439453
1403905438341599236,neutral,1.6855747699737549,0.37137290835380554,0.3793219327926636
1403905439792836608,neutral,1.5978000164031982,0.07402773201465607,0.7179111242294312
1403905440652705794,neutral,1.9365085363388062,1.4016814231872559,-0.8998151421546936
1403905440782692352,neutral,1.5831730365753174,0.0167459174990654,0.6735329627990723
1403905442762289158,neutral,2.5507001876831055,-0.44200006127357483,-0.1360619068145752
1403905443303469057,positive,1.4200658798217773,3.2597603797912598,-1.1357990503311157
1403905443911532545,neutral,1.1793509721755981,0.19366973638534546,1.0212408304214478
1403905444045889540,negative,0.3165026605129242,-0.465230792760849,2.6700382232666016
1403905444133879812,neutral,1.5578473806381226,-0.1643083095550537,1.2072232961654663
1403905445090127872,neutral,1.5644203424453735,0.02166566252708435,0.8609962463378906
1403905445283209219,neutral,1.4156074523925781,1.080484390258789,0.02880839630961418
1403905447355195395,neutral,0.8880453705787659,-0.00028686225414276123,0.7713672518730164
1403905448365854720,negative,1.075622797012329,-0.58335280418396,1.5381051301956177
1403905448709869568,negative,1.3981354236602783,-0.4609362781047821,1.7577886581420898
1403905448957431808,neutral,3.048863649368286,1.9152833223342896,-1.2266557216644287
1403905449053757440,neutral,1.398466944694519,1.0066699981689453,0.8543630242347717
1403905449330577409,neutral,1.2100071907043457,0.8485796451568604,0.6398364305496216
1403905450756784132,negative,0.5010367035865784,0.0022821351885795593,1.3177738189697266
1403905450815328257,negative,1.675727128982544,-1.1267354488372803,2.5844032764434814
1403905450890858497,neutral,3.530146598815918,1.6300079822540283,-1.0650413036346436
1403905451083796482,neutral,1.895522117614746,-0.6867144703865051,1.520538330078125
1403905452082044928,neutral,1.6867903470993042,0.7567650675773621,0.14344489574432373
1403905452199399428,negative,0.8323348164558411,0.0869813784956932,1.295983076095581
1403905452535070721,negative,1.1085838079452515,-0.4785763919353485,1.8819005489349365
1403905452740653060,negative,1.3682612180709839,-0.2824689447879791,1.3745120763778687
1403905452870553609,negative,0.5673070549964905,0.057313110679388046,1.3943167924880981
1403905452916629505,negative,1.099016785621643,-0.7306037545204163,2.218822956085205
1403905453185196040,negative,0.8432628512382507,-0.5227887630462646,2.6138172149658203
1403905453273329665,neutral,1.7799813747406006,-0.002504125237464905,0.3206288814544678
1403905453310889987,neutral,3.247523784637451,2.2186331748962402,-0.9914849996566772
1403905453415829512,neutral,1.5575706958770752,0.10196113586425781,0.9620901942253113
1403905453474553857,negative,1.3246393203735352,-0.03138935565948486,1.41816246509552
1403905453734580236,negative,1.5908018350601196,-0.3813137710094452,1.6988086700439453
1403905454095278086,neutral,1.895522117614746,-0.6867144703865051,1.520538330078125
1403905454456000516,neutral,1.7114241123199463,0.28531545400619507,1.5801478624343872
1403905454569406465,neutral,2.3061580657958984,0.5227154493331909,0.3216816186904907
1403905454913187840,negative,0.35634732246398926,0.1000707820057869,2.1885640621185303
1403905456112820230,negative,0.9240877032279968,-1.1747676134109497,3.3573684692382812
1403905456179793926,neutral,1.6751916408538818,0.02679453417658806,1.141197919845581
1403905457228595201,negative,0.19888733327388763,0.15296834707260132,0.485565721988678
1403905457408802821,negative,1.2145130634307861,-0.8037516474723816,2.3396356105804443
1403905457677295619,neutral,1.6156479120254517,1.003430962562561,0.961084246635437
1403905457811464193,negative,1.1116211414337158,-0.04447606950998306,1.258657693862915
1403905458004369410,neutral,1.6476010084152222,0.5256509780883789,-0.06669621169567108
1403905458839207937,negative,1.286249041557312,-0.6364784836769104,1.9506028890609741
1403905459757764610,neutral,1.8891880512237549,0.5245234370231628,0.5609524250030518
1403905460546289670,neutral,1.1880302429199219,0.08963560312986374,1.1024028062820435
1403905460764295174,neutral,1.6156479120254517,1.003430962562561,0.961084246635437
1403905461116604418,neutral,0.9322177171707153,0.16920943558216095,0.19325374066829681
1403905461162676233,negative,1.0503780841827393,0.32661640644073486,1.4992042779922485
1403905461288534024,neutral,1.6751916408538818,0.02679453417658806,1.141197919845581
1403905461619920899,negative,1.318746566772461,0.14913107454776764,1.32302725315094
1403905461854875650,negative,1.2558673620224,-0.8130142092704773,2.1449785232543945
1403905463092092932,negative,1.1678311824798584,0.09376925975084305,1.3716529607772827
1403905463612231683,neutral,1.6890277862548828,0.2428349256515503,1.0062912702560425
1403905464576876548,neutral,1.5271161794662476,0.5584551095962524,0.32118213176727295
1403905465222840327,neutral,2.0541560649871826,0.6584344506263733,0.39580920338630676
1403905465243914240,positive,2.0872364044189453,2.270533323287964,-0.7567976713180542
1403905466065895425,negative,1.5036463737487793,-0.7842859625816345,2.0220742225646973
1403905466174906373,negative,0.6562144756317139,-0.07526697963476181,1.5576775074005127
1403905466741231617,negative,0.894779622554779,-0.34413883090019226,2.150765895843506
1403905466992844800,neutral,1.1891783475875854,-0.2635117471218109,0.7630718350410461
1403905468154613760,negative,1.1459617614746094,-0.7616485953330994,2.5804991722106934
1403905468196552706,neutral,1.8135885000228882,0.5859075784683228,0.727462887763977
1403905468196704261,negative,1.5016511678695679,-0.8024807572364807,1.5894005298614502
1403905468603396098,neutral,1.4881013631820679,0.5092955231666565,0.29051584005355835
1403905468817285130,negative,1.4106166362762451,-0.36262205243110657,1.4732584953308105
1403905468947341315,neutral,1.466169834136963,0.4503036141395569,0.5047141313552856
1403905469245181952,positive,1.7462823390960693,1.8249918222427368,-0.08776449412107468
1403905469400367109,neutral,1.6000279188156128,-0.29951220750808716,0.8270930051803589
1403905469803028482,negative,1.394689917564392,-0.8383071422576904,2.770009756088257
1403905469958262788,negative,0.7580958008766174,-1.1215686798095703,3.209148645401001
1403905470016851968,negative,1.417259931564331,-1.0919071435928345,2.574214220046997
1403905470251864070,negative,1.3250322341918945,-0.5132936239242554,1.959848165512085
1403905470285463553,neutral,1.6156479120254517,1.003430962562561,0.961084246635437
1403905470843195394,neutral,2.8270881175994873,1.0672430992126465,-0.4479411840438843
1403905471010856961,negative,1.287001609802246,-1.0358880758285522,2.933445692062378
1403905472013406209,neutral,1.8139771223068237,-0.020419292151927948,0.343024343252182
1403905472168665089,positive,1.9875613451004028,3.321629047393799,-0.7666159272193909
1403905472248307716,negative,1.3549647331237793,-0.8255888223648071,1.9135549068450928
1403905472768319489,neutral,1.0847060680389404,0.0515453927218914,0.5709734559059143
1403905473166954496,negative,0.8831791281700134,-0.682192862033844,3.196627616882324
1403905473527652355,negative,0.5666109323501587,-0.8695405721664429,3.228283166885376
1403905473565233158,neutral,1.2719463109970093,0.04451293125748634,0.8439031839370728
1403905474920124427,negative,1.1966217756271362,-0.03894076496362686,1.3610228300094604
1403905475712753667,neutral,2.6754705905914307,1.1542541980743408,-0.23154278099536896
1403905475851157504,neutral,2.6663131713867188,0.38245317339897156,0.5651050806045532
1403905476253921283,negative,1.5003093481063843,-1.0843689441680908,2.319007396697998
1403905476589359106,neutral,1.9617036581039429,-0.7944825291633606,1.3966635465621948
1403905476903936006,neutral,2.0197746753692627,0.8967695832252502,0.7615740299224854
1403905477671411719,negative,0.777215838432312,-0.8056548237800598,2.2397754192352295
1403905477927485443,neutral,1.4820060729980469,-0.21998640894889832,1.4563606977462769
1403905478476791815,neutral,2.0302436351776123,0.5519110560417175,0.03368207812309265
1403905478497759232,negative,1.4946430921554565,-0.4632081091403961,1.9461079835891724
1403905478942334979,positive,2.897331476211548,5.15356969833374,-1.7095855474472046
1403905479601012739,negative,1.600744605064392,-1.2062617540359497,3.0223491191864014
1403905479751909376,neutral,1.6855745315551758,0.37137290835380554,0.37932199239730835
1403905480494182404,negative,0.76386958360672,-0.8991988301277161,2.917789936065674
1403905480498548745,neutral,1.6441446542739868,-0.5100817084312439,1.4364488124847412
1403905481664614403,neutral,2.419595718383789,1.4387221336364746,-0.698218822479248
1403905481983152132,neutral,1.7102794647216797,0.340703547000885,0.4213888943195343
1403905482088013824,negative,0.9698529839515686,-0.4278940260410309,1.3571405410766602
1403905482402660355,neutral,1.2929162979125977,0.6463397145271301,0.8340228796005249
1403905482557771779,neutral,1.7866573333740234,0.14468921720981598,1.0091958045959473
1403905482851459074,neutral,1.8079235553741455,0.739206850528717,0.7001053690910339
1403905483086303233,positive,2.2271289825439453,3.158660650253296,-1.025310754776001
1403905483145048074,negative,1.0346554517745972,-0.5598082542419434,2.0247483253479004
1403905484214525955,negative,1.8673808574676514,-0.9625408053398132,1.9045990705490112
1403905484374085636,neutral,2.5723538398742676,0.9741619825363159,-0.24517394602298737
1403905484382343172,neutral,2.212160348892212,-0.0313386470079422,0.8980836868286133
1403905486009688072,negative,1.3416739702224731,-1.0802123546600342,2.9748754501342773
1403905486051627008,neutral,1.6671255826950073,1.006036400794983,0.1775123029947281
1403905486571802624,neutral,1.890312671661377,0.6480604410171509,0.00419997051358223
1403905486844575744,negative,0.4415215849876404,-0.721419632434845,2.110729932785034
1403905487846969345,neutral,1.9201736450195312,-0.1615370810031891,-0.3422132134437561
1403905489252016133,negative,1.4899944067001343,-1.1904056072235107,2.6518466472625732
1403905489893736450,neutral,2.3136167526245117,1.0287505388259888,-0.08998482674360275
1403905489935736837,positive,0.9033759832382202,3.235304832458496,-0.39976954460144043
1403905490162262019,neutral,1.5342251062393188,-0.31996071338653564,1.2131476402282715
1403905490950656001,negative,1.7132257223129272,-0.5219579935073853,1.7307392358779907
1403905491479105538,positive,1.9316705465316772,2.1811797618865967,-0.5911884903907776
1403905491722391554,neutral,1.6751916408538818,0.02679453417658806,1.141197919845581
1403905491789512708,neutral,1.0847060680389404,0.0515453927218914,0.5709734559059143
1403905491848380416,negative,1.2885453701019287,-0.5570515990257263,2.118605375289917
1403905494352207879,negative,0.6030233502388,0.7765265107154846,1.3150120973587036
1403905494654361604,neutral,2.212160348892212,-0.0313386470079422,0.8980836868286133
1403905495111389185,negative,0.6439996957778931,-1.210371971130371,3.6401169300079346
1403905495950184449,neutral,1.4939762353897095,0.9625683426856995,1.1335691213607788
1403905496529186820,negative,1.114103078842163,-0.8600202202796936,2.833778142929077
1403905496885731328,positive,0.9188774228096008,3.0239765644073486,-0.5155577063560486
1403905497254612995,negative,0.5414230823516846,0.35162821412086487,1.4290075302124023
1403905497535680516,neutral,2.0075149536132812,-0.1475064754486084,0.8331021666526794
1403905497921572865,negative,0.7756606340408325,0.45944124460220337,0.9854122996330261
1403905498236166149,negative,1.075681447982788,0.4484434425830841,1.477326512336731
1403905498328481796,neutral,1.7022042274475098,-0.013955190777778625,1.5097193717956543
1403905498953392130,negative,0.9748833775520325,-1.1192153692245483,2.882169485092163
1403905499171594255,negative,0.36054834723472595,-0.717385470867157,3.2659707069396973
1403905499301621763,negative,1.1484248638153076,-0.13196468353271484,1.288493275642395
1403905500236988416,neutral,1.222633957862854,0.30501753091812134,1.2190285921096802
1403905501092532225,negative,1.2129168510437012,-0.2642807066440582,1.5332317352294922
1403905501939724295,neutral,2.23433256149292,0.5764690041542053,-0.08703846484422684
1403905502162001922,neutral,1.5981675386428833,0.5891113877296448,0.3976208567619324
1403905503604867072,neutral,2.369102954864502,1.5030391216278076,-0.46240946650505066
1403905503948775428,negative,1.2836979627609253,-0.6923213601112366,1.9923979043960571
1403905504024354817,negative,0.25349774956703186,0.28001368045806885,0.9321376085281372
1403905504049467394,negative,1.5132567882537842,-1.0696130990982056,2.363255262374878
1403905504464748545,neutral,1.2889683246612549,0.4599207639694214,1.0316249132156372
1403905504909217797,neutral,2.2284634113311768,0.3545090854167938,0.6377155780792236
1403905505035272194,positive,1.2530341148376465,2.5744452476501465,-0.4114999771118164
1403905505177788416,neutral,1.997269630432129,0.5990723967552185,0.36160528659820557
1403905505806979074,negative,1.653664231300354,-0.9171727299690247,1.9001153707504272
1403905507673272324,neutral,2.00722599029541,-0.16488564014434814,0.711425244808197
1403905507686072321,negative,1.0545748472213745,-0.5156394839286804,1.2932757139205933
1403905507698511872,neutral,2.32804799079895,0.8555125594139099,0.2549325227737427
1403905508793196551,negative,0.7650152444839478,-0.6995117664337158,2.133450746536255
1403905509510483971,negative,1.5339412689208984,-0.5991764068603516,1.886264443397522
1403905509728604162,negative,1.189756989479065,-1.0146863460540771,2.6273934841156006
1403905509774675969,negative,1.431343913078308,-0.4055655300617218,1.4399892091751099
1403905510093594631,neutral,1.3466144800186157,-0.5637589693069458,1.0712382793426514
1403905510680629248,neutral,2.112199068069458,-0.19266262650489807,1.5062527656555176
1403905510953439233,neutral,0.8546890616416931,-0.07126643508672714,0.6766272187232971
1403905511054053376,negative,1.0815117359161377,-1.051242709159851,2.4338202476501465
1403905511234293771,negative,0.43919938802719116,0.3243087828159332,1.9589669704437256
1403905511557324800,neutral,1.881729006767273,-0.49879392981529236,1.4887067079544067
1403905512287133697,negative,0.9760111570358276,-1.5552966594696045,4.405023574829102
1403905513046396929,negative,1.4191484451293945,-0.6366269588470459,1.7854818105697632
1403905513708875776,neutral,1.0301942825317383,-0.007535979151725769,1.00888991355896
1403905514313064451,negative,1.1307483911514282,1.070452094078064,1.2880339622497559
1403905514468225030,neutral,2.3042783737182617,1.563757061958313,-0.2955227494239807
1403905514573025282,negative,0.9344795942306519,-0.7639198899269104,2.7222604751586914
1403905515281862658,positive,1.3832101821899414,1.9917199611663818,0.46920686960220337
1403905515512422405,negative,1.5601917505264282,-0.920825183391571,1.8033841848373413
1403905515810279424,negative,1.3783894777297974,0.08099622279405594,1.7644766569137573
1403905515810398219,neutral,1.365838885307312,0.40998026728630066,0.10730619728565216
1403905515906871300,negative,1.2104041576385498,-0.8720805644989014,2.3814587593078613
1403905516540076033,neutral,2.53936767578125,0.2227749228477478,0.3788638412952423
1403905516984745985,neutral,1.785942792892456,0.38465842604637146,1.1396732330322266
1403905517056053249,neutral,1.8709139823913574,0.7854757905006409,0.30547598004341125
1403905517735534592,neutral,2.2040860652923584,0.39824220538139343,0.3344062268733978
1403905518352039942,negative,1.4785810708999634,-1.2356950044631958,3.0750324726104736
1403905518620405765,negative,0.3664640188217163,0.8986383676528931,1.1928136348724365
1403905518889058308,negative,0.9584237337112427,-0.30549782514572144,1.9921424388885498
1403905520839188484,neutral,1.600356936454773,-0.2761329114437103,1.2438790798187256
1403905520860164097,neutral,3.530146598815918,1.6300079822540283,-1.0650413036346436
1403905521061564422,negative,0.5676060914993286,-0.10827354341745377,1.0256294012069702
1403905521346760704,neutral,1.0879675149917603,-0.05848700553178787,0.777028501033783
1403905521560678401,neutral,1.3886268138885498,0.5243670344352722,0.6173573136329651
1403905521606823936,neutral,1.8434422016143799,-0.27948319911956787,0.8404127359390259
1403905522487627776,positive,1.5819083452224731,1.6089340448379517,0.020906725898385048
1403905522592632836,negative,1.5890552997589111,-0.48283591866493225,1.8192580938339233
1403905524006113290,negative,1.4778536558151245,-0.8342931270599365,2.2221248149871826
1403905525520093185,negative,1.3141417503356934,-0.617472231388092,1.8742578029632568
1403905526807805952,neutral,2.002312660217285,1.410515308380127,-0.4274508059024811
1403905526895812611,neutral,1.1246510744094849,0.1848154366016388,1.0978950262069702
1403905526920933380,negative,0.9748879671096802,-1.0713177919387817,2.8594281673431396
1403905527445344260,neutral,1.4628514051437378,0.48445141315460205,0.3951804041862488
1403905527680167941,neutral,1.3630787134170532,-0.017042189836502075,1.093766212463379
1403905529861316615,positive,1.1447492837905884,2.5768468379974365,0.3489002585411072
1403905530108731395,neutral,1.6077165603637695,-0.6819885969161987,1.3791725635528564
1403905530171740167,neutral,1.2332485914230347,0.8634908199310303,0.7458522915840149
1403905530704302080,negative,0.4984501004219055,0.7502745985984802,1.0986946821212769
1403905530725236737,neutral,1.1816176176071167,-0.16022512316703796,0.7159135937690735
1403905530972708869,negative,1.6757272481918335,-1.1267354488372803,2.5844032764434814
1403905531010486273,negative,0.5666109919548035,-0.8695405721664429,3.228283166885376
1403905531178328069,neutral,1.9227560758590698,-0.13333266973495483,0.9845815896987915
1403905531652235264,negative,0.9748833775520325,-1.1192153692245483,2.882169485092163
1403905531706712065,neutral,3.530146598815918,1.6300079822540283,-1.0650413036346436
1403905532402888704,positive,1.9316705465316772,2.1811797618865967,-0.5911886096000671
1403905532780556291,neutral,2.2115252017974854,1.5325831174850464,-0.4545229971408844
1403905532855918596,neutral,2.476809501647949,1.3626919984817505,-0.40217113494873047
1403905532864303105,neutral,1.7022042274475098,-0.013955190777778625,1.5097193717956543
1403905532872728584,negative,1.397516131401062,-0.37031322717666626,1.5460227727890015
1403905532973436930,neutral,1.6855747699737549,0.37137290835380554,0.3793219327926636
1403905533149683712,neutral,1.5067164897918701,-0.3054160475730896,1.257262110710144
1403905533371842561,negative,1.5901308059692383,-0.8669331669807434,2.3689141273498535
1403905534940569600,neutral,2.534738302230835,1.1464186906814575,-0.15191686153411865
1403905535158755328,neutral,1.6855747699737549,0.37137290835380554,0.3793219327926636
1403905536953782272,neutral,2.176283121109009,-0.7185871601104736,1.526731252670288
1403905537134284808,negative,0.6630898118019104,0.015935711562633514,2.0210490226745605
1403905537624903682,neutral,1.1697512865066528,1.0095798969268799,0.9126315116882324
1403905537964707841,neutral,2.0507044792175293,0.6706678867340088,0.16624315083026886
1403905538379943936,negative,0.9748833775520325,-1.1192153692245483,2.882169485092163
1403905540309368838,neutral,1.4188427925109863,0.3762683570384979,0.7634860873222351
1403905540384706564,neutral,1.906052827835083,-0.08937319368124008,0.6458395719528198
1403905541366288386,negative,1.1856529712677002,-0.7799403071403503,2.7697908878326416
1403905541722673157,neutral,1.6751916408538818,0.02679453417658806,1.141197919845581
1403905542372958209,neutral,1.5453962087631226,1.3659495115280151,-0.8733131885528564
1403905542398091264,negative,0.6920590996742249,-0.1665884256362915,1.5383963584899902
1403905542645555201,neutral,1.3849756717681885,0.040001992136240005,0.3765334188938141
1403905543652134913,negative,0.7955974340438843,0.17922881245613098,1.5799111127853394
1403905544356864008,neutral,3.557668447494507,3.221004009246826,-1.3609462976455688
1403905544616919049,neutral,1.9187519550323486,0.9893251657485962,0.04464370757341385
1403905545250222083,neutral,1.6855747699737549,0.37137290835380554,0.3793219327926636
1403905546512584705,neutral,3.530146598815918,1.6300079822540283,-1.0650413036346436
1403905546902638597,neutral,1.3869184255599976,0.48936328291893005,0.8664470911026001
1403905546994978827,negative,0.9387822151184082,-1.2942113876342773,3.730775833129883
1403905547578097667,negative,1.3161123991012573,-0.9631378054618835,2.3126823902130127
1403905547615846411,negative,1.3250322341918945,-0.5132936239242554,1.959848165512085
1403905549285085187,neutral,1.2491081953048706,0.44532883167266846,0.7408766150474548
1403905549482086405,negative,1.4477307796478271,-0.46592310070991516,1.990383267402649
1403905549603946501,neutral,1.4142730236053467,0.9760341644287109,0.21276427805423737
1403905550010798081,negative,1.2935421466827393,-1.3976290225982666,3.4792065620422363
1403905551378038794,positive,0.36935165524482727,2.3654773235321045,-0.005192125216126442
1403905551411539971,neutral,2.549631357192993,0.516819417476654,0.10533689707517624
1403905551843606528,neutral,0.23260751366615295,0.1763904094696045,0.14018520712852478
1403905552200179718,negative,0.9748833775520325,-1.1192153692245483,2.882169485092163
1403905552632016899,neutral,1.3306505680084229,1.305420994758606,0.37367919087409973
1403905552644665346,positive,1.8549820184707642,2.9438400268554688,-1.3421788215637207
1403905552737050626,negative,0.6542983651161194,-0.004853866994380951,1.6741350889205933
1403905552921550853,neutral,1.1045109033584595,1.0659438371658325,0.7778784036636353
1403905553064026115,positive,1.7462824583053589,1.8249917030334473,-0.08776441961526871
1403905553168883715,negative,1.0353491306304932,-1.2652440071105957,3.8529467582702637
1403905553269616641,negative,0.8094862103462219,-1.1875187158584595,3.489513874053955
1403905554456756226,neutral,1.997269630432129,0.5990723967552185,0.36160528659820557
1403905554603331587,negative,0.44784629344940186,-0.1499651074409485,2.612367868423462
1403905554838437895,neutral,1.997269630432129,0.5990723967552185,0.36160528659820557
1403905555136143365,neutral,1.7692394256591797,1.4860275983810425,0.12109934538602829
1403905555702468611,negative,0.8988643884658813,-0.10093339532613754,2.2491884231567383
1403905555752652800,negative,1.460040807723999,-0.5520933866500854,1.618010401725769
1403905556004306946,neutral,1.347481608390808,0.30294090509414673,0.7728181481361389
1403905556847362052,neutral,2.0947179794311523,0.3136618733406067,0.6514492034912109
1403905558596538368,neutral,1.6815389394760132,-0.21505874395370483,0.6957100629806519
1403905559057862657,negative,0.9217448234558105,-1.182300329208374,3.207705020904541
1403905559057907715,negative,0.29423922300338745,-0.016970671713352203,0.5297976136207581
1403905559653359617,negative,1.2667557001113892,-0.2920339107513428,1.761719822883606
1403905560215437316,neutral,1.2079205513000488,0.6274724006652832,0.6209599375724792
1403905560307585031,neutral,2.6266355514526367,1.4261366128921509,-0.40205028653144836
1403905560605511682,negative,0.939808189868927,0.09703932702541351,1.7675117254257202
1403905560995639300,neutral,1.6855747699737549,0.37137290835380554,0.3793219327926636
1403905561113022464,positive,0.8962540030479431,1.31814706325531,0.7033118009567261
1403905561373020162,negative,1.4852572679519653,-0.4759354293346405,2.0400640964508057
1403905561662423040,neutral,1.6384438276290894,1.3267924785614014,0.11581850796937943
1403905561960267781,neutral,3.0481791496276855,0.7464691400527954,0.15056131780147552
1403905562010701826,neutral,2.0829455852508545,1.6340769529342651,-0.013960981741547585
1403905562127998978,neutral,1.931745171546936,0.31731563806533813,0.858120322227478
1403905562308399104,negative,1.478581190109253,-1.2356950044631958,3.0750322341918945
1403905562509725698,negative,0.5605032444000244,0.40167149901390076,0.8789780139923096
1403905563029872640,neutral,2.636843681335449,0.9534133076667786,-0.051725246012210846
1403905563214290945,neutral,1.163028597831726,0.7919148206710815,0.6109383702278137
1403905563256360960,neutral,1.8835498094558716,0.8888719081878662,0.3805510997772217
1403905563407249409,positive,2.941274881362915,4.577215194702148,-2.007606029510498
1403905563717734404,neutral,1.6156479120254517,1.003430962562561,0.961084246635437
1403905564363550720,neutral,1.0847060680389404,0.0515453927218914,0.5709734559059143
1403905564435009538,negative,1.517532467842102,-1.3314610719680786,3.170104503631592
1403905564648738819,negative,1.3783894777297974,0.08099622279405594,1.7644766569137573
1403905565311504390,neutral,2.0341835021972656,1.543902039527893,0.209525927901268
1403905566406234122,neutral,1.8849817514419556,-0.7652226686477661,1.8700544834136963
1403905566481784834,negative,1.5954750776290894,-0.9134480953216553,2.024339199066162
1403905566557147136,neutral,2.1617162227630615,-1.0657998323440552,2.0157408714294434
1403905566892720129,positive,2.2432477474212646,2.2634470462799072,-0.47689616680145264
1403905567253438469,neutral,2.183600664138794,0.17318545281887054,0.24995136260986328
1403905567530225666,neutral,2.2925117015838623,1.2028154134750366,0.0537722073495388
1403905567962304514,negative,0.9013352394104004,-0.18910962343215942,1.2714773416519165
1403905568407011330,negative,0.9264386892318726,0.38225284218788147,1.3383450508117676
1403905568465637385,negative,0.9054695963859558,-0.5827316641807556,2.0697021484375
1403905570449416194,neutral,1.365983247756958,-0.026248805224895477,1.3223859071731567
1403905570499796995,negative,0.39346757531166077,-0.17127424478530884,1.2694978713989258
1403905570973753346,neutral,2.306673765182495,-0.38158661127090454,0.8096886277198792
1403905571024113670,negative,1.0818603038787842,-0.7846165299415588,1.5288699865341187
1403905571607044101,neutral,3.530146598815918,1.6300079822540283,-1.0650413036346436
1403905571670007810,neutral,1.4484963417053223,1.415497899055481,0.06987359374761581
1403905571980337152,negative,1.5876938104629517,-0.829102098941803,2.14081072807312
1403905573079318528,neutral,1.0954927206039429,0.10541588813066483,0.7791082859039307
1403905573196816390,negative,1.2423046827316284,-0.809794545173645,1.9963856935501099
1403905573679140868,negative,1.4444854259490967,-1.0411813259124756,2.347564458847046
1403905573934931976,positive,1.1829603910446167,2.3688459396362305,-0.13789284229278564
1403905574111174656,neutral,1.409034252166748,-0.26521536707878113,1.23891282081604
1403905574308237313,neutral,1.6328099966049194,0.6163749694824219,0.4894579350948334
1403905574438248448,positive,1.7465801239013672,3.7106921672821045,-1.1879507303237915
1403905574568218625,negative,0.6907013654708862,0.07006479799747467,2.1369237899780273
1403905574815817729,neutral,2.0398097038269043,0.6565145254135132,0.08112096041440964
1403905576120188930,neutral,1.5226255655288696,0.11099639534950256,0.9766584038734436
1403905577097388037,negative,0.9091399312019348,-0.25595685839653015,1.8337440490722656
1403905577722339332,neutral,2.2062315940856934,1.3780553340911865,0.8979985117912292
1403905578926178311,neutral,1.2819793224334717,-0.0035510212182998657,1.2420254945755005
1403905579068792834,neutral,1.08470618724823,0.051545385271310806,0.5709734559059143
1403905579752562689,negative,0.4917081594467163,-0.4906289875507355,2.9197564125061035
1403905580255911939,neutral,1.8730859756469727,-0.4628366529941559,1.445754051208496
1403905581258199045,negative,1.5510802268981934,-0.8862766623497009,2.0368223190307617
1403905582231289858,neutral,1.5824434757232666,0.20389562845230103,0.5083480477333069
1403905582327681026,positive,1.7166826725006104,3.4106080532073975,-1.2392313480377197
1403905582336249857,neutral,0.7299911379814148,0.30029138922691345,0.41706934571266174
1403905582940098560,neutral,1.8413532972335815,-0.3912568688392639,1.1400476694107056
1403905582956904451,negative,0.9864600300788879,-0.5773411393165588,1.4517544507980347
1403905583200231424,positive,2.3379032611846924,2.525219678878784,-0.6998003721237183
1403905583619612673,positive,1.7465801239013672,3.7106921672821045,-1.1879507303237915
1403905583632334848,negative,1.2213279008865356,-1.2218204736709595,3.125633716583252
1403905583850344449,neutral,2.0674970149993896,0.26404350996017456,1.0155397653579712
1403905584051621888,neutral,1.5676323175430298,-0.5248143076896667,1.32241690158844
1403905584324235268,negative,0.6355307698249817,-0.319830983877182,2.099391460418701
1403905584785596416,negative,1.5012620687484741,-1.1050026416778564,2.5293407440185547
1403905585570066440,negative,1.264915108680725,-0.3722284138202667,1.4042580127716064
1403905585754427395,negative,0.5626107454299927,-0.7674753069877625,2.5334649085998535
1403905585813278720,neutral,1.1891783475875854,-0.2635117471218109,0.7630718350410461
1403905586060742656,negative,1.0166473388671875,-0.21879002451896667,1.4081504344940186
1403905586408927233,negative,1.4624617099761963,-0.10597106069326401,1.514782190322876
1403905587386093570,negative,0.7856350541114807,-1.2835025787353516,3.9372758865356445
1403905587952328706,negative,0.43855729699134827,0.5405805110931396,1.4568949937820435
1403905588476665856,neutral,1.222633957862854,0.30501753091812134,1.2190285921096802
1403905589244141568,neutral,2.32804799079895,0.8555125594139099,0.2549325227737427
1403905589311426561,neutral,1.7096983194351196,0.8401246666908264,-0.690229058265686
1403905589365911556,neutral,1.4202749729156494,0.12626227736473083,0.5422192215919495
1403905589449838595,negative,0.6507300138473511,0.7651802897453308,1.2026194334030151
1403905589814628352,neutral,1.1205857992172241,0.06868958473205566,0.8093488216400146
1403905590003310596,neutral,1.8545255661010742,-0.8263785243034363,1.4891839027404785
1403905590359838724,neutral,1.9308781623840332,1.2868424654006958,0.2077958732843399
1403905592234704896,neutral,0.9228833317756653,0.7792577743530273,0.4246708154678345
1403905592767434752,neutral,1.4895046949386597,0.37048113346099854,-0.12481244653463364
1403905592800993280,neutral,1.1757993698120117,-0.4653351604938507,0.8561748266220093
1403905593207894021,neutral,1.6173450946807861,0.4992664158344269,0.05091215670108795
1403905593375531009,negative,0.9605687260627747,-0.7414638996124268,2.587991237640381
1403905593937518593,neutral,1.38262140750885,0.23289155960083008,0.922690212726593
1403905594398887936,neutral,1.7111742496490479,0.7814968228340149,0.13033559918403625
1403905595221037059,negative,1.092566967010498,-1.434269666671753,4.129483222961426
1403905595477012486,positive,1.1275476217269897,1.6216164827346802,0.09709125757217407
1403905596412268548,positive,1.2916203737258911,1.779021143913269,0.4138464033603668
1403905596714323972,negative,1.5415947437286377,-0.6285955905914307,1.7350742816925049
1403905597247004678,negative,0.6311833262443542,-0.6668305397033691,2.805713653564453
1403905597779623936,neutral,1.895522117614746,-0.6867144703865051,1.520538330078125
1403905598098313222,negative,1.4631431102752686,-0.40613025426864624,2.6650843620300293
1403905598517694467,positive,2.2432477474212646,2.2634470462799072,-0.47689616680145264
1403905598626824194,negative,1.7818498611450195,-0.8212741017341614,1.791160225868225
1403905598664568832,neutral,1.6855747699737549,0.37137290835380554,0.3793219327926636
1403905598811348999,neutral,2.306673765182495,-0.38158661127090454,0.8096886277198792
1403905598836514820,neutral,1.997269630432129,0.5990723967552185,0.36160528659820557
1403905599356780545,negative,1.5800198316574097,-0.48421117663383484,1.9339196681976318
1403905599473999874,neutral,2.884984254837036,1.363310694694519,-0.8240037560462952
1403905599629266953,positive,1.2503904104232788,1.347119688987732,0.33987388014793396
1403905599721648130,negative,0.45649638772010803,-0.8170602917671204,3.7533462047576904
1403905599910391811,negative,1.286249041557312,-0.6364784836769104,1.9506028890609741
1403905599935549441,positive,1.8110957145690918,3.14072322845459,-0.530875027179718
1403905600166121477,negative,1.2405518293380737,-0.13433077931404114,1.2762526273727417
1403905600619044866,neutral,1.6751916408538818,0.02679453417658806,1.141197919845581
1403905600690409472,positive,2.9868199825286865,4.096158027648926,-1.4678245782852173
1403905601567035395,neutral,1.9384549856185913,-0.11294432729482651,1.0421561002731323
1403905601596366850,neutral,2.0475025177001953,-0.9621301293373108,1.8546812534332275
1403905602015875075,neutral,2.306673765182495,-0.38158661127090454,0.8096886277198792
1403905602082926593,positive,2.9864261150360107,3.143239736557007,-1.1002342700958252
1403905602603175936,neutral,1.3284035921096802,0.06049761921167374,0.3607143461704254
1403905603580284930,negative,0.9627830386161804,-0.3869442045688629,1.8443217277526855
1403905604436037639,negative,1.2429264783859253,-0.7751359343528748,1.6605901718139648
1403905604670873601,neutral,1.3825763463974,0.013496436178684235,1.1845680475234985
1403905605211918336,neutral,1.33967924118042,0.5292521715164185,0.7144580483436584
1403905605547483139,negative,0.8323348760604858,0.08698143064975739,1.2959829568862915
1403905605635645447,negative,1.4300400018692017,-0.3001437783241272,1.4486032724380493
1403905606767972359,negative,1.3422738313674927,-0.271476686000824,1.808385968208313
1403905606956863489,neutral,2.306673765182495,-0.38158661127090454,0.8096886277198792
1403905607392841728,neutral,1.474812388420105,0.2351078987121582,0.9820424318313599
1403905608848449536,negative,0.8323348760604858,0.08698143064975739,1.2959829568862915
1403905608990879747,neutral,0.5301300287246704,0.34152621030807495,0.43748578429222107
1403905609477537800,negative,0.7688723802566528,-1.1010624170303345,3.519810438156128
1403905610702147585,neutral,2.3442294597625732,0.01853197067975998,0.17781196534633636
1403905610802896898,negative,0.7752147912979126,-1.031790852546692,2.8430960178375244
1403905612237344777,negative,1.1069566011428833,-0.4871637523174286,2.0635488033294678
1403905612786941956,neutral,1.704627513885498,-0.2294432520866394,0.7113332748413086
1403905613969559555,neutral,2.0192737579345703,0.3379485011100769,0.4233989417552948
1403905614489657346,neutral,1.9568679332733154,1.3556815385818481,-0.5538036823272705
1403905615261581315,neutral,2.543001890182495,1.0240801572799683,-0.16154247522354126
1403905616171597829,neutral,2.666249990463257,0.8266769647598267,-0.41979941725730896
1403905616179982343,neutral,1.1891783475875854,-0.2635117471218109,0.7630718350410461
1403905616251211776,negative,1.0031802654266357,-0.24592962861061096,2.180208921432495
1403905617958522886,positive,0.29064661264419556,0.9189636707305908,0.6459389925003052
1403905617979351041,negative,0.6030233502388,0.7765265107154846,1.3150120973587036
1403905619355123718,neutral,1.6855963468551636,-0.5888006091117859,1.4253466129302979
1403905619573186563,neutral,1.6210858821868896,-0.2562905251979828,0.49577534198760986
1403905619979948034,neutral,1.6147478818893433,1.3688303232192993,0.22024022042751312
1403905620647059459,negative,0.9748833775520325,-1.1192153692245483,2.882169485092163
1403905620881805315,neutral,3.6114110946655273,2.2948360443115234,-1.2063250541687012
1403905621091618819,negative,1.4396209716796875,-0.03735414892435074,1.5953599214553833
1403905622286868486,negative,1.3246393203735352,-0.03138935565948486,1.41816246509552
1403905622391898113,neutral,2.568883180618286,1.129800796508789,-0.2209995836019516
1403905622689517569,negative,1.3423478603363037,-0.2866097092628479,1.3450887203216553
1403905622907650052,neutral,1.5967814922332764,0.7443785667419434,0.3716402053833008
1403905622995877888,negative,0.5666109919548035,-0.8695405721664429,3.228283166885376
1403905623302053891,neutral,1.6855747699737549,0.37137290835380554,0.3793219327926636
1403905623322943488,negative,1.2766809463500977,-0.6316001415252686,1.744517207145691
1403905623884853254,negative,1.6705220937728882,-0.30803540349006653,1.7488199472427368
1403905624312750083,neutral,1.6855747699737549,0.37137290835380554,0.3793219327926636
1403905624333860867,neutral,1.7931013107299805,0.437136173248291,0.4779464304447174
1403905624417587201,neutral,2.3546388149261475,0.5423972010612488,0.26358574628829956
1403905625210331136,negative,0.6562144756317139,-0.07526697963476181,1.5576775074005127
1403905625390731274,positive,0.5587743520736694,1.1431124210357666,1.0851597785949707
1403905626019962881,neutral,1.752751111984253,-0.21051618456840515,1.0098350048065186
1403905626619613195,neutral,1.6855747699737549,0.37137290835380554,0.3793219327926636
1403905626850267137,negative,1.600744605064392,-1.2062617540359497,3.0223491191864014
1403905627718438912,neutral,1.9266473054885864,-0.6307058930397034,1.599908709526062
1403905627756265481,neutral,1.7621879577636719,1.3095176219940186,0.21315890550613403
1403905628398096385,neutral,2.468266487121582,1.7427260875701904,-0.1937399059534073
1403905629199257601,negative,0.9111855030059814,0.48194950819015503,1.7312201261520386
1403905629454884866,neutral,2.020301342010498,0.27569279074668884,0.5323390960693359
1403905629626912770,negative,0.5465314388275146,0.11018376052379608,1.5386964082717896
1403905630356881409,negative,1.552627682685852,-1.2805887460708618,2.9628617763519287
1403905630667083776,negative,0.9286389350891113,-0.4300099313259125,2.273857593536377
1403905631296233474,positive,2.0592246055603027,3.703709602355957,-0.8232370018959045
1403905631828865025,negative,1.1343169212341309,-1.4710301160812378,3.9389607906341553
1403905632441278468,positive,1.107398271560669,1.1150654554367065,0.06697805970907211
1403905632764235776,neutral,3.0300405025482178,1.7495307922363281,-0.859886109828949
1403905633288601605,neutral,1.6855747699737549,0.37137290835380554,0.3793219327926636
1403905633318014981,positive,1.0659173727035522,1.7168433666229248,-0.2542877495288849
1403905633556987904,negative,0.861011803150177,0.038508329540491104,1.8271986246109009
1403905634123206656,negative,0.4313450753688812,-0.30939602851867676,2.1744861602783203
1403905634295238660,neutral,2.3466405868530273,1.9072693586349487,-0.6090697646141052
1403905634756706308,negative,1.1920685768127441,-1.3170809745788574,3.3379673957824707
1403905635008253953,neutral,1.8835498094558716,0.8888719081878662,0.3805510997772217
1403905635276763137,neutral,1.7813754081726074,-0.17530369758605957,0.03375012055039406
1403905635503194115,negative,0.7041375041007996,-0.29041382670402527,1.6882777214050293
1403905636811878402,positive,2.1519806385040283,2.2902824878692627,-0.7572478652000427
1403905637050896386,neutral,3.530146598815918,1.6300079822540283,-1.0650413036346436
1403905637122154500,negative,1.5462321043014526,-0.9039552807807922,1.93699049949646
1403905637537386497,neutral,1.645639181137085,0.20833003520965576,1.558029055595398
1403905637889626112,negative,0.6030233502388,0.7765265107154846,1.3150120973587036
1403905639064113162,neutral,1.9425569772720337,0.2775419354438782,0.6770303845405579
1403905640876036096,neutral,1.6626203060150146,0.17032310366630554,0.35817041993141174
1403905641471787009,negative,0.45649638772010803,-0.8170602917671204,3.7533462047576904
1403905641786142720,negative,1.006356954574585,0.8619821071624756,1.1012446880340576
1403905641786318851,neutral,1.610728144645691,1.3471002578735352,0.015460249967873096
1403905641924681734,neutral,1.6796365976333618,0.7983779907226562,-0.46847522258758545
1403905643229024257,neutral,1.5887949466705322,0.10555635392665863,0.8816978931427002
1403905643971432451,negative,0.9466049671173096,-0.7996187806129456,2.5289080142974854
1403905643996618754,neutral,1.2129722833633423,0.5856940150260925,1.0223888158798218
1403905644021776386,negative,0.21872547268867493,-0.6743940711021423,2.7465381622314453
1403905644525064193,neutral,0.9613631367683411,0.1567240059375763,0.08875051885843277
1403905645447761920,neutral,1.719543218612671,-0.49991080164909363,1.061262607574463
1403905646181847044,neutral,1.1962347030639648,1.108457326889038,-0.05680857598781586
1403905646542610440,neutral,0.7636217474937439,0.49377569556236267,0.2429913431406021
1403905647062634500,positive,2.3379032611846924,2.525219678878784,-0.6998003721237183
1403905647574278147,neutral,1.752751111984253,-0.21051618456840515,1.0098350048065186
1403905649029824515,neutral,1.6855747699737549,0.37137290835380554,0.3793219327926636
1403905649264795653,negative,1.1103590726852417,-0.39401009678840637,1.985113263130188
1403905649797337094,neutral,1.8891880512237549,0.5245234370231628,0.5609524250030518
1403905650376253441,neutral,1.7548258304595947,-0.23096832633018494,0.9973955154418945
1403905650468397057,neutral,1.6156479120254517,1.003430962562561,0.961084246635437
1403905650636165120,negative,0.8112051486968994,-0.9982882142066956,2.6071159839630127
1403905650762072071,neutral,2.2115252017974854,1.5325831174850464,-0.4545229971408844
1403905650950762496,neutral,2.2766778469085693,1.4570930004119873,1.0434433221817017
1403905651810525184,neutral,1.997269630432129,0.5990723967552185,0.36160528659820557
1403905652217372680,neutral,1.9451569318771362,1.6018391847610474,-0.1362076997756958
1403905652242759685,positive,0.8640181422233582,1.1213823556900024,0.7680953145027161
1403905653521879041,negative,1.1085022687911987,-0.409771203994751,2.2873876094818115
1403905653719003139,neutral,1.997269630432129,0.5990723967552185,0.36160528659820557
1403905653781852161,neutral,2.4164466857910156,-0.7949526906013489,1.5002025365829468
1403905654440538113,negative,0.9255976676940918,-1.095427393913269,3.6049671173095703
1403905654746750981,negative,1.4180809259414673,-0.9168719053268433,1.8428053855895996
1403905654864191494,neutral,1.7792507410049438,-0.33318501710891724,0.6574735045433044
1403905655161856007,neutral,1.6855744123458862,0.37137284874916077,0.37932196259498596
1403905656852078597,neutral,1.3338220119476318,0.9567154049873352,0.40739285945892334
1403905657011593221,neutral,1.9147762060165405,-0.7280219197273254,1.6810380220413208
1403905657145741318,neutral,1.0847060680389404,0.0515453927218914,0.5709734559059143
1403905657221255168,neutral,2.0091798305511475,-1.066345453262329,1.8070611953735352
1403905658030899206,neutral,1.9274386167526245,-0.1654486358165741,0.9127358198165894
1403905659754762242,neutral,1.6855747699737549,0.37137290835380554,0.3793219327926636
1403905659851132932,negative,1.600744605064392,-1.2062617540359497,3.0223491191864014
1403905659872059393,negative,1.3328378200531006,-1.1997720003128052,3.0109009742736816
1403905660895600644,neutral,2.1617162227630615,-1.0657998323440552,2.0157408714294434
1403905660996096000,neutral,2.1137185096740723,-0.31246140599250793,0.9080590605735779
1403905661944086528,negative,1.5408530235290527,-0.8532480001449585,2.250683307647705
1403905662422175747,neutral,2.325671434402466,0.9404010772705078,0.12164540588855743
1403905662501851136,negative,0.45649638772010803,-0.8170602917671204,3.7533462047576904
1403905662543818754,negative,1.2667557001113892,-0.2920339107513428,1.761719822883606
1403905662560587776,negative,0.787850558757782,-0.18353751301765442,2.2676961421966553
1403905663093252100,positive,2.2271289825439453,3.158660650253296,-1.025310754776001
1403905663277973505,negative,1.4369874000549316,-0.601585328578949,1.7002917528152466
1403905663407902721,negative,1.4676975011825562,-0.9921743869781494,2.338759422302246
1403905664766775304,neutral,1.8104989528656006,0.4971761107444763,1.2689074277877808
1403905665014272002,positive,0.9283891320228577,1.9191175699234009,0.5223250985145569
1403905665240686593,neutral,1.0847060680389404,0.0515453927218914,0.5709734559059143
1403905665563824132,negative,1.2063510417938232,-1.0592036247253418,2.2024595737457275
1403905666004176897,neutral,2.674621820449829,0.6003990173339844,-0.0644645020365715
1403905666344001541,neutral,3.654932737350464,1.985751748085022,-1.2636533975601196
1403905666478182400,negative,0.34318307042121887,0.14781935513019562,0.7002591490745544
1403905667325476865,neutral,2.6082844734191895,1.7056593894958496,-0.612944483757019
1403905667354726403,positive,0.3402552306652069,2.94987154006958,0.060002267360687256
1403905667455361027,negative,1.5843970775604248,-0.2284621298313141,1.7400370836257935
1403905667556065280,negative,0.7449336051940918,0.22729700803756714,1.3791593313217163
1403905669204414464,negative,0.29870349168777466,0.36362746357917786,0.5064343810081482
1403905669355421698,negative,1.1668771505355835,0.22547313570976257,1.540041208267212
1403905670278107143,negative,0.6666465997695923,-0.01169973611831665,1.506199598312378
1403905670299078657,negative,1.4300144910812378,-0.6023060083389282,2.368753433227539
1403905670445891592,positive,1.0198297500610352,1.7706843614578247,0.7680262327194214
1403905670512971776,negative,1.4350993633270264,-0.6356616020202637,1.72731351852417
1403905670592741376,neutral,1.744519591331482,-0.42177483439445496,-0.15350905060768127
1403905670609522694,neutral,1.895522117614746,-0.6867144703865051,1.520538330078125
1403905670617858048,neutral,1.688421368598938,0.013349853456020355,0.9880803227424622
1403905670886342658,negative,0.7834640145301819,0.32575473189353943,1.5231664180755615
1403905671087591428,neutral,1.8891880512237549,0.5245234370231628,0.5609524250030518
1403905671662297090,neutral,1.4214915037155151,0.3286350667476654,0.8487671613693237
1403905671884677127,negative,0.6960824728012085,-0.5250262022018433,2.551091432571411
1403905672136196096,negative,1.036557912826538,-0.6296298503875732,3.074786901473999
1403905672488669189,neutral,1.283467411994934,0.6245235800743103,0.5225709080696106
1403905673201479680,neutral,1.8453186750411987,-0.7528729438781738,1.447109580039978
1403905673406996485,neutral,2.1083836555480957,0.8373886942863464,0.2986060082912445
1403905673570578433,negative,0.9028709530830383,-0.366254985332489,1.8749768733978271
1403905674149511171,positive,0.334380179643631,0.4339798390865326,0.0591181255877018
1403905674258518018,negative,1.3783894777297974,0.08099622279405594,1.7644766569137573
1403905674942160902,neutral,1.1201436519622803,0.4443364441394806,0.2529602348804474
1403905675097350150,neutral,2.0336594581604004,-0.2897998094558716,1.253320574760437
1403905675235786758,negative,0.3373771011829376,0.03524298593401909,2.365299940109253
1403905675252559877,negative,1.3231056928634644,-1.2230225801467896,2.717540979385376
1403905675995062274,neutral,1.6156479120254517,1.003430962562561,0.961084246635437
1403905676263444486,negative,0.6105055809020996,-1.1098781824111938,3.15604305267334
1403905677630738432,neutral,1.928741455078125,-0.4432072341442108,1.2424026727676392
1403905679467892740,neutral,1.5426079034805298,0.5317460298538208,0.2307034283876419
1403905679522467846,negative,0.8569149971008301,-0.9365124106407166,3.5197091102600098
1403905680025784320,negative,1.391652226448059,0.024219021201133728,1.764966368675232
1403905680252211204,negative,1.1634629964828491,0.45802631974220276,1.4192317724227905
1403905680445038592,neutral,2.306673765182495,-0.38158661127090454,0.8096886277198792
1403905680847736833,neutral,1.2670648097991943,0.7379646301269531,0.949751079082489
1403905681015537665,neutral,1.836553692817688,0.7051287293434143,1.1164264678955078
1403905681581740034,neutral,1.5499882698059082,0.46280962228775024,0.6210601329803467
1403905681950875652,neutral,2.573491334915161,0.4968349039554596,0.3268836438655853
1403905683813068800,neutral,3.530146598815918,1.6300079822540283,-1.0650413036346436
1403905684756852739,neutral,1.6570427417755127,0.32715320587158203,0.4058573544025421
1403905684920434692,neutral,1.5833393335342407,0.3938926160335541,0.8823683261871338
1403905685277052930,neutral,2.319657564163208,0.3327884376049042,0.15857043862342834
1403905685448953858,negative,0.9689024686813354,-1.3469645977020264,3.6422386169433594
1403905685775998981,positive,1.8551087379455566,4.821041584014893,-1.4806849956512451
1403905685822205958,negative,1.5462321043014526,-0.9039552807807922,1.93699049949646
1403905687147597825,neutral,1.6522278785705566,0.18772006034851074,0.7149661183357239
1403905688083042311,neutral,1.5109041929244995,1.369744062423706,0.20777390897274017
1403905689647464451,neutral,1.8320475816726685,-0.16447994112968445,0.9019478559494019
1403905690012459009,neutral,1.1597986221313477,0.7530538439750671,0.8814566135406494
1403905690066948097,neutral,1.6914397478103638,-0.3786208927631378,1.2824809551239014
1403905690142314506,negative,1.5601917505264282,-0.920825183391571,1.8033841848373413
1403905691094454274,negative,1.286249041557312,-0.6364784836769104,1.9506028890609741
1403905691912339458,negative,1.3814573287963867,-1.2283660173416138,2.893306016921997
1403905692445065217,negative,0.3742237389087677,-0.7208787798881531,2.9096155166625977
1403905692969361411,neutral,1.874528408050537,0.8338389992713928,0.3261697292327881
1403905693074219008,positive,0.665419340133667,0.7275207042694092,-0.020742135122418404
1403905693451620357,positive,0.10881286859512329,1.0440988540649414,0.45255979895591736
1403905694030614529,neutral,2.1542067527770996,1.5871350765228271,-0.008413257077336311
1403905694613471239,neutral,2.8238840103149414,1.9109939336776733,-0.9856557846069336
1403905694747828225,neutral,1.496254324913025,0.11732082813978195,0.5050767064094543
1403905694772903937,negative,0.5666109323501587,-0.8695406913757324,3.228282928466797
1403905695057997825,negative,1.7535121440887451,-0.9861242175102234,2.265652656555176
1403905695083270144,neutral,1.0301942825317383,-0.007535979151725769,1.00888991355896
1403905695229960196,negative,0.7987222671508789,-1.0458180904388428,3.489133596420288
1403905695292936195,neutral,1.365983247756958,-0.026248805224895477,1.3223859071731567
1403905695297142788,neutral,2.8217248916625977,0.025734826922416687,0.5355104804039001
1403905695548837890,neutral,2.118499517440796,0.1276477575302124,0.6007706522941589
1403905695628468229,neutral,1.5054506063461304,0.2830355763435364,1.4224108457565308
1403905697968963586,positive,0.24194462597370148,0.9218271970748901,0.6420595049858093
1403905698761560067,negative,0.19988477230072021,0.957362711429596,1.1005593538284302
1403905698916749316,neutral,2.4621315002441406,0.010886162519454956,0.2916152775287628
1403905702465310722,negative,0.9826698899269104,-1.4008198976516724,4.260150909423828
1403905702859468803,neutral,1.541127324104309,0.19630587100982666,0.9973028898239136
1403905704637894658,negative,0.6348585486412048,-0.8351643681526184,3.068899631500244
1403905704726089735,neutral,1.427805781364441,0.47206827998161316,-0.1487279087305069
1403905704759463948,negative,1.00217604637146,-0.6639184355735779,2.636202812194824
1403905705443266561,neutral,2.7398147583007812,1.3885536193847656,-0.49163269996643066
1403905705497829377,neutral,2.7398147583007812,1.3885536193847656,-0.49163269996643066
1403905706600718341,negative,0.9180055856704712,-0.1478126347064972,1.9133461713790894
1403905706726621187,negative,0.7314846515655518,-1.363416075706482,3.9688634872436523
1403905707041345537,neutral,2.2815916538238525,-0.6575533747673035,1.249230980873108
1403905707221471236,positive,0.9147709608078003,1.4602659940719604,0.4490632712841034
1403905707888365569,neutral,1.474812388420105,0.2351079285144806,0.9820424318313599
1403905707993288705,negative,1.0542383193969727,-0.756189227104187,2.8562676906585693
1403905708484038657,neutral,1.5453425645828247,-0.11747301369905472,1.2960381507873535
1403905708760834053,negative,1.281044840812683,0.2873646914958954,1.3189738988876343
1403905710560325635,negative,1.1966217756271362,-0.03894075006246567,1.361022710800171
1403905711180980231,negative,1.6757272481918335,-1.1267354488372803,2.5844032764434814
1403905711336169475,negative,1.3094537258148193,-0.3152199387550354,1.3259633779525757
1403905712057720834,neutral,2.774357318878174,2.7581851482391357,-0.9261276721954346
1403905712166559754,neutral,2.0391197204589844,-0.25626465678215027,0.8833065032958984
1403905712200196100,neutral,1.1980488300323486,0.5866292715072632,0.9134495854377747
1403905712632131585,negative,0.5643388628959656,0.7294608950614929,0.9722031950950623
1403905714502782979,neutral,1.9754509925842285,0.6076461672782898,0.866696298122406
1403905714695720965,neutral,3.9973089694976807,2.506751298904419,-1.8122957944869995
1403905715400364032,positive,1.4642181396484375,2.838845729827881,-0.2402624636888504
1403905715832385541,neutral,1.9668138027191162,-0.5204890966415405,1.6958386898040771
1403905716398735366,neutral,1.8933868408203125,1.2485102415084839,0.4841426908969879
1403905716977508368,negative,1.2213279008865356,-1.2218204736709595,3.125633716583252
1403905717728317441,negative,0.9983008503913879,-0.4470609128475189,2.2801923751831055
1403905718739255302,neutral,1.6682673692703247,0.5788005590438843,0.5153068900108337
1403905719527694337,neutral,1.555951476097107,0.9688066244125366,0.18715287744998932
1403905720374939648,negative,1.653664231300354,-0.9171727299690247,1.9001153707504272
1403905720538468355,neutral,1.474812388420105,0.2351078987121582,0.9820424318313599
1403905720634986496,positive,0.5991255640983582,0.919765830039978,0.8130488395690918
1403905721914171393,negative,1.478581428527832,-1.2356950044631958,3.0750324726104736
1403905721977147397,neutral,2.0674970149993896,0.26404350996017456,1.0155397653579712
1403905721985609729,negative,1.4937011003494263,-1.2051976919174194,3.207880973815918
1403905722841141252,neutral,2.8798654079437256,1.158928394317627,0.42635592818260193
1403905723373740032,neutral,1.0560226440429688,0.8889273405075073,-0.0658380463719368
1403905724095229955,negative,0.9748833775520325,-1.1192153692245483,2.882169485092163
1403905724678299651,positive,1.4238394498825073,2.1753571033477783,0.11561030149459839
1403905725529616392,negative,0.7932791709899902,0.4599398076534271,1.9785068035125732
1403905725655621637,neutral,2.1617162227630615,-1.0657998323440552,2.0157408714294434
1403905726012084224,positive,0.9053093194961548,1.038500189781189,0.49600791931152344
1403905726179725312,positive,0.14651833474636078,3.0545082092285156,-0.043628714978694916
1403905726230282242,negative,1.1668771505355835,0.22547313570976257,1.540041208267212
1403905726611820544,positive,1.5306636095046997,1.9319593906402588,-0.1328679770231247
1403905726721015811,neutral,1.5637258291244507,0.1451866626739502,1.3043696880340576
1403905727035551747,negative,0.9454046487808228,-0.12301570922136307,1.6644508838653564
1403905727228481539,neutral,3.116283655166626,1.1959278583526611,-0.45118823647499084
1403905727966580739,neutral,2.6346263885498047,0.6421428322792053,0.06757070869207382
1403905728109182976,neutral,1.8319504261016846,-0.47444507479667664,1.180534839630127
1403905729287778307,neutral,1.8167301416397095,-0.7457254528999329,1.4744458198547363
1403905729380163591,negative,1.600744605064392,-1.2062617540359497,3.0223491191864014
1403905729438928899,negative,1.0680075883865356,-0.9259784817695618,2.943171739578247
1403905730344898566,neutral,1.8891880512237549,0.5245234370231628,0.5609524250030518
1403905731926147078,neutral,1.3139034509658813,0.5062587857246399,-0.5010612607002258
1403905732240580609,neutral,1.6441446542739868,-0.5100817084312439,1.4364488124847412
1403905732446064640,negative,1.4455946683883667,-1.2986472845077515,3.4714300632476807
1403905733494816773,positive,1.024407982826233,1.735372543334961,-0.20390503108501434
1403905734262337541,neutral,3.4404375553131104,3.32901668548584,-1.1943929195404053
1403905734329438211,negative,1.2544664144515991,-0.6361437439918518,2.0387351512908936
1403905734568419328,negative,0.7078351378440857,0.2557946443557739,1.5487014055252075
1403905735470223365,negative,0.557242214679718,-0.5783839821815491,2.882697343826294
1403905735725961218,neutral,2.0965383052825928,0.6666526794433594,0.6154759526252747
1403905737537953793,negative,1.0961674451828003,0.18747934699058533,1.1253541707992554
1403905737668104205,neutral,1.3785274028778076,0.36686044931411743,0.5407604575157166
1403905738251157506,neutral,2.3061580657958984,0.5227155089378357,0.32168158888816833
1403905738439749633,neutral,1.7492588758468628,-0.49763521552085876,0.932269275188446
1403905738477559809,neutral,1.0301942825317383,-0.007535979151725769,1.00888991355896
1403905738880155653,positive,0.47212842106819153,2.676690101623535,-0.14396576583385468
1403905739006132228,negative,1.0304484367370605,-0.8581323027610779,2.982595682144165
1403905739949756421,neutral,2.306673765182495,-0.38158661127090454,0.8096886277198792
1403905741149270017,neutral,1.6855747699737549,0.37137290835380554,0.3793219327926636
1403905741589827588,positive,0.9041130542755127,4.344820499420166,-0.8116863369941711
1403905742411907072,neutral,1.5385280847549438,0.8564227819442749,0.10642799735069275
1403905742743216128,neutral,2.2925119400024414,1.2028154134750366,0.0537722110748291
1403905743024238592,negative,1.1634629964828491,0.45802631974220276,1.4192317724227905
1403905743426818056,neutral,1.4214915037155151,0.3286350667476654,0.8487671613693237
1403905743720382464,neutral,2.8217248916625977,0.025734826922416687,0.5355104804039001
1403905743909101572,neutral,2.6163887977600098,1.7948633432388306,-0.3423825204372406
1403905744483852288,negative,0.8323348760604858,0.08698143064975739,1.2959829568862915
1403905744915808260,negative,0.4670921266078949,-0.5756112933158875,2.564195394515991
1403905745196916738,neutral,2.2423043251037598,0.26988229155540466,0.22096635401248932
1403905745339494401,negative,0.5666109919548035,-0.8695405721664429,3.228283166885376
1403905745532329984,neutral,1.0301944017410278,-0.007536008954048157,1.00888991355896
1403905745544904708,neutral,2.1840622425079346,0.22497934103012085,0.5183029174804688
1403905745708630016,neutral,1.997269630432129,0.5990723967552185,0.36160528659820557
1403905746333442048,neutral,1.4876717329025269,0.7120611071586609,-0.0873529314994812
1403905746497150976,neutral,1.2398631572723389,-0.32523733377456665,0.683409571647644
1403905746601857024,negative,1.0223339796066284,-0.5903393626213074,2.1578962802886963
1403905746862022659,neutral,1.655745267868042,0.5212510228157043,0.6115459203720093
1403905746882998275,neutral,1.6214871406555176,0.3073577582836151,0.3893382251262665
1403905747402969091,neutral,1.4224352836608887,0.4647752344608307,0.6609458923339844
1403905747453288465,neutral,1.5366637706756592,-0.4920978844165802,1.507688045501709
1403905747797245958,neutral,1.1891783475875854,-0.2635117471218109,0.7630718350410461
1403905748350996487,neutral,1.4229918718338013,0.14186979830265045,1.2552902698516846
1403905748640231427,neutral,3.530146598815918,1.6300078630447388,-1.0650413036346436
1403905749047070723,negative,0.979088544845581,-0.24818122386932373,1.3384644985198975
1403905749089193984,neutral,1.1316875219345093,0.515488862991333,1.054953694343567
1403905749198295040,neutral,1.2173993587493896,0.1836491972208023,1.204661250114441
1403905751291027456,neutral,1.6570427417755127,0.32715320587158203,0.4058573544025421
1403905752113192963,positive,1.7166826725006104,3.4106080532073975,-1.2392313480377197
1403905753304363013,negative,1.0450985431671143,1.1726081371307373,1.2009975910186768
1403905754545889284,positive,1.3248229026794434,3.3609321117401123,-0.7989392280578613
1403905754566828041,neutral,1.6281852722167969,1.0771753787994385,0.373862624168396
1403905754789298178,positive,1.2978863716125488,4.114710330963135,-1.0042425394058228
1403905755497988096,positive,1.2384381294250488,2.383713960647583,0.1360115259885788
1403905756760621065,neutral,1.409034252166748,-0.26521536707878113,1.23891282081604
1403905756768899072,neutral,1.6855747699737549,0.37137290835380554,0.3793219327926636
1403905757238775812,negative,0.6740461587905884,-0.3190324604511261,1.162844181060791
1403905758152908800,neutral,1.6740816831588745,-0.23541858792304993,0.9157800674438477
1403905759516135430,neutral,3.028911828994751,2.2201380729675293,-0.9972900152206421
1403905760057184261,negative,1.2437446117401123,-0.9459221959114075,2.3908088207244873
1403905760606699528,neutral,1.5426079034805298,0.5317460298538208,0.2307034283876419
1403905760942120960,negative,1.4070522785186768,-0.9250665307044983,1.9019064903259277
1403905761030311938,neutral,1.7182996273040771,1.4758731126785278,-0.3173343539237976
1403905761504206851,negative,0.45649638772010803,-0.8170602917671204,3.7533462047576904
1403905761604894724,neutral,2.4356508255004883,-0.07682553678750992,0.6959127187728882
1403905762364166148,negative,1.4899944067001343,-1.1904056072235107,2.6518466472625732
1403905762368266242,neutral,2.3056647777557373,1.5519624948501587,0.4113130569458008
1403905762800242698,negative,0.9466049671173096,-0.7996187806129456,2.5289080142974854
1403905763093880836,neutral,1.474812388420105,0.2351078987121582,0.9820424318313599
1403905763542814722,neutral,1.6855747699737549,0.37137290835380554,0.3793219327926636
1403905764360589313,negative,1.5548311471939087,-0.034595079720020294,1.639854073524475
1403905764373143553,neutral,2.327516555786133,0.3943485915660858,0.4376193881034851
1403905764457025538,negative,0.7822789549827576,-0.26482000946998596,2.202199935913086
1403905764607987712,negative,1.6166799068450928,-1.2561655044555664,2.888909339904785
1403905764973031428,neutral,1.6855747699737549,0.37137290835380554,0.3793219327926636
1403905765761372166,negative,1.1920713186264038,-0.8772754073143005,2.0515191555023193
1403905765816025089,negative,0.9898883700370789,-0.12409044057130814,1.5635602474212646
1403905766206099456,negative,1.391652226448059,0.024219021201133728,1.764966368675232
1403905766558289924,neutral,1.4929665327072144,0.4739658534526825,0.17955005168914795
1403905767032328197,positive,2.5130650997161865,3.2559947967529297,-1.1457133293151855
1403905767191855104,negative,1.132680058479309,-1.0203335285186768,2.2696826457977295
1403905767393087491,neutral,1.1690962314605713,1.1565934419631958,0.6226914525032043
1403905767917379590,negative,0.2341751903295517,-0.4726972281932831,2.459348678588867
1403905768773066752,neutral,1.550555944442749,-0.33269500732421875,1.1865290403366089
1403905770132021248,neutral,2.129903793334961,1.4463332891464233,0.41453680396080017
1403905770190561288,positive,1.3412387371063232,3.072563409805298,0.02164340950548649
1403905771725799428,neutral,1.4454050064086914,-0.5654826164245605,1.3894476890563965
1403905771738472449,positive,0.9709986448287964,2.7993459701538086,-0.554661750793457
1403905772237561856,negative,1.9760444164276123,-1.1435997486114502,2.0983781814575195
1403905772254281729,neutral,1.8445197343826294,0.2366166114807129,0.8432996869087219
1403905772874964995,neutral,1.8891880512237549,0.5245234370231628,0.5609524250030518
1403905773563002893,neutral,1.2030830383300781,0.06615874171257019,1.1198924779891968
1403905774967934980,neutral,1.7866573333740234,0.14468921720981598,1.0091958045959473
1403905776641396738,neutral,1.0623152256011963,1.0480133295059204,0.8996623754501343
1403905776901443589,positive,0.7883694767951965,1.0927107334136963,0.7166287302970886
1403905776914026496,neutral,1.3571245670318604,0.3670676350593567,0.13290390372276306
1403905777912406017,neutral,1.7659844160079956,-0.44653019309043884,1.4973394870758057
1403905778113724417,neutral,1.4421472549438477,0.24456250667572021,1.0558222532272339
1403905778453385221,negative,0.8397283554077148,-1.1092153787612915,3.5780041217803955
1403905780626034695,neutral,1.3507987260818481,1.1153149604797363,0.05283571779727936
1403905781032919041,neutral,1.6930660009384155,0.8624696731567383,0.06549519300460815
1403905781079199746,positive,1.3537778854370117,1.4468860626220703,-0.7153021097183228
1403905781519458310,negative,1.4559662342071533,-0.8234662413597107,1.890788197517395
1403905781846532096,neutral,2.132467746734619,0.11342844367027283,0.5977696776390076
1403905783503351811,negative,1.0984224081039429,-0.5906050205230713,1.9224919080734253
1403905784161918978,negative,1.1855242252349854,0.6071971654891968,1.6171375513076782
1403905784585412611,negative,1.286249041557312,-0.6364784836769104,1.9506028890609741
1403905784652521474,neutral,1.5753211975097656,0.06815560162067413,0.2914401888847351
1403905786573594631,negative,1.391652226448059,0.024219021201133728,1.764966368675232
1403905786804273157,negative,1.1934726238250732,-1.1040271520614624,2.713010311126709
1403905787060125702,positive,1.685198426246643,3.039599895477295,-0.5585664510726929
1403905787278376961,neutral,2.322033643722534,0.8155692219734192,0.12140557914972305
1403905787504726017,negative,0.8609669208526611,-0.008003927767276764,2.1400656700134277
1403905788159090689,neutral,1.6855747699737549,0.37137290835380554,0.3793219327926636
1403905789362835462,negative,1.249825358390808,-1.197953701019287,3.11466646194458
1403905789517987843,neutral,2.549631357192993,0.516819417476654,0.10533689707517624
1403905789996142593,negative,1.8239589929580688,-0.8464726805686951,2.1721243858337402
1403905790428188673,positive,1.4489885568618774,1.6204357147216797,0.09375883638858795
1403905791095197701,negative,0.9399656057357788,-0.2664261758327484,2.9273438453674316
1403905791153696771,neutral,1.4324649572372437,0.27195507287979126,0.5691353678703308
1403905791204245507,neutral,1.3822154998779297,0.039972931146621704,1.2649226188659668
1403905791468314624,neutral,1.6855747699737549,0.37137290835380554,0.3793219327926636
1403905791489306629,negative,0.45649638772010803,-0.8170602917671204,3.7533462047576904
1403905791527161860,neutral,2.319335699081421,0.7544784545898438,-0.09611699730157852
1403905791682224135,neutral,1.555951476097107,0.9688064455986023,0.18715286254882812
1403905792571428868,neutral,2.1832115650177,1.3436704874038696,-0.04675917327404022
1403905792617635849,neutral,1.2614600658416748,0.501447856426239,-0.05992642790079117
1403905794811129856,neutral,1.0847060680389404,0.0515453927218914,0.5709734559059143
1403905795830521860,neutral,1.5822782516479492,0.37594863772392273,0.556043803691864
1403905796023353345,negative,1.0136820077896118,-1.201001763343811,3.914323329925537
1403905796509945856,neutral,1.7195978164672852,0.7303454279899597,1.0149333477020264
1403905796757458947,neutral,1.1567928791046143,-0.35902485251426697,0.7780006527900696
1403905796912553985,negative,0.5010556578636169,0.42841070890426636,1.0848802328109741
1403905797063540736,neutral,2.4792022705078125,0.22324874997138977,0.2741531729698181
1403905797487202312,neutral,3.118894338607788,1.0340840816497803,-0.157367542386055
1403905798670061568,neutral,2.250077247619629,1.2048708200454712,-0.9007555246353149
1403905798934171654,neutral,1.6869124174118042,1.0567045211791992,0.464560329914093
1403905799211171843,neutral,1.8460904359817505,0.2535838782787323,0.39426741003990173
1403905799315869696,neutral,1.8914539813995361,1.3566040992736816,-0.14689140021800995
1403905799559303174,neutral,1.6156479120254517,1.003430962562561,0.9610843062400818
1403905800205049863,neutral,3.530146598815918,1.6300079822540283,-1.0650413036346436
1403905800582672384,negative,0.6878550052642822,-0.6323789358139038,3.5349738597869873
1403905800695808004,negative,0.6309725642204285,-0.061138398945331573,1.891385555267334
1403905800884654080,neutral,1.8445197343826294,0.2366166114807129,0.8432996869087219
1403905801199263744,negative,0.7545360922813416,-0.07412143796682358,2.2151341438293457
1403905801429782532,positive,2.043691635131836,2.567490577697754,-0.47699713706970215
1403905801488539655,negative,1.398403286933899,-0.633869469165802,2.1814067363739014
1403905801689858051,negative,1.0852570533752441,-1.1752991676330566,3.0253994464874268
1403905801878650880,negative,1.7894514799118042,-0.9604528546333313,1.7997421026229858
1403905802167996420,negative,1.391652226448059,0.024219021201133728,1.764966368675232
1403905802423836676,negative,1.3783894777297974,0.08099622279405594,1.7644766569137573
1403905802566520832,negative,0.9956274032592773,-0.9015327095985413,2.23103404045105
1403905803254259719,neutral,2.0398097038269043,0.6565145254135132,0.08112096041440964
1403905803522744321,negative,1.600744605064392,-1.2062618732452393,3.0223491191864014
1403905803661176833,neutral,1.0847060680389404,0.0515453927218914,0.5709734559059143
1403905804130918405,neutral,2.634141683578491,0.6923635601997375,0.06577390432357788
1403905804361601028,neutral,1.857272982597351,-0.7246646285057068,1.3187161684036255
1403905804558766083,neutral,1.474812388420105,0.2351078987121582,0.9820424318313599
1403905804688781320,negative,1.2605177164077759,-0.9906183481216431,2.631845474243164
1403905804978114560,negative,1.2990728616714478,-0.9619498252868652,2.0980429649353027
1403905805137547266,negative,1.8388811349868774,-1.0376383066177368,2.119652509689331
1403905805167087620,neutral,1.049700379371643,0.7782731056213379,0.7358609437942505
1403905805250818050,neutral,2.1168177127838135,-0.14749747514724731,1.049845814704895
1403905805292769289,negative,1.0850504636764526,-0.3506605923175812,1.7172685861587524
1403905805728899077,negative,1.0653774738311768,-1.0083895921707153,2.5501933097839355
1403905806429409280,positive,1.3119570016860962,2.0947659015655518,-0.3377172350883484
1403905806702100484,negative,0.782666802406311,-0.8277804851531982,3.001147747039795
1403905807410876416,neutral,3.8130037784576416,2.130871057510376,-1.3788182735443115
1403905807830294532,neutral,1.6855747699737549,0.37137290835380554,0.3793219327926636
1403905808505528326,negative,1.2221051454544067,-0.6352683901786804,1.8155165910720825
1403905809470398464,negative,1.0497976541519165,-0.6046470403671265,1.7980879545211792
1403905809713537025,neutral,1.9423866271972656,-0.44457533955574036,1.4123209714889526
1403905810573541379,negative,0.7147200703620911,0.4111350476741791,1.1835253238677979
1403905811211030532,neutral,1.8891880512237549,0.5245234370231628,0.5609524250030518
1403905811475140614,positive,1.6851983070373535,3.039599895477295,-0.5585663914680481
1403905812209168385,positive,2.1112701892852783,3.3505656719207764,-1.0554656982421875
1403905812276269061,negative,0.21050669252872467,0.16855277121067047,0.32583698630332947
1403905812834263045,neutral,1.9247534275054932,-0.8334406018257141,1.6075063943862915
1403905813312200706,neutral,1.8757250308990479,-0.44461193680763245,0.8468249440193176
1403905813597483010,negative,1.171244740486145,-0.7107581496238708,1.948602557182312
1403905813735821314,negative,1.3134132623672485,-0.5762357115745544,1.6616076231002808
1403905814276886534,negative,0.8338199257850647,0.23289921879768372,1.7017583847045898
1403905814595837953,negative,0.9748833775520325,-1.1192153692245483,2.882169485092163
1403905816688619525,positive,1.0588641166687012,1.2791876792907715,0.33850374817848206
1403905816936202242,positive,1.2032885551452637,1.3571631908416748,0.6183735728263855
1403905817192144902,negative,0.7547913789749146,-1.111475944519043,3.4694461822509766
1403905817309376516,neutral,1.4324649572372437,0.27195507287979126,0.5691353678703308
1403905817473163265,negative,1.3323875665664673,-0.29261744022369385,1.5215339660644531
1403905817540243461,neutral,1.4015028476715088,0.5910766124725342,0.8697167038917542
1403905817598902273,neutral,1.8891880512237549,0.5245234370231628,0.5609524250030518
1403905818248941571,negative,1.0304484367370605,-0.8581323027610779,2.982595682144165
1403905818781749250,negative,0.4214422404766083,0.1609913408756256,2.025853157043457
1403905819226394624,positive,0.09802858531475067,2.131786823272705,-0.2140575349330902
1403905819528343553,positive,0.9572504758834839,1.3428466320037842,0.5449373722076416
1403905819859505154,neutral,3.3405723571777344,1.6176939010620117,-0.8151185512542725
1403905820027326472,negative,0.48164403438568115,-1.0267809629440308,3.552769184112549
1403905820597702656,neutral,1.7310504913330078,0.5471150279045105,0.4840288758277893
1403905820845240324,negative,0.9091399312019348,-0.25595685839653015,1.8337440490722656
1403905822095151104,neutral,1.5578473806381226,-0.1643083095550537,1.2072232961654663
1403905823789568004,neutral,1.8259775638580322,-0.7735645174980164,1.5164074897766113
1403905824045473800,neutral,1.8054991960525513,0.6360993385314941,0.5466098189353943
1403905824259383299,neutral,2.684406280517578,1.446541666984558,-0.14942456781864166
1403905824280428548,negative,0.6507300734519958,0.7651801705360413,1.2026195526123047
1403905824876118019,neutral,2.1486620903015137,0.22778967022895813,1.0029038190841675
1403905825241022470,negative,1.4286103248596191,-0.9739815592765808,2.449653148651123
1403905825299570691,neutral,2.2005369663238525,1.4126405715942383,-0.3817777633666992
1403905825362436103,neutral,1.792678713798523,1.4174320697784424,0.14803913235664368
1403905826021011458,negative,1.3783894777297974,0.08099622279405594,1.7644766569137573
1403905826214006788,positive,1.303964376449585,2.1079797744750977,-0.3104720413684845
1403905827283558400,negative,1.2078747749328613,0.012340888381004333,1.82121741771698
1403905827765846018,negative,1.2784026861190796,0.22756338119506836,1.308966875076294
1403905827820511232,negative,0.6084398031234741,-0.28945261240005493,1.2574914693832397
1403905828063637508,neutral,1.2885048389434814,0.4984723925590515,0.12033109366893768
1403905828113948678,neutral,2.5965659618377686,0.2805405557155609,0.205412358045578
1403905828793454592,negative,1.129659652709961,0.11079899966716766,1.3225390911102295
1403905829997219846,negative,1.0922763347625732,0.11134883761405945,1.226385235786438
1403905830219436032,neutral,1.3415054082870483,0.28490811586380005,0.5053858757019043
1403905831083540483,negative,0.4591595232486725,-0.28490015864372253,1.8781180381774902
1403905831112953859,neutral,1.9096288681030273,0.7345576286315918,-0.28178685903549194
1403905831914008579,neutral,2.3341925144195557,1.2727758884429932,-0.31070220470428467
1403905831914123268,neutral,2.212160348892212,-0.0313386470079422,0.8980836868286133
1403905832031383562,negative,1.2811880111694336,-1.3326051235198975,3.4219493865966797
1403905832480382976,neutral,1.2079204320907593,0.627472460269928,0.6209599375724792
1403905832547360776,negative,1.2192953824996948,-0.8829453587532043,2.3152503967285156
1403905832702537732,negative,1.3631954193115234,-0.7136404514312744,2.4238967895507812
1403905833029746688,neutral,1.6855747699737549,0.37137290835380554,0.3793219327926636
1403905833382076417,neutral,1.8445197343826294,0.2366166114807129,0.8432996869087219
1403905833939783688,negative,1.199794054031372,-0.8993455767631531,2.8312976360321045
1403905834388652037,neutral,2.0965383052825928,0.6666526198387146,0.6154758334159851
1403905834460008448,positive,0.5027292370796204,1.9391627311706543,0.64792799949646
1403905834606743558,neutral,0.6305603981018066,0.6164482235908508,0.16563189029693604
1403905835127001092,negative,0.6166504621505737,-0.3106588125228882,2.0093815326690674
1403905835143553024,neutral,3.530146598815918,1.6300079822540283,-1.0650413036346436
1403905835168714752,negative,1.3298670053482056,-0.616705596446991,1.9822144508361816
1403905835965759492,neutral,1.7424707412719727,-0.48000189661979675,1.2558343410491943
1403905836158705667,negative,1.4667176008224487,-0.6887579560279846,2.1541402339935303
1403905836469129220,neutral,1.3313806056976318,-0.23268082737922668,0.9880335330963135
1403905836678852608,negative,1.2623422145843506,-1.2370593547821045,2.9731826782226562
1403905838717177859,neutral,2.5846939086914062,0.6727509498596191,0.35242629051208496
1403905838792679424,negative,1.3231056928634644,-1.2230225801467896,2.717540979385376
1403905839010697218,neutral,2.682202100753784,1.4089128971099854,-0.991032600402832
1403905839040057345,negative,1.5281766653060913,-0.5538482069969177,1.7880184650421143
1403905840717910017,negative,0.6883521676063538,-0.45805439352989197,2.327789068222046
1403905840831078402,neutral,1.803092360496521,1.1286054849624634,0.2917005717754364
1403905840973635591,neutral,2.549631357192993,0.516819417476654,0.10533689707517624
1403905841204498432,negative,0.41794872283935547,0.8852367997169495,1.7965590953826904
1403905841346990084,neutral,2.4753665924072266,0.6565872430801392,-0.133026584982872
1403905842190159875,neutral,2.625272750854492,1.9460139274597168,-0.45461949706077576
1403905842739433472,negative,0.7383865118026733,-0.7142220735549927,2.5790350437164307
1403905842840326145,negative,1.249825358390808,-1.197953701019287,3.11466646194458
1403905844287311872,negative,1.1968269348144531,-0.7322666645050049,2.3703436851501465
1403905844429852678,neutral,1.6855747699737549,0.37137290835380554,0.3793219327926636
1403905844782063622,neutral,2.3341925144195557,1.2727758884429932,-0.31070220470428467
1403905845348368386,negative,1.3328378200531006,-1.1997720003128052,3.0109009742736816
1403905845814038530,neutral,2.134505033493042,-0.5447365045547485,1.0128284692764282
1403905846271041539,neutral,1.365983247756958,-0.026248760521411896,1.3223856687545776
1403905846871052293,neutral,1.9470940828323364,1.5201042890548706,-0.7020072937011719
1403905846921379849,negative,1.2543339729309082,-1.1066972017288208,2.672703981399536
1403905847546232836,neutral,1.3796260356903076,-0.07662763446569443,0.7117829322814941
1403905847567077378,neutral,1.4475141763687134,0.7634913921356201,0.5556398034095764
1403905847789457410,neutral,1.7373532056808472,-0.017367392778396606,1.4273333549499512
1403905847844085760,neutral,1.934395432472229,-0.9678651690483093,1.6347682476043701
1403905847999172609,positive,0.3900090157985687,1.7445825338363647,0.4229884743690491
1403905848401817605,negative,0.9811676144599915,-0.5569222569465637,2.64424467086792
1403905848896757766,neutral,1.6875507831573486,-0.28240692615509033,1.409680724143982
1403905850599673858,negative,1.0625524520874023,0.04992150515317917,1.8608452081680298
1403905851253919750,neutral,2.6567718982696533,0.1695338636636734,0.23241230845451355
1403905851958697985,neutral,1.5630069971084595,0.4669438898563385,0.04490971937775612
1403905851988090885,neutral,1.6975053548812866,0.13352499902248383,0.9626618027687073
1403905852562558980,positive,1.335243582725525,2.0651068687438965,-0.0838293805718422
1403905852571009025,neutral,1.054306149482727,1.0217210054397583,0.705041229724884
1403905854441672705,neutral,1.5108506679534912,0.7267314791679382,0.8967585563659668
1403905854483619843,negative,0.8799241185188293,-0.8937532305717468,2.466006278991699
1403905854596812802,negative,1.6702289581298828,-0.9569341540336609,2.961728811264038
1403905854873784322,neutral,1.785942792892456,0.38465842604637146,1.1396732330322266
1403905855934779396,neutral,1.5824434757232666,0.20389562845230103,0.5083480477333069
1403905857373548549,negative,1.2285282611846924,-0.09177064150571823,1.4777230024337769
1403905857541259266,negative,0.7449336051940918,0.22729700803756714,1.3791593313217163
1403905857604096000,negative,1.4733086824417114,-0.4228123128414154,1.5648266077041626
1403905858250153985,positive,0.7431962490081787,1.8759894371032715,0.20618335902690887
1403905858354954241,negative,0.6044498085975647,-1.0284534692764282,3.1655490398406982
1403905858434600962,neutral,1.9266473054885864,-0.6307058930397034,1.599908709526062
1403905859051311106,negative,0.5666109919548035,-0.8695405721664429,3.228283405303955
1403905859088916483,positive,2.2883830070495605,6.08578634262085,-2.278026580810547
1403905859449655303,neutral,1.8663445711135864,0.9667383432388306,-0.20627066493034363
1403905859718029314,positive,1.186629295349121,1.8379701375961304,-0.05968409776687622
1403905859806109696,neutral,2.3341925144195557,1.2727758884429932,-0.31070220470428467
1403905860053598211,neutral,2.010484218597412,0.28509706258773804,0.4221396744251251
1403905860175208449,neutral,1.7948017120361328,0.5239002704620361,0.35994356870651245
1403905860678696962,negative,0.9748833775520325,-1.1192153692245483,2.882169485092163
1403905860959539201,neutral,1.997269630432129,0.5990723967552185,0.36160528659820557
1403905861181874176,positive,1.685198426246643,3.039599895477295,-0.5585664510726929
1403905861274292227,neutral,2.0398097038269043,0.6565145254135132,0.08112096041440964
1403905861672701955,neutral,1.8289709091186523,0.030883751809597015,1.0262315273284912
1403905861790076929,positive,1.6052265167236328,1.706760287284851,0.010516650974750519
1403905861924229122,neutral,1.0847060680389404,0.0515453927218914,0.5709734559059143
1403905862205382659,neutral,1.3945341110229492,1.0751243829727173,-0.23303939402103424
1403905862523965444,neutral,2.3426003456115723,2.150458574295044,-0.8722795844078064
1403905862637215744,negative,0.7772158980369568,-0.805654764175415,2.2397754192352295
1403905863035670533,negative,1.2383334636688232,0.32430556416511536,1.30977201461792
1403905863203557377,neutral,1.6226497888565063,0.4760969877243042,1.0529265403747559
1403905863962619906,negative,1.2213279008865356,-1.2218204736709595,3.125633716583252
1403905864071741447,neutral,1.83717679977417,1.6725209951400757,-0.45286446809768677
1403905864449228802,neutral,2.0768954753875732,0.43217337131500244,0.1925564557313919
1403905864671584258,neutral,1.6855747699737549,0.37137290835380554,0.3793219327926636
1403905864952475654,neutral,1.7621879577636719,1.3095176219940186,0.21315890550613403
1403905865506193408,neutral,1.633951187133789,0.6189454197883606,-0.6262280941009521
1403905865627865088,negative,1.4357954263687134,-1.1418581008911133,2.2357101440429688
1403905865757851650,negative,1.1857867240905762,-1.2084217071533203,3.279703140258789
1403905865804046337,negative,1.9760444164276123,-1.1435997486114502,2.0983781814575195
1403905865946521604,positive,1.7166826725006104,3.4106080532073975,-1.2392313480377197
1403905866160480257,neutral,1.4835052490234375,-0.4750845730304718,1.079187273979187
1403905866160500736,neutral,1.3138148784637451,-0.048852451145648956,0.9266523718833923
1403905866768674820,positive,1.83217453956604,4.764517307281494,-1.1667699813842773
1403905866848358403,neutral,1.8135885000228882,0.585907518863678,0.727462887763977
1403905868106711042,neutral,2.625272750854492,1.9460139274597168,-0.45461973547935486
1403905868328996866,negative,1.0101886987686157,-0.8434057831764221,2.208207368850708
1403905869155385350,positive,1.2753607034683228,2.0648202896118164,-0.050732553005218506
1403905869214064640,neutral,1.4630985260009766,0.33667030930519104,0.9176418781280518
1403905869679525897,neutral,2.240946054458618,0.9954070448875427,0.16417323052883148
1403905869759188992,neutral,1.0446186065673828,1.0284260511398315,0.703132688999176
1403905869956272132,negative,1.0372343063354492,-0.04167778044939041,1.3668487071990967
1403905870665162755,negative,1.539787769317627,-0.7287258505821228,1.9325472116470337
1403905870774292483,neutral,1.9147762060165405,-0.7280219197273254,1.6810380220413208
1403905870874890243,neutral,1.5936579704284668,-0.7772190570831299,1.3379379510879517
1403905871340457984,neutral,0.8877033591270447,0.49984243512153625,0.5044466257095337
1403905871378255877,neutral,2.212160348892212,-0.0313386470079422,0.8980836868286133
1403905871432740866,neutral,1.997269630432129,0.5990723967552185,0.36160528659820557
1403905871462244352,negative,0.1534932255744934,-0.3483641445636749,1.6754194498062134
1403905871684509701,neutral,1.3342257738113403,0.44242921471595764,1.072310447692871
1403905872070205445,neutral,1.555951476097107,0.9688064455986023,0.18715286254882812
1403905872259133441,neutral,1.0862016677856445,0.7713400721549988,0.20842969417572021
1403905873332912132,negative,0.26373380422592163,0.08723606169223785,1.5674773454666138
1403905873580277762,negative,0.9132504463195801,0.17862576246261597,1.3094075918197632
1403905873735467008,neutral,1.6441446542739868,-0.5100817084312439,1.4364489316940308
1403905874091859971,negative,1.0318317413330078,-0.6427057981491089,1.6042649745941162
1403905874104516612,neutral,1.8709139823913574,0.7854757905006409,0.30547598004341125
1403905874263896066,neutral,1.5456101894378662,0.8146809339523315,0.49344876408576965
1403905876465885184,positive,0.9855874180793762,1.7878390550613403,-0.4390013515949249
1403905877115953153,neutral,1.9260755777359009,-0.39457377791404724,1.0606412887573242
1403905878172995586,negative,1.478581190109253,-1.2356950044631958,3.0750322341918945
1403905878189699074,negative,1.391652226448059,0.024219021201133728,1.764966368675232
1403905878474977280,neutral,1.7757548093795776,0.414730429649353,0.7451025247573853
1403905878529658882,neutral,1.8289709091186523,0.030883751809597015,1.0262315273284912
1403905878722441218,neutral,2.625272750854492,1.9460139274597168,-0.45461973547935486
1403905879917809668,positive,3.3633546829223633,3.944154977798462,-1.552945613861084
1403905879926181889,negative,0.6688698530197144,-0.8119725584983826,2.6970016956329346
1403905881130086403,negative,0.9166181087493896,-0.21369150280952454,1.4905216693878174
1403905882178691075,neutral,1.7022042274475098,-0.013955190777778625,1.5097193717956543
1403905882249891842,neutral,1.7424707412719727,-0.48000189661979675,1.2558343410491943
1403905882379935745,negative,1.007022500038147,-0.463291198015213,2.010762929916382
1403905882451177474,negative,0.9680706262588501,-0.7343919277191162,2.5956692695617676
1403905882543509508,neutral,1.6587616205215454,0.07146228104829788,0.009755214676260948
1403905882841227268,neutral,2.522991895675659,0.2884671986103058,0.2761782109737396
1403905883294339079,neutral,2.1067113876342773,0.1262771040201187,0.8684613704681396
1403905883306958848,neutral,1.5578473806381226,-0.1643083095550537,1.2072232961654663
1403905884040753153,neutral,1.7780550718307495,-0.32790812849998474,0.8943874835968018
1403905884355547139,neutral,1.7030001878738403,1.5447750091552734,0.13829165697097778
1403905884770639873,neutral,1.2698254585266113,0.34966301918029785,0.5562231540679932
1403905884783362048,negative,1.2766809463500977,-0.6316001415252686,1.744517207145691
1403905885265666053,negative,0.5452495813369751,-0.9560417532920837,2.9030604362487793
1403905885492047872,negative,1.9098721742630005,-0.37924131751060486,2.070209503173828
1403905885869539333,neutral,2.7364368438720703,1.4551891088485718,-1.0037434101104736
1403905885936656385,neutral,1.3164955377578735,0.6840081214904785,0.7656933069229126
1403905886146473989,negative,0.6939438581466675,-0.4063788652420044,1.8710476160049438
1403905886830088196,neutral,2.0481011867523193,0.09755012392997742,0.3730238676071167
1403905887362760704,negative,1.3435999155044556,-0.5506651997566223,1.888442873954773
1403905887765372933,neutral,2.1669583320617676,1.0372257232666016,0.10087626427412033
1403905888230854656,positive,2.2432477474212646,2.2634470462799072,-0.47689616680145264
1403905888331591681,negative,1.8029993772506714,-1.0842593908309937,2.1668968200683594
1403905889099128832,positive,1.6981617212295532,2.03885555267334,-0.4019085466861725
1403905889552187394,positive,0.43804535269737244,1.7904605865478516,0.18414653837680817
1403905889749270531,neutral,2.01432466506958,0.6686636805534363,-0.14155983924865723
1403905890479079424,negative,1.6757272481918335,-1.1267354488372803,2.5844032764434814
1403905890680393730,negative,1.0324550867080688,-0.799769937992096,2.5432674884796143
1403905891427028994,positive,0.47412270307540894,2.2054529190063477,-0.08379393070936203
1403905893947817985,negative,0.8094266057014465,-0.3336375653743744,1.8380175828933716
1403905893998206979,negative,1.3235372304916382,0.14094452559947968,1.4069480895996094
1403905894170206213,neutral,1.8167301416397095,-0.7457255125045776,1.4744458198547363
1403905895927480326,negative,1.478581190109253,-1.2356950044631958,3.0750322341918945
1403905896401367043,neutral,1.5337716341018677,0.3833744525909424,1.029435396194458
1403905897353646082,neutral,2.118499517440796,0.1276477426290512,0.6007705926895142
1403905897655685128,negative,1.052313208580017,-0.014551334083080292,1.4599273204803467
1403905898108448768,neutral,2.3341925144195557,1.2727758884429932,-0.3107021450996399
1403905898515505152,negative,0.9958688020706177,-1.0584083795547485,2.7005209922790527
1403905898536448004,positive,1.5883663892745972,5.288882732391357,-1.5945985317230225
1403905899215818754,neutral,2.1109697818756104,0.44990065693855286,0.6390425562858582
1403905899236786179,neutral,1.8410202264785767,-0.5001062154769897,1.7581104040145874
1403905899425505288,neutral,2.05973219871521,1.0296962261199951,-0.14628922939300537
1403905899882639361,neutral,1.742183804512024,-0.42591485381126404,1.424264669418335
1403905900692205568,positive,1.685198426246643,3.039599895477295,-0.5585664510726929
1403905900989980675,negative,0.9929909110069275,-0.7368529438972473,1.9260650873184204
1403905902005030916,neutral,2.003999710083008,0.3973017930984497,0.7307682037353516
1403905902474846209,neutral,1.4329794645309448,-0.2655099034309387,0.7852117419242859
1403905903376674823,neutral,1.0301942825317383,-0.007535979151725769,1.00888991355896
1403905903888371712,neutral,1.8709138631820679,0.7854757905006409,0.3054758310317993
1403905904706211842,negative,1.9760444164276123,-1.1435997486114502,2.0983781814575195
1403905905675153408,neutral,1.6066596508026123,-0.2771206498146057,0.9682875871658325
1403905905821982720,neutral,1.2489399909973145,-0.42908594012260437,1.22775399684906
1403905905939288066,positive,0.07353295385837555,1.7992416620254517,-0.1602136790752411
1403905906455113734,neutral,2.50645112991333,1.4469834566116333,-0.5270969271659851
1403905906971230214,neutral,1.6570427417755127,0.32715320587158203,0.4058573544025421
1403905907080056834,negative,0.4483628273010254,0.37477898597717285,2.3245081901550293
1403905907365351424,neutral,3.1500508785247803,1.9573003053665161,-0.8518576622009277
1403905907445026821,neutral,2.1264126300811768,-0.8504927158355713,1.3406469821929932
1403905907637972992,negative,1.4966171979904175,-1.052073359489441,2.476991653442383
1403905908015603712,neutral,3.530146598815918,1.6300078630447388,-1.0650410652160645
1403905908770447360,negative,0.7090680003166199,-0.8223756551742554,2.554115056991577
1403905910062284803,negative,1.3231056928634644,-1.2230225801467896,2.717540979385376
1403905910632640514,negative,0.9311237931251526,-0.8516455888748169,2.4192421436309814
1403905910813040641,negative,1.1678311824798584,0.09376925975084305,1.3716529607772827
1403905910875910148,negative,1.3094537258148193,-0.3152199685573578,1.3259634971618652
1403905911605846024,neutral,1.4727650880813599,-0.14119026064872742,1.3041187524795532
1403905913136685059,negative,1.2208962440490723,-1.2827014923095703,3.294616937637329
1403905913430421505,negative,1.391652226448059,0.02421901375055313,1.7649662494659424
1403905913455628289,negative,1.391652226448059,0.024219021201133728,1.764966368675232
1403905913610719235,neutral,1.9059752225875854,-0.15479031205177307,1.1048264503479004
1403905914403446787,negative,0.9556258916854858,-0.013231009244918823,1.6918429136276245
1403905914760056839,neutral,2.3341925144195557,1.2727758884429932,-0.3107021152973175
1403905915032461312,positive,2.2432477474212646,2.2634470462799072,-0.47689616680145264
1403905915238064135,negative,0.6697548627853394,-0.7131718993186951,2.961473226547241
1403905915330437120,neutral,2.625272750854492,1.9460139274597168,-0.45461973547935486
1403905915649146883,negative,0.8947703242301941,-0.21060419082641602,1.8376301527023315
1403905915682705411,negative,0.5666109323501587,-0.8695406913757324,3.228283166885376
1403905916970409986,negative,0.3449493944644928,-0.07304706424474716,0.7527229189872742
1403905918971039746,positive,0.28572413325309753,1.8807191848754883,0.22630605101585388
1403905919105191937,positive,3.2312567234039307,4.037605285644531,-1.6776639223098755
1403905919407116288,neutral,1.26771080493927,0.4776516854763031,0.28386276960372925
1403905919512027139,neutral,1.1485973596572876,0.44625261425971985,0.5331194996833801
1403905919541551104,neutral,2.6769564151763916,2.3944640159606934,-0.7139616012573242
1403905920027955204,negative,0.8510072231292725,0.3080205023288727,1.4834656715393066
1403905920455741442,negative,0.9713694453239441,-0.6570956707000732,1.3511768579483032
1403905920967475200,neutral,3.3731296062469482,3.2971441745758057,-1.5068323612213135
1403905921617522694,neutral,1.9154837131500244,0.6574949026107788,0.504140317440033
1403905922250862596,neutral,1.7780550718307495,-0.32790812849998474,0.8943874835968018
1403905922590642183,neutral,2.428318977355957,0.36440205574035645,0.3779109716415405
1403905922762567683,neutral,1.7761486768722534,-0.8047675490379333,1.6028170585632324
1403905923001749507,negative,1.4520832300186157,-0.9253005385398865,1.8771528005599976
1403905924226498560,negative,1.2474524974822998,-0.07370559126138687,1.4860360622406006
1403905924641656838,neutral,2.0612752437591553,0.38131558895111084,0.5703808665275574
1403905926512394242,neutral,2.4799609184265137,0.5016931295394897,0.13923600316047668
1403905927816777730,neutral,2.597214698791504,1.2493007183074951,-0.592707633972168
1403905929557549060,negative,0.9435729384422302,-0.7066946625709534,2.5665080547332764
1403905929993625604,negative,0.8292133808135986,-0.8868036270141602,2.7012858390808105
1403905929993768961,neutral,1.6515562534332275,0.8399951457977295,0.46914005279541016
1403905931029667846,neutral,1.292503833770752,0.5542730689048767,-0.1389121413230896
1403905931470020610,neutral,1.756455659866333,1.6841607093811035,-0.3159254491329193
1403905931528658950,neutral,1.0504798889160156,0.8472657799720764,0.41437414288520813
1403905931897888768,neutral,2.306673765182495,-0.38158661127090454,0.8096886277198792
1403905932271235076,neutral,1.5160698890686035,0.923833429813385,0.7315160632133484
1403905933021913088,negative,1.7818498611450195,-0.8212741017341614,1.791160225868225
1403905933114155009,negative,1.4936494827270508,-0.10193341225385666,1.6975597143173218
1403905933214773248,negative,1.361610770225525,-0.24945828318595886,1.9990198612213135
1403905933542051840,neutral,1.8709139823913574,0.7854757905006409,0.30547598004341125
1403905933961478145,positive,0.864371120929718,2.680816173553467,-0.4183633327484131
1403905934318047233,neutral,1.8696062564849854,-0.3520451486110687,1.1386572122573853
1403905934678577155,neutral,1.374516487121582,-0.18713638186454773,1.2033275365829468
1403905935383355392,neutral,2.077286720275879,2.0228757858276367,-0.5559775829315186
1403905936025128962,neutral,3.118894338607788,1.0340840816497803,-0.157367542386055
1403905936452956161,neutral,1.8741811513900757,1.0669721364974976,-0.09055258333683014
1403905936977059844,neutral,1.4122259616851807,0.6347115635871887,-0.1366230696439743
1403905937740500994,neutral,1.3185033798217773,-0.5589472651481628,0.9697028994560242
1403905938604572673,neutral,1.6441446542739868,-0.5100817084312439,1.4364488124847412
1403905938772299786,neutral,2.3225691318511963,-0.22073662281036377,0.7239462733268738
1403905938898128900,neutral,1.8588625192642212,1.0760546922683716,0.3889116942882538
1403905939347054593,neutral,1.8762493133544922,0.32890546321868896,1.113590955734253
1403905939493765123,neutral,1.6855747699737549,0.37137290835380554,0.3793219327926636
1403905939502206978,negative,1.3307677507400513,-1.1559444665908813,2.896744966506958
1403905940605210629,neutral,1.6751959323883057,0.802076518535614,0.3861604928970337
1403905940647075844,neutral,1.273930311203003,0.4002538025379181,0.5919164419174194
1403905940659781632,neutral,1.2079204320907593,0.627472460269928,0.6209599375724792
1403905941813215238,neutral,2.2931747436523438,-0.48178616166114807,1.23719322681427
1403905942626910208,negative,1.6558846235275269,-0.9418045878410339,2.0927317142486572
1403905942786351105,negative,0.6546242833137512,0.3555877208709717,2.3976991176605225
1403905942853328898,positive,2.7746505737304688,4.085967540740967,-1.6760585308074951
1403905943247728644,neutral,2.0343668460845947,0.4377196729183197,0.36903855204582214
1403905943289491462,neutral,1.8724740743637085,-0.2422274947166443,0.9454084038734436
1403905943948075011,neutral,1.8464107513427734,-0.1274890899658203,1.1486912965774536
1403905945235865601,neutral,1.0462621450424194,0.6415002346038818,0.6163566708564758
1403905945508343810,positive,1.3478370904922485,1.8178298473358154,-0.03009643964469433
1403905945818877969,neutral,1.997269630432129,0.5990723967552185,0.36160528659820557
1403905946393268224,negative,1.0815403461456299,-0.34483155608177185,1.3768945932388306
1403905947962015744,neutral,2.625272750854492,1.9460139274597168,-0.45461973547935486
1403905948159143942,neutral,2.951780319213867,2.0282156467437744,-0.9445971846580505
1403905948817625093,neutral,1.6222120523452759,-0.30987006425857544,1.2465291023254395
1403905949216260101,positive,1.9155386686325073,2.027820110321045,-0.44571635127067566
1403905949899841544,neutral,1.2022515535354614,0.213570237159729,1.1525970697402954
1403905950445092869,neutral,1.6855746507644653,0.37137293815612793,0.37932199239730835
1403905950520528900,negative,1.5961217880249023,-0.6482950448989868,1.7148584127426147
1403905951686668291,neutral,1.6855747699737549,0.37137290835380554,0.3793219327926636
1403905951766224898,negative,1.3231056928634644,-1.2230225801467896,2.717540979385376
1403905951946743808,neutral,1.7394822835922241,1.224674105644226,0.13285689055919647
1403905952688967681,negative,0.7430005073547363,-1.3792999982833862,4.762513637542725
1403905952915599360,positive,1.3822840452194214,2.3697080612182617,-0.7128726840019226
1403905953725100038,neutral,1.4990296363830566,0.06983163952827454,1.1731441020965576
1403905953808846849,negative,1.0287292003631592,0.01291310042142868,1.380726933479309
1403905955977256960,neutral,2.2536559104919434,-0.369768351316452,0.7115568518638611
1403905956233322504,neutral,1.8445197343826294,0.2366166114807129,0.8432996869087219
1403905956761804803,negative,1.2130874395370483,-0.1163826659321785,1.5395174026489258
1403905956841287685,negative,0.8947703838348389,-0.21060416102409363,1.837630033493042
1403905957181022208,negative,1.189066767692566,-0.08715825527906418,1.8867292404174805
1403905959878180865,negative,1.2766809463500977,-0.6316001415252686,1.744517207145691
1403905960842711042,neutral,1.7780550718307495,-0.32790812849998474,0.8943874835968018
1403905961178415107,negative,0.9929909110069275,-0.7368529438972473,1.9260650873184204
1403905961211748352,neutral,1.4593305587768555,-0.12495604902505875,1.035743236541748
1403905961392283649,positive,0.08892115950584412,1.8152406215667725,-0.013662727549672127
1403905961517981704,negative,0.6837155222892761,-0.567523717880249,2.3033010959625244
1403905961677393923,positive,0.7522573471069336,0.8613623380661011,0.6289480924606323
1403905962549727232,neutral,1.2885048389434814,0.4984723925590515,0.12033109366893768
1403905962730147846,negative,0.9930721521377563,-0.7547318935394287,1.8698623180389404
1403905963225137154,positive,0.744807243347168,1.3602030277252197,0.3564094603061676
1403905964110073859,neutral,3.530146598815918,1.6300079822540283,-1.0650413036346436
1403905964261232640,neutral,2.3595082759857178,-0.25620898604393005,1.121690273284912
1403905964584148993,neutral,2.625272750854492,1.9460139274597168,-0.45461949706077576
1403905965309714435,neutral,1.748806118965149,-0.5846359133720398,0.6768312454223633
1403905965632589828,neutral,1.747377872467041,0.8712690472602844,-0.5942507982254028
1403905966446239747,neutral,2.002610206604004,0.8566877841949463,0.6342992782592773
1403905966702223360,neutral,2.4293746948242188,0.5440945029258728,-0.0213917326182127
1403905967843127297,negative,0.8323348760604858,0.08698143064975739,1.2959829568862915
1403905967851556868,negative,1.504818320274353,-0.7736848592758179,1.6393139362335205
1403905968128237568,neutral,1.828332781791687,-0.3294069468975067,1.1459664106369019
1403905968644177928,positive,0.3167772591114044,2.015674591064453,-0.19908960163593292
1403905969181151238,negative,0.9132504463195801,0.17862576246261597,1.3094075918197632
1403905969269190663,neutral,3.5540590286254883,2.2793173789978027,-1.4503517150878906
1403905969634091011,neutral,1.7708740234375,0.5505441427230835,1.1062688827514648
1403905970015719424,neutral,1.8963655233383179,-0.8668044805526733,1.352179765701294
1403905970103803905,neutral,1.7397785186767578,-0.7650666236877441,1.4939725399017334
1403905970359709697,negative,1.0561931133270264,-0.4575333297252655,2.0809478759765625
1403905970963574790,negative,1.6558846235275269,-0.9418045878410339,2.0927317142486572
1403905971206844417,negative,0.9929909110069275,-0.7368529438972473,1.9260650873184204
1403905971286650884,negative,1.0970178842544556,-0.6715656518936157,1.3969647884368896
1403905972418977795,positive,3.3633546829223633,3.944154977798462,-1.552945613861084
1403905972511416323,neutral,1.269077181816101,0.5758740305900574,0.8737897276878357
1403905974306586628,negative,1.4595056772232056,-1.0257830619812012,2.612125873565674
1403905974335946757,neutral,2.036546230316162,-0.29658564925193787,1.1426016092300415
1403905974449192964,neutral,2.2925117015838623,1.2028154134750366,0.0537722073495388
1403905975753621509,negative,1.380922794342041,-0.5874733924865723,1.6727070808410645
1403905976449785857,negative,0.9864600300788879,-0.5773411393165588,1.4517544507980347
1403905977003298816,neutral,1.6642805337905884,0.5591198205947876,0.5185624957084656
1403905977229971457,neutral,1.7663753032684326,-0.2821657359600067,1.0152225494384766
1403905977238360064,neutral,1.816467046737671,0.07329783588647842,0.011630890890955925
1403905977255030785,neutral,1.4373048543930054,-0.14102286100387573,1.3404616117477417
1403905977360044032,neutral,1.5915628671646118,0.3136279284954071,0.7126535773277283
1403905978710495234,negative,0.5666109919548035,-0.8695405721664429,3.228283166885376
1403905978756653060,neutral,1.963482141494751,-0.499712198972702,1.0693345069885254
1403905979104645123,negative,1.3328379392623901,-1.1997718811035156,3.0109004974365234
1403905979734020097,neutral,1.7424707412719727,-0.48000189661979675,1.2558344602584839
1403905979989725186,neutral,2.323931932449341,1.6082394123077393,-0.5351458787918091
1403905980962803712,negative,1.1986054182052612,-0.5843172669410706,2.0607099533081055
1403905981600387074,negative,1.2623422145843506,-1.2370593547821045,2.9731826782226562
1403905981889892361,neutral,1.7623686790466309,1.6433042287826538,0.15511144697666168
1403905982976073730,neutral,2.543001890182495,1.0240801572799683,-0.16154247522354126
1403905983152328704,negative,0.44784629344940186,-0.1499651074409485,2.612367868423462
1403905983701737478,neutral,1.7248992919921875,-0.3869604170322418,0.9879166483879089
1403905984708419589,neutral,1.947094202041626,1.5201042890548706,-0.7020072340965271
1403905985647976450,neutral,1.6166858673095703,0.4772041440010071,-0.03204420953989029
1403905986172051460,negative,0.43455812335014343,-0.6089668869972229,3.048835039138794
1403905986289541129,neutral,1.9403049945831299,-0.6860625743865967,0.965177595615387
1403905986423758848,positive,1.4021373987197876,1.4134169816970825,0.35367730259895325
1403905986688012288,neutral,2.3341925144195557,1.2727758884429932,-0.31070220470428467
1403905987203981318,neutral,1.732395052909851,0.19162961840629578,1.1365575790405273
1403905987648671745,neutral,2.625272750854492,1.9460139274597168,-0.45461973547935486
1403905988261027840,neutral,1.6364128589630127,-0.7743224501609802,1.50968599319458
1403905989649256448,negative,1.7882227897644043,-1.0169531106948853,2.7436466217041016
1403905989875671040,negative,1.3147445917129517,-1.5478157997131348,4.099348545074463
1403905990496460803,neutral,1.8864339590072632,0.6145896315574646,0.410643070936203
1403905990827851782,neutral,1.6550211906433105,0.15934893488883972,0.9476357698440552
1403905991574396932,neutral,2.0692031383514404,-0.13395535945892334,0.5161608457565308
1403905992354566144,neutral,1.3573342561721802,-0.1971098780632019,0.7701423764228821
1403905992396447748,neutral,1.1885238885879517,0.24872738122940063,-0.11100313812494278
1403905992706826240,neutral,1.6855747699737549,0.37137290835380554,0.3793219327926636
1403905993252110337,neutral,2.3341925144195557,1.2727758884429932,-0.31070220470428467
1403905994183282690,negative,0.9626184701919556,-0.3238207697868347,1.7760741710662842
1403905994611167243,negative,1.0353491306304932,-1.2652440071105957,3.8529467582702637
1403905994980089856,neutral,1.5319972038269043,0.0803622305393219,0.8329496383666992
1403905995492016132,neutral,1.6855747699737549,0.37137290835380554,0.3793219327926636
1403905995504447492,negative,1.6387995481491089,-0.8185979723930359,1.9962031841278076
1403905995672326144,neutral,1.0655741691589355,1.0444949865341187,0.14505062997341156
1403905996594978820,neutral,1.7136099338531494,0.17051208019256592,0.7859693169593811
1403905996666195969,negative,1.2419743537902832,-0.5300562381744385,2.2135977745056152
1403905996775247874,neutral,1.9403049945831299,-0.6860625743865967,0.965177595615387
1403905997215764484,negative,0.6316142678260803,-0.39126256108283997,2.4059653282165527
1403905997308112896,neutral,1.7610249519348145,-0.26658743619918823,0.9526150226593018
1403905998486597632,neutral,2.517876148223877,-0.2520796060562134,0.9273070096969604
1403905998860046338,positive,0.6481080651283264,0.9973407983779907,-0.21679586172103882
1403905999061192711,neutral,2.0701539516448975,1.597553014755249,-0.18209873139858246
1403906000457895941,negative,1.310697317123413,-1.0881472826004028,2.447906732559204
1403906000713785351,neutral,2.543001890182495,1.0240801572799683,-0.16154247522354126
1403906000973795328,neutral,2.012873411178589,0.6014504432678223,0.2095734179019928
1403906001305161737,positive,1.7462824583053589,1.8249917030334473,-0.08776441961526871
1403906001460465664,negative,0.9520996809005737,0.5223348736763,1.5639898777008057
1403906001632436230,negative,1.4515823125839233,-1.2630773782730103,2.9082415103912354
1403906002819321857,neutral,1.6570427417755127,0.32715320587158203,0.4058573544025421
1403906003339448325,neutral,2.1202502250671387,0.5092087388038635,0.40404850244522095
1403906003972739077,negative,0.9864600300788879,-0.5773411393165588,1.4517544507980347
1403906004119699458,neutral,1.4990296363830566,0.06983163952827454,1.1731441020965576
1403906004241326081,neutral,1.0847060680389404,0.0515453927218914,0.5709734559059143
1403906004589314059,neutral,2.4701709747314453,1.5373716354370117,-0.25612932443618774
1403906004748836867,positive,1.4021375179290771,1.4134167432785034,0.35367730259895325
1403906005071654913,positive,0.5131313800811768,3.37784481048584,-0.2586112916469574
1403906005658857474,neutral,2.686922788619995,0.012738160789012909,0.6487727761268616
1403906005658865666,neutral,3.530146598815918,1.6300079822540283,-1.0650413036346436
1403906005944123393,neutral,1.4007103443145752,0.2248624861240387,0.8670726418495178
1403906006791360515,negative,0.46560677886009216,-0.4850310981273651,1.5615217685699463
1403906007139377152,neutral,2.3341925144195557,1.2727758884429932,-0.31070220470428467
1403906007407882246,neutral,1.614327311515808,0.2923508882522583,1.3416800498962402
1403906007751966721,negative,0.5594391822814941,-0.9510828852653503,3.3400533199310303
1403906008158818309,neutral,1.5272183418273926,0.12583090364933014,0.5935693979263306
1403906008670420993,neutral,1.8714298009872437,-0.612632155418396,1.3255391120910645
1403906009010221056,neutral,0.7952986359596252,0.283042848110199,0.7215612530708313
1403906009161101312,neutral,2.34027099609375,-0.016020305454730988,0.4687972068786621
1403906009253433347,neutral,2.306673765182495,-0.38158661127090454,0.8096886277198792
1403906010880880644,neutral,1.6209300756454468,0.1698944866657257,1.050075650215149
1403906011279151106,negative,0.9867439866065979,0.16116821765899658,1.5706920623779297
1403906011837042691,neutral,1.895522117614746,-0.6867144703865051,1.520538330078125
1403906012185124866,neutral,0.9648290872573853,-0.014924973249435425,0.2017039805650711
1403906013800108034,positive,1.5335571765899658,2.8689732551574707,-0.7454793453216553
1403906013867040773,negative,1.0542383193969727,-0.756189227104187,2.8562676906585693
1403906014227824645,negative,0.9009653925895691,-0.735965371131897,2.7964584827423096
1403906015058223104,neutral,1.3721846342086792,-0.08245346695184708,1.2567988634109497
1403906015574233089,negative,0.882317066192627,-0.9367186427116394,2.7746143341064453
1403906016362835971,negative,0.44784626364707947,-0.1499650478363037,2.612367868423462
1403906017692246016,neutral,2.1527953147888184,0.3231157064437866,0.42857107520103455
1403906017822482438,neutral,1.6653332710266113,0.9958206415176392,-0.5258178114891052
1403906017998512130,positive,1.5391079187393188,1.607316017150879,0.30756232142448425
1403906018912788480,neutral,1.3630787134170532,-0.017042189836502075,1.093766212463379
1403906019328200710,negative,1.391652226448059,0.024219021201133728,1.764966368675232
1403906019353321474,negative,0.3143469989299774,0.17169201374053955,0.5380080938339233
1403906019772682242,neutral,2.238415002822876,0.7393845915794373,0.28096604347229004
1403906020334727170,neutral,1.6751916408538818,0.02679453417658806,1.141197919845581
1403906021060354049,neutral,2.3341925144195557,1.2727758884429932,-0.31070220470428467
1403906023182700547,neutral,1.6855746507644653,0.37137290835380554,0.37932196259498596
1403906023300141059,positive,1.0371476411819458,5.233725070953369,-1.3879790306091309
1403906023383994372,negative,1.567057490348816,-1.096937656402588,2.3501968383789062
1403906023740428294,negative,0.9930721521377563,-0.7547318935394287,1.8698623180389404
1403906023811731459,neutral,1.6855747699737549,0.37137290835380554,0.3793219327926636
1403906024168464386,negative,1.6679733991622925,-1.0500842332839966,2.059412717819214
1403906025397182466,negative,1.5383700132369995,-0.7981369495391846,1.758842945098877
1403906025439248384,neutral,1.2114347219467163,0.14205366373062134,1.07188880443573
1403906025510612993,negative,0.7838588953018188,-0.8143433928489685,2.5138864517211914
1403906025913126915,neutral,1.183016300201416,1.1494636535644531,0.6862388253211975
1403906026047430656,negative,0.7256688475608826,-0.08319274336099625,1.782366156578064
1403906026076741632,negative,1.311780333518982,-1.3488850593566895,3.847764015197754
1403906026387042307,neutral,3.530146598815918,1.6300079822540283,-1.0650413036346436
1403906026408079367,negative,1.5253703594207764,-0.4173966348171234,1.7917754650115967
1403906026697494529,negative,0.6439996957778931,-1.210371971130371,3.6401169300079346
1403906026974461952,positive,0.9042889475822449,2.2106266021728516,0.10843199491500854
1403906028081532933,neutral,1.325406551361084,1.2441719770431519,-0.6842137575149536
1403906028228386821,negative,1.0353491306304932,-1.2652440071105957,3.8529467582702637
1403906028576464896,negative,0.41164013743400574,-0.9159749150276184,3.9026496410369873
1403906028605870083,negative,0.6636077165603638,-0.9365065693855286,2.6941184997558594
1403906028798824451,positive,1.1345332860946655,1.4156427383422852,0.09840664267539978
1403906028878528514,neutral,2.485743761062622,-0.3147491216659546,0.4562077522277832
1403906029616652292,neutral,1.8891878128051758,0.5245234966278076,0.5609523057937622
1403906030510112779,neutral,1.6386433839797974,1.1958597898483276,-0.0387512668967247
1403906031906787329,neutral,1.5833393335342407,0.3938926160335541,0.8823683261871338
1403906032322154499,negative,1.4911893606185913,-0.7667199969291687,2.153373956680298
1403906032783351809,positive,1.2470256090164185,2.0790369510650635,-0.9537898898124695
1403906033144283137,neutral,1.8823025226593018,0.25667548179626465,0.9943137168884277
1403906033366482944,negative,1.1841152906417847,-0.9535881876945496,2.1344902515411377
1403906033869746179,positive,2.534949541091919,3.107313394546509,-0.9900611639022827
1403906034037444609,negative,1.2915282249450684,-0.19722405076026917,1.4928120374679565
1403906034649890828,negative,1.0304484367370605,-0.8581323027610779,2.982595682144165
1403906034750480388,neutral,3.530146598815918,1.6300078630447388,-1.0650410652160645
1403906034943549447,negative,1.391652226448059,0.024219021201133728,1.764966368675232
1403906034943639554,negative,0.8250796794891357,-1.19136643409729,3.604553461074829
1403906035148939265,negative,0.8008621335029602,-0.8394142985343933,2.4999701976776123
1403906035442753542,positive,2.728806972503662,2.917940378189087,-0.7688155770301819
1403906035992215555,neutral,1.7097947597503662,1.4531023502349854,-0.1419774442911148
1403906036122230784,neutral,1.1420997381210327,0.8049414753913879,0.5435048937797546
1403906036298289154,neutral,1.416812777519226,0.005503498017787933,1.0411134958267212
1403906036499681285,negative,1.3585160970687866,-0.9437397122383118,2.310345411300659
1403906036587810816,neutral,3.530146598815918,1.6300078630447388,-1.0650413036346436
1403906037187371009,negative,1.637427806854248,-1.1985613107681274,2.7466909885406494
1403906037745209348,neutral,3.530146598815918,1.6300078630447388,-1.0650413036346436
1403906039066464263,neutral,2.439624309539795,2.423003911972046,-0.518245279788971
1403906039163015170,neutral,2.2630417346954346,0.48020094633102417,0.13365763425827026
1403906039200641027,negative,1.264915108680725,-0.3722284138202667,1.404257893562317
1403906039775481857,positive,2.2817420959472656,2.3922104835510254,-0.4600245952606201
1403906040026959873,neutral,1.117626667022705,0.7495933771133423,-0.33637356758117676
1403906040769384453,negative,0.9071047902107239,-0.5245261788368225,2.3702313899993896
1403906041037869062,negative,1.262342095375061,-1.2370593547821045,2.973182201385498
1403906041943924736,neutral,2.695265531539917,0.9322531819343567,-0.20005527138710022
1403906042157690880,negative,1.0667791366577148,-0.5702295899391174,2.2701547145843506
1403906042560344069,positive,1.4892220497131348,2.6688058376312256,-0.49592775106430054
1403906043269111808,negative,1.0870306491851807,-0.23701930046081543,1.7396111488342285
1403906044494069765,neutral,1.4990296363830566,0.0698317214846611,1.1731443405151367
1403906044833763329,positive,1.9875611066818237,3.3216288089752197,-0.7666158080101013
1403906045039181825,neutral,1.4484963417053223,1.415497899055481,0.06987359374761581
1403906045072875520,negative,1.0526747703552246,-0.48540595173835754,1.9483730792999268
1403906045173325830,negative,1.3783894777297974,0.08099635690450668,1.7644765377044678
1403906045223841796,negative,1.420192003250122,-0.5864746570587158,1.548405647277832
1403906045265649664,neutral,1.2416117191314697,0.16468283534049988,0.5670780539512634
1403906045391560704,neutral,1.955228328704834,1.380282998085022,-0.5075170397758484
1403906045450219524,negative,0.9748833775520325,-1.1192152500152588,2.882169485092163
1403906045496287235,neutral,2.3341925144195557,1.2727758884429932,-0.3107021152973175
1403906045601275909,neutral,1.8955222368240356,-0.6867145299911499,1.520538330078125
1403906045978701830,neutral,1.756455659866333,1.6841607093811035,-0.3159254491329193
1403906046117044226,positive,1.586863398551941,2.18169903755188,-0.3365952968597412
1403906046398062593,negative,0.6779541373252869,0.009075701236724854,1.4272425174713135
1403906046460977152,negative,0.9846186637878418,-1.0013114213943481,3.0460805892944336
1403906047606018051,neutral,1.7052900791168213,0.6467452049255371,0.5172070860862732
1403906048143015937,neutral,2.625272750854492,1.9460138082504272,-0.45461955666542053
1403906048965099526,neutral,2.625272750854492,1.9460138082504272,-0.45461955666542053
1403906049002725378,negative,0.8498642444610596,-1.0609673261642456,3.1105802059173584
1403906049111859201,neutral,1.461336612701416,-0.11084141582250595,1.3428360223770142
1403906049782870020,neutral,0.9550966024398804,0.16646051406860352,0.05994778871536255
1403906049875316736,negative,0.37925049662590027,0.04349907115101814,2.0171101093292236
1403906049900417025,neutral,1.797142744064331,0.7463186979293823,0.9606311917304993
1403906051968323585,negative,2.1112687587738037,-1.0838860273361206,2.2172744274139404
1403906052408680450,negative,0.947921633720398,-0.3197331428527832,2.586019277572632
1403906052685398017,negative,1.345269799232483,-0.5584166049957275,1.8966386318206787
1403906052958027778,neutral,3.530146598815918,1.6300078630447388,-1.0650413036346436
1403906053134237700,neutral,2.306674003601074,-0.3815867006778717,0.8096888065338135
1403906054463705089,positive,1.6851983070373535,3.039599895477295,-0.5585663914680481
1403906054728028166,neutral,1.6855745315551758,0.37137290835380554,0.37932199239730835
1403906055428620288,neutral,0.4872455596923828,0.07388326525688171,0.13834317028522491
1403906055571230723,neutral,2.1617162227630615,-1.0657998323440552,2.0157408714294434
1403906056787578880,positive,0.6680577397346497,3.97869873046875,-0.8456682562828064
1403906058616254465,neutral,1.3359873294830322,0.23930135369300842,1.0452433824539185
1403906059203395587,negative,0.9748833775520325,-1.1192152500152588,2.882169485092163
1403906059375460357,negative,1.1634631156921387,0.4580264091491699,1.4192317724227905
1403906059396423681,neutral,1.8891878128051758,0.5245234966278076,0.5609523057937622
1403906059610230784,negative,0.4517347812652588,1.3059860467910767,1.3077149391174316
1403906059820015618,neutral,1.4007103443145752,0.2248624563217163,0.8670726418495178
1403906060075872263,neutral,2.543001890182495,1.0240801572799683,-0.16154253482818604
1403906060503556097,positive,1.3861860036849976,1.6857868432998657,0.3876435160636902
1403906060654505984,neutral,4.102873802185059,2.523174285888672,-1.3451967239379883
1403906061594136577,neutral,1.8709139823913574,0.7854757308959961,0.3054758906364441
1403906061694902273,neutral,1.6826189756393433,0.6093096137046814,0.8560131788253784
1403906063766745098,neutral,1.1965593099594116,1.0458978414535522,0.2401786595582962
1403906064488177667,neutral,2.830976963043213,0.2379315197467804,0.1696775108575821
1403906065310228484,negative,0.9556260108947754,-0.013230964541435242,1.6918429136276245
1403906065863950336,negative,0.5049619674682617,0.9324029684066772,1.3395769596099854
1403906065922658309,neutral,1.296913743019104,0.5973971486091614,1.162651538848877
1403906065968869379,neutral,1.2375479936599731,-0.014491349458694458,0.5753690004348755
1403906066174382082,negative,0.9453151822090149,-0.037323884665966034,2.1878507137298584
1403906066815930376,positive,1.6851983070373535,3.039599895477295,-0.5585663914680481
1403906067084414979,negative,1.4415837526321411,-0.7315769791603088,2.074511766433716
1403906067310940162,positive,0.5715644359588623,1.4461946487426758,0.8496077060699463
1403906068678385670,neutral,2.021535873413086,1.816927433013916,-0.0022537056356668472
1403906068753747976,neutral,1.5133938789367676,0.025030046701431274,1.2415579557418823
1403906068917325829,positive,1.298460841178894,1.3712610006332397,0.1715511530637741
1403906069173309441,negative,1.3323875665664673,-0.29261744022369385,1.5215338468551636
1403906069458423812,neutral,1.2645184993743896,1.149567723274231,0.07180095463991165
1403906069793959938,negative,0.21050669252872467,0.16855280101299286,0.3258369565010071
1403906070913880068,negative,0.8541529774665833,0.2277235984802246,1.2699493169784546
1403906072134422528,neutral,1.742470622062683,-0.48000189661979675,1.2558343410491943
1403906073082273797,neutral,1.5784739255905151,-0.6647502779960632,1.351258635520935
1403906073220763652,neutral,1.7270370721817017,-0.5295587182044983,0.6335042715072632
1403906074202103813,neutral,1.6833220720291138,1.3380366563796997,-0.23841850459575653
1403906074546114563,neutral,1.5824435949325562,0.2038957178592682,0.5083480477333069
1403906074839822337,neutral,2.625272750854492,1.9460138082504272,-0.45461955666542053
1403906074852216835,positive,0.6119597554206848,1.4056090116500854,-0.014116456732153893
1403906075729014786,positive,0.42538419365882874,0.9626195430755615,0.7045596837997437
1403906075892477954,neutral,3.0801568031311035,0.48624148964881897,0.13820135593414307
1403906076022542339,neutral,1.8955224752426147,-0.6867142915725708,1.5205382108688354
1403906077452693506,negative,0.9183899164199829,0.3439968228340149,1.162986159324646
1403906077507342338,negative,2.1112687587738037,-1.0838860273361206,2.2172744274139404
1403906077884923909,neutral,1.3697115182876587,0.7054044604301453,0.5650628209114075
1403906078316765189,neutral,1.6855745315551758,0.37137287855148315,0.3793219327926636
1403906078325329920,neutral,1.5029189586639404,-0.7024487853050232,1.3470547199249268
1403906079034167304,negative,1.1753193140029907,-0.9023918509483337,2.5191054344177246
1403906080749412355,negative,1.2252553701400757,0.19872626662254333,1.3150758743286133
1403906081655443458,negative,0.32649436593055725,0.4426216185092926,2.1246933937072754
1403906081668177923,neutral,1.6855745315551758,0.37137290835380554,0.37932199239730835
1403906081978466308,negative,1.3846001625061035,-0.830204963684082,1.6668291091918945
1403906082058145794,neutral,1.9629875421524048,-0.028691366314888,1.4329012632369995
1403906082569961473,negative,0.8947702050209045,-0.21060416102409363,1.837630033493042
1403906083249262594,negative,0.9593573212623596,-0.1882995367050171,1.8203721046447754
1403906083844870144,negative,1.1015477180480957,-0.8605322241783142,2.329965114593506
1403906083916111879,neutral,1.8829594850540161,0.595288872718811,0.15143278241157532
1403906083991732229,negative,1.5148643255233765,-0.6898522973060608,1.998685359954834
1403906084042051586,neutral,1.4601967334747314,0.6752951145172119,0.20211327075958252
1403906084377706496,neutral,1.7931013107299805,0.4371362626552582,0.4779464304447174
1403906084880912388,negative,1.0704851150512695,-0.6075502038002014,2.6201822757720947
1403906085103222788,neutral,1.1893963813781738,0.06519269943237305,-0.21780399978160858
1403906086114009089,negative,1.6757272481918335,-1.1267354488372803,2.5844032764434814
1403906086965452800,neutral,2.114940881729126,0.49108994007110596,0.22981297969818115
1403906087527456774,negative,1.0555176734924316,-1.307929277420044,3.750742197036743
1403906087728865282,negative,0.8323348760604858,0.08698143064975739,1.295982837677002
1403906088341323776,negative,1.1966218948364258,-0.03894083946943283,1.361022710800171
1403906088378851328,neutral,1.3176990747451782,0.85844486951828,1.0189610719680786
1403906088727101440,negative,1.3528342247009277,-0.11258790642023087,1.6191569566726685
1403906088949489670,neutral,1.1915953159332275,0.2666333317756653,0.5523838400840759
1403906089326977029,negative,1.9339663982391357,-0.42259958386421204,2.0180890560150146
1403906089897189378,positive,1.3123706579208374,1.87647545337677,-0.006600340828299522
1403906090115375106,neutral,1.8198760747909546,0.8568339943885803,0.4308655858039856
1403906090291666945,negative,1.1069566011428833,-0.4871637523174286,2.063549041748047
1403906090710945800,negative,1.221059799194336,-0.5390906929969788,1.2666360139846802
1403906090786451459,negative,0.9627829790115356,-0.38694414496421814,1.8443217277526855
1403906091432378368,negative,1.1427814960479736,0.9372912645339966,1.4638736248016357
1403906092145418245,neutral,3.530146598815918,1.6300078630447388,-1.0650413036346436
1403906093558820878,positive,1.7500001192092896,5.26800537109375,-1.6611332893371582
1403906095026872321,neutral,1.2698254585266113,0.34966301918029785,0.5562231540679932
1403906095349780483,negative,1.2172777652740479,-1.1694753170013428,2.910379648208618
1403906095425359874,neutral,1.3886268138885498,0.5243670344352722,0.6173571944236755
1403906095471501317,neutral,1.9512125253677368,0.5464656352996826,0.6538602113723755
1403906096264146944,neutral,1.760655403137207,0.3703249394893646,0.8521992564201355
1403906096536842244,negative,1.4040236473083496,-0.8634890913963318,1.9171342849731445
1403906097660956672,positive,0.5620056390762329,2.0692901611328125,0.09318498522043228
1403906097916882946,negative,1.5222373008728027,-0.9056124687194824,1.993055820465088
1403906098654941185,neutral,2.3341925144195557,1.2727758884429932,-0.3107021152973175
1403906098785095682,neutral,1.9200305938720703,0.0010940954089164734,1.3634589910507202
1403906100542558208,neutral,2.625272750854492,1.9460138082504272,-0.4546196162700653
1403906101503049732,positive,1.8154116868972778,2.5845272541046143,-0.17277495563030243
1403906101720936451,neutral,1.7499802112579346,0.06581491231918335,0.6830385327339172
1403906102702575617,negative,1.1085399389266968,0.09902162104845047,1.5282790660858154
1403906103990054916,negative,1.4106166362762451,-0.3626219928264618,1.4732586145401
1403906104782843907,negative,0.8132831454277039,-1.2765785455703735,3.722325086593628
1403906105739288577,negative,1.3114135265350342,-0.8980140089988708,1.8927150964736938
1403906105973956612,neutral,2.3341925144195557,1.2727758884429932,-0.3107021152973175
1403906106003320839,negative,1.653664231300354,-0.9171726703643799,1.9001154899597168
1403906107819560965,neutral,2.625272750854492,1.9460138082504272,-0.45461955666542053
1403906108268285953,neutral,1.8106341361999512,0.416299045085907,0.6457952260971069
1403906108289437696,neutral,2.036545991897583,-0.29658570885658264,1.1426016092300415
1403906109463830528,neutral,1.5981675386428833,0.5891113877296448,0.39762082695961
1403906110717759495,neutral,2.598733901977539,1.425456166267395,-0.34827762842178345
1403906111162441730,negative,0.9748833775520325,-1.1192152500152588,2.882169485092163
1403906111195860994,neutral,2.4701709747314453,1.5373717546463013,-0.25612926483154297
1403906111246270469,neutral,1.5714893341064453,1.299607753753662,-0.3863634169101715
1403906113037213701,negative,1.1206202507019043,-0.4010399878025055,1.1740891933441162
1403906113372831744,negative,1.2058113813400269,-1.1905568838119507,3.1488261222839355
1403906114476032001,negative,1.0394868850708008,-0.5009655356407166,2.1057252883911133
1403906114656215042,negative,1.3230966329574585,-0.4901149570941925,2.0610833168029785
1403906116107608066,neutral,2.1785800457000732,0.07211969792842865,0.7192800641059875
1403906116141129735,negative,0.9683908224105835,-0.25925499200820923,1.6159257888793945
1403906116895920129,neutral,2.3035292625427246,0.06620903313159943,0.6950533390045166
1403906117533540355,positive,0.7782241106033325,1.8118749856948853,-0.4484040439128876
1403906117596549127,negative,1.262342095375061,-1.2370593547821045,2.973182201385498
1403906117768462336,negative,1.539787769317627,-0.7287259697914124,1.9325472116470337
1403906119119089666,neutral,1.8289711475372314,0.0308837927877903,1.0262315273284912
1403906120507396107,neutral,1.7202699184417725,-0.42861971259117126,1.1621739864349365
1403906121220296706,neutral,1.1372761726379395,-0.1855919361114502,0.9638530611991882
1403906121551683584,negative,1.2171874046325684,-0.09722354263067245,2.330092668533325
1403906122206138368,negative,0.6439998149871826,-1.2103722095489502,3.6401169300079346
1403906122252275712,negative,0.38735952973365784,0.298565536737442,2.523144245147705
1403906122390540290,neutral,1.6570426225662231,0.3271532356739044,0.4058573842048645
1403906122604441603,negative,0.9058266878128052,-1.0676286220550537,3.104966163635254
1403906122793238528,negative,1.0033719539642334,-0.2175881564617157,1.845073938369751
1403906123271389186,positive,1.137957215309143,1.2756073474884033,0.24305512011051178
1403906123304898563,negative,0.959629237651825,-1.000465989112854,2.70628023147583
1403906123481030656,negative,0.9748833775520325,-1.1192152500152588,2.882169485092163
1403906125955682307,negative,1.2227380275726318,-1.040143370628357,2.3806257247924805
1403906126085754880,negative,0.5210347175598145,-0.022951997816562653,1.8057423830032349
1403906128149352448,neutral,1.9200305938720703,0.0010940805077552795,1.3634589910507202
1403906129286078466,negative,1.0649040937423706,-0.16676390171051025,1.4588029384613037
1403906129801981956,positive,0.8650286793708801,3.741925001144409,-0.2327968329191208
1403906131668393988,positive,1.8884501457214355,3.635709047317505,-1.1924269199371338
1403906132071026688,negative,0.8372719287872314,-0.4204711616039276,2.374258041381836
1403906132234563586,neutral,1.8709139823913574,0.7854757308959961,0.3054758906364441
1403906132234674179,neutral,2.7301688194274902,2.3422141075134277,0.11822371929883957
1403906132825968644,negative,1.3087480068206787,-1.1506531238555908,3.065429449081421
1403906134222671872,positive,1.5585980415344238,3.6007604598999023,-1.0033249855041504
1403906134700875778,positive,0.8745437860488892,1.4889216423034668,-0.27986374497413635
1403906135204130816,neutral,2.625272750854492,1.9460138082504272,-0.45461955666542053
1403906135346741250,negative,1.598734736442566,-0.7644698619842529,1.8805996179580688
1403906136697344000,neutral,1.9311068058013916,-0.8987301588058472,1.7587313652038574
1403906137322229760,negative,0.9054695963859558,-0.5827316641807556,2.0697021484375
1403906138119286788,negative,0.4564964175224304,-0.8170602321624756,3.7533457279205322
1403906138421276673,negative,1.5103564262390137,-0.9605531096458435,2.3730146884918213
1403906138748329990,negative,1.2663171291351318,-1.3317105770111084,3.333244800567627
1403906139222335488,neutral,2.280729055404663,-0.6443305015563965,1.3004803657531738
1403906139528519684,neutral,1.7270370721817017,-0.5295587182044983,0.6335042715072632
1403906139704676355,neutral,0.998458206653595,0.16047465801239014,0.009329946711659431
1403906141550153731,negative,1.232214331626892,-1.0002336502075195,2.143557071685791
1403906141583781894,neutral,2.1817452907562256,0.050255320966243744,0.05157451331615448
1403906141826998273,negative,1.5884690284729004,-0.8223047256469727,1.9616093635559082
1403906142661529607,negative,0.5177051424980164,-0.5217099785804749,2.6689696311950684
1403906142787444739,positive,2.338472843170166,4.0839409828186035,-1.4917100667953491
1403906143714304006,negative,0.9748833775520325,-1.1192152500152588,2.882169485092163
1403906144238718988,negative,0.6348584890365601,-0.8351641893386841,3.0688998699188232
1403906145421455361,neutral,2.4701709747314453,1.5373717546463013,-0.2561294138431549
1403906145702477826,neutral,1.3488470315933228,0.6934545040130615,0.5932926535606384
1403906146721751053,negative,0.7186626195907593,0.2639438211917877,1.2901692390441895
1403906146805579781,neutral,2.1832115650177,1.3436704874038696,-0.046759121119976044
1403906147107569669,negative,1.0034825801849365,0.13725164532661438,1.8496036529541016
1403906147409612801,negative,1.653664231300354,-0.9171726703643799,1.9001154899597168
1403906147413680139,neutral,2.3341925144195557,1.2727758884429932,-0.3107021152973175
1403906148160311297,negative,1.5302406549453735,-1.085328221321106,2.8069727420806885
1403906148202332161,neutral,1.9309412240982056,-0.3761226236820221,0.7212124466896057
1403906148877537284,neutral,1.6855745315551758,0.37137290835380554,0.37932199239730835
1403906148940587011,neutral,1.6156479120254517,1.0034308433532715,0.9610841870307922
1403906149099839498,negative,0.36327606439590454,-0.8472588062286377,2.9462978839874268
1403906149406019586,negative,0.9748833775520325,-1.1192152500152588,2.882169485092163
1403906150295289856,neutral,1.3105791807174683,1.0290379524230957,0.4668501615524292
1403906150421127174,negative,1.240084171295166,-1.078248143196106,3.1605594158172607
1403906150534365184,neutral,0.23260748386383057,0.17639034986495972,0.14018523693084717
1403906150798487563,negative,1.143470048904419,-0.1859242022037506,1.521937608718872
1403906151373213706,neutral,1.6380929946899414,0.3825935423374176,1.1971020698547363
1403906151872299011,neutral,1.4576146602630615,0.6560739874839783,-0.21125835180282593
1403906152912412673,negative,1.5835158824920654,-1.123000144958496,2.8384244441986084
1403906153407401991,neutral,1.7227873802185059,-0.13181638717651367,1.2255462408065796
1403906153843609607,neutral,1.6855745315551758,0.37137290835380554,0.37932199239730835
1403906153856315394,neutral,1.6855745315551758,0.37137290835380554,0.37932199239730835
1403906154200133632,negative,0.4873321056365967,-0.35173603892326355,3.1120803356170654
1403906154292420609,positive,0.665419340133667,0.7275207042694092,-0.020742109045386314
1403906154552459267,neutral,2.3341925144195557,1.2727758884429932,-0.3107021152973175
1403906155047395328,negative,1.0604596138000488,-0.9797547459602356,2.726210117340088
1403906155282374659,neutral,1.14817476272583,0.7543819546699524,0.8570461273193359
1403906156909797378,neutral,2.212160348892212,-0.031338632106781006,0.8980836868286133
1403906157027106819,negative,1.653664231300354,-0.9171726703643799,1.9001154899597168
1403906157178232833,neutral,1.8109050989151,0.7581115365028381,-0.1758682131767273
1403906157417095169,neutral,1.6855745315551758,0.37137287855148315,0.37932199239730835
1403906157694099459,neutral,1.2281073331832886,0.4989175498485565,1.0837304592132568
1403906158553755650,positive,1.4468225240707397,6.213357925415039,-1.931032419204712
1403906159602372610,neutral,1.4214918613433838,0.3286351263523102,0.8487670421600342
1403906161435299844,negative,1.3250322341918945,-0.5132935643196106,1.9598480463027954
1403906161552740360,positive,1.0430238246917725,4.10233736038208,-1.0719348192214966
1403906161745612802,neutral,2.3341922760009766,1.2727758884429932,-0.3107021450996399
1403906162429415424,negative,0.7838588953018188,-0.8143433928489685,2.5138864517211914
1403906162639003650,neutral,2.3341925144195557,1.2727758884429932,-0.3107021152973175
1403906163482058761,negative,1.2281455993652344,-0.010357208549976349,1.4514211416244507
1403906163754737668,positive,0.9907946586608887,1.9772143363952637,0.043459683656692505
1403906164077649920,neutral,2.3341925144195557,1.2727758884429932,-0.3107021152973175
1403906164165853187,negative,1.5369054079055786,-0.8930922150611877,2.005622386932373
1403906165378011138,neutral,1.3848997354507446,1.368383526802063,0.8184313774108887
1403906166107693065,neutral,2.1832115650177,1.3436704874038696,-0.046759188175201416
1403906166997016576,neutral,1.8849817514419556,-0.7652226686477661,1.8700543642044067
1403906167370182664,negative,1.3834608793258667,-0.39495953917503357,1.6784998178482056
1403906167412248577,negative,0.5049619674682617,0.9324029684066772,1.3395769596099854
1403906169144496133,neutral,1.4811583757400513,0.13052766025066376,1.124529480934143
1403906170599796739,positive,0.6592797636985779,1.2975867986679077,0.5095746517181396
1403906170671144972,neutral,2.052741050720215,1.071890115737915,0.09067115932703018
1403906170734071817,neutral,1.6855745315551758,0.37137290835380554,0.37932199239730835
1403906170767695887,negative,1.461721420288086,-0.3907068371772766,1.6715383529663086
1403906171463892993,neutral,1.9403049945831299,-0.6860625147819519,0.9651776552200317
1403906171757465602,negative,1.0570768117904663,-0.000577971339225769,1.2942792177200317
1403906172361445378,neutral,1.5784739255905151,-0.6647502779960632,1.351258635520935
1403906174001553408,negative,1.2519750595092773,-0.932662308216095,2.6080667972564697
1403906174148399106,neutral,1.6855745315551758,0.37137290835380554,0.37932199239730835
1403906174638977024,neutral,1.3607540130615234,0.13489976525306702,0.2408149093389511
1403906176052498435,neutral,1.2400773763656616,0.8503363728523254,0.11373038589954376
1403906176346034178,positive,0.9318621754646301,1.0250016450881958,0.4694558382034302
1403906176375533568,neutral,1.7022045850753784,-0.013955235481262207,1.5097193717956543
1403906178413858819,positive,1.9316705465316772,2.1811795234680176,-0.5911884903907776
1403906179793883136,neutral,2.188112735748291,0.19028890132904053,0.11904111504554749
1403906180926169091,negative,1.0604596138000488,-0.9797547459602356,2.726210117340088
1403906182415278083,neutral,1.742183804512024,-0.42591485381126404,1.424264669418335
1403906182780178436,neutral,1.930527687072754,-0.40080782771110535,0.9867516160011292
1403906182885085188,negative,0.4564964175224304,-0.8170602321624756,3.7533457279205322
1403906183874764801,negative,0.9994916319847107,-0.6801028847694397,2.679340362548828
1403906184009105409,neutral,0.7837392091751099,0.3215515911579132,0.707678496837616
1403906184025980930,neutral,1.779981255531311,-0.0025041550397872925,0.3206288814544678
1403906184030081024,neutral,1.8039575815200806,0.39461034536361694,-0.15140296518802643
1403906184512425984,negative,0.7838588953018188,-0.8143433928489685,2.5138864517211914
1403906184554463232,negative,1.2581243515014648,-0.5260668992996216,2.103229284286499
1403906189008773122,neutral,2.1617162227630615,-1.0657997131347656,2.0157406330108643
1403906189252038656,negative,0.8912142515182495,-0.11662193387746811,1.5612975358963013
1403906190111821825,negative,0.4471985399723053,0.7049010396003723,1.3204165697097778
1403906190564749314,negative,1.1678311824798584,0.0937691330909729,1.3716529607772827
1403906191223267329,neutral,1.9266473054885864,-0.6307058334350586,1.599908709526062
1403906191823040518,neutral,2.32621169090271,1.6016260385513306,-0.30468302965164185
1403906192083197956,neutral,2.823246717453003,0.28398552536964417,-0.3825305998325348
1403906192229896194,neutral,3.530146598815918,1.6300078630447388,-1.0650413036346436
1403906193148366857,neutral,1.9468942880630493,0.03930871933698654,0.8207462430000305
1403906193249107969,neutral,1.2853171825408936,0.4760589301586151,0.5363929867744446
1403906193467322368,positive,1.0955201387405396,1.314984679222107,0.5007166266441345
1403906193580511232,neutral,1.997269630432129,0.5990725159645081,0.36160528659820557
1403906194415112192,positive,2.2432477474212646,2.263446807861328,-0.4768962264060974
1403906194444541952,positive,1.3537778854370117,1.4468863010406494,-0.7153021097183228
1403906197011406858,neutral,2.625272750854492,1.9460138082504272,-0.45461955666542053
1403906197778927621,negative,1.4747862815856934,-0.6385427713394165,1.4979108572006226
1403906197921714176,negative,0.6348584890365601,-0.8351641893386841,3.0688998699188232
1403906198051639297,neutral,1.997269630432129,0.5990725159645081,0.36160528659820557
1403906198060081155,neutral,1.2819658517837524,0.9771677851676941,1.18490731716156
1403906198139805700,neutral,2.625272750854492,1.9460138082504272,-0.45461955666542053
1403906199075049472,negative,1.3971322774887085,-0.5545302033424377,1.907373309135437
1403906200010432512,negative,0.9748833775520325,-1.1192152500152588,2.882169485092163
1403906200815685632,negative,1.2862489223480225,-0.6364785432815552,1.9506028890609741
1403906202556375046,negative,0.6439998149871826,-1.2103722095489502,3.6401169300079346
1403906204611624960,neutral,1.302931308746338,0.9679043889045715,0.4096337556838989
1403906205500809218,neutral,1.5419987440109253,-0.09369034320116043,1.4467991590499878
1403906206440251394,negative,0.9626414179801941,-0.26282623410224915,1.3532919883728027
1403906206633054212,negative,1.215798020362854,-1.1671396493911743,2.887923240661621
1403906206952005641,negative,0.9748833775520325,-1.1192152500152588,2.882169485092163
1403906207073529857,neutral,1.648108720779419,1.1006457805633545,-0.14019295573234558
1403906207429980166,neutral,1.6954420804977417,0.45810213685035706,0.472737580537796
1403906208646500356,neutral,2.625272750854492,1.9460138082504272,-0.45461955666542053
1403906209720176645,neutral,0.92145174741745,0.3983960747718811,-0.10801080614328384
1403906209820839936,neutral,3.0349807739257812,-0.022223718464374542,0.15643413364887238
1403906210395422722,neutral,2.1832115650177,1.3436704874038696,-0.046759121119976044
1403906210773016580,neutral,2.625272750854492,1.9460138082504272,-0.45461955666542053
1403906211188072454,neutral,2.3341925144195557,1.2727758884429932,-0.3107021152973175
1403906212266082305,neutral,1.242763876914978,1.2205743789672852,0.13183918595314026
1403906213520281600,negative,1.2394734621047974,-1.073486566543579,2.650541067123413
1403906214275084290,neutral,1.9401782751083374,0.7260285019874573,0.3094605505466461
1403906215273500672,positive,0.665419340133667,0.7275207042694092,-0.020742109045386314
1403906215856455690,positive,1.9125641584396362,2.1415109634399414,-0.13393773138523102
1403906216124772352,neutral,1.6570426225662231,0.3271532356739044,0.4058573842048645
1403906216296730629,negative,1.0548555850982666,-1.3302160501480103,4.144258499145508
1403906216879820801,neutral,1.7190296649932861,0.30161699652671814,1.575066328048706
1403906217446199302,neutral,1.7117774486541748,-0.06808417290449142,1.196837067604065
1403906217534124036,negative,0.8932162523269653,-0.01862712949514389,2.591810941696167
1403906217546813440,positive,2.388894557952881,2.6205320358276367,-0.9003355503082275
1403906217551056897,negative,0.7559114098548889,0.2638542056083679,1.0876308679580688
1403906218272436226,neutral,2.4621315002441406,0.010886110365390778,0.2916152775287628
1403906218662322180,negative,0.8463188409805298,0.0926157534122467,1.0695291757583618
1403906218725347331,negative,1.294554352760315,-1.148228645324707,2.516037940979004
1403906219215974403,neutral,1.6139559745788574,-0.42530807852745056,0.6933454275131226
1403906220403019779,neutral,2.821725368499756,0.025734908878803253,0.5355105400085449
1403906220797403142,neutral,1.3796260356903076,-0.07662767916917801,0.7117828726768494
1403906221287960576,negative,1.4764233827590942,-1.4352012872695923,3.8745975494384766
1403906221611094019,negative,0.10917887091636658,-0.24153777956962585,2.1571013927459717
1403906221854408704,negative,1.1909797191619873,-0.677236795425415,1.3318235874176025
1403906221904646145,neutral,2.558530807495117,0.13132110238075256,0.38226768374443054
1403906222189912065,positive,0.9466571807861328,1.7454102039337158,0.07283709943294525
1403906224664420356,negative,1.5697410106658936,-1.1001583337783813,2.3370935916900635
1403906225054662656,negative,1.0245845317840576,-0.9548211693763733,2.492333173751831
1403906225109012480,negative,1.6558847427368164,-0.9418045878410339,2.0927317142486572
1403906225209757700,negative,1.0245845317840576,-0.9548211693763733,2.492333173751831
1403906225251758085,neutral,2.5322747230529785,1.2583746910095215,-0.22879014909267426
1403906225268535299,negative,1.0245845317840576,-0.9548211693763733,2.492333173751831
1403906225343897607,positive,1.3655515909194946,1.5431089401245117,-0.6035228967666626
1403906225893486595,negative,0.7917097806930542,-0.23494970798492432,2.0541069507598877
1403906226736361477,negative,0.9630367159843445,-0.49980440735816956,2.1679837703704834
1403906226757439488,neutral,1.011866569519043,0.27708733081817627,0.1193532720208168
1403906228057624582,neutral,1.2866863012313843,-0.0976443812251091,0.02911817468702793
1403906228502155267,neutral,0.6305603384971619,0.6164481043815613,0.16563186049461365
1403906228502220803,neutral,2.625272750854492,1.9460138082504272,-0.45461955666542053
1403906229601128456,positive,1.250390648841858,1.3471198081970215,0.33987388014793396
1403906229861236740,neutral,2.625272750854492,1.9460138082504272,-0.45461955666542053
1403906230016479232,neutral,1.2226338386535645,0.30501750111579895,1.2190287113189697
1403906230939176966,negative,1.1909798383712769,-0.677236795425415,1.331823706626892
1403906232042213379,negative,0.528537929058075,-0.6440412402153015,2.08768367767334
1403906232562466817,negative,1.0889734029769897,-1.2248380184173584,2.9755990505218506
1403906234156212224,neutral,1.4454050064086914,-0.5654824376106262,1.3894476890563965
1403906234609242114,neutral,1.3958922624588013,-0.16889941692352295,0.7375704646110535
1403906235330555906,neutral,1.6855745315551758,0.37137290835380554,0.37932199239730835
1403906235917762563,negative,1.3783894777297974,0.08099635690450668,1.7644765377044678
1403906238312861701,negative,1.264915108680725,-0.3722284138202667,1.4042580127716064
1403906238648180740,negative,1.264915108680725,-0.3722284138202667,1.4042580127716064
1403906239738810368,neutral,1.7805098295211792,-0.4500943720340729,1.5971074104309082
1403906239994634240,negative,1.0815117359161377,-1.0512428283691406,2.4338202476501465
1403906240418398212,neutral,1.8289711475372314,0.0308837927877903,1.0262315273284912
1403906240900571138,neutral,1.778055191040039,-0.32790815830230713,0.8943874835968018
1403906240942596098,negative,1.6007444858551025,-1.2062618732452393,3.0223493576049805
1403906241470947334,neutral,2.003999710083008,0.3973018527030945,0.7307682037353516
1403906242607652872,positive,1.7462824583053589,1.8249918222427368,-0.08776453137397766
1403906242842566661,negative,0.8520983457565308,-1.0117419958114624,3.17885422706604
1403906243119521796,neutral,1.9060485363006592,0.7519136667251587,0.7887571454048157
1403906243278688268,positive,2.468137741088867,3.2754783630371094,-1.1367270946502686
1403906244381798400,neutral,2.625272750854492,1.9460138082504272,-0.45461955666542053
1403906244499365894,positive,0.515084445476532,1.228049635887146,0.02559168078005314
1403906245518573569,neutral,1.5833392143249512,0.3938925266265869,0.8823683857917786
1403906250669281289,neutral,1.6611003875732422,0.30547821521759033,0.3590199649333954
1403906250740539392,neutral,1.1269240379333496,-0.001642182469367981,1.087990403175354
1403906251403055107,negative,0.315359890460968,-0.28070446848869324,2.047783851623535
1403906251872952323,negative,1.240432858467102,-1.236743450164795,3.017911911010742
1403906252967665666,neutral,2.625272750854492,1.9460138082504272,-0.45461955666542053
1403906254766952458,neutral,1.4131771326065063,-0.016043826937675476,0.9674007892608643
1403906255584849924,positive,0.720350444316864,0.8083171248435974,-0.18867652118206024
1403906255727431681,neutral,2.052741050720215,1.071890115737915,0.09067115932703018
1403906255815647234,negative,1.1129474639892578,-0.9690681099891663,2.117701768875122
1403906256214102025,neutral,1.5035816431045532,0.6982328295707703,1.3890341520309448
1403906256864124932,negative,0.777225136756897,-0.0853528305888176,0.9199120998382568
1403906257082331140,negative,1.6007444858551025,-1.2062618732452393,3.0223493576049805
1403906257656950788,neutral,1.761025071144104,-0.26658743619918823,0.952614963054657
1403906257870737409,neutral,1.6444642543792725,-0.19591745734214783,0.7901115417480469
1403906258286133248,negative,1.0859694480895996,-0.3869226574897766,1.3611735105514526
1403906259514953732,neutral,1.2079205513000488,0.627472460269928,0.6209598779678345
1403906260471369728,neutral,1.921402931213379,1.0402295589447021,-0.4371316432952881
1403906260647518208,neutral,1.997269630432129,0.5990725159645081,0.36160528659820557
1403906261289164800,positive,0.7942162752151489,2.0221214294433594,0.5750638842582703
1403906261297467393,neutral,2.011277914047241,1.9183720350265503,-0.3147282004356384
1403906261737897991,neutral,1.8135885000228882,0.5859074592590332,0.7274630069732666
1403906262157332485,positive,0.9369063377380371,2.884045362472534,-0.6939033269882202
1403906262291468291,neutral,2.3341925144195557,1.2727758884429932,-0.3107021152973175
1403906262442463233,positive,1.6895514726638794,2.528743028640747,-0.5413202047348022
1403906262790705153,neutral,1.2701576948165894,0.05383387580513954,1.2357118129730225
1403906262966976517,neutral,3.8425393104553223,1.7328801155090332,-0.7808090448379517
1403906264384479233,negative,1.1678311824798584,0.09376915544271469,1.3716529607772827
1403906265055592449,positive,0.8017951250076294,3.0335397720336914,-0.22985626757144928
1403906265928003584,negative,1.0308377742767334,-0.6512084603309631,2.2666141986846924
1403906266179596291,neutral,1.997269630432129,0.5990725159645081,0.36160528659820557
1403906267786141698,neutral,1.839959740638733,-0.16151729226112366,1.091134786605835
1403906268004298753,negative,0.7188099026679993,-0.06016144901514053,1.143034815788269
1403906270764036100,negative,1.3328379392623901,-1.1997720003128052,3.0109012126922607
1403906271372214275,positive,0.8245278000831604,3.599487781524658,-1.0238977670669556
1403906271435182080,neutral,2.1617162227630615,-1.0657998323440552,2.0157408714294434
1403906272487895045,negative,1.3783894777297974,0.08099635690450668,1.7644765377044678
1403906272529899521,negative,0.7933357357978821,-0.48086026310920715,2.746335744857788
1403906273117097989,neutral,2.091165065765381,0.41404983401298523,0.2832891643047333
1403906274333540353,negative,1.1453746557235718,0.38371577858924866,1.3632245063781738
1403906274643779585,negative,1.265724539756775,-0.9316266179084778,2.187412738800049
1403906274882854916,neutral,1.6855745315551758,0.37137290835380554,0.37932199239730835
1403906275549671429,neutral,1.7561542987823486,-0.8290484547615051,1.4632173776626587
1403906276443099142,neutral,1.9403049945831299,-0.6860625147819519,0.9651776552200317
1403906276590067720,positive,0.21227353811264038,3.467972755432129,-0.5637767314910889
1403906277135327234,positive,1.5562151670455933,4.703226566314697,-1.1407763957977295
1403906279828070403,neutral,2.625272750854492,1.9460138082504272,-0.45461955666542053
1403906280746532870,neutral,1.4965715408325195,-0.20596197247505188,1.160211205482483
1403906280901603335,neutral,2.2719674110412598,0.6240074038505554,0.39884182810783386
1403906281312718853,negative,1.3842887878417969,-0.5325324535369873,1.9620671272277832
1403906282080382976,negative,0.18835321068763733,-0.11816788464784622,2.115694999694824
1403906282713718784,neutral,1.3460924625396729,0.22084492444992065,1.2817739248275757
1403906282864717824,negative,1.2766809463500977,-0.6316000819206238,1.7445170879364014
1403906282986348545,neutral,1.3899788856506348,0.6057613492012024,0.27298712730407715
1403906283581984776,negative,1.2364071607589722,-0.002802528440952301,1.3485653400421143
1403906286811418628,neutral,2.1007437705993652,0.5062513947486877,0.6880261898040771
1403906287742689286,neutral,2.285835027694702,0.5885412096977234,0.5008156299591064
1403906288036233216,negative,1.270840048789978,-0.8014376163482666,2.3333983421325684
1403906288636018694,neutral,2.821725368499756,0.025734908878803253,0.5355105400085449
1403906288954707968,neutral,1.256706714630127,0.5936391949653625,0.2627660632133484
1403906289126690817,positive,0.6205309629440308,1.3406785726547241,0.08763010799884796
1403906290716266499,negative,1.3783894777297974,0.08099635690450668,1.7644765377044678
1403906291257335817,neutral,2.5702617168426514,1.8108757734298706,-1.2761218547821045
1403906291949572101,neutral,1.8709139823913574,0.7854757308959961,0.3054758906364441
1403906292071075846,negative,1.9477826356887817,-1.1551731824874878,2.5208499431610107
1403906293090308096,negative,0.9438527226448059,-0.7162034511566162,2.5685036182403564
1403906294805897217,neutral,1.6214871406555176,0.3073577880859375,0.3893381357192993
1403906295351103492,neutral,2.625272750854492,1.9460138082504272,-0.45461955666542053
1403906296626114561,neutral,1.3037545680999756,0.6209306716918945,0.35674941539764404
1403906296663969793,neutral,1.4281240701675415,0.2547079026699066,0.7170527577400208
1403906298014437376,neutral,1.6855745315551758,0.3713728189468384,0.3793219029903412
1403906298022817796,negative,0.748586118221283,-0.7561111450195312,3.619358539581299
1403906298454974468,negative,1.404975175857544,-0.5681217908859253,2.0486958026885986
1403906299562188805,neutral,2.625272750854492,1.9460138082504272,-0.45461955666542053
1403906299855708160,negative,1.2369447946548462,-1.1358453035354614,2.645667314529419
1403906301969719296,negative,0.8372718691825867,-0.42047104239463806,2.374258041381836
1403906302141632514,negative,0.9748833775520325,-1.1192152500152588,2.882169485092163
1403906302569484290,neutral,1.3804744482040405,-0.004854649305343628,0.9743434190750122
1403906302636552195,negative,1.1676231622695923,-0.24041062593460083,1.4941885471343994
1403906303102099460,negative,0.7472902536392212,-0.3917769491672516,1.7244369983673096
1403906303391637508,neutral,0.7762666344642639,0.6418076157569885,-0.29848453402519226
1403906303555211264,neutral,1.2782251834869385,1.0630608797073364,0.8250166177749634
1403906303777517568,neutral,1.7022045850753784,-0.013955235481262207,1.5097193717956543
1403906304259739651,positive,1.2137781381607056,1.5583857297897339,-0.11843549460172653
1403906304830103555,neutral,1.6570426225662231,0.3271532356739044,0.4058573842048645
1403906305400709128,negative,1.5222373008728027,-0.9056124687194824,1.993055820465088
1403906306113744896,negative,1.233862042427063,-0.5133168697357178,1.5972967147827148
1403906308080766978,negative,0.8323348760604858,0.08698143064975739,1.295982837677002
1403906308143828992,negative,1.1997941732406616,-0.8993458151817322,2.8312976360321045
1403906309783752705,neutral,1.6653332710266113,0.9958205819129944,-0.52581787109375
1403906310228398081,negative,0.9117291569709778,0.3137030005455017,1.3016351461410522
1403906311809499143,neutral,1.6156479120254517,1.0034308433532715,0.9610841870307922
1403906312321204224,negative,1.1453746557235718,0.38371577858924866,1.3632245063781738
1403906313113935873,negative,1.0605428218841553,0.6568532586097717,1.2180978059768677
1403906313755660293,positive,1.0253416299819946,1.7324020862579346,-0.5096251368522644
1403906314309443585,negative,1.628108024597168,-1.2114717960357666,2.9594035148620605
1403906314418352138,neutral,1.4138519763946533,-0.015692003071308136,1.1708335876464844
1403906314472878080,neutral,1.8663444519042969,0.966738224029541,-0.20627053081989288
1403906314498097154,negative,1.4418120384216309,-0.24100220203399658,2.326531171798706
1403906314799968256,neutral,1.4469647407531738,0.42249831557273865,1.4333525896072388
1403906315139706885,positive,0.33494889736175537,0.524472713470459,0.14507071673870087
1403906315915730945,positive,0.759109616279602,1.2187156677246094,0.22433312237262726
1403906316305899525,neutral,1.5289995670318604,0.4505651593208313,0.8436334729194641
1403906318172233731,neutral,2.1113874912261963,0.6213820576667786,-0.5065125226974487
1403906318424055808,neutral,1.4255098104476929,0.39263659715652466,1.0397721529006958
1403906318642130944,negative,0.7997888326644897,-0.45927536487579346,1.0116312503814697
1403906319023755266,positive,0.5172626972198486,1.3257051706314087,0.6153555512428284
1403906319279693825,neutral,2.6773452758789062,0.22431209683418274,0.040757738053798676
1403906319464079364,neutral,1.1891783475875854,-0.2635117769241333,0.7630719542503357
1403906320407928836,negative,0.9748833775520325,-1.1192152500152588,2.882169485092163
1403906321368465409,negative,1.2766809463500977,-0.6316000819206238,1.744517207145691
1403906321963945988,positive,1.5819085836410522,1.608933925628662,0.020906714722514153
1403906322085474311,negative,0.3373638987541199,-0.3596455752849579,1.227567195892334
1403906322148610048,neutral,2.625272750854492,1.9460138082504272,-0.45461955666542053
1403906322211483649,negative,0.32169240713119507,-0.03332890570163727,2.6834514141082764
1403906322505011202,negative,1.0238580703735352,-0.6816105246543884,2.6686837673187256
1403906323578646529,neutral,2.1400153636932373,0.5785577893257141,0.15094248950481415
1403906323582910468,neutral,2.3341925144195557,1.2727758884429932,-0.3107021152973175
1403906325017501698,neutral,1.8482731580734253,1.1811474561691284,-0.22026196122169495
1403906325352878085,neutral,1.2835427522659302,-0.2360410988330841,1.2445476055145264
1403906325642362883,positive,0.279989629983902,1.7874094247817993,0.10376875102519989
1403906326820921344,neutral,2.5457308292388916,1.3318943977355957,-0.518132746219635
1403906327038943237,neutral,2.6474900245666504,1.66831374168396,-0.08408528566360474
1403906328507125764,neutral,1.945709228515625,-0.6587940454483032,1.8722808361053467
1403906328699961348,neutral,1.8789911270141602,-0.40279388427734375,0.8726474046707153
1403906329173839875,negative,1.336681604385376,-0.15887650847434998,1.4055930376052856
1403906329182355459,neutral,1.4103851318359375,0.6190850734710693,0.7239391803741455
1403906329836613632,negative,1.1743296384811401,-0.6907413601875305,1.8844592571258545
1403906331141148672,negative,0.8424783945083618,-1.0175365209579468,2.8512141704559326
1403906332541992963,neutral,2.625272750854492,1.9460138082504272,-0.45461955666542053
1403906332818776064,neutral,1.9924054145812988,0.2653124928474426,0.619064211845398
1403906334538489857,neutral,1.9035418033599854,-0.08448085933923721,0.688651442527771
1403906335968686086,neutral,1.997269630432129,0.5990725159645081,0.36160528659820557
1403906336165748737,negative,0.11642156541347504,0.046310875564813614,1.3508745431900024
1403906337092816900,neutral,2.23433256149292,0.5764689445495605,-0.08703839033842087
1403906337516445703,negative,1.520560383796692,-0.7478625774383545,2.1152725219726562
1403906338342674438,neutral,1.6023966073989868,0.19074121117591858,0.9598806500434875
1403906341324742656,negative,0.9345637559890747,-0.44876405596733093,2.3169517517089844
1403906341505318914,neutral,2.1839535236358643,1.1075093746185303,-0.4932873249053955
1403906344340660231,neutral,2.1463863849639893,0.7051233053207397,0.19727148115634918
1403906345775083527,negative,0.7080601453781128,0.16163715720176697,1.8222038745880127
1403906346567667718,negative,1.035300850868225,-0.12515750527381897,1.3637292385101318
1403906347217813505,neutral,2.625272750854492,1.9460138082504272,-0.45461955666542053
1403906347809132545,negative,0.7838588953018188,-0.8143433928489685,2.5138864517211914
1403906347997949954,neutral,2.052741050720215,1.071890115737915,0.09067115932703018
1403906348622962689,negative,0.7437505722045898,0.3917277753353119,1.296365737915039
1403906348874563586,positive,1.0322803258895874,1.3157156705856323,0.06368087232112885
1403906350564868097,negative,0.8318189978599548,0.6618202328681946,0.9000068306922913
1403906350657138691,neutral,2.141719102859497,0.8943176865577698,0.00048178061842918396
1403906351034740740,positive,1.0034629106521606,1.9376695156097412,0.12064309418201447
1403906351143657472,positive,2.7747244834899902,2.796359062194824,-1.2498503923416138
1403906352246833156,negative,1.653664231300354,-0.9171726703643799,1.9001154899597168
1403906352255324164,negative,0.7356282472610474,-1.0188978910446167,3.530339241027832
1403906353962180609,neutral,1.376390814781189,1.0247414112091064,-0.3381221294403076
1403906354155196416,neutral,1.5824435949325562,0.2038957178592682,0.5083480477333069
1403906354297835522,neutral,0.9585390090942383,0.45724910497665405,0.42956966161727905
1403906354415276033,positive,1.5064520835876465,3.7731142044067383,-1.1212252378463745
1403906354637545473,neutral,1.9473469257354736,0.7833622694015503,0.10200800001621246
1403906355426177034,negative,0.9748833775520325,-1.1192152500152588,2.882169485092163
1403906355468148739,positive,0.9576420187950134,1.3268085718154907,0.07662045955657959
1403906356831145989,neutral,1.7301621437072754,0.9095026254653931,0.6380394101142883
1403906357494009856,negative,1.2099939584732056,0.3448275327682495,1.274100422859192
1403906357871321088,neutral,1.5303000211715698,-0.35313680768013,1.211012601852417
1403906358236299265,neutral,2.625272750854492,1.9460138082504272,-0.45461955666542053
1403906358261567495,positive,2.123021125793457,2.5757787227630615,-0.8639580011367798
1403906359037349891,negative,0.4564964175224304,-0.8170602321624756,3.7533457279205322
1403906360132128770,negative,1.5133771896362305,-0.703666090965271,2.4460394382476807
1403906361109401600,negative,0.7449336051940918,0.22729694843292236,1.3791594505310059
1403906361230913539,neutral,1.8756214380264282,0.6750196814537048,0.05864750221371651
1403906362329948160,neutral,2.3061580657958984,0.5227154493331909,0.32168152928352356
1403906362380275720,positive,0.33824867010116577,2.728299617767334,-0.3481678366661072
1403906362510172163,positive,1.738209843635559,2.0182063579559326,0.06913383305072784
1403906362648797185,neutral,1.2766530513763428,0.4372353255748749,0.13287609815597534
1403906363152076807,negative,0.5143396854400635,-0.8587573170661926,2.7235260009765625
1403906363239976963,neutral,1.997269630432129,0.5990725159645081,0.36160528659820557
1403906364766789637,positive,1.0377857685089111,2.818105697631836,-0.616931676864624
1403906365723131907,negative,0.8974338173866272,-1.4270367622375488,4.123830318450928
1403906365806899204,neutral,2.695265531539917,0.9322531819343567,-0.20005527138710022
1403906366985555971,positive,2.4681379795074463,3.2754783630371094,-1.1367270946502686
1403906367052607492,neutral,2.217390537261963,0.30976635217666626,0.3410781919956207
1403906367438602241,negative,0.2703382670879364,0.24771249294281006,2.192659616470337
1403906368055169025,negative,0.08063021302223206,0.2625332772731781,0.5424059629440308
1403906368063479809,negative,0.11763165146112442,0.1909247487783432,0.6930148005485535
1403906369153953795,neutral,1.5831729173660278,0.01674593985080719,0.6735329031944275
1403906370248843265,negative,0.7838588953018188,-0.8143433928489685,2.5138864517211914
1403906370332610560,negative,1.286249041557312,-0.6364784836769104,1.9506030082702637
1403906371628662787,neutral,2.1832115650177,1.3436704874038696,-0.046759121119976044
1403906371834335234,neutral,1.288504958152771,0.4984723925590515,0.1203310564160347
1403906371997810688,neutral,1.0278273820877075,-0.06498480588197708,0.9790149331092834
1403906372131950592,negative,1.0302449464797974,-0.06643686443567276,1.8575307130813599
1403906372488605697,negative,1.6300996541976929,-1.1651184558868408,2.5472283363342285
1403906373386215427,neutral,1.134535312652588,0.507368803024292,1.016538381576538
1403906373482651654,neutral,3.8425393104553223,1.7328801155090332,-0.7808090448379517
1403906373750951946,negative,0.6674232482910156,-0.2697971761226654,1.1525102853775024
1403906376292868097,negative,0.5049619674682617,0.9324029088020325,1.339577078819275
1403906376922025986,negative,1.2547144889831543,-0.79404616355896,2.326758623123169
1403906377597263879,negative,0.6439998149871826,-1.2103722095489502,3.6401169300079346
1403906377886568448,neutral,1.6855745315551758,0.37137290835380554,0.37932199239730835
1403906378217922570,neutral,2.3341925144195557,1.2727758884429932,-0.3107021450996399
1403906379837063168,neutral,1.6156479120254517,1.0034308433532715,0.9610841870307922
1403906381028204544,neutral,1.5833392143249512,0.3938925266265869,0.8823683857917786
1403906382680576000,neutral,1.4886181354522705,-0.09009797126054764,0.41791653633117676
1403906383553069059,negative,1.6008819341659546,-1.041918158531189,2.407745361328125
1403906385394356225,neutral,1.7114241123199463,0.2853153944015503,1.5801481008529663
1403906386526752773,neutral,4.102873802185059,2.523174285888672,-1.3451967239379883
1403906386967158786,negative,1.3366817235946655,-0.1588764786720276,1.4055930376052856
1403906388959526912,neutral,1.4025256633758545,-0.3142548203468323,1.1465338468551636
1403906390939287553,neutral,1.9354102611541748,0.2299511730670929,0.6115692853927612
1403906391014662148,neutral,2.6875815391540527,2.32707142829895,-0.8675783276557922
1403906391304192000,negative,1.475736141204834,-0.9849343299865723,2.194669008255005
1403906392361213955,neutral,1.3811956644058228,0.4655352234840393,0.9131887555122375
1403906393376129024,neutral,2.217390537261963,0.30976635217666626,0.3410781919956207
1403906394164707331,negative,0.7307708859443665,-0.39800959825515747,2.704324960708618
1403906394189750278,negative,1.7558860778808594,-1.0132685899734497,2.2379770278930664
1403906394806394880,neutral,2.2124781608581543,-0.45513680577278137,1.2352460622787476
1403906396186320899,neutral,1.8914828300476074,-0.7007710337638855,1.5175745487213135
1403906396815466498,neutral,2.0725762844085693,0.9011543989181519,0.589404284954071
1403906397906034692,neutral,1.359930396080017,0.5527054071426392,0.20825375616550446
1403906398153441284,neutral,1.2254502773284912,0.8646102547645569,0.5978625416755676
1403906398442999810,negative,0.6939438581466675,-0.4063788652420044,1.8710474967956543
1403906398866583554,negative,1.1634631156921387,0.4580264091491699,1.4192317724227905
1403906399373914113,neutral,2.3341925144195557,1.2727758884429932,-0.3107021152973175
1403906399776673793,negative,1.075622797012329,-0.5833528637886047,1.5381051301956177
1403906399797645314,negative,0.5666109919548035,-0.8695406913757324,3.228283405303955
1403906400481419267,negative,1.1894159317016602,-1.2110246419906616,3.38926100730896
1403906400917413892,negative,1.1043614149093628,-1.030840277671814,2.7649714946746826
1403906401903198209,negative,0.9962952136993408,-1.2191569805145264,3.216510057449341
1403906402020515844,negative,1.233862042427063,-0.5133167505264282,1.5972967147827148
1403906402033094658,negative,1.1453746557235718,0.38371577858924866,1.3632245063781738
1403906404793081859,neutral,2.0291671752929688,0.6206552386283875,-0.2947610914707184
1403906405342478341,negative,1.3783894777297974,0.08099635690450668,1.7644765377044678
1403906405367619584,negative,1.264915108680725,-0.37222835421562195,1.4042580127716064
1403906405971595269,neutral,1.1269240379333496,-0.0016421154141426086,1.0879905223846436
1403906406160519171,negative,1.5523520708084106,0.03382487967610359,1.7433135509490967
1403906406449770496,neutral,1.6405744552612305,-0.21724933385849,1.5368856191635132
1403906407498338305,neutral,2.23433256149292,0.5764689445495605,-0.08703839033842087
1403906408026828803,negative,1.6757272481918335,-1.1267354488372803,2.5844032764434814
1403906408077135877,negative,0.8163565993309021,-0.28455764055252075,2.188464403152466
1403906408794443778,negative,1.0775350332260132,-1.0179500579833984,2.4721131324768066
1403906409423458305,neutral,2.3341925144195557,1.2727758884429932,-0.3107021152973175
1403906409767399427,positive,0.18880382180213928,2.8812472820281982,-0.22866497933864594
1403906410597867526,negative,1.7582069635391235,-1.0444567203521729,1.9251039028167725
1403906411915063301,negative,1.5661864280700684,-1.2773277759552002,3.0817058086395264
1403906412061679616,negative,1.2817212343215942,-0.5921063423156738,1.8944188356399536
1403906412657266689,negative,1.0545748472213745,-0.5156394839286804,1.2932755947113037
1403906412690829316,negative,1.172010898590088,-1.1872378587722778,3.150053024291992
1403906413055840258,negative,0.7838588953018188,-0.8143433928489685,2.5138864517211914
1403906413580193797,neutral,1.5238653421401978,0.9720404148101807,0.6270157694816589
1403906413714362371,negative,1.2130876779556274,-0.11638269573450089,1.5395174026489258
1403906414653837313,neutral,1.430562973022461,0.0907946527004242,1.0932543277740479
1403906414733561864,neutral,1.2400773763656616,0.8503363728523254,0.11373043805360794
1403906414817406977,neutral,2.0557925701141357,-0.2599976658821106,1.5520027875900269
1403906415400468480,negative,1.1634631156921387,0.4580264091491699,1.4192317724227905
1403906415425556483,negative,0.6439996361732483,-1.2103722095489502,3.6401169300079346
1403906416063168515,negative,1.3783894777297974,0.08099635690450668,1.7644765377044678
1403906417170563074,neutral,1.4763433933258057,-0.23083719611167908,1.4460935592651367
1403906417455636485,negative,1.2267593145370483,-0.1980901062488556,1.8586796522140503
1403906417589854216,neutral,1.8429560661315918,0.14164376258850098,0.4011899530887604
1403906418369990657,negative,1.6007444858551025,-1.2062618732452393,3.0223493576049805
1403906419498307587,neutral,2.61476993560791,0.34581702947616577,1.3133689165115356
1403906420358144005,neutral,1.4671486616134644,-0.1719343364238739,0.8173035383224487
1403906420848816130,positive,1.2309989929199219,1.5489630699157715,0.04541397839784622
1403906422841171972,negative,0.7256687879562378,-0.08319271355867386,1.782366156578064
1403906423487037441,neutral,3.530146598815918,1.6300078630447388,-1.0650413036346436
1403906424573362176,neutral,1.0921580791473389,0.3735751509666443,0.01111413724720478
1403906424779022344,negative,0.8925231099128723,-0.13794201612472534,1.05130934715271
1403906425680662532,negative,0.623803973197937,0.13021966814994812,1.831742525100708
1403906426460786696,neutral,2.052741050720215,1.071890115737915,0.09067115932703018
1403906426536271874,neutral,1.997269630432129,0.5990725159645081,0.36160528659820557
1403906426607702016,negative,1.1543956995010376,-0.9598162770271301,2.321227788925171
1403906427131813890,neutral,1.6855745315551758,0.37137290835380554,0.37932199239730835
1403906427895226369,neutral,1.2885048389434814,0.4984723627567291,0.1203310638666153
1403906427983437826,positive,0.9865683317184448,3.5153119564056396,-1.242088794708252
1403906428981563397,neutral,3.287609577178955,2.0938608646392822,-1.1477129459381104
1403906429900050434,negative,0.1259879320859909,0.2305757999420166,1.3861007690429688
1403906431204663297,neutral,2.625272750854492,1.9460138082504272,-0.45461955666542053
1403906431791865860,positive,0.8832582235336304,1.854641318321228,0.5737977027893066
1403906433301639176,negative,1.1883636713027954,-1.2294809818267822,3.358447551727295
1403906433389715460,neutral,2.6769564151763916,2.3944640159606934,-0.713961660861969
1403906433398173703,negative,0.8323348760604858,0.08698143064975739,1.295982837677002
1403906435033964548,positive,1.1851427555084229,2.0086612701416016,0.025623366236686707
1403906435981791234,negative,1.4462556838989258,-0.3757871687412262,1.785593867301941
1403906435994599436,negative,0.6129806041717529,-0.11368290334939957,1.5935389995574951
1403906437529604096,negative,0.6814873814582825,0.7462995052337646,2.288438081741333
1403906438989221890,negative,1.4396209716796875,-0.03735410422086716,1.5953599214553833
1403906439664525312,neutral,2.4517135620117188,0.8326507806777954,-0.5465279221534729
1403906440075567104,neutral,1.2323832511901855,-0.29414263367652893,1.1886245012283325
1403906440801128448,negative,1.126154899597168,-0.6449976563453674,1.9454050064086914
1403906440931069955,negative,0.43919938802719116,0.3243088126182556,1.958966851234436
1403906441145167872,positive,0.7835697531700134,2.177720069885254,0.11566367745399475
1403906441426223105,neutral,1.7071160078048706,-0.4036189615726471,1.461320161819458
1403906441698709505,neutral,1.893314242362976,-0.7749470472335815,1.616837501525879
1403906442940194824,positive,1.9316705465316772,2.1811797618865967,-0.5911884903907776
1403906443447734274,neutral,2.052741050720215,1.071890115737915,0.09067115932703018
1403906444290842630,neutral,0.8022460341453552,0.03514819219708443,0.7866289615631104
1403906444647337990,neutral,1.437436580657959,0.20800712704658508,0.10670052468776703
1403906444919902213,negative,1.1822929382324219,-1.163294792175293,2.907407760620117
1403906445414862849,negative,1.4482611417770386,-0.49610087275505066,2.39558482170105
1403906445653991431,neutral,1.8259774446487427,-0.7735645174980164,1.5164077281951904
1403906447520546816,negative,0.6800119876861572,0.32397007942199707,1.336367130279541
1403906449332477954,neutral,2.821725368499756,0.025734908878803253,0.5355105400085449
1403906449651113989,negative,1.3783894777297974,0.08099635690450668,1.7644765377044678
1403906450058092544,positive,1.5585358142852783,1.6895849704742432,0.27024054527282715
1403906450095697926,neutral,2.625272750854492,1.9460138082504272,-0.45461955666542053
1403906450565574659,neutral,1.6131221055984497,-0.28977248072624207,1.3831908702850342
1403906452549423111,neutral,2.4055380821228027,-0.5972002744674683,1.152747631072998
1403906453526790147,neutral,1.921278953552246,0.24524930119514465,0.5271075367927551
1403906455321804800,neutral,1.756455659866333,1.6841607093811035,-0.3159254491329193
1403906455410024448,negative,0.6936244964599609,1.011009931564331,1.4119681119918823
1403906455456018438,negative,1.3794223070144653,-0.8809386491775513,2.103163719177246
1403906456752168960,neutral,1.4684616327285767,0.25637727975845337,0.9545781016349792
1403906457049833473,positive,0.852933406829834,1.2892200946807861,0.08430267125368118
1403906457821536256,negative,1.3001209497451782,-1.0977072715759277,2.906006336212158
1403906459449057282,positive,0.7503215074539185,2.493455410003662,-0.4936765432357788
1403906459612725251,neutral,1.7214484214782715,1.5464037656784058,-0.2701442539691925
1403906460384387076,neutral,2.625272750854492,1.9460138082504272,-0.45461955666542053
1403906462242394113,positive,0.665419340133667,0.7275207042694092,-0.020742109045386314
1403906462481584132,neutral,1.775754690170288,0.414730429649353,0.7451024651527405
1403906463244816386,neutral,1.9266473054885864,-0.6307058334350586,1.599908709526062
1403906463962218500,negative,1.4293277263641357,-0.7054563164710999,1.7991511821746826
1403906464050151425,positive,1.2763971090316772,3.2631077766418457,-0.6889165639877319
1403906464775815168,negative,0.917948305606842,-0.921925961971283,3.1674342155456543
1403906465010651136,neutral,2.452232599258423,1.149108648300171,-0.24050457775592804
1403906465631412228,neutral,1.0847060680389404,0.051545388996601105,0.5709735155105591
1403906466885472263,neutral,2.0655086040496826,0.4131208658218384,0.5198038816452026
1403906466902425603,neutral,1.997269630432129,0.5990725159645081,0.36160528659820557
1403906468101779457,neutral,2.1617162227630615,-1.0657998323440552,2.0157408714294434
1403906468311621632,neutral,2.625272750854492,1.9460139274597168,-0.45461955666542053
1403906468399616004,neutral,1.923659086227417,-0.40338224172592163,1.4600595235824585
1403906468412153856,negative,1.9585481882095337,-1.0081886053085327,2.0708603858947754
1403906468995244033,negative,1.262342095375061,-1.2370593547821045,2.973182201385498
1403906469158850561,negative,0.8834195733070374,0.13129740953445435,0.9358941912651062
1403906470500917256,neutral,3.3442530632019043,1.0462470054626465,-0.6227420568466187
1403906470526308354,negative,0.8022167682647705,0.4341140687465668,1.7234629392623901
1403906472321355782,negative,1.0939655303955078,-0.11510755866765976,1.4040491580963135
1403906473684389889,neutral,2.090834617614746,0.39091354608535767,0.4272962212562561
1403906474028457985,negative,0.924693763256073,-0.4894910752773285,1.7189046144485474
1403906474590441473,negative,1.1676231622695923,-0.24041053652763367,1.4941887855529785
1403906474838003715,negative,1.2249159812927246,-0.9688088297843933,2.2292375564575195
1403906475823493121,neutral,1.4703917503356934,-0.5288827419281006,1.1385102272033691
1403906479267057667,negative,1.017020344734192,-0.35129761695861816,1.3196467161178589
1403906479271211013,negative,1.0395634174346924,-0.2831163704395294,1.9716969728469849
1403906481074839552,neutral,1.6222120523452759,-0.3098700940608978,1.2465291023254395
1403906481330679809,negative,0.4564964175224304,-0.8170602321624756,3.7533457279205322
1403906481355956227,positive,0.547514796257019,0.8055830001831055,-0.026750056073069572
1403906482328903680,neutral,2.3341925144195557,1.2727758884429932,-0.3107021152973175
1403906482911989763,neutral,1.6051539182662964,-0.10807613283395767,1.1894357204437256
1403906484321280000,neutral,2.1617162227630615,-1.0657998323440552,2.0157408714294434
1403906484673466370,neutral,2.253906488418579,1.0838887691497803,-0.4620298445224762
1403906485030047748,negative,0.9148074984550476,0.3796556293964386,1.2562073469161987
1403906485277454341,neutral,1.2284166812896729,1.0170340538024902,-0.28458699584007263
1403906485319516163,negative,1.6990327835083008,-0.8242049217224121,2.076925277709961
1403906487383166976,negative,0.6439998149871826,-1.2103722095489502,3.6401169300079346
1403906487534067712,positive,1.0253547430038452,2.0932607650756836,-0.11102349311113358
1403906488024829959,neutral,1.6156479120254517,1.0034308433532715,0.9610841870307922
1403906489941700610,negative,0.7721843719482422,-0.6099720001220703,1.7554892301559448
1403906490189111305,neutral,1.2291231155395508,0.819144070148468,0.7638819217681885
1403906490323410944,negative,1.4444735050201416,-0.6939519643783569,1.851381540298462
1403906492240117761,negative,1.2162586450576782,-0.5242144465446472,1.7988438606262207
1403906492449923073,neutral,2.568883180618286,1.129800796508789,-0.2209995537996292
1403906494983180291,neutral,1.2725595235824585,0.224781334400177,0.33565184473991394
1403906495301898246,negative,0.934790313243866,-1.1652289628982544,3.85894775390625
1403906496019275777,negative,0.6660141348838806,-0.3295535147190094,1.3836469650268555
1403906496442814465,neutral,1.9868810176849365,-0.6137557029724121,0.8835256695747375
1403906497109757953,neutral,1.7049206495285034,-0.24268308281898499,1.0272581577301025
1403906497260638210,positive,0.4333159625530243,4.772531986236572,-0.34713631868362427
1403906498476929033,negative,1.2063621282577515,-0.09909703582525253,1.328478217124939
1403906499232083971,neutral,1.6156479120254517,1.0034308433532715,0.9610841870307922
1403906499286470657,neutral,2.0866456031799316,1.445961833000183,0.0823710709810257
1403906502512021509,negative,0.6696226596832275,-0.42026957869529724,2.5761711597442627
1403906502725935109,negative,0.9519453048706055,-0.05562625080347061,1.8607261180877686
1403906506735583235,neutral,2.3341925144195557,1.2727758884429932,-0.3107021152973175
1403906506744020999,negative,0.9166011214256287,-0.8116375803947449,2.416252613067627
1403906508069511169,negative,0.4551318287849426,-0.2642868757247925,1.7105393409729004
1403906508115439620,neutral,2.221489429473877,0.72684246301651,-0.06258542835712433
1403906508295864320,neutral,2.052741050720215,1.071890115737915,0.09067115932703018
1403906511370395650,negative,1.3369065523147583,-1.1491202116012573,2.950049877166748
1403906512150405121,neutral,2.930694103240967,0.5735365152359009,0.031116146594285965
1403906512192360450,neutral,2.3341925144195557,1.2727758884429932,-0.3107021152973175
1403906513077346305,neutral,2.3731279373168945,1.0183039903640747,0.10669022798538208
1403906513694085123,negative,0.47133031487464905,-0.05977889150381088,1.080047369003296
1403906513811378182,neutral,2.1969223022460938,2.1639487743377686,-0.557047426700592
1403906515594059777,neutral,0.7901771068572998,0.6964384317398071,0.5586777925491333
1403906516080549888,neutral,2.6875815391540527,2.32707142829895,-0.8675783276557922
1403906516231589890,negative,0.31494009494781494,-0.9557984471321106,3.343172073364258
1403906517506478083,negative,1.3328379392623901,-1.1997720003128052,3.0109012126922607
1403906519096168455,negative,1.0360783338546753,-1.0250738859176636,2.9189677238464355
1403906519595368448,negative,1.1857867240905762,-1.2084218263626099,3.279703378677368
1403906521444982788,neutral,1.5892086029052734,0.4622190594673157,0.7332231998443604
1403906521814102019,negative,1.5823251008987427,-0.2922000288963318,1.7196110486984253
1403906523651215368,negative,1.173438310623169,-0.5260042548179626,1.7820850610733032
1403906523680567296,negative,1.1245452165603638,-0.006361722946166992,1.5536779165267944
1403906523831713792,neutral,1.8289711475372314,0.0308837927877903,1.0262315273284912
1403906523844206595,neutral,1.2773395776748657,-0.2883698344230652,0.9556552767753601
1403906524020457479,neutral,1.686621069908142,-0.2661079466342926,0.9133419990539551
1403906524162924545,negative,0.7912189960479736,-0.2917386293411255,1.9170169830322266
1403906524460859392,negative,1.8062810897827148,-1.0508441925048828,2.2431118488311768
1403906527853953030,negative,1.8523280620574951,-1.027245283126831,1.9890691041946411
1403906528009101318,positive,1.3256670236587524,1.3347405195236206,-0.422879159450531
1403906528550084610,positive,0.9295927286148071,3.1355040073394775,0.2507247030735016
1403906529216974856,negative,1.426865577697754,-0.6184746026992798,1.9251316785812378
1403906529389015048,neutral,1.7757548093795776,0.4147302806377411,0.7451025247573853
1403906531356143616,negative,0.17296627163887024,-0.5670062303543091,2.0695197582244873
1403906531804938242,positive,0.43407881259918213,5.286980628967285,-0.6489558219909668
1403906532388057088,negative,1.1293995380401611,-0.8899080753326416,2.3372597694396973
1403906533394575365,neutral,1.778055191040039,-0.32790815830230713,0.8943874835968018
1403906533990219776,neutral,1.2400773763656616,0.8503363728523254,0.11373043805360794
1403906534342467584,positive,0.852933406829834,1.2892200946807861,0.08430267125368118
1403906534409637897,neutral,1.9200305938720703,0.0010940954089164734,1.3634589910507202
1403906535281938433,neutral,1.9266473054885864,-0.6307058334350586,1.599908709526062
1403906535462371332,negative,1.4106166362762451,-0.3626219928264618,1.4732586145401
1403906540000714761,negative,1.7395908832550049,-1.0408869981765747,2.2672970294952393
1403906540344578054,neutral,1.1927601099014282,1.169266700744629,0.2822078764438629
1403906540734537730,neutral,1.2698253393173218,0.34966301918029785,0.5562231540679932
1403906541460152323,negative,1.5778164863586426,-0.869271993637085,2.266237258911133
1403906541514756099,negative,1.1656769514083862,0.5335906744003296,1.5695799589157104
1403906542290837507,neutral,1.0235453844070435,0.6660113334655762,0.6404285430908203
1403906542332690434,negative,0.9864599704742432,-0.5773411393165588,1.4517544507980347
1403906542412484617,negative,0.355703204870224,-0.016902431845664978,2.129138231277466
1403906542802513932,neutral,1.344944715499878,0.8820641040802002,0.9993665814399719
1403906543209357315,neutral,1.52370023727417,0.1597282588481903,1.0037050247192383
1403906543268007938,neutral,1.4352675676345825,0.1815916895866394,-0.29167860746383667
1403906543838396419,positive,1.7423045635223389,2.073765754699707,-0.6409151554107666
1403906544354291713,positive,1.9316705465316772,2.1811797618865967,-0.5911884903907776
1403906544543039495,negative,0.9929909706115723,-0.7368529438972473,1.9260650873184204
1403906544660627462,neutral,2.2906551361083984,1.474596381187439,-0.30628135800361633
1403906545209982986,neutral,1.6403971910476685,0.09317987412214279,0.895832896232605
1403906545268805639,neutral,2.625272750854492,1.9460138082504272,-0.45461955666542053
1403906545394540547,neutral,2.2895379066467285,1.1529268026351929,0.5300979018211365
1403906545558110212,neutral,2.2564704418182373,0.14379052817821503,0.6904779076576233
1403906545650388994,negative,1.1377832889556885,0.09125112742185593,1.7747714519500732
1403906545839087616,neutral,2.413705348968506,-0.45455697178840637,0.8469371795654297
1403906546275397633,negative,0.9467269778251648,0.3241625428199768,0.9665160179138184
1403906546455572481,positive,0.8529334664344788,1.2892200946807861,0.08430264890193939
1403906547152044034,negative,0.8947702050209045,-0.21060416102409363,1.837630033493042
1403906547571478531,positive,2.3379032611846924,2.525219440460205,-0.6998003721237183
1403906548481478660,negative,0.9748833775520325,-1.1192152500152588,2.882169485092163
1403906548787732481,neutral,2.046024799346924,0.4687936305999756,1.0916634798049927
1403906549156827140,negative,0.36166971921920776,0.33541640639305115,2.1726033687591553
1403906549534265347,neutral,2.6875815391540527,2.32707142829895,-0.8675783276557922
1403906550465323011,neutral,3.2634880542755127,1.4938586950302124,-0.9160882234573364
1403906550935085056,neutral,2.052741050720215,1.071890115737915,0.09067115932703018
1403906551316877313,neutral,1.6282025575637817,0.18884903192520142,0.7864205241203308
1403906552264790020,negative,1.4438881874084473,-0.6026861667633057,1.8681057691574097
1403906554043187201,negative,1.1801820993423462,-0.7076994180679321,2.716151475906372
1403906554085056514,positive,0.3808101415634155,2.0996904373168945,-0.21621841192245483
1403906555309805571,negative,1.0604596138000488,-0.9797547459602356,2.726210117340088
1403906556056391681,neutral,0.9056490659713745,0.5443539619445801,0.6679309010505676
1403906556140290051,negative,1.215798020362854,-1.1671396493911743,2.887923240661621
1403906557025296387,neutral,2.3341925144195557,1.2727758884429932,-0.3107021152973175
1403906557906067464,neutral,2.625272750854492,1.9460138082504272,-0.45461955666542053
1403906558451499017,neutral,2.4069910049438477,0.04383545368909836,0.48996153473854065
1403906559290269699,neutral,1.5978000164031982,0.07402771711349487,0.7179110050201416
1403906559344738306,neutral,1.907110571861267,0.4913070797920227,0.8414324522018433
1403906559642537987,neutral,2.2124781608581543,-0.45513680577278137,1.2352460622787476
1403906560464621570,negative,0.3790668845176697,-0.4280112683773041,3.137397050857544
1403906560758145026,neutral,1.6855745315551758,0.37137290835380554,0.37932199239730835
1403906560833826818,negative,0.02449631877243519,0.07075205445289612,0.6012734174728394
1403906560968040450,negative,1.4173321723937988,-0.8946917057037354,1.9594849348068237
1403906561253257221,neutral,1.6855745315551758,0.37137290835380554,0.37932199239730835
1403906562142314500,negative,0.8610116839408875,0.03850841522216797,1.8271985054016113
1403906562951888900,negative,0.7039392590522766,-0.24899780750274658,2.370288848876953
1403906563371417600,negative,0.6181727051734924,0.4907044470310211,2.0628721714019775
1403906564105310211,negative,1.402754306793213,-0.6918677091598511,2.192742109298706
1403906565237739522,negative,1.3777521848678589,-0.5341883301734924,1.5538820028305054
1403906566676533252,neutral,1.997269630432129,0.5990725159645081,0.3616052567958832
1403906567561388041,negative,0.5049620270729065,0.9324032068252563,1.3395769596099854
1403906567817240579,neutral,1.6855745315551758,0.37137290835380554,0.37932199239730835
1403906570157711361,positive,0.6540652513504028,4.457258701324463,-0.10641791671514511
1403906570392510470,neutral,1.8106341361999512,0.416299045085907,0.6457952260971069
1403906571172712449,negative,0.7449336051940918,0.22729694843292236,1.3791594505310059
1403906571931766787,neutral,2.0866453647613525,1.445961594581604,0.08237110823392868
1403906572791599105,positive,2.231765031814575,4.851693630218506,-1.5625149011611938
1403906573055967232,positive,0.31565752625465393,3.907130241394043,-0.8454955220222473
1403906573592715265,neutral,2.6163887977600098,1.7948631048202515,-0.34238243103027344
1403906574993690627,negative,1.2384705543518066,-1.3431555032730103,3.4356377124786377
1403906575119515655,negative,1.1085838079452515,-0.47857633233070374,1.881900429725647
1403906575312510983,negative,0.5049619674682617,0.9324029684066772,1.3395769596099854
1403906575794946048,neutral,0.6305603384971619,0.6164481043815613,0.16563186049461365
1403906576067354624,negative,0.9397192001342773,-1.1390490531921387,2.995074987411499
1403906576092733447,neutral,1.9510406255722046,0.9893127083778381,-0.11158467084169388
1403906576197423109,negative,1.327541470527649,-0.38985559344291687,1.9293816089630127
1403906576667324416,neutral,1.3485996723175049,-0.05860476940870285,0.7320418357849121
1403906577686466561,negative,1.1172542572021484,-0.47305968403816223,1.9853107929229736
1403906577757872137,neutral,1.2079204320907593,0.6274724006652832,0.6209599375724792
1403906578688856067,positive,2.2432477474212646,2.263446807861328,-0.4768962264060974
1403906578965803009,neutral,2.2286715507507324,-0.2596360445022583,1.06540048122406
1403906578999218176,negative,0.925391674041748,0.14350998401641846,2.226928949356079
1403906581054607361,neutral,1.4214918613433838,0.3286351263523102,0.8487670421600342
1403906581637390337,neutral,3.530146598815918,1.6300078630447388,-1.0650413036346436
1403906582300274693,negative,0.5871728658676147,-0.894006609916687,3.2647907733917236
1403906582535041024,negative,0.5049619674682617,0.9324029684066772,1.3395769596099854
1403906582849593344,negative,1.232214331626892,-1.0002336502075195,2.143557071685791
1403906584132997122,neutral,2.4701709747314453,1.5373717546463013,-0.25612926483154297
1403906584275832836,negative,1.264915108680725,-0.3722284138202667,1.4042580127716064
1403906585395556352,neutral,1.5784739255905151,-0.6647502779960632,1.351258635520935
1403906586469232643,neutral,1.652836799621582,-0.18677228689193726,1.370069146156311
1403906587241091080,negative,0.6439998149871826,-1.2103722095489502,3.6401169300079346
1403906587811581953,negative,1.1531275510787964,-1.1795328855514526,2.6931636333465576
1403906588071579650,neutral,0.6856586337089539,0.5042612552642822,0.5012006163597107
1403906588377759746,neutral,1.6855745315551758,0.3713728189468384,0.37932199239730835
1403906588541210627,positive,1.4831966161727905,2.9330174922943115,-0.691502571105957
1403906588725977088,negative,1.2206894159317017,-0.19977346062660217,1.49382746219635
1403906588910493703,neutral,2.0965383052825928,0.6666526794433594,0.6154760122299194
1403906589162196995,neutral,2.4701709747314453,1.5373717546463013,-0.25612926483154297
1403906589380206592,neutral,2.133840560913086,0.15199224650859833,0.4240938127040863
1403906589736804355,positive,2.2271292209625244,3.158660650253296,-1.025310754776001
1403906590177054725,neutral,1.8663444519042969,0.966738224029541,-0.20627053081989288
1403906590332313601,negative,0.8778622150421143,0.24720993638038635,1.3028075695037842
1403906590793768962,neutral,2.625272750854492,1.9460138082504272,-0.45461955666542053
1403906591674433536,positive,2.7747244834899902,2.796359062194824,-1.2498503923416138
1403906592370794499,negative,0.995698869228363,0.7166517972946167,1.1328978538513184
1403906592861392897,neutral,2.3341925144195557,1.2727758884429932,-0.3107021152973175
1403906596544028674,neutral,1.6855745315551758,0.37137290835380554,0.37932199239730835
1403906597051682820,neutral,2.1617162227630615,-1.0657998323440552,2.0157408714294434
1403906597504512003,neutral,1.039949655532837,0.3805174231529236,0.07256270945072174
1403906598779723778,neutral,1.302931308746338,0.9679043889045715,0.4096337556838989
1403906599098408963,negative,0.8432114720344543,-1.0509629249572754,2.6532540321350098
1403906600914411528,negative,0.5262770652770996,0.07711561024188995,2.0982792377471924
1403906603124932616,negative,0.5255849957466125,-0.8891612887382507,3.7391750812530518
1403906603783385093,negative,1.0138916969299316,-0.5314828753471375,1.6369118690490723
1403906604425093120,neutral,2.625272750854492,1.9460138082504272,-0.45461955666542053
1403906604584431617,neutral,1.9428819417953491,1.140679121017456,0.4406459331512451
1403906604689416194,neutral,2.625272750854492,1.9460138082504272,-0.45461955666542053
1403906604752203781,negative,1.215798020362854,-1.1671396493911743,2.887923240661621
1403906608464289792,negative,1.2163066864013672,-0.5742518305778503,2.435396194458008
1403906610142105601,negative,1.1634631156921387,0.4580264389514923,1.419231653213501
1403906611551248384,negative,0.9136680960655212,-0.264970988035202,1.2766344547271729
1403906612796919811,neutral,2.0509450435638428,0.30172479152679443,0.5288617610931396
1403906613333876737,negative,1.2301437854766846,-1.0355260372161865,3.0406808853149414
1403906615716171783,negative,1.062785029411316,-0.004294149577617645,1.7522209882736206
1403906615984549888,negative,0.5512961149215698,-0.618155837059021,2.770799398422241
1403906616211111937,neutral,1.778055191040039,-0.32790815830230713,0.8943874835968018
1403906616261492744,neutral,1.6164865493774414,1.4496878385543823,-0.06439043581485748
1403906616659906561,neutral,2.3341925144195557,1.2727758884429932,-0.3107021152973175
1403906617704394752,negative,1.6007444858551025,-1.2062618732452393,3.0223493576049805
1403906618400641026,neutral,2.5006959438323975,-0.8022841215133667,0.7901448011398315
1403906618840993793,neutral,1.8289711475372314,0.0308837927877903,1.0262315273284912
1403906620090830849,negative,1.168332576751709,-1.02181077003479,2.484980344772339
1403906620568981509,negative,1.1340593099594116,0.14519686996936798,1.7294284105300903
1403906620938018816,neutral,2.0660197734832764,0.39674216508865356,0.08538449555635452
1403906622393442309,positive,1.713273286819458,2.3917200565338135,-0.44058623909950256
1403906622473216002,positive,1.1954171657562256,1.8517539501190186,-0.0208152886480093
1403906622515126276,negative,1.1528812646865845,-1.0942914485931396,2.8199374675750732
1403906622993223684,neutral,1.0828195810317993,0.6129902005195618,0.7105563282966614
1403906623521714179,neutral,1.2636449337005615,0.32260802388191223,0.736374020576477
1403906624259907585,neutral,2.625272750854492,1.9460138082504272,-0.45461955666542053
1403906624868130817,neutral,2.7115259170532227,-0.4899958670139313,0.7837503552436829
1403906624918491139,positive,1.213778018951416,1.5583857297897339,-0.1184355691075325
1403906626013122566,neutral,1.2263097763061523,-0.004434011876583099,1.210904836654663
1403906626294329345,negative,0.8425706028938293,-1.15806245803833,3.1593658924102783
1403906626583674892,negative,1.030448317527771,-0.8581322431564331,2.982595682144165
1403906626734657541,neutral,1.8696669340133667,-0.16065841913223267,1.1359456777572632
1403906626810228737,neutral,2.2733819484710693,0.4194236099720001,0.28312626481056213
1403906627338657792,neutral,1.9659719467163086,0.3703058660030365,0.4774651825428009
1403906629267906563,negative,0.6779541373252869,0.009075701236724854,1.4272425174713135
1403906630580719617,neutral,2.6875815391540527,2.32707142829895,-0.8675783276557922
1403906631352479745,positive,1.2091647386550903,1.3670402765274048,-0.22814436256885529
1403906631532904455,negative,1.5755946636199951,-0.5786572694778442,2.2205755710601807
1403906631977553923,neutral,2.076892614364624,0.13081876933574677,1.3865910768508911
1403906634104123392,neutral,2.0398097038269043,0.6565144062042236,0.08112096786499023
1403906634691264515,neutral,1.302931308746338,0.9679043889045715,0.4096337556838989
1403906636817838082,neutral,1.9200305938720703,0.0010940954089164734,1.3634589910507202
1403906636889141255,neutral,2.0965383052825928,0.6666526794433594,0.6154760122299194
1403906637149085697,neutral,1.3367869853973389,-0.4508208930492401,0.9626389741897583
1403906637195190273,neutral,1.655745267868042,0.5212509632110596,0.6115458607673645
1403906637664985088,negative,1.3462823629379272,-1.2416229248046875,2.9527995586395264
1403906638000578560,neutral,1.2632895708084106,0.7865667939186096,0.911281943321228
1403906638289924096,neutral,2.3341925144195557,1.2727758884429932,-0.3107021152973175
1403906638348656644,neutral,1.0847060680389404,0.051545388996601105,0.5709735155105591
1403906641695752196,neutral,2.5852203369140625,1.28076171875,-0.1403299868106842
1403906641913856004,neutral,1.5368995666503906,0.15694363415241241,0.29869672656059265
1403906644916981763,negative,0.9748833775520325,-1.1192152500152588,2.882169485092163
1403906645554450434,neutral,3.0692317485809326,1.2135751247406006,-0.6559907793998718
1403906645650919424,negative,0.1129363626241684,-0.0021011680364608765,1.4779789447784424
1403906646275993600,negative,1.1255486011505127,-1.1524320840835571,3.339778423309326
1403906646338949123,neutral,1.6156479120254517,1.0034308433532715,0.9610841870307922
1403906647001534467,negative,1.030448317527771,-0.8581322431564331,2.982595682144165
1403906647047774209,neutral,1.6855745315551758,0.37137290835380554,0.37932199239730835
1403906647194439683,neutral,1.4783040285110474,-0.06829572468996048,1.2539050579071045
1403906647261552641,negative,1.3366817235946655,-0.1588764786720276,1.4055930376052856
1403906647538475010,negative,0.8951877355575562,0.768164336681366,1.0320322513580322
1403906647911772164,neutral,1.1377830505371094,0.4559585750102997,0.9498754739761353
1403906648033296384,neutral,3.305400848388672,1.9923040866851807,-1.2392243146896362
1403906648205299713,neutral,2.6875815391540527,2.32707142829895,-0.8675783276557922
1403906648511434752,negative,0.41199395060539246,-1.2524182796478271,3.9692134857177734
1403906648633118723,neutral,2.625272750854492,1.9460138082504272,-0.45461955666542053
1403906649090269187,negative,1.1453746557235718,0.38371577858924866,1.3632245063781738
1403906649203564550,neutral,1.549101710319519,-0.7296223640441895,1.4869049787521362
1403906650101084160,neutral,1.498626708984375,-0.4970935881137848,1.4509538412094116
1403906651564900352,neutral,1.0847060680389404,0.051545388996601105,0.5709735155105591
1403906654156967944,neutral,1.215329647064209,-0.07557293027639389,1.1792097091674805
1403906654333140994,neutral,2.3061580657958984,0.5227155089378357,0.32168158888816833
1403906655260078081,neutral,3.3731300830841064,3.2971441745758057,-1.506832242012024
1403906656598175755,negative,0.5049619674682617,0.9324029684066772,1.3395769596099854
1403906657743159297,negative,1.334246277809143,-1.2699408531188965,3.2300450801849365
1403906658011516933,negative,0.44221192598342896,-0.8003039956092834,3.8190762996673584
1403906658321846272,negative,1.2796670198440552,-1.0590089559555054,2.458263874053955
1403906659097878528,negative,0.5205059051513672,-0.5000441074371338,1.8347415924072266
1403906659878006785,neutral,1.6051539182662964,-0.10807613283395767,1.1894357204437256
1403906661132144647,neutral,1.8259775638580322,-0.7735645771026611,1.5164076089859009
1403906661299875842,neutral,2.3341925144195557,1.2727758884429932,-0.3107021152973175
1403906661434146823,negative,1.3250322341918945,-0.5132935643196106,1.9598480463027954
1403906661522214912,negative,0.7377516031265259,-0.529400110244751,1.9682550430297852
1403906661803118592,negative,1.3323875665664673,-0.29261744022369385,1.5215338468551636
1403906663795544065,negative,0.5666109323501587,-0.8695406913757324,3.228282928466797
1403906664181374976,neutral,1.997269630432129,0.5990725159645081,0.36160528659820557
1403906664345001985,negative,1.1615644693374634,-0.3875342607498169,1.371885895729065
1403906665422802946,negative,0.21050669252872467,0.16855280101299286,0.3258369565010071
1403906665712398338,neutral,2.6114749908447266,1.282996416091919,-0.7027744650840759
1403906665804611590,negative,1.265419840812683,-1.3163349628448486,3.8514387607574463
1403906666324803585,negative,1.227729082107544,0.4598032236099243,1.5324076414108276
1403906666890944518,positive,1.039758324623108,4.303289413452148,-0.7194570899009705
1403906667041984520,neutral,1.1030031442642212,0.2833000719547272,-0.03652506321668625
1403906667184476161,neutral,1.2698253393173218,0.34966301918029785,0.5562231540679932
1403906667486629891,neutral,2.625272750854492,1.9460138082504272,-0.45461955666542053
1403906668048502788,neutral,2.338282585144043,1.7948495149612427,-0.08194007724523544
1403906668493148160,neutral,1.644966959953308,1.6198278665542603,0.5804798007011414
1403906669357248512,neutral,1.5385462045669556,0.9830991625785828,0.48284485936164856
1403906669805932545,neutral,1.2808656692504883,0.411310613155365,0.2458156943321228
1403906669877280768,positive,0.36246976256370544,2.2049460411071777,0.2784538269042969
1403906671647375361,positive,1.0659171342849731,1.7168433666229248,-0.2542877495288849
1403906672326709252,neutral,2.3341925144195557,1.2727758884429932,-0.3107021152973175
1403906673442385921,positive,1.1051744222640991,1.2678714990615845,0.4832414388656616
1403906673610170371,negative,0.8323348760604858,0.08698143064975739,1.295982837677002
1403906674650460161,neutral,2.080955743789673,-0.5841154456138611,1.136730432510376
1403906674742661120,neutral,3.685387372970581,2.799368381500244,-1.362143874168396
1403906674822246400,neutral,1.409034252166748,-0.26521536707878113,1.2389127016067505
1403906675963154434,neutral,2.052741050720215,1.071890115737915,0.09067115932703018
1403906676810473473,neutral,2.1617162227630615,-1.0657998323440552,2.0157408714294434
1403906677439561728,neutral,2.0509448051452637,0.30172473192214966,0.5288618206977844
1403906677536088068,negative,1.3366817235946655,-0.1588764786720276,1.4055930376052856
1403906678244917250,neutral,1.5789002180099487,-0.6340998411178589,1.2408424615859985
1403906678811095042,neutral,3.557668685913086,3.221004009246826,-1.3609461784362793
1403906679440384002,negative,1.1740585565567017,-0.01893799751996994,1.175110101699829
1403906681335996426,neutral,2.052741050720215,1.071890115737915,0.09067115932703018
1403906681520726024,neutral,1.8995020389556885,0.36364561319351196,0.27541738748550415
1403906683655524358,positive,2.2271292209625244,3.158660650253296,-1.025310754776001
1403906683785592832,neutral,1.7761629819869995,-0.6551270484924316,1.7760751247406006
1403906685542993922,neutral,1.300834059715271,-0.09550062566995621,1.0681965351104736
1403906685563981831,neutral,2.6875815391540527,2.32707142829895,-0.8675783276557922
1403906685811367941,negative,1.0025691986083984,-0.8021319508552551,2.8853776454925537
1403906685861834752,negative,1.2765007019042969,-0.07167240232229233,1.4529045820236206
1403906686218293250,negative,0.49583619832992554,-0.2608067989349365,2.5745387077331543
1403906687732441088,negative,1.0975369215011597,-0.435861736536026,1.9444928169250488
1403906688869187589,positive,1.0659171342849731,1.7168433666229248,-0.2542877495288849
1403906689733169156,positive,0.6364436149597168,1.0936732292175293,0.7759619355201721
1403906691117113346,negative,0.7838588953018188,-0.8143433928489685,2.5138864517211914
1403906691117174790,neutral,2.240521192550659,-0.7039738893508911,1.0266350507736206
1403906691381530627,negative,0.4564964175224304,-0.8170602321624756,3.7533457279205322
1403906691393998850,negative,1.2667109966278076,-0.26224109530448914,1.7691845893859863
1403906691553398786,neutral,1.6984167098999023,-0.3839702606201172,1.1807929277420044
1403906691708510210,neutral,2.3061580657958984,0.5227155089378357,0.32168155908584595
1403906692732133376,neutral,1.878629207611084,0.7013331055641174,-0.008812503889203072
1403906695571513344,negative,1.6558163166046143,-0.8843981027603149,1.8954583406448364
1403906695844167684,negative,1.0727025270462036,-0.5602710843086243,1.4149266481399536
1403906696104140800,neutral,3.530146598815918,1.6300078630447388,-1.0650413036346436
1403906696720887810,negative,0.6796947121620178,0.3465017080307007,0.6849085092544556
1403906696771104768,positive,1.5974020957946777,5.0727410316467285,-1.5596588850021362
1403906698058735617,neutral,1.6855745315551758,0.37137290835380554,0.37932199239730835
1403906699010924555,negative,0.9147040843963623,-0.9210955500602722,3.2653841972351074
1403906699753365504,neutral,1.6855745315551758,0.37137290835380554,0.37932199239730835
1403906699967225859,negative,1.3475594520568848,-0.7858156561851501,1.6864840984344482
1403906700814393348,negative,1.1300694942474365,-1.0594947338104248,2.752730369567871
1403906701435146246,positive,1.5079127550125122,1.5450831651687622,0.03308340907096863
1403906702114574337,neutral,1.5820757150650024,1.0577198266983032,0.5734934210777283
1403906702760579074,negative,0.5409404039382935,-0.2594256103038788,1.84824538230896
1403906702823415809,neutral,2.244518756866455,0.9707902073860168,0.03659210354089737
1403906703339311109,negative,1.653664231300354,-0.9171726703643799,1.9001154899597168
1403906704841056256,neutral,1.4276527166366577,-0.4668014347553253,1.1877541542053223
1403906705621078016,neutral,1.362337350845337,0.9025374054908752,1.0039955377578735
1403906706044719104,negative,1.0457220077514648,0.44665294885635376,1.6429133415222168
1403906706174795782,negative,1.5639655590057373,-1.1227035522460938,2.9069602489471436
1403906706405351426,neutral,2.6163885593414307,1.7948631048202515,-0.3423824608325958
1403906707953123330,negative,1.07478928565979,-0.4489003121852875,1.8658560514450073
1403906708628336644,neutral,2.538785457611084,0.7427265048027039,0.07306258380413055
1403906709085589508,neutral,1.6277409791946411,0.7912073135375977,-0.25616466999053955
1403906709110677504,negative,1.6262003183364868,-0.8582462668418884,2.0004072189331055
1403906709580566534,neutral,2.1832115650177,1.3436704874038696,-0.046759121119976044
1403906709995859970,negative,1.1085838079452515,-0.47857633233070374,1.881900429725647
1403906710943633414,neutral,2.1129953861236572,-0.9184985756874084,1.771653652191162
1403906711111409668,neutral,1.6855745315551758,0.37137284874916077,0.37932199239730835
1403906711266545664,neutral,2.3341925144195557,1.2727758884429932,-0.3107021152973175
1403906711686029315,neutral,1.9403049945831299,-0.6860625147819519,0.9651776552200317
1403906711983849474,negative,0.431253045797348,-0.5251297354698181,2.688978433609009
1403906712227123201,negative,0.26208746433258057,-0.7995626926422119,3.056494951248169
1403906712294330370,negative,0.9467423558235168,-0.8004999756813049,2.303720474243164
1403906712403329027,negative,1.6007444858551025,-1.2062618732452393,3.0223493576049805
1403906713095315456,negative,1.1043612957000732,-1.0308401584625244,2.7649717330932617
1403906713896452099,negative,1.9585481882095337,-1.0081886053085327,2.0708603858947754
1403906714290642944,negative,0.938889741897583,-0.1918814778327942,1.5786609649658203
1403906714395725834,negative,1.1792982816696167,-0.7506026029586792,1.5198140144348145
1403906714601148418,positive,0.8546127080917358,1.9654216766357422,0.09434190392494202
1403906714617802754,neutral,1.0847063064575195,0.051545400172472,0.5709735751152039
1403906715725307904,negative,0.4759233891963959,0.20145314931869507,3.3296687602996826
1403906717537034241,neutral,1.1269240379333496,-0.001642182469367981,1.087990403175354
1403906720204791814,neutral,1.7022045850753784,-0.013955235481262207,1.5097193717956543
1403906720368185344,negative,0.5673071146011353,0.05731311812996864,1.3943166732788086
1403906721349836801,negative,0.5666109919548035,-0.8695405721664429,3.228283405303955
1403906722624835590,negative,1.654996633529663,-1.2412664890289307,2.854562759399414
1403906723522482178,neutral,1.2264734506607056,1.2208912372589111,0.26199018955230713
1403906727016210436,neutral,1.8903943300247192,0.4806407392024994,0.3595852553844452
1403906729796980738,neutral,2.2096855640411377,1.3377846479415894,-0.23173819482326508
1403906730770141189,positive,1.8069733381271362,3.7390940189361572,-0.962721586227417
1403906732330520578,neutral,1.9595197439193726,0.34914809465408325,1.0103899240493774
1403906732473077761,neutral,1.5871936082839966,0.4305369257926941,-0.1983095407485962
1403906732687036416,negative,0.8909760117530823,-0.6572743058204651,1.5916316509246826
1403906733261611015,negative,1.42825186252594,-1.1638981103897095,2.5680627822875977
1403906734146527238,negative,0.9864599704742432,-0.5773411393165588,1.4517544507980347
1403906736394620934,positive,1.4977381229400635,2.547320604324341,-0.596419095993042
1403906736780722176,neutral,0.9061040282249451,-0.01757952570915222,0.8989633321762085
1403906738324135936,positive,0.8632138967514038,3.00301456451416,0.056698985397815704
1403906738588372995,neutral,2.625272750854492,1.9460138082504272,-0.45461955666542053
1403906738680598538,positive,1.0603731870651245,3.5177536010742188,-0.4637181758880615
1403906739980865539,neutral,1.6334930658340454,0.9686387777328491,-0.34456560015678406
1403906740303892487,neutral,1.9200305938720703,0.0010940954089164734,1.3634589910507202
1403906740408569861,neutral,2.695265531539917,0.9322531819343567,-0.20005527138710022
1403906740639473669,negative,1.0545748472213745,-0.5156394839286804,1.2932755947113037
1403906742451261442,positive,1.4618544578552246,2.822908639907837,-0.5045411586761475
1403906742841446403,neutral,1.5419888496398926,-0.8002535700798035,1.2676305770874023
1403906743973945346,neutral,2.1594398021698,-0.8905642032623291,1.5799450874328613
1403906744418541571,neutral,1.3768507242202759,-0.024025529623031616,1.1648238897323608
1403906745001562117,neutral,1.73675537109375,0.0934026837348938,0.2138328105211258
1403906745928409089,neutral,1.8709139823913574,0.7854757308959961,0.3054758906364441
1403906747006337025,neutral,1.3410236835479736,0.9887680411338806,0.3211137056350708
1403906749862756352,negative,1.1489026546478271,-0.8475337028503418,2.532418727874756
1403906749912911873,neutral,3.3731300830841064,3.2971441745758057,-1.506832242012024
1403906750659584001,neutral,1.302931308746338,0.9679043889045715,0.4096337854862213
1403906750848274435,neutral,2.0858242511749268,1.509029507637024,0.10151737183332443
1403906751896895495,neutral,1.9659720659255981,0.3703058660030365,0.47746512293815613
1403906753729863681,neutral,1.4659044742584229,-0.4316388666629791,1.0249764919281006
1403906753901830144,negative,1.1392604112625122,-1.2855130434036255,3.472311019897461
1403906754396700673,positive,2.238135814666748,5.022839069366455,-1.190769910812378
1403906757114712068,neutral,1.965971827507019,0.3703058958053589,0.4774651825428009
1403906759689785352,neutral,2.067192792892456,0.04909537732601166,0.5099313259124756
1403906760268787716,neutral,1.4920762777328491,-0.14380034804344177,0.554823637008667
1403906760616808453,neutral,2.126412868499756,-0.8504928350448608,1.3406469821929932
1403906761283698689,positive,1.032038927078247,2.556358575820923,-0.43143773078918457
1403906761501806594,neutral,1.9351874589920044,-0.26005128026008606,0.9495813846588135
1403906762122485761,neutral,1.9144980907440186,1.1054495573043823,-0.055954426527023315
1403906763112521729,neutral,1.6657605171203613,0.7909679412841797,0.28728872537612915
1403906763426914306,neutral,3.530146837234497,1.6300079822540283,-1.0650413036346436
1403906764102320129,neutral,2.133840560913086,0.15199224650859833,0.4240938127040863
1403906764106387459,neutral,1.2323262691497803,0.11180698126554489,1.197016954421997
1403906764140130304,negative,1.3090683221817017,-0.46252748370170593,1.5586451292037964
1403906766304251908,neutral,2.3341925144195557,1.2727758884429932,-0.3107021152973175
1403906766891458561,neutral,1.9403049945831299,-0.6860625147819519,0.9651776552200317
1403906767231152129,negative,0.4241456091403961,-0.5057076215744019,2.713197946548462
1403906767440986117,negative,1.1997941732406616,-0.8993458151817322,2.8312976360321045
1403906768556625922,negative,0.9270029664039612,-0.5083950757980347,2.1529541015625
1403906768917258241,positive,0.28730881214141846,0.7250657081604004,0.619722306728363
1403906768963477504,negative,0.8858291506767273,-0.7517827749252319,2.895052433013916
1403906769152213002,neutral,2.1832115650177,1.3436704874038696,-0.046759121119976044
1403906769731076098,neutral,2.625272750854492,1.9460138082504272,-0.45461955666542053
1403906770033065985,neutral,2.39257550239563,2.0174386501312256,-0.8273851275444031
1403906770259484672,negative,0.9929909706115723,-0.7368528842926025,1.9260650873184204
1403906770678988803,neutral,1.7117419242858887,-0.7719659805297852,1.2950795888900757
1403906772444844032,negative,1.2228007316589355,-0.8171431422233582,2.512629985809326
1403906773396836354,neutral,2.052741050720215,1.071890115737915,0.09067115932703018
1403906774982225926,neutral,1.9266473054885864,-0.6307058334350586,1.599908709526062
1403906776987320321,neutral,1.6855745315551758,0.37137290835380554,0.37932199239730835
1403906778857881610,negative,1.4180810451507568,-0.916871964931488,1.8428053855895996
1403906778941714432,positive,1.5534296035766602,2.214327096939087,-0.25891146063804626
1403906778996383747,neutral,1.334269404411316,0.44066452980041504,0.3523106575012207
1403906779214405635,negative,1.1900370121002197,-1.170117974281311,2.839707851409912
1403906780967497732,neutral,1.927438735961914,-0.1654486358165741,0.9127358198165894
1403906780996964354,negative,0.15704035758972168,-0.09160765260457993,1.710944652557373
1403906781475074051,neutral,1.6004141569137573,0.8650838136672974,-0.33603671193122864
1403906781584134146,neutral,2.052741050720215,1.071890115737915,0.09067115932703018
1403906781701545987,negative,0.77295982837677,1.035903811454773,1.1609423160552979
1403906781886124032,negative,1.0639537572860718,-0.0025803223252296448,1.3332210779190063
1403906782309851136,neutral,1.8418269157409668,0.2835570275783539,0.4379495084285736
1403906782750142467,neutral,2.4701709747314453,1.5373717546463013,-0.25612926483154297
1403906782859169793,positive,1.160023808479309,2.659471273422241,-0.37519052624702454
1403906783559794688,neutral,2.174131155014038,-0.12412277609109879,0.19238610565662384
1403906785270898690,positive,2.770085096359253,5.407965660095215,-1.6803197860717773
1403906785942016000,negative,1.6757272481918335,-1.1267354488372803,2.5844032764434814
1403906788060139520,negative,1.1353546380996704,-0.2905583679676056,1.2604365348815918
1403906788370436100,neutral,1.8419952392578125,-0.3826942443847656,1.0468398332595825
1403906788563501063,negative,1.3971322774887085,-0.5545302033424377,1.907373309135437
1403906789058310152,negative,1.215798020362854,-1.1671396493911743,2.887923240661621
1403906789133852673,neutral,2.1617162227630615,-1.0657998323440552,2.0157408714294434
1403906790513799177,positive,1.5123114585876465,1.5200202465057373,0.6913415789604187
1403906790534881283,neutral,1.2491083145141602,0.4453287720680237,0.7408767342567444
1403906791428165633,positive,0.8221638202667236,1.2446218729019165,0.7840337753295898
1403906792321523713,neutral,2.085529327392578,-1.0059571266174316,1.7210099697113037
1403906792493436928,negative,1.6757272481918335,-1.1267354488372803,2.5844032764434814
1403906792862535684,neutral,2.6163885593414307,1.7948631048202515,-0.3423824608325958
1403906793533759488,negative,1.1085838079452515,-0.47857633233070374,1.881900668144226
1403906794393686018,neutral,1.808187484741211,-0.3648030459880829,1.1206120252609253
1403906794716483586,neutral,1.7974337339401245,0.22144842147827148,1.246658205986023
1403906795060465666,negative,0.9748833775520325,-1.1192152500152588,2.882169485092163
1403906795240714243,negative,1.3366817235946655,-0.1588764786720276,1.4055930376052856
1403906796104740873,negative,1.5135540962219238,-1.0665991306304932,2.387446880340576
1403906796868182026,positive,2.3175458908081055,5.512167453765869,-1.7263919115066528
1403906796998197249,neutral,1.4918092489242554,0.32296088337898254,1.4714171886444092
1403906797539414018,positive,1.4703788757324219,2.2427890300750732,-0.30935317277908325
1403906797832871947,neutral,1.5505496263504028,0.010589689016342163,-0.4008420407772064
1403906798436950017,negative,0.6439996957778931,-1.2103722095489502,3.6401169300079346
1403906799179272192,negative,1.0682328939437866,0.3367060422897339,1.1667726039886475
1403906799556718599,negative,1.046755313873291,-0.6381112337112427,2.241591691970825
1403906800659931139,negative,0.6697967648506165,-0.36133503913879395,2.3487186431884766
1403906802249465856,neutral,1.8135885000228882,0.5859075784683228,0.7274629473686218
1403906802350178305,positive,0.4380453824996948,1.790460467338562,0.18414653837680817
1403906802429820930,neutral,1.614327311515808,0.29235079884529114,1.3416800498962402
1403906802908110851,negative,1.0545748472213745,-0.5156394839286804,1.2932755947113037
1403906803264634881,neutral,0.7408071756362915,0.4705727696418762,0.3522842526435852
1403906804531089413,neutral,2.052741050720215,1.071890115737915,0.09067115932703018
1403906804774445056,negative,1.1062226295471191,-0.8950792551040649,2.4937965869903564
1403906806053699585,neutral,2.3341925144195557,1.2727758884429932,-0.3107021152973175
1403906806137593859,neutral,2.6130030155181885,1.6106544733047485,-0.5985633730888367
1403906806804467713,neutral,2.2724971771240234,1.9717869758605957,-0.6302210688591003
1403906806964011008,negative,1.3366817235946655,-0.1588764786720276,1.4055930376052856
1403906808599748611,positive,0.9755069613456726,2.3922088146209717,0.05358436703681946
1403906808960409604,neutral,1.6855745315551758,0.37137290835380554,0.37932199239730835
1403906809136439299,negative,0.6884900331497192,-0.42281368374824524,0.9428898096084595
1403906809388228617,neutral,1.6855745315551758,0.37137290835380554,0.37932199239730835
1403906809568665602,neutral,1.1309436559677124,0.5773619413375854,0.9199377298355103
1403906810822770691,negative,1.0815117359161377,-1.051242709159851,2.4338202476501465
1403906811934220290,negative,1.3141201734542847,-0.5292995572090149,1.5211026668548584
1403906811984453641,neutral,3.1129939556121826,1.7271047830581665,-0.8337044715881348
1403906813486116864,negative,0.7417044043540955,1.1175684928894043,1.1641401052474976
1403906813997817858,neutral,1.6855745315551758,0.37137290835380554,0.37932199239730835
1403906814383509509,neutral,1.083072543144226,0.9504697918891907,0.23570016026496887
1403906814408806400,neutral,1.6077783107757568,0.0052930936217308044,0.994408905506134
1403906814949789698,neutral,1.6051539182662964,-0.10807613283395767,1.1894357204437256
1403906815356768260,neutral,1.6222120523452759,-0.3098700940608978,1.2465291023254395
1403906815989981186,neutral,2.052741050720215,1.071890115737915,0.09067115932703018
1403906819613937670,neutral,1.3619033098220825,0.07836557924747467,0.8059840798377991
1403906821643902981,neutral,1.6126254796981812,1.337254524230957,0.4233914315700531
1403906821908090882,positive,0.9295927286148071,3.1355040073394775,0.2507247030735016
1403906822554202113,neutral,2.227820873260498,-0.5478947162628174,1.4029226303100586
1403906823007084546,negative,0.6882051229476929,0.19636180996894836,1.599610447883606
1403906823246299138,neutral,3.5540592670440674,2.2793173789978027,-1.4503517150878906
1403906823783161861,positive,0.7584922313690186,2.30039644241333,0.3537186086177826
1403906824219217923,neutral,3.530146598815918,1.6300078630447388,-1.0650413036346436
1403906825192345603,negative,1.91299569606781,-0.3594072759151459,1.9464446306228638
1403906825510998017,negative,0.959629237651825,-1.000465989112854,2.70628023147583
1403906825523769349,negative,0.46194469928741455,0.561394214630127,1.7821156978607178
1403906825846591491,neutral,2.1585474014282227,0.7542200088500977,-0.4251285195350647
1403906826010193924,negative,1.4620541334152222,-0.9847635626792908,2.265347957611084
1403906826064728064,neutral,2.7109785079956055,0.720883846282959,-0.2935205101966858
1403906826391875584,positive,0.8254128098487854,1.387634038925171,0.41634029150009155
1403906827167965184,negative,1.1140013933181763,0.06662605702877045,1.3482986688613892
1403906828719648772,neutral,3.0158510208129883,1.1948473453521729,-0.35367706418037415
1403906829135007746,neutral,1.6055710315704346,-0.16684743762016296,1.5217610597610474
1403906829726400514,negative,1.2221050262451172,-0.6352683901786804,1.8155165910720825
1403906830632325122,negative,1.303699254989624,-0.7810220718383789,2.0673513412475586
1403906831123165185,negative,0.9038854241371155,-0.9112738966941833,2.5832157135009766
1403906831374688257,positive,1.7364698648452759,1.8879122734069824,-0.01877758838236332
1403906831903346692,negative,1.0187225341796875,-1.2085763216018677,3.4559273719787598
1403906833358622725,neutral,1.6570426225662231,0.3271532356739044,0.4058573842048645
1403906833631399938,positive,0.6893825531005859,0.9136863946914673,-0.22685383260250092
1403906833752936455,negative,0.8961919546127319,-0.3026612102985382,1.888482689857483
1403906834474405897,neutral,2.625272750854492,1.9460138082504272,-0.45461955666542053
1403906834885341186,neutral,2.4555540084838867,0.7022143602371216,0.1667652428150177
1403906835157950464,negative,0.9929909706115723,-0.7368529438972473,1.9260650873184204
1403906835971719171,neutral,1.7022045850753784,-0.013955235481262207,1.5097193717956543
1403906836286394372,negative,1.0052099227905273,-0.291011780500412,1.6607776880264282
1403906836672270336,neutral,1.1434340476989746,0.09968142211437225,-0.23185379803180695
1403906836776951812,positive,2.2432477474212646,2.263446807861328,-0.4768962264060974
1403906837544673282,neutral,1.6855745315551758,0.37137290835380554,0.37932199239730835
1403906839327219712,negative,1.2221050262451172,-0.6352683901786804,1.8155165910720825
1403906839603924994,negative,1.1604706048965454,-0.8078447580337524,2.154494524002075
1403906839805317120,negative,1.1009628772735596,-0.7646116614341736,2.274383783340454
1403906840182861824,negative,1.653664231300354,-0.9171726703643799,1.9001154899597168
1403906840635711488,neutral,2.625272750854492,1.9460138082504272,-0.45461955666542053
1403906842166628353,negative,0.999294102191925,-0.6039676070213318,2.550358533859253
1403906842456174592,neutral,1.6855745315551758,0.37137293815612793,0.37932196259498596
1403906843177472005,neutral,2.3341925144195557,1.2727758884429932,-0.3107021152973175
1403906843861209090,neutral,1.3930267095565796,-0.4455268085002899,1.3328831195831299
1403906844490272777,neutral,1.7403372526168823,-0.45759037137031555,1.3318233489990234
1403906844989534213,neutral,1.6949632167816162,0.9217113256454468,-0.48933976888656616
1403906845522026498,neutral,1.2642673254013062,-0.09178676456212997,1.0583720207214355
1403906846281375744,neutral,1.604872465133667,0.11984574794769287,0.3355220556259155
1403906846528786432,negative,0.36703258752822876,0.3569439947605133,1.8202747106552124
1403906846788767745,negative,1.613511562347412,-0.9530199766159058,2.0681073665618896
1403906847770296327,neutral,1.8709139823913574,0.7854757308959961,0.3054758906364441
1403906847954849794,negative,1.1353546380996704,-0.2905583679676056,1.2604365348815918
1403906849288732672,negative,1.0729162693023682,-0.5995630025863647,1.9162490367889404
1403906849917767681,neutral,1.6855745315551758,0.37137290835380554,0.37932199239730835
1403906850005733377,neutral,1.030914068222046,0.24038413166999817,0.8940839767456055
1403906850223910915,neutral,4.471389293670654,2.364924907684326,-1.6043285131454468
1403906851666763778,negative,1.0964539051055908,-0.8532180190086365,1.997624397277832
1403906851956092933,neutral,1.6816363334655762,-0.1639695167541504,1.311525583267212
1403906853923262464,negative,1.4727027416229248,-1.2329624891281128,2.806623935699463
1403906853956993026,neutral,2.3061580657958984,0.5227155089378357,0.32168158888816833
1403906854191779850,negative,1.2766809463500977,-0.6316000819206238,1.7445170879364014
1403906854221058049,negative,1.3783894777297974,0.08099635690450668,1.7644765377044678
1403906854544187398,negative,0.777225136756897,-0.0853528305888176,0.9199120998382568
1403906855605346304,neutral,1.3357152938842773,1.2741820812225342,0.6510145664215088
1403906855617794054,positive,0.9295927286148071,3.1355040073394775,0.2507247030735016
1403906857618579464,negative,0.6169306635856628,-0.12388663738965988,1.564772129058838
1403906857668911108,positive,0.47374942898750305,1.2970269918441772,0.9387256503105164
1403906858021163016,negative,0.946086585521698,-0.2497142255306244,1.6938087940216064
1403906858457337858,negative,1.133739948272705,-0.576971709728241,3.0820884704589844
1403906858763665408,positive,0.7012893557548523,1.538233995437622,0.26938396692276
1403906859665342466,negative,0.8903015851974487,-0.8798466920852661,3.0724310874938965
1403906862265815043,negative,0.7838588953018188,-0.8143433928489685,2.5138864517211914
1403906862425296898,negative,1.5132566690444946,-1.0696130990982056,2.363255262374878
1403906863574491137,negative,0.8521981835365295,-1.016945719718933,3.001549243927002
1403906865851940867,neutral,2.1617162227630615,-1.0657998323440552,2.0157408714294434
1403906866636328960,neutral,2.1067113876342773,0.12627717852592468,0.8684613704681396
1403906866875228160,neutral,1.2964502573013306,0.4230763912200928,0.13668856024742126
1403906867282149378,negative,1.4312686920166016,-1.198967456817627,2.7141599655151367
1403906867542200328,negative,1.9585481882095337,-1.0081886053085327,2.0708603858947754
1403906867856695302,neutral,1.2052630186080933,0.8534552454948425,0.6124579310417175
1403906868511227907,positive,1.3972517251968384,2.1505000591278076,0.16795983910560608
1403906868880216066,neutral,4.151780128479004,3.8876380920410156,-1.525287389755249
1403906869068959753,negative,1.7125177383422852,-1.1174261569976807,2.763087034225464
1403906869081436163,negative,1.3783894777297974,0.08099635690450668,1.7644765377044678
1403906869517750279,negative,1.0084786415100098,-0.8648009300231934,3.0205318927764893
1403906870742601738,neutral,1.6156479120254517,1.003430962562561,0.961084246635437
1403906870885203969,negative,0.36776623129844666,-1.2590991258621216,4.057249546051025
1403906872143323136,neutral,2.165452241897583,0.11477387696504593,0.6865248084068298
1403906872760061952,neutral,1.6855745315551758,0.37137290835380554,0.37932199239730835
1403906873397415943,negative,0.8731033802032471,0.020438194274902344,1.2190016508102417
1403906873565220865,neutral,2.052741050720215,1.071890115737915,0.09067115932703018
1403906873754066945,negative,0.7752517461776733,0.2931487262248993,1.6078822612762451
1403906874626527232,neutral,2.625272750854492,1.9460138082504272,-0.45461955666542053
1403906876228653059,neutral,1.6855745315551758,0.37137290835380554,0.37932199239730835
1403906876669001728,neutral,2.2460458278656006,1.2476720809936523,-0.4818183183670044
1403906877008736258,negative,0.4004645049571991,0.2921299338340759,2.2954869270324707
1403906878409785344,negative,1.028781533241272,-0.3138127326965332,2.109252452850342
1403906878627663872,positive,1.8568774461746216,2.114896774291992,0.15861579775810242
1403906878787264513,negative,1.4180810451507568,-0.916871964931488,1.8428053855895996
1403906880309665796,negative,1.3794223070144653,-0.8809386491775513,2.103163719177246
1403906880443928585,negative,1.3800830841064453,-1.123977780342102,3.137477159500122
1403906881077252097,neutral,1.3790767192840576,-0.642105758190155,1.122468113899231
1403906881618255873,neutral,1.5453424453735352,-0.11747295409440994,1.2960381507873535
1403906885053464576,neutral,1.8488296270370483,-0.7624578475952148,1.7533587217330933
1403906885607063556,positive,0.687057614326477,1.1093475818634033,0.5872273445129395
1403906885930024967,neutral,1.8539127111434937,0.9892531633377075,-0.1012890562415123
1403906887511379968,neutral,1.6023966073989868,0.19074121117591858,0.9598806500434875
1403906890304659456,neutral,1.6051539182662964,-0.10807613283395767,1.1894357204437256
1403906891122626563,negative,1.267743468284607,-1.0902854204177856,3.3870556354522705
1403906891697299457,negative,0.6939438581466675,-0.4063788652420044,1.8710474967956543
1403906891927855106,neutral,1.8933141231536865,-0.7749471664428711,1.6168376207351685
1403906891953184771,positive,2.2432477474212646,2.263446807861328,-0.4768962264060974
1403906892527591426,negative,1.192885398864746,-0.24039021134376526,1.482123613357544
1403906894775734275,negative,1.5857062339782715,-0.909753143787384,1.9701513051986694
1403906896495476742,neutral,2.1726419925689697,1.9253664016723633,-0.49119049310684204
1403906896772349955,negative,0.42541688680648804,-1.1829583644866943,4.122446537017822
1403906897762152451,neutral,1.216657042503357,-0.31033262610435486,1.0149211883544922
1403906898311610375,neutral,2.3341925144195557,1.2727758884429932,-0.3107021152973175
1403906898437410817,negative,1.1172542572021484,-0.47305968403816223,1.9853107929229736
1403906898437488645,neutral,3.0498945713043213,1.0320205688476562,-0.6442585587501526
1403906898542227458,positive,2.2432477474212646,2.263446807861328,-0.4768962264060974
1403906898898735108,negative,1.1523319482803345,-0.8794052004814148,2.176450252532959
1403906899444125696,neutral,1.3426055908203125,1.0510499477386475,-0.06222086399793625
1403906900094177283,neutral,1.6984983682632446,1.2126384973526,0.278038889169693
1403906901172162568,negative,0.6726309061050415,-0.5804463624954224,1.7574338912963867
1403906902484865024,neutral,1.6156479120254517,1.0034308433532715,0.9610841870307922
1403906902925352966,negative,0.46261557936668396,-0.15552285313606262,2.1721131801605225
1403906904007626753,neutral,1.6370408535003662,1.020511507987976,-0.11819753795862198
1403906904452218880,neutral,1.6855745315551758,0.37137290835380554,0.37932199239730835
1403906906494849024,neutral,1.8289711475372314,0.0308837927877903,1.0262315273284912
1403906907450970115,negative,1.1833752393722534,-0.9451282620429993,2.060715675354004
1403906908323340288,neutral,1.8709139823913574,0.7854757308959961,0.3054758906364441
1403906908516405248,neutral,1.437436580657959,0.20800712704658508,0.10670052468776703
1403906909124513795,negative,1.2766809463500977,-0.6316000819206238,1.7445170879364014
1403906910034698243,positive,0.9295927286148071,3.1355040073394775,0.2507247030735016
1403906911171452929,negative,1.2680258750915527,-0.04441339522600174,1.4555367231369019
1403906911544696844,positive,2.3379032611846924,2.525219440460205,-0.6998003721237183
1403906911934685188,negative,0.44228118658065796,0.007517725229263306,2.84226655960083
1403906911955668992,neutral,1.6156479120254517,1.0034308433532715,0.9610841870307922
1403906913243328512,positive,0.9984168410301208,2.962193012237549,-0.49308377504348755
1403906914291838979,negative,1.207632064819336,-0.5773065090179443,2.064199209213257
1403906915864911872,neutral,2.6828832626342773,0.7743653059005737,-0.4351101517677307
1403906915906818054,neutral,3.4595866203308105,1.9665849208831787,-1.0710574388504028
1403906916082884610,neutral,1.632810115814209,0.6163750290870667,0.4894580543041229
1403906916456275969,negative,0.6439998149871826,-1.2103722095489502,3.6401169300079346
1403906916514865152,neutral,1.6570426225662231,0.3271532356739044,0.4058573842048645
1403906917575970821,neutral,1.7289493083953857,0.2666284739971161,0.6779669523239136
1403906917857054729,negative,1.129659652709961,0.11079902946949005,1.3225390911102295
1403906917970288641,negative,1.6978535652160645,-1.1880648136138916,2.702598810195923
1403906919291441152,neutral,3.464308738708496,2.6668710708618164,-0.7932189702987671
1403906921191641093,negative,1.10686194896698,-0.16957294940948486,1.6743061542510986
1403906921694961673,negative,0.8372719287872314,-0.4204711616039276,2.374258041381836
1403906921954828288,neutral,3.5818018913269043,1.8964228630065918,-1.0241738557815552
1403906922336559104,negative,1.5778164863586426,-0.869271993637085,2.266237258911133
1403906923909447681,neutral,1.7190296649932861,0.30161699652671814,1.575066328048706
1403906924635062277,neutral,2.052741050720215,1.071890115737915,0.09067115932703018
1403906925385768960,neutral,2.1349422931671143,-0.019339092075824738,1.3059574365615845
1403906926262505476,neutral,2.3042783737182617,1.563757061958313,-0.295522540807724
1403906926891520006,negative,1.8503485918045044,-1.0033892393112183,2.3650097846984863
1403906927269093377,neutral,2.011169195175171,1.7960742712020874,-0.131684347987175
1403906927717871622,negative,1.1600046157836914,-1.0278016328811646,2.3916890621185303
1403906928036618242,negative,1.3070192337036133,-1.301767349243164,3.411505699157715
1403906929424965636,negative,1.3783894777297974,0.08099635690450668,1.7644765377044678
1403906929953411073,neutral,0.5211924910545349,-0.021786190569400787,0.3152574896812439
1403906930444177411,negative,1.9585481882095337,-1.0081886053085327,2.0708603858947754
1403906930469343236,negative,2.100314140319824,-1.0206084251403809,2.143911361694336
1403906931283005442,negative,1.067226529121399,-1.3967136144638062,3.5488524436950684
1403906931605995523,negative,1.3082786798477173,-0.4642127454280853,1.7914904356002808
1403906932302180356,positive,2.2432477474212646,2.263446807861328,-0.4768962264060974
1403906933413662720,negative,1.2600035667419434,-0.2238975167274475,1.807742953300476
1403906933992562691,neutral,1.5894261598587036,0.9103620052337646,0.26968589425086975
1403906934340792320,negative,1.0075281858444214,-1.3591657876968384,3.6767027378082275
1403906935187939328,negative,1.0548555850982666,-1.3302161693572998,4.144258499145508
1403906936534302726,negative,1.0440857410430908,-1.195664405822754,3.242058753967285
1403906936630874113,negative,1.402754306793213,-0.6918677091598511,2.192742109298706
1403906937184350211,neutral,3.5331573486328125,2.716040849685669,-1.4223214387893677
1403906937377366028,neutral,1.6855745315551758,0.37137290835380554,0.37932199239730835
1403906937385672705,negative,0.8498021960258484,0.7038083076477051,1.0707203149795532
1403906937582915590,neutral,1.3197669982910156,0.46096691489219666,-0.28488093614578247
1403906938836983816,neutral,2.695265531539917,0.9322531819343567,-0.20005527138710022
1403906939109535747,neutral,1.8055638074874878,0.6039122939109802,0.33275943994522095
1403906939688521728,positive,0.10806979238986969,2.272118330001831,-0.16463354229927063
1403906941248626691,negative,0.8425706028938293,-1.15806245803833,3.1593658924102783
1403906941579980801,neutral,2.625272512435913,1.946014165878296,-0.45461955666542053
1403906941605187587,neutral,2.720695972442627,0.45506012439727783,0.016505761072039604
1403906942515490816,negative,1.4711663722991943,-1.1403467655181885,2.6529510021209717
1403906942574252033,negative,1.1353546380996704,-0.2905583679676056,1.2604365348815918
1403906944818200577,negative,1.0040689706802368,-0.5888676643371582,2.046025514602661
1403906945250103296,positive,0.893783688545227,1.2899821996688843,0.38137227296829224
1403906945413640195,neutral,2.052741050720215,1.071890115737915,0.09067115932703018
1403906946219057159,negative,0.5896543860435486,-0.9873393177986145,2.8210811614990234
1403906946600603655,neutral,1.9869621992111206,-0.768470823764801,1.1093237400054932
1403906946961489922,negative,0.2551058828830719,0.003259621560573578,2.1761891841888428
1403906949230391297,positive,0.6058546304702759,1.9122973680496216,-0.3487393260002136
1403906949960421377,negative,0.5666109919548035,-0.8695405721664429,3.228283405303955
1403906950337753094,neutral,1.6479182243347168,0.2553245425224304,0.6188712120056152
1403906950597775366,negative,1.302266240119934,-0.47408851981163025,2.1454896926879883
1403906950719414274,negative,1.6007444858551025,-1.2062618732452393,3.0223493576049805
1403906952602669060,neutral,3.3731300830841064,3.2971441745758057,-1.506832242012024
1403906953089327107,negative,1.2547144889831543,-0.79404616355896,2.326758623123169
1403906953240322050,neutral,1.368628740310669,0.7357199192047119,0.10643427819013596
1403906953273872384,neutral,1.3359971046447754,0.6128429770469666,0.9332200884819031
1403906953353392134,neutral,1.6051539182662964,-0.10807613283395767,1.1894357204437256
1403906953596719110,neutral,0.9189709424972534,0.4137618839740753,0.8446509838104248
1403906954804621317,negative,0.2988267242908478,-0.3758373260498047,2.7241411209106445
1403906955345752064,neutral,1.9132792949676514,0.81364506483078,0.3275420367717743
1403906956587323396,negative,0.4654039740562439,-0.9277060627937317,3.8723795413970947
1403906959560957957,neutral,1.144235610961914,0.03302370384335518,0.2044762223958969
1403906960123064322,negative,0.4532696604728699,-0.770296037197113,3.52862286567688
1403906963222646784,neutral,2.360891580581665,1.205918312072754,-0.06402814388275146
1403906963638042632,positive,1.885230302810669,4.190802574157715,-1.2976428270339966
1403906964749385728,neutral,1.5936579704284668,-0.7772189974784851,1.3379380702972412
1403906965026361345,negative,1.2258739471435547,-1.076033592224121,3.418997049331665
1403906965357547521,neutral,2.625272750854492,1.9460138082504272,-0.45461955666542053
1403906966120972288,negative,0.25349774956703186,0.2800137400627136,0.9321376085281372
1403906966297223170,negative,0.8323348760604858,0.08698132634162903,1.2959831953048706
1403906967215640577,positive,0.7697318196296692,0.9304367899894714,0.9026656150817871
1403906967442055173,neutral,1.4255098104476929,0.39263659715652466,1.0397721529006958
1403906969283416071,negative,1.0542078018188477,-1.0487627983093262,2.731813907623291
1403906970239717377,neutral,1.7551368474960327,-0.018994078040122986,0.626270592212677
1403906970239832067,neutral,2.217390537261963,0.30976635217666626,0.3410781919956207
1403906971519049728,neutral,3.0300402641296387,1.7495307922363281,-0.8598859906196594
1403906971980296195,positive,1.0441697835922241,1.9366426467895508,0.1593693345785141
1403906972596985858,negative,1.2099939584732056,0.3448275327682495,1.274100422859192
1403906973935013890,negative,2.111268997192383,-1.083885908126831,2.2172744274139404
1403906974350069760,neutral,2.1832115650177,1.34367036819458,-0.046759165823459625
1403906974639558661,negative,0.9378352165222168,-1.3774985074996948,4.199438095092773
1403906974715199491,neutral,1.181412696838379,0.34015679359436035,1.0059356689453125
1403906976078127107,negative,1.3328379392623901,-1.1997720003128052,3.0109012126922607
1403906976715788289,neutral,2.003999710083008,0.3973018527030945,0.7307682037353516
1403906977420378112,neutral,2.625272750854492,1.9460138082504272,-0.45461955666542053
1403906980218028043,negative,1.129659652709961,0.11079902946949005,1.3225390911102295
1403906980478029827,neutral,1.8824816942214966,1.5728768110275269,-0.6296795010566711
1403906980931018753,neutral,1.6214871406555176,0.30735769867897034,0.3893382251262665
1403906981669359621,negative,0.39934292435646057,0.6276915669441223,1.7928264141082764
1403906982654918661,neutral,1.037497639656067,-0.11174473911523819,-0.11543411761522293
1403906983275601925,neutral,2.3341925144195557,1.2727758884429932,-0.3107021152973175
1403906984143986692,neutral,2.1617162227630615,-1.0657998323440552,2.0157408714294434
1403906984240455682,negative,1.5369054079055786,-0.8930922150611877,2.005622386932373
1403906985880215555,negative,0.8371292352676392,-0.4171132743358612,1.1199442148208618
1403906986861867008,neutral,2.763960123062134,1.0442918539047241,-0.3661240339279175
1403906987415412736,negative,1.4013458490371704,-0.3736944794654846,1.584513783454895
1403906988237496321,neutral,2.1982128620147705,0.15324579179286957,0.6050568222999573
1403906990171062274,positive,0.9295927286148071,3.1355040073394775,0.2507247030735016
1403906990234124291,negative,0.9748833775520325,-1.1192152500152588,2.882169485092163
1403906992004083714,neutral,1.2052630186080933,0.8534552454948425,0.6124579310417175
1403906992008142851,neutral,1.6933164596557617,-0.03814292699098587,1.115788459777832
1403906992201101315,negative,1.2510846853256226,-0.6692695617675781,1.728593349456787
1403906993782394888,neutral,1.9463505744934082,-0.7597342133522034,1.0062899589538574
1403906993807675394,positive,0.33060601353645325,5.3988142013549805,-0.21357658505439758
1403906993920909314,negative,0.21478402614593506,-0.8001722097396851,2.8447959423065186
1403906994356908034,neutral,2.6223671436309814,0.8695825934410095,-0.037313178181648254
1403906994361282567,neutral,1.702340841293335,0.7911218404769897,-0.47333264350891113
1403906995640483841,neutral,1.997269630432129,0.5990725159645081,0.36160528659820557
1403906996068405251,negative,1.07478928565979,-0.4489003121852875,1.8658560514450073
1403906998740000772,neutral,2.06258225440979,-0.5874596238136292,1.1763362884521484
1403906998932959232,positive,1.5071052312850952,3.0101568698883057,-0.5188543200492859
1403906999444717573,neutral,1.921278953552246,0.24524930119514465,0.5271075367927551
1403907002586259458,neutral,1.555951476097107,0.9688065052032471,0.18715286254882812
1403907002762412034,neutral,1.8709139823913574,0.7854757308959961,0.3054758906364441
1403907002833637379,neutral,3.073951244354248,1.280380368232727,-0.22787700593471527
1403907002850414595,neutral,2.9510226249694824,2.862428665161133,-0.9240902662277222
1403907003102138370,neutral,1.8259775638580322,-0.7735645771026611,1.5164076089859009
1403907003282382848,neutral,1.5894261598587036,0.9103620052337646,0.26968589425086975
1403907003613777924,negative,1.6757272481918335,-1.1267354488372803,2.5844032764434814
1403907003848724480,negative,0.38735952973365784,0.298565536737442,2.523144245147705
1403907004289064960,neutral,1.6888175010681152,-0.03024473786354065,0.46133241057395935
1403907004339470336,positive,0.7339879274368286,0.9273913502693176,-0.4289853870868683
1403907004838543364,neutral,1.2100073099136353,0.8485797643661499,0.6398364305496216
1403907005538963463,neutral,1.9403049945831299,-0.6860625147819519,0.9651776552200317
1403907007124590592,neutral,2.506451368331909,1.4469835758209229,-0.5270969271659851
1403907008852467716,positive,1.2239220142364502,1.8075350522994995,0.27764904499053955
1403907010027008003,positive,0.45854678750038147,3.172945976257324,-0.6141958236694336
1403907010383552515,negative,1.1405426263809204,-0.9764842391014099,2.2881999015808105
1403907010475835392,neutral,1.4593305587768555,-0.12495603412389755,1.035743236541748
1403907011138445312,negative,0.6027778387069702,-0.9132130742073059,3.18540096282959
1403907011482243076,positive,0.9596894383430481,2.7353785037994385,-0.12515772879123688
1403907011666845701,neutral,1.6051539182662964,-0.10807613283395767,1.1894357204437256
1403907012442873860,negative,1.7457274198532104,-0.6496915817260742,2.0107641220092773
1403907014116491270,neutral,1.9125053882598877,1.5839438438415527,-0.017026105895638466
1403907014770659332,neutral,1.8614832162857056,1.0667253732681274,0.054299335926771164
1403907015030759429,negative,1.3366817235946655,-0.1588764786720276,1.4055930376052856
1403907015903219717,negative,0.9603607058525085,-0.3861275911331177,1.9367848634719849
1403907015944982532,positive,2.1576969623565674,3.822187900543213,-0.5424863696098328
1403907016985247745,neutral,1.9562832117080688,-0.3188464343547821,1.1043533086776733
1403907018981789696,negative,0.4471697211265564,-0.9576001763343811,3.629136323928833
1403907021880102913,neutral,1.9599806070327759,1.1732534170150757,-0.01166141964495182
1403907022328938497,neutral,1.3084036111831665,0.3129482865333557,1.2023698091506958
1403907022790311938,neutral,1.540425181388855,-0.4838360846042633,1.3245158195495605
1403907022890827777,neutral,1.5784739255905151,-0.6647502779960632,1.351258635520935
1403907023058571270,positive,2.123021364212036,2.5757787227630615,-0.8639580607414246
1403907023830339586,negative,1.4191118478775024,-0.567440927028656,1.4656920433044434
1403907023893303297,neutral,1.640454888343811,0.46030139923095703,1.126844048500061
1403907026401390595,neutral,2.1832115650177,1.3436704874038696,-0.046759121119976044
1403907026598580227,neutral,1.6855745315551758,0.37137290835380554,0.37932199239730835
1403907027009630213,negative,1.4448554515838623,-1.0701855421066284,2.590489625930786
1403907028636995584,neutral,1.1640530824661255,1.0125572681427002,0.6122683882713318
1403907028645388293,neutral,1.6152552366256714,0.9625687599182129,0.6381760239601135
1403907028788015105,negative,1.670625925064087,-0.9804405570030212,2.130711555480957
1403907029194866688,neutral,1.6570426225662231,0.3271532356739044,0.4058573842048645
1403907030386053122,neutral,1.0872498750686646,0.27709096670150757,0.3908866345882416
1403907030398742544,negative,1.3430286645889282,-1.3062384128570557,3.4259819984436035
1403907030851756032,positive,0.6790850758552551,1.4073714017868042,0.18744313716888428
1403907031548022787,negative,0.9748833775520325,-1.1192152500152588,2.882169485092163
1403907032885862401,negative,0.8237008452415466,-0.611175000667572,2.6037378311157227
1403907034421026818,positive,0.7430658340454102,0.8287053108215332,0.541309654712677
1403907034857103365,negative,0.8306628465652466,-0.6774999499320984,2.2612087726593018
1403907035167608835,neutral,1.2052630186080933,0.8534553050994873,0.6124580502510071
1403907035364741123,neutral,1.0928045511245728,0.31016913056373596,0.826941967010498
1403907036170133506,positive,1.8646761178970337,1.9444365501403809,0.02045472338795662
1403907036358795268,positive,2.0331249237060547,5.611116409301758,-2.032111644744873
1403907036836876288,neutral,1.663051962852478,-0.13132551312446594,1.1618528366088867
1403907039395467266,neutral,1.6961722373962402,-0.7359756827354431,1.4575077295303345
1403907039450079236,neutral,1.5067164897918701,-0.3054161071777344,1.2572619915008545
1403907040347578371,neutral,1.9200305938720703,0.0010940954089164734,1.3634589910507202
1403907040536240130,neutral,1.7086862325668335,0.48141348361968994,0.9300380349159241
1403907040611901442,negative,1.445888638496399,-0.3243105411529541,1.6279809474945068
1403907040867610628,neutral,1.6156479120254517,1.0034308433532715,0.9610841870307922
1403907041509351429,positive,1.5079127550125122,1.5450831651687622,0.03308340907096863
1403907042444783616,neutral,1.8113784790039062,-0.46398577094078064,1.08732271194458
1403907043547828225,positive,0.5120925903320312,1.3386473655700684,0.3243729770183563
1403907045930196993,neutral,1.6444642543792725,-0.19591745734214783,0.7901115417480469
1403907046034919427,neutral,2.3341925144195557,1.2727758884429932,-0.3107021152973175
1403907046756466688,neutral,1.6855745315551758,0.37137284874916077,0.37932202219963074
1403907047939321861,negative,0.26054292917251587,-0.7920747995376587,2.6812844276428223
1403907048853544965,neutral,1.9266473054885864,-0.6307058334350586,1.599908709526062
1403907049361055750,positive,1.213778018951416,1.5583857297897339,-0.1184355691075325
1403907049663041549,negative,1.10096275806427,-0.7646117210388184,2.274383544921875
1403907049763872776,negative,1.6007444858551025,-1.2062618732452393,3.0223491191864014
1403907051332554753,negative,1.3250322341918945,-0.5132935643196106,1.9598480463027954
1403907053144317955,neutral,1.485194444656372,0.868373453617096,0.8622758388519287
1403907055098896388,neutral,2.5122580528259277,1.3178445100784302,-0.3340221345424652
1403907056302792706,neutral,1.4242252111434937,1.3998888731002808,0.25918394327163696
1403907056520728582,positive,0.7696776390075684,0.8696874976158142,0.8511385917663574
1403907057682636800,negative,1.0414890050888062,-0.4972318112850189,2.2816405296325684
1403907058743660546,negative,1.595582365989685,-0.22031354904174805,1.80995774269104
1403907058785787906,negative,1.3865749835968018,-0.8142979741096497,1.8940129280090332
1403907059297316866,neutral,2.2107880115509033,1.2842037677764893,-0.4152943789958954
1403907059423318016,negative,1.1641236543655396,-0.6565725803375244,1.9768096208572388
1403907059880448002,neutral,1.6228141784667969,-0.4268340766429901,1.5231010913848877
1403907059884515330,neutral,1.6933164596557617,-0.03814292699098587,1.115788459777832
1403907060048269320,neutral,1.0458285808563232,0.6573873162269592,0.8018771409988403
1403907060387831811,neutral,2.052741050720215,1.071890115737915,0.09067115932703018
1403907060979359744,negative,0.8939182162284851,-0.34248581528663635,1.8423362970352173
1403907061243539461,neutral,2.402134656906128,1.720340371131897,-0.2676946818828583
1403907062845820934,neutral,1.6855745315551758,0.37137290835380554,0.37932199239730835
1403907064204828795,neutral,2.625272750854492,1.9460138082504272,-0.45461955666542053
1403907064942841860,negative,0.8329052925109863,-0.6316608786582947,2.2950289249420166
1403907065576181765,positive,1.1450906991958618,1.721022605895996,0.21358659863471985
1403907066138406914,negative,1.1353546380996704,-0.2905583679676056,1.2604365348815918
1403907066465562631,neutral,1.2079204320907593,0.6274724006652832,0.6209599375724792
1403907066792583168,neutral,2.048983573913574,0.35919004678726196,0.6225659251213074
1403907067539165189,negative,1.3783894777297974,0.08099635690450668,1.7644765377044678
1403907067539304448,positive,2.566890239715576,4.956094264984131,-1.675987958908081
1403907067769884674,neutral,1.6156479120254517,1.0034308433532715,0.9610841870307922
1403907068059435010,negative,0.9124525189399719,-0.1094326302409172,1.6040211915969849
1403907068273307650,neutral,1.6855745315551758,0.37137290835380554,0.37932199239730835
1403907068520763400,neutral,1.8135885000228882,0.5859074592590332,0.7274629473686218
1403907070626177026,negative,0.63456130027771,-0.33334246277809143,1.1001824140548706
1403907071305687040,negative,0.9071047902107239,-0.5245261788368225,2.3702313899993896
1403907072161464321,negative,1.0385125875473022,-0.302624374628067,2.0975236892700195
1403907072626884610,negative,1.1389394998550415,-0.5155649781227112,1.8489142656326294
1403907073621073920,neutral,1.9907816648483276,-0.2908520996570587,0.9143689274787903
1403907073704796161,neutral,1.3450504541397095,0.536975622177124,0.04545567184686661
1403907074535342081,neutral,1.4340540170669556,-0.15862217545509338,1.3099592924118042
1403907075416199168,neutral,2.0558524131774902,0.915242075920105,0.47292765974998474
1403907075764224001,neutral,2.3341925144195557,1.2727758884429932,-0.3107021152973175
1403907076062027782,neutral,1.6855745315551758,0.37137290835380554,0.37932199239730835
1403907077836214276,neutral,2.1633195877075195,1.2283556461334229,0.13465385138988495
1403907079723749377,neutral,2.115506649017334,0.5576372146606445,0.06925201416015625
1403907081564954624,negative,0.8061771392822266,-0.6775262355804443,2.830129384994507
1403907081707540485,negative,1.341174602508545,-0.05751190334558487,1.584803819656372
1403907081816653825,neutral,1.2100073099136353,0.8485797047615051,0.6398364901542664
1403907082596855811,neutral,1.6479182243347168,0.2553245425224304,0.6188712120056152
1403907082802188291,neutral,2.763023853302002,1.3783587217330933,-0.8157907724380493
1403907083594985475,neutral,2.052741050720215,1.071890115737915,0.09067115932703018
1403907083758567429,neutral,2.161120653152466,0.07943640649318695,1.0767614841461182
1403907083968270339,neutral,3.530146598815918,1.6300078630447388,-1.0650413036346436
1403907085268492288,neutral,1.3237098455429077,-0.3774683475494385,1.095320701599121
1403907085415374848,neutral,1.6156479120254517,1.0034308433532715,0.9610841870307922
1403907086354878465,negative,0.8745105862617493,-0.8879275918006897,3.0188231468200684
1403907088280080384,negative,0.8932169079780579,0.5424788594245911,1.156698226928711
1403907088674295811,negative,0.45415282249450684,0.6981059908866882,1.5162429809570312
1403907090058563585,neutral,1.0314221382141113,0.4985288381576538,0.8257428407669067
1403907090502983681,neutral,1.93276047706604,0.49030232429504395,0.18952329456806183
1403907090549198848,neutral,2.633131742477417,0.10615113377571106,0.7087075114250183
1403907090658123778,negative,0.6439996361732483,-1.2103722095489502,3.6401171684265137
1403907091719327744,negative,0.6486619710922241,-1.3279154300689697,4.146668910980225
1403907092382044162,positive,1.3214951753616333,1.8665220737457275,0.2520745098590851
1403907092461801475,neutral,2.0527408123016357,1.0718902349472046,0.09067115187644958
1403907092931567618,negative,1.1306395530700684,-0.7497758865356445,2.315340280532837
1403907093187411977,negative,0.6265775561332703,0.34463584423065186,1.8797860145568848
1403907093279612940,negative,0.25349774956703186,0.2800137400627136,0.9321376085281372
1403907094969917444,negative,1.215798020362854,-1.1671396493911743,2.887923240661621
1403907095179694085,negative,1.1270350217819214,0.07878993451595306,2.236473560333252
1403907096043823104,negative,0.7838588953018188,-0.8143433928489685,2.5138864517211914
1403907096446439427,positive,1.7652466297149658,3.902461051940918,-1.3455290794372559
1403907096492511234,neutral,0.8245131373405457,0.35676878690719604,-0.08481016010046005
1403907096869969922,positive,0.852933406829834,1.2892200946807861,0.08430267125368118
1403907097809637377,neutral,2.212160348892212,-0.031338632106781006,0.8980836868286133
1403907097851437057,neutral,1.5480821132659912,0.8119544982910156,1.070485234260559
1403907098308714499,negative,1.5710612535476685,-0.6042583584785461,2.478189468383789
1403907099592171523,neutral,1.6984983682632446,1.2126384973526,0.278038889169693
1403907100657340421,negative,1.6757272481918335,-1.1267354488372803,2.5844032764434814
1403907100862861313,negative,0.6580278873443604,-0.11852257698774338,1.233538269996643
1403907102419083267,neutral,1.3583084344863892,-0.055496491491794586,0.9452451467514038
1403907103375257600,negative,0.6557243466377258,-0.5283490419387817,2.0062050819396973
1403907103563993091,neutral,1.2424414157867432,0.7973178625106812,0.004312986508011818
1403907103861968897,negative,0.12753890454769135,-0.3082142472267151,1.3759275674819946
1403907105036267529,neutral,1.9255350828170776,-0.7402297258377075,1.3552072048187256
1403907106252767233,neutral,1.8276348114013672,0.662256121635437,-0.060591042041778564
1403907108232384515,negative,1.249825358390808,-1.197953701019287,3.11466646194458
1403907110077882376,neutral,2.1686511039733887,0.9881705641746521,-0.15718437731266022
1403907110153469955,negative,0.2551058828830719,0.003259621560573578,2.1761891841888428
1403907110556127234,neutral,1.6302019357681274,0.11985696107149124,0.04172208532691002
1403907111218712578,negative,0.596312403678894,-0.36201876401901245,1.0963470935821533
1403907112057683969,neutral,1.1228433847427368,0.3682563602924347,0.637382447719574
1403907112296620032,neutral,2.3341925144195557,1.2727758884429932,-0.3107021152973175
1403907113311559684,negative,1.1453746557235718,0.38371577858924866,1.3632245063781738
1403907113932529665,negative,0.8778622150421143,0.24720993638038635,1.3028075695037842
1403907113966055427,positive,1.1271982192993164,1.6081023216247559,0.24015946686267853
1403907114112741380,negative,1.168332576751709,-1.02181077003479,2.484980344772339
1403907115089944579,neutral,1.1721751689910889,0.29934173822402954,1.0397182703018188
1403907117099126792,neutral,2.0965383052825928,0.6666526794433594,0.6154760122299194
1403907117111672832,negative,1.6442363262176514,-1.187118411064148,2.7582619190216064
1403907118101450752,neutral,2.6875815391540527,2.32707142829895,-0.8675783276557922
1403907118290329601,neutral,1.921278953552246,0.24524930119514465,0.5271075367927551
1403907118638448647,positive,0.6267797946929932,2.316059112548828,-0.10182908922433853
1403907119280115718,neutral,2.1617162227630615,-1.0657998323440552,2.0157408714294434
1403907119758430212,neutral,1.3178414106369019,0.5358531475067139,0.8889161348342896
1403907120261746691,neutral,1.6681630611419678,0.34121081233024597,0.8834228515625
1403907120668495872,neutral,1.3659833669662476,-0.02624882012605667,1.3223857879638672
1403907121129820163,neutral,1.0895732641220093,0.2498967945575714,1.0640852451324463
1403907121704546304,neutral,2.036545991897583,-0.29658570885658264,1.1426016092300415
1403907122950148097,negative,1.0737559795379639,0.4043443202972412,1.3672630786895752
1403907123017224195,negative,0.9748833775520325,-1.1192152500152588,2.882169485092163
1403907123117912067,neutral,1.0847060680389404,0.051545388996601105,0.5709735155105591
1403907123801513988,neutral,2.2400596141815186,0.587857723236084,0.35534900426864624
1403907124296622083,neutral,2.625272750854492,1.9460138082504272,-0.45461955666542053
1403907124468592642,negative,0.8425706028938293,-1.15806245803833,3.1593658924102783
1403907125454180354,negative,0.7783741354942322,0.009497247636318207,1.4131896495819092
1403907125726810121,negative,1.264042854309082,-1.236607313156128,3.1159117221832275
1403907126456557569,negative,1.1678311824798584,0.0937691330909729,1.3716529607772827
1403907127136096259,negative,0.8573323488235474,0.48969364166259766,1.2225044965744019
1403907127622594563,positive,2.2432477474212646,2.263446807861328,-0.4768962264060974
1403907127672938497,negative,0.6439998149871826,-1.2103722095489502,3.6401169300079346
1403907130575425536,negative,0.6439998149871826,-1.2103722095489502,3.6401169300079346
1403907131116564483,negative,1.4332302808761597,-0.7003607749938965,1.9421576261520386
1403907132328747008,negative,1.6249088048934937,-1.0529555082321167,1.9545085430145264
1403907132701900807,negative,0.8185534477233887,-1.1478593349456787,3.025639533996582
1403907133469515776,negative,1.6007444858551025,-1.2062618732452393,3.0223493576049805
1403907133905661953,neutral,1.0847060680389404,0.051545388996601105,0.5709735155105591
1403907134786469888,neutral,1.1044281721115112,0.31632307171821594,0.41003939509391785
1403907134820171777,negative,0.7838588953018188,-0.8143433928489685,2.5138864517211914
1403907135071789056,neutral,1.0868868827819824,0.6324890851974487,0.8514590263366699
1403907135575056388,neutral,1.5564210414886475,-0.1350756287574768,0.5811953544616699
1403907135893815300,neutral,1.6217701435089111,1.2667161226272583,-0.5500504374504089
1403907136950779906,negative,1.3250322341918945,-0.5132935643196106,1.9598480463027954
1403907138670505986,neutral,1.7310503721237183,0.5471149682998657,0.4840289354324341
1403907138825580546,negative,1.3182324171066284,0.2627696096897125,1.3560413122177124
1403907139442155520,neutral,1.0928045511245728,0.31016913056373596,0.826941967010498
1403907141295955969,neutral,2.592907190322876,0.5050169229507446,0.23921942710876465
1403907141489119234,neutral,1.779497504234314,0.29367688298225403,1.4305670261383057
1403907142113976322,positive,1.096450924873352,2.762573480606079,0.17044006288051605
1403907142470365184,neutral,2.052741050720215,1.071890115737915,0.09067115932703018
1403907142747398154,negative,1.960736870765686,-1.222802758216858,2.206265687942505
1403907143808565248,neutral,1.6855745315551758,0.37137290835380554,0.37932199239730835
1403907145075249154,positive,2.123021125793457,2.5757787227630615,-0.8639580011367798
1403907145196834817,negative,0.2835260033607483,-0.9127654433250427,3.0840184688568115
1403907146480177156,neutral,1.9473469257354736,0.7833622694015503,0.10200800001621246
1403907148090949639,negative,1.142685890197754,-1.5514315366744995,4.340271949768066
1403907149709799428,neutral,1.9316537380218506,0.08213183283805847,0.9633041024208069
1403907151332999172,positive,1.397836446762085,4.025193691253662,-1.1852573156356812
1403907151559499779,negative,0.46374061703681946,-0.7835279107093811,3.5021774768829346
1403907151567802370,negative,1.653664231300354,-0.9171726703643799,1.9001154899597168
1403907151651692547,positive,1.9316705465316772,2.1811797618865967,-0.5911884903907776
1403907153262526465,negative,1.6207751035690308,-1.07004714012146,2.7191214561462402
1403907153505755137,neutral,1.8709139823913574,0.7854757308959961,0.3054758906364441
1403907154000506881,neutral,1.8383667469024658,0.23276469111442566,-0.11901111155748367
1403907155053334530,neutral,2.1832115650177,1.3436704874038696,-0.04675917327404022
1403907155976196096,neutral,2.076761245727539,1.6135951280593872,0.0024234913289546967
1403907155988602882,neutral,1.6570426225662231,0.3271532654762268,0.4058573842048645
1403907156793905153,negative,1.215798020362854,-1.1671397686004639,2.887923240661621
1403907158190661632,neutral,3.3731300830841064,3.2971441745758057,-1.506832242012024
1403907158622670851,neutral,1.2672293186187744,0.3607272505760193,1.0294944047927856
1403907159356755973,neutral,2.625272750854492,1.9460138082504272,-0.45461955666542053
1403907159394557953,neutral,1.6855745315551758,0.37137290835380554,0.37932199239730835
1403907159428014085,negative,1.1732648611068726,-1.2257853746414185,3.433882236480713
1403907160124411905,negative,1.2448844909667969,-0.9864292740821838,2.770627498626709
1403907162120757249,negative,1.262342095375061,-1.2370593547821045,2.973182201385498
1403907163609776134,negative,1.6558847427368164,-0.9418045878410339,2.0927317142486572
1403907164209651712,negative,0.4564964175224304,-0.8170602321624756,3.7533459663391113
1403907164566024200,positive,1.7462824583053589,1.8249918222427368,-0.08776453137397766
1403907166063448074,negative,0.8986605405807495,-0.859870195388794,2.9293978214263916
1403907166872891398,neutral,1.225450038909912,0.8646102547645569,0.5978625416755676
1403907168185683969,negative,1.075622797012329,-0.5833528637886047,1.5381051301956177
1403907168525373444,negative,0.9748833775520325,-1.1192152500152588,2.882169485092163
1403907169943126018,negative,0.519868791103363,-1.0645434856414795,3.1779518127441406
1403907170194890755,negative,1.1353546380996704,-0.2905583679676056,1.2604365348815918
1403907170534674441,neutral,1.317461609840393,0.6948158740997314,0.732020914554596
1403907170907746305,negative,1.419148564338684,-0.6366270184516907,1.785481572151184
1403907172187082752,neutral,2.3341925144195557,1.2727758884429932,-0.3107021152973175
1403907173122461696,neutral,2.1617162227630615,-1.0657998323440552,2.0157408714294434
1403907173474787328,neutral,0.9966480135917664,0.44122299551963806,0.5081043243408203
1403907174120660998,neutral,1.947094202041626,1.5201042890548706,-0.7020072340965271
1403907176880611335,negative,1.1213232278823853,-0.4069385528564453,1.569411039352417
1403907177274765313,neutral,3.3731300830841064,3.2971441745758057,-1.506832242012024
1403907177539018756,neutral,2.092005729675293,0.4017089307308197,0.23168596625328064
1403907178822619136,negative,0.9630367159843445,-0.49980440735816956,2.1679837703704834
1403907179858571266,neutral,1.6855745315551758,0.37137290835380554,0.37932199239730835
1403907180026232841,positive,1.0884555578231812,1.7987903356552124,0.5260081887245178
1403907180277927940,neutral,1.5570446252822876,-0.06159963458776474,0.9198171496391296
1403907180860952577,neutral,1.742470622062683,-0.48000189661979675,1.2558343410491943
1403907181322379264,neutral,1.947094202041626,1.5201042890548706,-0.7020072340965271
1403907181741752324,neutral,1.997269630432129,0.5990724563598633,0.36160531640052795
1403907182777798656,neutral,1.085787296295166,0.2092408835887909,0.44864895939826965
1403907182890946562,positive,1.300144910812378,5.899930953979492,-1.2091983556747437
1403907183184592896,negative,1.3555771112442017,-1.2030991315841675,2.877178430557251
1403907183457144834,neutral,2.3180768489837646,0.7701128125190735,-0.1532278060913086
1403907183482449922,neutral,2.052741050720215,1.071890115737915,0.09067115932703018
1403907185092882434,neutral,0.700365424156189,0.5712584257125854,0.1103815957903862
1403907185445261314,neutral,1.6570426225662231,0.3271532356739044,0.4058573842048645
1403907186976251906,positive,2.2271292209625244,3.158660650253296,-1.025310754776001
1403907187441750024,neutral,1.7373530864715576,-0.017367355525493622,1.4273333549499512
1403907187622117386,neutral,2.625272750854492,1.9460138082504272,-0.45461955666542053
1403907187836133379,neutral,1.645729660987854,-0.38376328349113464,1.366531491279602
1403907188561690624,negative,1.01210618019104,-0.30471813678741455,1.8082200288772583
1403907188779675652,positive,2.2432477474212646,2.263446807861328,-0.4768962264060974
1403907189740236800,neutral,2.250229597091675,0.03263818845152855,-0.02316654659807682
1403907190218444806,negative,0.8638018369674683,-0.9382795691490173,3.214952230453491
1403907190927155207,neutral,1.4461674690246582,0.5774369835853577,0.6530091762542725
1403907192101670913,negative,1.030448317527771,-0.8581322431564331,2.982595682144165
1403907192424583168,neutral,1.6855745315551758,0.37137290835380554,0.37932199239730835
1403907193611579392,negative,0.9929909706115723,-0.7368529438972473,1.9260650873184204
1403907193859047424,positive,1.3209500312805176,4.541428089141846,-1.48667573928833
1403907195549499392,negative,0.9132505059242249,0.1786257028579712,1.3094077110290527
1403907195893211136,neutral,2.56636118888855,1.5260668992996216,0.07187101989984512
1403907196031844352,negative,0.8903736472129822,1.0147457122802734,1.334816813468933
1403907196316913666,neutral,2.1785800457000732,0.07211969792842865,0.7192800641059875
1403907196962803718,neutral,1.2433897256851196,-0.09098679572343826,0.8418234586715698
1403907197155819520,neutral,2.353670120239258,1.528285264968872,-0.4697905480861664
1403907197361217539,neutral,1.0868868827819824,0.6324890851974487,0.8514590263366699
1403907197462007808,neutral,1.9822781085968018,0.07300324738025665,0.04419592767953873
1403907199047503878,neutral,2.3341925144195557,1.2727758884429932,-0.3107021152973175
1403907199420690432,negative,0.3579172194004059,0.5363455414772034,1.8055535554885864
1403907202121756676,negative,1.4180810451507568,-0.916871964931488,1.8428053855895996
1403907202134413312,neutral,1.9539003372192383,0.4643844664096832,0.3985483944416046
1403907204152020994,negative,1.5627199411392212,-0.7110476493835449,1.8990492820739746
1403907204936192000,neutral,3.5818018913269043,1.8964228630065918,-1.0241738557815552
1403907206400012292,neutral,1.99875807762146,-0.8936253786087036,1.5346156358718872
1403907206467235844,negative,1.2766809463500977,-0.6316000819206238,1.7445170879364014
1403907206660071426,negative,1.4034171104431152,-0.6333807706832886,1.9474796056747437
1403907208182595585,negative,0.4419957101345062,0.6122608780860901,1.1932448148727417
1403907208564252673,negative,0.8778622150421143,0.24720993638038635,1.3028075695037842
1403907208727908353,negative,1.5292205810546875,-0.7144505977630615,1.6830809116363525
1403907210141257732,negative,1.5086452960968018,-0.9029343128204346,2.11234712600708
1403907210762149899,neutral,2.625272750854492,1.9460138082504272,-0.45461955666542053
1403907211269750786,neutral,2.1617162227630615,-1.0657998323440552,2.0157408714294434
1403907212297347073,neutral,2.280729055404663,-0.6443305015563965,1.3004804849624634
1403907212343398400,neutral,1.5899380445480347,0.3875623941421509,0.959918737411499
1403907212486004738,neutral,2.625272750854492,1.9460138082504272,-0.45461955666542053
1403907212553048066,negative,1.097487449645996,-0.1556144654750824,1.7668944597244263
1403907212624400385,neutral,1.965971827507019,0.3703058958053589,0.4774651825428009
1403907212649668616,neutral,0.7314562201499939,0.4982738494873047,0.13036048412322998
1403907214184783877,neutral,1.6855745315551758,0.37137290835380554,0.37932199239730835
1403907214230712325,neutral,1.641506552696228,0.01635802537202835,1.4735536575317383
1403907214453006341,negative,0.25421205163002014,-0.7775728106498718,2.7177159786224365
1403907214562062345,neutral,1.926775336265564,0.44239601492881775,0.386480450630188
1403907215640207362,neutral,2.1832115650177,1.3436704874038696,-0.046759165823459625
1403907215669465089,neutral,1.7931013107299805,0.4371362626552582,0.4779464304447174
1403907216650883073,positive,0.6220019459724426,2.906399965286255,-0.4003065228462219
1403907219100422148,negative,0.11041846871376038,-0.26012489199638367,1.1797741651535034
1403907219192643586,neutral,1.8135885000228882,0.5859074592590332,0.7274629473686218
1403907219586912257,neutral,2.41949200630188,0.851010799407959,-0.29423534870147705
1403907220434268164,negative,1.0396029949188232,0.10829407721757889,1.509763479232788
1403907220513902594,negative,0.9240814447402954,-0.5867820382118225,1.569368600845337
1403907221734440960,neutral,1.3488470315933228,0.6934545040130615,0.5932926535606384
1403907222711595008,neutral,1.6051539182662964,-0.10807613283395767,1.1894357204437256
1403907223147982853,neutral,2.212597608566284,1.847435474395752,-0.4635392725467682
1403907224033021953,neutral,1.3759101629257202,0.5125178098678589,-0.3633720874786377
1403907224859185153,negative,0.9946765899658203,-1.1789484024047852,3.3847856521606445
1403907224901062660,neutral,2.261093854904175,0.6366658210754395,0.21969132125377655
1403907225609981956,negative,1.2764326333999634,-1.1893224716186523,3.4207816123962402
1403907227434508291,positive,0.39130693674087524,3.1826601028442383,0.37660545110702515
1403907227505725441,positive,1.2230072021484375,1.9712640047073364,0.07412692904472351
1403907227887583232,neutral,1.6855745315551758,0.37137290835380554,0.37932199239730835
1403907228902383618,neutral,2.4780585765838623,-0.010444074869155884,0.39887216687202454
1403907233038151685,negative,2.1112687587738037,-1.0838860273361206,2.2172744274139404
1403907234120220674,neutral,2.103444814682007,-0.42040660977363586,1.34769606590271
1403907234204168195,neutral,1.1035363674163818,0.09279140084981918,0.8597953915596008
1403907234971721729,neutral,1.6156479120254517,1.0034308433532715,0.9610841870307922
1403907235022098434,negative,1.154817819595337,-0.2305733561515808,1.5226799249649048
1403907235177140228,neutral,3.530146598815918,1.6300078630447388,-1.065041184425354
1403907235986558978,neutral,1.9674937725067139,-0.010457038879394531,0.7595891356468201
1403907236129169418,neutral,3.530146598815918,1.6300078630447388,-1.0650413036346436
1403907237601374210,neutral,0.7940530180931091,0.09461832046508789,-0.10057082027196884
1403907237970599936,negative,2.1112687587738037,-1.0838860273361206,2.2172744274139404
1403907238389977091,negative,1.4438880681991577,-0.6026861071586609,1.8681057691574097
1403907239128174595,negative,1.0226707458496094,-1.234185814857483,3.302798271179199
1403907239602126852,neutral,2.3341925144195557,1.2727758884429932,-0.3107021152973175
1403907239950176260,neutral,1.7663753032684326,-0.28216564655303955,1.0152226686477661
1403907240705155074,negative,1.0883618593215942,-0.5602695345878601,1.920455813407898
1403907243087519748,negative,0.7730712890625,-0.30558183789253235,2.240128517150879
1403907244505378828,neutral,2.625272750854492,1.9460139274597168,-0.45461955666542053
1403907244920561668,negative,1.5510801076889038,-0.8862767815589905,2.0368223190307617
1403907245553766400,negative,0.9605687260627747,-0.7414638996124268,2.587991237640381
1403907245595713538,neutral,1.4685285091400146,1.35844087600708,-0.6150807738304138
1403907246216695810,neutral,1.8709139823913574,0.7854757308959961,0.3054758906364441
1403907246434570242,negative,1.3134132623672485,-0.5762356519699097,1.6616077423095703
1403907246531268608,negative,1.1601614952087402,-0.8452937006950378,1.9060649871826172
1403907247386902537,positive,1.0659174919128418,1.716843605041504,-0.25428780913352966
1403907247802044424,positive,1.2543110847473145,2.1923372745513916,-0.7262181043624878
1403907248968155138,negative,0.9748833775520325,-1.1192152500152588,2.882169485092163
1403907249152614404,neutral,1.6855746507644653,0.37137293815612793,0.3793219327926636
1403907250276769792,neutral,0.9006465077400208,0.4645300805568695,0.47839343547821045
1403907250347864064,neutral,1.488516926765442,0.17308259010314941,1.0122597217559814
1403907250561769474,neutral,1.9212640523910522,-0.8797891139984131,1.5172885656356812
1403907252981886978,neutral,1.9204490184783936,1.3087852001190186,0.21361525356769562
1403907253233586176,neutral,0.9540935754776001,0.4089478850364685,0.7260999083518982
1403907253325889537,negative,0.8425706028938293,-1.15806245803833,3.1593658924102783
1403907253841776640,negative,1.5462321043014526,-0.9039551615715027,1.93699049949646
1403907254051508224,neutral,2.1832115650177,1.3436704874038696,-0.046759121119976044
1403907255322525696,negative,1.4927023649215698,-0.3780387043952942,2.095424175262451
1403907256484347907,neutral,1.997269630432129,0.5990725159645081,0.36160528659820557
1403907256748478467,negative,1.2765007019042969,-0.07167240232229233,1.4529045820236206
1403907256853295110,negative,0.6273433566093445,0.4125775396823883,0.9376524090766907
1403907257012678657,positive,0.44015073776245117,0.6609483361244202,0.40956053137779236
1403907259135152129,negative,1.0946109294891357,-0.5762448310852051,1.223435640335083
1403907259365609482,neutral,1.7340422868728638,-0.015739694237709045,0.922566831111908
1403907260116467715,positive,0.3681810796260834,1.1743123531341553,0.5650965571403503
1403907261357953028,neutral,1.9873803853988647,-0.06890102475881577,1.44371497631073
1403907261903212544,negative,1.129659652709961,0.11079902946949005,1.3225390911102295
1403907261924200460,negative,0.8755371570587158,0.176101952791214,1.7996608018875122
1403907262268153857,negative,1.4069199562072754,-0.38139307498931885,2.0538203716278076
1403907263639670784,positive,0.8097521662712097,1.2995210886001587,0.10947390645742416
1403907264000499715,negative,1.264915108680725,-0.3722284138202667,1.4042580127716064
1403907264633884673,neutral,1.4763433933258057,-0.23083719611167908,1.4460935592651367
1403907267951529984,negative,1.4180810451507568,-0.916871964931488,1.8428053855895996
1403907269192998918,negative,0.948481023311615,-0.9518138766288757,3.174525260925293
1403907269394415616,neutral,1.4671486616134644,-0.1719343364238739,0.8173035383224487
1403907270048501768,neutral,2.8194515705108643,1.8575767278671265,-0.4320427179336548
1403907270186967040,neutral,2.7360382080078125,0.32826054096221924,0.0694466084241867
1403907270195388424,negative,0.5783504843711853,0.3796457350254059,0.999047577381134
1403907271856328705,negative,0.27751225233078003,-0.3014826774597168,1.970829725265503
1403907272141574147,neutral,1.3580589294433594,0.5692808628082275,0.07503075897693634
1403907272334446599,positive,3.421476364135742,3.8226940631866455,-1.7387290000915527
1403907272552505347,neutral,2.126412868499756,-0.8504928350448608,1.3406469821929932
1403907273513050115,negative,0.165490984916687,-0.30877724289894104,1.8683449029922485
1403907273768927235,neutral,2.3341925144195557,1.2727758884429932,-0.3107021152973175
1403907273970184205,negative,0.1325368881225586,-0.2741551101207733,1.9922502040863037
1403907274188288001,neutral,1.1228433847427368,0.3682563602924347,0.637382447719574
1403907276264574976,neutral,0.6850500106811523,-0.19971027970314026,0.511393666267395
1403907276788830211,neutral,1.2109184265136719,1.1189335584640503,0.2688791751861572
1403907277002657793,neutral,2.23433256149292,0.5764689445495605,-0.08703839033842087
1403907277006860288,neutral,1.9773690700531006,0.3313377797603607,0.5855976939201355
1403907277489205248,neutral,1.8968743085861206,0.3583452105522156,0.06615457683801651
1403907277812293632,negative,0.31271830201148987,1.1360714435577393,1.560778021812439
1403907278416318466,neutral,1.970107913017273,-0.43401941657066345,0.9729315638542175
1403907278974062594,negative,1.2130876779556274,-0.11638269573450089,1.5395174026489258
1403907279435538433,negative,0.27518001198768616,-0.23737499117851257,2.767789363861084
1403907279657787392,neutral,1.355238676071167,0.27035945653915405,1.0211868286132812
1403907279867498499,positive,1.3209024667739868,1.9842815399169922,0.005960673093795776
1403907280307834881,negative,0.8804442286491394,0.8687065839767456,1.787145733833313
1403907280345600002,negative,1.6007444858551025,-1.2062618732452393,3.0223493576049805
1403907280441995271,neutral,2.133938789367676,0.2718195617198944,0.8797829151153564
1403907280660221952,negative,0.4450380206108093,-0.6353573799133301,2.810211181640625
1403907281503326211,neutral,1.2789534330368042,1.0703327655792236,0.5526919960975647
1403907281951936513,neutral,1.2400773763656616,0.8503363728523254,0.11373043805360794
1403907282614685698,negative,1.3378167152404785,-0.8299625515937805,2.1379568576812744
1403907285295022082,neutral,2.625272750854492,1.9460138082504272,-0.45461955666542053
1403907285680680961,neutral,1.7948017120361328,0.5239002108573914,0.35994359850883484
1403907285714313219,negative,1.3159493207931519,-0.4396592676639557,1.7754342555999756
1403907286452432900,negative,1.272599220275879,-0.42783424258232117,2.1349899768829346
1403907287601745924,negative,1.0904861688613892,-0.5980318188667297,2.5189831256866455
1403907287723433988,negative,0.3889053463935852,-0.7976290583610535,2.246025800704956
1403907288990027776,negative,0.9322956204414368,-0.13257071375846863,1.4755423069000244
1403907289602400257,neutral,2.4764676094055176,-0.3037685453891754,0.8923212885856628
1403907289745006596,neutral,1.8441276550292969,1.3043320178985596,-0.0006128475069999695
1403907289833082882,negative,0.8425706028938293,-1.15806245803833,3.1593658924102783
1403907290428702722,neutral,2.7105743885040283,0.9037188291549683,-0.20886628329753876
1403907290822975489,positive,1.0282933712005615,5.10275411605835,-1.2908387184143066
1403907290940555269,neutral,1.6855745315551758,0.37137290835380554,0.37932199239730835
1403907293113163776,neutral,1.3316597938537598,0.5258525013923645,-0.1507493257522583
1403907294115549186,neutral,2.0398097038269043,0.6565144062042236,0.08112100511789322
1403907294803292160,negative,1.3791227340698242,-1.056699514389038,2.8005926609039307
1403907296317554688,positive,0.6791161894798279,1.5097812414169312,-0.32288360595703125
1403907296841723906,negative,0.9883362054824829,-0.4258507192134857,2.3450636863708496
1403907298595049472,neutral,2.2495224475860596,-0.22520193457603455,0.448442667722702
1403907298964037639,negative,1.2766809463500977,-0.6316000819206238,1.7445170879364014
1403907299157098497,neutral,2.625272750854492,1.9460138082504272,-0.45461955666542053
1403907300499337223,neutral,2.625272750854492,1.9460138082504272,-0.45461955666542053
1403907300776103941,negative,1.24591863155365,-0.5030747056007385,2.087157726287842
1403907301145137152,neutral,1.0977864265441895,0.4809337854385376,0.8222506046295166
1403907301254172675,neutral,1.5213768482208252,-0.02389143407344818,1.2605451345443726
1403907302462308352,negative,0.45249032974243164,-0.7954536080360413,2.5518083572387695
1403907302957060100,neutral,1.2307138442993164,0.3640056252479553,0.6957283020019531
1403907304957874183,positive,1.2722536325454712,2.1174490451812744,-0.32353925704956055
1403907304978718723,neutral,1.4592134952545166,0.5933533310890198,0.5130789875984192
1403907305054244867,positive,3.199489116668701,6.813481330871582,-2.1774299144744873
1403907305138274304,negative,0.9748833775520325,-1.1192152500152588,2.882169485092163
1403907305394085890,negative,0.14797593653202057,-0.2303754687309265,2.2068333625793457
1403907306115551232,negative,1.5908018350601196,-0.38131383061408997,1.6988087892532349
1403907306174095366,neutral,1.3630787134170532,-0.01704220473766327,1.093766212463379
1403907306828431363,neutral,1.7587355375289917,-0.28164297342300415,1.4523042440414429
1403907307264565256,neutral,2.025411605834961,1.2413456439971924,0.05444595217704773
1403907307365351430,neutral,0.8385963439941406,0.7304736971855164,0.5091888904571533
1403907310070554624,negative,1.3517240285873413,-0.6983805894851685,1.3759765625
1403907311244963845,negative,0.3318510353565216,-0.978121817111969,3.4759609699249268
1403907311920373762,neutral,1.4593305587768555,-0.12495603412389755,1.035743236541748
1403907312025210886,negative,1.24591863155365,-0.5030747056007385,2.087157726287842
1403907312947974150,neutral,2.625272750854492,1.9460138082504272,-0.45461955666542053
1403907314600476675,neutral,1.6222120523452759,-0.3098700940608978,1.2465291023254395
1403907314705260547,neutral,2.052741050720215,1.071890115737915,0.09067115932703018
1403907315758161927,negative,0.443845272064209,0.23688039183616638,0.9691416621208191
1403907316412563458,positive,1.6424152851104736,1.697609543800354,0.3816523551940918
1403907316949336066,positive,0.4380453824996948,1.790460467338562,0.18414653837680817
1403907316957650947,negative,1.1853126287460327,-0.7408862709999084,2.824706792831421
1403907318031470599,neutral,2.625272750854492,1.9460138082504272,-0.45461955666542053
1403907318522077191,neutral,2.797194242477417,0.05220121517777443,0.234378382563591
1403907319080042497,negative,1.4348958730697632,-1.12272310256958,2.833134174346924
1403907319595929603,neutral,1.4644548892974854,1.2147305011749268,1.0973955392837524
1403907320338210818,neutral,1.9403049945831299,-0.6860625147819519,0.9651776552200317
1403907320682139648,negative,1.1574227809906006,-1.2223237752914429,3.07891845703125
1403907321349251074,neutral,1.1044281721115112,0.31632307171821594,0.41003939509391785
1403907321726648321,negative,1.0477633476257324,-0.5979313850402832,1.7970184087753296
1403907321869209602,neutral,1.5749294757843018,-0.1815018355846405,-0.08083273470401764
1403907322280222722,neutral,1.725153923034668,1.129235029220581,0.17076431214809418
1403907322863177733,neutral,2.048983573913574,0.35919010639190674,0.6225658059120178
1403907323748225027,neutral,1.6530979871749878,-0.07137513905763626,0.9437081217765808
1403907324155150346,neutral,0.9225008487701416,0.902669370174408,-0.2150346040725708
1403907324373307394,neutral,1.7728899717330933,-0.48934176564216614,1.5755770206451416
1403907326373998594,negative,0.7227766513824463,-0.9705680012702942,3.2723388671875
1403907327263051777,neutral,1.8424509763717651,1.7641315460205078,-0.2773570120334625
1403907329494560769,negative,0.5135579109191895,-0.6239608526229858,2.5636990070343018
1403907329918111749,negative,1.6118311882019043,-1.0667004585266113,2.3616342544555664
1403907330366840834,neutral,1.4711247682571411,0.13146039843559265,0.6256122589111328
1403907332350758915,negative,1.6007444858551025,-1.2062618732452393,3.0223493576049805
1403907332862582786,negative,0.5071958899497986,-0.09413718432188034,2.1631338596343994
1403907333412081667,negative,1.324816346168518,-0.24633243680000305,1.7535533905029297
1403907333512515585,negative,1.3484361171722412,-0.2994023859500885,1.7680084705352783
1403907335718772736,neutral,3.530146598815918,1.6300078630447388,-1.0650413036346436
1403907336524214273,negative,0.5673071146011353,0.05731311812996864,1.3943166732788086
1403907336742264837,positive,2.0001065731048584,2.2721900939941406,-0.5241604447364807
1403907336926760963,negative,0.6348584890365601,-0.8351641893386841,3.0688998699188232
1403907337371279368,neutral,3.530146598815918,1.6300078630447388,-1.0650413036346436
1403907337581207554,neutral,1.3245716094970703,-0.6526419520378113,1.1291115283966064
1403907339535540227,neutral,2.3388381004333496,1.203129529953003,-0.2875635325908661
1403907339686539264,negative,1.0548555850982666,-1.3302160501480103,4.144258499145508
1403907340110221312,positive,3.2521109580993652,3.2903316020965576,-1.1399136781692505
1403907340626128900,negative,1.0614433288574219,0.2788001000881195,1.5093058347702026
1403907341095944198,neutral,1.6156479120254517,1.0034308433532715,0.9610843062400818
1403907344589901830,negative,1.0421034097671509,-0.48706361651420593,1.6270825862884521
1403907345982234626,neutral,2.126412868499756,-0.8504928350448608,1.3406469821929932
1403907346313760769,negative,0.6698130965232849,-0.7425821423530579,2.005436897277832
1403907349731893249,neutral,1.7359100580215454,-0.833463191986084,1.6277490854263306
1403907350688243722,positive,1.08009672164917,1.4713010787963867,-0.6957586407661438
1403907350688305157,negative,1.0416817665100098,0.049163807183504105,1.9632542133331299
1403907351426572292,neutral,2.3341925144195557,1.2727758884429932,-0.3107021152973175
1403907351736840196,neutral,1.9403049945831299,-0.6860625147819519,0.9651776552200317
1403907352810692610,negative,1.0345826148986816,-1.048423171043396,2.6808512210845947
1403907353381015559,neutral,2.839346408843994,-0.03532987833023071,0.291983425617218
1403907353733484552,neutral,1.6156479120254517,1.0034308433532715,0.9610841870307922
1403907354584764416,negative,0.6265775561332703,0.34463584423065186,1.8797860145568848
1403907355255967749,negative,0.5694922208786011,0.05493169650435448,1.682134747505188
1403907355490897921,neutral,1.7022045850753784,-0.013955235481262207,1.5097193717956543
1403907357768290306,neutral,1.3112705945968628,-0.3350710868835449,1.0854270458221436
1403907357814530050,negative,0.4564964175224304,-0.8170602321624756,3.7533457279205322
1403907358955245573,positive,2.2271292209625244,3.158660650253296,-1.025310754776001
1403907360985284612,positive,2.2271292209625244,3.158660650253296,-1.025310754776001
1403907362096775169,positive,2.4486327171325684,3.7499783039093018,-1.173680305480957
1403907363006926853,negative,1.0545748472213745,-0.5156394839286804,1.2932755947113037
1403907363883687942,negative,0.8323348760604858,0.08698143064975739,1.295982837677002
1403907364177186817,negative,1.3975275754928589,-0.6754298210144043,1.7229281663894653
1403907365628387328,negative,0.2326129674911499,-0.5561510920524597,2.777312994003296
1403907366291185665,neutral,1.775838017463684,1.342233419418335,-0.5757594108581543
1403907367465631745,negative,1.1261550188064575,-0.6449975967407227,1.9454048871994019
1403907367985627139,negative,1.1353546380996704,-0.2905583679676056,1.2604365348815918
1403907368358793218,negative,1.0614433288574219,0.2788001000881195,1.5093058347702026
1403907368983818242,positive,1.447749137878418,1.7100645303726196,0.03988577425479889
1403907370875502597,negative,0.907409131526947,-0.8986888527870178,2.3001294136047363
1403907371122847745,neutral,2.625272750854492,1.9460138082504272,-0.45461955666542053
1403907372817391617,negative,0.4492422044277191,-0.8204881548881531,2.8380355834960938
1403907372892917762,positive,2.2271292209625244,3.158660650253296,-1.025310754776001
1403907373924642819,negative,1.3328379392623901,-1.1997720003128052,3.0109012126922607
1403907374109261831,neutral,2.644895315170288,1.4644911289215088,-0.39701157808303833
1403907376407748614,negative,0.8642274141311646,-0.07496795803308487,1.4090460538864136
1403907376713846785,negative,1.3268706798553467,-0.9486227631568909,2.45597767829895
1403907376789471235,positive,1.844598412513733,2.4513134956359863,-0.45306530594825745
1403907377133277184,neutral,1.0006576776504517,0.8950598239898682,0.8069290518760681
1403907377380827137,negative,1.0849835872650146,-0.4725020229816437,1.3431031703948975
1403907377397698565,negative,0.8628371953964233,-0.4972011148929596,1.014633297920227
1403907378161070083,negative,0.9864599704742432,-0.5773411393165588,1.4517544507980347
1403907378345480196,negative,0.9147406816482544,0.5241237282752991,1.4508925676345825
1403907378433699840,neutral,2.1774325370788574,1.0631910562515259,0.4587027430534363
1403907380463783937,negative,1.1685296297073364,-1.1919217109680176,2.797386884689331
1403907380677513218,neutral,2.12562894821167,0.14463269710540771,1.26873779296875
1403907382002872323,neutral,2.009143114089966,-0.5149003267288208,1.4981954097747803
1403907382120493059,negative,0.6265775561332703,0.34463584423065186,1.8797860145568848
1403907385463242753,neutral,3.530146598815918,1.6300079822540283,-1.0650410652160645
1403907386088194048,neutral,1.4939762353897095,0.9625682234764099,1.1335692405700684
1403907386113335298,positive,0.9474450349807739,0.9612109065055847,0.716924250125885
1403907386180608005,neutral,1.6855745315551758,0.37137290835380554,0.37932199239730835
1403907386264403969,negative,0.5348553657531738,-0.8909215331077576,2.731860399246216
1403907386872565760,negative,1.27858304977417,-0.911498486995697,2.1097447872161865
1403907387510034434,neutral,2.052741050720215,1.071890115737915,0.09067115932703018
1403907388248248326,negative,1.0653775930404663,-1.0083895921707153,2.5501930713653564
1403907389951152130,neutral,1.273930311203003,0.4002537727355957,0.5919164419174194
1403907390592987138,negative,1.6280837059020996,-1.0151063203811646,2.2272987365722656
1403907390790004738,neutral,1.4816169738769531,-0.6155495047569275,1.3623672723770142
1403907391612198913,neutral,1.6156479120254517,1.0034308433532715,0.9610841870307922
1403907391700094976,neutral,2.3341925144195557,1.2727758884429932,-0.3107021152973175
1403907392572727303,positive,1.5974022150039673,5.0727410316467285,-1.5596588850021362
1403907392878882821,negative,1.8062810897827148,-1.0508441925048828,2.2431118488311768
1403907396339183616,neutral,1.6855745315551758,0.37137290835380554,0.37932199239730835
1403907397047840775,negative,1.3328379392623901,-1.1997720003128052,3.0109012126922607
1403907397052153858,negative,0.8649672269821167,-0.48798802495002747,1.9288407564163208
1403907398528475137,neutral,3.0400309562683105,0.9650040864944458,-0.5967221856117249
1403907399249969154,negative,1.3250322341918945,-0.5132935643196106,1.9598480463027954
1403907399304593419,negative,1.3406951427459717,-0.6194198131561279,2.546078681945801
1403907399455477761,neutral,2.205035448074341,0.2662109136581421,0.33119094371795654
1403907400625582081,neutral,1.6156479120254517,1.0034308433532715,0.9610841870307922
1403907400910913538,neutral,1.8709139823913574,0.7854757308959961,0.3054758906364441
1403907402248843268,positive,2.6454083919525146,2.9608752727508545,-0.7555457353591919
1403907402819280897,negative,1.2987167835235596,-0.5234191417694092,1.5412319898605347
1403907403414851585,negative,0.8061771392822266,-0.6775262355804443,2.830129384994507
1403907404148793348,positive,1.7462825775146484,1.8249918222427368,-0.08776446431875229
1403907404597760000,neutral,1.043899655342102,0.7729917764663696,0.390443354845047
1403907405092634630,positive,1.3248229026794434,3.3609321117401123,-0.7989391684532166
1403907405726072836,negative,0.6154739260673523,0.5813928842544556,1.4845869541168213
1403907405797199872,neutral,2.9964661598205566,1.8946681022644043,-0.6704041361808777
1403907405834973186,neutral,2.3341925144195557,1.2727758884429932,-0.3107021152973175
1403907405881262083,negative,0.9864599704742432,-0.5773411393165588,1.4517544507980347
1403907407818883074,negative,1.3783894777297974,0.08099635690450668,1.7644765377044678
1403907409530167299,negative,1.4525997638702393,-0.8872029781341553,1.9194951057434082
1403907409832148996,neutral,2.3061580657958984,0.5227155089378357,0.32168158888816833
1403907410889039877,negative,0.50957190990448,0.15235380828380585,1.2174359560012817
1403907410901745667,positive,1.1895025968551636,5.41456937789917,-1.5090681314468384
1403907411035844609,neutral,1.6984983682632446,1.2126384973526,0.278038889169693
1403907412369702912,negative,1.1678311824798584,0.0937691330909729,1.3716529607772827
1403907412445253637,neutral,0.6881465911865234,0.40776515007019043,0.3176898658275604
1403907412583583753,neutral,1.6019059419631958,1.1566170454025269,0.004252312704920769
1403907412684386305,neutral,2.0510964393615723,-0.3401428163051605,0.42906832695007324
1403907413409996802,negative,0.5348553657531738,-0.8909215331077576,2.731860399246216
1403907413657391109,negative,0.8053581118583679,-1.0740268230438232,3.196580171585083
1403907414190002183,neutral,1.7271593809127808,-0.6133518815040588,1.1558470726013184
1403907414655705091,neutral,1.997269630432129,0.5990725159645081,0.36160528659820557
1403907414756192260,neutral,2.0477797985076904,0.21745768189430237,0.6523972749710083
1403907415142068225,negative,1.0798850059509277,-1.3381999731063843,3.521897315979004
1403907415276285956,neutral,2.007211446762085,1.0762277841567993,-0.1420014202594757
1403907416014475269,negative,0.9929909706115723,-0.7368529438972473,1.9260650873184204
1403907416417202187,neutral,2.321364164352417,0.5438176989555359,0.1651768982410431
1403907416559800323,neutral,2.1983630657196045,-0.7433552742004395,1.3310186862945557
1403907416832544773,neutral,2.290888547897339,-0.9436724781990051,1.6413021087646484
1403907418032152582,negative,1.1353546380996704,-0.2905583679676056,1.2604365348815918
1403907419072348160,negative,0.2551058828830719,0.003259621560573578,2.1761891841888428
1403907419336450048,positive,1.1123197078704834,1.2339015007019043,0.6923160552978516
1403907419520987141,neutral,2.1895806789398193,-0.04521697014570236,0.6514337658882141
1403907419831296003,negative,0.7772159576416016,-0.8056547045707703,2.2397754192352295
1403907420959637504,negative,0.42756709456443787,0.8820610046386719,1.3964288234710693
1403907422289235968,negative,1.1934726238250732,-1.1040271520614624,2.713010311126709
1403907422922559491,neutral,2.0557925701141357,-0.2599976658821106,1.5520027875900269
1403907423044177923,neutral,2.3341925144195557,1.2727758884429932,-0.3107021152973175
1403907423048503296,positive,1.2137781381607056,1.5583857297897339,-0.11843546479940414
1403907423216103425,negative,1.3134132623672485,-0.5762356519699097,1.6616077423095703
1403907423383932929,positive,1.9316705465316772,2.1811797618865967,-0.5911884903907776
1403907423832743939,neutral,2.3341925144195557,1.2727758884429932,-0.3107021152973175
1403907424151478274,neutral,2.162160634994507,0.7253281474113464,0.5656284093856812
1403907424449228805,neutral,2.052741050720215,1.071890115737915,0.09067115932703018
1403907424738680841,positive,1.2570775747299194,1.4952787160873413,-0.05524346977472305
1403907425401393152,negative,1.1678311824798584,0.0937691330909729,1.3716529607772827
1403907427083423754,neutral,1.4255098104476929,0.39263659715652466,1.0397721529006958
1403907428710711300,neutral,2.235969066619873,0.5913001894950867,-0.29234960675239563
1403907429088337922,negative,0.29870349168777466,0.36362743377685547,0.5064343810081482
1403907430694768641,neutral,2.6875815391540527,2.32707142829895,-0.8675783276557922
1403907431898353664,negative,1.0604596138000488,-0.9797547459602356,2.726210117340088
1403907434372997121,neutral,1.628027081489563,0.7090727686882019,0.9133248329162598
1403907435694333955,negative,0.9748833775520325,-1.1192152500152588,2.882169485092163
1403907435832565761,neutral,1.8265072107315063,0.8772433996200562,0.21091501414775848
1403907435908063232,positive,0.8850337862968445,3.9372506141662598,-1.010509729385376
1403907439121027075,negative,0.9556260108947754,-0.013230964541435242,1.6918429136276245
1403907439863414784,neutral,1.6855745315551758,0.37137290835380554,0.37932199239730835
1403907440115134467,neutral,1.0571156740188599,0.605049729347229,0.763656497001648
1403907442908434432,negative,0.8513269424438477,0.026073366403579712,2.3652567863464355
1403907444045017091,positive,0.2929810881614685,0.41159212589263916,0.3296501636505127
1403907444854595589,neutral,2.261093854904175,0.6366658210754395,0.21969132125377655
1403907445525663744,neutral,1.3892029523849487,0.6073533296585083,0.2933630347251892
1403907448663162881,negative,1.526645302772522,-1.0129441022872925,1.8862861394882202
1403907449631903749,negative,1.2084757089614868,-1.044694423675537,2.9159586429595947
1403907449866776579,neutral,2.6507158279418945,0.9709274172782898,-0.26993709802627563
1403907450563182593,negative,0.7356282472610474,-1.0188978910446167,3.530339479446411
1403907451729022978,positive,0.8718290328979492,2.0605523586273193,0.300628662109375
1403907453536784385,neutral,1.053609013557434,0.03719697520136833,-0.03418701887130737
1403907455633924099,neutral,2.3341925144195557,1.2727758884429932,-0.3107021152973175
1403907455914962948,neutral,2.212688684463501,0.13722354173660278,0.5621252655982971
1403907456132997128,neutral,1.9403049945831299,-0.6860625147819519,0.9651776552200317
1403907456229511173,neutral,1.484321117401123,0.7425757050514221,0.5757811069488525
1403907456972083200,positive,0.8092227578163147,2.3626255989074707,-0.22004817426204681
1403907457705906177,neutral,2.1617162227630615,-1.0657998323440552,2.0157408714294434
1403907457735352324,neutral,2.1349422931671143,-0.019339092075824738,1.3059574365615845
1403907459199213574,positive,2.84894061088562,3.0953776836395264,-1.0040594339370728
1403907459979386883,negative,1.3475594520568848,-0.7858156561851501,1.6864840984344482
1403907460176490501,negative,1.40402352809906,-0.8634891510009766,1.917134404182434
1403907460528840708,neutral,1.6855746507644653,0.37137284874916077,0.37932199239730835
1403907462491672577,neutral,1.2885048389434814,0.4984723627567291,0.1203310638666153
1403907462726524932,negative,1.030448317527771,-0.8581322431564331,2.982595682144165
1403907464223920131,negative,1.3817634582519531,-1.087770700454712,2.439406394958496
1403907465075314693,neutral,2.052741050720215,1.071890115737915,0.09067115932703018
1403907468426625025,neutral,1.044068694114685,0.5189411044120789,0.5812033414840698
1403907468837625859,neutral,1.6156479120254517,1.0034308433532715,0.9610841870307922
1403907469412274178,positive,1.2954142093658447,1.767673134803772,-0.30630171298980713
1403907469877915649,neutral,1.2400773763656616,0.8503364324569702,0.11373043060302734
1403907470053953536,neutral,1.8034820556640625,-0.5680755376815796,1.16829514503479
1403907470708330498,negative,1.166422724723816,-0.4476536214351654,2.1710495948791504
1403907470754336778,neutral,1.488516926765442,0.17308259010314941,1.0122597217559814
1403907471765393409,neutral,0.9543326497077942,0.27728036046028137,0.9093653559684753
1403907473229201408,negative,1.1174196004867554,-0.7593182921409607,2.4929440021514893
1403907473640017923,positive,2.468137741088867,3.2754783630371094,-1.1367270946502686
1403907474172780545,neutral,1.135694146156311,0.7972244024276733,0.6448209881782532
1403907474424541184,negative,1.1276328563690186,-0.24848338961601257,1.1725642681121826
1403907474625765376,neutral,1.257562279701233,0.04859713837504387,0.7806519269943237
1403907474646654980,neutral,1.3134440183639526,0.38669928908348083,0.8052688241004944
1403907475523268608,neutral,1.6855745315551758,0.37137290835380554,0.37932199239730835
1403907477175996418,negative,1.265724539756775,-0.9316266179084778,2.187412738800049
1403907478027386881,neutral,1.6077783107757568,0.0052930936217308044,0.994408905506134
1403907478920654848,neutral,2.010815143585205,-0.6213177442550659,1.437969446182251
1403907479642296320,neutral,1.8022494316101074,1.6862090826034546,0.21223115921020508
1403907480124628997,neutral,2.401073932647705,0.3428889214992523,0.255322128534317
1403907480422322176,neutral,1.761025071144104,-0.26658743619918823,0.952614963054657
1403907480502079495,negative,0.5674387216567993,-0.19765645265579224,1.7363609075546265
1403907480799883265,neutral,1.1225346326828003,0.15375608205795288,1.0352575778961182
1403907481802313732,neutral,2.737848997116089,1.25119149684906,-0.7172808647155762
1403907482133487620,neutral,1.6090229749679565,0.9843131899833679,0.02561151050031185
1403907482674683907,neutral,1.5604273080825806,0.35448387265205383,1.3058843612670898
1403907483542958081,negative,0.7663590908050537,0.36571741104125977,1.1432548761367798
1403907483790462976,neutral,1.1370362043380737,0.2686079442501068,0.7621549963951111
1403907484289540096,neutral,2.1617162227630615,-1.0657998323440552,2.0157408714294434
1403907484431970304,positive,0.9171984195709229,3.2767093181610107,-0.15451765060424805
1403907484788604928,neutral,0.7181844115257263,0.12303449213504791,0.6844250559806824
1403907486751420422,positive,2.807255983352661,3.978250741958618,-1.6597789525985718
1403907486877323273,negative,0.1998157948255539,0.4673755168914795,1.202033519744873
1403907486885683202,neutral,3.530146598815918,1.6300078630447388,-1.0650413036346436
1403907487837868036,neutral,2.052741050720215,1.071890115737915,0.09067115932703018
1403907488890634244,neutral,2.516437530517578,1.6158294677734375,-0.4758058786392212
1403907489100304387,positive,3.3633546829223633,3.944154977798462,-1.552945613861084
1403907489507069952,negative,1.4232145547866821,-0.7534364461898804,2.0620169639587402
1403907489725308928,negative,0.9748833775520325,-1.1192152500152588,2.882169485092163
1403907491348598784,negative,1.38160240650177,-0.7277311086654663,1.9291423559188843
1403907491553943553,neutral,2.052741050720215,1.071890115737915,0.09067115932703018
1403907492359262211,neutral,1.7270370721817017,-0.5295587182044983,0.6335042715072632
1403907493202317314,negative,1.0715370178222656,0.5248022675514221,1.388688325881958
1403907493437259778,negative,1.3050954341888428,-0.7747266888618469,2.2599973678588867
1403907493554581509,neutral,2.8194515705108643,1.8575767278671265,-0.4320427179336548
1403907494414532609,negative,0.23431646823883057,0.09932296723127365,1.8260023593902588
1403907494519341056,neutral,2.3341927528381348,1.2727758884429932,-0.3107021749019623
1403907496327061505,neutral,0.7775076031684875,-0.14577952027320862,0.25559523701667786
1403907496578846720,positive,2.0963172912597656,2.6822896003723145,-0.30437466502189636
1403907497207894020,negative,1.0614433288574219,0.2788001000881195,1.5093058347702026
1403907497258270721,positive,0.16154779493808746,1.1524468660354614,0.3402538597583771
1403907497258274816,negative,1.0035604238510132,-0.7507507801055908,2.338200092315674
1403907498004946944,neutral,1.4481757879257202,-0.0736922100186348,0.8928214311599731
1403907498805968899,negative,1.5510801076889038,-0.8862767815589905,2.0368223190307617
1403907500299149313,neutral,1.2928187847137451,1.0833911895751953,0.39903002977371216
1403907501226033156,negative,0.9630367159843445,-0.49980440735816956,2.1679837703704834
1403907501704183808,negative,1.0614433288574219,0.2788001000881195,1.5093058347702026
1403907502287228928,negative,0.5049619078636169,0.9324029684066772,1.3395769596099854
1403907502844956675,positive,1.7747060060501099,3.4235782623291016,-0.5406714081764221
1403907502970871810,neutral,2.821725368499756,0.025734908878803253,0.5355105400085449
1403907503063248897,neutral,1.5835020542144775,0.562130331993103,0.4180600643157959
1403907503419756545,positive,1.2018282413482666,5.37031888961792,-0.9567310214042664
1403907503889391618,neutral,2.3341925144195557,1.2727758884429932,-0.3107021152973175
1403907504656969737,neutral,1.6855745315551758,0.37137284874916077,0.37932199239730835
1403907505084788738,neutral,1.549101710319519,-0.7296223640441895,1.4869049787521362
1403907505831305218,neutral,1.5324549674987793,0.3486989736557007,0.640373945236206
1403907507089727499,negative,0.6439998149871826,-1.2103722095489502,3.6401169300079346
1403907507228233733,neutral,1.437436580657959,0.20800712704658508,0.10670052468776703
1403907507471400963,negative,1.2562402486801147,-0.054047368466854095,1.3544342517852783
1403907507622322176,neutral,2.133938789367676,0.2718195617198944,0.8797829151153564
1403907507676880899,neutral,1.5920995473861694,-0.5145262479782104,1.57858145236969
1403907511120318465,positive,0.856820285320282,1.223517656326294,-0.12230997532606125
1403907511393062914,positive,0.8726487755775452,1.511231780052185,-0.2967381775379181
1403907512852639750,positive,1.1962823867797852,1.9226633310317993,-0.002220829948782921
1403907513141972996,neutral,1.8709139823913574,0.7854757308959961,0.3054758906364441
1403907514647863296,neutral,1.7069233655929565,0.5444349050521851,0.15879037976264954
1403907515478327298,neutral,1.3004688024520874,0.6855548024177551,0.03325173631310463
1403907515507642372,neutral,1.0847060680389404,0.051545388996601105,0.5709735155105591
1403907515788582918,neutral,1.9601757526397705,-0.6169534921646118,1.2012940645217896
1403907517093191680,positive,1.0659171342849731,1.7168433666229248,-0.2542877495288849
1403907517663481857,neutral,1.7588891983032227,0.08880151063203812,1.3759820461273193
1403907518380724224,neutral,1.4873063564300537,1.193251609802246,0.5740144848823547
1403907518468820995,negative,1.0548555850982666,-1.3302160501480103,4.144258499145508
1403907519232327681,negative,1.1238867044448853,-0.2997716963291168,1.6877856254577637
1403907522252230657,negative,0.8323348760604858,0.08698143064975739,1.295982837677002
1403907524806406147,negative,0.9630367755889893,-0.49980446696281433,2.1679837703704834
1403907525192343554,neutral,2.133840560913086,0.15199224650859833,0.4240938127040863
1403907525628596227,neutral,1.2811144590377808,0.7088854312896729,1.0521644353866577
1403907525867716616,negative,0.48400822281837463,-0.14295655488967896,2.540386199951172
1403907526228279298,neutral,1.1297285556793213,0.6758421659469604,-0.3577014207839966
1403907528933756928,neutral,1.8283326625823975,-0.3294069766998291,1.1459664106369019
1403907529244094465,neutral,1.6855745315551758,0.37137290835380554,0.37932199239730835
1403907529969569793,neutral,2.052741050720215,1.071890115737915,0.09067115932703018
1403907530682617859,neutral,1.6855745315551758,0.37137290835380554,0.37932199239730835
1403907533207707650,negative,1.2647219896316528,-1.0593440532684326,2.692700147628784
1403907533799100419,positive,1.788476824760437,4.475792407989502,-1.2519820928573608
1403907535455858688,neutral,2.5322747230529785,1.2583746910095215,-0.22879011929035187
1403907536072450049,negative,1.2818080186843872,-0.8701370358467102,2.325486421585083
1403907537913618436,neutral,1.0847060680389404,0.051545388996601105,0.5709735155105591
1403907538748387328,neutral,1.6077783107757568,0.0052930936217308044,0.994408905506134
1403907539184541697,negative,0.9055893421173096,-0.08056779950857162,1.758561611175537
1403907542527496193,positive,0.9466571807861328,1.7454102039337158,0.07283709943294525
1403907542938382341,negative,2.0462586879730225,-1.1442945003509521,2.2781059741973877
1403907542976131073,neutral,1.8208409547805786,0.19163106381893158,0.5010036826133728
1403907544406364161,negative,1.491965889930725,0.09907656162977219,1.717724084854126
1403907544461025284,negative,0.6413167715072632,-0.007503226399421692,2.5404601097106934
1403907545694015488,neutral,2.1832115650177,1.3436704874038696,-0.04675920307636261
1403907545845190658,positive,1.1751277446746826,2.8271071910858154,-0.7395350337028503
1403907547375931393,positive,0.6087052226066589,0.9153005480766296,0.1864653378725052
1403907547401265152,positive,1.0943145751953125,1.576738715171814,0.8797244429588318
1403907548068028420,negative,1.8388811349868774,-1.0376384258270264,2.119652509689331
1403907548130983938,negative,1.1473811864852905,-0.9998143911361694,2.6782753467559814
1403907548193853445,neutral,1.2827643156051636,0.6830677390098572,-0.32222649455070496
1403907549150158849,negative,0.9982888102531433,-0.6479159593582153,2.3872392177581787
1403907549351448581,neutral,1.265718698501587,-0.18174424767494202,1.149996280670166
1403907549720576003,neutral,2.4377431869506836,1.3448679447174072,0.3769932985305786
1403907550425214980,positive,2.118034839630127,3.1515445709228516,-0.994699239730835
1403907551343828998,neutral,2.5457308292388916,1.3318943977355957,-0.518132746219635
1403907552195190790,neutral,1.6855745315551758,0.37137290835380554,0.37932199239730835
1403907552413458433,neutral,1.3409955501556396,-0.019700735807418823,1.033163070678711
1403907553067679744,neutral,1.7918291091918945,1.4152320623397827,-0.17605683207511902
1403907553323491329,neutral,2.155790090560913,-0.3418927788734436,1.2853862047195435
1403907553541636096,negative,1.653664231300354,-0.9171726703643799,1.9001154899597168
1403907554061656064,neutral,2.3341925144195557,1.2727758884429932,-0.3107021152973175
1403907554976038912,neutral,2.090155601501465,0.3451037108898163,0.9200283885002136
1403907555844190208,positive,2.4178271293640137,2.9063665866851807,-0.6380786895751953
1403907556549050368,negative,1.082956314086914,-0.7759607434272766,2.582730531692505
1403907556569804806,neutral,2.3961687088012695,1.5885604619979858,-0.23361416161060333
1403907557920587777,neutral,1.6023966073989868,0.19074121117591858,0.9598806500434875
1403907558071357441,negative,1.5043895244598389,-1.0888144969940186,2.553029775619507
1403907558910304257,negative,1.0865927934646606,-0.8126676082611084,1.6756409406661987
1403907560344719361,positive,2.774650812149048,4.085967540740967,-1.6760584115982056
1403907563712823298,negative,0.3935546278953552,-0.860952615737915,2.8450520038604736
1403907565562499072,neutral,2.06258225440979,-0.5874596238136292,1.1763362884521484
1403907565801594880,positive,1.580852746963501,1.590145230293274,0.00823860615491867
1403907566451576832,negative,1.344275951385498,-1.0405834913253784,2.5221364498138428
1403907566954942464,neutral,2.0557925701141357,-0.2599976658821106,1.5520027875900269
1403907567064059909,neutral,1.4592134952545166,0.5933533310890198,0.5130789875984192
1403907567525548035,neutral,0.9733110666275024,0.7726033926010132,0.8691084980964661
1403907568427319297,neutral,1.6855745315551758,0.37137290835380554,0.37932199239730835
1403907569333112833,negative,1.1934726238250732,-1.1040271520614624,2.713010311126709
1403907569593163780,neutral,1.4117416143417358,0.8564022183418274,0.07839520275592804
1403907571107483651,negative,0.9842507839202881,-0.5144978165626526,1.8265002965927124
1403907572906688513,neutral,2.036545991897583,-0.29658570885658264,1.1426016092300415
1403907573586272256,positive,0.21082858741283417,2.4243874549865723,0.3384336829185486
1403907574404050947,negative,0.4564964175224304,-0.8170602321624756,3.7533457279205322
1403907574961954816,neutral,1.7526665925979614,-0.4809950292110443,1.1976571083068848
1403907575142178817,negative,1.2705180644989014,-0.9396479725837708,2.6573545932769775
1403907577021227009,neutral,0.23260748386383057,0.17639034986495972,0.14018523693084717
1403907577595973633,neutral,1.5570446252822876,-0.06159963458776474,0.9198171496391296
1403907577772077064,positive,1.8248867988586426,1.841455101966858,-0.42729735374450684
1403907578485084166,negative,1.4106166362762451,-0.3626219928264618,1.4732586145401
1403907578896261120,negative,1.0031427145004272,-0.23927882313728333,1.0741654634475708
1403907578988580866,negative,1.4040236473083496,-0.8634890913963318,1.9171342849731445
1403907579626074113,neutral,1.5035426616668701,0.7824465036392212,0.30831578373908997
1403907582906060803,negative,0.8955867886543274,-0.735730767250061,1.937146544456482
1403907583337959430,negative,0.9074338674545288,-0.8521170616149902,2.4337620735168457
1403907583589580801,neutral,1.3978798389434814,0.5318513512611389,0.7130562663078308
1403907584206180353,positive,0.6751524209976196,2.07822585105896,-0.2724958658218384
1403907584436805635,negative,1.92665696144104,-0.6205554604530334,1.9636726379394531
1403907584638078980,neutral,2.3341925144195557,1.2727758884429932,-0.31070223450660706
1403907585502322694,neutral,2.625272750854492,1.9460138082504272,-0.45461955666542053
1403907585879678981,neutral,1.549101710319519,-0.7296223640441895,1.4869049787521362
1403907587498708994,negative,0.23489975929260254,-0.698760986328125,2.7027854919433594
1403907587649720320,negative,1.6595031023025513,-0.4618249833583832,1.6902300119400024
1403907588714950665,negative,1.9168031215667725,-0.9358422160148621,1.9408724308013916
1403907589117775873,negative,0.5666109919548035,-0.8695405721664429,3.228283405303955
1403907589415444482,neutral,1.8835499286651611,0.888871967792511,0.38055112957954407
1403907589629378570,neutral,2.625272512435913,1.9460139274597168,-0.45461949706077576
1403907589755359232,negative,0.9556260108947754,-0.013230964541435242,1.6918429136276245
1403907590350835713,negative,1.4180810451507568,-0.916871964931488,1.8428053855895996
1403907590900183043,negative,1.1649949550628662,-0.14978551864624023,1.4877201318740845
1403907592867303426,negative,0.8521131873130798,-0.5507835149765015,1.8259903192520142
1403907592867356678,negative,1.1353546380996704,-0.2905583679676056,1.2604365348815918
1403907593530118146,negative,0.28993546962738037,-0.6560148000717163,2.238520622253418
1403907595308503041,negative,0.71906578540802,0.21605649590492249,1.0207933187484741
1403907595589632002,neutral,1.300932765007019,0.8451709151268005,0.15816709399223328
1403907595698466821,neutral,2.1726419925689697,1.9253664016723633,-0.49119049310684204
1403907596805763076,negative,0.8996097445487976,-0.8819258809089661,2.7370095252990723
1403907597292429312,negative,1.0319898128509521,-0.6215174198150635,1.813718318939209
1403907597330169861,neutral,1.357933759689331,0.4829341173171997,0.6371461749076843
1403907598320033795,neutral,2.2538809776306152,0.5919568538665771,0.15464508533477783
1403907599251083266,negative,1.707590103149414,-0.9647083878517151,2.2162957191467285
1403907599846850564,neutral,2.6875815391540527,2.32707142829895,-0.8675783276557922
1403907599867670530,negative,1.1541696786880493,0.20625847578048706,1.2324331998825073
1403907601121923076,neutral,0.9966480135917664,0.44122299551963806,0.5081043243408203
1403907602581360640,neutral,2.6748995780944824,1.4856399297714233,-0.05270104855298996
1403907603466383364,neutral,1.0317420959472656,0.30565372109413147,0.37153148651123047
1403907604133289988,neutral,2.5507001876831055,-0.4420001208782196,-0.13606201112270355
1403907605030866951,neutral,1.836551547050476,0.10683613270521164,0.7296752333641052
1403907605035163650,positive,1.9983713626861572,2.367154359817505,-0.7662875652313232
1403907605182005251,neutral,1.7918291091918945,1.4152320623397827,-0.17605681717395782
1403907606134071299,neutral,1.8289711475372314,0.0308837927877903,1.0262315273284912
1403907606297546754,neutral,1.6051539182662964,-0.10807613283395767,1.1894357204437256
1403907606616297475,negative,1.6705222129821777,-0.3080354332923889,1.7488199472427368
1403907607828570115,neutral,2.821725368499756,0.025734908878803253,0.5355105400085449
1403907608021331969,positive,0.5462283492088318,1.6729772090911865,0.524213433265686
1403907608646455299,neutral,1.6855745315551758,0.37137290835380554,0.37932199239730835
1403907608730345476,neutral,1.6855745315551758,0.37137290835380554,0.37932199239730835
1403907608986095624,neutral,1.9869621992111206,-0.768470823764801,1.1093237400054932
1403907609296519168,neutral,3.557668685913086,3.221004009246826,-1.3609461784362793
1403907609657229315,negative,1.3263623714447021,-0.3908816874027252,2.351487398147583
1403907611041411073,positive,0.8639319539070129,4.197933673858643,-0.4602934420108795
1403907611527815173,neutral,1.971413493156433,1.1706968545913696,-0.012007663026452065
1403907611594952707,negative,1.8467316627502441,-1.0882304906845093,1.9658818244934082
1403907612597538820,positive,1.2092156410217285,2.254220962524414,-0.1633191555738449
1403907612987609089,neutral,1.6855745315551758,0.37137290835380554,0.37932199239730835
1403907613478187010,negative,1.0522741079330444,-0.4866494834423065,2.077437162399292
1403907613826240513,neutral,2.1617162227630615,-1.0657998323440552,2.0157408714294434
1403907615181000713,neutral,2.212160348892212,-0.031338632106781006,0.8980836868286133
1403907617978675201,neutral,2.374462604522705,1.590915322303772,-0.44393426179885864
1403907619023208449,neutral,1.8318912982940674,-0.39558491110801697,1.1406240463256836
1403907619069202432,positive,1.7462824583053589,1.8249918222427368,-0.08776453137397766
1403907619555790848,neutral,1.3494176864624023,-0.4838404357433319,1.0020291805267334
1403907620193193988,positive,0.7813913226127625,1.3444327116012573,0.7604489922523499
1403907620700934146,neutral,1.6809033155441284,-0.17971938848495483,0.527176022529602
1403907620851707907,neutral,2.388098955154419,1.4118027687072754,0.24790267646312714
1403907621934018563,neutral,1.3279465436935425,0.4409647583961487,0.9322347044944763
1403907623020380161,neutral,1.5426079034805298,0.5317460298538208,0.23070338368415833
1403907624039374848,negative,1.0548555850982666,-1.3302160501480103,4.144258499145508
1403907624370909187,negative,1.1518239974975586,-0.2667049467563629,2.0129082202911377
1403907624685346821,neutral,1.442861557006836,0.05146017298102379,0.9836236238479614
1403907624819646470,positive,1.078068733215332,1.4010207653045654,0.43587347865104675
1403907625138364419,negative,0.9260876774787903,-1.2727395296096802,3.576868772506714
1403907625402654721,negative,0.7811004519462585,-0.7896761298179626,2.4491055011749268
1403907625696206849,neutral,2.7606618404388428,0.99554842710495,-0.4655522108078003
1403907626560233476,neutral,1.7761485576629639,-0.8047674894332886,1.6028170585632324
1403907626639966211,neutral,1.2226338386535645,0.30501750111579895,1.2190287113189697
1403907627009167360,negative,1.653664231300354,-0.9171726703643799,1.9001154899597168
1403907627772366848,neutral,2.625272750854492,1.9460138082504272,-0.45461955666542053
1403907628116287489,negative,0.7453652620315552,-1.2711007595062256,3.790955066680908
1403907628137271301,negative,1.2242295742034912,-1.1737492084503174,3.3337595462799072
1403907628879597569,negative,1.0604596138000488,-0.9797547459602356,2.726210117340088
1403907629437448198,negative,0.8800466060638428,-0.34450793266296387,2.6535487174987793
1403907629450100738,neutral,1.2400773763656616,0.850336492061615,0.11373036354780197
1403907630301655042,negative,1.5905364751815796,-0.7220417261123657,2.2281205654144287
1403907630456737801,negative,1.299028992652893,-1.0044618844985962,2.5073678493499756
1403907631580856322,positive,2.0185441970825195,3.9363434314727783,-1.0941098928451538
1403907631824084994,negative,0.48432067036628723,-0.7831181883811951,2.3269500732421875
1403907632591605761,positive,1.450133204460144,3.0216548442840576,-0.6776000261306763
1403907633627734016,neutral,1.5541226863861084,0.3125840127468109,0.8307371735572815
1403907634835644416,positive,1.3239699602127075,1.7437541484832764,-0.5574751496315002
1403907635175432197,negative,1.4268120527267456,-0.8151108622550964,2.2297887802124023
1403907635817111553,neutral,1.4737322330474854,-0.34799250960350037,1.1945853233337402
1403907636219760646,negative,1.030448317527771,-0.8581322431564331,2.982595682144165
1403907636735758344,neutral,1.7918291091918945,1.4152320623397827,-0.17605683207511902
1403907636957962241,neutral,3.0498945713043213,1.0320205688476562,-0.6442585587501526
1403907636987252739,neutral,2.203944444656372,0.8346052765846252,0.18024282157421112
1403907637457063938,negative,0.7636905312538147,-1.241808295249939,3.497209072113037
1403907639008849922,negative,0.6439998149871826,-1.2103722095489502,3.6401169300079346
1403907640967589889,negative,1.0464566946029663,0.7536068558692932,1.3313249349594116
1403907641177378816,negative,1.474290132522583,-0.34706631302833557,1.6013044118881226
1403907642888650753,negative,0.68028724193573,-1.4107681512832642,4.149364948272705
1403907643694006275,positive,0.9921133518218994,1.0236083269119263,0.3878552317619324
1403907647175266305,neutral,1.2885048389434814,0.4984723627567291,0.1203310638666153
1403907650912350212,negative,1.3783894777297974,0.08099635690450668,1.7644765377044678
1403907652086767625,positive,1.88921320438385,2.193631649017334,-0.30388835072517395
1403907653064019974,negative,1.6757272481918335,-1.1267354488372803,2.5844032764434814
1403907654125166592,neutral,1.326339840888977,0.7656252980232239,0.3029361963272095
1403907654389571592,neutral,2.4616386890411377,1.4330377578735352,-0.5732445120811462
1403907655513612294,neutral,1.5977998971939087,0.07402771711349487,0.7179110646247864
1403907655710777344,positive,0.7560577988624573,1.3409072160720825,0.31628331542015076
1403907656012558346,neutral,1.5732578039169312,-0.358540803194046,0.6235769987106323
1403907656155283462,neutral,1.4419529438018799,-0.1329648196697235,0.3638518452644348
1403907657690497024,negative,1.0347955226898193,-0.896418035030365,2.5674970149993896
1403907658290106370,neutral,1.9338810443878174,-0.48602476716041565,0.7432957291603088
1403907659695374345,neutral,1.7290327548980713,-0.09333614259958267,0.7858369946479797
1403907660013965314,negative,1.1480780839920044,-1.2522386312484741,3.084691286087036
1403907660747993090,positive,2.9469268321990967,3.219434976577759,-1.1965762376785278
1403907660865486849,neutral,1.222633957862854,0.30501753091812134,1.2190285921096802
1403907661528248320,negative,0.6439998149871826,-1.2103722095489502,3.6401169300079346
1403907662283214854,neutral,1.221008062362671,0.7637954950332642,0.6404135823249817
1403907663176650753,neutral,2.821725368499756,0.025734908878803253,0.5355105400085449
1403907664703148036,neutral,2.598733901977539,1.425456166267395,-0.34827762842178345
1403907666246840323,neutral,0.7837392091751099,0.3215515911579132,0.707678496837616
1403907666938826763,negative,0.8599570989608765,0.318371444940567,1.5441577434539795
1403907667458879489,positive,2.118034839630127,3.1515445709228516,-0.994699239730835
1403907667844681732,negative,0.8441063761711121,-0.4866478741168976,2.104133129119873
1403907668838813697,negative,1.1881753206253052,-0.6936835050582886,2.1564297676086426
1403907670105464836,neutral,2.635143995285034,1.7621901035308838,-0.8980647921562195
1403907671586054144,negative,1.4180810451507568,-0.916871964931488,1.8428053855895996
1403907671737126916,negative,0.5049619674682617,0.9324029684066772,1.3395769596099854
1403907672328470530,neutral,2.2026803493499756,1.379429578781128,-0.20255893468856812
1403907672496390146,negative,0.5666109919548035,-0.8695406913757324,3.228283166885376
1403907672542384129,neutral,1.9112751483917236,-0.3637944161891937,0.3269878327846527
1403907673972740099,negative,0.5623748898506165,-0.587377667427063,1.5844323635101318
1403907675704811524,neutral,1.194406270980835,0.998563826084137,-0.5648431777954102
1403907677101584391,negative,0.9537345767021179,-1.2309095859527588,3.2816829681396484
1403907677361774596,neutral,2.625272750854492,1.9460138082504272,-0.45461955666542053
1403907678074724354,negative,0.9748833775520325,-1.1192152500152588,2.882169485092163
1403907678146080768,neutral,2.625272750854492,1.9460138082504272,-0.45461955666542053
1403907678900944898,positive,1.4200658798217773,3.259760618209839,-1.1357990503311157
1403907679064670208,negative,0.8586239218711853,-0.8045920133590698,3.142777681350708
1403907679165116419,neutral,1.9291986227035522,0.5026120543479919,0.45127689838409424
1403907680507469826,negative,0.8541529774665833,0.2277235984802246,1.2699493169784546
1403907681136517121,negative,1.3783894777297974,0.08099635690450668,1.7644765377044678
1403907681643995142,neutral,0.9952765703201294,0.36300668120384216,0.6330926418304443
1403907682386419717,neutral,2.1832115650177,1.3436704874038696,-0.04675915092229843
1403907682713542662,neutral,2.3341925144195557,1.2727758884429932,-0.3107021152973175
1403907682755567619,negative,0.5418896675109863,-0.141329824924469,1.8903863430023193
1403907683149881347,positive,0.4252454340457916,1.3117411136627197,0.7564132809638977
1403907683284000769,negative,1.0997322797775269,-1.2540175914764404,3.767559289932251
1403907683707670532,negative,0.4564964175224304,-0.8170602321624756,3.7533457279205322
1403907683955003399,negative,1.50882887840271,-0.7337552905082703,1.8573435544967651
1403907684261236740,negative,0.8152085542678833,-0.8885342478752136,2.6692817211151123
1403907684781346816,positive,0.3909313976764679,3.846698760986328,0.028475020080804825
1403907685007781890,negative,0.4564964175224304,-0.8170602321624756,3.7533457279205322
1403907685326766081,negative,0.367553174495697,-0.04139517992734909,1.8809581995010376
1403907686769381378,neutral,1.9873803853988647,-0.06890102475881577,1.44371497631073
1403907688786919426,neutral,2.4701709747314453,1.5373717546463013,-0.25612926483154297
1403907691882418182,neutral,2.177306652069092,-0.11129876226186752,0.7990218997001648
1403907693199478790,positive,1.3445760011672974,1.518389344215393,0.295147567987442
1403907694046547970,neutral,2.4701709747314453,1.5373717546463013,-0.25612935423851013
1403907694394761224,negative,1.0253336429595947,-0.8468755483627319,2.2513108253479004
1403907695401385985,neutral,2.7642838954925537,0.8841270208358765,0.13611598312854767
1403907695862636546,negative,1.0852570533752441,-1.1752991676330566,3.0253994464874268
1403907696101842951,negative,1.3084300756454468,-0.33445826172828674,1.446226954460144
1403907696894562305,neutral,1.6156479120254517,1.0034308433532715,0.9610841870307922
1403907697720836097,negative,1.2510846853256226,-0.6692695617675781,1.728593349456787
1403907701915066371,neutral,1.554457426071167,-0.4015393555164337,1.487624168395996
1403907702061867010,neutral,1.9403049945831299,-0.6860625147819519,0.9651776552200317
1403907702133243907,neutral,2.7642838954925537,0.8841270208358765,0.13611598312854767
1403907702544375809,positive,0.5733423829078674,2.452138900756836,0.4783724248409271
1403907702749745155,neutral,1.7588891983032227,0.08880151063203812,1.3759820461273193
1403907702854623236,negative,1.737038254737854,-1.0308592319488525,2.3497507572174072
1403907704498892804,negative,0.5908125042915344,-0.10681495815515518,1.8600006103515625
1403907705320972291,negative,1.6108269691467285,-1.0375580787658691,1.8925065994262695
1403907706042437633,positive,1.0747756958007812,4.201282978057861,-0.570136308670044
1403907706046631938,negative,1.244279384613037,-0.2882896959781647,1.6782844066619873
1403907706419781638,neutral,2.0867409706115723,0.7251463532447815,0.00800352357327938
1403907706503581697,neutral,2.3341925144195557,1.2727760076522827,-0.3107021450996399
1403907707153829888,neutral,2.3061580657958984,0.5227155089378357,0.32168158888816833
1403907707250249731,positive,1.7747060060501099,3.4235782623291016,-0.5406714081764221
1403907707959140358,negative,1.1836845874786377,-0.5893344879150391,2.4585037231445312
1403907708114268165,negative,1.548094630241394,-0.6949518322944641,1.6224536895751953
1403907708722442242,neutral,1.3869184255599976,0.4893632233142853,0.8664470314979553
1403907708814721028,negative,1.1871492862701416,-0.10687067359685898,1.902549147605896
1403907708827279364,neutral,1.5479005575180054,-0.33214056491851807,1.4781053066253662
1403907708911120384,negative,1.3900423049926758,-0.9353893995285034,2.2956883907318115
1403907709917794305,neutral,1.9557359218597412,0.42665576934814453,0.608157753944397
1403907712308678661,negative,1.4093924760818481,-0.8058127760887146,1.9242055416107178
1403907713810145281,neutral,0.9767199754714966,0.6015481948852539,0.7809127569198608
1403907713873027080,neutral,1.4255098104476929,0.39263659715652466,1.0397721529006958
1403907714149912581,negative,1.210436224937439,-0.5270939469337463,1.811786413192749
1403907715240542208,negative,0.8061771392822266,-0.6775262355804443,2.830129384994507
1403907717094330370,negative,1.1856530904769897,-0.7799402475357056,2.7697906494140625
1403907717245308932,neutral,1.8835499286651611,0.888871967792511,0.38055112957954407
1403907717690019842,positive,1.0545929670333862,1.3036201000213623,0.8197303414344788
1403907717803044868,neutral,1.6855745315551758,0.37137290835380554,0.37932199239730835
1403907720688832513,negative,1.8503485918045044,-1.0033892393112183,2.3650097846984863
1403907721682845704,neutral,0.9129860401153564,0.20966836810112,0.019572865217924118
1403907722433548290,positive,1.9082387685775757,2.484823703765869,-0.14299938082695007
1403907722576162816,negative,0.8097304701805115,-1.2550281286239624,3.7206923961639404
1403907723289272322,negative,1.2118189334869385,-1.1618491411209106,2.965193033218384
1403907724350533634,neutral,1.3825762271881104,0.01349647343158722,1.1845680475234985
1403907725667487745,neutral,1.6156479120254517,1.0034308433532715,0.9610841870307922
1403907725810077697,neutral,1.275879979133606,0.48403459787368774,0.58209228515625
1403907727190106114,neutral,1.5906554460525513,-0.28880006074905396,1.229681134223938
1403907728238546944,negative,1.1965924501419067,-1.115963101387024,2.902184009552002
1403907728699920386,negative,1.4438881874084473,-0.6026861667633057,1.8681057691574097
1403907728817414149,neutral,1.8826886415481567,0.05377272516489029,0.5866081714630127
1403907728846766082,negative,1.0545748472213745,-0.5156394839286804,1.2932755947113037
1403907728980905985,neutral,1.365983247756958,-0.026248790323734283,1.3223859071731567
1403907730612576270,neutral,1.5426079034805298,0.5317460894584656,0.23070338368415833
1403907734152568835,negative,1.2221050262451172,-0.6352683901786804,1.8155165910720825
1403907736228700167,positive,1.447749137878418,1.7100645303726196,0.03988577425479889
1403907736534986758,positive,0.17597246170043945,2.6887340545654297,-0.19493992626667023
1403907740695777285,neutral,1.6855745315551758,0.37137290835380554,0.37932199239730835
1403907744126705667,negative,0.6928920745849609,-0.8680431842803955,3.196136951446533
1403907744135008256,neutral,1.8405616283416748,0.6424492597579956,0.014937066473066807
1403907745187872770,negative,1.1857867240905762,-1.2084218263626099,3.279703378677368
1403907745376579586,neutral,2.323807716369629,1.138274073600769,0.6458058953285217
1403907747578630147,negative,1.3905624151229858,-0.9074496626853943,2.384300470352173
1403907747645562882,neutral,1.6855745315551758,0.37137290835380554,0.37932199239730835
1403907748073517056,negative,1.3984694480895996,-0.2036019265651703,1.5719062089920044
1403907748698505216,positive,1.0659171342849731,1.7168433666229248,-0.2542877495288849
1403907748807512071,negative,1.4180810451507568,-0.916871964931488,1.8428053855895996
1403907749981872128,negative,1.2444186210632324,-1.0528547763824463,2.1806728839874268
1403907750124527619,negative,0.9907123446464539,-0.11486286669969559,1.6326663494110107
1403907750678106114,neutral,1.78669011592865,-0.2889738976955414,1.2355772256851196
1403907751709876231,neutral,2.481829881668091,0.8933703303337097,-0.16633717715740204
1403907752305389572,negative,1.542095422744751,0.07568318396806717,1.5815379619598389
1403907752443867136,negative,0.7781261205673218,-1.2489475011825562,3.8470966815948486
1403907757342965760,neutral,1.3856589794158936,0.19503799080848694,0.8319287300109863
1403907757560930308,neutral,3.5818018913269043,1.8964228630065918,-1.0241738557815552
1403907761147047938,negative,0.9929909706115723,-0.7368529438972473,1.9260650873184204
1403907761688047621,positive,2.707430601119995,4.18800163269043,-1.046281337738037
1403907761788706817,negative,0.9630367159843445,-0.49980440735816956,2.1679837703704834
1403907762438934535,positive,1.5988045930862427,2.5009732246398926,-0.10921423882246017
1403907763340681218,neutral,2.245554208755493,1.5113919973373413,-0.4078104496002197
1403907763768528899,neutral,2.1617162227630615,-1.0657997131347656,2.0157408714294434
1403907764074725377,negative,0.9661213755607605,-0.7241053581237793,2.0412747859954834
1403907764418617344,neutral,1.6152552366256714,0.9625687599182129,0.6381760239601135
1403907764800327680,negative,1.5897327661514282,-0.9482352137565613,1.739625334739685
1403907765148467200,neutral,0.6938650012016296,-0.09450281411409378,0.19262346625328064
1403907767983742980,negative,1.0049223899841309,-0.12980955839157104,2.18546462059021
1403907768503914500,neutral,2.899374008178711,1.1683822870254517,-0.560829222202301
1403907770785714177,neutral,1.6855745315551758,0.37137290835380554,0.37932199239730835
1403907770928222212,negative,1.6300996541976929,-1.1651184558868408,2.5472283363342285
1403907770982682624,negative,1.1678311824798584,0.0937691330909729,1.3716529607772827
1403907771238522880,negative,0.9567394852638245,-0.2868066132068634,1.8742996454238892
1403907772580872194,neutral,0.903144121170044,0.33402055501937866,0.45623284578323364
1403907773859917825,neutral,1.2400773763656616,0.8503363728523254,0.11373043805360794
1403907775042891777,negative,1.075622797012329,-0.5833528637886047,1.5381051301956177
1403907776754159616,neutral,2.4469680786132812,0.17872601747512817,0.17399154603481293
1403907777014112258,neutral,1.836551547050476,0.10683613270521164,0.72967529296875
1403907779685933056,negative,0.6161379814147949,-1.0648545026779175,3.1989569664001465
1403907780403101699,neutral,2.657819986343384,1.9140558242797852,-0.4633256793022156
1403907780747083779,negative,0.9611231684684753,-0.12213646620512009,1.171439528465271
1403907781355319302,negative,1.4112640619277954,-0.9316864609718323,2.230771780014038
1403907783271976963,negative,1.368833303451538,-0.8483113050460815,1.7852017879486084
1403907783473319939,neutral,3.55928897857666,1.776240587234497,-1.3050609827041626
1403907783750193152,neutral,1.1124895811080933,0.13067646324634552,0.4145766496658325
1403907785767755779,neutral,1.7811689376831055,0.605280876159668,0.45438942313194275
1403907786082291714,positive,2.3379032611846924,2.525219440460205,-0.6998003721237183
1403907786589749252,positive,1.350791096687317,1.5818482637405396,0.2183101624250412
1403907787529232387,neutral,2.3341925144195557,1.2727758884429932,-0.3107021152973175
1403907788426915841,neutral,1.8089019060134888,1.7942066192626953,-0.5415949821472168
1403907789789876236,neutral,2.3341925144195557,1.2727758884429932,-0.3107021152973175
1403907792231186432,negative,0.9748833775520325,-1.1192152500152588,2.882169485092163
1403907792566640641,neutral,1.6855745315551758,0.37137290835380554,0.37932199239730835
1403907792570773506,neutral,0.9959684610366821,-0.001943841576576233,0.6519296169281006
1403907794319839235,negative,1.4179738759994507,-1.2863298654556274,3.0442347526550293
1403907794412113920,positive,1.09535813331604,1.2363539934158325,0.3901118040084839
1403907794667859975,positive,1.9659245014190674,1.9767391681671143,0.12284709513187408
1403907795263508482,negative,0.3319767713546753,0.42276108264923096,1.3496191501617432
1403907795301380098,neutral,1.6077783107757568,0.0052930936217308044,0.994408905506134
1403907795557122055,neutral,1.6855745315551758,0.37137290835380554,0.37932199239730835
1403907795628351494,negative,1.087266445159912,-0.09443055838346481,2.0820562839508057
1403907796467339265,negative,0.16429229080677032,-0.47433313727378845,1.616925835609436
1403907796693782529,negative,0.5907129645347595,-0.1586303412914276,1.919808030128479
1403907798128279559,neutral,1.4737322330474854,-0.34799250960350037,1.1945853233337402
1403907798652657675,neutral,1.939427375793457,0.4464668035507202,-0.20928889513015747
1403907798677659648,neutral,1.749643325805664,-0.07095737010240555,1.0121351480484009
1403907799063568392,negative,0.995263934135437,-0.2975567877292633,1.671965479850769
1403907799382478849,positive,0.4380453824996948,1.790460467338562,0.18414653837680817
1403907799927693319,negative,1.3539215326309204,-1.316311240196228,3.298522710800171
1403907801756291075,negative,0.7437505722045898,0.3917277753353119,1.296365737915039
1403907802737922056,negative,0.6311083436012268,-0.34114816784858704,2.15604829788208
1403907803312447489,neutral,1.6156479120254517,1.0034308433532715,0.9610841870307922
1403907804486766597,neutral,2.625272750854492,1.9460138082504272,-0.45461955666542053
1403907805761789958,negative,1.577073574066162,-0.900102436542511,2.19911789894104
1403907806034423808,neutral,2.052741050720215,1.071890115737915,0.09067115932703018
1403907806466564097,negative,0.7307599782943726,-0.46967044472694397,2.3118512630462646
1403907806693150727,neutral,1.6602587699890137,-0.7073723673820496,1.2757335901260376
1403907807506694146,negative,0.6878527998924255,0.3731107711791992,1.559065341949463
1403907808957919239,negative,0.8971589207649231,-1.3092191219329834,3.9149749279022217
1403907810597822466,negative,1.0636835098266602,0.9819916486740112,1.2246112823486328
1403907812636479490,neutral,1.7823402881622314,-0.4557192027568817,0.4488693177700043
1403907813437489154,positive,0.8748676776885986,1.2787683010101318,0.7721289396286011
1403907813462609931,neutral,1.775838017463684,1.342233419418335,-0.5757594108581543
1403907813609336838,neutral,2.625272750854492,1.9460138082504272,-0.45461955666542053
1403907815433977857,neutral,1.6156479120254517,1.0034308433532715,0.9610841870307922
1403907815647891462,neutral,2.1463863849639893,0.7051233053207397,0.19727148115634918
1403907817149546500,neutral,2.098559617996216,0.5874504446983337,-0.05263964831829071
1403907817220702209,neutral,1.997269630432129,0.5990725159645081,0.36160528659820557
1403907817447202820,positive,0.9572504758834839,1.3428466320037842,0.5449373722076416
1403907817501642755,negative,1.0614430904388428,0.27880004048347473,1.5093058347702026
1403907817896124416,neutral,1.6581754684448242,0.9351441264152527,0.3033767640590668
1403907820819468288,neutral,1.628627061843872,0.694503664970398,0.39423999190330505
1403907820953632771,negative,0.342555433511734,0.5273401737213135,2.1118857860565186
1403907822925062148,negative,1.1685296297073364,-1.1919217109680176,2.797386884689331
1403907823876984841,neutral,2.3341925144195557,1.2727758884429932,-0.3107021152973175
1403907824896204800,neutral,3.3731300830841064,3.2971441745758057,-1.506832242012024
1403907825001287684,neutral,2.625272750854492,1.9460138082504272,-0.45461955666542053
1403907826829774853,neutral,2.546193838119507,1.819324016571045,-0.8513600826263428
1403907826959806464,negative,1.204024076461792,-0.8704923391342163,2.6072840690612793
1403907826964123655,neutral,1.492059588432312,0.4588770270347595,0.2216002643108368
1403907827748331524,negative,1.0815117359161377,-1.051242709159851,2.4338202476501465
1403907828650237953,neutral,1.7395715713500977,0.5013155341148376,0.4987308382987976
1403907828729847811,positive,1.0823392868041992,1.9331462383270264,-0.5403532385826111
1403907831082930178,neutral,2.821725368499756,0.025734908878803253,0.5355105400085449
1403907833100267528,neutral,1.6570426225662231,0.3271532356739044,0.4058573842048645
1403907833297473537,neutral,2.3341925144195557,1.2727758884429932,-0.3107021152973175
1403907833750462469,negative,0.39840587973594666,0.2921747863292694,2.5750558376312256
1403907834299908097,negative,0.8094861507415771,-1.1875187158584595,3.489513635635376
1403907836317368322,neutral,1.6023966073989868,0.19074121117591858,0.9598806500434875
1403907837605126148,negative,1.91299569606781,-0.3594072759151459,1.9464446306228638
1403907837860876292,negative,1.186293363571167,0.9152433276176453,1.2649686336517334
1403907838007820288,negative,1.4781526327133179,-1.2728224992752075,2.744720220565796
1403907838146080768,negative,1.049437403678894,-0.15894579887390137,1.462222933769226
1403907838162849795,negative,1.6252063512802124,-0.6578109264373779,2.1209495067596436
1403907839270211584,negative,0.8061771392822266,-0.6775262355804443,2.830129384994507
1403907839911890944,negative,0.6488770246505737,-0.28125476837158203,2.3606176376342773
1403907840633454593,neutral,1.8465681076049805,0.592581570148468,-0.22385625541210175
1403907840977387520,negative,1.4696415662765503,-0.9647678732872009,2.0988779067993164
1403907841153400833,negative,1.1769819259643555,0.11990737169981003,1.1961679458618164
1403907842965348353,positive,1.447749137878418,1.7100645303726196,0.03988577425479889
1403907843321831427,neutral,1.853629469871521,0.406292200088501,0.47209155559539795
1403907844898910211,neutral,1.779741644859314,1.073922872543335,0.13522028923034668
1403907845125509121,negative,1.0252282619476318,0.03556797280907631,1.8727867603302002
1403907845330849792,positive,0.5524313449859619,0.8536850810050964,0.5371586084365845
1403907845549019140,negative,0.42072024941444397,-1.0073341131210327,3.279517889022827
1403907845603532802,neutral,2.052741050720215,1.071890115737915,0.09067115932703018
1403907845997821952,negative,1.0396029949188232,0.10829407721757889,1.509763479232788
1403907846211788800,neutral,1.5978000164031982,0.07402771711349487,0.7179110050201416
1403907846278770691,positive,1.211798071861267,3.188337564468384,-0.9742103815078735
1403907846454923270,neutral,1.6967754364013672,0.4062062203884125,0.18882979452610016
1403907847600054279,neutral,1.5304101705551147,0.4171426296234131,0.8090762495994568
1403907847604244480,neutral,1.7918291091918945,1.4152320623397827,-0.17605683207511902
1403907847629557760,neutral,1.6156479120254517,1.0034308433532715,0.9610841870307922
1403907849260978176,neutral,1.2516714334487915,1.0933376550674438,0.917559027671814
1403907849416290309,positive,0.9809385538101196,1.425071120262146,0.3614674508571625
1403907849500217345,neutral,1.5666297674179077,-0.12444519251585007,1.274239420890808
1403907849667846147,neutral,1.5833392143249512,0.3938925266265869,0.8823683857917786
1403907850854797314,negative,1.1482956409454346,-1.2192349433898926,3.1211931705474854
1403907851068665859,negative,1.6679733991622925,-1.050084114074707,2.059412717819214
1403907853170077697,positive,1.9125641584396362,2.1415109634399414,-0.13393773138523102
1403907854650646532,positive,0.6239264607429504,5.464757919311523,-1.0599582195281982
1403907854830948361,negative,0.9886994957923889,-0.43294188380241394,2.1698522567749023
1403907855774797826,negative,0.9661213755607605,-0.7241053581237793,2.0412747859954834
1403907857691463683,neutral,2.1168177127838135,-0.14749747514724731,1.0498456954956055
1403907859134377988,neutral,2.625272750854492,1.9460138082504272,-0.45461955666542053
1403907859906285569,positive,0.617149293422699,0.7623646259307861,0.44834789633750916
1403907861093261312,neutral,1.732122778892517,1.3775078058242798,0.05360674113035202
1403907861713887234,neutral,1.6051539182662964,-0.10807613283395767,1.1894357204437256
1403907861730582532,negative,1.3328379392623901,-1.1997720003128052,3.0109012126922607
1403907862112268289,neutral,1.6855745315551758,0.37137290835380554,0.37932199239730835
1403907862917640195,negative,1.3134132623672485,-0.5762356519699097,1.6616077423095703
1403907863341195265,neutral,1.5026863813400269,-0.6649184823036194,1.3695745468139648
1403907866470191107,neutral,1.7323914766311646,0.16152404248714447,0.7397105693817139
1403907866805813251,neutral,1.3969935178756714,0.8956090807914734,0.5886840224266052
1403907867422314502,positive,0.48887816071510315,1.6351230144500732,0.5442761778831482
1403907867678167046,negative,0.9630367159843445,-0.49980440735816956,2.1679837703704834
1403907867883847682,negative,1.062785029411316,-0.004294149577617645,1.7522209882736206
1403907869859188738,neutral,1.6855745315551758,0.3713728189468384,0.37932196259498596
1403907870127656967,neutral,1.4138864278793335,0.5526003837585449,0.15328945219516754
1403907870219853827,negative,0.5443065166473389,-1.2543599605560303,3.9595870971679688
1403907870673018885,negative,1.1685420274734497,-0.30260467529296875,1.2206381559371948
1403907870681231364,positive,1.4039509296417236,1.9781581163406372,0.2158006876707077
1403907870731669504,negative,0.36704549193382263,-0.3562777042388916,3.1740715503692627
1403907872233181186,neutral,1.7254993915557861,-0.10038966685533524,0.3867460787296295
1403907872338059271,neutral,0.8753167390823364,0.776856541633606,0.2995281219482422
1403907872535236611,negative,1.108583688735962,-0.47857633233070374,1.8819005489349365
1403907872635949057,positive,0.6847068071365356,1.9206010103225708,0.1675875037908554
1403907872900235266,negative,0.6311083436012268,-0.34114816784858704,2.15604829788208
1403907873097256970,negative,1.2053769826889038,-1.3412055969238281,3.5607688426971436
1403907876352049155,negative,1.0176658630371094,-0.6921462416648865,1.4025057554244995
1403907876511440903,neutral,1.5289995670318604,0.4505651593208313,0.8436334729194641
1403907876775624705,neutral,1.78302800655365,1.0254251956939697,-0.19871710240840912
1403907879615320066,neutral,1.579454779624939,0.5070220828056335,0.15757529437541962
1403907880122601474,neutral,2.3341925144195557,1.2727758884429932,-0.3107021152973175
1403907880512724992,negative,1.075622797012329,-0.5833528637886047,1.5381051301956177
1403907880554844161,neutral,2.011104106903076,-0.024003438651561737,0.7702859044075012
1403907880886145025,neutral,1.2079204320907593,0.6274724006652832,0.6209599375724792
1403907880999284741,neutral,1.3894083499908447,0.10376155376434326,1.2013994455337524
1403907882240778241,negative,0.9859380722045898,-1.131740927696228,3.1912527084350586
1403907882266107913,positive,0.21522864699363708,2.267376184463501,-0.2543659210205078
1403907883348025345,positive,2.2432477474212646,2.263446807861328,-0.4768962264060974
1403907884044505092,negative,1.0815403461456299,-0.34483152627944946,1.3768945932388306
1403907885034131457,neutral,1.4484963417053223,1.415497899055481,0.06987359374761581
1403907885067812864,neutral,1.3703233003616333,0.14563089609146118,1.090957522392273
1403907885646508036,positive,1.94089937210083,3.7028725147247314,-0.9960962533950806
1403907885717884928,negative,1.0604596138000488,-0.9797547459602356,2.726210117340088
1403907885957058566,neutral,1.2717993259429932,0.12871064245700836,0.7503954768180847
1403907886317662212,positive,1.6477950811386108,6.2316412925720215,-1.7583823204040527
1403907886435033091,neutral,1.997269630432129,0.5990725159645081,0.36160528659820557
1403907886615470081,positive,0.4472637176513672,2.613504648208618,-0.48285114765167236
1403907888188375041,neutral,1.3900951147079468,1.1790798902511597,0.30478939414024353
1403907889371271168,neutral,1.3619033098220825,0.07836557924747467,0.8059840798377991
1403907889895333888,negative,0.6348584890365601,-0.8351641893386841,3.0688998699188232
1403907889941684225,negative,1.6190996170043945,-0.6657106876373291,2.1546425819396973
1403907890851766273,negative,0.5475832223892212,-0.8333906531333923,3.216195583343506
1403907892076367874,neutral,2.168164014816284,1.2233275175094604,0.027069589123129845
1403907892911042561,neutral,2.2616353034973145,0.14189846813678741,0.6730181574821472
1403907894551007233,neutral,2.625272750854492,1.9460138082504272,-0.45461955666542053
1403907897529151494,negative,0.9898883700370789,-0.12409044057130814,1.5635602474212646
1403907898586001410,neutral,1.4304431676864624,0.3828938603401184,0.47264519333839417
1403907898661425162,positive,0.9295927286148071,3.1355040073394775,0.2507247030735016
1403907898858692617,neutral,1.2195707559585571,0.3705097436904907,-0.010012341663241386
1403907899609387012,neutral,3.530146598815918,1.6300078630447388,-1.0650413036346436
1403907900184043523,neutral,1.7373532056808472,-0.017367355525493622,1.427333116531372
1403907900200742919,negative,0.8594785332679749,0.18169811367988586,1.233758568763733
1403907900930596866,positive,0.688448429107666,1.220572590827942,0.46652716398239136
1403907901345783818,neutral,2.052741050720215,1.071890115737915,0.09067115932703018
1403907901450854400,neutral,1.788955569267273,0.9151621460914612,0.26112428307533264
1403907901538848768,positive,2.4412097930908203,4.571305751800537,-1.2463035583496094
1403907903329914884,negative,0.6311083436012268,-0.34114816784858704,2.15604829788208
1403907903430434818,neutral,2.5507001876831055,-0.4420001208782196,-0.13606201112270355
1403907903531016193,neutral,3.530146598815918,1.6300078630447388,-1.0650413036346436
1403907904541888521,neutral,1.641506552696228,0.01635802537202835,1.4735536575317383
1403907904541954049,negative,0.2790524661540985,-0.04577410966157913,3.987456798553467
1403907906173472769,neutral,1.8749494552612305,0.39268943667411804,0.8947718143463135
1403907906265706496,negative,1.092452883720398,-0.2817482352256775,1.498325228691101
1403907907624730624,neutral,2.0527408123016357,1.071890115737915,0.0906711220741272
1403907907649818626,neutral,1.1623347997665405,0.23920667171478271,1.0605307817459106
1403907908035768322,neutral,1.2885048389434814,0.4984723627567291,0.1203310638666153
1403907908446863364,negative,0.8323348760604858,0.08698143064975739,1.295982837677002
1403907908459368450,positive,1.5988045930862427,2.5009732246398926,-0.10921423882246017
1403907910128779264,neutral,1.6855745315551758,0.37137287855148315,0.37932199239730835
1403907910925619204,negative,0.8410739898681641,-0.48636624217033386,1.316632628440857
1403907911114362883,neutral,1.4873063564300537,1.193251609802246,0.5740144848823547
1403907911210962945,negative,0.5027024745941162,-0.6813831925392151,2.351515769958496
1403907911307300872,positive,3.3633546829223633,3.944154977798462,-1.552945613861084
1403907911353618434,neutral,1.522996425628662,-0.5326449275016785,1.455723762512207
1403907912477540357,negative,0.9630367159843445,-0.49980440735816956,2.1679837703704834
1403907913190567938,neutral,1.808245062828064,0.658456027507782,0.2705128490924835
1403907913215741952,negative,1.2053769826889038,-1.3412055969238281,3.5607688426971436
1403907913257832456,negative,0.7811834216117859,-0.8586549758911133,2.4169344902038574
1403907913484144644,neutral,1.6855745315551758,0.37137290835380554,0.37932199239730835
1403907914436276228,negative,1.4480881690979004,-1.0537889003753662,2.535273790359497
1403907914453159938,neutral,1.649558186531067,-0.13054311275482178,0.7030591368675232
1403907916239941632,neutral,1.6045093536376953,-0.268799364566803,1.160764455795288
1403907916302782465,neutral,2.5836281776428223,0.8456993103027344,-0.09516389667987823
1403907916831203336,neutral,2.043562173843384,0.9323275685310364,-0.09653305262327194
1403907916932038657,neutral,2.821725368499756,0.025734908878803253,0.5355105400085449
1403907917271552003,negative,1.1453746557235718,0.38371577858924866,1.3632245063781738
1403907919385481219,negative,0.9929909706115723,-0.7368528842926025,1.9260650873184204
1403907919955914759,neutral,1.652753233909607,1.057592749595642,0.025653041899204254
1403907920765456384,neutral,1.6051539182662964,-0.10807611793279648,1.1894357204437256
1403907921713373186,neutral,1.997269630432129,0.5990725159645081,0.36160528659820557
1403907922246123522,negative,1.538616418838501,-1.285025715827942,2.8973538875579834
1403907922547994633,negative,1.2767997980117798,-0.940212070941925,2.3495967388153076
1403907923701506048,negative,1.1453746557235718,0.38371577858924866,1.3632245063781738
1403907924506853376,neutral,2.3120343685150146,-0.11809825152158737,0.5194400548934937
1403907925261774849,negative,1.035300850868225,-0.12515750527381897,1.3637292385101318
1403907925786071042,negative,1.3783894777297974,0.08099635690450668,1.7644765377044678
1403907927266652168,negative,0.9786011576652527,0.6840807199478149,1.2337214946746826
1403907927279226883,negative,1.3783894777297974,0.08099635690450668,1.7644765377044678
1403907927912509441,negative,1.2790406942367554,-0.7555550932884216,2.193323850631714
1403907927988047877,neutral,3.342149496078491,2.0959596633911133,-0.7580813765525818
1403907928554278913,negative,1.5094386339187622,-0.9081292152404785,2.036696434020996
1403907928587866112,negative,0.24375323951244354,-0.775767982006073,2.4780006408691406
1403907929225371652,neutral,2.3341925144195557,1.2727758884429932,-0.3107021152973175
1403907930076979201,neutral,0.961452841758728,0.2094516158103943,0.661221444606781
1403907930626347017,negative,0.4564964175224304,-0.8170602321624756,3.7533457279205322
1403907931771265025,positive,1.4339091777801514,1.969297170639038,-0.6369463801383972
1403907931851083776,positive,1.0450263023376465,1.1098401546478271,0.7549684643745422
1403907933747007489,negative,1.0464882850646973,-0.1154782697558403,1.3988386392593384
1403907935055400962,neutral,1.6051539182662964,-0.10807617753744125,1.1894358396530151
1403907935927816193,negative,1.4106166362762451,-0.3626219928264618,1.4732586145401
1403907936422821889,neutral,2.052741050720215,1.071890115737915,0.09067106992006302
1403907937089703938,positive,0.3307732045650482,1.2327888011932373,1.1189172267913818
1403907938205454337,negative,0.5887587070465088,-0.24773678183555603,1.71652090549469
1403907938847178759,negative,0.6161379814147949,-1.0648545026779175,3.1989569664001465
1403907939233112066,neutral,2.616044282913208,-0.17694327235221863,0.002704894170165062
1403907939371347976,neutral,3.1098194122314453,2.5038716793060303,-0.8735254406929016
1403907939551776768,negative,1.2991600036621094,-0.5681320428848267,1.3998085260391235
1403907940021456900,negative,1.0614433288574219,0.2788001000881195,1.5093058347702026
1403907940503982082,negative,0.9305217862129211,-0.40541568398475647,1.3894380331039429
1403907940529098755,neutral,1.4078246355056763,0.5244104266166687,0.5462344288825989
1403907941078548480,neutral,0.8731553554534912,0.5755265951156616,0.030557436868548393
1403907942114643975,neutral,1.897933006286621,0.9010273218154907,0.3939719796180725
1403907942286458881,neutral,2.052741050720215,1.071890115737915,0.09067115932703018
1403907946208190465,negative,0.7572526335716248,0.16851577162742615,1.4629496335983276
1403907946463993858,neutral,1.8136358261108398,0.2944871783256531,0.8102524876594543
1403907947353231365,neutral,1.6855745315551758,0.37137290835380554,0.37932199239730835
1403907947504279552,negative,1.154388666152954,0.02537207305431366,1.7136921882629395
1403907947684528129,neutral,1.125841498374939,-0.5064837336540222,0.965157687664032
1403907948615634951,positive,1.038087010383606,1.1900153160095215,-0.025313353165984154
1403907949953634307,neutral,2.354752779006958,0.4871417284011841,0.4170665144920349
1403907949978783746,neutral,1.361830472946167,0.9184846878051758,-0.3508394956588745
1403907950041657344,positive,1.4410220384597778,1.4855204820632935,-0.2435964196920395
1403907950528274434,neutral,2.3341925144195557,1.2727758884429932,-0.3107021152973175
1403907951631294469,neutral,0.23260748386383057,0.17639034986495972,0.14018523693084717
1403907951887147009,negative,0.8834385871887207,-0.7417328357696533,1.7276248931884766
1403907952201900033,negative,0.6161379814147949,-1.064854621887207,3.1989572048187256
1403907953871228931,negative,1.2657244205474854,-0.9316266179084778,2.187412738800049
1403907954907045890,negative,1.2178860902786255,-1.6682846546173096,4.381852149963379
1403907954982539264,positive,1.2185815572738647,1.2599793672561646,0.5641489028930664
1403907955725017088,positive,1.9018328189849854,3.9543063640594482,-1.1358468532562256
1403907956865970177,neutral,2.8617162704467773,1.0671491622924805,-0.2818291187286377
1403907958551969800,neutral,2.3341925144195557,1.2727758884429932,-0.3107021152973175
1403907958904217604,positive,2.9868197441101074,4.096158027648926,-1.4678244590759277
1403907959302860800,neutral,1.568066954612732,0.20457059144973755,0.9912532567977905
1403907959877341187,neutral,2.942857265472412,0.17938923835754395,0.0380949005484581
1403907962079531011,negative,1.4283956289291382,-0.9222741723060608,2.3150062561035156
1403907962129686530,negative,0.5129746794700623,-0.8990887403488159,2.772197723388672
1403907962955984899,negative,1.0545748472213745,-0.5156394839286804,1.2932755947113037
1403907963664932866,neutral,1.8663444519042969,0.966738224029541,-0.20627053081989288
1403907963945766920,negative,1.1914933919906616,-0.31042689085006714,1.3577086925506592
1403907964147097606,negative,0.9809869527816772,-1.5094866752624512,4.3067827224731445
1403907964520439810,negative,1.2562402486801147,-0.054047368466854095,1.3544342517852783
1403907964554076165,negative,0.6439997553825378,-1.2103720903396606,3.6401171684265137
1403907965363523584,positive,2.338472604751587,4.0839409828186035,-1.4917099475860596
1403907966550564872,positive,1.457065224647522,1.8962199687957764,-0.3792271018028259
1403907967024603136,neutral,1.4737322330474854,-0.34799250960350037,1.1945853233337402
1403907967943127043,negative,1.5844985246658325,-1.229361653327942,3.1268680095672607
1403907968006078468,neutral,2.8698818683624268,1.5409462451934814,-0.4483937919139862
1403907968169435141,neutral,2.052741050720215,1.071890115737915,0.09067115932703018
1403907968660381698,negative,0.9286652207374573,-0.6475121974945068,2.842339515686035
1403907969184579585,neutral,1.9200305938720703,0.0010940954089164734,1.3634589910507202
1403907972019851264,positive,1.8069733381271362,3.7390940189361572,-0.962721586227417
1403907972162543619,positive,2.671931743621826,2.7384417057037354,-0.7140284776687622
1403907972170805251,neutral,0.9094940423965454,0.6572458744049072,0.4940923750400543
1403907972556898305,negative,1.3248956203460693,-0.6752270460128784,1.9440357685089111
1403907972560953344,positive,0.4682895541191101,1.6119879484176636,0.4323942959308624
1403907972690968585,positive,0.7175539135932922,1.4235161542892456,0.3092402517795563
1403907972716240896,positive,0.8226540088653564,1.4320461750030518,0.4007529616355896
1403907973001273345,negative,0.4564964175224304,-0.8170602321624756,3.7533457279205322
1403907973894729728,neutral,2.3341925144195557,1.2727758884429932,-0.3107021749019623
1403907974704291840,negative,1.2130876779556274,-0.11638269573450089,1.5395174026489258
1403907975446630401,neutral,3.530146598815918,1.6300078630447388,-1.0650413036346436
1403907975564218371,neutral,1.1127811670303345,-0.030391529202461243,0.49498531222343445
1403907976352702467,neutral,1.0336014032363892,0.9504752159118652,0.021771086379885674
1403907976398884864,negative,0.5666109919548035,-0.8695405721664429,3.228283405303955
1403907976700772353,neutral,1.8404275178909302,0.2535008192062378,1.6418150663375854
1403907976826560514,negative,1.0964539051055908,-0.8532180190086365,1.997624397277832
1403907977354964992,positive,0.9775151610374451,1.0585047006607056,0.308580219745636
1403907977543778309,neutral,1.7738958597183228,0.8946955800056458,-0.09483111649751663
1403907978273587200,neutral,2.3341925144195557,1.2727758884429932,-0.3107021152973175
1403907978894381064,positive,0.9486023187637329,1.5196418762207031,0.8235860466957092
1403907979074699269,neutral,1.4388607740402222,1.420442819595337,-0.3624109923839569
1403907979548758016,neutral,2.8617162704467773,1.0671491622924805,-0.2818291187286377
1403907979875913730,negative,1.1331368684768677,-0.9184396862983704,2.416860580444336
1403907979976613889,neutral,1.6156479120254517,1.0034308433532715,0.9610841870307922
1403907980668583937,negative,1.216183066368103,-1.1762113571166992,3.193687677383423
1403907981226479616,positive,0.720350444316864,0.8083171248435974,-0.18867652118206024
1403907981553541121,neutral,2.3341925144195557,1.2727758884429932,-0.3107021152973175
1403907982555975683,neutral,1.657442569732666,0.47273629903793335,0.07813054323196411
1403907982891626499,neutral,2.7184596061706543,2.036271810531616,-0.6879141330718994
1403907983281635332,neutral,1.9200305938720703,0.0010940954089164734,1.3634589910507202
1403907983558549504,neutral,2.2987754344940186,1.1718523502349854,-0.5339934229850769
1403907984892207104,negative,0.9492397308349609,-0.5509859323501587,1.920086145401001
1403907984904777730,negative,1.3250322341918945,-0.5132935643196106,1.9598480463027954
1403907984925749254,neutral,2.133840560913086,0.15199224650859833,0.4240938127040863
1403907985449971713,positive,1.2723684310913086,4.579017639160156,-0.8357831835746765
1403907985689227266,negative,0.8323348760604858,0.08698143064975739,1.295982837677002
1403907986175713281,neutral,2.5836281776428223,0.8456993103027344,-0.09516389667987823
1403907986289004545,neutral,1.7918291091918945,1.4152320623397827,-0.17605683207511902
1403907986616029190,neutral,1.9403049945831299,-0.6860625147819519,0.9651776552200317
1403907986653782017,negative,0.8938779234886169,0.7295156717300415,1.0267752408981323
1403907989912817664,positive,0.6847068071365356,1.9206010103225708,0.1675875037908554
1403907990042730497,neutral,2.1832115650177,1.3436704874038696,-0.046759121119976044
1403907990932103170,neutral,1.8465583324432373,0.2615329325199127,0.861226499080658
1403907991787556865,negative,0.9398272037506104,-0.7641813158988953,2.397934675216675
1403907992043458561,positive,1.879622459411621,2.0423743724823,-0.44462165236473083
1403907992202842113,negative,1.7543177604675293,-0.962406575679779,1.8340930938720703
1403907993163341832,neutral,1.835530161857605,1.4217356443405151,-0.055827394127845764
1403907993339527170,neutral,1.5537397861480713,0.020756378769874573,0.7446228861808777
1403907994560118784,negative,0.4163671135902405,-0.37828126549720764,1.5099091529846191
1403907994606206981,negative,1.0402024984359741,0.053763095289468765,1.2327061891555786
1403907995625345025,negative,1.3307676315307617,-1.1559444665908813,2.896744966506958
1403907996233736196,positive,1.447749137878418,1.7100645303726196,0.03988577425479889
1403907996426543108,negative,1.0902942419052124,-1.25958251953125,3.0600435733795166
1403907998645317633,negative,0.4676744043827057,0.3420993685722351,2.315601110458374
1403907999622590468,neutral,2.5507001876831055,-0.4420001208782196,-0.13606201112270355
1403908000142659588,neutral,1.9403049945831299,-0.6860625147819519,0.9651776552200317
1403908000264323077,neutral,1.8957024812698364,0.49880149960517883,0.2651660144329071
1403908003972194309,positive,2.3379032611846924,2.525219440460205,-0.6998003721237183
1403908003993206784,positive,1.213778018951416,1.5583857297897339,-0.1184355691075325
1403908005263859713,negative,0.8224421143531799,-0.7226285338401794,2.9172425270080566
1403908007159754752,negative,0.8777284026145935,-0.2960803210735321,1.2216655015945435
1403908007575101447,negative,1.2155345678329468,0.08661752939224243,1.2596923112869263
1403908008145424388,negative,1.062785029411316,-0.004294149577617645,1.7522209882736206
1403908009143672833,neutral,1.320993423461914,-0.10502343624830246,0.9621900916099548
1403908009403682816,positive,1.5973198413848877,2.9412758350372314,-0.5727938413619995
1403908010599124992,neutral,1.2226338386535645,0.30501750111579895,1.2190287113189697
1403908010632699906,neutral,1.6855745315551758,0.37137287855148315,0.37932199239730835
1403908011765092353,negative,1.5897327661514282,-0.9482352137565613,1.739625334739685
1403908012230660096,neutral,2.3341922760009766,1.2727758884429932,-0.3107021152973175
1403908012599771138,negative,1.0974531173706055,-0.3642938435077667,1.6494745016098022
1403908013690327044,negative,1.1685420274734497,-0.30260467529296875,1.2206381559371948
1403908014432718850,neutral,1.6077783107757568,0.0052930936217308044,0.994408905506134
1403908014613045251,positive,2.2271292209625244,3.158660650253296,-1.025310754776001
1403908014629863424,neutral,2.625272750854492,1.9460136890411377,-0.454619437456131
1403908015292502019,neutral,1.249602198600769,0.6467635035514832,-0.048019953072071075
1403908015439417347,negative,0.6025107502937317,-1.1227766275405884,3.7197368144989014
1403908015770673155,neutral,3.342149496078491,2.0959596633911133,-0.7580813765525818
1403908016139735047,positive,0.6675652265548706,1.9465423822402954,0.19499348104000092
1403908017360359427,neutral,2.1617162227630615,-1.0657998323440552,2.0157408714294434
1403908017716871170,positive,0.13921523094177246,2.407069206237793,0.05273715406656265
1403908017867739136,negative,0.6153453588485718,-0.1882871687412262,2.015493869781494
1403908017913962496,neutral,1.3328014612197876,0.6738458871841431,0.3506782650947571
1403908018002145286,neutral,2.3037056922912598,-0.6233946681022644,0.6604874730110168
1403908018706780163,neutral,2.258212089538574,0.7954763174057007,0.13732372224330902
1403908019331551237,positive,1.2638843059539795,3.3048181533813477,-0.8191039562225342
1403908019566497797,positive,0.6288261413574219,2.8458614349365234,-0.19713540375232697
1403908019914563586,negative,0.4232032001018524,-0.21738272905349731,1.892957091331482
1403908020183072768,negative,1.3783893585205078,0.08099627494812012,1.7644765377044678
1403908020338270209,neutral,1.365983247756958,-0.026248790323734283,1.3223859071731567
1403908020590071811,negative,1.9232101440429688,-1.0374741554260254,2.147052764892578
1403908020828983298,neutral,1.2928189039230347,1.0833911895751953,0.3990299701690674
1403908021231751172,neutral,1.877008080482483,0.33885931968688965,0.6047606468200684
1403908021537943555,negative,1.2130876779556274,-0.11638269573450089,1.5395174026489258
1403908021583978503,neutral,1.5911542177200317,0.5170561671257019,0.5454173684120178
1403908024163618823,neutral,2.1617162227630615,-1.0657998323440552,2.0157408714294434
1403908024318763009,negative,0.7055714130401611,-0.6770666837692261,2.8967885971069336
1403908024373239812,neutral,2.1117985248565674,0.4466669261455536,0.5501492023468018
1403908025304317958,neutral,1.412139892578125,0.7761764526367188,1.0450997352600098
1403908025585262597,neutral,2.67556095123291,1.1377060413360596,-0.288737416267395
1403908025593700354,positive,1.0132250785827637,1.5695600509643555,0.4793861508369446
1403908026361290757,neutral,2.528857707977295,0.9194316267967224,0.14939168095588684
1403908027539812355,neutral,1.4025256633758545,-0.3142548203468323,1.1465338468551636
1403908028039061505,neutral,3.8506596088409424,3.8473246097564697,-2.216614007949829
1403908028345114626,neutral,1.8382072448730469,-0.09464717656373978,1.595574140548706
1403908028936687619,negative,0.7565394043922424,-0.30723837018013,2.0014865398406982
1403908030538960896,neutral,1.8709139823913574,0.7854757308959961,0.3054758906364441
1403908030555734016,negative,1.4871437549591064,-0.9825112223625183,2.25441312789917
1403908031079845891,neutral,2.1990861892700195,0.27029868960380554,0.6768742203712463
1403908031113351170,neutral,1.6051539182662964,-0.10807613283395767,1.1894357204437256
1403908031948066819,neutral,1.720287799835205,-0.07689934223890305,1.191283941268921
1403908033764265986,neutral,2.625272750854492,1.9460138082504272,-0.45461949706077576
1403908034250694659,negative,0.36755311489105225,-0.04139525443315506,1.8809583187103271
1403908035995570177,positive,1.2503905296325684,1.3471198081970215,0.33987388014793396
1403908037144977414,negative,1.4180809259414673,-0.916871964931488,1.8428053855895996
1403908037388103680,positive,1.7747060060501099,3.4235782623291016,-0.5406714081764221
1403908038143012865,neutral,1.921278953552246,0.24524930119514465,0.5271075367927551
1403908038365310984,neutral,2.625272750854492,1.9460138082504272,-0.45461955666542053
1403908039640375296,neutral,2.1617162227630615,-1.0657997131347656,2.0157408714294434
1403908041012088836,neutral,1.6855745315551758,0.37137290835380554,0.37932199239730835
1403908041217564672,negative,0.8584286570549011,0.5728262662887573,1.108893871307373
1403908041393725440,negative,0.4551832675933838,0.6682179570198059,0.98355633020401
1403908043650125825,negative,0.9476650357246399,0.8628779649734497,0.9890056252479553
1403908043905978372,negative,1.4928433895111084,-0.1693284809589386,1.6177176237106323
1403908044430446593,positive,2.1838200092315674,2.3652515411376953,-0.9996637105941772
1403908044853940225,neutral,1.5219650268554688,-0.1252995729446411,1.3494536876678467
1403908044904275974,neutral,1.5978000164031982,0.07402771711349487,0.7179110050201416
1403908045449699332,negative,0.9563255310058594,-0.05142857879400253,1.572239637374878
1403908046527643652,neutral,2.625272750854492,1.9460138082504272,-0.45461955666542053
1403908047127318533,neutral,1.6078050136566162,1.5797196626663208,-0.3014090955257416
1403908047395868673,negative,0.18644827604293823,-0.37550586462020874,2.4209959506988525
1403908048398082048,neutral,1.9909718036651611,-0.19902703166007996,0.4700007736682892
1403908049149046787,negative,0.47800809144973755,-1.1020127534866333,3.55432391166687
1403908050138767360,positive,0.9451810121536255,1.784703016281128,0.5427999496459961
1403908050403180546,negative,0.38735952973365784,0.298565536737442,2.523144245147705
1403908051145355265,neutral,1.7114241123199463,0.2853153944015503,1.5801481008529663
1403908052378476550,neutral,3.530146598815918,1.6300079822540283,-1.065041184425354
1403908052621795336,positive,0.39155301451683044,2.3658154010772705,-0.05374663323163986
1403908053330759681,negative,0.8417788743972778,-0.10519126802682877,1.06112539768219
1403908053779378187,positive,1.4214946031570435,1.8628296852111816,0.13674236834049225
1403908054890926083,neutral,2.6163887977600098,1.7948631048202515,-0.34238243103027344
1403908056061206529,negative,0.5694922208786011,0.05493169650435448,1.682134747505188
1403908058640617474,negative,1.426865577697754,-0.6184746026992798,1.9251316785812378
1403908059404115972,negative,1.6007444858551025,-1.2062618732452393,3.0223493576049805
1403908059513036801,negative,0.855056881904602,0.22299858927726746,1.3750542402267456
1403908059542478851,neutral,1.7757548093795776,0.4147302806377411,0.7451025247573853
1403908059743797257,negative,0.7838588953018188,-0.8143433928489685,2.5138864517211914
1403908060142182404,positive,1.8811064958572388,1.9035176038742065,-0.30280545353889465
1403908060888768519,positive,2.2271292209625244,3.158660650253296,-1.025310754776001
1403908061652213765,neutral,3.305400848388672,1.9923040866851807,-1.2392243146896362
1403908063912861699,negative,1.1883429288864136,-0.15463462471961975,2.2912070751190186
1403908065485721606,neutral,1.6855745315551758,0.37137290835380554,0.37932199239730835
1403908067155070978,neutral,2.052741050720215,1.071890115737915,0.09067115932703018
1403908068484788229,positive,0.9696398973464966,3.6094794273376465,-0.8800845146179199
1403908069445148675,neutral,1.542194128036499,0.3680744171142578,0.9510282874107361
1403908069910843392,negative,1.192864179611206,-1.407348871231079,3.436781644821167
1403908070623772674,negative,0.30188819766044617,-0.07541029900312424,2.474355459213257
1403908070703452162,neutral,0.49506470561027527,-0.04913542419672012,0.37807050347328186
1403908071395581956,neutral,2.2831203937530518,0.011563830077648163,-0.5192074179649353
1403908071626313732,negative,0.8510071635246277,0.30802056193351746,1.4834654331207275
1403908071693422599,neutral,1.6570426225662231,0.3271532356739044,0.4058573842048645
1403908071731073024,negative,0.8541529774665833,0.2277235984802246,1.2699493169784546
1403908073060765696,negative,1.4180810451507568,-0.916871964931488,1.8428053855895996
1403908073991774217,neutral,1.7341169118881226,-0.5216835141181946,1.566796064376831
1403908074444931079,negative,0.6573609113693237,-0.26306310296058655,2.942913055419922
1403908074562195457,neutral,1.9917656183242798,1.705491065979004,-0.5731325745582581
1403908074843172870,neutral,1.146551251411438,0.6999577879905701,0.9578331112861633
1403908075895934977,positive,0.33208921551704407,4.15834903717041,-0.7277451157569885
1403908076852453377,neutral,2.1774325370788574,1.0631910562515259,0.4587027430534363
1403908076869193735,negative,1.1453746557235718,0.38371577858924866,1.3632245063781738
1403908077326422025,negative,1.5415456295013428,-1.1351641416549683,2.808549404144287
1403908077452251137,neutral,2.082354784011841,-0.00661129504442215,-0.08262307941913605
1403908078043496459,neutral,1.1565464735031128,-0.10533983260393143,0.533850371837616
1403908078446288898,neutral,1.1269240379333496,-0.001642182469367981,1.087990403175354
1403908080056799235,positive,0.35489994287490845,2.199577569961548,-0.1924964338541031
1403908080841019394,negative,0.7055714130401611,-0.6770666837692261,2.8967885971069336
1403908081180811265,negative,0.7670801877975464,-1.3456777334213257,4.110132217407227
1403908082929967113,negative,1.0174500942230225,-0.7415255308151245,2.1831326484680176
1403908083403968515,negative,0.7055714130401611,-0.6770666837692261,2.8967885971069336
1403908083940737025,negative,0.21050669252872467,0.16855280101299286,0.3258369565010071
1403908085295599623,neutral,1.3930267095565796,-0.4455268085002899,1.3328831195831299
1403908085404651523,neutral,1.74333918094635,0.8674944043159485,-0.19070656597614288
1403908085744246788,negative,0.790101170539856,-0.6780887842178345,2.8907699584960938
1403908086532874242,neutral,2.821725368499756,0.025734908878803253,0.5355105400085449
1403908088093044739,neutral,2.6223671436309814,0.8695825934410095,-0.037313178181648254
1403908089426984961,neutral,1.8354161977767944,-0.05201636999845505,1.0682779550552368
1403908089997234176,neutral,1.1228433847427368,0.3682563602924347,0.637382447719574
1403908090647416835,negative,1.4494959115982056,-0.9917873740196228,2.537749767303467
1403908091515576321,neutral,1.4829447269439697,-0.10102889686822891,1.4307011365890503
1403908092186660871,negative,1.2725707292556763,-0.03793793171644211,1.8792155981063843
1403908092673277960,negative,0.7393304109573364,0.04026304557919502,2.185474157333374
1403908094581608449,negative,1.843592882156372,-0.8930971622467041,1.9204370975494385
1403908094787129344,negative,1.1085838079452515,-0.47857633233070374,1.881900429725647
1403908095420637190,positive,0.5212594866752625,2.80346941947937,-0.24753998219966888
1403908095869292548,neutral,2.625272750854492,1.9460138082504272,-0.45461955666542053
1403908095965728773,negative,1.0360783338546753,-1.0250738859176636,2.9189677238464355
1403908096213221377,negative,0.4788717031478882,-1.484890341758728,4.823823928833008
1403908096552931335,neutral,0.8878718614578247,-0.0006587132811546326,0.7758843302726746
1403908097157050370,neutral,2.3061580657958984,0.5227155089378357,0.32168158888816833
1403908098725715968,neutral,1.997269630432129,0.5990725159645081,0.36160528659820557
1403908099186987008,positive,1.4173336029052734,1.8981130123138428,0.009847009554505348
1403908099275071488,neutral,1.7728899717330933,-0.48934176564216614,1.5755770206451416
1403908099610718212,positive,0.44916680455207825,0.6045635938644409,0.3728982210159302
1403908101833564161,neutral,1.6855745315551758,0.37137290835380554,0.37932199239730835
1403908101884059651,neutral,2.217580795288086,0.22231364250183105,0.6121287941932678
1403908102026584067,neutral,1.4592134952545166,0.5933533310890198,0.5130789875984192
1403908102995517443,neutral,1.8967708349227905,-0.9085890054702759,1.7377939224243164
1403908103431540736,neutral,1.9617513418197632,0.8846265077590942,-0.3334762156009674
1403908103591104517,negative,1.293578863143921,-0.8017042875289917,1.8705427646636963
1403908104606134275,neutral,0.9718381762504578,0.8353161811828613,0.3049832284450531
1403908105906184192,negative,1.4180810451507568,-0.916871964931488,1.8428053855895996
1403908106816409602,neutral,1.2264734506607056,1.2208912372589111,0.26199018955230713
1403908106841509889,negative,1.148435354232788,0.14438816905021667,1.6572394371032715
1403908106996764672,neutral,1.8724485635757446,0.10934137552976608,0.6972913146018982
1403908111149240325,neutral,1.703413724899292,0.3283551335334778,0.40539902448654175
1403908112088768514,negative,1.6007444858551025,-1.2062618732452393,3.0223493576049805
1403908113548251141,neutral,2.1669583320617676,1.037225604057312,0.10087626427412033
1403908115297406982,negative,1.1827685832977295,-0.8775872588157654,2.2317569255828857
1403908117197373443,neutral,1.7554817199707031,0.28650349378585815,0.2501799166202545
1403908119185571841,neutral,1.6855745315551758,0.37137290835380554,0.37932199239730835
1403908119319629829,neutral,2.052741050720215,1.071890115737915,0.09067109227180481
1403908119550439430,neutral,3.189676523208618,1.1615709066390991,-0.7228646874427795
1403908120557072386,neutral,1.6855745315551758,0.37137290835380554,0.37932199239730835
1403908120867487744,negative,1.6243022680282593,-0.9867917895317078,2.8366007804870605
1403908121341227008,negative,0.8488447666168213,-0.37839096784591675,2.4540839195251465
1403908123358904320,neutral,0.8801403045654297,0.48176902532577515,0.6109228730201721
1403908123438501892,negative,1.1681185960769653,-0.4592128098011017,2.2390027046203613
1403908123602079746,neutral,1.777221441268921,0.4879263937473297,0.7662228345870972
1403908123874643971,positive,2.123021125793457,2.5757787227630615,-0.8639580011367798
1403908123891580928,positive,1.1772661209106445,1.4696640968322754,0.6966392993927002
1403908124050743296,negative,1.492704153060913,-0.14813533425331116,1.5362762212753296
1403908124768145413,negative,1.502138614654541,-0.9209128022193909,2.262263298034668
1403908124839383041,neutral,1.5249836444854736,-0.13395163416862488,0.811519980430603
1403908125577592837,negative,0.966468870639801,-0.7407488226890564,2.8872671127319336
1403908126034780161,negative,1.6007444858551025,-1.2062618732452393,3.0223493576049805
1403908126127136775,neutral,1.197285532951355,0.23835930228233337,0.37437552213668823
1403908126269530112,negative,0.48817920684814453,0.5121238827705383,1.8476369380950928
1403908126437486593,negative,1.1045011281967163,-0.5878045558929443,1.649288296699524
1403908126487855104,neutral,1.6855745315551758,0.37137290835380554,0.37932199239730835
1403908126580133889,negative,0.7748894095420837,0.435312420129776,1.396493673324585
1403908126752055297,neutral,1.779981255531311,-0.0025041550397872925,0.3206288814544678
1403908127116906500,neutral,1.7918291091918945,1.4152320623397827,-0.17605683207511902
1403908127301373957,negative,0.9781685471534729,0.392810583114624,1.185746192932129
1403908127632728065,positive,1.8522303104400635,2.37571382522583,-0.47156649827957153
1403908130002583552,negative,1.1927896738052368,-0.9880375266075134,2.1403281688690186
1403908130984153094,negative,0.7055714130401611,-0.6770668029785156,2.8967885971069336
1403908132024193026,negative,0.6873387694358826,-1.1625767946243286,3.5962440967559814
1403908132271706112,neutral,3.904578924179077,2.097966432571411,-1.5940783023834229
1403908132498116608,neutral,1.5632145404815674,1.056797981262207,-0.3810100555419922
1403908133064482816,negative,0.4145292043685913,-0.01585043966770172,1.997330904006958
1403908134364536833,neutral,1.365983247756958,-0.026248790323734283,1.3223859071731567
1403908134683488257,neutral,1.3713603019714355,0.4036889672279358,0.7323689460754395
1403908134796550148,negative,1.2770438194274902,-0.05047666281461716,1.4859631061553955
1403908135413194757,negative,1.2766809463500977,-0.6316000819206238,1.7445170879364014
1403908135664848901,neutral,2.052741050720215,1.071890115737915,0.09067115932703018
1403908136503808000,neutral,2.1617162227630615,-1.0657998323440552,2.0157406330108643
1403908137665523715,negative,1.2868342399597168,-0.2179616093635559,1.9363582134246826
1403908137749385216,negative,0.9748833775520325,-1.1192152500152588,2.882169485092163
1403908137871024130,negative,1.10686194896698,-0.16957294940948486,1.6743061542510986
1403908138374336512,neutral,1.4534008502960205,0.16894051432609558,1.368948221206665
1403908138990936067,negative,1.3505362272262573,-0.18039175868034363,1.4843690395355225
1403908139393581056,negative,1.2053769826889038,-1.3412055969238281,3.5607686042785645
1403908139443908612,neutral,1.5026863813400269,-0.6649184823036194,1.3695745468139648
1403908140391878656,neutral,2.541940927505493,-1.0208369493484497,1.5291086435317993
1403908141486592005,neutral,1.7320775985717773,0.05746832489967346,0.2469756305217743
1403908142015168514,neutral,2.0633544921875,0.41448232531547546,0.12092618644237518
1403908142363074563,neutral,3.342149496078491,2.0959596633911133,-0.7580813765525818
1403908142379847681,negative,1.4815794229507446,-1.1291691064834595,2.651247262954712
1403908143038353411,positive,1.5585980415344238,3.6007604598999023,-1.0033249855041504
1403908143478935557,negative,0.9428445100784302,-0.05076121538877487,1.4629641771316528
1403908144569389059,negative,1.2099939584732056,0.3448275327682495,1.274100422859192
1403908144825131011,neutral,1.6855745315551758,0.37137290835380554,0.37932199239730835
1403908145747881989,positive,0.4453961253166199,1.3452937602996826,-0.31299665570259094
1403908145773154305,neutral,1.3558450937271118,-0.20979082584381104,0.8496994376182556
1403908148394606592,neutral,3.2533769607543945,2.0364463329315186,-0.9610182642936707
1403908148889632775,neutral,2.625272750854492,1.9460138082504272,-0.45461955666542053
1403908149019619329,negative,1.2895581722259521,-0.9207614064216614,2.563985824584961
1403908149418115073,neutral,1.4454050064086914,-0.5654824376106262,1.3894476890563965
1403908149459832836,negative,1.0123039484024048,-1.0290851593017578,3.286452293395996
1403908150215032832,neutral,0.9663553833961487,-0.4170185923576355,0.6575992703437805
1403908150986674177,neutral,1.5451276302337646,0.6438795924186707,0.32067790627479553
1403908151339106304,neutral,1.5426079034805298,0.5317460894584656,0.23070338368415833
1403908151611514885,positive,0.5880067944526672,0.8226271271705627,0.8197206258773804
1403908153050230787,negative,1.2368391752243042,-0.9812572598457336,2.5678725242614746
1403908153381507072,neutral,1.7190296649932861,0.30161699652671814,1.575066328048706
1403908153658339330,neutral,2.217390537261963,0.30976635217666626,0.3410781919956207
1403908154136616961,positive,2.4465508460998535,2.5571703910827637,-0.8863937258720398
1403908155348819969,neutral,1.5948097705841064,0.7582910656929016,0.1450369954109192
1403908155453542402,positive,2.942852258682251,3.7804622650146484,-1.440994143486023
1403908156846129153,negative,0.5049620270729065,0.9324030876159668,1.339577078819275
1403908161308872711,negative,1.328484058380127,-0.47218790650367737,1.7018452882766724
1403908163599060996,negative,1.5760271549224854,-0.9862017035484314,2.2035787105560303
1403908163829633024,neutral,1.7607269287109375,0.8054623603820801,0.1209179162979126
1403908164274343936,neutral,1.9086120128631592,0.38184499740600586,0.7652705907821655
1403908164697804803,negative,0.9800547957420349,-0.07489743083715439,1.50148606300354
1403908165008125957,negative,0.9784209728240967,0.30974337458610535,1.3573976755142212
1403908165859614720,neutral,2.2104239463806152,-0.1899130940437317,0.9904265999794006
1403908166132244486,negative,1.327131986618042,-0.6683560609817505,1.3412247896194458
1403908167734468608,neutral,1.3000303506851196,0.7806345820426941,0.5072283148765564
1403908168460210179,neutral,1.5372000932693481,-0.18654143810272217,0.7288047075271606
1403908168829210627,neutral,1.9361376762390137,0.5012402534484863,0.7954827547073364
1403908168879546376,neutral,3.530146598815918,1.6300078630447388,-1.0650413036346436
1403908169168875521,negative,1.1135388612747192,-0.8132144808769226,2.458125352859497
1403908170964254722,neutral,1.2971488237380981,0.503696620464325,0.28318357467651367
1403908171987505156,positive,1.94089937210083,3.7028725147247314,-0.9960962533950806
1403908172226523139,negative,1.5069829225540161,-0.2078280746936798,1.6807880401611328
1403908175229636613,neutral,1.6855745315551758,0.37137290835380554,0.37932199239730835
1403908175317901313,neutral,1.4737865924835205,-0.15457475185394287,1.0835368633270264
1403908176785903629,positive,0.689617395401001,1.152038812637329,0.29720044136047363
1403908176894840832,neutral,1.5894261598587036,0.9103619456291199,0.2696859538555145
1403908178052583431,positive,1.2425718307495117,1.4714152812957764,-0.33787789940834045
1403908178664886274,neutral,1.6855745315551758,0.37137290835380554,0.37932199239730835
1403908179004694533,negative,0.7838588953018188,-0.8143433928489685,2.5138864517211914
1403908179268866048,neutral,2.052741050720215,1.071890115737915,0.09067115932703018
1403908180061659142,negative,0.6265775561332703,0.34463584423065186,1.8797860145568848
1403908180279664640,neutral,2.212160348892212,-0.031338632106781006,0.8980836868286133
1403908180401295365,neutral,2.212160348892212,-0.031338632106781006,0.8980836868286133
1403908180967510020,neutral,1.5784739255905151,-0.6647502779960632,1.351258635520935
1403908181517033476,negative,1.4778536558151245,-0.8342931270599365,2.2221248149871826
1403908181789642757,positive,1.9125641584396362,2.1415109634399414,-0.13393773138523102
1403908184553574400,neutral,1.6855745315551758,0.37137290835380554,0.37932199239730835
1403908185413591043,negative,0.6939438581466675,-0.4063788652420044,1.8710474967956543
1403908186843738112,negative,0.6970618367195129,0.16461966931819916,1.4775323867797852
1403908187028299778,negative,1.3783894777297974,0.08099635690450668,1.7644765377044678
1403908187267289089,neutral,1.0612996816635132,0.2154252529144287,0.5969127416610718
1403908187317694465,negative,1.1398578882217407,0.7982547283172607,1.1739528179168701
1403908187636387846,neutral,1.7530776262283325,-0.43335244059562683,1.4771733283996582
1403908187917631488,negative,1.4435441493988037,-0.7440674304962158,2.1335959434509277
1403908188441702403,negative,1.3366817235946655,-0.1588764786720276,1.4055930376052856
1403908188471119872,neutral,1.2571828365325928,0.47285494208335876,1.0576215982437134
1403908189041545218,neutral,2.4150476455688477,1.8216111660003662,-0.9280406832695007
1403908190614425602,neutral,1.742470622062683,-0.48000189661979675,1.2558343410491943
1403908191117733889,neutral,1.778055191040039,-0.32790815830230713,0.8943874835968018
1403908191172415489,neutral,1.5978000164031982,0.07402768731117249,0.7179110646247864
1403908191482679300,neutral,2.1832115650177,1.3436704874038696,-0.046759121119976044
1403908191486832646,negative,0.9588366150856018,-0.8863971829414368,3.148606061935425
1403908193655218177,neutral,1.7117419242858887,-0.7719659805297852,1.2950795888900757
1403908194267631624,negative,1.3328379392623901,-1.1997720003128052,3.0109012126922607
1403908195349938180,negative,1.2668650150299072,0.0976041629910469,1.5303784608840942
1403908195639123972,neutral,1.0847060680389404,0.051545388996601105,0.5709735155105591
1403908196746604548,neutral,1.5061386823654175,0.2557269334793091,0.3718801736831665
1403908197279178754,negative,1.6757272481918335,-1.1267354488372803,2.5844032764434814
1403908197774155776,negative,1.2472608089447021,-0.8575322031974792,2.370786666870117
1403908198482866177,neutral,2.0547544956207275,0.31646984815597534,0.4815019965171814
1403908198600347650,negative,0.7838588953018188,-0.8143433928489685,2.5138864517211914
1403908199082721288,neutral,1.3583259582519531,0.11497953534126282,1.2725497484207153
1403908199409987585,positive,1.4703788757324219,2.2427890300750732,-0.30935317277908325
1403908199472898050,negative,1.1195696592330933,-0.7953203320503235,2.207420825958252
1403908199548325889,neutral,1.5666226148605347,0.06607504934072495,0.6842492818832397
1403908200890392576,neutral,1.729482889175415,1.4511210918426514,-0.28712376952171326
1403908201087598592,negative,0.7377201914787292,-0.7196837067604065,2.4562337398529053
1403908201133887489,negative,1.6257990598678589,-0.3216310739517212,1.9651734828948975
1403908201272070145,positive,1.7266545295715332,1.7758102416992188,-0.23768921196460724
1403908201570091009,neutral,1.2078142166137695,-0.33929887413978577,1.0900133848190308
1403908202752794636,negative,0.8539684414863586,0.04591120406985283,2.255687713623047
1403908203985965064,neutral,2.8591995239257812,0.44746729731559753,-0.18858057260513306
1403908204535320576,neutral,1.5287915468215942,0.6377496719360352,1.4781912565231323
1403908204799610880,neutral,1.2771676778793335,0.08440634608268738,0.6491947174072266
1403908205017812996,neutral,1.8969643115997314,1.3391127586364746,-0.998263418674469
1403908205181239301,neutral,1.5426079034805298,0.5317460894584656,0.23070338368415833
1403908205374283776,neutral,1.378308892250061,-0.26123180985450745,0.8534864783287048
1403908205923627015,neutral,1.4503828287124634,0.35526251792907715,1.0194929838180542
1403908206405980163,positive,1.040970802307129,2.4189438819885254,-0.6385300755500793
1403908207500689408,positive,1.2384382486343384,2.383713722229004,0.13601155579090118
1403908208012533760,neutral,1.3245221376419067,0.46892672777175903,0.7552071809768677
1403908208217837572,negative,1.3328379392623901,-1.1997720003128052,3.0109012126922607
1403908208826060803,negative,1.2648485898971558,-0.13392958045005798,1.686810851097107
1403908210587848707,neutral,1.5114703178405762,1.2142452001571655,0.26293787360191345
1403908210902323200,negative,1.157987356185913,-0.127811998128891,1.7115834951400757
1403908211162456064,neutral,1.7603684663772583,0.08568140864372253,0.6296185255050659
1403908212370423811,positive,1.6880097389221191,2.2252907752990723,-0.35620030760765076
1403908212449898497,negative,1.3366817235946655,-0.1588764786720276,1.4055930376052856
1403908212529762305,neutral,1.7653900384902954,-0.6156479716300964,1.55442214012146
1403908212554973189,neutral,1.2481306791305542,0.6402310132980347,0.8751754760742188
1403908213137944579,neutral,2.5259017944335938,1.6620752811431885,-0.5329104661941528
1403908214261833729,negative,1.373981237411499,-0.8854475021362305,2.3423264026641846
1403908214639497221,neutral,2.625272750854492,1.9460138082504272,-0.45461955666542053
1403908214878396423,neutral,2.1617162227630615,-1.0657998323440552,2.0157408714294434
1403908214916194308,negative,0.6235852241516113,-1.1061588525772095,3.398613452911377
1403908215125909511,negative,0.36016494035720825,0.511936366558075,1.514474630355835
1403908215369175043,negative,1.0614432096481323,0.2788001000881195,1.509305715560913
1403908219081310214,negative,0.8422902822494507,-1.2436134815216064,3.2228355407714844
1403908220163280898,negative,0.5819435119628906,0.9917706847190857,2.268913984298706
1403908220591161344,neutral,2.1351985931396484,-0.009213007986545563,0.7469231486320496
1403908221358718976,negative,0.7721843719482422,-0.6099720001220703,1.7554892301559448
1403908221446787073,neutral,1.20233154296875,1.1669901609420776,0.6334286332130432
1403908221685800962,positive,2.2271292209625244,3.158660650253296,-1.025310754776001
1403908221769687042,negative,1.0321764945983887,-1.0852729082107544,2.8586809635162354
1403908222361260034,negative,1.3484361171722412,-0.2994023859500885,1.7680084705352783
1403908224001089536,neutral,1.6608818769454956,0.2580479085445404,0.4790426790714264
1403908224311447555,negative,0.47775328159332275,-0.8614447116851807,3.048799991607666
1403908224567300096,positive,1.3347598314285278,2.194462537765503,-0.1823316365480423
1403908225641160709,negative,1.3070192337036133,-1.301767349243164,3.411505699157715
1403908226496618500,positive,1.9316705465316772,2.1811797618865967,-0.5911884903907776
1403908226714796036,neutral,1.8705053329467773,1.8385498523712158,-0.3064414858818054
1403908227235000322,neutral,1.5258466005325317,-0.4522026479244232,1.3999649286270142
1403908227918491658,negative,0.4744560420513153,0.2071765661239624,1.8649013042449951
1403908228312834051,negative,1.137510061264038,-0.8215001821517944,2.8079445362091064
1403908228547760131,neutral,2.1351985931396484,-0.009213007986545563,0.7469231486320496
1403908230242316288,neutral,1.6855745315551758,0.37137290835380554,0.37932199239730835
1403908230942765057,neutral,2.2356436252593994,1.212052345275879,-0.05986465513706207
1403908234931548167,neutral,2.9952023029327393,-0.027136676013469696,0.461367130279541
1403908235954987008,neutral,1.5978000164031982,0.07402771711349487,0.7179110050201416
1403908236802105346,neutral,1.6051539182662964,-0.10807613283395767,1.1894357204437256
1403908237854875649,neutral,2.052741050720215,1.071890115737915,0.09067115932703018
1403908238417010689,neutral,2.029282808303833,0.8810411095619202,-0.041596174240112305
1403908238651707396,positive,2.4383442401885986,3.4632914066314697,-0.8623366951942444
1403908241432580097,neutral,1.6855745315551758,0.37137290835380554,0.37932199239730835
1403908241541767168,negative,0.5049619674682617,0.9324029684066772,1.3395769596099854
1403908242426646528,neutral,1.7735201120376587,0.8227633237838745,0.13030551373958588
1403908244213403658,negative,1.4941201210021973,-0.5024077296257019,1.9412018060684204
1403908244658135048,neutral,2.625272750854492,1.9460138082504272,-0.45461955666542053
1403908244683333636,neutral,1.724899411201477,-0.38696038722991943,0.9879165291786194
1403908245564002306,neutral,1.9403049945831299,-0.6860625147819519,0.9651776552200317
1403908246054871043,negative,1.4777971506118774,-0.4725895822048187,1.6881922483444214
1403908248265129988,negative,1.5760271549224854,-0.9862016439437866,2.2035787105560303
1403908248315514882,positive,2.3379032611846924,2.525219440460205,-0.6998003721237183
1403908249401843715,neutral,2.1221628189086914,0.8568080067634583,-0.19811822474002838
1403908250530050053,neutral,1.6051539182662964,-0.10807608813047409,1.1894357204437256
1403908251641544707,positive,1.4703788757324219,2.2427890300750732,-0.30935317277908325
1403908253159804928,neutral,1.1568763256072998,-0.1054016575217247,1.0653557777404785
1403908253310853126,neutral,2.3341925144195557,1.2727758884429932,-0.3107021152973175
1403908253562593281,negative,0.9071047902107239,-0.5245261788368225,2.3702313899993896
1403908253705195522,neutral,1.7022045850753784,-0.013955235481262207,1.5097193717956543
1403908254158098435,neutral,1.1222901344299316,0.8179405927658081,0.30013543367385864
1403908254204375041,neutral,1.6855746507644653,0.37137293815612793,0.37932202219963074
1403908254246264834,negative,1.127642035484314,-0.04128789156675339,1.6269214153289795
1403908255537979396,neutral,2.052741050720215,1.071890115737915,0.09067115932703018
1403908256058155012,negative,1.2130876779556274,-0.11638269573450089,1.5395174026489258
1403908256171401223,positive,0.8296158909797668,1.0392073392868042,0.9263870120048523
1403908256397938691,neutral,1.9135223627090454,0.2895379960536957,1.3421988487243652
1403908256813174784,negative,1.1419963836669922,-0.6234551072120667,1.8381134271621704
1403908256880205825,negative,0.45019233226776123,1.2297751903533936,1.326411485671997
1403908257383596036,negative,2.1112687587738037,-1.0838860273361206,2.2172744274139404
1403908257500987398,neutral,1.6933164596557617,-0.03814292699098587,1.115788459777832
1403908257652092932,negative,1.470839500427246,-1.0765907764434814,2.5401384830474854
1403908257924751363,neutral,1.6820073127746582,0.8991658091545105,0.32541340589523315
1403908258033672195,negative,1.2100411653518677,-1.0078692436218262,2.8552980422973633
1403908258277044226,neutral,1.7663753032684326,-0.28216564655303955,1.0152226686477661
1403908258318925824,negative,0.9665231108665466,0.14754581451416016,1.2077913284301758
1403908258406879234,negative,1.3232637643814087,-0.8207709193229675,1.6784042119979858
1403908259149357057,positive,1.0609698295593262,3.5167276859283447,-1.0095661878585815
1403908259363258369,neutral,2.625272750854492,1.9460138082504272,-0.45461955666542053
1403908261410086913,negative,0.46742692589759827,-0.2745102345943451,1.3213353157043457
1403908261452169217,positive,0.44998496770858765,1.4484442472457886,0.9305397868156433
1403908261535961088,neutral,1.5815585851669312,1.0210691690444946,0.5887194871902466
1403908261921890308,negative,0.5348553657531738,-0.8909215331077576,2.731860399246216
1403908262974562312,negative,1.2015684843063354,-1.2975656986236572,3.2991135120391846
1403908263029227521,neutral,2.1617162227630615,-1.0657998323440552,2.0157408714294434
1403908263029227523,negative,1.1134954690933228,-0.979118287563324,2.4583585262298584
1403908263456952320,neutral,1.3203654289245605,0.7582133412361145,0.4221859574317932
1403908265088409606,neutral,2.1351985931396484,-0.009213007986545563,0.7469231486320496
1403908266208473089,neutral,1.9255096912384033,1.5679867267608643,-0.36648067831993103
1403908267110125569,positive,1.9125641584396362,2.1415109634399414,-0.13393773138523102
1403908268292927488,negative,0.8896149396896362,0.3422571122646332,1.2944978475570679
1403908268531978245,positive,0.24768421053886414,3.431108236312866,-0.19317488372325897
1403908268796387329,negative,0.6399670243263245,-0.40685635805130005,2.8480608463287354
1403908269186248706,negative,1.5459765195846558,-1.0874652862548828,2.3641579151153564
1403908269316481027,neutral,2.625272750854492,1.9460139274597168,-0.4546196162700653
1403908269890887681,negative,0.7731183767318726,-0.3698571026325226,1.949672818183899
1403908269907742721,neutral,1.6855746507644653,0.37137290835380554,0.37932196259498596
1403908269987581955,neutral,2.0541558265686035,0.6584345698356628,0.39580920338630676
1403908270071353344,negative,1.2465157508850098,0.3413093686103821,1.5947445631027222
1403908270142730240,negative,1.3589140176773071,-1.1569749116897583,2.7215826511383057
1403908270872539136,positive,1.0129642486572266,1.846373200416565,0.8610912561416626
1403908272088772609,positive,1.085950255393982,2.2321395874023438,-0.7477888464927673
1403908272474640385,neutral,2.2724969387054443,1.9717869758605957,-0.6302210092544556
1403908272478777344,neutral,1.7175209522247314,0.8010794520378113,0.16393986344337463
1403908272655060993,negative,0.9296591877937317,-0.5832306742668152,2.5068953037261963
1403908273019916293,neutral,1.8169907331466675,0.32698139548301697,1.1855251789093018
1403908273623863298,neutral,1.5396207571029663,0.07100170105695724,1.3326621055603027
1403908274114732034,negative,1.3084800243377686,-0.5703626275062561,2.0055484771728516
1403908274689396736,negative,0.7055714130401611,-0.6770666837692261,2.8967885971069336
1403908275003748352,neutral,1.496340274810791,-0.624789297580719,1.341753602027893
1403908275192610819,negative,0.5666109919548035,-0.8695405721664429,3.228283405303955
1403908278287933444,neutral,2.0965383052825928,0.6666526794433594,0.6154760122299194
1403908278506049536,negative,1.4208964109420776,-0.8442510962486267,2.4598073959350586
1403908278904451074,neutral,1.6156479120254517,1.0034308433532715,0.9610841870307922
1403908279571521544,negative,0.7550459504127502,0.48621177673339844,2.297541856765747
1403908280003465217,negative,0.871814489364624,-0.7366063594818115,1.9054559469223022
1403908281945321473,neutral,1.8424509763717651,1.7641315460205078,-0.2773570120334625
1403908282163499008,neutral,3.8130037784576416,2.130871295928955,-1.3788185119628906
1403908283467919362,negative,0.2463703155517578,0.74217289686203,1.333747148513794
1403908284071833604,neutral,1.4454050064086914,-0.5654824376106262,1.3894476890563965
1403908284273225734,neutral,2.3341925144195557,1.2727758884429932,-0.3107021152973175
1403908285510475777,neutral,2.052741050720215,1.071890115737915,0.09067115932703018
1403908285699297286,positive,1.9316705465316772,2.1811797618865967,-0.5911884903907776
1403908285804253188,neutral,0.8895268440246582,0.15371456742286682,0.1509479135274887
1403908285942616071,neutral,2.1617162227630615,-1.0657998323440552,2.0157408714294434
1403908290828849157,neutral,1.0847060680389404,0.051545388996601105,0.5709735155105591
1403908291680477189,negative,0.9311238527297974,-0.8516456484794617,2.4192423820495605
1403908291940564992,neutral,1.3306505680084229,1.305420994758606,0.3736792206764221
1403908293031084042,neutral,1.4968886375427246,-0.7326338291168213,1.4051194190979004
1403908293358141445,negative,0.9071047902107239,-0.5245261788368225,2.3702313899993896
1403908293555150851,neutral,1.4783039093017578,-0.06829572468996048,1.2539050579071045
1403908296465997831,neutral,1.2079204320907593,0.6274724006652832,0.6209599375724792
1403908297023963138,negative,0.9630367159843445,-0.49980440735816956,2.1679837703704834
1403908297204269056,negative,0.9017655849456787,-0.5600283145904541,1.8197648525238037
1403908297695141895,positive,1.097246766090393,1.3587554693222046,-0.04386639595031738
1403908298731098113,neutral,1.5289995670318604,0.4505651593208313,0.8436334729194641
1403908298789867521,neutral,1.6156479120254517,1.0034308433532715,0.9610841870307922
1403908298882129921,negative,0.8947702050209045,-0.21060416102409363,1.837630033493042
1403908299058155520,neutral,1.535072922706604,0.0997333824634552,1.1966129541397095
1403908300241084418,positive,0.7581477761268616,3.1437134742736816,-0.3881450891494751
1403908300383547392,positive,3.3633546829223633,3.944154977798462,-1.552945613861084
1403908300807323650,neutral,1.6858426332473755,0.6409430503845215,-0.11410883814096451
1403908301344157698,negative,1.0545748472213745,-0.5156394839286804,1.2932755947113037
1403908302338068482,negative,1.4396209716796875,-0.03735410422086716,1.5953599214553833
1403908304921710595,neutral,1.7735201120376587,0.8227633237838745,0.13030551373958588
1403908305571958785,neutral,2.1351985931396484,-0.009213007986545563,0.7469231486320496
1403908307610341378,neutral,1.1994295120239258,0.0040718019008636475,0.12578865885734558
1403908307874582528,neutral,0.9326332211494446,0.15312065184116364,0.9041831493377686
1403908307912478721,positive,0.07785885035991669,1.6513603925704956,-0.08840463310480118
1403908308541526016,negative,0.3671899139881134,-0.9722582697868347,3.7150580883026123
1403908310433091585,positive,3.9576051235198975,4.109700679779053,-2.133641004562378
1403908310651318275,negative,1.4835381507873535,0.5047315359115601,1.503318190574646
1403908310869348353,negative,1.3250322341918945,-0.5132935643196106,1.9598480463027954
1403908314082156553,neutral,1.729482889175415,1.4511210918426514,-0.28712376952171326
1403908314338037760,neutral,1.724899411201477,-0.38696038722991943,0.9879165291786194
1403908314602393604,neutral,1.92171311378479,0.5505150556564331,0.4531581997871399
1403908314941906946,neutral,1.8226426839828491,0.5981179475784302,0.7458218336105347
1403908314979880962,neutral,1.3121050596237183,0.8291282057762146,0.34909987449645996
1403908316418523137,neutral,2.625272750854492,1.9460138082504272,-0.45461955666542053
1403908317064294407,neutral,1.54219388961792,0.36807435750961304,0.9510282874107361
1403908318230462466,neutral,1.1279690265655518,1.0667643547058105,0.8077536821365356
1403908321531219969,negative,1.3950060606002808,-0.7126274704933167,1.719987392425537
1403908322152099840,neutral,1.3848997354507446,1.368383526802063,0.8184313774108887
1403908322189877253,positive,0.970939576625824,3.548213005065918,-0.17831401526927948
1403908322386907138,neutral,2.009784698486328,1.9767857789993286,-0.903567910194397
1403908322953252866,neutral,1.9309942722320557,1.216163158416748,-0.18334582448005676
1403908323246632969,negative,1.407852053642273,-1.1007437705993652,2.327735662460327
1403908325872336900,neutral,1.6679818630218506,0.9102921485900879,0.6233014464378357
1403908326686085121,negative,1.1172542572021484,-0.47305968403816223,1.9853107929229736
1403908327621357572,negative,1.5462321043014526,-0.9039551615715027,1.93699049949646
1403908328024014849,negative,0.7496641278266907,-0.21686628460884094,2.285066843032837
1403908328636358658,neutral,1.92171311378479,0.5505150556564331,0.4531581997871399
1403908328820908040,negative,1.2770438194274902,-0.05047666281461716,1.4859631061553955
1403908328934330370,neutral,2.0872626304626465,1.1654020547866821,0.11434786766767502
1403908329034944512,positive,0.6707238554954529,3.467349052429199,-0.9911371469497681
1403908331853451267,neutral,1.448939561843872,0.14730018377304077,0.7151454091072083
1403908331874422788,neutral,1.6209299564361572,0.1698945313692093,1.050075650215149
1403908332998463489,neutral,1.4783039093017578,-0.06829572468996048,1.2539050579071045
1403908333464129540,neutral,1.6855745315551758,0.37137290835380554,0.37932199239730835
1403908333556228099,neutral,1.6570426225662231,0.3271532654762268,0.4058573842048645
1403908335171031044,neutral,1.5289677381515503,-0.3244844675064087,1.307541012763977
1403908336538591232,neutral,2.0531721115112305,0.844489574432373,-0.14078901708126068
1403908337251586050,neutral,2.1351985931396484,-0.009213007986545563,0.7469231486320496
1403908337461248001,neutral,2.178636312484741,-0.5951839089393616,0.4340347647666931
1403908337813528576,neutral,2.625272750854492,1.9460138082504272,-0.45461955666542053
1403908338191007749,neutral,1.542194128036499,0.3680744171142578,0.9510282874107361
1403908338920923137,neutral,1.7918291091918945,1.4152320623397827,-0.1760568618774414
1403908339101102086,neutral,1.92171311378479,0.5505150556564331,0.4531581997871399
1403908339617181697,neutral,1.6855745315551758,0.37137290835380554,0.37932199239730835
1403908342062497792,neutral,1.1819936037063599,0.57066410779953,0.5354866981506348
1403908342351794179,neutral,2.126412868499756,-0.8504928350448608,1.3406469821929932
1403908343526211584,neutral,2.5502030849456787,1.2705144882202148,-0.7324720025062561
1403908344155303943,neutral,2.3341925144195557,1.2727758884429932,-0.3107021152973175
1403908345879224322,negative,0.73567134141922,-0.7308542728424072,3.0212972164154053
1403908346038661122,negative,1.3938571214675903,-0.6181191802024841,1.9337568283081055
1403908346365681667,neutral,1.542194128036499,0.3680744171142578,0.9510282874107361
1403908347154374657,neutral,2.3061580657958984,0.5227155089378357,0.32168158888816833
1403908347451957250,neutral,1.9403049945831299,-0.6860625147819519,0.9651776552200317
1403908348806721544,neutral,1.9617513418197632,0.8846265077590942,-0.3334762156009674
1403908349226209280,neutral,2.3341925144195557,1.2727758884429932,-0.3107021152973175
1403908350077673473,negative,1.6955567598342896,-0.9131634831428528,2.2910382747650146
1403908350119710724,negative,1.1826342344284058,0.25052040815353394,1.4516853094100952
1403908350807470085,negative,1.2696908712387085,-0.9496490359306335,2.062535524368286
1403908351075909638,neutral,2.203944444656372,0.8346052765846252,0.18024277687072754
1403908352120438784,neutral,1.542194128036499,0.3680744171142578,0.9510282874107361
1403908352749445123,neutral,1.464957356452942,1.4260541200637817,0.09324777126312256
1403908354754416646,neutral,2.1351985931396484,-0.009213007986545563,0.7469231486320496
1403908355375067140,neutral,1.845842719078064,1.7081526517868042,-0.18807530403137207
1403908356587331586,negative,1.2217754125595093,-0.2967261075973511,1.905375361442566
1403908357493342209,negative,0.8066755533218384,0.19673901796340942,1.3971946239471436
1403908358403510272,negative,0.5275895595550537,-0.09092742949724197,2.5280563831329346
1403908359342891008,negative,1.3366817235946655,-0.1588764786720276,1.4055930376052856
1403908359380553733,positive,1.5071052312850952,3.0101568698883057,-0.5188543200492859
1403908359628025859,neutral,1.638852834701538,1.0523920059204102,0.1292082965373993
1403908360894881794,neutral,1.607716679573059,-0.6819884777069092,1.3791725635528564
1403908361171595264,negative,0.8078420758247375,-0.5413775444030762,1.3726518154144287
1403908362128039940,negative,1.4056938886642456,-0.5232324004173279,1.4797109365463257
1403908362304049159,positive,0.7627608180046082,2.2371532917022705,-0.3006136119365692
1403908362497150977,neutral,1.2100073099136353,0.8485797047615051,0.6398364901542664
1403908362996047874,neutral,3.530146598815918,1.6300078630447388,-1.0650413036346436
1403908363038167043,negative,1.0996593236923218,0.05800927057862282,1.5701446533203125
1403908363872837633,neutral,1.4214918613433838,0.3286351263523102,0.8487670421600342
1403908363965009927,neutral,2.546823501586914,1.034440040588379,-0.34088170528411865
1403908364220833792,negative,0.21314215660095215,0.2987199127674103,1.7374106645584106
1403908364707545092,neutral,2.1617162227630615,-1.0657998323440552,2.0157408714294434
1403908364900483077,neutral,1.2642673254013062,-0.09178676456212997,1.0583720207214355
1403908365646970882,positive,1.242539644241333,2.9188413619995117,-0.2645213007926941
1403908365663756288,neutral,1.92171311378479,0.5505150556564331,0.4531581997871399
1403908365944868868,neutral,1.3359873294830322,0.23930135369300842,1.0452433824539185
1403908365965737986,negative,0.13433502614498138,0.033246736973524094,1.9794955253601074
1403908366515118080,negative,0.7806054353713989,-0.2182246744632721,1.5907142162322998
1403908367026843650,negative,1.215798020362854,-1.1671396493911743,2.8879234790802
1403908368507486209,neutral,2.089987277984619,0.04433540627360344,0.6653517484664917
1403908368566267904,negative,1.232214331626892,-1.0002336502075195,2.143557071685791
1403908369161895936,negative,0.7878357172012329,0.3824169337749481,1.495602011680603
1403908370306899970,negative,1.0869451761245728,-0.7972074747085571,2.1335816383361816
1403908370461954050,positive,0.8296158909797668,1.0392073392868042,0.9263868927955627
1403908371116404736,neutral,2.096247434616089,1.2335684299468994,0.05468969792127609
1403908374148833284,neutral,2.625272750854492,1.9460138082504272,-0.45461955666542053
1403908374626852870,neutral,1.5421940088272095,0.3680744469165802,0.9510282874107361
1403908374861778945,neutral,1.979089379310608,-0.6693853139877319,1.2017885446548462
1403908375448981508,neutral,2.155992031097412,1.2650747299194336,-0.1791844367980957
1403908376246030337,negative,0.8129742741584778,-0.5445510149002075,2.547417402267456
1403908376925327360,neutral,2.8617162704467773,1.0671491622924805,-0.2818291187286377
1403908377600741377,negative,1.5908018350601196,-0.3813137710094452,1.6988087892532349
1403908380188549123,neutral,1.9773690700531006,0.3313377797603607,0.5855976939201355
1403908381019017221,neutral,1.9265947341918945,1.2006120681762695,-0.8374637365341187
1403908381388070912,negative,1.032171607017517,-0.7270010709762573,1.98723566532135
1403908381493149696,neutral,1.6855745315551758,0.37137290835380554,0.37932199239730835
1403908381753159681,neutral,1.5892215967178345,-0.43215128779411316,1.2675923109054565
1403908384059969536,neutral,1.2631239891052246,0.9799187183380127,0.23904109001159668
1403908384634531840,neutral,1.5445456504821777,-0.5797658562660217,1.539046049118042
1403908384982663172,neutral,1.8306288719177246,0.20145413279533386,0.8835083246231079
1403908385733554181,neutral,1.070691704750061,0.61469966173172,0.49308279156684875
1403908385750216704,negative,1.6473273038864136,-1.047717571258545,2.732729196548462
1403908386933051392,neutral,1.9907816648483276,-0.29085206985473633,0.9143689274787903
1403908387142766592,neutral,1.4763433933258057,-0.23083719611167908,1.4460935592651367
1403908387453161474,neutral,1.5289995670318604,0.4505651593208313,0.8436334729194641
1403908387474051074,positive,1.4703788757324219,2.2427890300750732,-0.30935317277908325
1403908387625074689,neutral,1.9674937725067139,-0.010457038879394531,0.7595891356468201
1403908387704803329,positive,2.5175375938415527,2.63424015045166,-0.17957177758216858
1403908388585623552,neutral,1.3324023485183716,0.4047222137451172,1.1198246479034424
1403908388711407620,negative,1.184546709060669,-0.557375967502594,2.3023359775543213
1403908389038563330,neutral,2.1351985931396484,-0.009213007986545563,0.7469231486320496
1403908390510682114,neutral,2.8617162704467773,1.0671491622924805,-0.2818291187286377
1403908391446192128,neutral,1.4843101501464844,0.021681226789951324,0.4725773334503174
1403908391542530054,neutral,1.8138443231582642,1.6722294092178345,-0.15136270225048065
1403908391626436608,negative,1.5083500146865845,-0.6309075951576233,2.301809787750244
1403908392792563714,negative,1.4314416646957397,-1.0483882427215576,2.3978030681610107
1403908392931020802,neutral,1.6855746507644653,0.3713728189468384,0.3793219327926636
1403908393597800459,neutral,1.7738958597183228,0.8946955800056458,-0.09483111649751663
1403908393681801224,negative,1.2322144508361816,-1.000233769416809,2.143556833267212
1403908393832783872,neutral,2.5507001876831055,-0.4420001208782196,-0.13606201112270355
1403908395443183616,positive,1.99472975730896,3.2062487602233887,-0.9907419681549072
1403908395950694400,neutral,1.2610447406768799,-0.2307772934436798,1.0696251392364502
1403908396265390085,positive,0.30112603306770325,1.1488518714904785,0.841399610042572
1403908396655341569,neutral,2.052741050720215,1.071890115737915,0.09067115932703018
1403908396890296320,negative,0.40557414293289185,-0.6012629270553589,2.5598204135894775
1403908398341570560,neutral,2.0289597511291504,1.0154064893722534,-0.9434714913368225
1403908398844989442,neutral,1.6139559745788574,-0.42530807852745056,0.6933454275131226
1403908399062949888,neutral,1.717211127281189,0.9218071103096008,0.012900296598672867
1403908399398588419,negative,1.1878188848495483,0.34140655398368835,1.2404201030731201
1403908399734132741,negative,1.164790391921997,-0.4455445110797882,2.219700574874878
1403908400166031361,neutral,3.342149496078491,2.0959596633911133,-0.7580813765525818
1403908400723935232,neutral,2.0049872398376465,0.30900755524635315,0.08708443492650986
1403908400749023240,neutral,3.530146598815918,1.6300078630447388,-1.0650413036346436
1403908401151631362,neutral,1.5226255655288696,0.11099642515182495,0.9766585230827332
1403908404129800198,negative,0.9351695775985718,-1.4135501384735107,3.877833127975464
1403908404603654148,positive,1.1950747966766357,1.5383539199829102,0.23869748413562775
1403908405253840897,neutral,2.029787540435791,-0.16876667737960815,1.2676676511764526
1403908405979320320,neutral,1.6077783107757568,0.0052930936217308044,0.994408905506134
1403908406059012098,neutral,1.92171311378479,0.5505150556564331,0.4531581997871399
1403908406155616264,neutral,1.6855745315551758,0.37137290835380554,0.37932199239730835
1403908406201573376,neutral,3.530146598815918,1.6300078630447388,-1.0650413036346436
1403908407136980992,positive,1.447749137878418,1.7100645303726196,0.03988577425479889
1403908407975841795,neutral,1.92171311378479,0.5505150556564331,0.4531581997871399
1403908408340795395,neutral,1.3619033098220825,0.07836557924747467,0.8059840798377991
1403908409183793152,neutral,1.7190296649932861,0.30161699652671814,1.575066328048706
1403908409724788740,positive,0.6338319778442383,2.7992608547210693,-0.1890297830104828
1403908410211454976,neutral,2.1351985931396484,-0.009213007986545563,0.7469231486320496
1403908410354110466,neutral,1.1729390621185303,0.6689647436141968,0.9525852799415588
1403908410861494273,negative,0.6016728281974792,-0.0583721324801445,2.497695207595825
1403908412111421444,neutral,1.5213638544082642,0.08694671094417572,1.268850564956665
1403908412912640005,neutral,2.625272750854492,1.9460138082504272,-0.45461955666542053
1403908412937699329,negative,1.4106166362762451,-0.3626219928264618,1.4732586145401
1403908414602813440,negative,1.100287914276123,-0.40032288432121277,1.8422738313674927
1403908414686699525,neutral,1.92171311378479,0.5505150556564331,0.4531581997871399
1403908414850441217,positive,1.185829520225525,1.3959121704101562,0.4050635099411011
1403908415106129924,negative,1.5397876501083374,-0.7287258505821228,1.9325473308563232
1403908415651414018,neutral,2.052741050720215,1.071890115737915,0.09067115932703018
1403908416016322562,negative,1.5038189888000488,-0.7799583077430725,1.7341654300689697
1403908417278775298,negative,1.1681187152862549,-0.4592128098011017,2.2390024662017822
1403908418503647234,neutral,2.5836281776428223,0.8456993103027344,-0.09516389667987823
1403908418507661319,neutral,1.912771224975586,0.3759583532810211,0.6523367762565613
1403908419820482560,negative,0.21050669252872467,0.16855280101299286,0.3258369565010071
1403908419950563328,negative,1.201603651046753,-1.4620658159255981,3.6720571517944336
1403908420407730177,neutral,2.625272750854492,1.9460138082504272,-0.45461955666542053
1403908420512538624,negative,1.1314921379089355,-0.3195599317550659,1.6813677549362183
1403908420843892737,neutral,1.6855747699737549,0.3713728189468384,0.37932196259498596
1403908421909368835,negative,1.5483282804489136,-0.37101057171821594,1.7114732265472412
1403908421942796290,negative,1.0223339796066284,-0.5903393626213074,2.1578962802886963
1403908422198730761,neutral,1.1717040538787842,0.9729304313659668,1.0819075107574463
1403908422433574916,neutral,3.342149496078491,2.0959596633911133,-0.7580813765525818
1403908423440207874,positive,1.3285257816314697,2.4473233222961426,-0.39007383584976196
1403908423574429696,negative,1.1061931848526,-1.4614343643188477,4.268694877624512
1403908424702717959,neutral,1.8135885000228882,0.5859074592590332,0.7274629473686218
1403908425268961280,negative,1.044884443283081,-0.867222249507904,2.1874654293060303
1403908428137996296,neutral,1.2879942655563354,0.6079394221305847,0.7769250273704529
1403908428746084352,neutral,1.6156479120254517,1.0034308433532715,0.9610841870307922
1403908429207404544,neutral,1.7310503721237183,0.5471149682998657,0.4840289354324341
1403908429324992514,positive,1.253151535987854,2.1508021354675293,-0.5945025086402893
1403908429371121664,neutral,0.8131506443023682,-0.1623484194278717,0.21225816011428833
1403908429480144896,neutral,1.2014782428741455,0.04405754432082176,1.1996066570281982
1403908429786144776,neutral,1.9869621992111206,-0.768470823764801,1.1093237400054932
1403908430163759105,neutral,1.6337699890136719,1.0212371349334717,0.13123257458209991
1403908430365089793,neutral,2.625272750854492,1.9460138082504272,-0.45461955666542053
1403908430906208258,neutral,1.6156479120254517,1.0034308433532715,0.9610841870307922
1403908432487489548,negative,0.924693763256073,-0.4894910752773285,1.7189046144485474
1403908433011748868,negative,0.8844766616821289,-0.9421284794807434,3.0006563663482666
1403908434202746885,neutral,1.5343000888824463,0.7083855271339417,0.5745911598205566
1403908434647416837,neutral,3.342149496078491,2.0959596633911133,-0.7580813765525818
1403908434919972865,negative,1.3783894777297974,0.08099635690450668,1.7644765377044678
1403908435536539649,negative,1.3694629669189453,-0.826316237449646,1.5243194103240967
1403908438007160834,neutral,2.3061580657958984,0.5227155089378357,0.32168158888816833
1403908438330003460,neutral,1.4742827415466309,0.47252294421195984,0.5887543559074402
1403908438544027649,negative,1.3523908853530884,-0.4825563132762909,2.085932493209839
1403908439240187904,neutral,2.029282808303833,0.8810411095619202,-0.041596174240112305
1403908439403810820,neutral,1.5289995670318604,0.4505651593208313,0.8436334729194641
1403908440062320642,positive,1.5454021692276,1.6555968523025513,0.0960833802819252
1403908440414588929,neutral,1.621431827545166,0.8601129651069641,-0.10147187858819962
1403908440574005252,negative,0.5034336447715759,1.0807416439056396,1.231013298034668
1403908440813031431,negative,0.3282390832901001,0.9091324806213379,1.0918315649032593
1403908440972464130,negative,1.3331928253173828,-0.4245310127735138,2.202246904373169
1403908442515980288,neutral,2.512941598892212,0.5336450934410095,-0.18634647130966187
1403908442914426883,positive,2.0440571308135986,5.5657806396484375,-1.893786072731018
1403908443291877388,negative,1.262342095375061,-1.2370593547821045,2.9731826782226562
1403908443379957762,neutral,1.970107913017273,-0.43401941657066345,0.9729315638542175
1403908444629848064,neutral,0.9056490659713745,0.5443539619445801,0.6679309010505676
1403908444776771586,negative,0.5666109919548035,-0.8695405721664429,3.228283405303955
1403908445338669061,negative,1.1765979528427124,-0.5509275794029236,3.1684837341308594
1403908447150739459,negative,0.6455098986625671,-0.662388265132904,2.502190589904785
1403908447477940224,neutral,1.6855745315551758,0.37137290835380554,0.37932199239730835
1403908448090300420,neutral,1.614809274673462,0.29559871554374695,0.6025558114051819
1403908448341741570,negative,0.9916623830795288,-0.7927664518356323,2.64070987701416
1403908449197379586,negative,1.0908942222595215,-1.1117792129516602,3.438154697418213
1403908449273012226,positive,0.18880382180213928,2.8812472820281982,-0.22866497933864594
1403908449608552451,positive,0.4174976348876953,1.0802292823791504,0.1392488181591034
1403908449969266690,neutral,1.2323832511901855,-0.29414263367652893,1.1886245012283325
1403908450065682436,neutral,2.3341925144195557,1.2727758884429932,-0.3107021152973175
1403908450808172545,negative,0.7863548398017883,-0.3781338036060333,2.6036293506622314
1403908451059703814,negative,0.6907857656478882,0.3571683168411255,1.2074084281921387
1403908451567214594,positive,0.9317241311073303,0.9411100149154663,0.1798749715089798
1403908451692998657,negative,0.9630367159843445,-0.49980440735816956,2.1679837703704834
1403908452410265600,positive,0.3797902762889862,1.4941333532333374,0.4212353229522705
1403908453106601984,neutral,1.3632127046585083,0.964729905128479,0.26862043142318726
1403908453618364419,neutral,1.5426079034805298,0.5317460894584656,0.23070338368415833
1403908454440443904,negative,0.8425706028938293,-1.15806245803833,3.1593658924102783
1403908454897504257,neutral,3.3731300830841064,3.2971441745758057,-1.506832242012024
1403908456063639553,neutral,1.6855745315551758,0.37137290835380554,0.37932199239730835
1403908457481244672,neutral,2.0411272048950195,-0.08245495706796646,0.7949870228767395
1403908457485553668,negative,1.0653775930404663,-1.0083895921707153,2.5501930713653564
1403908458139852802,negative,1.3783894777297974,0.08099635690450668,1.7644765377044678
1403908458366255107,negative,1.1172542572021484,-0.47305968403816223,1.9853107929229736
1403908458903134208,neutral,1.749643325805664,-0.07095737010240555,1.0121351480484009
1403908460346056704,negative,1.5388976335525513,-1.0755037069320679,2.1846988201141357
1403908461004460033,neutral,1.6550211906433105,0.15934893488883972,0.9476357102394104
1403908461532913668,negative,0.9800547957420349,-0.07489743083715439,1.50148606300354
1403908461721575426,negative,0.4564964175224304,-0.8170602321624756,3.7533457279205322
1403908462187327495,negative,0.6862306594848633,-0.11021106690168381,1.645429015159607
1403908462971482112,negative,0.9630367159843445,-0.49980440735816956,2.1679837703704834
1403908463017611264,negative,1.2065407037734985,-0.7252318859100342,1.8693982362747192
1403908464536166402,neutral,1.477400541305542,0.5220485329627991,0.8699033260345459
1403908465387401216,negative,1.4078859090805054,-0.9726312160491943,2.191680908203125
1403908465571991558,neutral,1.3658066987991333,0.5931900143623352,0.5881010293960571
1403908465731325958,positive,2.937074899673462,3.514441728591919,-1.2669957876205444
1403908465865621511,negative,0.4919508099555969,-0.6636478900909424,3.3160645961761475
1403908469443420163,negative,0.90394526720047,-0.2969526946544647,1.718014121055603
1403908469653217280,negative,1.3010846376419067,-1.3618541955947876,3.317695140838623
1403908470060064770,neutral,2.8617162704467773,1.0671491622924805,-0.2818291187286377
1403908470953287681,negative,1.5760271549224854,-0.9862017035484314,2.2035787105560303
1403908471875985410,negative,1.062785029411316,-0.004294149577617645,1.7522209882736206
1403908473704882176,neutral,1.92171311378479,0.5505150556564331,0.4531581997871399
1403908473797025794,neutral,1.834865927696228,-0.4254588782787323,0.9993886947631836
1403908474489032708,neutral,1.641506552696228,0.01635802537202835,1.4735536575317383
1403908475156000771,positive,0.8296158909797668,1.0392073392868042,0.9263868927955627
1403908478096322569,neutral,1.4913685321807861,-0.20112240314483643,1.1740351915359497
1403908478326902784,neutral,1.9539003372192383,0.4643844664096832,0.3985483944416046
1403908479237201923,positive,1.7462824583053589,1.8249918222427368,-0.08776453137397766
1403908479459332105,negative,1.6634737253189087,-0.604648768901825,1.7392818927764893
1403908479958536202,neutral,1.2625943422317505,0.21400350332260132,1.05465567111969
1403908480507924480,positive,1.4922362565994263,3.126753807067871,-0.6798428297042847
1403908480839258116,neutral,1.4747129678726196,-0.3882584869861603,0.962955892086029
1403908481460043782,neutral,2.44340443611145,1.175215482711792,0.3329014182090759
1403908481678135298,negative,1.3328379392623901,-1.1997720003128052,3.0109012126922607
1403908481799708679,neutral,1.3658066987991333,0.5931900143623352,0.5881010293960571
1403908482307289090,neutral,2.625272750854492,1.9460138082504272,-0.45461955666542053
1403908482323992582,negative,1.0614433288574219,0.2788001000881195,1.5093058347702026
1403908482483453956,negative,0.4831349551677704,-0.04878317564725876,2.751187562942505
1403908482802323458,positive,0.9203327894210815,1.462695837020874,0.950336217880249
1403908483909517313,neutral,1.6855745315551758,0.37137290835380554,0.37932199239730835
1403908484106686470,neutral,1.6855745315551758,0.37137290835380554,0.37932199239730835
1403908485226504193,negative,0.9929909706115723,-0.7368529438972473,1.9260650873184204
1403908486212194305,neutral,1.6227729320526123,-0.035366564989089966,1.185770869255066
1403908488087150593,negative,0.8691025376319885,0.04173501208424568,0.9384625554084778
1403908488288509958,neutral,2.1712608337402344,1.2131067514419556,-0.22361095249652863
1403908489999683584,neutral,1.4855639934539795,-0.4944510757923126,1.1031973361968994
1403908491153190918,negative,1.4901971817016602,-1.0865099430084229,2.534299373626709
1403908491312467968,neutral,1.6855745315551758,0.37137290835380554,0.37932199239730835
1403908492398714881,neutral,3.342149496078491,2.0959596633911133,-0.7580813765525818
1403908492956667906,positive,0.2929745614528656,3.3398516178131104,0.38018810749053955
1403908493669634048,neutral,1.3350672721862793,0.3498445451259613,0.274364709854126
1403908493829152768,positive,1.4852116107940674,1.4977284669876099,-0.1880037933588028
1403908494097530884,negative,1.264915108680725,-0.3722282946109772,1.4042580127716064
1403908494374408193,neutral,1.6855745315551758,0.37137290835380554,0.37932199239730835
1403908495167033346,neutral,1.1977556943893433,0.35699641704559326,0.4798053801059723
1403908495615868928,neutral,2.258212089538574,0.7954763174057007,0.13732372224330902
1403908496647667713,neutral,1.4305132627487183,0.14845989644527435,1.065732717514038
1403908496689532942,negative,0.8501179218292236,-0.20328909158706665,2.5452706813812256
1403908497599778816,neutral,2.625272750854492,1.9460138082504272,-0.45461955666542053
1403908497708699652,neutral,2.2616353034973145,0.14189846813678741,0.6730181574821472
1403908498119794689,negative,1.135430097579956,-1.286454200744629,3.804936647415161
1403908498426109958,neutral,1.409034252166748,-0.26521536707878113,1.2389127016067505
1403908499344531461,neutral,1.6051539182662964,-0.10807616263628006,1.1894357204437256
1403908499571085319,neutral,1.2452389001846313,0.18150943517684937,1.2187594175338745
1403908499726168067,positive,2.2432477474212646,2.263446807861328,-0.4768962264060974
1403908499864576000,neutral,1.790437936782837,-0.027164995670318604,0.8277522921562195
1403908500074336256,neutral,1.542194128036499,0.3680744171142578,0.9510282874107361
1403908500217110533,positive,1.5038655996322632,2.9030275344848633,-0.43750444054603577
1403908500535746561,negative,1.3328379392623901,-1.1997720003128052,3.0109012126922607
1403908500619673601,neutral,1.92171311378479,0.5505150556564331,0.4531581997871399
1403908501353664512,neutral,2.110198736190796,-0.1444363296031952,0.47975340485572815
1403908501487775746,positive,1.5585358142852783,1.6895849704742432,0.27024054527282715
1403908501894803456,positive,1.2797176837921143,1.8472858667373657,0.4070866107940674
1403908502137970689,neutral,1.2512550354003906,-0.3070008158683777,1.0694940090179443
1403908502817497088,positive,0.18142808973789215,2.1283559799194336,0.3688763976097107
1403908504209956864,neutral,1.71250581741333,0.36659395694732666,1.4871737957000732
1403908504717381633,neutral,1.494017481803894,-0.796445369720459,1.4307886362075806
1403908504717463555,negative,1.6757272481918335,-1.1267354488372803,2.5844032764434814
1403908504939864065,neutral,1.6425273418426514,-0.5852015614509583,1.4982162714004517
1403908504973287426,neutral,1.1477051973342896,0.4873764216899872,0.5254037976264954
1403908505682206720,positive,0.7595306634902954,1.1371136903762817,0.8782203197479248
1403908505841586184,negative,0.6913591623306274,-0.7084435224533081,3.5341222286224365
1403908506466480128,neutral,1.5445456504821777,-0.579765796661377,1.5390461683273315
1403908507469025288,neutral,1.2512550354003906,-0.3070008158683777,1.0694940090179443
1403908509658460165,negative,0.7660762667655945,-0.027373798191547394,1.649476408958435
1403908511340404737,positive,0.7600113749504089,1.9713690280914307,0.16123372316360474
1403908511524810756,neutral,1.0726039409637451,-0.11908934265375137,0.7607876062393188
1403908511537508353,negative,1.2020659446716309,-0.2843705713748932,1.5241221189498901
1403908511587880961,neutral,1.997269630432129,0.5990725159645081,0.36160528659820557
1403908511751360512,neutral,1.6579049825668335,0.25961539149284363,0.37320345640182495
1403908512057597954,positive,0.921240508556366,1.7438453435897827,0.27383506298065186
1403908512426647555,neutral,1.3409955501556396,-0.019700735807418823,1.033163070678711
1403908512774868992,negative,1.1353546380996704,-0.2905583679676056,1.2604365348815918
1403908513877868544,negative,0.4422047734260559,-0.8502339124679565,3.0142157077789307
1403908514079195136,negative,0.617324948310852,0.6630881428718567,1.1153233051300049
1403908514829922304,neutral,1.2582221031188965,1.0308544635772705,1.09219229221344
1403908514880184322,negative,0.261901319026947,0.7399338483810425,1.0736643075942993
1403908521268178947,negative,1.2160931825637817,-1.1676726341247559,3.534212350845337
1403908522107019268,negative,1.6508736610412598,-1.0771980285644531,2.178375005722046
1403908522522329088,neutral,2.4055380821228027,-0.5972002744674683,1.152747631072998
1403908523759587330,neutral,2.720021963119507,0.9680389165878296,0.06155452877283096
1403908524292276224,neutral,1.40314519405365,0.11350288987159729,0.19733795523643494
1403908526674747392,neutral,2.4749057292938232,0.615143358707428,0.08516538888216019
1403908526754336770,neutral,1.4933793544769287,0.6909602880477905,1.2541306018829346
1403908527370883074,neutral,1.8424509763717651,1.7641315460205078,-0.2773570120334625
1403908527786135553,positive,0.9657867550849915,2.0967211723327637,-0.1328733265399933
1403908529468157959,neutral,1.184403419494629,0.2525002360343933,1.1402939558029175
1403908529531015170,negative,1.676135540008545,-0.8746811747550964,1.8240599632263184
1403908529803567106,neutral,2.052741050720215,1.071890115737915,0.09067115932703018
1403908530449571840,neutral,3.5707790851593018,2.0619008541107178,-1.2606664896011353
1403908530545971204,neutral,1.71250581741333,0.36659395694732666,1.4871737957000732
1403908531338760202,negative,1.130584955215454,-0.30745068192481995,1.8855583667755127
1403908531485560835,negative,1.7924647331237793,-1.129568099975586,2.242692708969116
1403908531976392706,negative,0.8117538094520569,-0.9746071696281433,2.461383104324341
1403908532601118724,negative,1.1330897808074951,-0.44365063309669495,1.3610044717788696
1403908533049913347,neutral,1.3535808324813843,0.6702789664268494,-0.3931322395801544
1403908533196709892,positive,1.447749137878418,1.7100645303726196,0.03988577425479889
1403908533603606529,negative,0.23758400976657867,-0.3477765619754791,1.2778995037078857
1403908533830225931,negative,1.1997941732406616,-0.8993458151817322,2.8312976360321045
1403908533876256769,neutral,1.906937837600708,0.3522969186306,0.09469417482614517
1403908534903967755,neutral,0.8224827647209167,-0.040814436972141266,0.7894865870475769
1403908535675592704,negative,1.4735695123672485,-0.857398271560669,2.461533308029175
1403908535893827585,negative,1.7273417711257935,-0.7378231883049011,2.6880602836608887
1403908536476766213,neutral,1.4990296363830566,0.0698317214846611,1.1731443405151367
1403908536946593795,neutral,2.188934564590454,-0.6378848552703857,1.1270833015441895
1403908537311449089,positive,0.4843164384365082,0.5476804971694946,0.07626181840896606
1403908537818959874,negative,1.6257990598678589,-0.3216310739517212,1.9651734828948975
1403908541753085952,positive,1.326649785041809,2.0084500312805176,0.3486541509628296
1403908542344536067,neutral,1.1067709922790527,0.8066133856773376,0.4004878103733063
1403908542457782273,negative,1.129659652709961,0.11079902946949005,1.3225390911102295
1403908542763978757,neutral,1.9435076713562012,0.5877947807312012,-0.4142315983772278
1403908543351123968,positive,1.0132250785827637,1.5695600509643555,0.4793861508369446
1403908543707762690,neutral,1.6855745315551758,0.37137290835380554,0.37932199239730835
1403908543930114050,negative,0.5666109919548035,-0.8695405721664429,3.228283405303955
1403908544894668805,neutral,1.87221097946167,-0.7179366946220398,1.5442618131637573
1403908545117048834,negative,1.2766809463500977,-0.6316000819206238,1.7445170879364014
1403908546509561857,neutral,1.92171311378479,0.5505151152610779,0.4531582295894623
1403908546631065605,negative,1.3783894777297974,0.08099635690450668,1.7644765377044678
1403908547692347392,neutral,1.5894261598587036,0.9103620052337646,0.26968589425086975
1403908548220755976,neutral,1.789657473564148,0.39365801215171814,0.4187546968460083
1403908548485132288,neutral,2.4499690532684326,2.1285343170166016,-0.8822343349456787
1403908548975763462,negative,1.305885910987854,-0.21427041292190552,1.4948294162750244
1403908549143457793,negative,1.3134132623672485,-0.5762356519699097,1.6616077423095703
1403908549214752772,neutral,2.1351985931396484,-0.009213007986545563,0.7469231486320496
1403908549445656585,neutral,1.694366693496704,-0.34185370802879333,1.0983434915542603
1403908551911755776,negative,1.3328379392623901,-1.1997720003128052,3.0109012126922607
1403908551945293825,neutral,1.778055191040039,-0.32790815830230713,0.8943874835968018
1403908552217960454,negative,0.8895847797393799,0.06170179694890976,1.4556220769882202
1403908552331128834,neutral,2.5020971298217773,1.9359917640686035,-0.5959658622741699
1403908552914133003,negative,1.6290086507797241,-1.1036884784698486,2.612475872039795
1403908553975472130,neutral,1.2933963537216187,0.16177307069301605,0.722827136516571
1403908554017308672,neutral,1.8047019243240356,0.6253951191902161,0.15740005671977997
1403908554168274944,negative,1.0614433288574219,0.2788001000881195,1.5093058347702026
1403908554319437831,negative,0.3823906481266022,-0.560519814491272,3.5458407402038574
1403908554923208705,neutral,2.3341925144195557,1.2727758884429932,-0.3107021152973175
1403908555099488258,negative,1.075622797012329,-0.5833528637886047,1.5381051301956177
1403908555648995331,neutral,2.1832115650177,1.3436704874038696,-0.046759121119976044
1403908556659822593,neutral,1.4912580251693726,0.29441916942596436,0.9438562989234924
1403908556949229569,neutral,1.92171311378479,0.5505150556564331,0.4531581997871399
1403908557041549315,positive,0.9755069613456726,2.3922088146209717,0.05358436703681946
1403908558077399040,neutral,2.145738363265991,-0.556857705116272,1.3724194765090942
1403908559402799106,neutral,0.9069032669067383,0.013436324894428253,0.740725040435791
1403908559411183617,positive,1.9113420248031616,2.689143657684326,-1.1119763851165771
1403908559893577729,neutral,1.1530940532684326,0.6740224361419678,0.6153968572616577
1403908560606486530,neutral,1.9266473054885864,-0.6307058334350586,1.599908709526062
1403908561571254274,neutral,1.9181147813796997,-0.3036978840827942,0.8657619953155518
1403908562678603780,negative,1.030448317527771,-0.8581322431564331,2.982595682144165
1403908562821074945,positive,0.852933406829834,1.2892200946807861,0.08430267125368118
1403908563739635716,neutral,2.5156655311584473,1.513499140739441,-0.13164694607257843
1403908563861450752,negative,0.7226694822311401,-0.5161391496658325,2.620016574859619
1403908564238823428,neutral,2.1349422931671143,-0.019339092075824738,1.3059574365615845
1403908564410793985,neutral,1.756234049797058,-0.03827596455812454,1.7395638227462769
1403908565295788032,neutral,2.349808692932129,-0.15812894701957703,0.35043343901634216
1403908565568475139,negative,1.1823633909225464,-0.543870747089386,2.563000440597534
1403908565631336448,neutral,2.5237390995025635,0.09636663645505905,0.42260295152664185
1403908566126415873,positive,2.350541830062866,3.924009084701538,-0.6739367842674255
1403908566189101062,neutral,1.3583259582519531,0.11497953534126282,1.2725497484207153
1403908566344417285,neutral,1.3583084344863892,-0.055496491491794586,0.9452451467514038
1403908567137128454,negative,0.5908125042915344,-0.10681495815515518,1.8600006103515625
1403908567338557441,negative,1.50882887840271,-0.7337552905082703,1.8573435544967651
1403908567715880964,neutral,1.947094202041626,1.5201042890548706,-0.7020072340965271
1403908569313931266,negative,0.4605877697467804,0.6633173227310181,1.3657556772232056
1403908571226525698,neutral,3.097494602203369,2.7090024948120117,-0.968304455280304
1403908571469807617,positive,2.2271292209625244,3.158660650253296,-1.025310754776001
1403908571478343682,negative,1.6007444858551025,-1.2062618732452393,3.0223493576049805
1403908572010872837,neutral,1.7894035577774048,0.7186437845230103,0.3991738557815552
1403908572128243713,positive,2.1702287197113037,5.37762975692749,-1.0927969217300415
1403908572308639745,negative,0.55035001039505,-0.10220468789339066,2.6154398918151855
1403908572484751360,positive,0.9451023936271667,0.9997738599777222,-0.14643752574920654
1403908572656799750,positive,1.5579794645309448,5.707047462463379,-1.4254941940307617
1403908572807712772,neutral,2.736436605453491,1.4551892280578613,-1.0037434101104736
1403908572967284741,positive,0.9903230667114258,1.8525750637054443,-0.05530738830566406
1403908573172690949,neutral,2.625272750854492,1.9460138082504272,-0.45461955666542053
1403908573373997056,neutral,0.8740455508232117,0.6615381240844727,0.03329034894704819
1403908573604818946,neutral,1.1703059673309326,0.42034560441970825,0.9050790071487427
1403908573839642636,negative,1.111916422843933,-0.9607380032539368,2.2460920810699463
1403908573860614145,positive,2.2271292209625244,3.158660650253296,-1.025310754776001
1403908575911624717,positive,0.8400715589523315,1.0679956674575806,0.7670167088508606
1403908576914022405,negative,1.6508736610412598,-1.0771981477737427,2.178375005722046
1403908577081757700,negative,0.6776542663574219,-0.4992654025554657,1.266257882118225
1403908578050809860,negative,0.7838588953018188,-0.8143433928489685,2.5138864517211914
1403908578751094786,negative,1.6877869367599487,-1.3181334733963013,2.6898703575134277
1403908579812380673,neutral,3.003899574279785,1.3339736461639404,-0.7883281111717224
1403908580370231296,neutral,1.4234493970870972,-0.41194334626197815,0.9198701977729797
1403908580714041353,neutral,1.717211127281189,0.9218071103096008,0.012900296598672867
1403908581720608769,neutral,2.209263563156128,0.20784106850624084,0.3173536956310272
1403908582496636932,negative,1.653664231300354,-0.9171726703643799,1.9001154899597168
1403908582580441098,neutral,1.69757878780365,0.7103215456008911,-0.4760890603065491
1403908582588829699,negative,0.8615565896034241,-0.29808303713798523,1.360603928565979
1403908582844686340,negative,1.3134132623672485,-0.5762357115745544,1.6616077423095703
1403908583000088577,positive,0.6746310591697693,2.525104522705078,-0.10464198142290115
1403908583071404032,neutral,1.2672293186187744,0.3607272505760193,1.0294944047927856
1403908583369035779,neutral,2.217390537261963,0.30976635217666626,0.3410781919956207
1403908583507496961,negative,0.9567394852638245,-0.2868066132068634,1.8742996454238892
1403908584526786567,positive,1.1979315280914307,2.865226984024048,-0.5753434896469116
1403908584740593664,neutral,2.008504867553711,1.0409919023513794,0.06788355857133865
1403908585348747267,neutral,2.161407232284546,1.1666220426559448,0.44772154092788696
1403908587261349889,negative,1.526645302772522,-1.0129441022872925,1.8862861394882202
1403908587756437507,neutral,2.4280202388763428,0.98518306016922,-0.319511741399765
1403908588192534528,negative,1.3183025121688843,-0.1585761308670044,1.6650810241699219
1403908588255408128,negative,1.3475850820541382,-1.3728893995285034,3.1474812030792236
1403908588385357825,negative,1.4040236473083496,-0.8634890913963318,1.9171342849731445
1403908588398067712,neutral,2.3061580657958984,0.5227155089378357,0.32168158888816833
1403908589123780609,negative,0.6311083436012268,-0.34114816784858704,2.15604829788208
1403908590126178315,neutral,2.2518184185028076,2.035720109939575,-0.49704623222351074
1403908590650290178,negative,1.7142128944396973,-1.0007439851760864,2.244851589202881
1403908591250292738,negative,1.2726852893829346,-0.5730260610580444,1.993954062461853
1403908592869117954,neutral,2.23433256149292,0.5764689445495605,-0.08703839033842087
1403908594416775171,neutral,1.9259191751480103,1.166278600692749,-0.21453025937080383
1403908594521759745,negative,0.5907140374183655,-1.0170692205429077,3.743795871734619
1403908594697838599,neutral,1.743791103363037,0.4035097062587738,1.3535122871398926
1403908594827874304,neutral,1.742470622062683,-0.48000189661979675,1.2558343410491943
1403908595465420803,neutral,2.203944444656372,0.8346052765846252,0.18024282157421112
1403908596107075585,neutral,2.6163887977600098,1.7948633432388306,-0.3423824608325958
1403908596279037956,neutral,1.3693217039108276,0.19624778628349304,0.7908068299293518
1403908596463669260,neutral,1.5335012674331665,-0.2531639337539673,1.2707140445709229
1403908596786626560,neutral,2.4071006774902344,0.4901355803012848,0.3699858486652374
1403908598107942919,negative,0.9716646075248718,-0.2161518931388855,2.1437370777130127
1403908598279901187,negative,0.7994454503059387,-0.47250136733055115,2.5864920616149902
1403908600062349315,negative,1.5897327661514282,-0.9482352137565613,1.739625334739685
1403908600129597440,negative,1.2567676305770874,-0.9491603374481201,2.2530083656311035
1403908602969001991,positive,1.3425534963607788,3.0069730281829834,-0.6373293995857239
1403908603938025478,negative,0.9655436873435974,-0.4413425624370575,2.2307257652282715
1403908605703827457,neutral,2.052741050720215,1.071890115737915,0.09067115932703018
1403908605879853057,neutral,3.7035529613494873,2.1102585792541504,-0.8330147862434387
1403908606026715140,negative,1.754028081893921,-0.9544299244880676,2.053723096847534
1403908606249013250,neutral,1.6156479120254517,1.0034308433532715,0.9610841870307922
1403908606269947912,neutral,1.719666600227356,-0.3716563582420349,1.2534672021865845
1403908606689427457,negative,0.9076848030090332,0.020373858511447906,1.9326850175857544
1403908608182472704,negative,0.9517152905464172,-0.27830132842063904,1.969801902770996
1403908609294143496,negative,1.003038763999939,0.047700341790914536,1.5100226402282715
1403908609658982401,neutral,1.8849817514419556,-0.7652226686477661,1.8700543642044067
1403908610522968066,neutral,2.009143114089966,-0.5149003267288208,1.4981954097747803
1403908610996981763,neutral,1.6637779474258423,-0.37074610590934753,1.081937551498413
1403908611756208129,negative,0.5666109919548035,-0.8695406913757324,3.228283643722534
1403908612871839745,positive,0.7212859392166138,3.6728174686431885,-0.6765261888504028
1403908614214111235,negative,0.8931320905685425,-0.9838957786560059,2.4557018280029297
1403908614952263684,neutral,1.5061429738998413,0.6343737840652466,0.3191169500350952
1403908615174504451,negative,0.5049619674682617,0.9324029088020325,1.339577078819275
1403908615245729794,neutral,1.6855745315551758,0.37137290835380554,0.37932199239730835
1403908616609058816,negative,0.9490467309951782,-0.5379423499107361,1.774741530418396
1403908616801853442,negative,1.0604596138000488,-0.9797547459602356,2.726210117340088
1403908617892511745,neutral,1.2885048389434814,0.4984723627567291,0.1203310638666153
1403908619737915395,negative,1.230493426322937,-0.24076643586158752,1.883066177368164
1403908620387962884,neutral,1.6124496459960938,-0.262307733297348,1.4090851545333862
1403908621403099138,neutral,2.625272750854492,1.9460138082504272,-0.45461955666542053
1403908621470158851,negative,1.2846914529800415,-0.6788946986198425,2.1112093925476074
1403908622464212992,neutral,0.7903197407722473,0.022361747920513153,0.6108990907669067
1403908622787047428,neutral,2.0192739963531494,0.3379484713077545,0.4233989119529724
1403908623101829120,neutral,1.3693217039108276,0.19624778628349304,0.7908068299293518
1403908623395221507,positive,2.579983711242676,3.308907985687256,-0.8952670097351074
1403908623617597443,negative,0.9945360422134399,-1.1502163410186768,3.3126392364501953
1403908623655485441,negative,0.6311083436012268,-0.34114816784858704,2.15604829788208
1403908624267763713,neutral,1.6855745315551758,0.37137290835380554,0.37932199239730835
1403908624272003075,negative,0.7055714130401611,-0.6770666837692261,2.8967885971069336
1403908624385146883,neutral,1.6867611408233643,1.2937743663787842,0.01436801627278328
1403908625081372673,neutral,1.7735201120376587,0.822763204574585,0.1303054839372635
1403908625916104706,negative,1.3167442083358765,-1.090152382850647,2.579284429550171
1403908626167836676,neutral,2.1205976009368896,-0.4256844222545624,1.0269253253936768
1403908626763321345,neutral,1.3591103553771973,0.45904532074928284,0.40576377511024475
1403908628105490434,neutral,1.4787908792495728,0.0015802308917045593,1.180954933166504
1403908629032443905,neutral,1.1228433847427368,0.3682563602924347,0.637382447719574
1403908629036552196,negative,0.48695454001426697,-0.15363451838493347,1.1371815204620361
1403908629183356930,positive,2.531898260116577,3.5211477279663086,-1.0185351371765137
1403908630546690052,neutral,2.1774325370788574,1.0631910562515259,0.4587027430534363
1403908631649832960,neutral,1.9286073446273804,1.560991883277893,-0.4939146637916565
1403908636565516288,positive,0.2098277360200882,0.5336364507675171,0.261259526014328
1403908638213775361,neutral,1.4172430038452148,1.2869927883148193,0.4864291250705719
1403908638343790594,neutral,1.0847060680389404,0.051545388996601105,0.5709735155105591
1403908638704558080,negative,0.41600754857063293,-0.7075459957122803,3.1909875869750977
1403908639069401091,negative,1.3328379392623901,-1.1997720003128052,3.0109012126922607
1403908639937728521,neutral,1.8905603885650635,-0.6272006630897522,1.4046282768249512
1403908640336011264,negative,1.0614433288574219,0.2788001000881195,1.5093058347702026
1403908640554110976,positive,2.3527612686157227,5.345102310180664,-1.3400346040725708
1403908640872943617,positive,1.1288561820983887,3.298222541809082,-0.6457200646400452
1403908641368031237,neutral,3.0300402641296387,1.7495307922363281,-0.8598859906196594
1403908641560870918,neutral,1.92171311378479,0.5505151748657227,0.4531581401824951
1403908641938345984,neutral,2.1617162227630615,-1.0657998323440552,2.0157408714294434
1403908641980289031,negative,1.2121074199676514,-0.9195650219917297,2.1932826042175293
1403908642198282242,positive,1.94089937210083,3.7028725147247314,-0.9960962533950806
1403908642978504704,neutral,1.6690586805343628,1.415327787399292,-0.12432477623224258
1403908643045654529,positive,2.045238733291626,4.657914638519287,-1.4442055225372314
1403908643616133125,neutral,1.5426079034805298,0.5317460894584656,0.23070338368415833
1403908644513615875,negative,0.7669743895530701,-0.556458592414856,2.21713924407959
1403908645503475713,positive,1.7462824583053589,1.8249918222427368,-0.08776453137397766
1403908647382618115,neutral,1.749643325805664,-0.07095737010240555,1.0121351480484009
1403908649337212934,neutral,2.6875815391540527,2.32707142829895,-0.8675783276557922
1403908649379012608,negative,1.1453746557235718,0.38371577858924866,1.3632245063781738
1403908649521758213,negative,1.3355226516723633,-1.0893803834915161,2.5428237915039062
1403908649710284805,negative,1.0078928470611572,-0.3559644818305969,2.773317575454712
1403908649928429568,negative,1.3580424785614014,-1.0978435277938843,2.628619432449341
1403908650599522312,positive,0.08890794217586517,1.2096529006958008,0.14281286299228668
1403908650629017600,negative,1.6775761842727661,-0.9060367941856384,2.138840913772583
1403908650700181508,neutral,1.3658066987991333,0.5931900143623352,0.5881010293960571
1403908650712899590,neutral,1.7022045850753784,-0.013955235481262207,1.5097193717956543
1403908652579229698,neutral,1.3172792196273804,-0.20236068964004517,1.2475254535675049
1403908652709269511,neutral,2.1349422931671143,-0.019339092075824738,1.3059574365615845
1403908653120462852,negative,0.5464386343955994,0.09355605393648148,1.7139179706573486
1403908653909000192,negative,1.1624798774719238,-1.0169368982315063,3.1917917728424072
1403908654487674883,negative,1.187090516090393,0.22942215204238892,1.274616003036499
1403908654563160067,neutral,1.0343871116638184,0.9390933513641357,0.08859191834926605
1403908654928125956,neutral,2.212160348892212,-0.031338632106781006,0.8980836868286133
1403908655553024002,negative,0.9520625472068787,-0.016031824052333832,1.6862037181854248
1403908655951536133,neutral,1.7310782670974731,1.2868261337280273,0.292690247297287
1403908657968865284,negative,0.9398272037506104,-0.7641813158988953,2.397934675216675
1403908659147542534,positive,2.2432477474212646,2.263446807861328,-0.4768962264060974
1403908659873263616,neutral,1.8106341361999512,0.416299045085907,0.6457952260971069
1403908660795871232,neutral,1.3833856582641602,0.3651673495769501,0.9296813011169434
1403908661169180672,negative,1.129659652709961,0.11079902946949005,1.3225390911102295
1403908661299191812,negative,0.8947702050209045,-0.21060416102409363,1.837630033493042
1403908661852975106,neutral,1.657442569732666,0.47273629903793335,0.07813054323196411
1403908661932531712,neutral,3.640317678451538,1.5829517841339111,-0.9354137778282166
1403908662645739526,neutral,3.4595866203308105,1.9665849208831787,-1.0710574388504028
1403908663064993792,positive,3.300583600997925,4.329639434814453,-1.6607205867767334
1403908664465973250,negative,1.8061308860778809,-1.0231178998947144,1.9832404851913452
1403908664558301185,neutral,1.6337699890136719,1.0212371349334717,0.13123254477977753
1403908664600244224,neutral,1.7757548093795776,0.4147302806377411,0.7451025247573853
1403908665078386688,negative,1.4548059701919556,-0.41415920853614807,1.5197412967681885
1403908665971671042,neutral,1.6376755237579346,0.45437198877334595,0.5790776014328003
1403908667863273473,negative,1.2437446117401123,-0.9459221959114075,2.3908088207244873
1403908668626767876,negative,1.3916523456573486,0.024218961596488953,1.7649662494659424
1403908668848967682,neutral,1.9217129945755005,0.5505150556564331,0.4531581997871399
1403908669318647812,neutral,1.812407374382019,0.4567316174507141,0.5740368962287903
1403908669515907080,negative,0.4876953661441803,-0.48116424679756165,2.8797342777252197
1403908669708722178,negative,0.6440102458000183,-0.4497377574443817,2.4923319816589355
1403908669746647045,positive,0.4550545811653137,1.5406434535980225,0.7160813808441162
1403908670610546691,neutral,1.4153245687484741,-0.227166086435318,0.7482749819755554
1403908670652514305,negative,1.044884443283081,-0.867222249507904,2.1874654293060303
1403908671831089157,neutral,1.542194128036499,0.3680744171142578,0.9510282874107361
1403908672800034819,neutral,1.912771224975586,0.37595832347869873,0.6523367166519165
1403908673072553987,neutral,1.5026863813400269,-0.6649186015129089,1.3695746660232544
1403908673580146693,neutral,1.4962544441223145,0.11732083559036255,0.5050767660140991
1403908673596846088,negative,0.9531383514404297,-1.2740614414215088,3.5881776809692383
1403908673966022660,positive,0.153614804148674,1.9106032848358154,0.17870497703552246
1403908674104356865,neutral,2.3341925144195557,1.2727758884429932,-0.3107021450996399
1403908674121211908,neutral,1.7970283031463623,-0.2084779143333435,0.636867880821228
1403908674624495616,negative,0.7055714130401611,-0.6770666837692261,2.8967885971069336
1403908674754691076,neutral,1.4041392803192139,0.5502796173095703,0.4305171072483063
1403908675010502657,positive,0.9114338755607605,2.7615103721618652,-0.5069160461425781
1403908675132002307,negative,1.1928852796554565,-0.24039018154144287,1.4821233749389648
1403908675455094787,neutral,1.8643683195114136,0.22792044281959534,0.5607424378395081
1403908675933253635,neutral,2.8558413982391357,0.4395768642425537,0.03593781962990761
1403908676247769088,negative,1.1124483346939087,-0.19027531147003174,1.80474853515625
1403908676318945283,negative,0.977409839630127,-1.0322344303131104,2.658132553100586
1403908676579123203,negative,0.6344043612480164,1.1956990957260132,2.129767894744873
1403908676604284934,neutral,2.2785935401916504,1.225203275680542,-0.25014442205429077
1403908676801339394,neutral,1.4732900857925415,0.1906258761882782,1.2234245538711548
1403908676834906122,neutral,3.342149496078491,2.0959596633911133,-0.7580813765525818
1403908676855812098,neutral,2.4701709747314453,1.5373717546463013,-0.25612926483154297
1403908677120233476,neutral,2.5507001876831055,-0.4420001208782196,-0.13606201112270355
1403908677569028104,positive,2.0824856758117676,4.517526149749756,-0.8306739926338196
1403908677975765000,neutral,1.6751917600631714,0.026794493198394775,1.141197919845581
1403908678596583424,negative,0.7660762667655945,-0.02737373858690262,1.649476408958435
1403908679271735299,neutral,2.9540560245513916,0.6938609480857849,0.0878286138176918
1403908679422861314,neutral,1.7663753032684326,-0.28216564655303955,1.0152226686477661
1403908680807071744,negative,2.1112687587738037,-1.0838860273361206,2.2172744274139404
1403908681062825985,positive,2.14218807220459,2.623211145401001,-0.6349755525588989
1403908681352323072,negative,0.668192446231842,-0.20209670066833496,1.7030295133590698
1403908682052734977,positive,1.448988676071167,1.6204355955123901,0.09375888109207153
1403908682761621506,neutral,1.6105250120162964,0.4411739110946655,0.029599230736494064
1403908682782498816,neutral,1.266970157623291,0.5677378177642822,0.25780314207077026
1403908682983907328,neutral,2.5836281776428223,0.8456993103027344,-0.09516389667987823
1403908683139063811,negative,1.4286104440689087,-0.9739815592765808,2.449653148651123
1403908683210264577,neutral,1.421741247177124,-0.2778404951095581,0.9727910757064819
1403908683667546112,negative,1.1191909313201904,-0.07331239432096481,2.1751461029052734
1403908683877294080,negative,1.7142128944396973,-1.0007439851760864,2.244851589202881
1403908684229529600,neutral,0.8577969074249268,-0.37213099002838135,0.6492013931274414
1403908684309278722,neutral,1.8287264108657837,-0.5227096080780029,1.578992486000061
1403908684653203456,neutral,0.8503165245056152,0.3606830835342407,0.5460757613182068
1403908685315731459,neutral,2.071244239807129,1.4225050210952759,-0.2106265127658844
1403908685693296641,neutral,1.6110254526138306,1.462294101715088,0.32889285683631897
1403908685731188737,negative,1.3354955911636353,-0.11622796207666397,1.3928509950637817
1403908686226075650,negative,1.1140713691711426,-0.041036538779735565,1.4329824447631836
1403908686263689220,negative,1.6692533493041992,-0.7367168664932251,1.7582560777664185
1403908686368624647,neutral,2.0366618633270264,1.0196634531021118,-0.5467308759689331
1403908686544781313,neutral,1.622063398361206,0.002901017665863037,0.35678038001060486
1403908686972657664,neutral,2.2375073432922363,1.341799020767212,-0.3286650776863098
1403908687538888708,negative,1.0890995264053345,-0.28632044792175293,1.8909603357315063
1403908688406929419,neutral,2.7791478633880615,2.3035764694213867,-0.8465539813041687
1403908688440483843,negative,1.1671572923660278,-0.8930104374885559,2.0834341049194336
1403908688834830338,neutral,2.896347761154175,1.4450736045837402,-0.10236998647451401
1403908689317314563,negative,1.141398310661316,-0.45325061678886414,1.366228461265564
1403908689849982980,negative,1.2870579957962036,-1.3551914691925049,3.3298895359039307
1403908690009202692,neutral,1.92171311378479,0.5505150556564331,0.4531581997871399
1403908690139258886,negative,1.577073574066162,-0.900102436542511,2.19911789894104
1403908690860593163,negative,0.9142475724220276,0.4960201382637024,1.0229871273040771
1403908691691143175,negative,1.2488880157470703,-0.31440484523773193,1.487173080444336
1403908691837952010,neutral,1.6209299564361572,0.1698945313692093,1.050075650215149
1403908692534124544,neutral,1.2394828796386719,-0.36992138624191284,0.7589828968048096
1403908692546830336,neutral,2.0873641967773438,0.13269482553005219,-0.208229199051857
1403908692672581635,neutral,1.5149956941604614,0.32462799549102783,0.6214868426322937
1403908692735672320,neutral,1.8445196151733398,0.23661664128303528,0.8432996273040771
1403908692852973569,neutral,2.4451868534088135,-0.30171412229537964,0.8404133319854736
1403908693003964420,neutral,1.9175912141799927,1.1878373622894287,-0.8561046123504639
1403908694195179520,neutral,1.2079204320907593,0.6274724006652832,0.6209599375724792
1403908695759618051,negative,0.7405838966369629,-0.2556884288787842,1.9639948606491089
1403908696174993411,positive,1.447749137878418,1.7100645303726196,0.03988581895828247
1403908697235939328,negative,0.39972469210624695,-0.5234388113021851,3.014753818511963
1403908697911296003,negative,1.610296368598938,-1.4019149541854858,4.0590972900390625
1403908698527854596,neutral,1.3822153806686401,0.039972901344299316,1.2649226188659668
1403908698603495424,neutral,1.0389080047607422,0.8295653462409973,-0.5023755431175232
1403908699039711236,negative,1.1947506666183472,-1.4635202884674072,3.769577980041504
1403908699819626503,positive,2.2271292209625244,3.158660650253296,-1.025310754776001
1403908699903700992,neutral,2.0965380668640137,0.6666526198387146,0.6154758930206299
1403908700264271876,negative,0.9362171292304993,-0.8071492910385132,2.530602216720581
1403908700637704199,negative,1.3365710973739624,0.28866061568260193,1.5644997358322144
1403908701363208192,negative,1.575170874595642,-1.0991673469543457,2.4555470943450928
1403908702432731138,positive,2.8997342586517334,3.6275105476379395,-1.4049522876739502
1403908702520762370,neutral,2.1617162227630615,-1.0657998323440552,2.0157408714294434
1403908703393398784,neutral,3.0400309562683105,0.9650041460990906,-0.5967223644256592
1403908703800025088,neutral,1.742232322692871,-0.3365374207496643,1.505589246749878
1403908704488001542,neutral,2.6519546508789062,0.3456554710865021,-0.29263290762901306
1403908704563437571,negative,0.965817928314209,0.46650728583335876,1.1592676639556885
1403908705062584321,positive,1.251798152923584,2.372671365737915,0.23511983454227448
1403908705389850624,neutral,1.6337698698043823,1.0212371349334717,0.13123264908790588
1403908706065174528,negative,1.0400649309158325,-0.05158739537000656,1.1293405294418335
1403908706111299588,neutral,1.6337698698043823,1.0212371349334717,0.13123264908790588
1403908706232905732,negative,1.2885453701019287,-0.5570515990257263,2.118605136871338
1403908706249678849,neutral,2.1351988315582275,-0.009212993085384369,0.7469232082366943
1403908706492829698,negative,1.7540279626846313,-0.9544299244880676,2.053723096847534
1403908706618810368,neutral,1.897136926651001,-0.15716710686683655,1.0333062410354614
1403908706627059714,negative,1.7043719291687012,-0.7730907797813416,1.7347135543823242
1403908707692417027,neutral,1.6855746507644653,0.37137290835380554,0.37932199239730835
1403908707918876672,negative,1.221327781677246,-1.2218204736709595,3.12563419342041
1403908709122666500,negative,1.3308197259902954,-0.5533121824264526,1.517059087753296
1403908709915545600,neutral,1.4153245687484741,-0.22716599702835083,0.7482749819755554
1403908710364336133,negative,0.7799156308174133,-1.0646727085113525,3.222639799118042
1403908710489944068,negative,1.0976027250289917,-0.7802942395210266,1.812255859375
1403908710758371328,neutral,2.285017967224121,1.5488380193710327,-0.61509108543396
1403908711052021763,negative,1.5003094673156738,-1.08436918258667,2.319007396697998
1403908711316217858,neutral,1.6337698698043823,1.0212371349334717,0.13123264908790588
1403908711765139456,neutral,2.6875815391540527,2.3270716667175293,-0.867578387260437
1403908712226463747,neutral,1.6570427417755127,0.3271532952785492,0.4058573544025421
1403908712398344195,neutral,1.877008080482483,0.33885934948921204,0.6047605872154236
1403908712566202368,negative,0.9630367755889893,-0.49980440735816956,2.1679837703704834
1403908712792662018,neutral,2.203944444656372,0.83460533618927,0.18024279177188873
1403908713241530370,positive,0.1623237282037735,0.5094954371452332,0.5089801549911499
1403908713660960770,neutral,1.5286705493927002,1.102230429649353,0.060522302985191345
1403908714407489541,negative,0.9165423512458801,-0.7308197617530823,3.022770881652832
1403908714596241411,neutral,1.5426079034805298,0.5317460298538208,0.2307034283876419
1403908714881601536,neutral,1.970107913017273,-0.4340192973613739,0.972931444644928
1403908715154186243,neutral,1.8709139823913574,0.7854757905006409,0.30547595024108887
1403908715699343361,neutral,2.549631357192993,0.5168194770812988,0.10533689707517624
1403908716093599745,neutral,1.5019335746765137,0.5691767334938049,0.9716863036155701
1403908716995375106,neutral,1.6855746507644653,0.37137290835380554,0.37932199239730835
1403908717263917058,positive,1.3309098482131958,3.401512622833252,-0.3983752131462097
1403908717519642625,positive,1.8426861763000488,2.4240846633911133,-0.5284953117370605
1403908717867933702,neutral,1.2824968099594116,-0.04951087385416031,0.8056638836860657
1403908717981192195,neutral,1.6190894842147827,1.2507692575454712,0.56983482837677
1403908718807289862,neutral,1.6337698698043823,1.0212371349334717,0.13123264908790588
1403908719751090179,neutral,2.8217248916625977,0.025734789669513702,0.5355105996131897
1403908719860125700,negative,0.9748833775520325,-1.1192153692245483,2.882169246673584
1403908720107610118,neutral,1.8979004621505737,0.04738248139619827,0.6998265981674194
1403908720384307202,negative,1.0847643613815308,-0.4711645543575287,2.247652053833008
1403908720531173385,negative,1.0604596138000488,-0.9797547459602356,2.726209878921509
1403908720535408644,negative,1.5685374736785889,-1.029735803604126,2.1648993492126465
1403908720782888960,neutral,2.1351988315582275,-0.009212993085384369,0.7469232082366943
1403908720904507396,negative,0.886457085609436,-1.2278896570205688,3.5100157260894775
1403908722032885762,neutral,1.6855746507644653,0.37137290835380554,0.37932199239730835
1403908722389360640,neutral,2.5836281776428223,0.8456993699073792,-0.09516402333974838
1403908722661859328,neutral,2.077286720275879,2.0228757858276367,-0.5559776425361633
1403908722829762561,neutral,1.6311792135238647,0.4368790090084076,0.6944923400878906
1403908722989076490,neutral,0.8452472686767578,0.39313486218452454,0.5092648267745972
1403908723748245507,neutral,1.8543142080307007,-0.5127775073051453,1.2422879934310913
1403908723786104834,negative,1.0997153520584106,-0.7328603863716125,1.9351541996002197
1403908723979034624,negative,0.8305293917655945,0.2620532512664795,1.4625930786132812
1403908725379768324,negative,1.6536643505096436,-0.9171727895736694,1.9001153707504272
1403908725539176455,negative,1.2623622417449951,-0.3770213723182678,1.8087676763534546
1403908725648285701,positive,0.890813410282135,1.9356118440628052,0.3491717278957367
1403908725753135107,neutral,1.6855746507644653,0.37137290835380554,0.37932199239730835
1403908725790883840,neutral,2.3359556198120117,1.395432472229004,-0.31735843420028687
1403908726420119554,neutral,1.077221155166626,0.6650344133377075,0.5842389464378357
1403908726524837888,negative,1.0304484367370605,-0.8581322431564331,2.982595682144165
1403908726973636617,negative,1.4049443006515503,-0.6037217378616333,1.6299607753753662
1403908727258898432,negative,1.0171737670898438,-0.6322236061096191,2.747426748275757
1403908727430811648,neutral,1.930527687072754,-0.40080782771110535,0.9867516756057739
1403908728697458689,neutral,1.7689878940582275,0.8949559330940247,0.17192235589027405
1403908728701792257,neutral,1.9213557243347168,-0.09979455918073654,1.1171625852584839
1403908729049812992,neutral,1.6337698698043823,1.0212371349334717,0.13123264908790588
1403908729091682310,negative,0.3906540870666504,-0.7992194890975952,2.336735725402832
1403908729494507524,neutral,1.6337698698043823,1.0212371349334717,0.13123264908790588
1403908729926529027,neutral,1.6337698698043823,1.0212371349334717,0.13123264908790588
1403908730157252608,neutral,1.2824968099594116,-0.04951087385416031,0.8056638836860657
1403908731054612487,negative,1.3328378200531006,-1.1997720003128052,3.0109009742736816
1403908731360845825,neutral,1.815039038658142,1.683212161064148,-0.1722266972064972
1403908731549663237,neutral,1.6855746507644653,0.37137290835380554,0.37932199239730835
1403908731939831818,negative,1.3916523456573486,0.024219028651714325,1.764966368675232
1403908732208091138,negative,0.583730936050415,0.7171919941902161,1.5385832786560059
1403908732661141517,neutral,2.4356508255004883,-0.0768255665898323,0.6959127187728882
1403908733260894211,negative,0.9009653925895691,-0.7359654307365417,2.7964589595794678
1403908733718073347,neutral,3.530146598815918,1.6300077438354492,-1.0650410652160645
1403908733743157250,neutral,2.052741050720215,1.071890115737915,0.0906711220741272
1403908733965680643,negative,1.0599051713943481,-1.110515832901001,2.7287044525146484
1403908734506635268,neutral,1.6855746507644653,0.37137290835380554,0.37932199239730835
1403908734510788609,negative,1.3783893585205078,0.0809963122010231,1.7644765377044678
1403908734573756421,neutral,1.4592136144638062,0.5933533310890198,0.5130789875984192
1403908734703726592,negative,1.3094537258148193,-0.3152199387550354,1.3259634971618652
1403908734703767554,negative,1.1846709251403809,1.1160805225372314,1.2070990800857544
1403908735018233856,negative,1.2110494375228882,-1.1562156677246094,3.1534862518310547
1403908735785967616,neutral,1.0985476970672607,1.0661184787750244,-0.014489153400063515
1403908735844683777,negative,0.7594518661499023,0.1870020627975464,2.3413732051849365
1403908735907647488,positive,1.306185007095337,1.7341852188110352,0.4597946107387543
1403908736062738434,negative,1.600744366645813,-1.2062617540359497,3.0223493576049805
1403908736343707652,neutral,1.5155006647109985,-0.4672183692455292,1.2982209920883179
1403908736415158272,neutral,2.306674003601074,-0.3815867304801941,0.8096887469291687
1403908736859754496,neutral,1.921278953552246,0.24524927139282227,0.5271075367927551
1403908737086205954,negative,1.2987169027328491,-0.5234190821647644,1.5412321090698242
1403908737253904385,neutral,1.6337698698043823,1.0212371349334717,0.13123264908790588
1403908737329295360,neutral,1.4224352836608887,0.4647752046585083,0.6609458327293396
1403908737501368322,neutral,1.347291350364685,0.8319159746170044,0.6054571270942688
1403908737522225157,neutral,2.686922788619995,0.01273808628320694,0.6487727165222168
1403908737627131905,positive,2.2432477474212646,2.263446807861328,-0.4768962264060974
1403908737723625473,positive,1.7462824583053589,1.8249918222427368,-0.08776448667049408
1403908738025721861,negative,1.139428734779358,-1.275911569595337,3.677398681640625
1403908739028197376,negative,1.3046727180480957,-0.7574994564056396,1.7897619009017944
1403908739216801798,neutral,1.2819793224334717,-0.003551110625267029,1.242025375366211
1403908739711729670,positive,0.7279258370399475,2.3637585639953613,-0.601531982421875
1403908740894629888,neutral,1.4830927848815918,-0.6141253113746643,1.4520912170410156
1403908741355872263,neutral,2.1351988315582275,-0.009212993085384369,0.7469232082366943
1403908741766995968,neutral,1.92171311378479,0.5505151152610779,0.4531581699848175
1403908741813002240,neutral,3.530146598815918,1.6300077438354492,-1.0650410652160645
1403908742404575232,neutral,1.7651625871658325,-0.6149700880050659,1.4361016750335693
1403908742437998592,negative,1.1738076210021973,0.5183055400848389,1.2793595790863037
1403908743335583749,neutral,1.6337698698043823,1.0212371349334717,0.13123264908790588
1403908744409403393,neutral,1.515069603919983,0.39173293113708496,0.32260581851005554
1403908745336401923,neutral,1.3968737125396729,0.44247958064079285,0.9469111561775208
1403908745659392003,negative,1.3916523456573486,0.024219028651714325,1.764966368675232
1403908745889976320,neutral,1.7202879190444946,-0.07689929753541946,1.191283941268921
1403908745961381891,negative,1.3783893585205078,0.0809963122010231,1.7644765377044678
1403908746468790274,negative,1.069696068763733,-1.2851638793945312,3.0442330837249756
1403908746804273154,negative,1.910443902015686,-1.0614938735961914,2.3515706062316895
1403908747500703750,neutral,2.5457310676574707,1.3318946361541748,-0.5181329846382141
1403908747571855362,positive,0.5267468094825745,1.353050947189331,0.727145791053772
1403908747966107649,neutral,2.183211326599121,1.3436706066131592,-0.04675910621881485
1403908748184211458,positive,1.6184121370315552,1.6187851428985596,0.07509143650531769
1403908748326838274,neutral,1.8960318565368652,0.2552393674850464,0.10455924272537231
1403908748754624515,negative,0.7660763263702393,-0.027373753488063812,1.649476408958435
1403908750054891523,negative,1.2322144508361816,-1.000233769416809,2.143556833267212
1403908751044792320,negative,1.5754501819610596,-1.1782617568969727,2.9194018840789795
1403908751384481804,positive,1.1106157302856445,1.6956292390823364,0.18074476718902588
1403908751392903172,negative,1.13535475730896,-0.29055842757225037,1.2604365348815918
1403908751397163009,negative,1.1085423231124878,-0.49013349413871765,1.5121155977249146
1403908751455711234,neutral,1.8146251440048218,1.025164246559143,-0.4077033996582031
1403908751653023746,negative,0.3981676697731018,0.08803211152553558,1.7953696250915527
1403908752663789571,neutral,1.5559513568878174,0.9688065052032471,0.1871528923511505
1403908753125040129,negative,0.7727681398391724,-0.5009422898292542,2.7506496906280518
1403908753414447106,negative,0.4003674387931824,-0.7789199352264404,3.1370112895965576
1403908753875898368,neutral,1.5335369110107422,-0.7313808798789978,1.4781490564346313
1403908753984950272,negative,1.1430937051773071,-0.2120867371559143,1.259357213973999
1403908754186321922,negative,0.6439997553825378,-1.2103720903396606,3.6401171684265137
1403908754366676996,neutral,1.492582082748413,0.593436062335968,1.4622236490249634
1403908755448807433,neutral,1.839118480682373,0.15900084376335144,0.7207837104797363
1403908756354650115,neutral,1.6914397478103638,-0.3786209225654602,1.2824809551239014
1403908756484673544,neutral,1.4153245687484741,-0.22716599702835083,0.7482749819755554
1403908757441040388,negative,1.129659652709961,0.11079899966716766,1.3225393295288086
1403908757688569861,negative,1.2459187507629395,-0.5030747056007385,2.087157964706421
1403908757688619009,negative,0.08028358221054077,-0.13988929986953735,0.7585445642471313
1403908757885759491,neutral,1.5234243869781494,0.374348908662796,1.1739354133605957
1403908757990428672,neutral,1.6855746507644653,0.37137290835380554,0.37932199239730835
1403908758263173122,negative,0.5666109919548035,-0.8695406913757324,3.228283643722534
1403908758359576578,neutral,2.625272750854492,1.946014165878296,-0.4546196162700653
1403908758997061632,neutral,2.625272750854492,1.9460139274597168,-0.4546196758747101
1403908759651602436,neutral,0.9060827493667603,0.38578298687934875,0.8082424998283386
1403908760398176258,neutral,2.546823501586914,1.0344401597976685,-0.3408817648887634
1403908761966764032,neutral,3.1379382610321045,2.9261391162872314,-0.8859660029411316
1403908762931548161,neutral,1.555686593055725,0.6204630732536316,1.0658700466156006
1403908763199803396,negative,1.4040236473083496,-0.8634890913963318,1.917134165763855
1403908763816394752,negative,1.2407324314117432,-1.0188630819320679,2.726465940475464
1403908763900387329,negative,1.4056938886642456,-0.5232324600219727,1.4797109365463257
1403908764348993542,negative,0.9625135660171509,-0.5638003349304199,2.1158411502838135
1403908764843986944,neutral,3.041020154953003,0.17904426157474518,0.35888561606407166
1403908764944715776,neutral,2.6754703521728516,1.1542540788650513,-0.23154272139072418
1403908765888307201,neutral,1.92171311378479,0.5505151152610779,0.4531581699848175
1403908765896769536,negative,1.4396209716796875,-0.03735414892435074,1.5953599214553833
1403908766668447750,positive,1.2260676622390747,1.432142972946167,0.09865231812000275
1403908767033565188,negative,1.5510802268981934,-0.8862767815589905,2.0368223190307617
1403908767461216263,neutral,1.5664697885513306,0.4830480217933655,1.0013635158538818
1403908767796838400,neutral,2.2573578357696533,0.5543058514595032,0.3704254925251007
1403908767872323596,neutral,1.6337698698043823,1.0212371349334717,0.13123264908790588
1403908768878895107,negative,1.0485631227493286,0.17280158400535583,1.2467597723007202
1403908769000693762,negative,0.41111671924591064,-0.5873147249221802,2.301894426345825
1403908770397294592,neutral,0.4874303340911865,-0.1848313808441162,0.35373082756996155
1403908770422472704,neutral,1.8289709091186523,0.03088366985321045,1.0262316465377808
1403908770766462986,neutral,2.036546230316162,-0.29658570885658264,1.142601490020752
1403908771127218177,neutral,1.7310504913330078,0.547114908695221,0.4840289056301117
1403908771236040704,negative,1.600744605064392,-1.2062617540359497,3.0223488807678223
1403908771525496841,positive,1.6851983070373535,3.039599895477295,-0.5585664510726929
1403908771814854657,positive,0.5144340395927429,2.385560989379883,0.31857559084892273
1403908772796506112,neutral,2.134956121444702,0.4004603326320648,0.30781370401382446
1403908773241143302,neutral,1.797205924987793,-0.20373401045799255,1.0709984302520752
1403908774633644034,neutral,1.2824968099594116,-0.04951087385416031,0.8056638836860657
1403908775426215941,neutral,1.350512146949768,0.2928100824356079,0.8304445743560791
1403908775514279942,neutral,1.542194128036499,0.3680743873119354,0.9510282278060913
1403908775568805891,negative,1.1239782571792603,-0.45519647002220154,1.6919353008270264
1403908775971594246,negative,0.7055714726448059,-0.6770667433738708,2.8967885971069336
1403908776990740480,negative,0.8541529774665833,0.2277235984802246,1.2699494361877441
1403908777481363458,neutral,1.9239603281021118,0.8521580696105957,0.08820921182632446
1403908777917640709,neutral,1.5784739255905151,-0.6647501587867737,1.3512585163116455
1403908778156756998,positive,0.7982150316238403,1.5944637060165405,0.772821307182312
1403908778899259393,negative,1.230493426322937,-0.24076643586158752,1.8830662965774536
1403908778915897345,negative,1.420192003250122,-0.586474597454071,1.5484055280685425
1403908780081913859,negative,0.8274933695793152,-0.054062627255916595,1.5693188905715942
1403908780384034816,negative,0.5855299234390259,-0.3451228141784668,1.5466984510421753
1403908780916625412,neutral,1.2885048389434814,0.4984723627567291,0.12033110111951828
1403908780971155457,negative,1.038628101348877,-0.6145297884941101,2.2232580184936523
1403908781264670725,neutral,1.770840048789978,1.4259666204452515,-0.030430378392338753
1403908781289795584,neutral,1.2487989664077759,1.1275715827941895,0.38120022416114807
1403908781625339907,neutral,0.5870591402053833,0.46407216787338257,-0.02139280177652836
1403908781692526595,negative,0.7225283980369568,-0.549798846244812,2.2637665271759033
1403908781830926336,negative,1.1453746557235718,0.38371583819389343,1.3632245063781738
1403908781872848896,neutral,1.7945456504821777,0.17325662076473236,1.1265500783920288
1403908781961064451,neutral,2.755702495574951,1.4840688705444336,-0.9091758728027344
1403908782560841728,negative,0.9864599704742432,-0.5773411393165588,1.4517544507980347
1403908782892015625,neutral,1.7301510572433472,0.7228896617889404,0.47341662645339966
1403908783538114563,neutral,2.472212314605713,1.9077918529510498,-0.16388513147830963
1403908786385997827,negative,0.885604977607727,0.7505804300308228,1.288999319076538
1403908786981466115,positive,0.4315685033798218,0.49839332699775696,0.20519240200519562
1403908787120054272,positive,1.5850293636322021,2.153825044631958,-0.20969128608703613
1403908787170385920,neutral,1.541988730430603,-0.8002535700798035,1.2676305770874023
1403908787656806404,neutral,2.306674003601074,-0.3815867304801941,0.8096887469291687
1403908788667703301,neutral,1.897136926651001,-0.15716710686683655,1.0333062410354614
1403908788835422209,positive,2.2432477474212646,2.2634470462799072,-0.4768962264060974
1403908789401575426,negative,0.5675464272499084,-0.7213800549507141,2.1948635578155518
1403908789548556293,negative,1.249825358390808,-1.197953701019287,3.11466646194458
1403908790248894467,neutral,2.5083606243133545,1.5255366563796997,-0.7411932349205017
1403908790899068928,negative,1.3111854791641235,-0.6146934628486633,1.4559777975082397
1403908791800717316,neutral,2.5010006427764893,-0.1322842836380005,0.32777339220046997
1403908792388132870,neutral,1.7650130987167358,-0.7029991745948792,1.4997856616973877
1403908792719392771,neutral,1.7590858936309814,1.1984918117523193,0.26039955019950867
1403908793008807936,negative,1.1954737901687622,-0.814818799495697,2.3642923831939697
1403908793172467712,negative,1.5455657243728638,-0.48650410771369934,1.8362880945205688
1403908793243607047,negative,1.0483882427215576,-0.6585918664932251,1.5268058776855469
1403908793356808194,neutral,1.3295212984085083,0.5428969860076904,0.8611409068107605
1403908793428156419,negative,1.1710352897644043,-0.08368415385484695,1.8917149305343628
1403908793704992768,negative,1.116778016090393,-0.5362260341644287,2.240084171295166
1403908794606931974,negative,1.191004753112793,0.09862459450960159,1.2045561075210571
1403908794627747842,negative,0.9809659719467163,-0.3380017876625061,2.2661240100860596
1403908795756130304,neutral,1.7800590991973877,-0.0016610324382781982,1.1048334836959839
1403908796624293889,neutral,1.6583771705627441,0.9784832000732422,0.15433736145496368
1403908796871811076,positive,1.8310179710388184,1.9169293642044067,-0.11026649922132492
1403908797588926472,negative,1.2213279008865356,-1.2218204736709595,3.125633955001831
1403908797890916353,neutral,1.9298087358474731,-0.652695894241333,1.401127576828003
1403908799220441090,neutral,1.58565092086792,-0.4815351068973541,1.477246880531311
1403908799623319556,neutral,1.6855746507644653,0.37137290835380554,0.37932199239730835
1403908800080351236,positive,2.929593563079834,3.1180973052978516,-1.0954313278198242
1403908800118067203,neutral,1.6855744123458862,0.37137284874916077,0.3793220520019531
1403908800147595266,negative,1.1811085939407349,0.0727272629737854,1.6746410131454468
1403908800365707267,neutral,1.8167301416397095,-0.7457254528999329,1.4744457006454468
1403908800617144324,neutral,1.1270866394042969,0.11517322808504105,0.8691196441650391
1403908800856215552,neutral,2.3341922760009766,1.2727758884429932,-0.31070223450660706
1403908801753911311,neutral,1.4567995071411133,0.23584982752799988,0.9329859614372253
1403908802018091009,neutral,1.9403049945831299,-0.6860625743865967,0.965177595615387
1403908802399944709,positive,0.24194465577602386,0.9218271374702454,0.6420593857765198
1403908803234615296,negative,1.4650495052337646,-0.7883510589599609,1.7512253522872925
1403908803523842053,neutral,1.5981676578521729,0.5891112685203552,0.3976208567619324
1403908803658199043,neutral,1.8891879320144653,0.5245234966278076,0.560952365398407
1403908804714975233,positive,2.2432477474212646,2.2634470462799072,-0.4768962264060974
1403908805914619904,neutral,1.621487021446228,0.3073577582836151,0.3893381953239441
1403908806183170050,negative,0.7331265807151794,0.8588699698448181,0.9247764348983765
1403908806241779718,neutral,1.4732900857925415,0.1906258463859558,1.2234245538711548
1403908806552297478,neutral,2.3394579887390137,0.25685325264930725,0.3269747197628021
1403908807336423425,positive,0.9538426995277405,2.3925468921661377,0.41246384382247925
1403908807336497158,neutral,1.2549073696136475,0.0557827427983284,0.9023323059082031
1403908807458185217,neutral,1.6855746507644653,0.37137290835380554,0.37932199239730835
1403908807462461440,neutral,1.1591875553131104,0.28984224796295166,1.1180381774902344
1403908807537741825,neutral,2.1073789596557617,0.9729258418083191,0.36563029885292053
1403908808053768201,neutral,2.003999710083008,0.39730188250541687,0.7307681441307068
1403908808213028873,negative,1.5770734548568726,-0.9001023769378662,2.19911789894104
1403908808913473539,neutral,1.9965022802352905,0.6518994569778442,0.5598481297492981
1403908808930336772,positive,1.3733623027801514,2.2654623985290527,-0.24416027963161469
1403908809278595073,neutral,2.970874786376953,1.1768226623535156,-0.24033422768115997
1403908809693663232,neutral,1.605154037475586,-0.10807610303163528,1.189435601234436
1403908810104741892,neutral,1.4540462493896484,0.7837786078453064,0.394883394241333
1403908810511691776,neutral,1.8891879320144653,0.5245234966278076,0.560952365398407
1403908810708762624,neutral,1.8001999855041504,0.34350237250328064,0.5446211695671082
1403908810788454402,neutral,1.9566220045089722,1.1496864557266235,-0.10664614289999008
1403908810956173312,negative,1.6604723930358887,-1.19752836227417,2.5602734088897705
1403908811199504388,neutral,1.6477398872375488,0.47830483317375183,0.2582162022590637
1403908811514130443,negative,1.0883618593215942,-0.5602695345878601,1.9204556941986084
1403908811870683136,negative,1.2275922298431396,-0.050399698317050934,1.7423914670944214
1403908811971121153,positive,0.40848642587661743,3.096790313720703,-0.35946711897850037
1403908812117999618,negative,0.6299370527267456,-0.16963574290275574,0.8880594372749329
1403908812256522241,neutral,1.6209299564361572,0.1698945164680481,1.050075650215149
1403908812327723009,positive,1.9316705465316772,2.1811797618865967,-0.5911884903907776
1403908813133017088,negative,1.6300997734069824,-1.1651185750961304,2.5472285747528076
1403908813451894789,neutral,1.3029311895370483,0.9679043889045715,0.4096338748931885
1403908813787332609,neutral,1.3306504487991333,1.305420994758606,0.37367916107177734
1403908814047518720,neutral,1.6337698698043823,1.0212371349334717,0.13123264908790588
1403908814387257344,neutral,2.115717649459839,0.5575616955757141,0.5923183560371399
1403908814466912263,neutral,2.052741050720215,1.071890115737915,0.0906711220741272
1403908814504615937,neutral,2.212160110473633,-0.031338587403297424,0.8980836868286133
1403908815154712582,positive,0.47188800573349,1.1185317039489746,0.6847617030143738
1403908815255449601,neutral,1.070691704750061,0.61469966173172,0.49308282136917114
1403908816224198662,neutral,1.6855746507644653,0.37137290835380554,0.37932199239730835
1403908816459153408,negative,1.5908018350601196,-0.38131383061408997,1.6988087892532349
1403908816824115204,positive,1.654947280883789,2.5487146377563477,-0.2135366052389145
1403908817071583237,neutral,1.6337699890136719,1.0212370157241821,0.1312326341867447
1403908817226665985,positive,1.7465800046920776,3.7106921672821045,-1.187950611114502
1403908817247637506,negative,0.32745829224586487,-0.7385057806968689,2.915229558944702
1403908818568986624,neutral,1.3258434534072876,0.05719899386167526,0.9452695250511169
1403908818644443137,negative,0.6467463970184326,-0.4326622784137726,1.9467039108276367
1403908820548554753,neutral,2.727379560470581,0.8311108946800232,-0.4554162323474884
1403908820628344837,neutral,2.5486159324645996,0.16032427549362183,0.528879702091217
1403908821194584065,neutral,1.6156479120254517,1.0034308433532715,0.961084246635437
1403908821395730432,neutral,3.530146598815918,1.6300078630447388,-1.065040946006775
1403908821681152006,negative,1.129315972328186,-0.5308412313461304,1.2308775186538696
1403908822457110534,positive,0.7531227469444275,1.7952020168304443,-0.21534141898155212
1403908822972895236,neutral,1.3632128238677979,0.9647298455238342,0.26862043142318726
1403908823371456524,neutral,1.6855746507644653,0.37137290835380554,0.37932199239730835
1403908823392260101,neutral,1.7270636558532715,1.707088589668274,-0.12855619192123413
1403908823572692994,negative,1.3134970664978027,-1.5130428075790405,3.7607734203338623
1403908823744598017,neutral,1.6345112323760986,0.1600150763988495,0.8086649179458618
1403908823933411329,negative,1.5325814485549927,-0.33709007501602173,2.1414477825164795
1403908824415629320,neutral,1.6855746507644653,0.37137290835380554,0.37932199239730835
1403908824520527872,negative,1.1699050664901733,-0.21850275993347168,1.4616012573242188
1403908824759771143,negative,0.8617457151412964,-0.9502412676811218,3.0747931003570557
1403908824809971713,positive,0.24194465577602386,0.9218271374702454,0.6420593857765198
1403908825111990273,neutral,1.7577937841415405,-0.4450741708278656,1.3358707427978516
1403908826013876225,negative,0.7677916288375854,-0.4341758191585541,2.5621724128723145
1403908826126983172,positive,2.360013723373413,3.277137517929077,-0.9417598247528076
1403908826470883328,positive,0.7919468283653259,1.5391225814819336,0.4109804332256317
1403908827163017217,negative,1.5430357456207275,-1.1418704986572266,2.702918529510498
1403908827397849092,positive,2.2432477474212646,2.2634470462799072,-0.4768962264060974
1403908828207271944,neutral,1.272773265838623,0.06266242265701294,1.2228310108184814
1403908829234950149,neutral,2.625272750854492,1.9460139274597168,-0.4546196758747101
1403908831579545602,neutral,2.169309616088867,0.1710565686225891,1.2965402603149414
1403908832623951875,neutral,1.6072406768798828,0.5861523747444153,0.6104572415351868
1403908832963694593,negative,1.0627849102020264,-0.004294157028198242,1.7522211074829102
1403908833106305030,negative,0.11178205907344818,0.10005456209182739,1.9667904376983643
1403908833131499520,positive,0.9869833588600159,1.34595787525177,-0.04280008375644684
1403908833651658757,negative,1.3475594520568848,-0.7858157157897949,1.6864840984344482
1403908834104541186,neutral,3.2999825477600098,0.8778364062309265,-0.5024627447128296
1403908834134048768,negative,0.9409370422363281,-1.0165278911590576,2.3303446769714355
1403908834465402881,negative,1.1066510677337646,0.11575149744749069,1.7916799783706665
1403908834725224454,negative,1.3916523456573486,0.024219028651714325,1.764966368675232
1403908835228762114,negative,1.3954787254333496,-0.8631388545036316,1.8702367544174194
1403908835794853891,negative,0.6030233502388,0.7765264511108398,1.3150120973587036
1403908836214263808,negative,1.163223147392273,-0.5474451780319214,1.6423523426055908
1403908836835143681,neutral,1.6337698698043823,1.0212371349334717,0.13123264908790588
1403908836965203971,negative,1.4609531164169312,-0.693541407585144,1.9067609310150146
1403908837099278337,neutral,1.3809362649917603,-0.24313557147979736,0.8064519762992859
1403908837535485957,neutral,2.3341922760009766,1.2727758884429932,-0.31070223450660706
1403908838290563073,neutral,2.1553993225097656,-0.15212121605873108,-0.1208643838763237
1403908839028760577,neutral,1.3175653219223022,0.8562560677528381,0.5079087615013123
1403908839234326536,negative,1.9592602252960205,-1.097107172012329,2.038102865219116
1403908839393710082,negative,1.8285834789276123,-1.1471482515335083,2.4034361839294434
1403908839431294977,neutral,1.6337698698043823,1.0212371349334717,0.13123264908790588
1403908839662047233,neutral,1.4415055513381958,-0.04801105707883835,1.440612554550171
1403908839842320384,negative,0.4865367114543915,-0.5662249326705933,1.603585958480835
1403908839947210755,neutral,3.530146598815918,1.6300077438354492,-1.0650410652160645
1403908840001658884,negative,1.7615727186203003,-0.6727247834205627,2.0321764945983887
1403908840060502017,neutral,1.6337698698043823,1.0212371349334717,0.13123264908790588
1403908841201356805,negative,0.24205496907234192,-0.5139965415000916,3.204913854598999
1403908841633464322,neutral,1.8849817514419556,-0.7652226090431213,1.8700544834136963
1403908842359042051,negative,0.8105284571647644,-0.8427121639251709,2.5246052742004395
1403908843894050819,neutral,2.3341922760009766,1.2727758884429932,-0.3107021152973175
1403908843906666496,neutral,1.686294674873352,1.2765146493911743,0.6235830783843994
1403908844384755715,positive,2.457212448120117,3.330686092376709,-1.3846317529678345
1403908844602855425,negative,1.675727128982544,-1.1267354488372803,2.5844035148620605
1403908845550850049,neutral,2.128145217895508,-0.42692145705223083,0.9764083027839661
1403908845861163008,neutral,2.619434356689453,1.7658122777938843,-0.2920515537261963
1403908846234578947,neutral,0.6258347034454346,0.4326055645942688,0.23193161189556122
1403908846288916482,neutral,1.778055191040039,-0.3279081881046295,0.894387423992157
1403908846817476609,neutral,2.465897798538208,-0.682989239692688,1.114500641822815
1403908847618510850,neutral,1.92171311378479,0.5505151152610779,0.4531581699848175
1403908848021381125,neutral,1.6855745315551758,0.3713728189468384,0.37932199239730835
1403908848495337474,negative,0.6791842579841614,-1.137671709060669,3.2238850593566895
1403908849040453633,negative,1.5103563070297241,-0.9605532288551331,2.3730146884918213
1403908849979908098,neutral,3.530146598815918,1.6300077438354492,-1.0650410652160645
1403908850000928772,negative,0.9091399312019348,-0.2559569180011749,1.8337440490722656
1403908850315628547,neutral,2.212160110473633,-0.031338587403297424,0.8980836868286133
1403908851049635844,neutral,1.6337698698043823,1.0212371349334717,0.13123264908790588
1403908852421173249,negative,0.7220233678817749,-0.46793946623802185,1.9618569612503052
1403908852496621571,neutral,1.0682084560394287,0.5080237984657288,0.9252240657806396
1403908852978896897,negative,1.0992170572280884,-1.0995700359344482,3.0814459323883057
1403908854153310213,negative,1.2667558193206787,-0.2920338809490204,1.761719822883606
1403908854451167234,neutral,1.6855746507644653,0.37137290835380554,0.37932199239730835
1403908854648393728,neutral,1.6337698698043823,1.0212371349334717,0.13123264908790588
1403908855181066240,neutral,1.6855746507644653,0.37137290835380554,0.37932199239730835
1403908855365443585,neutral,1.6337698698043823,1.0212371349334717,0.13123264908790588
1403908855701164038,negative,0.7055714726448059,-0.6770667433738708,2.8967885971069336
1403908855894097925,neutral,1.3029311895370483,0.9679043889045715,0.4096338748931885
1403908856258854915,neutral,1.4922771453857422,0.05416557565331459,1.1266887187957764
1403908856367902722,neutral,2.3341922760009766,1.2727758884429932,-0.31070223450660706
1403908856535687175,neutral,1.9917658567428589,1.7054911851882935,-0.5731325149536133
1403908856686682117,neutral,1.8445197343826294,0.23661664128303528,0.8432996273040771
1403908856800059394,neutral,0.7636217474937439,0.4937756359577179,0.2429913431406021
1403908857164795906,positive,0.9506955742835999,1.0571388006210327,0.17117710411548615
1403908859018678273,neutral,1.542194128036499,0.3680743873119354,0.9510282278060913
1403908859278741506,neutral,1.6337698698043823,1.0212371349334717,0.13123264908790588
1403908860000169987,neutral,1.6855746507644653,0.37137290835380554,0.37932199239730835
1403908860104957953,negative,1.6604723930358887,-1.19752836227417,2.5602734088897705
1403908860155371523,neutral,1.1558492183685303,0.8782861828804016,0.22964516282081604
1403908860356837376,neutral,1.4441815614700317,0.8851071000099182,-0.09926522523164749
1403908860432240646,neutral,1.9749765396118164,0.27043116092681885,0.6322558522224426
1403908861304573954,neutral,2.241994619369507,1.1091986894607544,-0.1052132323384285
1403908861644341249,negative,0.9185988903045654,-1.1431735754013062,3.045060157775879
1403908861677932544,neutral,1.2824968099594116,-0.04951087385416031,0.8056638836860657
1403908861699018752,negative,1.2432639598846436,0.08795825392007828,1.3557193279266357
1403908862126673923,negative,1.2132084369659424,-0.14906653761863708,1.7787950038909912
1403908862416142337,positive,0.25553497672080994,3.649909257888794,-0.6879882216453552
1403908862680260613,negative,0.9630367755889893,-0.49980440735816956,2.1679837703704834
1403908864089759745,neutral,0.9662147164344788,0.32260632514953613,0.3904304802417755
1403908864211226625,negative,1.1570688486099243,-1.2425506114959717,3.2061092853546143
1403908864215420930,negative,1.129659652709961,0.11079899966716766,1.3225393295288086
1403908865897340939,neutral,1.9902417659759521,0.8112106323242188,0.33198389410972595
1403908866165837832,neutral,1.73008394241333,-0.5677857398986816,1.1174160242080688
1403908866207666182,neutral,2.4425058364868164,1.386592984199524,-0.41620779037475586
1403908866547531777,neutral,1.7003731727600098,-0.27664870023727417,1.057926058769226
1403908866555797508,negative,1.1116746664047241,-0.33144983649253845,2.106619119644165
1403908866811830275,neutral,1.6524919271469116,-0.17460158467292786,1.5619738101959229
1403908867029753861,positive,1.2384381294250488,2.383713722229004,0.13601168990135193
1403908867919171593,neutral,1.7033271789550781,-0.7732821702957153,1.4066325426101685
1403908868501950464,neutral,1.7866573333740234,0.14468909800052643,1.0091959238052368
1403908870586605569,negative,1.3661926984786987,-0.5962480902671814,1.8382235765457153
1403908870645465089,neutral,2.506451368331909,1.4469834566116333,-0.5270968675613403
1403908870704095235,negative,0.9753164052963257,-0.3975873291492462,2.043342113494873
1403908870787854348,negative,1.221327781677246,-1.2218204736709595,3.12563419342041
1403908872033607680,negative,0.8224421143531799,-0.7226285338401794,2.9172422885894775
1403908872507736065,neutral,1.6855746507644653,0.37137290835380554,0.37932199239730835
1403908872520142856,neutral,1.6555743217468262,-0.552975058555603,1.392159104347229
1403908872574701569,neutral,1.6751916408538818,0.02679455652832985,1.141197919845581
1403908872725745666,positive,1.439530849456787,3.3805198669433594,-0.3754175007343292
1403908872780148736,positive,1.3320722579956055,2.315903663635254,-0.07281792163848877
1403908872830558214,negative,1.1453746557235718,0.38371583819389343,1.3632245063781738
1403908872947990536,negative,1.2329200506210327,-0.7590693235397339,2.1600475311279297
1403908872985878531,neutral,2.625272750854492,1.9460139274597168,-0.4546196758747101
1403908874546130944,negative,1.1029818058013916,0.23809882998466492,1.7133474349975586
1403908874726363142,negative,0.7356281876564026,-1.0188978910446167,3.530339002609253
1403908874827014150,negative,1.2130876779556274,-0.11638269573450089,1.5395172834396362
1403908875200434176,neutral,1.3583259582519531,0.11497947573661804,1.2725496292114258
1403908875728740359,neutral,1.0185643434524536,0.1763540804386139,0.2751571238040924
1403908875774955521,neutral,1.542194128036499,0.3680743873119354,0.9510282278060913
1403908875892539398,negative,1.3788703680038452,-1.3198137283325195,3.2063424587249756
1403908876169252864,neutral,1.26454758644104,0.4544946849346161,1.090053677558899
1403908876798472194,neutral,2.4935033321380615,1.342821478843689,-0.5452402234077454
1403908877083578369,negative,1.2157981395721436,-1.1671397686004639,2.887923240661621
1403908878362841089,positive,2.536175012588501,2.898693561553955,-1.150481939315796
1403908878446870531,negative,0.8682840466499329,0.5001869201660156,1.1424832344055176
1403908878719401984,neutral,1.4530189037322998,1.2402311563491821,-0.818034827709198
1403908878849306626,negative,1.3905624151229858,-0.9074495434761047,2.384300470352173
1403908878870355978,positive,0.7134933471679688,1.5447394847869873,0.21566136181354523
1403908879042322438,positive,1.6353378295898438,2.424219846725464,-0.08679419755935669
1403908879231057923,negative,0.9930722713470459,-0.7547319531440735,1.8698623180389404
1403908879264665601,neutral,1.5065611600875854,-0.8034898042678833,1.3107563257217407
1403908879784853505,positive,0.706043004989624,3.44897723197937,-0.3792448341846466
1403908879881105415,neutral,1.6751916408538818,0.02679455652832985,1.141197919845581
1403908880028024833,negative,1.4286103248596191,-0.9739814400672913,2.449653148651123
1403908880090947589,negative,1.3423832654953003,-0.4530181586742401,1.6123487949371338
1403908880095137796,negative,1.4642612934112549,-1.0073896646499634,2.0682616233825684
1403908880216772609,negative,0.9812494516372681,0.18789151310920715,1.2789528369903564
1403908880678014981,negative,1.3916523456573486,0.024219028651714325,1.764966368675232
1403908881063964678,negative,1.3916523456573486,0.024219028651714325,1.764966368675232
1403908881131229190,negative,0.49860069155693054,-1.5318397283554077,5.502856254577637
1403908881160495106,positive,0.3966423571109772,2.7634754180908203,-0.2726064920425415
1403908881168801794,neutral,1.7466623783111572,1.1562998294830322,0.17943567037582397
1403908881567215616,positive,1.447749137878418,1.7100646495819092,0.03988577798008919
1403908881575727107,negative,0.9423025250434875,-0.9576687812805176,2.316849708557129
1403908881902878723,negative,1.3988800048828125,-0.5051447153091431,2.1107583045959473
1403908882376781826,negative,0.6921775341033936,-0.07675530761480331,1.7625643014907837
1403908882615848964,negative,0.6231331825256348,-1.1699326038360596,3.6878936290740967
1403908882628583424,negative,1.063185453414917,-0.44354286789894104,2.1981260776519775
1403908882963992585,positive,2.360013723373413,3.277137279510498,-0.9417597651481628
1403908883140136963,neutral,2.549631357192993,0.5168194770812988,0.10533689707517624
1403908883794432001,neutral,2.363513708114624,0.31487810611724854,0.3369843363761902
1403908884230639616,negative,0.9383636116981506,0.22801318764686584,1.7442495822906494
1403908884381667331,negative,1.323105812072754,-1.223022699356079,2.717540979385376
1403908884591386630,negative,1.278187870979309,-0.025743573904037476,1.8008092641830444
1403908884658626560,neutral,1.4795775413513184,-0.3686690926551819,1.1514486074447632
1403908885174444034,negative,1.3916523456573486,0.024219028651714325,1.764966368675232
1403908886151811073,neutral,3.0300400257110596,1.7495307922363281,-0.859886109828949
1403908886302806019,negative,1.192885398864746,-0.24039021134376526,1.482123613357544
1403908886642544646,negative,0.8701843619346619,0.21333494782447815,1.29073965549469
1403908886843650056,neutral,1.1814649105072021,0.42148256301879883,0.7688644528388977
1403908886935982080,negative,0.967606246471405,-0.3740921914577484,2.0356271266937256
1403908888227762180,neutral,3.530146598815918,1.6300077438354492,-1.0650410652160645
1403908888324366337,neutral,1.6855746507644653,0.37137290835380554,0.37932199239730835
1403908888345268226,positive,0.9869833588600159,1.3459579944610596,-0.04280008375644684
1403908888747905027,negative,1.5088287591934204,-0.7337552905082703,1.8573435544967651
1403908888924090378,negative,1.1431268453598022,-0.9783464074134827,2.7158050537109375
1403908890773704704,positive,0.839816153049469,1.0217041969299316,0.08550237119197845
1403908891243696132,neutral,1.816542387008667,-0.26400405168533325,1.028361439704895
1403908891767939073,negative,1.7142127752304077,-1.0007442235946655,2.244851589202881
1403908892405293057,neutral,1.5415680408477783,1.1435821056365967,-0.3937469720840454
1403908892795543553,neutral,2.306674003601074,-0.3815867304801941,0.8096887469291687
1403908893001109509,neutral,1.655745267868042,0.5212510228157043,0.6115459203720093
1403908893038694400,neutral,1.8153823614120483,0.9489378929138184,0.10809902846813202
1403908893303058432,neutral,1.6171127557754517,1.1571065187454224,0.4293997585773468
1403908893332234244,negative,1.2507965564727783,-0.6194762587547302,1.8492763042449951
1403908895270080519,negative,1.4547626972198486,-0.755649209022522,2.0554211139678955
1403908895324704777,neutral,1.5903874635696411,1.3963170051574707,0.24372856318950653
1403908895873978372,neutral,1.6651273965835571,0.8530885577201843,0.6136532425880432
1403908895899193347,negative,0.7704529762268066,-0.27240556478500366,2.560382843017578
1403908895941214208,neutral,2.6597630977630615,0.8562030792236328,-0.16318579018115997
1403908896025055234,positive,1.1962823867797852,1.9226633310317993,-0.0022208336740732193
1403908896050188290,neutral,2.052741050720215,1.071890115737915,0.09067104756832123
1403908896616419330,neutral,2.3658435344696045,0.34780797362327576,0.25016728043556213
1403908896914300935,negative,1.4040236473083496,-0.8634890913963318,1.917134165763855
1403908897132457984,neutral,2.1229045391082764,0.4905945062637329,0.0531880222260952
1403908897258106887,neutral,1.733718991279602,0.822604775428772,0.6355826258659363
1403908897551753219,negative,0.6137467622756958,0.6252136826515198,1.091133713722229
1403908897568485376,neutral,3.530146598815918,1.6300077438354492,-1.0650410652160645
1403908898021593104,neutral,1.3029311895370483,0.9679043889045715,0.4096338748931885
1403908898491453442,neutral,1.6855746507644653,0.37137290835380554,0.37932199239730835
1403908898952675332,negative,1.4040236473083496,-0.8634890913963318,1.917134165763855
1403908899829284870,positive,0.9902684688568115,1.5381983518600464,-0.31363406777381897
1403908900307484677,negative,1.1912890672683716,-0.9929558634757996,2.884690284729004
1403908900852670466,negative,0.2105066478252411,0.16855275630950928,0.32583701610565186
1403908901305729025,neutral,1.2824968099594116,-0.04951087385416031,0.8056638836860657
1403908901356158976,neutral,2.6585681438446045,1.9240154027938843,-0.6738854646682739
1403908901821636609,neutral,1.3029311895370483,0.9679043889045715,0.4096338748931885
1403908901989502977,negative,1.3169971704483032,-0.7036630511283875,1.9225704669952393
1403908902631084033,negative,0.924087643623352,-1.1747676134109497,3.3573684692382812
1403908902920474625,neutral,2.735097646713257,0.7176434993743896,-0.205752432346344
1403908903046246408,neutral,1.1587426662445068,0.7839064598083496,0.4525362551212311
1403908903193153536,neutral,1.92171311378479,0.5505151152610779,0.4531581699848175
1403908903281192962,neutral,2.1500964164733887,-0.6424751281738281,0.592836320400238
1403908903444774916,negative,1.4778536558151245,-0.8342931866645813,2.2221248149871826
1403908903503605763,neutral,2.077286720275879,2.0228757858276367,-0.5559776425361633
1403908903625125888,neutral,2.6163887977600098,1.794863224029541,-0.3423825204372406
1403908903666995202,negative,1.0997146368026733,-0.8057651519775391,2.369443655014038
1403908903713136643,positive,1.1745116710662842,1.835569143295288,-0.06520626693964005
1403908904258400257,neutral,1.652265191078186,0.25876596570014954,1.2760080099105835
1403908905197998084,neutral,1.92171311378479,0.5505151152610779,0.45315825939178467
1403908905575583744,neutral,1.7538888454437256,-0.19397351145744324,1.4160194396972656
1403908905672060929,negative,0.7434987425804138,-0.7742408514022827,2.1408743858337402
1403908906007605250,neutral,2.6769564151763916,2.3944640159606934,-0.7139617204666138
1403908906246606853,neutral,2.4094724655151367,0.10214477777481079,0.6834000945091248
1403908907001520129,neutral,2.702381134033203,1.0028897523880005,-0.5403961539268494
1403908908024926208,neutral,1.9239603281021118,0.8521580696105957,0.08820921182632446
1403908908029120513,negative,1.6558847427368164,-0.9418045878410339,2.0927317142486572
1403908908658397191,neutral,2.010223627090454,0.31005552411079407,0.8314115405082703
1403908909073641472,negative,0.5936679244041443,-1.1775894165039062,3.475044012069702
1403908909723684865,negative,1.1755958795547485,-1.0899951457977295,3.0730907917022705
1403908910231162881,neutral,1.4224984645843506,0.8081876635551453,0.23447571694850922
1403908910361157633,neutral,2.212160110473633,-0.031338587403297424,0.8980836868286133
1403908911753678851,positive,0.5492269992828369,1.1156833171844482,0.759696900844574
1403908912265535493,negative,1.3112016916275024,-0.013489648699760437,1.6172311305999756
1403908912663863296,negative,1.4600406885147095,-0.5520933866500854,1.6180102825164795
1403908912877768704,negative,1.3413748741149902,-0.5112890601158142,1.826074481010437
1403908913053900808,neutral,1.92171311378479,0.5505151152610779,0.4531581699848175
1403908914886946816,neutral,1.9608063697814941,1.5760307312011719,0.0002087727189064026
1403908915096657923,neutral,1.6992744207382202,-0.5048855543136597,1.3292328119277954
1403908915465576449,neutral,2.625272750854492,1.9460139274597168,-0.4546196758747101
1403908915960635398,neutral,2.5651707649230957,1.280921220779419,-0.18783022463321686
1403908916115767301,neutral,1.4069932699203491,0.5660444498062134,0.6276221871376038
1403908917437124608,negative,1.5897327661514282,-0.9482353329658508,1.739625334739685
1403908917537693700,neutral,1.6855746507644653,0.37137290835380554,0.37932199239730835
1403908917856542721,negative,0.9930722713470459,-0.7547319531440735,1.8698623180389404
1403908918053572608,neutral,1.3632128238677979,0.9647298455238342,0.26862043142318726
1403908918351368193,neutral,2.0864439010620117,0.5176709890365601,0.2104794681072235
1403908918565163012,neutral,1.4867478609085083,0.8491527438163757,0.699905276298523
1403908918749847555,neutral,1.7799811363220215,-0.0025041401386260986,0.3206288814544678
1403908919047622661,neutral,1.6855746507644653,0.37137290835380554,0.37932196259498596
1403908919139831811,negative,0.5754463076591492,-1.0287238359451294,3.3106844425201416
1403908919198633984,negative,1.3783893585205078,0.0809963122010231,1.7644765377044678
1403908920914038786,neutral,1.8279013633728027,-0.6523970365524292,1.4280551671981812
1403908921538998272,neutral,3.530146598815918,1.6300079822540283,-1.065041184425354
1403908921849368577,negative,1.2720117568969727,-1.3896079063415527,3.609194755554199
1403908921908203520,neutral,1.92171311378479,0.5505151152610779,0.4531581699848175
1403908922482827266,negative,0.2551058530807495,0.00325959175825119,2.1761891841888428
1403908922595897346,neutral,1.6855746507644653,0.37137290835380554,0.37932199239730835
1403908923082481666,negative,1.5897330045700073,-0.9482352137565613,1.739625334739685
1403908923766214658,negative,0.5887216925621033,-1.0273616313934326,3.4768989086151123
1403908924026195971,neutral,1.5990040302276611,0.24043169617652893,0.9560167193412781
1403908924131008515,neutral,2.1351988315582275,-0.009212993085384369,0.7469232082366943
1403908924261093376,neutral,2.3139631748199463,1.7081258296966553,-0.32221606373786926
1403908924479262722,neutral,2.1351988315582275,-0.009212993085384369,0.7469232082366943
1403908924923953160,neutral,2.859006404876709,1.7852236032485962,-0.5011008381843567
1403908925053886469,negative,0.8312847018241882,-1.1015537977218628,2.984196186065674
1403908925141946370,positive,1.3254214525222778,2.7745325565338135,-0.5040509104728699
1403908925200629762,positive,1.447749137878418,1.7100646495819092,0.039885759353637695
1403908925225947140,negative,1.644101858139038,-1.2328592538833618,2.7671523094177246
1403908926719115264,neutral,2.6450490951538086,-0.40479326248168945,1.0429224967956543
1403908926798696449,negative,1.020843744277954,-1.016390085220337,2.5795865058898926
1403908928036118529,negative,1.132470726966858,0.46963950991630554,1.322483777999878
1403908928258379776,neutral,2.4117729663848877,0.47224199771881104,0.007097415626049042
1403908928400891906,negative,1.1716623306274414,-0.6366705298423767,2.132054567337036
1403908928891547648,negative,0.9968774914741516,0.10128600895404816,1.3441969156265259
1403908929277546500,negative,1.3615854978561401,-0.7357506155967712,1.5486879348754883
1403908929566896130,positive,0.793458878993988,1.8398735523223877,0.12115246802568436
1403908929587879943,neutral,3.1394214630126953,0.8170768022537231,-0.5112133622169495
1403908929726423044,neutral,1.655745267868042,0.5212510228157043,0.6115459203720093
1403908929910763529,neutral,2.346231460571289,1.2360371351242065,-0.3875371813774109
1403908929944494080,neutral,1.4818639755249023,0.09812833368778229,1.2283918857574463
1403908930422648838,neutral,1.8888018131256104,1.5332767963409424,-0.07246799021959305
1403908930552492042,negative,1.5601916313171387,-0.9208251237869263,1.8033843040466309
1403908930699415553,neutral,1.3243263959884644,0.16143867373466492,0.05436296761035919
1403908931370508290,negative,0.7660762667655945,-0.027373753488063812,1.649476408958435
1403908932532260864,neutral,1.660383939743042,1.5907515287399292,0.11725489050149918
1403908932658249728,neutral,1.445405125617981,-0.5654825568199158,1.389447808265686
1403908934096748548,positive,2.676053762435913,2.734607696533203,-0.4787413477897644
1403908934411243520,neutral,1.7438766956329346,0.6293320059776306,0.644634485244751
1403908934453403657,negative,1.7142127752304077,-1.0007442235946655,2.244851589202881
1403908935254380550,negative,0.2997627854347229,-0.45650801062583923,2.8924062252044678
1403908935862558722,negative,1.262342095375061,-1.2370593547821045,2.973182439804077
1403908937406091264,negative,0.7434987425804138,-0.7742408514022827,2.1408743858337402
1403908937506869250,negative,0.34160593152046204,-0.8869785070419312,3.2050042152404785
1403908937527795712,neutral,1.2452389001846313,0.18150940537452698,1.218759298324585
1403908937670266884,negative,0.956450343132019,-0.3760499656200409,2.2427594661712646
1403908937699631108,negative,1.2437444925308228,-0.9459221959114075,2.3908090591430664
1403908937716420610,neutral,1.791829228401184,1.4152319431304932,-0.1760568618774414
1403908937817026560,negative,0.8720488548278809,-0.5183531045913696,1.8557190895080566
1403908937829683208,neutral,1.861072301864624,0.14112697541713715,0.11937630921602249
1403908938135867395,negative,1.0627849102020264,-0.004294157028198242,1.7522211074829102
1403908939230564356,neutral,1.8955224752426147,-0.6867144703865051,1.520538330078125
1403908939654311937,neutral,3.821777105331421,2.973984718322754,-1.5940757989883423
1403908940098801665,positive,0.8209202289581299,1.9937034845352173,-0.7435871362686157
1403908940740632576,negative,0.8153737783432007,-0.5202474594116211,2.6417603492736816
1403908940912488453,negative,1.1778578758239746,-0.24019300937652588,1.7484899759292603
1403908941109678080,neutral,1.3029311895370483,0.9679043889045715,0.4096338748931885
1403908941348630528,negative,0.611772358417511,0.07744501531124115,1.2753428220748901
1403908941487042562,negative,0.568408191204071,0.10511579364538193,1.4344494342803955
1403908941831049221,negative,1.5446008443832397,-1.275362253189087,3.017393112182617
1403908943697661956,neutral,1.3712290525436401,-0.2183239758014679,0.9037208557128906
1403908943953350657,negative,0.5210885405540466,-0.7456585168838501,2.3162286281585693
1403908944091705351,positive,1.4022855758666992,1.675779104232788,0.41966867446899414
1403908944125468676,negative,1.0975993871688843,-0.4419073760509491,1.3621622323989868
1403908944620187649,negative,0.5444265604019165,-0.2975098490715027,1.5822317600250244
1403908945916436481,negative,1.0200250148773193,-0.8834100365638733,2.8323161602020264
1403908946029543424,neutral,2.0725762844085693,0.9011543393135071,0.589404284954071
1403908946868453377,negative,1.4396209716796875,-0.03735414892435074,1.5953599214553833
1403908947233304581,negative,1.0780463218688965,-0.8308954238891602,1.8394355773925781
1403908947350745092,neutral,1.6337698698043823,1.0212371349334717,0.13123264908790588
1403908947711508483,negative,0.5049619674682617,0.9324027895927429,1.339577078819275
1403908947854073858,neutral,1.328664779663086,-0.06259641796350479,1.183359146118164
1403908948420272135,neutral,2.367236614227295,0.2784402370452881,0.13279224932193756
1403908948453990400,negative,0.512575626373291,-0.29352277517318726,2.8418171405792236
1403908948567146498,negative,1.1247947216033936,-1.5198570489883423,4.703804016113281
1403908949129056258,neutral,1.7720160484313965,1.4622347354888916,0.018230007961392403
1403908950148280323,negative,1.3204047679901123,-1.0015640258789062,2.3924386501312256
1403908950446067713,negative,1.6157962083816528,-1.009529709815979,2.166438102722168
1403908950576218117,neutral,1.7022044658660889,-0.013955265283584595,1.5097193717956543
1403908951415132161,negative,1.3916523456573486,0.024219028651714325,1.764966368675232
1403908951733854211,neutral,0.7837392091751099,0.3215515613555908,0.7076785564422607
1403908951910064133,neutral,1.644464135169983,-0.19591742753982544,0.7901114821434021
1403908952161538050,positive,0.9403693079948425,2.030346393585205,0.0075378697365522385
1403908953063497731,negative,0.8767671585083008,-0.2524632513523102,2.6577818393707275
1403908953243750400,neutral,1.4419529438018799,-0.13296478986740112,0.3638518750667572
1403908953927454723,neutral,1.7903305292129517,0.336229532957077,0.14695709943771362
1403908953986142211,negative,1.2705087661743164,-0.7618107199668884,2.0496621131896973
1403908954103554052,negative,1.005952000617981,-0.04871039837598801,2.0816402435302734
1403908954309246983,neutral,1.361903429031372,0.07836560904979706,0.8059840798377991
1403908954686586881,neutral,1.6337698698043823,1.0212371349334717,0.13123264908790588
1403908955030577156,negative,1.0436314344406128,-0.6478217244148254,2.2635602951049805
1403908955135430661,neutral,1.0747480392456055,0.576926052570343,0.8455997109413147
1403908955361873927,negative,1.2194645404815674,0.0554778054356575,1.7504923343658447
1403908955437293568,negative,0.9114477038383484,-1.1587879657745361,3.262824296951294
1403908956150394885,negative,0.712154746055603,-0.840536892414093,2.8602592945098877
1403908956754350087,neutral,2.653362274169922,1.646755576133728,-0.7241218090057373
1403908956834119680,positive,1.3086421489715576,3.015261173248291,-0.6423658728599548
1403908956896911361,negative,1.1181015968322754,-0.4550446569919586,1.6254158020019531
1403908956917878786,neutral,1.7672009468078613,0.15903115272521973,0.8441351056098938
1403908957245034502,neutral,1.2824968099594116,-0.04951087385416031,0.8056638836860657
1403908957610053634,negative,0.9774098992347717,-1.0322344303131104,2.658132553100586
1403908957630914560,neutral,2.4002327919006348,0.6556302905082703,0.13639697432518005
1403908958297935879,negative,1.0422637462615967,0.12145154178142548,1.5792133808135986
1403908958839095296,neutral,1.7251538038253784,1.1292349100112915,0.17076435685157776
1403908958918565893,neutral,2.016730546951294,1.0472244024276733,0.1522449105978012
1403908960852135937,neutral,1.2252744436264038,0.5368101596832275,0.7226259112358093
1403908961120788480,positive,0.7968066930770874,1.3134839534759521,0.7925311326980591
1403908961762308100,neutral,1.605154037475586,-0.1080760732293129,1.189435601234436
1403908962425073664,neutral,1.8891879320144653,0.5245234966278076,0.560952365398407
1403908962945228803,neutral,2.506451368331909,1.4469834566116333,-0.5270968675613403
1403908963012255746,neutral,1.2278648614883423,0.6950404047966003,0.4537578523159027
1403908963070976001,neutral,1.8415063619613647,-0.09630057960748672,1.2689646482467651
1403908963100291077,positive,1.8522300720214844,2.375714063644409,-0.47156649827957153
1403908963381530626,neutral,2.0166804790496826,0.573229193687439,0.8767765164375305
1403908964090327048,neutral,1.6337698698043823,1.0212371349334717,0.13123264908790588
1403908965746941966,neutral,2.5506999492645264,-0.44200006127357483,-0.13606198132038116
1403908966011260928,positive,0.19287121295928955,1.1842600107192993,0.8100103139877319
1403908966283808775,negative,0.998442530632019,-0.6138758063316345,2.4291834831237793
1403908966921420803,negative,1.2024636268615723,0.35284361243247986,1.2931056022644043
1403908968255160323,negative,1.3193891048431396,-0.5073941946029663,1.6869430541992188
1403908968624398340,neutral,1.6606796979904175,0.16176840662956238,0.6554743051528931
1403908969429622793,negative,1.5778166055679321,-0.869271993637085,2.266237497329712
1403908969438093318,neutral,1.3120167255401611,0.2937343716621399,0.42024943232536316
1403908970037788678,neutral,1.5404253005981445,-0.48383620381355286,1.32451593875885
1403908970041991172,neutral,1.614809274673462,0.29559868574142456,0.6025556921958923
1403908970163605505,negative,0.9521051049232483,-0.1843349039554596,1.9363800287246704
1403908970419474435,negative,1.1353546380996704,-0.2905583679676056,1.2604365348815918
1403908971178700802,neutral,2.1617162227630615,-1.0657997131347656,2.0157406330108643
1403908971753213961,neutral,1.5445456504821777,-0.579765796661377,1.539046287536621
1403908972294201344,negative,1.600744366645813,-1.2062617540359497,3.0223493576049805
1403908972541669378,neutral,2.625272750854492,1.9460139274597168,-0.4546196758747101
1403908972583612418,neutral,1.542194128036499,0.3680743873119354,0.9510282278060913
1403908973632266240,negative,1.0614432096481323,0.2788001000881195,1.509305715560913
1403908974643134464,negative,1.264915108680725,-0.37222835421562195,1.4042580127716064
1403908974798413826,negative,1.1353546380996704,-0.2905583679676056,1.2604365348815918
1403908974806585345,neutral,1.775754690170288,0.41473037004470825,0.74510258436203
1403908975079264259,neutral,1.3633779287338257,0.01795390248298645,1.187062382698059
1403908975184252931,neutral,1.54531991481781,0.9325599670410156,-0.15512415766716003
1403908975746289666,neutral,1.9996808767318726,-0.14353671669960022,0.5475192666053772
1403908975867822083,negative,0.9555243253707886,-0.6545861959457397,1.604447841644287
1403908976123682821,neutral,1.335021734237671,1.1000971794128418,-0.5544716119766235
1403908977117655043,neutral,2.4847967624664307,0.23848146200180054,0.04455602169036865
1403908977633554434,negative,0.9009653925895691,-0.7359654307365417,2.7964589595794678
1403908977889583104,negative,0.15686537325382233,-0.3074797987937927,1.4986437559127808
1403908978036330497,negative,1.3453338146209717,-0.8753129243850708,2.554608106613159
1403908978296320004,neutral,1.6855746507644653,0.37137290835380554,0.37932199239730835
1403908979659530240,negative,1.2321101427078247,0.36153683066368103,1.5656211376190186
1403908979856707584,neutral,2.502190113067627,-0.16578781604766846,0.8796850442886353
1403908980078907394,positive,1.8070918321609497,2.1613409519195557,-0.3111608028411865
1403908981874061315,neutral,2.285017967224121,1.5488380193710327,-0.61509108543396
1403908982239117324,negative,0.8947703242301941,-0.21060413122177124,1.8376301527023315
1403908982347948035,neutral,1.456624984741211,-0.3829009234905243,0.9684983491897583
1403908983249854465,neutral,1.2210935354232788,0.9020349979400635,1.1375364065170288
1403908983702708224,neutral,3.530146598815918,1.6300077438354492,-1.0650410652160645
1403908984239792129,negative,1.222800850868225,-0.8171432018280029,2.5126304626464844
1403908984403230721,neutral,2.506451368331909,1.4469834566116333,-0.5270968675613403
1403908984931819522,positive,0.7455494403839111,1.5634673833847046,0.09576550871133804
1403908985174990852,neutral,2.7606618404388428,0.99554842710495,-0.4655521810054779
1403908986001408001,positive,0.8639647364616394,1.4504575729370117,0.6799774765968323
1403908986387111936,negative,0.6735999584197998,-0.35530248284339905,2.1056652069091797
1403908986638942209,neutral,1.8445197343826294,0.23661664128303528,0.8432996273040771
1403908986974347266,neutral,1.516422986984253,1.2770764827728271,0.816811203956604
1403908987020451840,positive,1.2726043462753296,1.4194672107696533,0.27059057354927063
1403908987079200770,neutral,1.6337698698043823,1.0212371349334717,0.13123264908790588
1403908987121147905,negative,0.3134172260761261,-0.6612400412559509,2.7435309886932373
1403908987649732615,negative,1.1069564819335938,-0.48716381192207336,2.063549041748047
1403908989281243136,neutral,1.6337698698043823,1.0212371349334717,0.13123264908790588
1403908989503475712,negative,1.1453746557235718,0.38371583819389343,1.3632245063781738
1403908991118450696,negative,0.8938245177268982,-1.2056525945663452,3.2509095668792725
1403908991365926916,neutral,2.506451368331909,1.4469834566116333,-0.5270968675613403
1403908991416078338,neutral,1.9266473054885864,-0.6307058930397034,1.599908709526062
1403908992485625856,neutral,1.7285205125808716,-0.8448573350906372,1.6351991891860962
1403908992653475840,neutral,1.809446096420288,0.8066124320030212,-0.15136684477329254
1403908992695345158,neutral,1.542194128036499,0.3680743873119354,0.9510282278060913
1403908993207050242,negative,1.120032548904419,-0.5102319121360779,2.0594286918640137
1403908993420906502,negative,1.6262001991271973,-0.8582462072372437,2.0004074573516846
1403908994079641602,neutral,1.6227872371673584,0.01015232503414154,0.860753059387207
1403908994868166661,neutral,2.0398097038269043,0.6565144658088684,0.08112102001905441
1403908995065081860,positive,1.7721556425094604,1.802172303199768,0.1634548157453537
1403908995241316357,neutral,1.8735493421554565,-0.27340054512023926,1.2999008893966675
1403908996130508800,negative,1.323105812072754,-1.223022699356079,2.717540979385376
1403908996260458496,neutral,1.9701077938079834,-0.43401941657066345,0.9729313850402832
1403908996814163971,neutral,1.2885048389434814,0.4984723627567291,0.12033110111951828
1403908997342765058,negative,1.5003094673156738,-1.08436918258667,2.319007396697998
1403908997531402242,neutral,1.365983247756958,-0.02624882012605667,1.3223859071731567
1403908997749514241,neutral,1.8730239868164062,-0.6437313556671143,1.1429634094238281
1403908997875310601,positive,1.8569761514663696,2.6665713787078857,-0.49192237854003906
1403908998319968264,neutral,1.6156479120254517,1.0034308433532715,0.961084246635437
1403908998496022529,negative,1.1387332677841187,-0.36611148715019226,1.865633249282837
1403908999670505480,neutral,2.3341922760009766,1.2727758884429932,-0.31070223450660706
1403909000182206465,negative,0.9919081926345825,-1.389131784439087,3.878856658935547
1403909000400302083,neutral,2.871110200881958,1.2636860609054565,-0.35825926065444946
1403909000647823364,negative,0.6311019659042358,-0.23143965005874634,2.4125709533691406
1403909001096531973,neutral,1.5491015911102295,-0.7296223640441895,1.4869049787521362
1403909001163808770,negative,1.1733673810958862,-1.0402547121047974,2.9245102405548096
1403909001205620737,neutral,1.7310504913330078,0.547114908695221,0.4840289056301117
1403909001465708546,negative,0.9333471655845642,-0.8329777717590332,3.2455406188964844
1403909001897668610,neutral,3.530146598815918,1.6300077438354492,-1.0650410652160645
1403909002157690881,neutral,1.92171311378479,0.5505151152610779,0.4531581699848175
1403909002245853184,neutral,1.6337698698043823,1.0212371349334717,0.13123264908790588
1403909002354860038,negative,1.236430287361145,-0.4891150891780853,2.3180973529815674
1403909002698784770,neutral,3.530146598815918,1.6300077438354492,-1.0650410652160645
1403909003449565186,neutral,1.6337698698043823,1.0212371349334717,0.13123264908790588
1403909004376653825,negative,1.0653774738311768,-1.0083894729614258,2.5501933097839355
1403909004791730177,positive,0.786886990070343,2.2794930934906006,-0.09853405505418777
1403909005047746564,neutral,2.36186146736145,1.0065609216690063,0.29079535603523254
1403909006356148225,negative,0.8355963230133057,-0.9841205477714539,2.5922722816467285
1403909006981140483,negative,0.8565268516540527,-0.5727143287658691,1.6980741024017334
1403909007346003971,negative,0.5625526905059814,-0.9311899542808533,3.2532689571380615
1403909008432451584,positive,2.0824856758117676,4.517525672912598,-0.8306739330291748
1403909008453378049,negative,1.2801711559295654,-0.9132264852523804,2.1968085765838623
1403909009170522116,neutral,2.036546230316162,-0.29658570885658264,1.142601490020752
1403909009736798213,neutral,1.5645278692245483,-0.7753332257270813,1.4936480522155762
1403909009795686403,positive,1.6902226209640503,1.8002516031265259,0.04437173902988434
1403909010173091842,negative,0.9683603644371033,-0.7076945304870605,1.7518547773361206
1403909011481661440,positive,2.1112701892852783,3.3505656719207764,-1.0554659366607666
1403909011829895175,neutral,1.6720466613769531,1.0346828699111938,-0.4141305983066559
1403909012828033024,positive,1.735992193222046,3.328082799911499,-0.930597722530365
1403909013931126784,neutral,1.9425569772720337,0.2775419354438782,0.6770303845405579
1403909015986491398,positive,1.0021390914916992,1.2853631973266602,-0.63238525390625
1403909016019894272,negative,1.328482985496521,-0.17726171016693115,1.4000416994094849
1403909016074346497,neutral,1.6337698698043823,1.0212371349334717,0.1312326341867447
1403909016321880071,neutral,1.8808544874191284,0.21302947402000427,0.42920613288879395
1403909016510627843,neutral,1.6475027799606323,1.4583510160446167,0.7833104729652405
1403909016854482944,neutral,1.2484949827194214,1.036528468132019,-0.1677437126636505
1403909016938446853,negative,1.2227380275726318,-1.0401432514190674,2.3806257247924805
1403909017240436737,neutral,0.7694358229637146,0.3108459413051605,0.7596153616905212
1403909017286561792,neutral,1.8443729877471924,0.9307599663734436,0.22374844551086426
1403909017349525508,negative,0.9596291780471802,-1.000465750694275,2.706280469894409
1403909017475354628,positive,2.579983711242676,3.3089077472686768,-0.895267128944397
1403909017727123456,negative,1.2766809463500977,-0.6316000819206238,1.744517207145691
1403909017823584257,negative,0.22875413298606873,-0.449006050825119,2.571776866912842
1403909018154795009,negative,0.9388896822929382,-0.19188141822814941,1.5786610841751099
1403909018423341063,neutral,2.36186146736145,1.0065609216690063,0.29079535603523254
1403909018733658114,negative,1.2623422145843506,-1.2370593547821045,2.973182201385498
1403909018750394372,neutral,3.530146598815918,1.6300077438354492,-1.0650410652160645
1403909018775703556,negative,0.6734840273857117,-0.32712042331695557,1.9161320924758911
1403909019366948870,negative,0.9748833775520325,-1.1192153692245483,2.882169246673584
1403909019463405568,negative,1.0576354265213013,-1.1364552974700928,3.0590107440948486
1403909019777986562,neutral,1.365983247756958,-0.02624882012605667,1.3223859071731567
1403909019996082176,neutral,1.7372149229049683,1.6054713726043701,0.25742968916893005
1403909020046483462,neutral,1.3166561126708984,0.537161111831665,1.12362539768219
1403909020851736579,neutral,1.350816249847412,-0.5514671802520752,1.1398472785949707
1403909020927152129,positive,0.3244331181049347,3.4862189292907715,-0.4376399517059326
1403909021141139456,neutral,2.058189630508423,-0.8383657932281494,1.4405418634414673
1403909021627686913,negative,1.221327781677246,-1.2218204736709595,3.12563419342041
1403909022323933189,neutral,2.4153411388397217,-0.2100462019443512,0.8719251155853271
1403909022772830209,negative,1.0071430206298828,-1.2359178066253662,3.581261157989502
1403909023787884547,neutral,1.6337698698043823,1.0212371349334717,0.13123264908790588
1403909023863353344,negative,0.45649638772010803,-0.8170602917671204,3.7533462047576904
1403909025285033988,negative,1.449719786643982,-1.0192850828170776,2.0060601234436035
1403909025511653379,negative,1.2556490898132324,-0.5652708411216736,1.685795783996582
1403909025524326404,negative,0.8916568160057068,0.0685870423913002,1.9357465505599976
1403909025683496960,neutral,1.600217580795288,1.1323463916778564,0.18453185260295868
1403909025884823554,neutral,1.7251538038253784,1.1292349100112915,0.17076435685157776
1403909027034062858,neutral,1.6550211906433105,0.15934891998767853,0.9476357698440552
1403909027160023049,negative,1.3250322341918945,-0.5132936239242554,1.9598480463027954
1403909027294183425,positive,2.2432477474212646,2.2634470462799072,-0.4768962264060974
1403909027814416384,negative,1.3916523456573486,0.024219028651714325,1.764966368675232
1403909027839430663,neutral,2.874744176864624,0.7851826548576355,-0.16827869415283203
1403909028074463233,neutral,1.8891879320144653,0.5245234966278076,0.560952365398407
1403909028111998982,positive,2.359391689300537,2.3681540489196777,-0.2691775858402252
1403909028166569990,negative,1.0775513648986816,-1.276739478111267,3.6746582984924316
1403909028288286722,negative,1.1273620128631592,-0.6392751932144165,2.158535957336426
1403909029504512000,neutral,1.8365346193313599,-0.14634022116661072,0.9427270293235779
1403909029852639237,negative,1.342164397239685,0.1122530847787857,1.735803484916687
1403909029882068994,neutral,2.126412868499756,-0.8504927158355713,1.3406469821929932
1403909029932404737,neutral,1.92171311378479,0.5505151152610779,0.4531581699848175
1403909030225973258,positive,1.731558918952942,5.728997230529785,-1.9770900011062622
1403909030968442882,neutral,1.3097041845321655,-0.48835012316703796,0.8885969519615173
1403909032021168129,negative,1.311780333518982,-1.3488848209381104,3.847764015197754
1403909032167940097,neutral,1.6855746507644653,0.37137290835380554,0.37932199239730835
1403909032331681794,negative,0.8323348760604858,0.08698144555091858,1.295982837677002
1403909032453173252,negative,1.3134132623672485,-0.5762357115745544,1.6616076231002808
1403909033111789575,negative,1.5388976335525513,-1.0755035877227783,2.1846988201141357
1403909033283649538,neutral,1.7114241123199463,0.2853153347969055,1.5801481008529663
1403909033505984514,positive,0.24194465577602386,0.9218271374702454,0.6420593857765198
1403909033560625159,neutral,1.938713550567627,1.3503080606460571,-0.21548698842525482
1403909034009403393,neutral,1.6855746507644653,0.37137290835380554,0.37932199239730835
1403909034252640257,negative,0.7677916288375854,-0.43417587876319885,2.5621724128723145
1403909035057889280,negative,0.3953533172607422,-1.128891110420227,4.2860870361328125
1403909035133390848,neutral,1.5490078926086426,-0.10274767130613327,1.2081992626190186
1403909035364032515,negative,1.562292218208313,-0.8603848218917847,1.870722770690918
1403909035967934465,neutral,1.6337698698043823,1.0212371349334717,0.13123264908790588
1403909036341403659,positive,0.3031361401081085,2.168790102005005,0.3990862965583801
1403909036869705729,negative,1.0807476043701172,-0.41198673844337463,1.9939680099487305
1403909037641535491,positive,1.6851983070373535,3.039599895477295,-0.5585664510726929
1403909038157438976,positive,0.623037576675415,2.258153200149536,-0.2786310017108917
1403909038342086660,neutral,2.5836281776428223,0.8456993699073792,-0.09516402333974838
1403909038446891009,neutral,1.6337698698043823,1.0212371349334717,0.13123264908790588
1403909039009021952,negative,0.6277063488960266,-0.6347360014915466,2.037480592727661
1403909039990341633,negative,0.9437434673309326,-0.7601040005683899,2.330226421356201
1403909040267087873,negative,0.26473715901374817,0.5040177702903748,0.7195254564285278
1403909040481062916,positive,2.579983711242676,3.3089077472686768,-0.895267128944397
1403909040728686595,neutral,1.4593305587768555,-0.12495603412389755,1.035743236541748
1403909041009532934,neutral,1.344904899597168,-0.450540155172348,1.2601288557052612
1403909041047228421,positive,2.162191152572632,4.22548770904541,-1.1647188663482666
1403909042498588674,neutral,2.7845799922943115,0.5151944756507874,0.09759914129972458
1403909043018768384,positive,0.6701740622520447,1.7816274166107178,0.2491387128829956
1403909043442356231,negative,1.8190058469772339,-1.0369819402694702,2.1519250869750977
1403909043551236100,neutral,2.082171678543091,1.6513482332229614,-0.28038084506988525
1403909043744350208,negative,1.8189889192581177,-1.1053621768951416,2.267037868499756
1403909043840819200,negative,1.0917972326278687,-0.5447668433189392,1.8926752805709839
1403909044025184261,neutral,4.314119338989258,2.847012996673584,-1.4030028581619263
1403909044339757060,positive,1.9431958198547363,3.6965622901916504,-1.088581919670105
1403909044348231681,positive,0.47685331106185913,4.156634330749512,-0.07949025928974152
1403909044847452160,negative,0.9748833775520325,-1.1192153692245483,2.882169246673584
1403909045229129729,negative,0.6923050284385681,-1.0325678586959839,3.1520943641662598
1403909045455491072,neutral,1.5736502408981323,0.03372303768992424,0.9565871357917786
1403909045518442506,negative,1.2667558193206787,-0.2920338809490204,1.761719822883606
1403909046739128321,neutral,1.3029311895370483,0.9679043889045715,0.4096338748931885
1403909047514845189,neutral,1.9304256439208984,-0.7485047578811646,1.4825652837753296
1403909047640801280,neutral,2.098987579345703,1.0159220695495605,0.430733323097229
1403909047846412289,negative,0.647023618221283,-0.8552514910697937,2.461075782775879
1403909047867355137,neutral,0.8774243593215942,0.6009376645088196,0.28039735555648804
1403909048626413568,neutral,1.7072522640228271,-0.09100592881441116,0.9625937342643738
1403909048827789313,neutral,1.6768468618392944,1.6359717845916748,0.31002485752105713
1403909049121488896,neutral,3.1859679222106934,2.2283754348754883,-0.755751371383667
1403909049339420675,neutral,2.052741050720215,1.071890115737915,0.0906711220741272
1403909049662377987,neutral,2.071244239807129,1.4225049018859863,-0.2106265425682068
1403909050413162498,negative,1.2187800407409668,-0.8417084217071533,1.8741123676300049
1403909050606125056,neutral,2.3180763721466064,0.7701128721237183,-0.15322786569595337
1403909050782261249,neutral,1.7849788665771484,-0.0908447876572609,1.5015944242477417
1403909051004510210,negative,1.0360783338546753,-1.0250738859176636,2.9189677238464355
1403909051700989961,neutral,1.3997008800506592,-0.024873383343219757,0.9895095825195312
1403909052334104583,negative,1.8840206861495972,-1.2418537139892578,2.5955393314361572
1403909052455870469,neutral,1.6337698698043823,1.0212371349334717,0.13123264908790588
1403909052846022659,neutral,1.8445197343826294,0.23661664128303528,0.8432996273040771
1403909053047132162,positive,0.7853057980537415,1.7276592254638672,-0.0028902050107717514
1403909053282066433,positive,1.092167854309082,3.477602005004883,-0.5833597183227539
1403909053386919938,negative,0.6766080260276794,-0.6996615529060364,1.7398393154144287
1403909053454065664,negative,0.496780663728714,-0.2285400927066803,2.5989389419555664
1403909053621829636,negative,1.336991548538208,-1.2126840353012085,3.0240161418914795
1403909053688938496,negative,0.8338199853897095,-0.3927745819091797,1.6318645477294922
1403909054116864000,neutral,2.1145403385162354,-0.19679531455039978,0.7077427506446838
1403909054217392133,negative,0.8070930242538452,-0.8165995478630066,1.9268850088119507
1403909054553022464,negative,0.7012518048286438,-0.519833505153656,1.3789759874343872
1403909054611738631,negative,1.4040236473083496,-0.8634890913963318,1.917134165763855
1403909055534358531,neutral,1.6120457649230957,-0.45506343245506287,1.1856780052185059
1403909055534440450,neutral,1.6751916408538818,0.02679455652832985,1.141197919845581
1403909055643414528,neutral,1.9403049945831299,-0.6860625743865967,0.965177595615387
1403909055878512645,neutral,1.5194334983825684,0.14153119921684265,0.7069699764251709
1403909056234889221,neutral,2.584657907485962,1.58462393283844,-0.3419935405254364
1403909056562040835,positive,1.197290301322937,1.6978049278259277,0.2726314961910248
1403909056817864704,neutral,2.8227548599243164,0.9587828516960144,-0.07102638483047485
1403909057451233281,neutral,1.5396384000778198,-0.41316208243370056,1.1705900430679321
1403909059137478656,neutral,1.6855746507644653,0.37137290835380554,0.37932199239730835
1403909060374712321,negative,0.7100692391395569,-0.17391431331634521,1.828624963760376
1403909062325116928,negative,1.579307198524475,-0.566777765750885,1.6645269393920898
1403909062748635136,positive,2.2432477474212646,2.2634470462799072,-0.47689634561538696
1403909063159816199,neutral,2.000227928161621,0.20976580679416656,0.3564481735229492
1403909063587471361,negative,1.323105812072754,-1.223022699356079,2.717540979385376
1403909064548028420,negative,0.7084498405456543,-0.3005380630493164,2.268648147583008
1403909064850087937,neutral,1.7610249519348145,-0.26658740639686584,0.9526150226593018
1403909065043030019,neutral,2.182150363922119,0.5214250087738037,0.028941746801137924
1403909065193910272,positive,1.2863761186599731,2.9259612560272217,-0.2504628002643585
1403909065269383172,neutral,1.6337698698043823,1.0212371349334717,0.13123264908790588
1403909065403555841,negative,1.6525671482086182,-0.9873659610748291,1.7653307914733887
1403909065525272579,positive,0.852933406829834,1.2892200946807861,0.08430266380310059
1403909065978171392,negative,0.5564210414886475,-0.10929397493600845,2.472651243209839
1403909067337314305,neutral,2.1617162227630615,-1.0657998323440552,2.0157408714294434
1403909067853213697,negative,0.9201062321662903,-0.29299217462539673,1.6678199768066406
1403909068570439684,negative,0.8947703242301941,-0.21060413122177124,1.8376301527023315
1403909068792664068,neutral,1.7799811363220215,-0.0025041401386260986,0.3206288814544678
1403909069304258560,negative,0.2551058530807495,0.00325959175825119,2.1761891841888428
1403909071778897922,negative,1.2692902088165283,-1.1186057329177856,2.8008267879486084
1403909071846068224,negative,1.381537914276123,-1.1605868339538574,2.6029374599456787
1403909071955189765,negative,1.3916523456573486,0.024219028651714325,1.764966368675232
1403909072089456644,neutral,1.8353439569473267,1.7649073600769043,0.07012560963630676
1403909072529805313,neutral,1.233528733253479,0.25209182500839233,0.6580500602722168
1403909073054011397,neutral,2.275040864944458,1.1064386367797852,-0.07769889384508133
1403909073280540675,neutral,1.6390691995620728,1.4816782474517822,-0.2569466233253479
1403909074538795011,neutral,1.8644907474517822,-0.8260395526885986,1.6501020193099976
1403909074568183808,negative,1.0683985948562622,-1.3418596982955933,3.8198654651641846
1403909075184803840,negative,0.6296342611312866,-0.29560530185699463,1.5171197652816772
1403909075319074818,neutral,1.6855746507644653,0.37137290835380554,0.37932199239730835
1403909076002566155,positive,1.685198426246643,3.039599895477295,-0.5585663914680481
1403909076329799683,neutral,1.2698253393173218,0.34966304898262024,0.5562232136726379
1403909076384247817,negative,1.336681604385376,-0.15887650847434998,1.4055930376052856
1403909076409409536,neutral,1.542194128036499,0.3680743873119354,0.9510282278060913
1403909078045233153,negative,1.1277310848236084,-0.5629509687423706,1.9987353086471558
1403909078045233158,neutral,2.0885376930236816,-0.7674837112426758,1.5821341276168823
1403909078460645377,negative,1.0911024808883667,0.08815696835517883,1.5311378240585327
1403909078477279236,neutral,2.222855806350708,0.2497064471244812,0.2266465723514557
1403909079282733061,negative,1.6788687705993652,-0.9971428513526917,2.359419345855713
1403909079488102402,positive,2.2432477474212646,2.2634470462799072,-0.4768962264060974
1403909079521763331,negative,1.249825358390808,-1.197953701019287,3.11466646194458
1403909079580413953,neutral,1.642813801765442,0.14459910988807678,0.3841787874698639
1403909080180133892,neutral,1.365983247756958,-0.02624882012605667,1.3223859071731567
1403909081224531969,neutral,1.6855746507644653,0.37137290835380554,0.37932199239730835
1403909081744789512,neutral,3.789377212524414,2.094186305999756,-1.0501655340194702
1403909082000494594,neutral,0.9983193278312683,0.15290766954421997,0.7570891380310059
1403909082465988609,neutral,1.6337698698043823,1.0212371349334717,0.13123264908790588
1403909083141267457,positive,1.9390071630477905,5.046139717102051,-1.3238824605941772
1403909083816726536,neutral,1.6855746507644653,0.37137290835380554,0.37932199239730835
1403909083871207428,negative,1.033968448638916,-1.11342191696167,2.8889622688293457
1403909084236050433,neutral,1.4661436080932617,-0.0842217281460762,0.3779129981994629
1403909084399742980,neutral,1.6855746507644653,0.37137290835380554,0.37932199239730835
1403909084492013569,negative,1.7142128944396973,-1.0007442235946655,2.244851589202881
1403909084709941252,neutral,2.5309994220733643,0.7896188497543335,0.13629963994026184
1403909085561462784,neutral,2.362802505493164,2.2072722911834717,-0.31614306569099426
1403909085766950921,negative,1.1099015474319458,-0.4175792634487152,1.7571136951446533
1403909086270349315,neutral,1.8957023620605469,0.49880149960517883,0.2651660442352295
1403909086631038980,negative,1.3250322341918945,-0.5132935643196106,1.9598480463027954
1403909086706507780,neutral,2.6378746032714844,0.4495972692966461,-0.6975198984146118
1403909086719012864,neutral,1.5421940088272095,0.3680744767189026,0.9510281682014465
1403909086987526146,neutral,2.5147688388824463,1.1724121570587158,-0.19821257889270782
1403909087750807556,neutral,2.1029915809631348,-0.054893024265766144,0.5225298404693604
1403909088178810887,neutral,2.1582841873168945,-0.6146460175514221,1.3114492893218994
1403909088652644352,negative,1.8976163864135742,-1.1161139011383057,2.365905284881592
1403909089063628802,neutral,1.5676321983337402,-0.5248143076896667,1.3224167823791504
1403909089374081027,neutral,1.257407307624817,-0.17803853750228882,1.0625874996185303
1403909089634172929,negative,0.6052076816558838,-1.0649755001068115,3.1627025604248047
1403909090120589316,negative,1.597740650177002,-1.166651964187622,2.6009035110473633
1403909090229690368,neutral,2.042203187942505,1.2409859895706177,-0.23731039464473724
1403909090321960961,neutral,1.1384737491607666,1.0213327407836914,0.14664576947689056
1403909090531741697,neutral,1.6337698698043823,1.0212371349334717,0.13123264908790588
1403909091169296386,negative,0.9596291780471802,-1.000465750694275,2.706280469894409
1403909092188381185,neutral,2.070046901702881,-0.11925230175256729,0.7959886789321899
1403909092565950473,neutral,1.8709139823913574,0.7854757905006409,0.30547595024108887
1403909092603699206,positive,1.1858657598495483,8.069690704345703,-2.0176854133605957
1403909093174046720,neutral,2.5309994220733643,0.7896189093589783,0.13629961013793945
1403909093199392773,neutral,2.157207489013672,1.27113676071167,-0.10720071941614151
1403909093866328071,neutral,1.3029311895370483,0.9679043889045715,0.4096338748931885
1403909095057412097,neutral,1.3693218231201172,0.19624780118465424,0.7908068299293518
1403909095434776584,negative,1.0287816524505615,-0.44691893458366394,2.304591417312622
1403909095556632576,neutral,2.5309994220733643,0.7896189093589783,0.13629961013793945
1403909095581757441,positive,1.4930603504180908,2.3893027305603027,0.2745272219181061
1403909096068288514,neutral,0.971838116645813,0.8353162407875061,0.3049832880496979
1403909096089165828,neutral,1.279323935508728,0.767085075378418,0.5565981864929199
1403909096298860544,neutral,0.9365939497947693,-0.022817060351371765,0.6682690978050232
1403909096449925123,neutral,1.5271286964416504,-0.2726016938686371,1.4231963157653809
1403909096542179329,negative,1.0347819328308105,0.06798438727855682,1.494631052017212
1403909097385234435,neutral,1.92171311378479,0.5505151152610779,0.4531581699848175
1403909098287112193,negative,1.42825186252594,-1.163898229598999,2.5680623054504395
1403909099675283456,negative,1.4243721961975098,-1.072072148323059,2.6105105876922607
1403909100036055041,neutral,1.6900967359542847,-0.43494245409965515,1.3842436075210571
1403909100178710530,negative,1.347328543663025,-0.5183541178703308,1.6617491245269775
1403909101415911424,neutral,3.1135733127593994,0.4731001555919647,0.1315065622329712
1403909102086938625,negative,0.6562144756317139,-0.07526708394289017,1.5576775074005127
1403909102791655424,neutral,2.411365270614624,1.4005961418151855,-0.7999140024185181
1403909102862954497,neutral,1.6337698698043823,1.0212372541427612,0.1312325894832611
1403909103043350528,negative,0.7057432532310486,-0.6400308012962341,1.9297186136245728
1403909103756398594,negative,1.4409528970718384,-0.6827242970466614,1.6209076642990112
1403909103932436482,neutral,1.281808853149414,0.7018119692802429,0.9306322336196899
1403909104091938820,negative,0.6952797770500183,-0.49756649136543274,2.540416955947876
1403909104217706497,negative,0.7856362462043762,-0.5044617652893066,2.5302727222442627
1403909104284831745,neutral,1.542194128036499,0.3680743873119354,0.9510282278060913
1403909104880394241,neutral,2.549631357192993,0.516819417476654,0.10533688962459564
1403909105232670722,negative,0.9824184775352478,-1.2457181215286255,2.969836711883545
1403909105870270465,positive,1.2137781381607056,1.5583857297897339,-0.11843547970056534
1403909106428268550,neutral,1.6337698698043823,1.0212371349334717,0.13123264908790588
1403909106742829060,neutral,0.919457197189331,0.8418499827384949,0.44628483057022095
1403909106860052483,neutral,2.359607458114624,0.1755291223526001,0.4626956582069397
1403909107145379840,neutral,1.6855746507644653,0.37137290835380554,0.37932199239730835
1403909107208232961,negative,0.503578782081604,-0.6288318634033203,1.9565786123275757
1403909107229224961,positive,0.7435639500617981,1.1076292991638184,0.8542265892028809
1403909107665539072,negative,1.3916523456573486,0.024219028651714325,1.764966368675232
1403909107879448582,negative,1.3094537258148193,-0.3152199387550354,1.3259634971618652
1403909107925540866,neutral,1.7117418050765991,-0.7719660401344299,1.2950795888900757
1403909108282105861,neutral,1.6337699890136719,1.0212370157241821,0.1312326043844223
1403909108592353281,negative,0.8544279336929321,-0.9853518605232239,2.8730735778808594
1403909109225713666,negative,1.0627849102020264,-0.004294157028198242,1.7522211074829102
1403909110316347393,neutral,1.6855746507644653,0.37137290835380554,0.37932199239730835
1403909110676869122,neutral,1.480391263961792,0.21101868152618408,1.4194203615188599
1403909110765002754,negative,1.7459686994552612,-0.89121013879776,1.9298268556594849
1403909110907691008,positive,0.9330686330795288,3.337489366531372,-0.07980223000049591
1403909111276785665,neutral,1.5378717184066772,-0.29996633529663086,0.757017970085144
1403909111721336843,neutral,1.5784739255905151,-0.6647501587867737,1.3512585163116455
1403909112157687821,neutral,1.7424707412719727,-0.48000189661979675,1.2558343410491943
1403909112300294144,positive,2.327493190765381,2.6731505393981934,-0.7213386297225952
1403909113164099587,neutral,1.7446410655975342,1.3647582530975342,-0.03944527357816696
1403909113373814785,negative,0.940280556678772,-0.8649872541427612,2.397444009780884
1403909113441095685,negative,0.8029403686523438,0.5577982068061829,1.3918286561965942
1403909113889755141,neutral,2.3341922760009766,1.2727758884429932,-0.31070223450660706
1403909114422456321,negative,1.315528392791748,-0.5786701440811157,1.6914660930633545
1403909114942541825,positive,0.10254143178462982,2.2891430854797363,-0.21546466648578644
1403909115559124992,positive,1.360477089881897,3.9242031574249268,-0.5158249735832214
1403909115651428353,neutral,2.6754703521728516,1.1542540788650513,-0.23154272139072418
1403909115902971904,positive,0.5975794792175293,1.2213683128356934,-0.0663156658411026
1403909116221874178,negative,1.336681604385376,-0.15887650847434998,1.4055930376052856
1403909116490182656,negative,0.643596887588501,-0.15396592020988464,1.6267387866973877
1403909117371105282,neutral,1.5879145860671997,0.4648594260215759,0.5530456304550171
1403909118205698051,positive,2.2271292209625244,3.158660650253296,-1.0253106355667114
1403909118570663937,neutral,1.9024425745010376,0.6413191556930542,0.38722071051597595
1403909118616903684,neutral,1.7068358659744263,-0.23529762029647827,1.4355791807174683
1403909119703019527,positive,1.9390071630477905,5.046139717102051,-1.3238824605941772
1403909120357330944,positive,0.9669724106788635,1.8632382154464722,0.09174229204654694
1403909120701321221,negative,0.6459351778030396,0.6800405383110046,1.0436161756515503
1403909120923557889,neutral,1.886662483215332,0.797883152961731,0.7123442888259888
1403909121955401736,negative,0.7434987425804138,-0.7742408514022827,2.1408743858337402
1403909122001539075,negative,1.675727128982544,-1.1267354488372803,2.5844035148620605
1403909122123309057,neutral,1.378527283668518,0.36686044931411743,0.5407604575157166
1403909122446094338,neutral,2.359607458114624,0.1755291223526001,0.4626956582069397
1403909122995539968,negative,0.7588079571723938,-0.41834691166877747,1.7100552320480347
1403909123155038208,neutral,2.4399192333221436,1.273341178894043,-0.7929637432098389
1403909123306049539,negative,1.5857183933258057,-0.7531977891921997,2.4630842208862305
1403909123477950464,neutral,1.0828195810317993,0.6129902601242065,0.7105563879013062
1403909123788345346,neutral,1.6641743183135986,0.34831345081329346,0.9573284387588501
1403909124065312774,neutral,1.2047779560089111,-0.018208876252174377,0.45029202103614807
1403909124333658114,negative,0.9535733461380005,0.23837721347808838,1.2115278244018555
1403909126862823427,positive,1.4041296243667603,2.843104839324951,0.014423180371522903
1403909127122919424,negative,1.1160212755203247,-1.1558821201324463,3.168332815170288
1403909128926502917,negative,0.4628353416919708,0.5796915292739868,1.3035061359405518
1403909129136009219,negative,0.9437703490257263,-0.1422407627105713,1.5127640962600708
1403909129165492231,negative,1.2130876779556274,-0.11638269573450089,1.5395172834396362
1403909129496797184,negative,1.382017731666565,0.218473881483078,1.640113115310669
1403909130465783810,neutral,2.140292167663574,0.663606584072113,0.5811270475387573
1403909130532757508,negative,1.485780119895935,-0.6793071031570435,1.7890324592590332
1403909131703095298,positive,0.30255332589149475,2.146998167037964,0.5645859837532043
1403909132172681216,neutral,3.640317678451538,1.5829519033432007,-0.9354137778282166
1403909132235821067,negative,1.2882956266403198,-0.9073135256767273,2.353072166442871
1403909133821120514,negative,1.080554723739624,-1.316227912902832,3.4595117568969727
1403909134223699968,negative,1.4955750703811646,-1.1361963748931885,2.47269606590271
1403909134659903489,neutral,1.673836350440979,0.6171082258224487,0.388193815946579
1403909135079518210,negative,1.7222133874893188,-0.7446316480636597,1.829910159111023
1403909135180128256,positive,0.7387883067131042,1.4973191022872925,-0.04229459911584854
1403909135364657153,neutral,1.6337698698043823,1.0212371349334717,0.13123264908790588
1403909135486357504,neutral,1.6855746507644653,0.37137290835380554,0.37932199239730835
1403909136086179846,negative,1.23536217212677,-1.3724855184555054,3.5822677612304688
1403909136551583749,negative,0.388399213552475,-0.7677100896835327,3.4768362045288086
1403909137688186880,neutral,1.8663445711135864,0.9667382836341858,-0.20627063512802124
1403909138158166017,negative,0.6265775561332703,0.34463590383529663,1.8797860145568848
1403909138187436033,neutral,1.6914397478103638,-0.3786209225654602,1.2824809551239014
1403909138724315140,negative,0.7871195077896118,-0.8180252909660339,2.8499369621276855
1403909138892177408,negative,0.1305602490901947,-0.45428797602653503,2.1081736087799072
1403909139235885061,negative,0.713636040687561,-0.2628137767314911,1.797856092453003
1403909139252711427,neutral,1.7348114252090454,-0.7774690985679626,1.294988751411438
1403909140272058369,positive,1.9604443311691284,2.0513787269592285,-0.0952724739909172
1403909140557221889,negative,0.43301278352737427,0.17972984910011292,2.057943820953369
1403909140569804806,neutral,2.1351988315582275,-0.009212993085384369,0.7469232082366943
1403909140976570369,neutral,2.0855274200439453,-0.5366591215133667,1.4746263027191162
1403909141928636417,positive,0.707991898059845,0.7638930678367615,0.1458878070116043
1403909142063034368,neutral,1.6337698698043823,1.0212371349334717,0.13123264908790588
1403909142553583625,neutral,1.5426079034805298,0.5317460298538208,0.2307034283876419
1403909142826426373,negative,0.8791772127151489,-1.577837347984314,4.703251838684082
1403909143270879239,negative,1.3197472095489502,-0.3169707953929901,1.4355576038360596
1403909143375745027,negative,0.8947703242301941,-0.21060413122177124,1.8376301527023315
1403909143673462786,negative,0.9673445820808411,0.40908390283584595,1.2516263723373413
1403909144503934978,neutral,1.3822152614593506,0.03997292369604111,1.2649227380752563
1403909144822763525,neutral,2.433835029602051,0.9397533535957336,0.04393668472766876
1403909144873213953,neutral,1.6337698698043823,1.0212371349334717,0.13123255968093872
1403909144999084040,negative,1.0545748472213745,-0.5156394839286804,1.2932757139205933
1403909145200234496,negative,1.1245906352996826,-0.8722620606422424,2.0463290214538574
1403909145347063810,neutral,0.7398390173912048,0.08590191602706909,0.1499430537223816
1403909145842094081,neutral,1.6209299564361572,0.1698944866657257,1.050075650215149
1403909146622062597,neutral,1.4281138181686401,1.0489678382873535,0.21575433015823364
1403909146781564931,negative,1.4679350852966309,-0.22308707237243652,1.5242927074432373
1403909146911547395,neutral,1.3959311246871948,1.0429706573486328,0.7488157153129578
1403909147058446337,neutral,1.6337698698043823,1.0212371349334717,0.13123264908790588
1403909147121262592,neutral,1.7767918109893799,1.1001660823822021,0.780417799949646
1403909147251204096,neutral,1.6855746507644653,0.37137290835380554,0.37932199239730835
1403909147624497158,neutral,2.0531721115112305,0.8444896340370178,-0.1407889872789383
1403909149046497280,negative,1.4215880632400513,-0.8424323797225952,1.9562416076660156
1403909150296268803,negative,1.648987889289856,-0.5806724429130554,1.7509957551956177
1403909150384476163,positive,1.260471224784851,2.360372543334961,0.3238205015659332
1403909150585802753,negative,1.670521855354309,-0.30803534388542175,1.7488199472427368
1403909152003473409,negative,1.3039451837539673,-0.30354735255241394,1.6012390851974487
1403909152674521093,neutral,1.4843101501464844,0.021681204438209534,0.4725773334503174
1403909153240674305,negative,1.3041589260101318,-0.41329172253608704,1.889932632446289
1403909154129911809,neutral,2.1351988315582275,-0.009212993085384369,0.7469232082366943
1403909154192998400,negative,0.9396520256996155,0.7380067110061646,1.9244630336761475
1403909154364821511,negative,0.8155719637870789,-0.7958122491836548,2.322150707244873
1403909154482257923,neutral,1.6324712038040161,-0.3047652840614319,1.5853686332702637
1403909154541084675,neutral,1.7441837787628174,-0.22088471055030823,1.0206793546676636
1403909156126535689,neutral,1.8445197343826294,0.23661664128303528,0.8432996273040771
1403909156650721280,negative,1.3263542652130127,-0.7532218098640442,2.127875566482544
1403909156965208070,negative,1.5770734548568726,-0.9001023769378662,2.19911789894104
1403909157124718599,positive,2.1751694679260254,2.9844114780426025,-0.5797015428543091
1403909157506338817,positive,1.7465800046920776,3.7106921672821045,-1.187950611114502
1403909157833515011,negative,1.0122958421707153,-0.5480023622512817,2.337810516357422
1403909157971972096,negative,0.09050896763801575,0.2375054955482483,1.643541932106018
1403909158185803776,positive,1.347836971282959,1.8178294897079468,-0.03009636141359806
1403909158567505923,neutral,1.6262166500091553,-0.0584791824221611,0.746174693107605
1403909158693478400,neutral,2.1617162227630615,-1.0657998323440552,2.0157408714294434
1403909158915784718,neutral,1.2379165887832642,-0.0013265907764434814,1.1420385837554932
1403909159024664577,neutral,2.5785725116729736,1.2151747941970825,-0.23429106175899506
1403909159125454848,neutral,1.3758671283721924,-0.08384623378515244,0.9370508193969727
1403909159855083529,neutral,1.6156479120254517,1.0034308433532715,0.961084246635437
1403909160115314690,negative,2.1112687587738037,-1.0838860273361206,2.2172744274139404
1403909160622718982,negative,1.38149094581604,-0.5632445216178894,1.8813903331756592
1403909160937439232,neutral,1.8460872173309326,1.3059550523757935,-0.2798444330692291
1403909160962564097,neutral,2.570169687271118,-0.2895157039165497,0.5004926323890686
1403909161079885825,neutral,2.625272750854492,1.9460139274597168,-0.4546196758747101
1403909162426257412,negative,1.0009247064590454,-1.2796121835708618,3.2575957775115967
1403909162652758018,neutral,2.052741050720215,1.071890115737915,0.0906711220741272
1403909162665340930,neutral,1.7298424243927002,-0.27053606510162354,1.3322217464447021
1403909162677936128,neutral,0.9798969626426697,-0.029913343489170074,0.6106086373329163
1403909163080617987,neutral,2.3732268810272217,-0.6708644032478333,0.910287082195282
1403909164129079299,neutral,2.283942937850952,1.2168606519699097,0.05442164093255997
1403909164418535426,neutral,1.738279938697815,0.13138969242572784,0.9637599587440491
1403909164619878404,negative,1.3783893585205078,0.0809963122010231,1.7644765377044678
1403909164695384064,negative,0.7838588356971741,-0.8143433928489685,2.5138864517211914
1403909164984848387,neutral,1.3949205875396729,0.1577349156141281,1.0980699062347412
1403909165379067906,negative,1.2145129442214966,-0.8037516474723816,2.3396356105804443
1403909166041812996,neutral,2.106497049331665,-0.04805498570203781,0.8740871548652649
1403909166222217218,negative,0.7855029106140137,0.6216433644294739,1.29590904712677
1403909166654185475,positive,1.4818940162658691,1.6510014533996582,0.09006316214799881
1403909167174217731,neutral,3.321773052215576,0.7042719125747681,-0.2737632095813751
1403909167195332614,neutral,2.0549795627593994,0.5399298071861267,0.40546441078186035
1403909167799275521,negative,0.6439996361732483,-1.2103722095489502,3.6401171684265137
1403909168076099587,neutral,1.2679693698883057,0.2787446975708008,0.8708978891372681
1403909168231243776,neutral,1.6682674884796143,0.5788005590438843,0.515306830406189
1403909169829187587,neutral,3.530146598815918,1.6300077438354492,-1.0650410652160645
1403909170902880259,neutral,2.296816349029541,1.8653303384780884,-0.5213879346847534
1403909171137826816,positive,1.1391907930374146,5.501010894775391,-1.5495271682739258
1403909171276308483,negative,1.0545748472213745,-0.5156394839286804,1.2932757139205933
1403909172152860673,neutral,2.3613908290863037,0.6992692351341248,-0.06678133457899094
1403909172467535874,negative,1.0421034097671509,-0.48706361651420593,1.6270827054977417
1403909172673056770,neutral,2.4799609184265137,0.5016931295394897,0.1392359733581543
1403909173503565829,neutral,1.7421026229858398,0.743078351020813,0.44837307929992676
1403909173696512000,neutral,1.3530967235565186,0.3218703269958496,1.2125402688980103
1403909175659274242,neutral,1.542194128036499,0.3680743873119354,0.9510282278060913
1403909175760072710,neutral,1.8392173051834106,1.5056415796279907,0.02169235609471798
1403909176032731136,negative,1.4179737567901611,-1.286329746246338,3.0442352294921875
1403909176464711686,negative,0.8373382687568665,-0.3464459180831909,2.0317959785461426
1403909176691027969,negative,1.167336106300354,-1.3021761178970337,3.806314468383789
1403909176850477056,positive,1.707147240638733,3.256120204925537,-0.39853185415267944
1403909177471291393,neutral,2.381479263305664,1.4522202014923096,-0.1533622145652771
1403909177639010304,positive,1.0813546180725098,3.832458972930908,-0.8479766845703125
1403909178025025539,negative,0.7055714726448059,-0.6770667433738708,2.8967885971069336
1403909178284855300,negative,1.4566569328308105,-0.4007537364959717,1.5970877408981323
1403909178540838916,positive,1.0322802066802979,1.3157156705856323,0.06368088722229004
1403909178721292291,negative,1.1106882095336914,-0.42370888590812683,2.773282289505005
1403909178792374275,neutral,1.397328495979309,0.2548093795776367,0.5383394360542297
1403909178868047874,neutral,1.6337698698043823,1.0212371349334717,0.13123264908790588
1403909179702607872,positive,1.7747061252593994,3.4235785007476807,-0.5406715869903564
1403909180562370561,positive,2.2747080326080322,2.9996590614318848,-0.4287458062171936
1403909181069922309,neutral,1.6718285083770752,0.22951379418373108,0.654477059841156
1403909181464141824,neutral,2.0003373622894287,0.2790563702583313,0.5795575976371765
1403909182387101700,neutral,2.1351988315582275,-0.009212993085384369,0.7469232082366943
1403909182462607370,neutral,3.0498945713043213,1.0320205688476562,-0.6442586183547974
1403909182844112901,negative,1.6219624280929565,-0.988157331943512,2.530184745788574
1403909183016157186,neutral,2.1351988315582275,-0.009212993085384369,0.7469232082366943
1403909184698175488,positive,0.7582216858863831,4.120945930480957,-0.8764628171920776
1403909185176150016,neutral,1.542194128036499,0.3680743873119354,0.9510282278060913
1403909185276874757,neutral,1.361903429031372,0.07836560904979706,0.8059840798377991
1403909185444581379,negative,0.5571722984313965,-1.314295768737793,4.171745300292969
1403909185448730634,negative,1.2776106595993042,-0.4807950556278229,1.457932472229004
1403909187323662336,negative,1.661790370941162,-0.7435062527656555,2.347090482711792
1403909187399151619,neutral,2.052741050720215,1.071890115737915,0.0906710997223854
1403909188250636298,negative,1.3916523456573486,0.024219028651714325,1.764966368675232
1403909188275818497,positive,1.0659171342849731,1.7168433666229248,-0.2542877197265625
1403909189533982722,positive,2.2271292209625244,3.158660650253296,-1.0253106355667114
1403909189643218945,neutral,2.44105863571167,0.2933643162250519,0.11673848330974579
1403909190272184323,negative,1.3916523456573486,0.024219028651714325,1.764966368675232
1403909190293229569,neutral,3.321773052215576,0.7042719125747681,-0.2737632095813751
1403909190624546822,negative,1.0815027952194214,-0.6206400990486145,2.2039802074432373
1403909190746247169,negative,0.4941074550151825,-0.4895629584789276,3.5901987552642822
1403909191681544192,positive,0.8444153666496277,2.105463981628418,0.5003904700279236
1403909191706701825,positive,2.0281214714050293,5.509067535400391,-1.7443856000900269
1403909192138821636,positive,2.581029176712036,3.208632469177246,-1.1228941679000854
1403909192449097729,negative,1.0883618593215942,-0.5602695345878601,1.9204556941986084
1403909192784568320,negative,1.2681885957717896,-0.7317551970481873,1.4539705514907837
1403909192919011331,neutral,1.5067166090011597,-0.3054160475730896,1.257262110710144
1403909193946394627,neutral,1.8709139823913574,0.7854757905006409,0.30547595024108887
1403909194206621698,negative,1.3954788446426392,-0.8631388545036316,1.8702367544174194
1403909194781126657,neutral,1.6855746507644653,0.37137290835380554,0.37932199239730835
1403909194906931200,negative,1.2071043252944946,-0.5148178935050964,1.7887457609176636
1403909195171250177,neutral,1.6855746507644653,0.37137290835380554,0.37932199239730835
1403909195318104072,negative,1.8836536407470703,-1.0071756839752197,2.134551763534546
1403909195381022730,neutral,1.8858528137207031,0.9675829410552979,0.1696065068244934
1403909196525932545,negative,1.20176362991333,-1.4251656532287598,3.9486348628997803
1403909196853268480,negative,0.8318789005279541,-0.15216833353042603,1.5882794857025146
1403909197197099009,negative,1.0967680215835571,-0.6682913899421692,2.5344104766845703
1403909197352161281,neutral,2.285017967224121,1.5488380193710327,-0.61509108543396
1403909197952000001,negative,0.8622962832450867,-0.8615884780883789,2.680063486099243
1403909198434291720,neutral,1.6337698698043823,1.0212371349334717,0.13123264908790588
1403909198824411147,neutral,3.530146598815918,1.6300077438354492,-1.0650410652160645
1403909199688396801,negative,1.129659652709961,0.11079899966716766,1.3225393295288086
1403909200753868800,neutral,1.6156479120254517,1.0034308433532715,0.961084246635437
1403909200942702596,neutral,1.2824968099594116,-0.04951087385416031,0.8056638836860657
1403909200972075008,neutral,2.1828596591949463,1.1914875507354736,0.1697770655155182
1403909201173176321,negative,0.7323040962219238,-1.3676930665969849,4.239696025848389
1403909201299136515,neutral,1.2400773763656616,0.8503364324569702,0.11373039335012436
1403909201555038210,negative,1.286249041557312,-0.6364785432815552,1.9506030082702637
1403909201861169152,neutral,2.1012613773345947,0.504370927810669,-0.08364961296319962
1403909201915629568,neutral,3.530146598815918,1.6300077438354492,-1.0650410652160645
1403909202247143430,negative,1.1940563917160034,-0.8505180478096008,2.169525384902954
1403909203220078595,negative,1.083919882774353,-0.41959771513938904,2.3069188594818115
1403909203610189824,neutral,1.8730239868164062,-0.6437313556671143,1.1429634094238281
1403909203647819776,neutral,1.6215565204620361,-0.4064156115055084,1.297465205192566
1403909203723386885,neutral,1.5896447896957397,0.10252302885055542,1.0658764839172363
1403909203878547458,neutral,1.375839352607727,0.4054037034511566,0.5321947336196899
1403909203933024258,neutral,1.1923866271972656,0.604720413684845,1.119978666305542
1403909204386074629,neutral,1.0902972221374512,0.97513347864151,0.43135184049606323
1403909204579164163,neutral,1.4718960523605347,1.0573010444641113,0.11838405579328537
1403909204646121475,neutral,1.6905310153961182,0.1891617476940155,0.9307655096054077
1403909204897894402,negative,1.1634880304336548,-0.35156193375587463,1.4311468601226807
1403909205644431361,negative,1.0203948020935059,-1.1886342763900757,3.4513254165649414
1403909206055342086,neutral,1.7475051879882812,-0.11128319054841995,1.2893798351287842
1403909206290288644,neutral,1.92171311378479,0.5505151152610779,0.4531581699848175
1403909206705647619,neutral,2.1617162227630615,-1.0657998323440552,2.0157408714294434
1403909207246602242,neutral,1.5988335609436035,1.3031604290008545,0.6673144698143005
1403909207347302400,positive,1.580560564994812,4.76475715637207,-1.3378649950027466
1403909207548731392,negative,1.256211757659912,-1.071364402770996,2.7160210609436035
1403909208827908097,negative,1.0383363962173462,-0.8350130915641785,1.9974998235702515
1403909209717055491,neutral,1.3362877368927002,0.7021507024765015,-0.04967831075191498
1403909209926864896,negative,1.2575147151947021,-0.1852298378944397,1.4884446859359741
1403909209943543813,negative,0.8079409599304199,-0.39823198318481445,2.1764438152313232
1403909210363109380,negative,0.7177521586418152,-1.1496570110321045,3.363737106323242
1403909210384093184,negative,0.5049619674682617,0.9324027895927429,1.339577078819275
1403909210958700549,neutral,1.3029311895370483,0.9679043889045715,0.4096338748931885
1403909211130580992,positive,2.0351433753967285,2.5164709091186523,-0.2996882200241089
1403909211260477445,neutral,1.6570427417755127,0.3271532952785492,0.4058573544025421
1403909211818381316,negative,1.675727128982544,-1.1267354488372803,2.5844035148620605
1403909212263129093,positive,0.2435358166694641,0.9720507264137268,0.6964874863624573
1403909212615307268,neutral,2.5291740894317627,-0.6669768691062927,1.169751524925232
1403909212636393476,negative,1.5284148454666138,-0.319979190826416,1.5971524715423584
1403909214427361281,negative,1.043338418006897,-0.06747639924287796,1.999406099319458
1403909214485901315,negative,1.2053771018981934,-1.3412055969238281,3.5607686042785645
1403909215190601728,neutral,3.530146598815918,1.6300077438354492,-1.065041184425354
1403909216650227715,neutral,1.7650130987167358,-0.7029991745948792,1.4997856616973877
1403909217002692610,negative,1.6416527032852173,-1.1474107503890991,2.45647931098938
1403909217103147009,negative,1.116778016090393,-0.5362260341644287,2.240084171295166
1403909217204019205,neutral,1.828550934791565,0.425702303647995,0.6387444734573364
1403909217430519812,neutral,1.7565841674804688,-0.3971780240535736,1.0782076120376587
1403909217455575040,neutral,1.5404253005981445,-0.48383620381355286,1.32451593875885
1403909218596388864,negative,1.2437444925308228,-0.9459221959114075,2.3908090591430664
1403909218701221888,positive,2.360013723373413,3.2771377563476562,-0.9417600631713867
1403909220882255873,neutral,1.7937653064727783,0.08345108479261398,0.7816449999809265
1403909221494702080,positive,1.0659171342849731,1.7168433666229248,-0.2542877197265625
1403909221700104195,negative,0.7085779309272766,-1.331874132156372,3.848480463027954
1403909222312599552,negative,0.8947703838348389,-0.21060413122177124,1.8376301527023315
1403909222434164740,negative,1.033812403678894,-1.6100316047668457,5.375349521636963
1403909222656524290,neutral,2.003999710083008,0.39730188250541687,0.7307681441307068
1403909222962667521,neutral,2.176283121109009,-0.7185872793197632,1.526731252670288
1403909224179056642,negative,1.4711662530899048,-1.140346646308899,2.6529510021209717
1403909224267227138,neutral,2.1351988315582275,-0.009212993085384369,0.7469232082366943
1403909224288055298,negative,0.5936678647994995,-1.1775894165039062,3.475044012069702
1403909225198194691,negative,1.0780225992202759,0.5955767035484314,1.1375082731246948
1403909225361850368,negative,1.006479024887085,-0.6693668961524963,2.1613616943359375
1403909225743454210,negative,1.3524067401885986,-1.168020486831665,2.493743896484375
1403909226406330368,neutral,1.3029311895370483,0.9679043889045715,0.4096338748931885
1403909226527739907,negative,1.1314921379089355,-0.3195600211620331,1.6813679933547974
1403909227891118087,neutral,1.2627731561660767,0.651983916759491,1.011775016784668
1403909228029526017,negative,0.8864935636520386,-1.5141655206680298,4.39313268661499
1403909228578807810,neutral,1.541127324104309,0.19630590081214905,0.9973029494285583
1403909228939591681,negative,1.0658330917358398,0.010416917502880096,1.2171978950500488
1403909229094842374,negative,0.6154739856719971,0.5813928246498108,1.4845869541168213
1403909229476560903,negative,1.0278527736663818,-0.24977543950080872,2.450056552886963
1403909230269190145,positive,1.6953847408294678,2.036961555480957,-0.048118121922016144
1403909230881554438,negative,0.8102670311927795,0.5706869959831238,0.8437110781669617
1403909231582003201,neutral,1.7095973491668701,0.8819745779037476,0.27550026774406433
1403909232416768002,negative,1.0969367027282715,-1.1334089040756226,3.6692733764648438
1403909232425119749,negative,0.9651408791542053,-0.696235179901123,3.10545015335083
1403909232576061440,negative,1.7469842433929443,-0.11153342574834824,2.213594913482666
1403909233398198276,negative,1.1012624502182007,-1.2144962549209595,3.4744269847869873
1403909233733742592,neutral,1.6337698698043823,1.0212371349334717,0.13123264908790588
1403909234228555780,neutral,1.6529767513275146,0.5516080856323242,1.4125934839248657
1403909234639753218,positive,1.9112396240234375,4.620989799499512,-1.379463791847229
1403909234899570690,neutral,1.5878199338912964,1.242358684539795,-0.868015706539154
1403909235193245697,neutral,2.3341922760009766,1.2727758884429932,-0.31070223450660706
1403909235780448256,negative,1.1681187152862549,-0.4592128098011017,2.2390027046203613
1403909236669620231,negative,0.7121323943138123,-0.7636768221855164,2.025475263595581
1403909237152129030,neutral,1.8730239868164062,-0.6437313556671143,1.1429634094238281
1403909237403623432,neutral,2.1134824752807617,0.6359241604804993,-0.04332137107849121
1403909238536114180,neutral,2.050234079360962,0.7174921631813049,0.4113534092903137
1403909238716567557,negative,0.7838588356971741,-0.8143433928489685,2.5138864517211914
1403909238779482114,neutral,1.409034252166748,-0.26521536707878113,1.2389127016067505
1403909238934495237,neutral,1.6337698698043823,1.0212371349334717,0.13123264908790588
1403909239085559813,neutral,2.2544021606445312,0.5734708309173584,0.012787705287337303
1403909239173644290,neutral,2.2544021606445312,0.5734708309173584,0.012787705287337303
1403909240276676608,neutral,2.2544021606445312,0.5734708309173584,0.012787705287337303
1403909240289300483,neutral,2.2544021606445312,0.5734708309173584,0.012787705287337303
1403909241065246721,neutral,0.8641753196716309,-0.015491940081119537,0.7895584106445312
1403909241895673858,neutral,0.23260748386383057,0.1763904094696045,0.14018523693084717
1403909242134929411,negative,1.0403066873550415,-0.8482552170753479,2.6726341247558594
1403909242176913412,neutral,1.3460657596588135,-0.13432437181472778,1.3449150323867798
1403909243317673985,neutral,1.0477687120437622,0.8882583379745483,0.3314273953437805
1403909243720265732,neutral,1.9093927145004272,0.7040456533432007,-0.32418617606163025
1403909243875463171,negative,1.6257991790771484,-0.32163098454475403,1.9651734828948975
1403909244534018054,neutral,1.3460657596588135,-0.13432437181472778,1.3449150323867798
1403909244932460547,neutral,1.8289709091186523,0.03088366985321045,1.0262316465377808
1403909245242949647,neutral,1.2598445415496826,0.12868976593017578,0.7734048366546631
1403909245301571584,neutral,1.7166565656661987,0.06169313192367554,0.9762995839118958
1403909245960130562,negative,1.2221051454544067,-0.6352683901786804,1.815516710281372
1403909245985198080,negative,0.6135839819908142,-0.7562092542648315,3.2430801391601562
1403909245997752321,negative,1.483538031578064,0.5047314763069153,1.5033180713653564
1403909246174048259,negative,0.9748833775520325,-1.1192153692245483,2.882169246673584
1403909246329098240,negative,1.2281131744384766,-0.500059187412262,2.2800850868225098
1403909246354341892,neutral,2.1617162227630615,-1.0657998323440552,2.0157408714294434
1403909246606057474,negative,0.7524963021278381,0.13276612758636475,1.969445824623108
1403909247398731777,positive,0.8380778431892395,1.0095375776290894,0.7129354476928711
1403909247696465920,neutral,1.8766709566116333,1.431599497795105,-0.06173303723335266
1403909248136798208,neutral,1.5697981119155884,-0.3805651068687439,1.0950560569763184
1403909248187355140,neutral,1.2705954313278198,0.16132424771785736,0.3736779987812042
1403909248673738754,negative,1.2481942176818848,-0.2689617872238159,1.2489023208618164
1403909248883388417,neutral,1.6745452880859375,0.003209158778190613,0.7458240389823914
1403909249122537483,negative,0.9009653925895691,-0.7359654307365417,2.7964589595794678
1403909249126653958,neutral,1.757325530052185,0.6344299912452698,0.33404117822647095
1403909251009900546,neutral,2.1359729766845703,1.861776351928711,-0.4895259141921997
1403909251140100102,positive,1.739490032196045,2.8493804931640625,-0.16233576834201813
1403909251580325891,negative,1.311780333518982,-1.3488848209381104,3.847764015197754
1403909252788363266,negative,0.8484271764755249,-0.7974692583084106,1.9788129329681396
1403909253065326594,neutral,1.554230809211731,0.2620200216770172,0.34763139486312866
1403909253094678529,neutral,1.8751269578933716,0.5269690155982971,0.12162230908870697
1403909253212033027,neutral,1.6447887420654297,-0.667120099067688,0.9823845028877258
1403909253610364930,neutral,1.546535849571228,0.9311132431030273,-0.4735903739929199
1403909253677477888,positive,0.862886905670166,2.8332488536834717,-0.6613854169845581
1403909254503862272,negative,1.2766108512878418,-0.8270261883735657,2.604433298110962
1403909254872932354,negative,0.7428510785102844,-0.7849096655845642,2.8625757694244385
1403909256047366145,neutral,2.5587222576141357,2.407492160797119,-0.8723476529121399
1403909256416485380,negative,1.2885453701019287,-0.5570515990257263,2.118605136871338
1403909256441696262,neutral,1.1891783475875854,-0.2635118067264557,0.7630718946456909
1403909257200914435,positive,1.7415989637374878,2.1729378700256348,-0.46402621269226074
1403909257209159681,neutral,1.6390763521194458,-0.04180397838354111,1.4120378494262695
1403909257913798656,neutral,1.2252745628356934,0.5368102192878723,0.7226259708404541
1403909258056327170,negative,0.9091399312019348,-0.2559569180011749,1.8337440490722656
1403909258417086465,neutral,2.2778663635253906,0.8681792616844177,-0.06689896434545517
1403909258731687938,negative,1.3640646934509277,-0.7301985025405884,2.1285510063171387
1403909259239346176,neutral,1.7248992919921875,-0.38696032762527466,0.9879165291786194
1403909259432054786,neutral,1.9473470449447632,0.7833623886108398,0.10200802236795425
1403909259461640194,negative,1.1634629964828491,0.45802637934684753,1.4192317724227905
1403909259725836288,negative,0.7660763263702393,-0.027373753488063812,1.649476408958435
1403909259922796549,negative,1.2221381664276123,-0.7357668280601501,1.992212176322937
1403909260027711490,positive,1.5131704807281494,2.6958229541778564,-0.4457527995109558
1403909261667704836,neutral,2.9814183712005615,0.25475767254829407,0.2570420801639557
1403909262292787202,positive,1.3550138473510742,2.789461374282837,-0.5986977815628052
1403909262443745284,neutral,1.4156410694122314,0.329130619764328,0.31210193037986755
1403909262464618496,negative,1.675727128982544,-1.1267354488372803,2.5844035148620605
1403909262661672960,neutral,1.7246469259262085,1.2400811910629272,0.07728087902069092
1403909263991398400,positive,2.0351433753967285,2.5164709091186523,-0.2996881604194641
1403909264922476557,negative,1.1329814195632935,-1.1126914024353027,3.1545803546905518
1403909265740468225,negative,0.7055714726448059,-0.6770667433738708,2.8967885971069336
1403909266042458124,neutral,0.6943287253379822,0.3069276809692383,-0.06645265966653824
1403909266872836097,neutral,1.3687427043914795,0.4881300628185272,0.7498726844787598
1403909266973417481,neutral,3.124742031097412,0.9645630121231079,-0.23147271573543549
1403909267028017152,neutral,3.530146598815918,1.6300077438354492,-1.0650410652160645
1403909268093480962,negative,1.264915108680725,-0.3722284138202667,1.4042580127716064
1403909268844298248,neutral,1.537579894065857,-0.7601814270019531,1.3679637908935547
1403909269280358408,neutral,0.9613409638404846,0.4392399787902832,0.6970217823982239
1403909269779591169,negative,1.568687081336975,-0.9583391547203064,1.9487160444259644
1403909270039580680,neutral,1.782530426979065,0.15695425868034363,0.8815618753433228
1403909270119215106,neutral,3.0692317485809326,1.2135752439498901,-0.6559908390045166
1403909270165364739,neutral,2.0527825355529785,0.23196011781692505,0.381466269493103
1403909271268446212,positive,1.6184121370315552,1.6187851428985596,0.07509143650531769
1403909271742345224,neutral,3.3731298446655273,3.2971441745758057,-1.5068323612213135
1403909272195448832,negative,0.7051277160644531,1.230124592781067,1.448451280593872
1403909272350728195,neutral,1.5426079034805298,0.5317460298538208,0.23070339858531952
1403909272354770944,neutral,2.332423448562622,2.273651123046875,-0.5123286247253418
1403909272803569666,negative,0.6731539964675903,-0.239984393119812,2.263699769973755
1403909273738899465,positive,0.24194465577602386,0.9218271374702454,0.6420593857765198
1403909273977950211,negative,1.3233288526535034,-0.6994115710258484,1.4356948137283325
1403909274561138688,negative,0.5794616937637329,0.06636732071638107,1.428883671760559
1403909274607095808,neutral,1.3318092823028564,-0.17639511823654175,1.1907881498336792
1403909274812620801,negative,0.9009653925895691,-0.7359654307365417,2.7964589595794678
1403909275450105857,negative,1.4417675733566284,-0.9264218211174011,2.277371406555176
1403909275873734656,negative,0.58586186170578,0.17713266611099243,2.069101333618164
1403909275982958592,negative,0.8285588026046753,0.6186041831970215,1.237565279006958
1403909277014765569,positive,1.5913563966751099,2.4866247177124023,-0.34984636306762695
1403909277035728899,neutral,1.4593305587768555,-0.12495603412389755,1.035743236541748
1403909277362929665,neutral,0.7092381715774536,0.3196941316127777,-0.0317537784576416
1403909277761163264,neutral,3.321773052215576,0.7042719125747681,-0.2737632095813751
1403909278537289729,negative,1.3916523456573486,0.024219036102294922,1.764966607093811
1403909279057289277,neutral,2.674644708633423,0.6887145042419434,0.090641088783741
1403909279199858698,negative,1.873483657836914,-0.5720932483673096,1.9144796133041382
1403909279388684288,positive,0.19002582132816315,0.713790774345398,0.5491457581520081
1403909279602647041,neutral,1.7672009468078613,0.15903115272521973,0.8441351056098938
1403909280336470017,negative,0.25992533564567566,-0.16240182518959045,2.381539821624756
1403909281238368261,negative,1.468658685684204,-0.6445621252059937,1.9426424503326416
1403909281636925442,negative,0.5049619674682617,0.9324027895927429,1.339577078819275
1403909282379145219,neutral,1.8957023620605469,0.49880149960517883,0.2651660442352295
1403909282635018243,negative,1.3134132623672485,-0.5762357115745544,1.6616076231002808
1403909282878267397,neutral,1.5219919681549072,-0.45995625853538513,1.2227658033370972
1403909283197054977,negative,0.9938958287239075,-0.9705220460891724,2.564444065093994
1403909284325478408,neutral,2.6754703521728516,1.1542540788650513,-0.23154260218143463
1403909284405026819,positive,1.4463002681732178,2.2129034996032715,0.0026742182672023773
1403909284761505792,negative,0.7838588356971741,-0.8143433928489685,2.5138864517211914
1403909284828614656,neutral,1.4911015033721924,0.21138247847557068,0.43303918838500977
1403909285038284803,neutral,2.050234079360962,0.7174921631813049,0.4113534092903137
1403909285470367746,positive,1.6851983070373535,3.039599895477295,-0.5585664510726929
1403909285889851400,negative,1.3250322341918945,-0.5132935643196106,1.9598480463027954
1403909286057578498,neutral,2.3477094173431396,2.264045000076294,-0.5135793089866638
1403909286061756417,neutral,2.549631118774414,0.5168194770812988,0.10533687472343445
1403909286061772814,negative,1.1397541761398315,-0.24656149744987488,1.7323862314224243
1403909286070263810,neutral,1.3820297718048096,-0.022215738892555237,0.9734162092208862
1403909286879805442,negative,0.7742090821266174,-0.5392460227012634,2.6700615882873535
1403909287173189637,neutral,2.0513970851898193,0.743588387966156,0.5744901299476624
1403909287341035520,neutral,1.5708439350128174,-0.03884714096784592,0.8890396356582642
1403909287529922560,neutral,2.4749059677124023,0.6151434183120728,0.08516531437635422
1403909287743684612,positive,0.7492356300354004,2.8107218742370605,0.3278014361858368
1403909288020430849,neutral,4.698708534240723,1.3720592260360718,-0.7706670165061951
1403909288251334657,negative,1.4417674541473389,-0.9264217019081116,2.277371406555176
1403909288288980993,negative,1.3475594520568848,-0.7858157157897949,1.6864840984344482
1403909288360255488,neutral,1.6910628080368042,-0.7395581007003784,1.4777404069900513
1403909289182257155,neutral,2.363513708114624,0.31487810611724854,0.3369843363761902
1403909290218328068,negative,0.5986668467521667,-0.8521068096160889,3.6162209510803223
1403909291237597187,neutral,1.5833393335342407,0.3938925862312317,0.8823683261871338
1403909291594108931,negative,0.44784626364707947,-0.1499650478363037,2.612368106842041
1403909291803770885,neutral,1.2452389001846313,0.18150940537452698,1.218759298324585
1403909291992440833,negative,1.5171996355056763,-0.7302870750427246,1.7634650468826294
1403909292042768389,negative,1.4957566261291504,-0.6838957071304321,1.7236348390579224
1403909292294512645,negative,0.8253437280654907,-0.7673934698104858,2.668393611907959
1403909292365946881,neutral,3.1427435874938965,0.8792492747306824,-0.2660217881202698
1403909293393465344,negative,0.9747030138969421,0.778212308883667,1.0493495464324951
1403909293666099200,positive,1.2192931175231934,2.612224578857422,1.4091726541519165
1403909294555242496,neutral,3.530146598815918,1.6300077438354492,-1.0650410652160645
1403909294609907715,positive,1.5275936126708984,2.5363550186157227,-0.4733782410621643
1403909296019046401,neutral,1.1916433572769165,0.12044798582792282,0.8854568600654602
1403909296086208513,positive,0.665419340133667,0.7275207042694092,-0.020742109045386314
1403909296182763520,neutral,1.3002392053604126,0.6108608841896057,0.4287019968032837
1403909296212090883,neutral,1.6855746507644653,0.37137290835380554,0.37932199239730835
1403909296639803393,neutral,3.530146598815918,1.6300077438354492,-1.0650410652160645
1403909297004679168,positive,1.2384381294250488,2.383713722229004,0.13601168990135193
1403909297055039490,negative,0.6436476111412048,-0.9193937182426453,2.7911934852600098
1403909297583517698,neutral,1.5188320875167847,0.501917839050293,0.6944413781166077
1403909300150439936,positive,1.685198426246643,3.039599895477295,-0.5585663914680481
1403909300234469376,neutral,1.6855746507644653,0.37137290835380554,0.37932199239730835
1403909300355952642,neutral,1.3732037544250488,-0.6097216010093689,1.134917140007019
1403909300465160193,negative,0.9210535287857056,0.06475557386875153,1.3824772834777832
1403909300548952071,negative,0.21152165532112122,-0.597999632358551,1.8270556926727295
1403909300657868806,positive,1.8025591373443604,2.204308271408081,-0.3665642738342285
1403909300670586885,neutral,1.9623918533325195,1.555881381034851,-0.5531148910522461
1403909301375275009,neutral,1.8955224752426147,-0.6867144107818604,1.5205382108688354
1403909301773737986,neutral,1.7866716384887695,0.6148695945739746,0.38348689675331116
1403909301849182209,negative,1.1085423231124878,-0.49013349413871765,1.5121155977249146
1403909302369148929,negative,1.3783893585205078,0.08099628984928131,1.7644765377044678
1403909302977499137,negative,0.6046046018600464,0.24531948566436768,1.4515926837921143
1403909303111725056,negative,1.0883618593215942,-0.5602695345878601,1.9204556941986084
1403909303329693697,neutral,1.547383427619934,1.1066056489944458,0.38655489683151245
1403909303354871810,positive,0.3302457332611084,2.4955854415893555,-0.5177727937698364
1403909303715602435,neutral,2.265120267868042,-0.03392907232046127,0.5182519555091858
1403909303954673667,negative,1.2054287195205688,-1.2807806730270386,2.973012685775757
1403909304223027201,neutral,2.1077215671539307,0.24284645915031433,0.08654855936765671
1403909304596320257,negative,0.6301020383834839,-0.12035507708787918,2.494227647781372
1403909304839598080,positive,0.7208981513977051,2.6160058975219727,-0.11144276708364487
1403909305087139842,negative,0.9028709530830383,-0.3662549555301666,1.8749768733978271
1403909305473114113,neutral,0.9830307960510254,0.621898889541626,0.190873920917511
1403909305875808257,positive,0.5647980570793152,1.0064483880996704,0.7720925807952881
1403909306622234628,neutral,3.055176019668579,1.8491281270980835,-0.8650233149528503
1403909306727161858,negative,1.1339775323867798,-0.7071676850318909,2.313896656036377
1403909307222134785,negative,1.202905297279358,-0.4537682831287384,2.120842695236206
1403909307943501825,neutral,1.6337698698043823,1.0212371349334717,0.13123264908790588
1403909308224520192,negative,1.136665940284729,-0.5405957102775574,2.4798502922058105
1403909308782321666,negative,1.813415765762329,-0.8778958320617676,1.9036304950714111
1403909308883025923,positive,0.5228121280670166,1.2221999168395996,0.7813424468040466
1403909309256376320,negative,0.2811214029788971,-0.4673946797847748,2.7823336124420166
1403909309277392904,neutral,1.876926302909851,-0.47338971495628357,1.2607338428497314
1403909309763780613,neutral,1.542194128036499,0.3680743873119354,0.9510282278060913
1403909309898104832,neutral,1.8545290231704712,1.1324878931045532,-0.8954823017120361
1403909309914882049,positive,0.42891430854797363,1.200757384300232,0.745037853717804
1403909310053191683,neutral,1.5645278692245483,-0.7753332257270813,1.4936480522155762
1403909310061625344,neutral,0.8087113499641418,0.6522966623306274,0.6278189420700073
1403909310225141762,neutral,1.637675404548645,0.45437192916870117,0.5790775418281555
1403909311252680710,negative,1.3447705507278442,-1.2641278505325317,3.2405104637145996
1403909311420637184,negative,1.1353546380996704,-0.2905583679676056,1.2604365348815918
1403909311848337408,negative,1.6634572744369507,-1.0234328508377075,2.36853289604187
1403909312330682370,neutral,1.5726356506347656,-0.3307648301124573,1.5691304206848145
1403909312762712064,negative,0.4745996594429016,-0.0004200488328933716,2.4334018230438232
1403909312800387072,neutral,0.8010737895965576,0.3604690134525299,0.7207065224647522
1403909313010176007,negative,1.6095390319824219,-0.23178303241729736,1.645918369293213
1403909313362423810,neutral,2.2957868576049805,0.9232641458511353,0.03510258346796036
1403909313396101122,positive,0.9511435627937317,2.46032452583313,0.09482801705598831
1403909313647710210,neutral,1.5709621906280518,0.04309067130088806,1.2782751321792603
1403909313794658304,neutral,1.6337698698043823,1.0212371349334717,0.13123264908790588
1403909314042118153,negative,0.17942820489406586,-0.6109200716018677,2.2171220779418945
1403909314138550272,neutral,1.6156479120254517,1.0034308433532715,0.9610844254493713
1403909314247593986,neutral,1.5352009534835815,0.6071324944496155,0.5616362690925598
1403909314952110084,neutral,1.2252745628356934,0.5368102192878723,0.7226259708404541
1403909315388489732,negative,0.6489399075508118,0.16717861592769623,1.5790657997131348
1403909315866550273,negative,1.449495792388916,-0.9917872548103333,2.537749767303467
1403909316109815810,neutral,2.1832115650177,1.3436706066131592,-0.04675912857055664
1403909316369805316,neutral,1.542194128036499,0.36807453632354736,0.9510282278060913
1403909316801871872,neutral,1.8955224752426147,-0.6867144703865051,1.520538330078125
1403909317166837764,neutral,1.7659846544265747,-0.44653019309043884,1.4973396062850952
1403909317858934787,negative,1.6076159477233887,-0.9195418953895569,2.305589437484741
1403909318651564034,neutral,2.14996337890625,0.8887174129486084,-0.20483538508415222
1403909320115433473,negative,1.020843744277954,-1.016390085220337,2.5795865058898926
1403909320178233352,positive,1.4892220497131348,2.6688058376312256,-0.49592775106430054
1403909320434020355,neutral,3.821777105331421,2.973984718322754,-1.5940757989883423
1403909322204196867,neutral,1.0860621929168701,0.592682957649231,0.6716974377632141
1403909324708225024,negative,1.4438883066177368,-0.6026861667633057,1.8681060075759888
1403909325236621320,neutral,1.0874971151351929,1.0133147239685059,0.7447292804718018
1403909325249257475,neutral,1.2627731561660767,0.6519840359687805,1.011775016784668
1403909325593055237,neutral,1.927390456199646,0.9296236634254456,-0.8435143828392029
1403909326008426497,negative,0.8161492943763733,1.111563801765442,1.1889643669128418
1403909326327058432,neutral,1.7134393453598022,1.0252876281738281,0.46441155672073364
1403909326578896902,negative,1.3039451837539673,-0.30354735255241394,1.6012390851974487
1403909327019118593,negative,0.5937399864196777,-1.0216436386108398,3.247190475463867
1403909328239685635,negative,1.3783893585205078,0.0809963122010231,1.7644765377044678
1403909328659230723,neutral,1.9501214027404785,-0.5028273463249207,1.4448484182357788
1403909328801730563,neutral,1.6337698698043823,1.0212371349334717,0.13123264908790588
1403909329267404800,neutral,2.2539148330688477,-0.15111878514289856,0.46677321195602417
1403909329384710150,positive,0.31817901134490967,1.1840229034423828,0.8068774938583374
1403909329669877760,neutral,3.530146598815918,1.6300077438354492,-1.0650410652160645
1403909330672525314,negative,1.086726427078247,-0.339484840631485,2.0128977298736572
1403909331213459456,positive,0.39039668440818787,2.604140281677246,0.046813152730464935
1403909331360399366,negative,1.3246394395828247,-0.031389400362968445,1.4181625843048096
1403909331729354759,negative,1.5908018350601196,-0.38131383061408997,1.6988087892532349
1403909331955847177,negative,0.7660763263702393,-0.027373753488063812,1.649476408958435
1403909332761075714,neutral,1.5536127090454102,-0.25841256976127625,0.6475241780281067
1403909333231022080,neutral,1.1558053493499756,-0.5261737704277039,0.8845235109329224
1403909333830623234,negative,0.615609884262085,0.3497205376625061,0.7711283564567566
1403909333889564673,negative,1.600744366645813,-1.2062617540359497,3.0223493576049805
1403909334149603329,neutral,1.6337698698043823,1.0212371349334717,0.13123264908790588
1403909334531203072,neutral,1.9622461795806885,0.5029093623161316,0.7641168236732483
1403909335021887493,neutral,1.4007560014724731,0.43533259630203247,0.6461408138275146
1403909335361593346,neutral,3.530146598815918,1.6300077438354492,-1.0650410652160645
1403909335386759169,negative,0.9114477038383484,-1.1587879657745361,3.262824296951294
1403909335516729346,neutral,2.3341922760009766,1.2727758884429932,-0.31070223450660706
1403909335780978692,neutral,2.1617162227630615,-1.0657998323440552,2.0157408714294434
1403909336452247553,neutral,1.6062684059143066,-0.5775966048240662,1.3784860372543335
1403909336569614336,negative,1.6069309711456299,-0.9533213973045349,2.7682151794433594
1403909336989003778,neutral,1.2252745628356934,0.5368102192878723,0.7226259708404541
1403909337840500737,positive,0.24194465577602386,0.9218271374702454,0.6420593857765198
1403909338326921217,negative,0.5626107454299927,-0.7674753069877625,2.5334651470184326
1403909338595434499,neutral,2.778978109359741,1.5354058742523193,-0.6135107278823853
1403909339119685636,negative,1.5697410106658936,-1.1001583337783813,2.3370933532714844
1403909339656560640,negative,1.1453746557235718,0.38371583819389343,1.3632245063781738
1403909339828654083,neutral,2.403574228286743,1.6777160167694092,-0.396525114774704
1403909340084326401,neutral,1.8955224752426147,-0.6867144703865051,1.520538330078125
1403909340138856448,negative,1.4286103248596191,-0.9739814400672913,2.449653148651123
1403909340159873027,neutral,1.3919098377227783,-0.09410376101732254,0.20840539038181305
1403909340776566784,negative,0.9864599704742432,-0.5773411393165588,1.4517544507980347
1403909341355384833,negative,1.1045864820480347,-0.8955613374710083,2.5280447006225586
1403909341581873154,neutral,2.1617162227630615,-1.0657997131347656,2.0157406330108643
1403909342034759680,negative,1.3302264213562012,0.12266518175601959,1.629622459411621
1403909342236012548,neutral,1.44566810131073,0.6883734464645386,0.7936041355133057
1403909342437515266,negative,1.2104907035827637,0.4118712842464447,1.3792363405227661
1403909343569874945,neutral,1.5559513568878174,0.9688065052032471,0.1871528923511505
1403909343960043521,neutral,1.6337698698043823,1.0212371349334717,0.13123264908790588
1403909344219918339,negative,0.708160400390625,-0.8811776638031006,2.6759746074676514
1403909344790401027,neutral,1.345871925354004,0.9412018656730652,0.3350133001804352
1403909345352376324,negative,1.1068618297576904,-0.1695728898048401,1.6743061542510986
1403909347613233153,negative,1.1317617893218994,0.17653033137321472,1.2933363914489746
1403909348112232450,negative,1.593898892402649,-0.8668228983879089,2.0717830657958984
1403909348334747649,negative,0.5348553657531738,-0.8909215331077576,2.731860399246216
1403909349437628422,negative,0.11362139880657196,0.056777019053697586,0.8601653575897217
1403909349790126083,negative,1.156453013420105,-1.0363819599151611,2.8070476055145264
1403909349999845376,negative,0.6311083436012268,-0.3411482274532318,2.15604829788208
1403909352939945990,neutral,1.5289995670318604,0.4505651891231537,0.8436333537101746
1403909352998653956,negative,1.221327781677246,-1.2218204736709595,3.12563419342041
1403909353309151240,neutral,2.059952735900879,0.6868125796318054,0.20204508304595947
1403909353707556865,neutral,1.6337698698043823,1.0212371349334717,0.13123264908790588
1403909354013696002,neutral,0.9896393418312073,0.458097368478775,0.8884773254394531
1403909354894495746,negative,1.3279751539230347,-1.0744270086288452,2.4659922122955322
1403909354928041985,positive,1.8641929626464844,2.1916568279266357,-0.2561788260936737
1403909355414691841,neutral,0.9300084114074707,0.7265780568122864,0.7124180793762207
1403909357444734980,neutral,2.0242245197296143,-0.38172468543052673,0.8857566714286804
1403909358384209921,positive,0.36634767055511475,1.2143659591674805,0.5977799296379089
1403909359256604678,neutral,1.7424707412719727,-0.48000189661979675,1.2558343410491943
1403909359910981634,neutral,2.059952735900879,0.6868125796318054,0.20204508304595947
1403909359915081732,negative,0.856299102306366,0.749616801738739,0.9428488612174988
1403909360086970374,neutral,2.952281951904297,0.029471978545188904,0.10234030336141586
1403909360674344960,negative,1.4937011003494263,-1.2051976919174194,3.207881212234497
1403909360842010628,neutral,1.5967814922332764,0.7443786263465881,0.3716402053833008
1403909361379033095,positive,1.729620337486267,4.223195552825928,-0.40376004576683044
1403909361622294530,negative,1.5737717151641846,-0.5357781648635864,1.869209885597229
1403909361634840578,neutral,1.8106341361999512,0.41629910469055176,0.6457952260971069
1403909362200973314,neutral,1.816542387008667,-0.26400405168533325,1.028361439704895
1403909362356269062,neutral,1.6156479120254517,1.0034308433532715,0.961084246635437
1403909363333488644,neutral,2.6754703521728516,1.1542540788650513,-0.23154272139072418
1403909364537122818,negative,0.5464385747909546,0.09355612099170685,1.713917851448059
1403909364612689921,negative,1.2130876779556274,-0.11638269573450089,1.5395172834396362
1403909364860162050,negative,1.3033682107925415,-0.0008059069514274597,1.422515869140625
1403909364860211206,neutral,1.512937068939209,0.10449565947055817,0.4164332449436188
1403909365338316807,neutral,2.3341922760009766,1.2727758884429932,-0.31070223450660706
1403909365720096769,neutral,0.8177839517593384,-0.13289454579353333,0.3967173099517822
1403909365967564802,negative,0.6477605104446411,0.8053935170173645,0.9142634868621826
1403909366051397632,neutral,3.821777105331421,2.973984718322754,-1.5940757989883423
1403909367330750467,negative,0.3861944377422333,-0.5026013851165771,3.538170099258423
1403909367863209985,neutral,3.530146598815918,1.6300077438354492,-1.0650410652160645
1403909368198795267,neutral,1.5402230024337769,-0.19103822112083435,1.1713405847549438
1403909368374988808,neutral,0.9070653915405273,0.23757138848304749,0.5257272720336914
1403909368509128707,positive,1.01988685131073,2.409660577774048,-0.15043224394321442
1403909368622587909,neutral,2.308304786682129,2.279872179031372,-0.48112738132476807
1403909368840691713,neutral,2.625272750854492,1.9460139274597168,-0.4546196758747101
1403909369620668421,neutral,1.6570427417755127,0.3271532952785492,0.4058573544025421
1403909370086236160,neutral,0.9613409638404846,0.4392399787902832,0.6970217823982239
1403909370895863816,negative,0.5348553657531738,-0.8909215331077576,2.731860399246216
1403909371206291457,positive,0.18043342232704163,1.4671299457550049,0.6508623957633972
1403909371487260673,neutral,1.6855746507644653,0.37137290835380554,0.37932199239730835
1403909372460232707,neutral,2.1334712505340576,-0.849062979221344,1.5291560888290405
1403909373047545860,negative,1.0834574699401855,0.2816912829875946,1.6842538118362427
1403909373341188097,negative,1.3227667808532715,-0.6349858641624451,1.9633926153182983
1403909373571735555,negative,1.0990169048309326,-0.7306036353111267,2.218822956085205
1403909374116995079,neutral,2.17795991897583,0.2973756194114685,0.11802481859922409
1403909374406389762,negative,1.221327781677246,-1.22182035446167,3.12563419342041
1403909374469365762,negative,0.7055714726448059,-0.6770667433738708,2.8967885971069336
1403909375345913862,positive,0.6976959109306335,1.3235801458358765,0.4873732924461365
1403909375530471425,negative,1.707590103149414,-0.9647083878517151,2.2162957191467285
1403909375626944515,neutral,2.3341922760009766,1.2727758884429932,-0.31070223450660706
1403909375752876033,negative,1.0600931644439697,-1.0864553451538086,3.047605514526367
1403909375803072512,positive,1.8832919597625732,3.138092279434204,-0.5668795704841614
1403909376235098114,negative,0.6034978032112122,0.19161087274551392,0.8484234809875488
1403909376809701379,neutral,1.3714675903320312,0.3215648829936981,0.3881835341453552
1403909377078153223,negative,1.4379290342330933,-0.25899097323417664,2.619967460632324
1403909377665478656,neutral,1.4419529438018799,-0.13296478986740112,0.3638518750667572
1403909378185601026,neutral,1.194333791732788,0.4687315821647644,0.2590717375278473
1403909378374127621,neutral,1.6588866710662842,1.4678552150726318,0.0812387689948082
1403909378764423170,neutral,1.2226338386535645,0.3050175607204437,1.2190284729003906
1403909379393568768,negative,0.7100692391395569,-0.17391431331634521,1.828624963760376
1403909379951267843,positive,0.41748300194740295,0.5252678990364075,-0.08013801276683807
1403909381511475202,neutral,1.92171311378479,0.5505151152610779,0.4531581699848175
1403909381658345473,positive,0.6847066879272461,1.9206008911132812,0.167587548494339
1403909382073585670,negative,1.5465785264968872,-0.8305068016052246,1.7781777381896973
1403909382430101508,neutral,1.2892462015151978,0.4973286986351013,0.5809406638145447
1403909382849527809,neutral,1.6337698698043823,1.0212371349334717,0.13123264908790588
1403909383264686081,neutral,2.625272750854492,1.9460139274597168,-0.4546196758747101
1403909383403323394,negative,0.9262557029724121,-0.6061546802520752,1.8247814178466797
1403909384422494212,negative,0.7791730761528015,-0.3872567117214203,1.850561261177063
1403909386590883841,neutral,1.0860621929168701,0.592682957649231,0.6716974377632141
1403909386641330177,negative,1.1080617904663086,-0.902937114238739,2.705273151397705
1403909387068968960,neutral,2.29353928565979,0.44426462054252625,0.4597090482711792
1403909387438026752,neutral,1.6337698698043823,1.0212371349334717,0.13123264908790588
1403909388411162626,negative,1.1353546380996704,-0.2905583679676056,1.2604365348815918
1403909388440637440,neutral,1.7394657135009766,1.5402199029922485,-0.04446493089199066
1403909388549595141,neutral,1.3657071590423584,-0.42664530873298645,0.9637088179588318
1403909388566294529,neutral,1.0715175867080688,0.9836189150810242,0.3556476831436157
1403909390403575816,positive,0.7899829745292664,2.3849101066589355,0.2210155576467514
1403909390726533124,neutral,1.6855746507644653,0.3713728189468384,0.37932199239730835
1403909390764101633,neutral,2.257281541824341,0.3511815667152405,0.04170388728380203
1403909390793678850,neutral,1.6337698698043823,1.0212371349334717,0.13123264908790588
1403909390831263750,neutral,1.558448314666748,0.44540244340896606,0.9080508351325989
1403909390848217092,neutral,1.198048710823059,0.5866292119026184,0.9134495854377747
1403909390864842758,negative,1.0230826139450073,-0.761383056640625,2.086832046508789
1403909391024230401,positive,1.820706844329834,2.1451990604400635,0.5321009755134583
1403909391514963969,neutral,2.680697441101074,1.0767545700073242,-0.4211740791797638
1403909391968051200,negative,0.6161379814147949,-1.064854621887207,3.1989572048187256
1403909392664301569,negative,1.251084566116333,-0.6692695021629333,1.728593349456787
1403909392907616260,negative,1.3703163862228394,-0.5351735949516296,2.030073404312134
1403909392999673859,negative,0.984050452709198,0.4068331718444824,1.023618221282959
1403909393020686338,neutral,1.3756307363510132,-0.0741608664393425,0.3308779299259186
1403909393234726913,neutral,2.1221890449523926,-0.332781046628952,0.7623235583305359
1403909393314463746,neutral,3.046542167663574,1.9194014072418213,-0.6014413833618164
1403909393473703936,negative,0.8491828441619873,-0.6820930242538452,2.8995449542999268
1403909393981210624,negative,1.600744366645813,-1.2062617540359497,3.0223493576049805
1403909394618740736,neutral,1.234906554222107,0.2754817008972168,1.1274163722991943
1403909394631376898,neutral,1.3632128238677979,0.9647298455238342,0.26862043142318726
1403909395336077313,neutral,2.3163836002349854,0.4703654944896698,0.23099161684513092
1403909396669734913,neutral,2.0336594581604004,-0.2897997498512268,1.253320574760437
1403909397181452289,positive,0.41233840584754944,1.1148886680603027,0.7853257060050964
1403909398502772738,neutral,3.011408567428589,1.6477138996124268,-0.4040747582912445
1403909398712356872,negative,0.8216761350631714,-0.48507919907569885,1.9308443069458008
1403909399081492485,neutral,2.141981840133667,-0.6453680396080017,1.8478957414627075
1403909399156977667,negative,0.9198819398880005,-0.9669675827026367,2.2928225994110107
1403909399203155972,negative,0.3432222902774811,-0.2291412651538849,1.9938498735427856
1403909400260083715,neutral,1.7214484214782715,1.5464037656784058,-0.2701442241668701
1403909400570449920,negative,1.7090169191360474,-0.7674075961112976,1.8257232904434204
1403909400784474112,negative,0.5464385747909546,0.09355612099170685,1.713917851448059
1403909400826368005,negative,0.9833723902702332,0.013636872172355652,1.3084995746612549
1403909401342136323,neutral,2.8901383876800537,1.6915514469146729,-0.8679399490356445
1403909402164305928,positive,0.9295926094055176,3.1355042457580566,0.25072458386421204
1403909402218962944,neutral,2.625272750854492,1.9460139274597168,-0.4546196758747101
1403909402369925123,neutral,2.0965383052825928,0.6666527986526489,0.6154758930206299
1403909402634055684,negative,1.221327781677246,-1.2218204736709595,3.12563419342041
1403909402680193034,neutral,2.833696126937866,1.8016029596328735,-1.0297465324401855
1403909402831114248,neutral,2.644895315170288,1.4644911289215088,-0.39701157808303833
1403909404123095044,negative,1.1366902589797974,-1.1872422695159912,3.212350368499756
1403909404131426307,neutral,1.7362669706344604,-0.3273890018463135,1.323185682296753
1403909404764876800,negative,1.4448693990707397,-1.015761375427246,2.716759443283081
1403909406035615749,negative,0.9894049763679504,-0.4318711459636688,2.4133286476135254
1403909407973408768,neutral,1.9592792987823486,1.8201779127120972,-0.003962738439440727
1403909408409653255,neutral,2.2962429523468018,0.25665825605392456,0.2229653149843216
1403909408896143360,neutral,2.51739501953125,-0.10563153773546219,-0.018667401745915413
1403909409600798723,neutral,1.8857839107513428,0.4607943296432495,0.4712589383125305
1403909409793884164,negative,1.3161123991012573,-0.963137686252594,2.3126823902130127
1403909411177787396,neutral,2.028643846511841,1.1557042598724365,-0.6362019181251526
1403909412092145666,positive,1.3347543478012085,1.6714847087860107,0.26079440116882324
1403909413262483464,neutral,1.9701077938079834,-0.43401941657066345,0.9729313850402832
1403909413455286273,negative,0.8947703242301941,-0.21060413122177124,1.8376301527023315
1403909413652471808,neutral,2.420562982559204,1.7066606283187866,-0.3263397216796875
1403909414093008898,positive,2.0022218227386475,2.0707931518554688,-0.5384121537208557
1403909414709391363,positive,0.7327635288238525,2.6230432987213135,0.35989293456077576
1403909415112036352,negative,1.4733580350875854,-0.015694528818130493,1.5813759565353394
1403909415393140744,negative,1.3854293823242188,-0.29406237602233887,1.4893254041671753
1403909416618016768,positive,0.5219863057136536,3.4897897243499756,-0.2524794936180115
1403909416685117446,neutral,1.4229742288589478,-0.006891615688800812,1.208551287651062
1403909416722731010,negative,1.4281684160232544,-1.0294222831726074,2.6288046836853027
1403909417335021572,neutral,1.6156479120254517,1.0034308433532715,0.961084246635437
1403909418828263428,negative,1.5549583435058594,-0.9379917979240417,1.7121096849441528
1403909419419811846,neutral,1.49397611618042,0.9625682234764099,1.1335692405700684
1403909419469918212,negative,1.3916523456573486,0.024219028651714325,1.764966368675232
1403909419885371394,negative,1.0509346723556519,-1.2041207551956177,3.305819511413574
1403909420086669313,negative,1.1429675817489624,-0.47753527760505676,2.184816598892212
1403909420946362369,neutral,1.177741527557373,1.1229290962219238,0.944521963596344
1403909420967350275,negative,1.2885016202926636,-0.8286369442939758,2.073204517364502
1403909421000974337,neutral,1.6156479120254517,1.0034308433532715,0.961084246635437
1403909421671927808,negative,0.4386211335659027,-0.9561665654182434,4.015968322753906
1403909421722394630,negative,0.9179312586784363,-0.40313634276390076,1.26798415184021
1403909421948829699,positive,1.2309989929199219,1.5489627122879028,0.04541398584842682
1403909422099881987,positive,1.8814648389816284,2.2375869750976562,0.03187694028019905
1403909423475593219,negative,1.070485234260559,-0.6075502038002014,2.6201820373535156
1403909423542718469,neutral,1.6337698698043823,1.0212371349334717,0.13123264908790588
1403909423983177728,neutral,2.038681983947754,0.04475725442171097,0.35024532675743103
1403909424054345732,negative,1.221327781677246,-1.2218204736709595,3.12563419342041
1403909424838754307,neutral,1.5559513568878174,0.9688065052032471,0.1871528923511505
1403909424981282819,positive,1.1962822675704956,1.9226633310317993,-0.0022208411246538162
1403909425249894407,neutral,2.525106430053711,0.5673099160194397,-0.3437705636024475
1403909427468460034,positive,0.4448454678058624,1.8459713459014893,1.0524518489837646
1403909428038946817,neutral,1.6833219528198242,1.3380366563796997,-0.23841853439807892
1403909428349333504,negative,0.9361165165901184,-1.047034502029419,3.4188430309295654
1403909428601044994,neutral,0.9146873950958252,0.6782578825950623,0.743843138217926
1403909428684881921,neutral,2.2078471183776855,0.5630355477333069,0.25949522852897644
1403909428756238339,neutral,2.0965383052825928,0.6666526794433594,0.6154760122299194
1403909428823216132,neutral,3.530146598815918,1.6300077438354492,-1.0650410652160645
1403909428823289856,positive,1.6851983070373535,3.039599895477295,-0.5585664510726929
1403909430165442564,negative,0.7019479274749756,0.08969313651323318,1.8991737365722656
1403909430274519041,neutral,2.052741050720215,1.071890115737915,0.0906711220741272
1403909430303854593,neutral,2.693659782409668,0.1646195948123932,-0.1295890212059021
1403909430563860486,negative,1.0604597330093384,-0.9797548651695251,2.726210117340088
1403909431700635649,negative,1.0495623350143433,-0.3630790114402771,2.22662615776062
1403909431725748225,positive,0.9669724106788635,1.8632382154464722,0.09174229204654694
1403909432803692544,positive,1.331894040107727,1.6056989431381226,-0.2644093930721283
1403909432895959044,neutral,1.6156479120254517,1.0034308433532715,0.961084246635437
1403909434728804357,neutral,1.8942220211029053,0.35300225019454956,-0.09396977722644806
1403909435555303427,negative,0.998442530632019,-0.6138758063316345,2.4291834831237793
1403909435886489603,negative,0.4205043613910675,-0.8282225131988525,2.466808795928955
1403909437308375043,neutral,3.530146598815918,1.6300077438354492,-1.0650410652160645
1403909437719339012,negative,1.0524873733520508,-0.9142525792121887,2.7348618507385254
1403909438461730817,neutral,1.8891879320144653,0.5245234966278076,0.560952365398407
1403909438487007232,neutral,1.4697766304016113,-0.17754864692687988,0.8744300603866577
1403909438767988744,negative,0.19888731837272644,0.1529683619737625,0.4855656623840332
1403909439057498114,negative,1.1634629964828491,0.45802637934684753,1.4192317724227905
1403909439334150148,neutral,2.0488600730895996,-0.14445826411247253,0.9255558252334595
1403909439640408064,neutral,1.6337698698043823,1.0212371349334717,0.13123264908790588
1403909439644598272,positive,1.7685978412628174,2.3576157093048096,-0.4191865921020508
1403909440525398019,negative,0.9344795942306519,-0.7639199495315552,2.7222604751586914
1403909440617824258,negative,1.2389684915542603,-0.7063499689102173,2.669675588607788
1403909440647041024,negative,0.45106127858161926,1.4415847063064575,1.6869533061981201
1403909440798007299,neutral,1.8955224752426147,-0.6867144703865051,1.520538330078125
1403909441230155776,neutral,1.5559513568878174,0.9688065052032471,0.1871528923511505
1403909441544654848,neutral,1.321930170059204,1.307690143585205,0.007991213351488113
1403909441569714178,negative,1.1029475927352905,-0.4461280405521393,1.7891981601715088
1403909441678807041,negative,1.221327781677246,-1.2218204736709595,3.12563419342041
1403909442798710789,neutral,1.9321773052215576,0.8320142030715942,0.572788417339325
1403909443557883904,neutral,1.8894498348236084,-0.4599214494228363,0.9126849174499512
1403909443658543107,neutral,2.0336594581604004,-0.2897997498512268,1.253320574760437
1403909443876802564,neutral,1.6156479120254517,1.0034308433532715,0.961084246635437
1403909444350533642,neutral,2.052741050720215,1.071890115737915,0.0906711220741272
1403909444648505344,neutral,1.3564435243606567,0.49370914697647095,0.7271023988723755
1403909444765982721,negative,1.3250322341918945,-0.5132935643196106,1.9598480463027954
1403909444912697345,negative,1.1855987310409546,-0.8708162307739258,2.5097219944000244
1403909445655089155,neutral,1.6855746507644653,0.37137290835380554,0.37932199239730835
1403909445986443269,positive,0.6880499720573425,1.041623830795288,0.6131299138069153
1403909446133194757,neutral,1.6337698698043823,1.0212371349334717,0.13123264908790588
1403909446577819649,neutral,1.828971028327942,0.03088371455669403,1.0262316465377808
1403909446946881538,negative,1.1286792755126953,0.6137365102767944,1.5733176469802856
1403909447378882561,neutral,1.6324712038040161,-0.3047652840614319,1.5853686332702637
1403909447706087424,negative,0.9111317992210388,-1.0318018198013306,2.793137311935425
1403909448113045507,negative,0.7188099026679993,-0.06016140431165695,1.1430346965789795
1403909448163237892,negative,0.7505627274513245,-1.3415707349777222,4.433733940124512
1403909448637288453,neutral,1.357933759689331,0.4829340875148773,0.6371462345123291
1403909448662282247,positive,1.4892218112945557,2.6688055992126465,-0.49592775106430054
1403909449849446402,neutral,1.4421470165252686,0.24456244707107544,1.0558222532272339
1403909449966817284,neutral,1.1333215236663818,-0.05077909678220749,0.855275571346283
1403909450134478850,neutral,3.530146598815918,1.6300077438354492,-1.0650410652160645
1403909450520354820,neutral,1.8955224752426147,-0.6867144703865051,1.520538330078125
1403909451652886530,neutral,2.0335278511047363,1.0989608764648438,-0.48193395137786865
1403909451812270082,negative,0.9905222058296204,-0.5956771969795227,1.3635295629501343
1403909452152061960,negative,1.3172471523284912,-1.0239146947860718,2.3919684886932373
1403909452344958979,positive,1.650294542312622,2.2747490406036377,-0.026302093639969826
1403909452382625795,neutral,2.0701541900634766,1.597553014755249,-0.18209874629974365
1403909452705591301,neutral,2.077286720275879,2.0228757858276367,-0.5559776425361633
1403909454710648838,neutral,2.6881070137023926,0.9846224188804626,0.00920286774635315
1403909455385878529,positive,0.10474872589111328,1.0185461044311523,0.052317630499601364
1403909455520149507,neutral,1.6855746507644653,0.37137290835380554,0.37932199239730835
1403909455679528961,neutral,2.1273410320281982,-0.4935432970523834,1.063448190689087
1403909455687782403,neutral,1.5104751586914062,-0.40715986490249634,1.2767184972763062
1403909455708708868,positive,2.1230216026306152,2.5757787227630615,-0.8639581203460693
1403909455775895556,negative,0.8080946207046509,-0.7760944366455078,2.6730217933654785
1403909455931129864,negative,1.285190463066101,-0.8040743470191956,2.4864492416381836
1403909455956385793,positive,0.13058903813362122,2.810591697692871,-0.3283281922340393
1403909456534986753,neutral,1.6337698698043823,1.0212371349334717,0.13123264908790588
1403909456937721856,negative,0.5894486308097839,0.1076253205537796,1.2149121761322021
1403909457722056704,positive,1.9439688920974731,2.9748306274414062,-0.5018501877784729
1403909459370516482,negative,1.3928468227386475,-0.6284522414207458,2.3381669521331787
1403909460301475840,neutral,1.6822727918624878,0.2591504752635956,0.05463507026433945
1403909461060763648,positive,1.771317958831787,4.391603469848633,-1.7600599527359009
1403909461392121856,negative,1.461950421333313,-1.0033764839172363,2.5368540287017822
1403909461614284806,negative,0.6032617688179016,-0.5099368095397949,1.9778783321380615
1403909462008733708,neutral,1.6337699890136719,1.0212371349334717,0.1312326341867447
1403909462260256769,negative,1.245259165763855,-0.854214608669281,2.7501778602600098
1403909463233368068,neutral,3.530146598815918,1.6300077438354492,-1.0650410652160645
1403909463250178048,neutral,1.242526888847351,0.8213193416595459,0.826888382434845
1403909463380160516,negative,1.3134132623672485,-0.5762357115745544,1.6616076231002808
1403909464265089032,neutral,3.321773052215576,0.7042719125747681,-0.2737632095813751
1403909464961519618,neutral,2.052741050720215,1.071890115737915,0.0906711295247078
1403909464965619714,negative,1.270518183708191,-0.9396479725837708,2.6573548316955566
1403909466706219011,negative,0.9183899164199829,0.34399673342704773,1.1629862785339355
1403909466781798403,negative,1.2322144508361816,-1.000233769416809,2.143556833267212
1403909467486494721,negative,1.5016511678695679,-0.8024807572364807,1.5894004106521606
1403909467700285444,negative,0.9009653925895691,-0.7359654307365417,2.7964589595794678
1403909467842875399,negative,1.0493824481964111,-0.8570522665977478,2.3300094604492188
1403909467968720902,neutral,1.8348264694213867,0.10569586604833603,1.2172479629516602
1403909468761608196,neutral,1.6550211906433105,0.15934891998767853,0.9476357698440552
1403909469247971328,positive,2.2432477474212646,2.2634470462799072,-0.4768962264060974
1403909469428281350,negative,1.600744366645813,-1.2062617540359497,3.0223493576049805
1403909469466251268,negative,1.2315725088119507,-1.0326391458511353,2.6725082397460938
1403909470204272642,negative,0.963036835193634,-0.49980446696281433,2.1679837703704834
1403909470275522566,neutral,3.530146598815918,1.6300077438354492,-1.0650410652160645
1403909470560739328,positive,1.5079128742218018,1.5450831651687622,0.03308337926864624
1403909471299059713,negative,1.1105444431304932,0.24793106317520142,1.2002649307250977
1403909471441625092,positive,1.3147112131118774,3.1330978870391846,-0.5182313919067383
1403909471668097025,neutral,2.306673765182495,-0.38158664107322693,0.8096888065338135
1403909471693328385,neutral,1.2357746362686157,0.2291329801082611,0.775218665599823
1403909471915503619,positive,2.029956340789795,2.123171091079712,-0.5540850162506104
1403909471953248259,negative,1.3869597911834717,-0.6182656288146973,1.6110663414001465
1403909472028749824,negative,1.3899409770965576,-0.3396792709827423,1.631230354309082
1403909472213340164,neutral,1.7214484214782715,1.5464037656784058,-0.2701442241668701
1403909472242733058,neutral,2.1617162227630615,-1.0657998323440552,2.0157406330108643
1403909473022844929,neutral,2.306743860244751,1.5616577863693237,-0.3213602304458618
1403909473832296449,neutral,1.1682769060134888,0.35477039217948914,0.894443690776825
1403909473861869568,neutral,1.9701077938079834,-0.43401941657066345,0.9729313850402832
1403909474927185922,negative,0.8368302583694458,0.6645136475563049,1.2135136127471924
1403909475313012736,neutral,1.5978000164031982,0.07402770221233368,0.7179110050201416
1403909476541997061,negative,1.4937011003494263,-1.2051976919174194,3.207881212234497
1403909479037497348,negative,0.6955237984657288,-0.10953403264284134,2.4765102863311768
1403909479285002245,negative,0.9367876648902893,0.11755189299583435,1.317506194114685
1403909479373082624,negative,0.8510072231292725,0.3080205023288727,1.483465552330017
1403909480266403841,neutral,1.468528389930725,1.35844087600708,-0.6150807738304138
1403909480962834432,negative,1.3916523456573486,0.024219028651714325,1.764966368675232
1403909481554083846,negative,1.3070192337036133,-1.301767349243164,3.411505937576294
1403909484355932160,neutral,1.8955225944519043,-0.6867143511772156,1.5205382108688354
1403909484834017281,neutral,2.3477094173431396,2.264045000076294,-0.5135793089866638
1403909485668753410,positive,0.7284007668495178,1.220792531967163,0.6982740759849548
1403909485849051137,negative,0.8439958095550537,-1.3359922170639038,3.7391602993011475
1403909486088237056,neutral,1.5426079034805298,0.5317460298538208,0.2307034283876419
1403909486428016640,negative,0.7898653745651245,0.30002760887145996,1.1438066959381104
1403909486650093568,neutral,1.913100004196167,0.09343292564153671,0.8312307000160217
1403909487753191425,neutral,2.203944444656372,0.83460533618927,0.18024279177188873
1403909488445427718,negative,0.9748833775520325,-1.1192153692245483,2.882169246673584
1403909488961327106,neutral,2.12131929397583,0.16402551531791687,0.888525664806366
1403909489191968768,neutral,3.530146598815918,1.6300077438354492,-1.0650410652160645
1403909489447735297,neutral,1.0149122476577759,0.7411175966262817,0.8366495966911316
1403909489728712710,neutral,1.5831730365753174,0.01674589514732361,0.6735329627990723
1403909490441801728,neutral,2.3341922760009766,1.2727758884429932,-0.31070223450660706
1403909490760511488,neutral,1.8198760747909546,0.8568339943885803,0.430865615606308
1403909490798383105,neutral,1.6337698698043823,1.0212371349334717,0.13123264908790588
1403909490949324800,neutral,2.126412868499756,-0.8504927158355713,1.3406469821929932
1403909491196895233,negative,1.1446956396102905,-0.42545029520988464,1.2782635688781738
1403909491402346497,neutral,1.9382237195968628,-0.5844847559928894,1.4206304550170898
1403909491716993024,positive,0.8196495175361633,3.9105639457702637,-0.6668286919593811
1403909491880456197,negative,1.600744605064392,-1.2062617540359497,3.0223491191864014
1403909493159825411,negative,0.3977958858013153,-0.6966766715049744,3.5101399421691895
1403909493168119812,negative,0.8155573010444641,-0.7812468409538269,2.5192980766296387
1403909493264510981,neutral,1.6855745315551758,0.37137284874916077,0.37932199239730835
1403909493407240195,neutral,1.3029311895370483,0.9679043889045715,0.4096338748931885
1403909495021989890,negative,1.3783893585205078,0.0809963122010231,1.7644765377044678
1403909495885950981,positive,1.6112749576568604,4.876243591308594,-1.0242319107055664
1403909495978221572,neutral,0.8568556904792786,0.5985945463180542,-0.07659054547548294
1403909497232318465,negative,0.8842569589614868,-1.3091707229614258,3.800142526626587
1403909497337397250,neutral,2.1351988315582275,-0.009212993085384369,0.7469232082366943
1403909497421107201,negative,1.2145129442214966,-0.8037516474723816,2.3396356105804443
1403909497433821187,negative,0.8851451873779297,-1.1233720779418945,2.949537754058838
1403909497979084801,negative,1.0009913444519043,0.08348182588815689,1.6839196681976318
1403909498134220801,negative,1.3548656702041626,-0.47693005204200745,1.4349740743637085
1403909498234982401,positive,0.9697761535644531,1.3462153673171997,0.4054543077945709
1403909498415108096,positive,0.852933406829834,1.2892200946807861,0.08430266380310059
1403909499618926594,neutral,1.789821743965149,-0.2956679165363312,0.9825272560119629
1403909499681873923,positive,2.254395008087158,2.6470441818237305,-0.8499791622161865
1403909500348911619,neutral,1.9566220045089722,1.1496864557266235,-0.10664614289999008
1403909501334409225,positive,1.1962822675704956,1.9226633310317993,-0.0022208411246538162
1403909501640753152,negative,1.2827640771865845,-0.2955665588378906,1.427886962890625
1403909501867085834,neutral,1.23054039478302,0.48618078231811523,0.8727849721908569
1403909501997117440,neutral,2.1617162227630615,-1.0657998323440552,2.0157406330108643
1403909502609600518,negative,1.2626770734786987,-0.7360085248947144,1.619711995124817
1403909502903091204,neutral,3.530146598815918,1.6300077438354492,-1.0650410652160645
1403909504220213248,negative,0.6052944660186768,-0.18187785148620605,2.8740131855010986
1403909504673013767,neutral,1.9701077938079834,-0.43401941657066345,0.9729313850402832
1403909505579028481,positive,0.2932218015193939,2.468730926513672,-0.3417760133743286
1403909505625251841,neutral,2.7330920696258545,0.694905698299408,-0.3954208195209503
1403909506048921603,neutral,2.0780792236328125,0.5400868058204651,-0.055093713104724884
1403909506887610369,negative,1.221327781677246,-1.2218204736709595,3.12563419342041
1403909507193868290,neutral,3.530146598815918,1.6300077438354492,-1.0650410652160645
1403909507374370824,negative,0.9178935885429382,-0.6540177464485168,1.5275212526321411
1403909508024307713,neutral,1.789657473564148,0.39365801215171814,0.4187546670436859
1403909508271947776,negative,1.147605538368225,-1.3164186477661133,3.4156739711761475
1403909508275965954,neutral,0.7177654504776001,0.08107323944568634,0.24203582108020782
1403909508372393990,negative,0.5464385747909546,0.09355612099170685,1.713917851448059
1403909508489879555,negative,1.1964402198791504,0.420717716217041,1.6646145582199097
1403909508519411712,neutral,2.077286720275879,2.0228757858276367,-0.5559776425361633
1403909508867493899,neutral,2.4214487075805664,1.2862251996994019,-0.22323499619960785
1403909509068828672,negative,0.7117436528205872,0.405404269695282,1.4446332454681396
1403909509077032960,negative,1.3916523456573486,0.024219028651714325,1.764966368675232
1403909509236600833,negative,1.6558847427368164,-0.9418045878410339,2.0927317142486572
1403909509693775873,positive,1.905968189239502,1.963889718055725,-0.42747482657432556
1403909510364733444,neutral,3.321773052215576,0.7042719125747681,-0.2737632095813751
1403909510553489412,negative,0.4989849030971527,-0.033543847501277924,1.748102068901062
1403909510742384640,positive,0.4111613631248474,3.3302016258239746,-0.31836315989494324
1403909510888976385,neutral,1.605154037475586,-0.10807610303163528,1.189435601234436
1403909511841140738,negative,1.336681604385376,-0.15887650847434998,1.4055930376052856
1403909512268967938,neutral,2.1840624809265137,0.22497937083244324,0.5183029770851135
1403909512738664451,neutral,1.8730239868164062,-0.6437313556671143,1.1429634094238281
1403909513070006282,neutral,2.625272750854492,1.9460139274597168,-0.4546196758747101
1403909513221066755,negative,0.6870471239089966,-0.5517538189888,2.6495611667633057
1403909513325912065,neutral,2.162228584289551,0.5769910216331482,-0.11763007193803787
1403909513401585671,neutral,2.045283317565918,-0.8020049929618835,1.2416822910308838
1403909513938341890,negative,0.7434987425804138,-0.7742408514022827,2.1408743858337402
1403909514043211779,positive,0.24194465577602386,0.9218271374702454,0.6420593857765198
1403909515146371073,negative,0.8383656740188599,0.4971388280391693,1.1321771144866943
1403909516236840963,neutral,1.4229742288589478,-0.006891615688800812,1.208551287651062
1403909516903731201,neutral,1.6337698698043823,1.0212371349334717,0.13123264908790588
1403909517163782151,neutral,2.2458338737487793,0.3663672208786011,0.5371981263160706
1403909517197328384,positive,0.37564781308174133,2.075223445892334,0.3739415109157562
1403909517218357250,negative,1.3436479568481445,-0.8498731851577759,2.5412397384643555
1403909517255987202,neutral,1.6156479120254517,1.0034308433532715,0.961084246635437
1403909517444751369,positive,2.2271292209625244,3.158660650253296,-1.0253106355667114
1403909517725765639,negative,1.4857838153839111,-0.9723382592201233,2.236405611038208
1403909517989928978,negative,1.316371202468872,-0.9511500000953674,2.220066547393799
1403909518338129928,negative,0.32174670696258545,-0.18668153882026672,2.6857376098632812
1403909518568742914,positive,2.2543952465057373,2.6470441818237305,-0.8499791622161865
1403909518711422979,negative,0.3282391428947449,0.9091324210166931,1.0918312072753906
1403909518841503745,neutral,1.7728899717330933,-0.4893418252468109,1.5755770206451416
1403909518954692609,negative,0.7058942914009094,0.9056831002235413,1.1672013998031616
1403909519844024323,negative,1.2103029489517212,-0.3797779977321625,1.9614602327346802
1403909520179359745,negative,0.3749188482761383,-0.7763879299163818,2.5129709243774414
1403909520930197505,negative,1.4549391269683838,-0.5249334573745728,2.1174681186676025
1403909521806921732,positive,1.5164167881011963,2.081193685531616,-0.1282678246498108
1403909522167631873,positive,1.611212968826294,2.441087245941162,-0.22563163936138153
1403909522654040065,negative,1.1261550188064575,-0.6449976563453674,1.9454048871994019
1403909522725302284,neutral,3.484074115753174,0.7267022132873535,-0.37402212619781494
1403909522767323145,negative,1.0353492498397827,-1.2652440071105957,3.8529469966888428
1403909523555770373,negative,1.4106167554855347,-0.36262205243110657,1.4732584953308105
1403909524805754884,neutral,1.6306861639022827,0.7503255605697632,0.72559654712677
1403909525053206528,neutral,2.506451368331909,1.4469834566116333,-0.5270968675613403
1403909525489471488,negative,0.9541259407997131,0.1630755215883255,1.0862586498260498
1403909526777106440,neutral,1.4712167978286743,0.10376790910959244,1.293593168258667
1403909526949036033,neutral,1.8955224752426147,-0.6867144703865051,1.520538330078125
1403909527062278145,neutral,1.08470618724823,0.0515453964471817,0.5709734559059143
1403909527599300609,negative,0.8572654724121094,0.8933384418487549,0.9413546323776245
1403909528744169473,negative,1.0992170572280884,-1.0995700359344482,3.0814459323883057
1403909529482498050,positive,1.2268240451812744,2.6143994331359863,-0.5403583645820618
1403909530111463424,negative,0.9199514985084534,-0.8852049708366394,2.512838840484619
1403909530908565507,negative,0.704360842704773,-1.1056835651397705,3.4534876346588135
1403909530958901251,positive,1.8796228170394897,2.0423741340637207,-0.44462159276008606
1403909531030020096,positive,0.22250336408615112,2.4038803577423096,-0.500054121017456
1403909531072032774,negative,1.5089155435562134,-0.6937884092330933,2.4656198024749756
1403909531164311558,neutral,1.2506314516067505,0.020231738686561584,0.84890216588974
1403909531340398597,negative,1.1739932298660278,-0.02250242978334427,1.3284145593643188
1403909531843837953,positive,0.5880067348480225,0.8226271271705627,0.8197207450866699
1403909532208746496,negative,1.0798290967941284,-1.1899967193603516,3.170644998550415
1403909532275724294,negative,1.323105812072754,-1.223022699356079,2.717540979385376
1403909532313657345,neutral,3.0300402641296387,1.7495307922363281,-0.8598859906196594
1403909532548468741,negative,1.2423325777053833,-1.018347144126892,2.6911048889160156
1403909533005721602,neutral,2.027571678161621,-0.9849503636360168,1.9026402235031128
1403909533722759169,positive,2.2432477474212646,2.2634470462799072,-0.4768960475921631
1403909534310014978,neutral,0.9955328106880188,0.26843664050102234,0.9761021137237549
1403909534473621515,negative,1.6120469570159912,-1.102851390838623,2.5142483711242676
1403909536797270020,neutral,3.82177734375,2.973984956741333,-1.5940759181976318
1403909537153880064,negative,1.0266425609588623,-0.3318108916282654,1.9218806028366089
1403909537283940357,neutral,2.625272750854492,1.9460138082504272,-0.45461955666542053
1403909537933918209,neutral,1.4229742288589478,-0.006891608238220215,1.2085511684417725
1403909538080772098,negative,0.7830608487129211,-0.8176130652427673,3.144988536834717
1403909538902913024,neutral,1.7515815496444702,-0.42887088656425476,0.9211070537567139
1403909539091550215,positive,1.0788869857788086,1.1978824138641357,0.24047702550888062
1403909539548774401,neutral,1.0860621929168701,0.592682957649231,0.6716974973678589
1403909539750100992,neutral,1.5899380445480347,0.3875623941421509,0.959918737411499
1403909539779342341,neutral,2.109726905822754,0.3887101709842682,0.2892175614833832
1403909540010201089,neutral,1.6337699890136719,1.0212371349334717,0.13123257458209991
1403909540010201093,neutral,1.4673409461975098,0.8711830377578735,-0.10559060424566269
1403909540106493953,neutral,2.431302547454834,-0.6490859985351562,1.1889294385910034
1403909540177920002,positive,2.0351436138153076,2.5164709091186523,-0.2996882498264313
1403909541075505152,neutral,1.2824968099594116,-0.0495108887553215,0.8056637048721313
1403909541083770884,neutral,2.0577712059020996,-0.6972066760063171,1.3347358703613281
1403909541377429505,negative,0.587712824344635,-0.8363454937934875,2.8820393085479736
1403909541624905738,neutral,1.0847060680389404,0.051545388996601105,0.5709735155105591
1403909543030054914,negative,1.3916523456573486,0.024219021201133728,1.764966368675232
1403909543617171458,neutral,1.433157205581665,-0.5609915852546692,0.9978612065315247
1403909544019992578,negative,1.326297640800476,-0.9724143147468567,2.35296893119812
1403909544560889857,neutral,1.9200304746627808,0.0010941550135612488,1.3634589910507202
1403909544913350656,neutral,1.2897064685821533,1.092962622642517,-0.04357616603374481
1403909545185980419,negative,0.5168671607971191,0.20342662930488586,1.4520719051361084
1403909545945190402,negative,1.5604957342147827,-0.6719427108764648,2.122720241546631
1403909546112806915,negative,1.4936494827270508,-0.10193341225385666,1.6975597143173218
1403909546758873092,negative,0.9852849245071411,-0.8588818907737732,2.3937158584594727
1403909546980962304,neutral,3.530146598815918,1.6300078630447388,-1.0650413036346436
1403909547190853635,neutral,1.894665002822876,1.3265875577926636,0.1609617918729782
1403909547496935426,neutral,1.749643325805664,-0.07095737010240555,1.0121351480484009
1403909547824140310,neutral,1.6337699890136719,1.0212371349334717,0.13123257458209991
1403909547975057411,negative,1.397279143333435,-1.09404718875885,2.6723082065582275
1403909548549672971,neutral,2.052741050720215,1.071890115737915,0.09067115932703018
1403909548734251009,neutral,1.6384437084197998,1.3267924785614014,0.11581853032112122
1403909549053124610,neutral,2.695265531539917,0.9322531819343567,-0.20005527138710022
1403909550365945863,negative,0.7121323943138123,-0.7636768817901611,2.025475263595581
1403909550491660290,neutral,2.203944444656372,0.8346052765846252,0.18024282157421112
1403909550877593605,neutral,1.6337699890136719,1.0212370157241821,0.13123252987861633
1403909550906875909,neutral,1.6355786323547363,-0.7583970427513123,1.3053489923477173
1403909551527661569,neutral,1.451728105545044,-0.3237930238246918,0.9947132468223572
1403909551800291330,neutral,1.6337699890136719,1.0212371349334717,0.13123257458209991
1403909552513376259,neutral,2.625272750854492,1.9460138082504272,-0.45461955666542053
1403909552605642753,neutral,1.6337699890136719,1.0212371349334717,0.13123257458209991
1403909553817751558,neutral,1.9739307165145874,1.7373727560043335,-0.30449169874191284
1403909553956311043,neutral,1.6337699890136719,1.0212371349334717,0.13123257458209991
1403909554203611139,neutral,3.530146598815918,1.6300078630447388,-1.0650413036346436
1403909554509815808,neutral,2.0531721115112305,0.844489574432373,-0.14078901708126068
1403909554526724101,neutral,1.5376111268997192,-0.07840780168771744,0.9924055933952332
1403909554614767619,neutral,2.625272750854492,1.9460138082504272,-0.45461955666542053
1403909555256393729,negative,1.0818067789077759,0.06920023262500763,1.98264479637146
1403909555357093894,positive,1.231778860092163,1.7056914567947388,1.09517502784729
1403909555730345987,positive,1.6851983070373535,3.039599895477295,-0.5585663914680481
1403909555839377415,neutral,1.0903562307357788,0.7434816360473633,0.6838093400001526
1403909556091064323,negative,0.9028709530830383,-0.3662550151348114,1.8749768733978271
1403909556380573704,neutral,1.4671486616134644,-0.1719343364238739,0.8173035383224487
1403909556472737793,positive,0.9295927286148071,3.1355040073394775,0.2507247030735016
1403909556649054211,negative,0.5666109919548035,-0.8695405721664429,3.228283405303955
1403909556825214977,neutral,2.0756468772888184,0.6771153211593628,-0.1319107562303543
1403909557181579265,negative,1.1634631156921387,0.4580264091491699,1.4192317724227905
1403909557714305024,negative,1.2993260622024536,-0.9175938963890076,2.189487934112549
1403909558406455299,negative,0.8557782769203186,-0.25718411803245544,1.8480894565582275
1403909558507036674,neutral,1.3984543085098267,-0.3190852999687195,0.9445339441299438
1403909558678921218,negative,0.5828343033790588,-1.0724163055419922,3.234013795852661
1403909558813216776,neutral,0.7636216878890991,0.49377569556236267,0.2429913431406021
1403909559140429824,positive,2.468137741088867,3.2754783630371094,-1.1367270946502686
1403909560285286401,negative,0.7121323943138123,-0.7636768817901611,2.025475263595581
1403909560662839303,neutral,2.411954641342163,0.588307797908783,-0.24898912012577057
1403909560671166471,neutral,1.9917657375335693,1.7054911851882935,-0.5731325745582581
1403909560830775299,neutral,1.614809274673462,0.29559871554374695,0.6025558114051819
1403909560977424385,neutral,1.374516487121582,-0.18713641166687012,1.2033275365829468
1403909561199648770,negative,1.1099016666412354,-0.4175792634487152,1.7571138143539429
1403909561963089923,neutral,1.5149956941604614,0.32462799549102783,0.6214868426322937
1403909563326373891,neutral,1.6156479120254517,1.0034308433532715,0.9610841870307922
1403909563888259081,neutral,2.4108099937438965,1.734686255455017,0.009443635120987892
1403909565087944708,negative,0.9602661728858948,0.15201078355312347,1.1297687292099
1403909565821771776,neutral,1.4744446277618408,1.3609613180160522,0.06625049561262131
1403909566077706243,neutral,1.484321117401123,0.7425757050514221,0.5757811069488525
1403909566455156741,negative,1.1482709646224976,-0.8900115489959717,2.6865241527557373
1403909566815883269,negative,1.156453013420105,-1.0363818407058716,2.8070478439331055
1403909566946029575,neutral,1.6855745315551758,0.37137290835380554,0.37932199239730835
1403909566979530753,positive,1.5646960735321045,2.0517051219940186,0.6434212327003479
1403909567633793024,neutral,1.7550163269042969,-0.8042024374008179,1.4694018363952637
1403909567717593093,negative,1.5040632486343384,-0.6906949877738953,1.8312246799468994
1403909567776501768,neutral,2.1746320724487305,2.1440343856811523,-0.3213375508785248
1403909569495982081,negative,1.8463866710662842,-0.6247268915176392,1.9494463205337524
1403909569567289344,negative,1.5202751159667969,-0.6084146499633789,2.6679279804229736
1403909569915588609,negative,0.5500307679176331,-1.278894066810608,4.149555683135986
1403909570234175488,positive,0.6490128636360168,2.4528958797454834,-0.20808151364326477
1403909570813038601,neutral,1.6376755237579346,0.45437198877334595,0.5790776014328003
1403909571127746560,neutral,1.92171311378479,0.5505150556564331,0.4531581997871399
1403909571148607488,negative,1.1043614149093628,-1.030840277671814,2.7649714946746826
1403909571924697089,neutral,1.26454758644104,0.45449477434158325,1.0900535583496094
1403909572117598210,negative,0.3830817937850952,-1.1376681327819824,3.8466036319732666
1403909572427796482,neutral,3.530146598815918,1.6300078630447388,-1.0650413036346436
1403909572570468355,neutral,3.530146598815918,1.6300078630447388,-1.0650413036346436
1403909572658532357,neutral,1.5289995670318604,0.4505651593208313,0.8436334729194641
1403909573321371655,neutral,1.6855746507644653,0.37137287855148315,0.37932199239730835
1403909573585604614,neutral,1.3822153806686401,0.039972901344299316,1.2649226188659668
1403909573925343235,neutral,2.377094030380249,0.016065433621406555,0.6846417784690857
1403909574034219010,neutral,1.2362159490585327,0.7711901664733887,-0.14197635650634766
1403909574114021382,neutral,1.3785274028778076,0.36686041951179504,0.5407604575157166
1403909574239817732,neutral,2.1605350971221924,0.36925020813941956,0.4348386526107788
1403909574399246337,negative,1.1085838079452515,-0.47857633233070374,1.881900429725647
1403909574516633601,negative,1.4040236473083496,-0.8634890913963318,1.9171342849731445
1403909574873161728,positive,2.9868197441101074,4.096157550811768,-1.4678246974945068
1403909575493832710,neutral,2.0066258907318115,0.04017931595444679,0.7393466234207153
1403909575825399808,neutral,1.6337699890136719,1.0212371349334717,0.13123257458209991
1403909575888314371,negative,0.5049619078636169,0.9324029684066772,1.3395769596099854
1403909576471183363,neutral,1.6051539182662964,-0.10807613283395767,1.1894357204437256
1403909576651546629,neutral,2.124314308166504,0.649060070514679,0.07116281241178513
1403909576857096192,negative,1.1769660711288452,-0.759433388710022,2.1521177291870117
1403909577234649088,negative,0.6311083436012268,-0.34114816784858704,2.15604829788208
1403909577717039109,positive,1.5937443971633911,1.8328062295913696,-0.06595923751592636
1403909577955889155,negative,1.2235946655273438,-0.8526401519775391,2.848865270614624
1403909578127929345,neutral,1.797433614730835,0.22144845128059387,1.246658205986023
1403909578387955714,neutral,1.6337699890136719,1.0212371349334717,0.13123257458209991
1403909578476036098,negative,1.5492409467697144,-0.736822783946991,1.6690953969955444
1403909578912407557,negative,0.9439030885696411,-0.5551817417144775,2.4337830543518066
1403909579235381248,negative,1.215798020362854,-1.1671396493911743,2.887923240661621
1403909579361058816,neutral,1.549101710319519,-0.7296223640441895,1.4869049787521362
1403909579671543808,neutral,2.4900729656219482,1.3218531608581543,0.42801329493522644
1403909579738468352,neutral,1.303348183631897,0.8103815913200378,0.7907478213310242
1403909580019675139,neutral,2.359508514404297,-0.25620895624160767,1.1216901540756226
1403909580480974850,negative,1.262342095375061,-1.2370593547821045,2.973182201385498
1403909580694855681,negative,0.5185803174972534,-0.5486605167388916,2.6399500370025635
1403909581143625728,positive,0.960576593875885,2.0106048583984375,0.02118540182709694
1403909582158647299,positive,1.4892220497131348,2.6688058376312256,-0.49592775106430054
1403909582292914176,positive,1.0544167757034302,1.5885473489761353,-0.04885607212781906
1403909582552924161,negative,0.7352069020271301,-0.40838852524757385,2.3028547763824463
1403909582745866243,neutral,3.530146598815918,1.6300078630447388,-1.0650413036346436
1403909583123456000,negative,1.3462823629379272,-1.241623044013977,2.9527995586395264
1403909583295291394,neutral,1.6855745315551758,0.37137290835380554,0.37932199239730835
1403909583609995267,negative,1.066676378250122,-1.0508270263671875,2.68361759185791
1403909583995801601,negative,1.3323875665664673,-0.29261744022369385,1.5215338468551636
1403909584134279172,neutral,1.8955222368240356,-0.6867145299911499,1.520538330078125
1403909584385835015,neutral,1.7659844160079956,-0.44653013348579407,1.4973394870758057
1403909585199632385,positive,1.8196414709091187,3.8222272396087646,-0.9595763683319092
1403909585346306057,positive,1.9532549381256104,2.3501360416412354,-0.20314575731754303
1403909585581219842,neutral,2.5911483764648438,0.298942506313324,0.8160367608070374
1403909585597997056,neutral,1.30329430103302,1.0179730653762817,0.32546916604042053
1403909585614876673,negative,0.6439998149871826,-1.2103722095489502,3.6401169300079346
1403909585833017345,negative,0.18141904473304749,-0.46688416600227356,2.182828664779663
1403909587657367554,negative,1.2667558193206787,-0.2920338809490204,1.7617197036743164
1403909587917447169,positive,1.1962823867797852,1.9226633310317993,-0.0022208411246538162
1403909588655632389,neutral,2.039698600769043,-0.5915839672088623,1.160563349723816
1403909588819218435,neutral,2.219353437423706,0.1511596441268921,0.48853087425231934
1403909589049888768,negative,0.5322571992874146,0.039807774126529694,1.7404026985168457
1403909589117046785,neutral,1.9078781604766846,0.5951962471008301,0.5056584477424622
1403909589213515781,neutral,2.43680477142334,-0.2868697941303253,0.9946733713150024
1403909589268004871,neutral,1.365983247756958,-0.026248790323734283,1.3223859071731567
1403909589284892675,neutral,2.522991895675659,0.2884671688079834,0.276178240776062
1403909589381398533,neutral,0.9442393779754639,0.8051218390464783,0.7005413770675659
1403909590798897152,neutral,1.5117689371109009,0.7642223834991455,1.048003911972046
1403909591373516805,neutral,2.052741050720215,1.071890115737915,0.09067115932703018
1403909591801368584,neutral,2.120673656463623,0.5385459065437317,0.04927261918783188
1403909592451403777,neutral,1.6376755237579346,0.45437198877334595,0.5790776014328003
1403909592506007555,negative,1.2459880113601685,-0.7524363398551941,1.8154873847961426
1403909592539598850,negative,1.4040236473083496,-0.8634890913963318,1.9171342849731445
1403909592568893440,negative,1.177857756614685,-0.24019303917884827,1.7484899759292603
1403909592703246336,negative,1.2941336631774902,-0.08058591932058334,1.4753222465515137
1403909593521135622,neutral,2.506451368331909,1.4469835758209229,-0.5270969271659851
1403909593692921859,positive,2.1964921951293945,4.110749244689941,-1.3088924884796143
1403909594120818688,neutral,2.6182212829589844,2.316246747970581,-1.0129201412200928
1403909594544549891,negative,1.5462321043014526,-0.9039551615715027,1.93699049949646
1403909595513434114,neutral,1.4737322330474854,-0.34799250960350037,1.1945853233337402
1403909596050300929,negative,1.1563339233398438,-0.37797650694847107,2.0224838256835938
1403909597329432583,positive,1.3861860036849976,1.6857868432998657,0.3876435160636902
1403909597547536384,neutral,2.306674003601074,-0.3815867006778717,0.8096888065338135
1403909598013267974,neutral,2.217390537261963,0.30976635217666626,0.3410781919956207
1403909598180904960,negative,0.5360574722290039,-0.6076850295066833,2.9081244468688965
1403909598285897728,neutral,1.1882661581039429,0.5326138734817505,1.0193499326705933
1403909598294200323,negative,0.7860804796218872,0.6280583143234253,1.539886474609375
1403909598457831425,negative,1.4323927164077759,-1.0945625305175781,2.2855758666992188
1403909598533218304,neutral,2.052741050720215,1.071890115737915,0.09067115932703018
1403909599325917186,negative,1.28616201877594,0.2653951942920685,1.514292597770691
1403909600735162370,neutral,1.9869621992111206,-0.768470823764801,1.1093237400054932
1403909601066504201,neutral,1.7051842212677002,-0.5790778994560242,1.5359715223312378
1403909601318297600,negative,1.3084300756454468,-0.33445826172828674,1.446226954460144
1403909601863610368,neutral,1.981338620185852,0.6434704065322876,-0.18838007748126984
1403909602748637192,negative,0.7838588953018188,-0.8143433928489685,2.5138864517211914
1403909603369254916,neutral,1.815472960472107,0.18279024958610535,1.0339934825897217
1403909603394473990,negative,1.0707834959030151,-0.36074453592300415,1.2166377305984497
1403909603453140993,negative,0.7072572112083435,-0.02134805917739868,1.8676056861877441
1403909604271087616,negative,0.7431662678718567,-0.16176092624664307,1.764026165008545
1403909604711469059,neutral,2.3341925144195557,1.2727758884429932,-0.3107021152973175
1403909605206355972,neutral,1.5861324071884155,0.16253727674484253,0.5558963418006897
1403909607005638658,negative,0.48629409074783325,0.24924743175506592,0.6142678260803223
1403909607202955264,positive,1.775460958480835,2.483466148376465,-0.0255765151232481
1403909607362289669,positive,0.4868941903114319,2.0871105194091797,0.08005230873823166
1403909607412715520,negative,1.1607214212417603,-0.16597303748130798,1.4222365617752075
1403909607484006401,neutral,1.8375998735427856,-0.1767466962337494,1.2345861196517944
1403909607735500802,neutral,2.625272750854492,1.9460138082504272,-0.45461955666542053
1403909608557531144,neutral,1.6337699890136719,1.0212371349334717,0.13123257458209991
1403909608926810113,neutral,1.26454758644104,0.45449477434158325,1.0900535583496094
1403909609035759617,negative,1.3328379392623901,-1.1997720003128052,3.0109012126922607
1403909609182547968,negative,1.053310513496399,-1.0917924642562866,2.914259672164917
1403909609350336518,neutral,2.2475318908691406,0.3385394215583801,0.8716001510620117
1403909609669136386,neutral,1.8354947566986084,0.3681914806365967,0.8374844789505005
1403909610386477061,neutral,1.6855745315551758,0.37137290835380554,0.37932199239730835
1403909610507964425,positive,1.2376108169555664,1.9175645112991333,-0.32116860151290894
1403909610537291781,neutral,1.0730048418045044,0.35516753792762756,1.0556526184082031
1403909610579234816,negative,1.4049444198608398,-0.6037216782569885,1.6299607753753662
1403909612319899649,neutral,1.7659845352172852,-0.44653013348579407,1.4973394870758057
1403909612345171970,neutral,1.6855745315551758,0.37137290835380554,0.37932199239730835
1403909612487659528,neutral,1.9260756969451904,-0.39457377791404724,1.0606414079666138
1403909613708267523,positive,0.24194465577602386,0.9218271970748901,0.6420594453811646
1403909614098321413,negative,1.101352572441101,-0.1203823909163475,1.5057953596115112
1403909614219907072,negative,1.0852570533752441,-1.1752991676330566,3.0253994464874268
1403909614278647809,negative,1.46004056930542,-0.5520933866500854,1.61801016330719
1403909614295556100,neutral,1.4306578636169434,-0.2937098741531372,1.307039499282837
1403909615125893121,negative,0.6104238629341125,-1.4300094842910767,4.193550109863281
1403909615297830917,negative,0.22474437952041626,-0.5322859287261963,1.7475541830062866
1403909615809486849,neutral,2.3702921867370605,1.0142346620559692,-0.030495071783661842
1403909616027774978,positive,1.5358021259307861,2.822322130203247,-0.01896061562001705
1403909616077991936,negative,0.6042959690093994,0.7688366174697876,1.349570870399475
1403909616363212806,neutral,3.530146598815918,1.6300078630447388,-1.0650413036346436
1403909616728084488,neutral,1.552231788635254,0.4348011314868927,0.2220563441514969
1403909617185349632,neutral,1.5258584022521973,0.9598230123519897,-0.0182428527623415
1403909617227341830,negative,1.0748122930526733,-0.7005355358123779,1.6535248756408691
1403909618435182592,neutral,2.543001890182495,1.0240801572799683,-0.16154250502586365
1403909619345281027,neutral,2.278775453567505,0.961237370967865,0.122412770986557
1403909619366330371,neutral,1.5811227560043335,-0.3864353895187378,1.5299276113510132
1403909619404218370,neutral,2.606982946395874,2.119755506515503,-0.6800032258033752
1403909620544987138,negative,1.4040236473083496,-0.863489031791687,1.9171342849731445
1403909620649787394,negative,0.9674500226974487,-0.1492139995098114,2.0673136711120605
1403909620750454787,neutral,1.2772454023361206,1.1590410470962524,-0.7356781959533691
1403909621442437120,negative,0.938624918460846,0.26602181792259216,1.6078712940216064
1403909621874520065,positive,1.1110572814941406,1.416482925415039,0.7719661593437195
1403909622398861314,neutral,1.6337699890136719,1.0212371349334717,0.1312325894832611
1403909622553931779,neutral,1.989503026008606,1.6700284481048584,0.3675451874732971
1403909622851784709,neutral,2.7388479709625244,0.558201253414154,-0.3872050940990448
1403909623183134723,neutral,2.052741050720215,1.071890115737915,0.09067115932703018
1403909623581642757,neutral,3.530146598815918,1.6300078630447388,-1.0650413036346436
1403909624256925700,neutral,2.1832115650177,1.3436704874038696,-0.046759121119976044
1403909624336551941,negative,1.3526861667633057,-1.052162766456604,2.3371706008911133
1403909624537915398,neutral,1.5403478145599365,-0.36437079310417175,1.2615405321121216
1403909625246855169,neutral,1.6337699890136719,1.0212371349334717,0.13123257458209991
1403909625553031168,neutral,1.6156479120254517,1.0034308433532715,0.9610841870307922
1403909625779474445,negative,1.262342095375061,-1.2370593547821045,2.973182201385498
1403909626186276864,neutral,1.6855745315551758,0.37137290835380554,0.37932199239730835
1403909627197091844,negative,1.3846884965896606,-0.7517461776733398,2.6618475914001465
1403909627532627969,negative,1.265724539756775,-0.9316266179084778,2.187412738800049
1403909627834781696,negative,1.1717339754104614,-0.08848302811384201,1.2383378744125366
1403909628333862912,neutral,1.9289053678512573,-0.48325708508491516,1.3108898401260376
1403909629415993345,positive,2.338472604751587,4.0839409828186035,-1.4917099475860596
1403909629558419460,neutral,1.3324023485183716,0.4047222137451172,1.1198246479034424
1403909630175059970,neutral,2.1186728477478027,-0.7059845924377441,0.9012559652328491
1403909630649155588,negative,1.286981225013733,-1.031704068183899,2.6090211868286133
1403909631240331267,positive,2.1143500804901123,3.072390079498291,-1.0737416744232178
1403909631462674432,positive,0.8555044531822205,1.5001769065856934,0.1347193866968155
1403909631710216201,negative,1.0545748472213745,-0.5156394839286804,1.2932755947113037
1403909631773089793,positive,1.7465801239013672,3.7106921672821045,-1.1879507303237915
1403909632003698689,positive,0.737665593624115,1.5722204446792603,0.8554184436798096
1403909632146423813,negative,1.3323875665664673,-0.29261744022369385,1.5215338468551636
1403909633203388417,neutral,0.7374749183654785,-0.02076496183872223,-0.025965193286538124
1403909633400442884,neutral,1.6337698698043823,1.0212371349334717,0.1312325894832611
1403909633475964938,negative,1.5492409467697144,-0.736822783946991,1.6690953969955444
1403909634075758595,neutral,2.235044002532959,0.9729809165000916,-0.11228520423173904
1403909634830725120,neutral,1.189673900604248,0.9983168244361877,0.34609657526016235
1403909635073974284,negative,1.1453746557235718,0.38371577858924866,1.3632245063781738
1403909635380170756,neutral,1.7116384506225586,-0.4645788371562958,1.5930739641189575
1403909635493576710,neutral,1.970107913017273,-0.43401941657066345,0.9729315638542175
1403909635841593351,neutral,1.4229742288589478,-0.006891623139381409,1.2085511684417725
1403909636546125829,negative,1.4070523977279663,-0.9250664710998535,1.9019063711166382
1403909636688842753,neutral,1.7974817752838135,-0.4848651587963104,1.3566385507583618
1403909637066403841,negative,1.13944673538208,-1.4324370622634888,3.736879825592041
1403909637309571072,negative,0.5040990710258484,-0.749308168888092,3.1851160526275635
1403909639440269316,negative,1.1803394556045532,-0.9562681317329407,2.737550973892212
1403909639805169666,positive,1.953528642654419,2.3531455993652344,-0.5232539176940918
1403909640115605505,negative,0.5049619674682617,0.9324029684066772,1.3395769596099854
1403909640669130754,negative,1.044884443283081,-0.867222249507904,2.1874654293060303
1403909641730347009,neutral,2.625272750854492,1.9460138082504272,-0.45461955666542053
1403909643466801153,neutral,1.2678148746490479,0.34432452917099,0.7142194509506226
1403909643559215104,neutral,1.700681447982788,1.3339693546295166,0.33967137336730957
1403909644515348482,neutral,1.8955225944519043,-0.6867144703865051,1.5205382108688354
1403909644897112066,negative,0.9612902998924255,-0.5108476877212524,2.0556976795196533
1403909645089996802,neutral,1.7351338863372803,0.2760108411312103,0.3856915235519409
1403909646096781314,negative,0.28359150886535645,-0.19487527012825012,2.3848280906677246
1403909646537084928,neutral,1.6855745315551758,0.37137290835380554,0.37932199239730835
1403909646725771267,neutral,2.052741050720215,1.071890115737915,0.09067103266716003
1403909646931300353,neutral,1.675191879272461,0.026794541627168655,1.141197919845581
1403909647623495681,neutral,1.6156479120254517,1.0034308433532715,0.9610841870307922
1403909648932089862,neutral,1.6855745315551758,0.37137290835380554,0.37932199239730835
1403909649376579590,neutral,2.120673656463623,0.5385459065437317,0.04927261918783188
1403909649556934656,neutral,2.686922788619995,0.0127381831407547,0.648772656917572
1403909649695272965,neutral,1.816542625427246,-0.26400408148765564,1.028361439704895
1403909650161061891,negative,1.8467315435409546,-1.0882304906845093,1.9658818244934082
1403909650970460161,neutral,2.046024799346924,0.4687936305999756,1.0916634798049927
1403909650987335681,negative,1.4396209716796875,-0.03735410422086716,1.5953599214553833
1403909651368906753,neutral,1.92171311378479,0.5505150556564331,0.4531581997871399
1403909654128644100,positive,0.9768028259277344,2.848559856414795,-0.33728185296058655
1403909654208335876,negative,1.6757272481918335,-1.1267354488372803,2.5844032764434814
1403909654258794501,neutral,1.3121050596237183,0.8291282057762146,0.34909987449645996
1403909654363590658,neutral,1.421741247177124,-0.2778404951095581,0.9727910757064819
1403909655018061826,neutral,1.540425181388855,-0.4838360846042633,1.3245158195495605
1403909655068233732,positive,1.031215786933899,1.271880030632019,0.4752436578273773
1403909655215042569,positive,1.3462485074996948,3.6917285919189453,-0.4248003661632538
1403909655357804547,neutral,1.9261504411697388,0.29578158259391785,0.43365567922592163
1403909655630278659,negative,1.1558947563171387,-0.12636476755142212,1.3038610219955444
1403909655714140170,neutral,1.5003751516342163,0.5685175657272339,1.1102460622787476
1403909655844294658,negative,1.1353546380996704,-0.2905583679676056,1.2604365348815918
1403909657459007490,neutral,2.0857093334198,0.7357015013694763,1.252538800239563
1403909657601581057,negative,1.2015016078948975,-0.6024076342582703,1.9614125490188599
1403909657748377603,neutral,1.395928978919983,0.9150276184082031,0.1819494515657425
1403909659258494979,neutral,1.8955224752426147,-0.6867144107818604,1.520538330078125
1403909659312812037,positive,2.9868197441101074,4.096158027648926,-1.4678244590759277
1403909660059443203,negative,0.6956591010093689,0.2833140194416046,1.8558257818222046
1403909660093071360,positive,2.0630276203155518,2.7442121505737305,-0.7895795702934265
1403909660390969348,negative,0.9201660752296448,-0.21710723638534546,2.315678358078003
1403909661372207107,negative,1.3897753953933716,-1.0798702239990234,2.7953593730926514
1403909661397446658,neutral,1.0847060680389404,0.051545388996601105,0.5709735155105591
1403909661468803077,negative,1.1561766862869263,0.31401902437210083,1.73716139793396
1403909661682585600,negative,1.075622797012329,-0.5833528637886047,1.5381051301956177
1403909661984661505,negative,0.21050669252872467,0.16855280101299286,0.3258369565010071
1403909662219636736,positive,0.16667784750461578,2.2287795543670654,-0.05388783663511276
1403909663674929155,neutral,1.542194128036499,0.3680744171142578,0.9510282874107361
1403909663687471106,negative,0.9745272397994995,0.9647470712661743,1.3751276731491089
1403909663888904193,negative,1.062743067741394,-1.0754742622375488,2.6100616455078125
1403909664178413571,positive,0.321209192276001,2.120832681655884,0.23362024128437042
1403909666199986177,neutral,1.2153393030166626,0.47745072841644287,0.32087934017181396
1403909667437174786,positive,0.8103592395782471,2.146196126937866,1.4909099340438843
1403909668238413825,negative,0.7838588953018188,-0.8143434524536133,2.5138862133026123
1403909668771176458,positive,1.8646761178970337,1.9444365501403809,0.02045472338795662
1403909669421211651,neutral,1.2850779294967651,0.4388183057308197,0.7300911545753479
1403909669530177539,positive,2.84894061088562,3.0953776836395264,-1.0040594339370728
1403909669580574722,negative,0.8510071635246277,0.30802056193351746,1.4834654331207275
1403909669752606731,neutral,1.7030003070831299,1.5447750091552734,0.1382916122674942
1403909669945413632,positive,1.1962823867797852,1.9226633310317993,-0.0022208411246538162
1403909670343938055,neutral,1.2885048389434814,0.4984723627567291,0.1203310638666153
1403909670356484099,negative,1.5223866701126099,-0.8767774701118469,1.9850811958312988
1403909670524395521,neutral,2.819401264190674,1.760742425918579,-0.5749669075012207
1403909671379996679,neutral,1.0928045511245728,0.31016913056373596,0.826941967010498
1403909672088784899,positive,1.4078713655471802,1.5858447551727295,0.1278497725725174
1403909672193564677,negative,0.9658180475234985,0.4665071964263916,1.1592676639556885
1403909673670123524,neutral,2.1012072563171387,1.7922214269638062,-0.435546338558197
1403909673837756427,negative,0.35730352997779846,-0.7948521375656128,3.272905111312866
1403909675079380994,neutral,1.8151277303695679,0.7854335904121399,-0.2198628932237625
1403909675133845506,negative,1.350353479385376,-0.8688540458679199,2.296276330947876
1403909675171647489,negative,1.1301145553588867,-1.1466178894042969,2.6890385150909424
1403909676027236355,negative,1.457257628440857,0.27631911635398865,1.45849609375
1403909676861853698,neutral,1.8424509763717651,1.7641315460205078,-0.2773570120334625
1403909677079879680,neutral,3.321773052215576,0.7042718529701233,-0.2737632393836975
1403909677273038851,neutral,1.165126085281372,-0.3790249824523926,0.7491271495819092
1403909678933946375,neutral,2.506451368331909,1.4469835758209229,-0.5270969271659851
1403909678988500994,negative,0.447245717048645,-1.022594690322876,3.1134371757507324
1403909679311433732,negative,0.8823171257972717,-0.936718761920929,2.7746145725250244
1403909679483219973,positive,1.179258942604065,4.704681873321533,-1.370577335357666
1403909679546208259,negative,0.9170836210250854,-0.710787832736969,2.5575575828552246
1403909679718281220,negative,1.2331777811050415,-1.0863392353057861,2.6162238121032715
1403909679848124419,negative,0.2074500471353531,-0.6532341241836548,2.6491174697875977
1403909681098153985,neutral,2.625272750854492,1.9460139274597168,-0.45461955666542053
1403909681299345414,neutral,0.7816255688667297,-0.32385683059692383,0.5015324354171753
1403909681903509505,neutral,2.306674003601074,-0.3815867006778717,0.8096888065338135
1403909681907744769,negative,0.6743927597999573,0.8470339179039001,1.6248079538345337
1403909681991405576,neutral,2.754248857498169,2.0048463344573975,-0.9883793592453003
1403909682352201729,neutral,1.3479989767074585,0.7791079878807068,0.5917028188705444
1403909682603778055,neutral,2.625272750854492,1.9460138082504272,-0.45461955666542053
1403909682817748992,neutral,1.0847060680389404,0.051545388996601105,0.5709735155105591
1403909682901573641,negative,1.3366817235946655,-0.1588764786720276,1.4055930376052856
1403909682901635073,neutral,1.6337699890136719,1.0212371349334717,0.13123257458209991
1403909683618930698,negative,0.4363914430141449,-0.3387719392776489,2.060183048248291
1403909683748954118,neutral,1.3409955501556396,-0.019700735807418823,1.033163070678711
1403909683799236608,negative,1.180053949356079,-0.6605710387229919,2.0593338012695312
1403909684931698691,neutral,1.540083885192871,-0.2233559489250183,1.2433220148086548
1403909684982173696,neutral,1.4293551445007324,0.7374551296234131,1.1080366373062134
1403909685858553856,neutral,2.6182212829589844,2.316246747970581,-1.0129201412200928
1403909687318355969,neutral,1.573470115661621,0.16112521290779114,1.3476474285125732
1403909687469281280,neutral,1.756638526916504,-0.5405018925666809,1.620394229888916
1403909688731656193,neutral,2.071244239807129,1.4225049018859863,-0.21062658727169037
1403909689906282496,negative,1.0413904190063477,0.07341974228620529,1.8170223236083984
1403909691550289920,neutral,1.282496690750122,-0.049510858952999115,0.8056637644767761
1403909691764215810,neutral,1.6751917600631714,0.026794493198394775,1.141197919845581
1403909692057743361,negative,1.2752891778945923,-1.059550404548645,3.256558418273926
1403909693412610051,negative,1.103983759880066,0.09891456365585327,1.424346923828125
1403909694536646661,negative,1.551364541053772,0.09550691395998001,1.8522528409957886
1403909694838738946,negative,0.8996097445487976,-0.8819258809089661,2.7370095252990723
1403909695325233153,neutral,1.8124074935913086,-0.3156902492046356,0.45078229904174805
1403909695379697669,neutral,1.727063775062561,1.707088589668274,-0.12855616211891174
1403909695757111298,positive,1.6851983070373535,3.039599895477295,-0.5585663914680481
1403909696659017728,neutral,1.5226603746414185,0.8539473414421082,0.42789727449417114
1403909696910594052,positive,0.9295927286148071,3.1355040073394775,0.2507247030735016
1403909696923193345,negative,0.7736341953277588,-0.16064465045928955,1.735532283782959
1403909697330163717,neutral,1.9749555587768555,-0.16512149572372437,0.4576323926448822
1403909697757925381,neutral,1.7832480669021606,0.5775943398475647,0.541130781173706
1403909698345181186,negative,0.5666109919548035,-0.8695405721664429,3.228283405303955
1403909698911309824,neutral,1.997269630432129,0.5990725159645081,0.36160528659820557
1403909699720843264,neutral,1.367340087890625,0.6172866821289062,-0.5104833245277405
1403909699997556739,negative,1.3231056928634644,-1.223022699356079,2.717541217803955
1403909700354195460,positive,0.6402647495269775,1.762040615081787,0.5412184000015259
1403909701876727809,negative,1.516089916229248,-1.121911883354187,2.6166393756866455
1403909702283677703,negative,1.1772346496582031,-0.346933513879776,1.3363577127456665
1403909702539350019,negative,0.7173446416854858,-0.16708487272262573,2.5912320613861084
1403909703349018627,negative,1.2353159189224243,-1.314480185508728,3.376044273376465
1403909703562719237,neutral,2.1351985931396484,-0.009213007986545563,0.7469232082366943
1403909703587885058,neutral,2.269758462905884,-0.11033421009778976,0.615418016910553
1403909703781040130,neutral,1.445405125617981,-0.565482497215271,1.3894476890563965
1403909704355622914,neutral,1.8955222368240356,-0.6867145299911499,1.520538330078125
1403909705156628485,neutral,2.3793060779571533,0.3342278301715851,-0.04760345071554184
1403909705194426370,negative,1.2405959367752075,-1.2726956605911255,3.91055965423584
1403909705794154503,neutral,2.2976291179656982,0.5632279515266418,-0.4752594828605652
1403909706494717953,negative,1.0039504766464233,-0.06436612457036972,1.6281932592391968
1403909706725351426,negative,1.1966218948364258,-0.03894083946943283,1.361022710800171
1403909706750611457,negative,1.156548261642456,-0.323127418756485,1.7172108888626099
1403909706821738500,negative,1.0304664373397827,-1.2239381074905396,3.599560260772705
1403909707610300416,negative,0.25831305980682373,-0.8210888504981995,3.2335054874420166
1403909707614625792,neutral,0.989639401435852,0.45809733867645264,0.8884772658348083
1403909707723464706,negative,0.7940639853477478,0.7201141119003296,1.01429283618927
1403909709577416709,neutral,1.4672719240188599,-0.4013286232948303,1.3790977001190186
1403909710105952258,negative,1.3916523456573486,0.024218961596488953,1.7649662494659424
1403909710475055115,neutral,1.6676042079925537,0.16770753264427185,1.1282013654708862
1403909710969987077,neutral,3.4946365356445312,1.9371206760406494,-1.0233943462371826
1403909711662096384,neutral,1.2199041843414307,0.6431519985198975,0.7103211283683777
1403909712412774400,neutral,2.5836281776428223,0.8456993699073792,-0.09516404569149017
1403909712416968704,neutral,1.3914062976837158,-0.49682578444480896,1.305269718170166
1403909712786214913,neutral,1.6751917600631714,0.026794493198394775,1.141197919845581
1403909712932966401,neutral,1.6337699890136719,1.0212371349334717,0.13123257458209991
1403909713855610885,neutral,1.7400840520858765,0.5392444729804993,0.7037111520767212
1403909713939546118,neutral,2.306674003601074,-0.3815867006778717,0.8096888065338135
1403909714862215168,neutral,1.4488170146942139,1.3073606491088867,0.8401402235031128
1403909715051134976,neutral,2.212160348892212,-0.031338632106781006,0.8980836868286133
1403909715214565379,neutral,1.6130379438400269,0.17195001244544983,0.6405158638954163
1403909715298508802,negative,1.0889734029769897,-1.2248380184173584,2.9755990505218506
1403909715717808137,neutral,1.6621947288513184,0.5306358337402344,0.38936835527420044
1403909716103688197,negative,0.8859953880310059,-0.7625832557678223,2.2994370460510254
1403909716791660545,positive,0.24194465577602386,0.9218271970748901,0.6420594453811646
1403909716967788546,neutral,1.6376755237579346,0.45437198877334595,0.5790776014328003
1403909717748064259,negative,0.9556260108947754,-0.013230964541435242,1.6918429136276245
1403909718964375552,negative,1.6007444858551025,-1.2062618732452393,3.0223493576049805
1403909718993670147,neutral,1.877008080482483,0.33885931968688965,0.6047606468200684
1403909719274577920,neutral,1.5376111268997192,-0.07840780168771744,0.9924055933952332
1403909720281214977,negative,0.9682649970054626,-1.3162165880203247,3.5254135131835938
1403909720641994754,negative,0.6311083436012268,-0.34114816784858704,2.15604829788208
1403909721828904969,neutral,1.6067707538604736,0.2745351791381836,1.5617111921310425
1403909722135175168,neutral,1.5676323175430298,-0.524814248085022,1.3224165439605713
1403909722290278410,neutral,3.530146598815918,1.6300078630447388,-1.0650413036346436
1403909723339071489,neutral,1.8545085191726685,-0.05329873412847519,1.6849907636642456
1403909723787710476,negative,1.2247116565704346,-1.0446819067001343,2.660292387008667
1403909724144214016,neutral,1.4510210752487183,0.8599030375480652,0.38206979632377625
1403909724303724546,neutral,1.6855745315551758,0.37137290835380554,0.37932199239730835
1403909724802666496,neutral,2.052741050720215,1.071890115737915,0.09067115932703018
1403909725364834305,positive,0.7517330646514893,1.2333675622940063,-0.12112798541784286
1403909725519941634,neutral,1.6337699890136719,1.0212371349334717,0.13123257458209991
1403909725645938690,negative,1.075089454650879,-1.0580801963806152,2.8052828311920166
1403909725935181827,negative,0.8927013874053955,0.34639841318130493,1.214215874671936
1403909726010707968,negative,0.9458791613578796,0.7448334097862244,1.329048752784729
1403909726136459266,neutral,1.4671486616134644,-0.1719343364238739,0.8173035383224487
1403909726279135235,negative,0.8224421143531799,-0.7226285338401794,2.9172425270080566
1403909726455439360,negative,1.1092218160629272,-0.22836393117904663,1.720569372177124
1403909726874705922,negative,1.2763588428497314,-0.26687657833099365,1.6837447881698608
1403909727654858757,positive,2.2432477474212646,2.263446807861328,-0.4768962264060974
1403909728040755206,neutral,1.6337699890136719,1.0212371349334717,0.13123257458209991
1403909728196087810,negative,0.7059364318847656,0.013580307364463806,2.029585361480713
1403909728887971844,positive,0.24194465577602386,0.9218271970748901,0.6420594453811646
1403909729001213954,neutral,3.321773052215576,0.7042718529701233,-0.2737632393836975
1403909729508757504,negative,1.1825668811798096,-0.5943398475646973,1.8069937229156494
1403909729823252481,negative,0.8323348760604858,0.08698143064975739,1.295982837677002
1403909730683260930,negative,1.6068503856658936,-1.1901206970214844,2.3568828105926514
1403909730775437316,neutral,1.5289995670318604,0.4505651891231537,0.8436334133148193
1403909730838343680,neutral,1.231489896774292,0.8971279859542847,1.0391982793807983
1403909732075589636,neutral,1.5598981380462646,0.9504426717758179,0.37750306725502014
1403909732319088641,neutral,1.9448661804199219,-0.8178392052650452,1.1977429389953613
1403909732423843842,negative,0.6138241291046143,-1.3152546882629395,3.913731336593628
1403909733010997253,positive,1.7376337051391602,2.2127652168273926,-0.2759924829006195
1403909733673705476,neutral,2.6163887977600098,1.7948631048202515,-0.34238243103027344
1403909733883387906,neutral,1.6619434356689453,-0.4016772508621216,1.4831715822219849
1403909734688776192,negative,0.8305126428604126,0.8446801900863647,0.9569388031959534
1403909734764212226,neutral,1.4229742288589478,-0.006891623139381409,1.2085511684417725
1403909734810456067,negative,1.5463662147521973,-0.909002959728241,1.9635753631591797
1403909735003217922,neutral,3.530146598815918,1.6300078630447388,-1.0650413036346436
1403909735192043527,neutral,1.5831730365753174,0.01674589514732361,0.6735329031944275
1403909735259201538,neutral,2.1014435291290283,-0.29637041687965393,1.245304822921753
1403909735984766979,positive,1.9847229719161987,4.31626033782959,-1.488273024559021
1403909736714719233,neutral,1.1987100839614868,0.3145105242729187,0.9340682029724121
1403909736735547393,negative,1.2213280200958252,-1.22182035446167,3.125633955001831
1403909737494708227,positive,1.6851985454559326,3.039599895477295,-0.5585664510726929
1403909737494716423,negative,0.9731879830360413,-1.0809191465377808,2.7849981784820557
1403909737733832713,negative,1.7142128944396973,-1.0007439851760864,2.244851589202881
1403909737788346374,neutral,1.5067164897918701,-0.3054161071777344,1.257262110710144
1403909737826045956,neutral,3.530146598815918,1.6300078630447388,-1.0650413036346436
1403909737910083594,negative,0.8608286380767822,-1.023810863494873,3.18346905708313
1403909738190950401,neutral,1.542194128036499,0.3680744171142578,0.9510282874107361
1403909738874605569,neutral,1.6645523309707642,0.3945043385028839,0.6784141063690186
1403909738920742913,neutral,3.321773052215576,0.7042718529701233,-0.27376309037208557
1403909739885436932,neutral,1.819001317024231,0.2955159842967987,0.7446642518043518
1403909740120494086,positive,1.2046847343444824,2.176591157913208,0.06379656493663788
1403909740174905348,negative,1.611496925354004,-1.047186255455017,2.621107339859009
1403909740745269258,neutral,1.2152544260025024,-0.31588369607925415,0.014097655192017555
1403909741651402760,neutral,1.3204591274261475,1.131792664527893,1.2317560911178589
1403909743203303425,positive,0.5299819111824036,2.1735355854034424,-0.13073863089084625
1403909743438184456,negative,0.7044474482536316,0.36826828122138977,1.1184264421463013
1403909743727374337,neutral,2.531585454940796,0.6070085763931274,0.1573975384235382
1403909744192933893,neutral,1.236532211303711,-0.14428961277008057,1.04349684715271
1403909744352546822,neutral,1.6337699890136719,1.0212371349334717,0.13123257458209991
1403909744985739269,negative,1.2880669832229614,-0.9772506356239319,2.3092777729034424
1403909745069727744,neutral,1.2684955596923828,0.06238982453942299,0.2659582793712616
1403909745132523522,neutral,1.2416117191314697,0.16468283534049988,0.5670780539512634
1403909745346367492,positive,1.6851983070373535,3.039599895477295,-0.5585663914680481
1403909745388318726,neutral,1.4229742288589478,-0.006891623139381409,1.2085511684417725
1403909745644298242,neutral,1.92171311378479,0.5505150556564331,0.4531581997871399
1403909745845616643,neutral,1.2323832511901855,-0.29414263367652893,1.1886245012283325
1403909746156052482,neutral,1.6855745315551758,0.37137290835380554,0.37932199239730835
1403909747024171013,neutral,1.3959311246871948,1.0429705381393433,0.748815655708313
1403909747133227015,neutral,1.8453189134597778,-0.7528729438781738,1.447109580039978
1403909747166769161,neutral,2.625272750854492,1.9460138082504272,-0.45461955666542053
1403909747342934018,negative,0.6393980979919434,-0.47516003251075745,2.0940229892730713
1403909747733012485,negative,0.5616499185562134,-0.482054203748703,1.6080222129821777
1403909747862949892,neutral,2.3341925144195557,1.2727758884429932,-0.3107021152973175
1403909747888164869,negative,1.129659652709961,0.11079902946949005,1.3225390911102295
1403909748014030848,negative,0.6311083436012268,-0.34114816784858704,2.15604829788208
1403909748223889414,negative,1.242304801940918,-0.8097944855690002,1.9963856935501099
1403909749532471296,neutral,1.422623872756958,0.9487393498420715,0.3922460675239563
1403909749964525568,neutral,1.7332265377044678,0.4006214737892151,0.9060355424880981
1403909750723551234,negative,1.7779136896133423,-0.9657037258148193,2.0349223613739014
1403909751373664257,neutral,1.7035671472549438,0.580303966999054,1.004669427871704
1403909751377891328,neutral,2.0391762256622314,-0.47227779030799866,0.957503616809845
1403909751445073921,neutral,1.9135195016860962,0.765559196472168,0.28654399514198303
1403909752095227909,neutral,1.8341423273086548,-0.7452923655509949,1.1401643753051758
1403909752594132999,neutral,1.6337699890136719,1.0212371349334717,0.13123257458209991
1403909752598323202,positive,2.1576969623565674,3.822187900543213,-0.5424863696098328
1403909752946446336,neutral,1.43927800655365,-0.10450523346662521,0.7600976228713989
1403909753923936259,neutral,1.3767045736312866,0.44174623489379883,-0.15045246481895447
1403909754142052352,negative,1.1634631156921387,0.4580264091491699,1.4192317724227905
1403909754892791810,neutral,2.0531721115112305,0.844489574432373,-0.14078901708126068
1403909755349962752,negative,1.1256651878356934,-0.6765309572219849,1.9233109951019287
1403909755953762306,neutral,1.4025256633758545,-0.3142548203468323,1.1465338468551636
1403909756000014337,neutral,2.0398097038269043,0.6565144062042236,0.08112096786499023
1403909756486574088,negative,1.5510801076889038,-0.8862767815589905,2.0368223190307617
1403909756767645699,neutral,1.6023966073989868,0.19074121117591858,0.9598806500434875
1403909757509976071,negative,1.4180810451507568,-0.916871964931488,1.8428053855895996
1403909758130606080,positive,1.259078025817871,3.336740255355835,-0.6341413855552673
1403909758730616843,negative,1.381537675857544,-1.1605868339538574,2.6029374599456787
1403909760185888773,negative,1.2306199073791504,-0.8606042265892029,2.4996275901794434
1403909760215257090,neutral,2.0060200691223145,0.6084725260734558,0.36616358160972595
1403909760446042112,positive,1.051314353942871,1.7498586177825928,0.7020789980888367
1403909761083404288,negative,0.4868775010108948,-0.12603268027305603,2.339646339416504
1403909761272221696,positive,1.6851983070373535,3.039599895477295,-0.5585663914680481
1403909762039779329,negative,1.4835381507873535,0.5047315359115601,1.503318190574646
1403909762106941441,neutral,1.6855745315551758,0.37137293815612793,0.37932196259498596
1403909762442575878,neutral,2.625272750854492,1.9460138082504272,-0.45461955666542053
1403909763247783937,neutral,1.6337699890136719,1.0212371349334717,0.13123257458209991
1403909763444838413,negative,1.7143914699554443,-0.9848355054855347,2.122886896133423
1403909764392828928,positive,1.7480933666229248,1.9030461311340332,0.09785670787096024
1403909765260976128,negative,0.8669507503509521,-0.026935502886772156,1.6549503803253174
1403909765319708675,negative,1.5462321043014526,-0.9039551615715027,1.93699049949646
1403909765403537410,negative,0.9121808409690857,0.355979859828949,1.1646279096603394
1403909765948854281,neutral,1.033760666847229,-0.3487861752510071,0.47927144169807434
1403909765986652162,negative,1.0022778511047363,-0.7893878221511841,1.9818006753921509
1403909766393499649,negative,0.3190454840660095,-0.8729479908943176,2.3441739082336426
1403909766607482882,negative,0.6340882182121277,-1.138327717781067,3.185971260070801
1403909767148441602,neutral,1.761425256729126,0.5875687003135681,0.2585260570049286
1403909768771739648,neutral,1.6065446138381958,0.36373963952064514,0.9239094853401184
1403909768926973955,neutral,2.2630417346954346,0.4802009165287018,0.13365767896175385
1403909769027411977,negative,0.9002079367637634,-0.6852434277534485,2.305802583694458
1403909769396580366,neutral,1.160515546798706,0.040241435170173645,0.7538101077079773
1403909770260615171,neutral,1.4447814226150513,-0.1334587037563324,0.964914858341217
1403909772345229314,positive,1.9859881401062012,2.3564116954803467,-0.44488587975502014
1403909772441788419,negative,1.158786654472351,-1.0162729024887085,2.9729862213134766
1403909772651421696,neutral,1.334800124168396,1.3322755098342896,0.7782256603240967
1403909772705943555,negative,1.2012120485305786,-0.03700076788663864,1.4124021530151367
1403909773247012864,neutral,1.2125118970870972,0.4290657937526703,0.9635602235794067
1403909773397999623,negative,0.9668614864349365,-0.026693828403949738,1.2459088563919067
1403909774392049665,negative,1.2122104167938232,-0.9723127484321594,2.9738659858703613
1403909775222460418,positive,2.0719785690307617,2.445056915283203,-0.8713648319244385
1403909776128413699,negative,1.378389596939087,0.08099635690450668,1.7644765377044678
1403909776161972227,neutral,3.530146598815918,1.6300078630447388,-1.0650413036346436
1403909776388476929,negative,0.6695556640625,0.4623339772224426,1.6359715461730957
1403909776677892104,neutral,1.8950278759002686,-0.17218869924545288,0.90213543176651
1403909777797783561,neutral,2.9893946647644043,1.0454254150390625,-0.42860373854637146
1403909777969741831,positive,2.2271292209625244,3.158660650253296,-1.025310754776001
1403909778116472834,negative,1.2227380275726318,-1.040143370628357,2.3806257247924805
1403909778192150528,negative,1.1766688823699951,-1.1870781183242798,3.0117437839508057
1403909778317799426,positive,1.347836971282959,1.8178297281265259,-0.03009638376533985
1403909778355621893,neutral,1.4962544441223145,0.11732083559036255,0.5050767660140991
1403909778607263746,neutral,1.1690963506698608,1.1565933227539062,0.6226913928985596
1403909778741424131,neutral,2.3341925144195557,1.2727758884429932,-0.3107021152973175
1403909779815231488,neutral,1.4006741046905518,0.6014758944511414,0.8210018277168274
1403909779907563523,neutral,1.7001101970672607,0.18882006406784058,0.9197374582290649
1403909780331139077,neutral,2.5836284160614014,0.8456993103027344,-0.09516402333974838
1403909780398280706,neutral,1.6855745315551758,0.37137290835380554,0.37932199239730835
1403909780930895876,neutral,2.133840560913086,0.15199226140975952,0.4240938127040863
1403909781014794243,positive,1.5618107318878174,5.610706329345703,-1.8380460739135742
1403909782461845511,negative,0.5453012585639954,0.7992355227470398,1.1397209167480469
1403909782780715009,neutral,1.7728335857391357,0.3202638626098633,0.15733234584331512
1403909782918950919,neutral,0.9626818895339966,-0.1284964382648468,0.7970970273017883
1403909783124545537,negative,1.5462321043014526,-0.9039551615715027,1.93699049949646
1403909783376187401,negative,1.3944538831710815,-1.0916070938110352,2.412003517150879
1403909784563298307,negative,0.7265573740005493,0.0506243035197258,1.269236445426941
1403909784638681089,negative,1.3957980871200562,-0.62623131275177,1.941148281097412
1403909784986918913,negative,0.8590395450592041,-0.040994636714458466,1.5054914951324463
1403909785058267139,positive,1.4823378324508667,1.776183843612671,-0.024687422439455986
1403909785183997952,negative,1.1099742650985718,-0.2498815655708313,1.8391921520233154
1403909785292984320,negative,1.3328379392623901,-1.1997720003128052,3.0109012126922607
1403909785708240896,neutral,1.3532719612121582,0.9881620407104492,0.4453467130661011
1403909785842601986,negative,0.9510208964347839,-0.10029228776693344,2.2475194931030273
1403909785884495877,neutral,1.8971370458602905,-0.15716713666915894,1.0333062410354614
1403909786635313153,negative,1.3266730308532715,-0.6445747017860413,1.9986371994018555
1403909787448872963,neutral,2.3341925144195557,1.2727758884429932,-0.3107021152973175
1403909788057182211,negative,1.50882887840271,-0.7337552905082703,1.8573435544967651
1403909789667762177,neutral,0.6305603384971619,0.6164481043815613,0.16563186049461365
1403909792129716227,neutral,1.2173993587493896,0.18364916741847992,1.2046613693237305
1403909792687484929,negative,0.2600034773349762,0.09664314240217209,1.6315902471542358
1403909793106907138,negative,1.3095946311950684,-1.0661817789077759,2.484309196472168
1403909793710940161,negative,1.158020257949829,-0.9593334794044495,2.68367075920105
1403909793819938818,neutral,1.4627141952514648,-0.27386483550071716,1.2855949401855469
1403909797561389056,negative,1.7292156219482422,-0.8366965055465698,1.9617642164230347
1403909798223958023,neutral,1.6855745315551758,0.37137290835380554,0.37932199239730835
1403909801655025664,neutral,2.5309994220733643,0.7896187901496887,0.13629953563213348
1403909801818701824,neutral,1.6550211906433105,0.15934893488883972,0.9476357102394104
1403909803496415232,negative,1.4350229501724243,-0.49400368332862854,1.5056767463684082
1403909804217683968,neutral,1.2345860004425049,0.5773616433143616,0.8101852536201477
1403909804893085706,neutral,1.808187484741211,-0.3648030459880829,1.1206120252609253
1403909804922310656,negative,1.3328379392623901,-1.1997720003128052,3.0109012126922607
1403909805396398081,neutral,2.76759672164917,1.024561882019043,-0.4526544213294983
1403909805404733440,neutral,1.7918291091918945,1.4152320623397827,-0.17605683207511902
1403909806302416898,neutral,1.6013178825378418,-0.0950753316283226,1.221086859703064
1403909806834868225,neutral,3.530146598815918,1.6300078630447388,-1.0650413036346436
1403909806956580868,positive,1.879622459411621,2.0423743724823,-0.44462165236473083
1403909807220789252,negative,0.7066723704338074,-0.10293576866388321,1.723832130432129
1403909807543783427,neutral,1.3371130228042603,0.013666041195392609,1.0891344547271729
1403909807925387266,neutral,2.3341925144195557,1.2727758884429932,-0.3107021152973175
1403909808592457728,positive,1.446018934249878,2.7572834491729736,-0.4108082950115204
1403909808843939840,negative,1.0365039110183716,-0.1730882227420807,1.5534918308258057
1403909808990822401,positive,2.579983711242676,3.308907985687256,-0.8952670097351074
1403909809141960704,negative,1.1626431941986084,-0.6592227816581726,1.8451189994812012
1403909809250869248,neutral,1.7650130987167358,-0.7029992341995239,1.4997855424880981
1403909809792065539,negative,1.0545748472213745,-0.5156394839286804,1.2932755947113037
1403909810072993792,negative,1.7142128944396973,-1.0007439851760864,2.244851589202881
1403909810383253507,negative,1.4937009811401367,-1.2051976919174194,3.207881212234497
1403909810903416833,negative,1.661550521850586,-0.6820210218429565,1.7995095252990723
1403909811180244992,negative,1.0084067583084106,0.09406343847513199,1.1995819807052612
1403909811364892672,negative,1.4180810451507568,-0.916871964931488,1.8428053855895996
1403909811868143622,neutral,1.6077783107757568,0.0052930936217308044,0.994408905506134
1403909811981389824,neutral,1.282496690750122,-0.049510858952999115,0.8056637644767761
1403909812170149893,neutral,2.4758172035217285,0.7022254467010498,-0.17741160094738007
1403909812673421315,negative,1.3916523456573486,0.024218961596488953,1.7649662494659424
1403909813000716291,positive,1.5079127550125122,1.5450831651687622,0.03308340907096863
1403909813218643971,negative,0.14491555094718933,-0.14023327827453613,1.9319950342178345
1403909813407346690,negative,1.1007014513015747,-0.8211219310760498,2.1000633239746094
1403909813969489925,neutral,1.921278953552246,0.24524930119514465,0.5271075367927551
1403909815152218117,neutral,1.5700846910476685,0.09034959226846695,0.6365004777908325
1403909817220038663,neutral,1.2465180158615112,-0.13062003254890442,1.1144369840621948
1403909817421512704,neutral,1.2672293186187744,0.3607272505760193,1.0294944047927856
1403909817782124547,neutral,1.3469706773757935,1.2537133693695068,-0.5329821705818176
1403909817849110537,neutral,1.365983247756958,-0.026248790323734283,1.3223859071731567
1403909818449080321,negative,1.3916523456573486,0.024218961596488953,1.7649662494659424
1403909818742624257,negative,0.8938226699829102,-1.099412441253662,3.259850025177002
1403909821196378120,neutral,1.2804648876190186,0.7018282413482666,0.16555923223495483
1403909821284421633,neutral,1.9621915817260742,0.5065338015556335,0.23594824969768524
1403909821678690304,neutral,1.8955222368240356,-0.6867145299911499,1.520538330078125
1403909821884035074,neutral,0.7952986359596252,0.283042848110199,0.7215611338615417
1403909822207176705,negative,0.25349774956703186,0.2800137400627136,0.9321376085281372
1403909822903468034,positive,1.1676114797592163,1.3317862749099731,-0.39955875277519226
1403909823054290945,neutral,1.5277540683746338,-0.20837098360061646,1.490260124206543
1403909823536631814,neutral,2.3180768489837646,0.7701128125190735,-0.1532278060913086
1403909824379637766,negative,0.21050669252872467,0.16855280101299286,0.3258369565010071
1403909825948311554,negative,1.3783894777297974,0.08099635690450668,1.7644765377044678
1403909826422337543,neutral,1.889449954032898,-0.45992156863212585,0.9126849174499512
1403909827001303043,negative,0.7590916752815247,0.08153820782899857,1.4969247579574585
1403909827017928704,positive,0.9295927286148071,3.1355040073394775,0.2507247030735016
1403909827626037254,positive,0.7175539135932922,1.4235161542892456,0.3092402517795563
1403909827861098498,neutral,2.625272750854492,1.9460139274597168,-0.45461949706077576
1403909828175708160,neutral,1.6337699890136719,1.0212371349334717,0.13123257458209991
1403909828477652996,negative,1.3916523456573486,0.024218998849391937,1.7649664878845215
1403909828511113216,negative,0.8708864450454712,-0.5669580101966858,2.5222527980804443
1403909829274521602,negative,1.3916523456573486,0.024218961596488953,1.7649662494659424
1403909829710606337,negative,1.1514801979064941,-0.9777970910072327,2.4332592487335205
1403909829727502339,positive,0.7536449432373047,1.139792561531067,0.9123407602310181
1403909830801121280,neutral,1.6855745315551758,0.37137290835380554,0.37932199239730835
1403909832567103490,neutral,1.8891878128051758,0.5245234966278076,0.5609523057937622
1403909833506521090,neutral,1.5773104429244995,0.9323521256446838,0.2744274437427521
1403909833720487941,neutral,1.5262744426727295,0.37280431389808655,0.6297694444656372
1403909834022473728,neutral,1.6337699890136719,1.0212371349334717,0.13123257458209991
1403909834148249601,neutral,1.727063775062561,1.707088589668274,-0.12855616211891174
1403909834299232262,neutral,1.8709139823913574,0.7854757308959961,0.3054758906364441
1403909834584461313,negative,1.6705219745635986,-0.30803534388542175,1.7488199472427368
1403909834643234819,neutral,1.5978000164031982,0.07402771711349487,0.7179110050201416
1403909835154919424,positive,0.2810235917568207,3.741004228591919,-0.4365757703781128
1403909835574460420,negative,0.6939438581466675,-0.4063788652420044,1.8710474967956543
1403909836161503239,neutral,1.542194128036499,0.3680744171142578,0.9510282874107361
1403909836815802370,negative,1.5086452960968018,-0.9029343128204346,2.112347364425659
1403909836874653698,neutral,1.6855745315551758,0.37137284874916077,0.37932202219963074
1403909837789011971,negative,1.3916523456573486,0.024218961596488953,1.7649662494659424
1403909837855989760,neutral,3.530146598815918,1.6300078630447388,-1.0650413036346436
1403909837986189315,neutral,1.8971370458602905,-0.15716713666915894,1.0333062410354614
1403909838590025729,neutral,1.317876935005188,1.0666091442108154,0.9595757722854614
1403909838690603008,neutral,1.1228433847427368,0.3682563602924347,0.637382447719574
1403909838820712448,neutral,1.9217129945755005,0.5505151748657227,0.4531582295894623
1403909838913032197,negative,0.6566658616065979,0.24164700508117676,1.6854338645935059
1403909839797952513,positive,0.852933406829834,1.2892200946807861,0.08430267125368118
1403909839798116359,neutral,1.926209807395935,1.5368692874908447,0.06488267332315445
1403909839873449986,neutral,1.614809274673462,0.29559871554374695,0.6025558114051819
1403909840364314628,negative,1.4009054899215698,-0.3449259400367737,1.4690287113189697
1403909841597444098,neutral,2.5836281776428223,0.8456993103027344,-0.09516389667987823
1403909845070274569,neutral,1.8172554969787598,-0.6669648289680481,0.8149069547653198
1403909845120688131,neutral,1.302931308746338,0.9679043889045715,0.4096337556838989
1403909845170876421,neutral,1.6337699890136719,1.0212371349334717,0.13123257458209991
1403909845758140416,neutral,1.5918235778808594,0.7958863377571106,0.40353044867515564
1403909846420791299,neutral,1.7921884059906006,1.053912878036499,-0.04276067763566971
1403909847221944321,negative,1.4549390077590942,-0.5249334573745728,2.1174681186676025
1403909847314206729,neutral,2.3745880126953125,1.1802350282669067,-0.32086697220802307
1403909848182538243,negative,1.637496829032898,-0.9644234776496887,2.0672924518585205
1403909848274771969,neutral,1.7871710062026978,0.18971100449562073,0.9425323605537415
1403909848786522115,neutral,1.6855745315551758,0.37137290835380554,0.37932199239730835
1403909848811540480,neutral,1.6156479120254517,1.0034308433532715,0.9610841870307922
1403909849201606656,negative,1.2051091194152832,-1.0548323392868042,2.824289321899414
1403909849730125827,neutral,2.1419124603271484,1.5314271450042725,-0.628013014793396
1403909850103488522,neutral,1.3409955501556396,-0.019700735807418823,1.033163070678711
1403909850195656705,neutral,2.306674003601074,-0.3815867006778717,0.8096888065338135
1403909850564751367,negative,1.2213280200958252,-1.22182035446167,3.125633955001831
1403909851508576262,negative,0.41289201378822327,0.49427610635757446,2.405181407928467
1403909851806240772,neutral,2.6182212829589844,2.316246747970581,-1.0129201412200928
1403909851944669188,positive,0.7862796783447266,2.2522778511047363,1.030297040939331
1403909852041187329,positive,1.1039596796035767,1.5302916765213013,0.3842979967594147
1403909852330528769,negative,1.1914933919906616,-0.31042689085006714,1.3577086925506592
1403909852745830408,negative,0.9774981737136841,-1.093092441558838,3.250990629196167
1403909853437857792,neutral,1.8955222368240356,-0.6867145299911499,1.520538330078125
1403909853442105345,neutral,1.555951476097107,0.9688065052032471,0.1871528923511505
1403909854431961092,neutral,1.8709139823913574,0.7854757308959961,0.3054758906364441
1403909854993870853,neutral,1.8447394371032715,-0.13375553488731384,1.0971918106079102
1403909856013131777,negative,1.2021594047546387,0.20150786638259888,2.218064069747925
1403909857934258181,neutral,1.6956075429916382,0.14766192436218262,1.056240439414978
1403909858223607813,negative,0.5943014025688171,-0.6149210929870605,2.9421496391296387
1403909859574046722,positive,1.2595181465148926,2.3839542865753174,0.02004942297935486
1403909860505251845,neutral,3.3405725955963135,1.6176941394805908,-0.8151185512542725
1403909861272743941,neutral,1.5202220678329468,0.0021452903747558594,1.2760512828826904
1403909862031986693,neutral,1.430443286895752,0.382893830537796,0.47264519333839417
1403909862271107078,negative,0.5572183132171631,0.04833598807454109,1.40126371383667
1403909863009259522,neutral,1.970107913017273,-0.43401941657066345,0.9729315638542175
1403909863969853443,negative,1.0493340492248535,-0.020788900554180145,1.6858206987380981
1403909864821231617,negative,0.5666109919548035,-0.8695405721664429,3.228283405303955
1403909864833777665,neutral,2.152066469192505,1.7078646421432495,-1.051534652709961
1403909864879902723,neutral,1.5084640979766846,1.4423896074295044,-0.48399215936660767
1403909865479757825,positive,0.441696435213089,2.0609676837921143,0.20834198594093323
1403909865500667907,negative,0.9748833775520325,-1.1192152500152588,2.882169485092163
1403909865865633799,neutral,1.555951476097107,0.9688065052032471,0.1871528923511505
1403909865907572738,neutral,1.1950279474258423,0.21187204122543335,0.3847607672214508
1403909866201227268,negative,1.5132566690444946,-1.0696130990982056,2.363255262374878
1403909866842996740,neutral,1.703413724899292,0.3283551335334778,0.40539902448654175
1403909866884943873,negative,2.1112687587738037,-1.0838860273361206,2.2172744274139404
1403909866905911299,neutral,1.6337699890136719,1.0212371349334717,0.13123257458209991
1403909867329363968,neutral,2.178636312484741,-0.5951839089393616,0.4340347647666931
1403909867547598853,neutral,1.742470622062683,-0.48000189661979675,1.2558343410491943
1403909867782299648,neutral,2.451819896697998,0.11908485740423203,0.29261040687561035
1403909867790798851,neutral,1.734557867050171,0.8566311001777649,-0.5169632434844971
1403909868705107970,negative,1.1974538564682007,0.10939779132604599,2.1378471851348877
1403909869485182977,positive,1.8522303104400635,2.37571382522583,-0.47156649827957153
1403909870039019522,neutral,1.5515817403793335,0.29449713230133057,0.3452797830104828
1403909870047444992,neutral,1.802203893661499,-0.4491245448589325,1.2220368385314941
1403909870055616517,neutral,1.0073233842849731,0.42772191762924194,0.9122814536094666
1403909870353489925,neutral,2.1726419925689697,1.9253664016723633,-0.49119049310684204
1403909870357786628,neutral,1.3825762271881104,0.01349647343158722,1.1845680475234985
1403909871020376074,neutral,2.052741050720215,1.071890115737915,0.09067115932703018
1403909871037075460,positive,2.2271292209625244,3.158660650253296,-1.025310754776001
1403909871939076097,negative,1.2110493183135986,-1.1562155485153198,3.153486490249634
1403909873172156419,negative,0.7902189493179321,0.05235222354531288,2.036005735397339
1403909873188868097,neutral,2.2134480476379395,1.0128000974655151,0.2062782347202301
1403909874522607617,positive,1.335243582725525,2.0651066303253174,-0.08382951468229294
1403909874564562947,negative,1.5876938104629517,-0.8291020393371582,2.140810489654541
1403909875688689664,neutral,2.6431326866149902,1.7915070056915283,0.25375014543533325
1403909875923447815,negative,0.9458792209625244,0.7448334097862244,1.329048991203308
1403909876523409409,neutral,1.576943039894104,0.06160959601402283,0.9016908407211304
1403909876527644673,negative,1.4549390077590942,-0.5249334573745728,2.1174681186676025
1403909876590559233,negative,1.6031694412231445,-0.573107898235321,1.7391191720962524
1403909876812759042,negative,0.8338894844055176,0.042495109140872955,1.8342900276184082
1403909877412552706,negative,0.5210359692573547,-0.1307797133922577,1.8250384330749512
1403909879597735940,positive,1.6851983070373535,3.039599895477295,-0.5585663914680481
1403909880239452161,neutral,1.6337699890136719,1.0212371349334717,0.13123257458209991
1403909880558280707,neutral,0.9960818886756897,0.49025246500968933,-0.1376364380121231
1403909880570916867,negative,1.1634631156921387,0.4580264091491699,1.4192317724227905
1403909880780447750,neutral,1.6653332710266113,0.9958205819129944,-0.52581787109375
1403909881019600900,neutral,1.698459267616272,-0.3854987621307373,1.2262639999389648
1403909881246138369,negative,1.169761300086975,0.3275432288646698,1.7290657758712769
1403909882349178884,neutral,2.6223671436309814,0.8695825934410095,-0.037313178181648254
1403909882399526914,positive,1.3347543478012085,1.6714845895767212,0.26079443097114563
1403909883338973184,neutral,1.877008080482483,0.33885931968688965,0.6047606468200684
1403909883712339974,neutral,1.0860621929168701,0.592682957649231,0.6716974973678589
1403909884064710659,negative,0.9804960489273071,-0.6608299612998962,1.7996035814285278
1403909884140158976,negative,1.3079363107681274,-0.7514696717262268,2.3969929218292236
1403909884790427649,negative,1.4549390077590942,-0.5249334573745728,2.1174681186676025
1403909884920336386,neutral,2.1332125663757324,1.8514677286148071,-0.67106693983078
1403909887332024322,negative,1.5462321043014526,-0.9039551615715027,1.9369906187057495
1403909887843737601,negative,1.4778536558151245,-0.8342931270599365,2.2221248149871826
1403909887864700932,neutral,2.4753668308258057,0.6565871834754944,-0.1330265998840332
1403909888103927811,neutral,1.8674137592315674,0.09837688505649567,0.7338100671768188
1403909889299128322,negative,1.4070523977279663,-0.9250664710998535,1.9019063711166382
1403909889592893440,negative,1.054113507270813,-0.38961485028266907,1.6917059421539307
1403909890951847938,negative,1.153688907623291,-1.1118874549865723,2.697187662124634
1403909891115282436,neutral,1.542194128036499,0.3680744171142578,0.9510282874107361
1403909891278864388,negative,1.5036461353302002,-0.7842859625816345,2.0220742225646973
1403909891538911233,negative,1.7142128944396973,-1.0007439851760864,2.244851589202881
1403909892016992257,neutral,2.3341927528381348,1.2727758884429932,-0.3107021749019623
1403909892331737089,neutral,2.339174747467041,0.9759997725486755,0.3217753767967224
1403909892579155972,negative,1.0677886009216309,-0.635394275188446,2.1145613193511963
1403909892612583425,positive,0.42519164085388184,4.031857490539551,-0.17807568609714508
1403909894160400384,negative,1.3735510110855103,-0.4043789803981781,1.7256969213485718
1403909894458253312,positive,0.8643711805343628,2.680816411972046,-0.4183633625507355
1403909895880065027,negative,1.249198317527771,-0.8569127321243286,2.1093008518218994
1403909896136015872,positive,2.0609261989593506,2.8944921493530273,-0.6957241296768188
1403909896567988226,positive,1.0538941621780396,2.777552366256714,0.25793731212615967
1403909897184415747,neutral,2.2696282863616943,1.339556097984314,0.05532468855381012
1403909897549344770,neutral,1.6253811120986938,0.4920629560947418,0.8586699962615967
1403909897817706504,negative,0.8610116839408875,0.038508351892232895,1.8271986246109009
1403909899088666630,negative,0.32856905460357666,0.13430708646774292,0.5823351740837097
1403909899877187589,neutral,2.37253737449646,1.482489824295044,-0.5567613244056702
1403909901315833857,neutral,1.8054993152618408,0.6360993981361389,0.5466097593307495
1403909901324333058,neutral,1.6594793796539307,-0.220182865858078,0.5442261695861816
1403909905027932161,neutral,1.6156479120254517,1.0034308433532715,0.9610841870307922
1403909909419335681,neutral,0.6573004126548767,0.23309731483459473,0.2018759548664093
1403909910107246595,negative,0.9748833775520325,-1.1192152500152588,2.882169485092163
1403909910803324931,neutral,2.3341925144195557,1.2727758884429932,-0.3107021152973175
1403909911159787525,negative,0.7838588953018188,-0.8143433928489685,2.5138864517211914
1403909911218737153,neutral,1.6694282293319702,-0.8444867134094238,1.4656485319137573
1403909912279896064,neutral,1.528906226158142,0.3628106117248535,0.8944521546363831
1403909912477024260,negative,0.5348553657531738,-0.8909215331077576,2.731860399246216
1403909912841818115,neutral,2.267585039138794,1.4034444093704224,0.06691405922174454
1403909912967536640,positive,0.9593674540519714,1.6230201721191406,1.0268421173095703
1403909913319968775,negative,0.9864599704742432,-0.5773411393165588,1.4517544507980347
1403909913353461762,neutral,2.3341925144195557,1.2727758884429932,-0.3107021152973175
1403909913558982660,neutral,3.530146598815918,1.6300078630447388,-1.0650413036346436
1403909913626222593,neutral,1.2400773763656616,0.8503363728523254,0.11373043805360794
1403909914267893761,neutral,2.052741050720215,1.071890115737915,0.09067115932703018
1403909914834182145,negative,1.1802632808685303,-0.6944404244422913,1.4148848056793213
1403909915257688066,positive,0.18668338656425476,2.1321375370025635,0.8014808297157288
1403909916067205121,negative,0.8373944163322449,-0.5525233149528503,1.9937329292297363
1403909916276842496,positive,0.852933406829834,1.2892200946807861,0.08430267125368118
1403909916922945537,neutral,1.822504997253418,-0.10971533507108688,1.201312780380249
1403909918164353025,neutral,4.039933204650879,2.1990437507629395,-1.1476349830627441
1403909919896653825,neutral,1.0018595457077026,0.4573841691017151,0.9574825763702393
1403909920441782273,neutral,1.1126971244812012,0.20308558642864227,0.6838314533233643
1403909920861265924,neutral,2.0509450435638428,0.30172479152679443,0.5288617610931396
1403909921331027973,neutral,2.2133092880249023,-0.2824384272098541,0.8763323426246643
1403909921389780993,negative,1.8673808574676514,-0.9625409245491028,1.9045990705490112
1403909921792462852,neutral,1.542194128036499,0.3680744171142578,0.9510282874107361
1403909921876242435,negative,1.0137369632720947,0.8216245174407959,1.0418882369995117
1403909922803175428,negative,0.5536502599716187,0.5268986225128174,1.1624332666397095
1403909923549945857,neutral,1.4338839054107666,0.7449626326560974,-0.08445020020008087
1403909923746893826,neutral,2.5836281776428223,0.8456993103027344,-0.09516389667987823
1403909924174794753,negative,0.35578837990760803,-0.2529433071613312,2.9145429134368896
1403909925332529153,negative,1.0322130918502808,-0.5298181176185608,1.849255919456482
1403909925734998016,neutral,2.485743999481201,-0.314749151468277,0.4562076926231384
1403909925785456641,negative,1.3458764553070068,-0.6610444188117981,1.9230648279190063
1403909927987335173,negative,1.3783894777297974,0.08099635690450668,1.7644765377044678
1403909933490262016,negative,1.6150785684585571,-0.6954351663589478,1.7557952404022217
1403909934555668480,neutral,1.1790331602096558,0.3375442922115326,0.7112967371940613
1403909934736097281,negative,1.522487759590149,-0.30564865469932556,1.6489794254302979
1403909934815744002,negative,1.3783894777297974,0.08099635690450668,1.7644765377044678
1403909935226888193,neutral,1.92171311378479,0.5505150556564331,0.4531581997871399
1403909935805517828,positive,0.8640181422233582,1.1213821172714233,0.7680953741073608
1403909936405352449,neutral,2.235969066619873,0.5913001894950867,-0.29234960675239563
1403909938758443011,negative,1.2110493183135986,-1.1562155485153198,3.153486490249634
1403909939492528130,neutral,1.5297402143478394,-0.6145023703575134,1.2752526998519897
1403909940004241408,negative,1.3521325588226318,-0.4328968822956085,1.5556164979934692
1403909940159279104,neutral,1.2279608249664307,0.6545541286468506,-0.09081245213747025
1403909940192894982,neutral,3.097872018814087,1.3156877756118774,-0.5178894400596619
1403909940222185473,positive,0.6351810097694397,1.8458771705627441,0.6343376636505127
1403909940339785729,negative,1.4361839294433594,-0.3990025520324707,1.6829584836959839
1403909941052809220,negative,1.1391408443450928,0.37149810791015625,1.1467427015304565
1403909941363085312,negative,0.7838589549064636,-0.8143433928489685,2.5138864517211914
1403909942063423488,positive,1.9316705465316772,2.1811797618865967,-0.5911884903907776
1403909942633910274,negative,1.200363039970398,-0.5392719507217407,1.6968928575515747
1403909943745421312,neutral,1.802203893661499,-0.4491245448589325,1.2220368385314941
1403909944638857219,neutral,1.6051539182662964,-0.10807613283395767,1.1894357204437256
1403909945276321793,neutral,2.074740171432495,1.8347262144088745,-0.4651351571083069
1403909946798866435,neutral,1.549101710319519,-0.7296223640441895,1.4869049787521362
1403909947977474048,positive,2.774650812149048,4.085967540740967,-1.6760584115982056
1403909948858376195,neutral,2.625272750854492,1.9460138082504272,-0.45461955666542053
1403909949005000704,positive,0.1066950261592865,2.9466657638549805,-0.49777278304100037
1403909949252534274,neutral,1.2885048389434814,0.4984723627567291,0.1203310638666153
1403909950246633484,positive,2.468137741088867,3.2754783630371094,-1.1367270946502686
1403909952956243971,negative,0.4583418071269989,-0.7570613622665405,3.4654152393341064
1403909953786507268,negative,0.6265775561332703,0.34463584423065186,1.8797860145568848
1403909954638172162,neutral,2.260634660720825,1.0462608337402344,0.05592586100101471
1403909955686596610,neutral,2.0042576789855957,0.6444495320320129,0.13729533553123474
1403909955808239618,neutral,2.3341925144195557,1.2727758884429932,-0.3107021152973175
1403909956181671939,positive,1.9073063135147095,2.3726744651794434,-0.007812784984707832
1403909956533817353,neutral,1.6855745315551758,0.37137290835380554,0.37932199239730835
1403909956777119752,neutral,1.6888703107833862,0.2640973925590515,1.5385888814926147
1403909956907143169,neutral,2.6889748573303223,0.5310973525047302,0.6077894568443298
1403909957746049024,negative,0.8948931694030762,0.3026617467403412,1.4873837232589722
1403909959633444867,neutral,1.5149956941604614,0.32462799549102783,0.6214868426322937
1403909960170229766,negative,1.7538214921951294,-0.7471761107444763,1.9158875942230225
1403909960686260226,positive,2.964583158493042,6.072031497955322,-2.281764507293701
1403909961063620611,neutral,1.5300959348678589,0.47747549414634705,0.7566578984260559
1403909961688682498,neutral,1.6073737144470215,-0.080684132874012,0.9356517791748047
1403909962338865155,neutral,1.6855745315551758,0.37137290835380554,0.37932199239730835
1403909962485702658,neutral,1.8709139823913574,0.7854757308959961,0.3054758906364441
1403909963584446465,negative,1.6757378578186035,-0.5615420341491699,1.8577485084533691
1403909967413977089,neutral,1.2100073099136353,0.8485797047615051,0.6398364901542664
1403909968638660612,negative,1.030448317527771,-0.8581322431564331,2.982595682144165
1403909969112539136,neutral,3.097872018814087,1.3156877756118774,-0.5178894400596619
1403909970098229250,neutral,2.5156655311584473,1.513499140739441,-0.13164694607257843
1403909970131705856,positive,1.8251855373382568,2.727811098098755,-0.6533918976783752
1403909970249228290,positive,0.9295927286148071,3.1355040073394775,0.2507247030735016
1403909971503312898,neutral,1.9403049945831299,-0.6860625147819519,0.9651776552200317
1403909972509876225,neutral,1.3649611473083496,-0.25628960132598877,1.2008289098739624
1403909973168562177,neutral,2.167619466781616,1.0713543891906738,-0.46619629859924316
1403909973348962306,negative,0.8861842155456543,-0.2533155679702759,2.617161273956299
1403909973738811392,neutral,1.5297402143478394,-0.6145023703575134,1.2752526998519897
1403909973856321544,neutral,2.052741050720215,1.071890115737915,0.09067115932703018
1403909979199791106,neutral,1.542194128036499,0.3680744171142578,0.9510282874107361
1403909981783703552,neutral,2.625272750854492,1.9460138082504272,-0.45461955666542053
1403909981934653442,negative,1.678417444229126,-1.1686162948608398,2.364081859588623
1403909982156886024,neutral,1.5624234676361084,-0.2500186264514923,0.8497054576873779
1403909982580531202,neutral,2.5547358989715576,2.5125958919525146,-0.29149991273880005
1403909982655971328,neutral,1.8820594549179077,1.224405288696289,0.08794479072093964
1403909985046650885,neutral,1.3161773681640625,0.10712559521198273,0.2856447100639343
1403909987647201284,neutral,1.387179970741272,1.1962295770645142,0.3446921408176422
1403909988465139712,neutral,1.7133759260177612,0.6113046407699585,0.7009618878364563
1403909990331547649,negative,1.1893118619918823,-0.7003849148750305,2.2302162647247314
1403909991208263680,neutral,1.902201771736145,0.5252722501754761,0.033197034150362015
1403894893508845569,neutral,1.4977407455444336,-0.3562468886375427,0.6478638648986816
1403894894083690497,positive,1.8434756994247437,2.167909622192383,-0.4044354259967804
1403894894108856327,neutral,1.8710623979568481,0.10596947371959686,1.560154914855957
1403894894297456647,negative,1.3914494514465332,-0.8928959965705872,1.864601969718933
1403894894842818560,neutral,2.0606675148010254,1.4936939477920532,0.27619317173957825
1403894894901530624,negative,1.1322342157363892,-1.2440638542175293,3.2702388763427734
1403894895069204483,neutral,1.2290315628051758,0.2779267132282257,0.8907408714294434
1403894895954186240,neutral,2.4874765872955322,0.3104463815689087,0.6388037800788879
1403894896851701760,neutral,1.9142874479293823,-0.4265899956226349,1.3557963371276855
1403894897418117121,neutral,1.3146108388900757,-0.4402996003627777,1.2764856815338135
1403894899158786048,negative,1.3265814781188965,-0.6973929405212402,1.3532735109329224
1403894904619737091,negative,0.816653847694397,0.9845674633979797,2.114689350128174
1403894904636510219,neutral,2.1586742401123047,0.7388756275177002,-0.18778371810913086
1403894908675629061,negative,1.2064028978347778,-0.8205583691596985,1.921970248222351
1403894911343239169,negative,1.1948893070220947,0.32317474484443665,1.5875182151794434
1403894912362455041,neutral,1.9594966173171997,0.019934825599193573,1.0027856826782227
1403894913515859973,negative,1.748196005821228,-0.95270836353302,2.075342893600464
1403894920675463170,neutral,1.5413366556167603,-0.337189644575119,1.1169040203094482
1403894931064864769,neutral,1.6181201934814453,1.2680745124816895,0.43495193123817444
1403894962962325505,neutral,2.4356508255004883,-0.0768255963921547,0.6959127187728882
1403894963356770316,negative,1.0636835098266602,0.9819916486740112,1.2246112823486328
1403894965592285185,negative,1.3281255960464478,-0.09877187758684158,1.389876365661621
1403894966389198852,neutral,1.6737501621246338,-0.2773064076900482,1.1324824094772339
1403894974966534147,neutral,2.5700933933258057,1.6555488109588623,-0.8058093786239624
1403894976145154048,neutral,2.9621407985687256,1.5343221426010132,0.19046741724014282
1403894990141636610,neutral,1.2449851036071777,-0.5105820298194885,1.1400914192199707
1403894997645205504,neutral,1.657442569732666,0.47273629903793335,0.07813054323196411
1403895003076730881,neutral,2.112596273422241,-0.27407073974609375,0.9631895422935486
1403895016523771906,negative,1.3208988904953003,0.3580419719219208,2.0292916297912598
1403895023100317699,neutral,2.280040740966797,0.8662942051887512,-0.12713120877742767
1403895023805112326,neutral,1.7036012411117554,1.5329809188842773,0.19973577558994293
1403895026271272960,negative,0.7885724902153015,0.1360154151916504,1.959200143814087
1403895061394472960,neutral,1.389084815979004,1.0504025220870972,-0.22431804239749908
1403895071712366592,negative,0.806266188621521,0.0626475140452385,1.2666611671447754
1403895081468375040,neutral,2.696730613708496,1.3507899045944214,0.3513103127479553
1403895101374533638,neutral,1.4772932529449463,0.7274369597434998,0.25117039680480957
1403895106994786308,negative,1.3386867046356201,-0.9397404789924622,2.071293830871582
1403895123814014979,neutral,1.5413366556167603,-0.337189644575119,1.1169040203094482
1403895146031173634,neutral,3.4440696239471436,1.3033407926559448,-0.957858145236969
1403895154377961481,neutral,2.287928819656372,0.24361786246299744,0.5068345665931702
1403895155128778756,neutral,2.4662883281707764,0.8570401668548584,0.3311045467853546
1403895155288166402,positive,3.3657896518707275,5.104953765869141,-1.9284677505493164
1403895163966025729,neutral,1.677368402481079,-0.2883269786834717,0.533492386341095
1403895168298795011,neutral,2.3756396770477295,0.267074853181839,0.6524901390075684
1403895175533957124,negative,0.5239477753639221,-1.06123948097229,3.405970811843872
1403895176565645315,negative,1.0636835098266602,0.9819916486740112,1.2246112823486328
1403895179128475650,neutral,1.5413366556167603,-0.337189644575119,1.1169040203094482
1403895184992186369,negative,1.8296287059783936,-0.5233349800109863,1.9391555786132812
1403895189584842753,neutral,1.8862688541412354,0.6187435388565063,0.3884928822517395
1403895194295046148,neutral,2.0834312438964844,-0.6553447246551514,1.7513830661773682
1403895224775098373,neutral,2.6748669147491455,1.4157642126083374,0.3122086822986603
1403895225047674884,neutral,2.5709190368652344,-0.8874465227127075,2.1596200466156006
1403895245369233408,neutral,1.4509559869766235,1.0532444715499878,0.21268253028392792
1403895253451436036,negative,1.4571020603179932,-0.6514752507209778,1.6410521268844604
1403895255989116932,neutral,2.016897439956665,-0.9128211140632629,1.670809030532837
1403895267737280520,negative,1.3285870552062988,-0.7113974690437317,2.0097899436950684
1403895267808759812,negative,1.0122489929199219,0.365357905626297,1.4344691038131714
1403895276557926401,negative,0.7546983957290649,0.38647016882896423,1.069352149963379
1403895277409345544,neutral,3.2132294178009033,-0.1873895823955536,0.6085267663002014
1403895278139174915,neutral,2.016897439956665,-0.9128211140632629,1.670809030532837
1403895305079296002,neutral,1.8862688541412354,0.6187435388565063,0.3884928822517395
1403895309864890377,neutral,2.016897439956665,-0.9128211140632629,1.670809030532837
1403895316114444288,negative,1.399167776107788,-0.7461692690849304,1.584835171699524
1403895346711957506,negative,1.7658193111419678,-1.0511486530303955,2.2578797340393066
1403895347047456770,neutral,2.799152135848999,1.4332486391067505,0.23572510480880737
1403895358846115842,neutral,2.016897439956665,-0.9128211140632629,1.670809030532837
1403895378160750592,negative,1.3285870552062988,-0.7113974690437317,2.0097899436950684
1403895391247011843,positive,2.2531158924102783,2.399120807647705,-0.679149866104126
1403895399019077632,negative,0.9733856320381165,-1.11126708984375,2.917874574661255
1403895406459772929,neutral,1.8184428215026855,-0.625360369682312,1.3285791873931885
1403895411450912771,negative,1.0382287502288818,-0.18159160017967224,1.1865025758743286
1403895411736121346,negative,1.0979878902435303,-0.8702529668807983,2.6763851642608643
1403895419898195969,negative,1.1738009452819824,-0.7453926801681519,2.099980592727661
1403895421643067395,neutral,1.8589049577713013,0.2353806495666504,0.6922969818115234
1403895423367008256,neutral,1.2449851036071777,-0.5105820298194885,1.1400914192199707
1403895436314767362,negative,0.7546983957290649,0.38647016882896423,1.069352149963379
1403895445307396096,neutral,3.030144691467285,2.0046935081481934,-0.18134857714176178
1403895451502317568,negative,1.3386867046356201,-0.9397404789924622,2.071293830871582
1403895456338309125,neutral,2.6614160537719727,0.3213459253311157,0.3772657513618469
1403895460092432385,negative,1.3317232131958008,-1.1139863729476929,3.0192975997924805
1403895460654374917,neutral,1.1238641738891602,0.5657298564910889,1.065407395362854
1403895462109847554,negative,1.7979146242141724,-0.9410375356674194,1.993051528930664
1403895478530580480,positive,1.6553103923797607,4.034890174865723,-0.8217082023620605
1403895479637884929,neutral,2.016897439956665,-0.9128211140632629,1.670809030532837
1403895485513957380,negative,1.471985101699829,-0.6571311950683594,2.0083701610565186
1403895493512597504,negative,1.3281255960464478,-0.09877187758684158,1.389876365661621
1403895499384508425,neutral,1.6196599006652832,0.8607368469238281,0.19692784547805786
1403895503318925312,neutral,1.7941408157348633,-0.719035804271698,1.612357258796692
1403895505344729090,negative,1.0979878902435303,-0.8702529668807983,2.6763851642608643
1403895505696956416,neutral,2.8331358432769775,1.3977385759353638,-0.45897674560546875
1403895511774531584,neutral,2.4960756301879883,0.9965963959693909,0.642544686794281
1403895516224655362,neutral,2.0917580127716064,1.2264187335968018,0.7306123971939087
1403895519844446210,positive,0.773643970489502,0.824698805809021,0.20194479823112488
1403895523166330882,neutral,1.889978051185608,0.7413482069969177,0.0028177928179502487
1403895526248968193,neutral,1.8260788917541504,-0.3557165265083313,1.4041461944580078
1403895530057453575,positive,0.860791802406311,2.514681339263916,-0.10275735706090927
1403895547728044032,neutral,2.6751205921173096,1.1149718761444092,-0.5254948735237122
1403895552643796994,negative,1.0856406688690186,-0.4560171663761139,1.5877935886383057
1403895558146867201,negative,1.0979878902435303,-0.8702529668807983,2.6763851642608643
1403895567504314369,neutral,1.5413366556167603,-0.337189644575119,1.1169040203094482
1403895575460732928,neutral,2.908499002456665,1.8735482692718506,-1.085688591003418
1403895585732763652,neutral,2.5961151123046875,1.2091261148452759,0.47859641909599304
1403895600504995842,negative,1.748196005821228,-0.95270836353302,2.075342893600464
1403895634390700036,neutral,2.241905450820923,1.6515878438949585,-0.28762611746788025
1403895644452839427,neutral,2.3169801235198975,1.1567667722702026,0.6082510948181152
1403895644779995144,positive,2.2531158924102783,2.399120807647705,-0.679149866104126
1403895662953914370,negative,1.0122489929199219,0.365357905626297,1.4344691038131714
1403895687901712389,negative,1.0122489929199219,0.365357905626297,1.4344691038131714
1403895696281935874,negative,1.5084203481674194,-0.7275343537330627,2.044027090072632
1403895705849274371,neutral,1.8535429239273071,-0.7498980760574341,1.8278412818908691
1403895711180070913,negative,1.1168309450149536,-1.0757248401641846,2.888131856918335
1403895711821963265,negative,0.4669949412345886,-0.6740940809249878,2.6421585083007812
1403895718989897728,negative,1.399167776107788,-0.7461692690849304,1.584835171699524
1403895747557298181,neutral,2.112596273422241,-0.27407073974609375,0.9631895422935486
1403895752162693121,negative,1.7979146242141724,-0.9410375356674194,1.993051528930664
1403895755115356165,neutral,1.6647917032241821,0.542510449886322,0.5938025712966919
1403895765857193987,positive,0.36487695574760437,1.5064196586608887,0.7667714357376099
1403895773285154820,negative,1.7979146242141724,-0.9410375356674194,1.993051528930664
1403895776888049668,neutral,2.2822468280792236,0.47401314973831177,0.6689446568489075
1403895781309005826,positive,2.2531158924102783,2.399120807647705,-0.679149866104126
1403895788317511682,negative,0.47550705075263977,-0.7188442945480347,2.6839377880096436
1403895804029513729,neutral,2.813215732574463,0.060540057718753815,0.20039309561252594
1403895816465653762,neutral,2.603637933731079,-0.48964402079582214,0.8529319167137146
1403895820424867842,negative,0.7546983957290649,0.38647016882896423,1.069352149963379
1403895822941667337,neutral,1.7738205194473267,-0.35862815380096436,1.1474026441574097
1403895825965584384,neutral,2.1124861240386963,0.36040163040161133,0.09754081070423126
1403895837814525953,negative,1.1168309450149536,-1.0757248401641846,2.888131856918335
1403895841367068675,negative,1.3386867046356201,-0.9397404789924622,2.071293830871582
1403895856126783492,neutral,2.016897439956665,-0.9128211140632629,1.670809030532837
1403895863290781698,positive,1.4298516511917114,2.1320841312408447,-0.3343796133995056
1403895873491329028,neutral,1.5413366556167603,-0.337189644575119,1.1169040203094482
1403895881800183812,neutral,1.9578851461410522,-0.7357192635536194,1.4807357788085938
1403895883452669953,neutral,3.698058843612671,2.2582337856292725,-1.3948231935501099
1403895883939385347,neutral,2.016897439956665,-0.9128211140632629,1.670809030532837
1403895886757863427,positive,0.8529911637306213,3.230717658996582,-0.3372783660888672
1403895907918094341,negative,1.3386867046356201,-0.9397404789924622,2.071293830871582
1403895911248535558,neutral,1.5372118949890137,0.5567289590835571,0.9842601418495178
1403895912871591939,negative,1.8185622692108154,-0.744917094707489,1.9965014457702637
1403895929464266759,negative,1.8627575635910034,-0.9997286796569824,2.1444637775421143
1403895932983431177,positive,0.9824852347373962,1.3512096405029297,0.6079099178314209
1403895935407726594,neutral,1.5991687774658203,1.2399051189422607,0.3831629753112793
1403895937370669061,negative,1.53694486618042,-0.876356840133667,1.9869017601013184
1403895955364196353,positive,2.2531158924102783,2.399120569229126,-0.679149866104126
1403895961173200902,negative,1.7979146242141724,-0.9410375356674194,1.9930516481399536
1403895979644887045,negative,0.7546983957290649,0.38647016882896423,1.069352149963379
1403895991124869125,negative,1.0334978103637695,-0.15062540769577026,1.6198639869689941
1403896003963523072,negative,1.748196005821228,-0.95270836353302,2.075342893600464
1403896017251045380,negative,1.423925518989563,-0.9221315979957581,2.45176362991333
1403896022938517506,negative,1.0636835098266602,0.9819916486740112,1.2246112823486328
1403896045281685507,neutral,1.625494360923767,-0.2476942539215088,0.4766392409801483
1403896059156385795,neutral,1.625494360923767,-0.2476942539215088,0.4766392409801483
1403896068383809537,negative,1.748196005821228,-0.95270836353302,2.075342893600464
1403896069839212547,negative,1.7979146242141724,-0.9410375356674194,1.993051528930664
1403896079742083074,neutral,2.028651714324951,0.4072525203227997,0.3805514872074127
1403896098968666114,negative,1.0122489929199219,0.365357905626297,1.4344691038131714
1403896107818655747,neutral,1.788381576538086,0.7746413350105286,0.3493482768535614
1403896125476777988,negative,1.748196005821228,-0.95270836353302,2.075342893600464
1403896151233814529,neutral,1.7014005184173584,-0.16597452759742737,1.0022127628326416
1403896151342993412,neutral,2.2664201259613037,0.5823991298675537,-0.06679239869117737
1403896171639181312,neutral,2.112596273422241,-0.27407076954841614,0.9631895422935486
1403896173656739845,neutral,2.016897439956665,-0.9128211140632629,1.670809030532837
1403896177758597120,negative,1.3947324752807617,-1.1959294080734253,3.302816390991211
1403896189905481735,negative,1.0636835098266602,0.9819916486740112,1.2246112823486328
1403896196213526528,negative,0.7546983957290649,0.38647016882896423,1.069352149963379
1403896200995082242,negative,1.4713387489318848,-1.077907919883728,2.5450363159179688
1403896210532945920,neutral,2.3066577911376953,-0.534934401512146,1.1244332790374756
1403896210616954884,negative,1.7979146242141724,-0.9410375356674194,1.993051528930664
1403896212034523140,negative,1.3386867046356201,-0.9397404789924622,2.071293830871582
1403896212579774468,neutral,1.6737501621246338,-0.2773064076900482,1.1324825286865234
1403896224793694209,neutral,1.5959300994873047,-0.20822623372077942,1.2875295877456665
1403896226542727173,negative,0.7980929017066956,-0.14303478598594666,1.7051013708114624
1403896236596289536,negative,0.6521089673042297,0.09134214371442795,1.8732450008392334
1403896245706493956,neutral,1.1540155410766602,0.579214870929718,0.6534284949302673
1403896247660986374,negative,1.2108066082000732,-0.7392504811286926,1.7293092012405396
1403896260315127815,neutral,1.2821924686431885,0.01267077773809433,0.6708056926727295
1403896260491370498,negative,1.3281255960464478,-0.09877187758684158,1.389876365661621
1403896269135876096,neutral,2.016897439956665,-0.9128211140632629,1.670809030532837
1403896269240778753,negative,1.748196005821228,-0.95270836353302,2.075342893600464
1403896275620319239,neutral,1.8862688541412354,0.6187435388565063,0.3884928822517395
1403896296360923142,neutral,1.5464280843734741,0.49051040410995483,0.4099750816822052
1403896301389897741,neutral,1.3638148307800293,0.09407075494527817,0.7090076804161072
1403896303084478465,negative,0.1842610090970993,-0.49573543667793274,2.074083089828491
1403896310474985474,neutral,1.2394288778305054,0.05662985518574715,1.0249145030975342
1403896319916208130,neutral,1.677368402481079,-0.2883269786834717,0.533492386341095
1403896355702009856,negative,0.7705408930778503,-0.6411081552505493,2.2769436836242676
1403896363486793733,negative,1.6222519874572754,-0.8166695833206177,2.262238025665283
1403896380695846914,negative,0.893416702747345,-0.39937081933021545,1.60943603515625
1403896384382812160,neutral,1.7720413208007812,0.2637867331504822,0.6023646593093872
1403896390363799557,neutral,1.3953934907913208,0.159925639629364,0.9308472275733948
1403896400279179267,negative,1.3281257152557373,-0.09877196699380875,1.3898766040802002
1403896428724883456,neutral,1.411082148551941,0.7646344304084778,0.3096121847629547
1403896432487133185,positive,2.2531158924102783,2.399120807647705,-0.679149866104126
1403896433363800064,neutral,1.4680709838867188,0.22499829530715942,1.3308004140853882
1403896472064626690,neutral,1.4785127639770508,-0.39781561493873596,1.1985570192337036
1403896473595650050,neutral,1.5439175367355347,-0.2881729304790497,0.7674331665039062
1403896479320788999,neutral,1.2945071458816528,0.06578490138053894,0.876675009727478
1403896488342822913,negative,1.0122489929199219,0.365357905626297,1.4344691038131714
1403896488703500294,neutral,1.972515344619751,-0.47638699412345886,1.01102614402771
1403896504960618501,neutral,1.9656522274017334,1.2926712036132812,0.09748699516057968
1403896508659998720,negative,1.748196005821228,-0.95270836353302,2.075342893600464
1403896510018994176,positive,1.222588300704956,1.403792142868042,0.9404265880584717
1403896513605087233,positive,2.2531158924102783,2.399120807647705,-0.679149866104126
1403896514372538370,negative,0.9257007241249084,-0.6735450625419617,2.571028470993042
1403896526791843848,negative,1.3386867046356201,-0.9397404789924622,2.071293830871582
1403896528792477699,neutral,1.2325003147125244,0.161174938082695,0.8372963070869446
1403896544873664515,neutral,1.5413366556167603,-0.337189644575119,1.1169040203094482
1403896570312118273,neutral,1.485399842262268,1.354283332824707,0.3774786591529846
1403896572350369793,negative,1.0122489929199219,0.365357905626297,1.4344691038131714
1403896573306753028,negative,1.2003854513168335,-0.3517844080924988,1.9742017984390259
1403896574581907456,neutral,2.614192247390747,-0.2047736942768097,0.8485203981399536
1403896595444207622,neutral,2.2039458751678467,0.5408703684806824,0.1622501015663147
1403896601467187204,neutral,1.7264453172683716,0.04144071787595749,1.0000338554382324
1403896603853926402,neutral,1.6991798877716064,0.11643966287374496,1.363307237625122
1403896605632249857,neutral,2.448674440383911,0.29737311601638794,0.5851289629936218
1403896606148157446,neutral,1.6991798877716064,0.11643966287374496,1.363307237625122
1403896638364479488,neutral,2.016897439956665,-0.9128211140632629,1.670809030532837
1403896638804938754,neutral,2.016897439956665,-0.9128211140632629,1.670809030532837
1403896640512180226,neutral,1.7469334602355957,-0.9716559648513794,1.7122552394866943
1403896647155847171,neutral,1.6991798877716064,0.11643970757722855,1.3633071184158325
1403896649303302148,negative,1.1168309450149536,-1.0757248401641846,2.888131856918335
1403896656009957377,negative,1.3386867046356201,-0.9397404789924622,2.071293830871582
1403896656148369411,neutral,1.8862688541412354,0.6187435388565063,0.3884928822517395
1403896656245018628,neutral,1.628222107887268,-0.481491357088089,1.6188549995422363
1403896674443878400,negative,1.3281255960464478,-0.09877187758684158,1.389876365661621
1403896675148701700,neutral,1.4509559869766235,1.0532444715499878,0.21268253028392792
1403896692517244929,neutral,1.6991798877716064,0.11643966287374496,1.363307237625122
1403896708363341826,neutral,2.219574213027954,-0.06388192623853683,1.5327153205871582
1403896720962953216,positive,0.8304290771484375,1.520293116569519,-0.6624578237533569
1403896722024112129,negative,1.3285870552062988,-0.7113974690437317,2.0097899436950684
1403896722107994112,negative,1.3386867046356201,-0.9397404789924622,2.071293830871582
1403896726973345795,negative,1.3386867046356201,-0.9397404789924622,2.071293830871582
1403896731251580928,neutral,1.5959300994873047,-0.20822623372077942,1.2875295877456665
1403896743847030784,neutral,1.6991798877716064,0.11643966287374496,1.363307237625122
1403896749501124608,negative,1.3285870552062988,-0.7113974690437317,2.0097899436950684
1403896755377344513,neutral,2.7803266048431396,-0.5684095025062561,0.7355939149856567
1403896758783025153,positive,1.0944933891296387,1.9054553508758545,-0.3681119382381439
1403896760028729344,negative,1.748196005821228,-0.95270836353302,2.075342893600464
1403896763488956416,neutral,1.7251056432724,0.2731930911540985,0.6374217867851257
1403896777837748224,negative,1.0636835098266602,0.9819916486740112,1.2246112823486328
1403896777997127687,neutral,1.8901586532592773,0.8979553580284119,1.080540657043457
1403896778487906304,negative,1.3281255960464478,-0.09877187758684158,1.389876365661621
1403896789258940418,negative,0.9592347145080566,-0.418138712644577,2.3966307640075684
1403896790575947784,neutral,1.657442569732666,0.47273629903793335,0.07813054323196411
1403896797806927875,negative,1.3587558269500732,-0.9423502087593079,2.187869071960449
1403896806858100736,neutral,2.016897439956665,-0.9128211140632629,1.670809030532837
1403896808565137408,neutral,1.3638148307800293,0.09407075494527817,0.7090076804161072
1403896845080825857,negative,1.3386867046356201,-0.9397404789924622,2.071293830871582
1403896854316818438,neutral,2.533489942550659,0.029705744236707687,0.85857754945755
1403896863238000643,neutral,1.5413366556167603,-0.337189644575119,1.1169040203094482
1403896878333235201,neutral,1.5413366556167603,-0.337189644575119,1.1169040203094482
1403896886470139907,negative,0.9564836621284485,-0.8110249042510986,2.304225444793701
1403896891813732356,neutral,1.8589049577713013,0.2353806495666504,0.6922969818115234
1403896898956709889,neutral,1.923423171043396,1.6410300731658936,0.1688673496246338
1403896915050311687,neutral,2.016897439956665,-0.9128210544586182,1.670809030532837
1403896919114539012,neutral,1.6991798877716064,0.11643966287374496,1.363307237625122
1403896941897871370,neutral,2.274813175201416,0.5899795889854431,0.46061187982559204
1403896950198468609,neutral,2.1262130737304688,0.5396681427955627,0.15034787356853485
1403896951121354753,neutral,2.1516337394714355,0.44953128695487976,0.4355728328227997
1403896959266705412,negative,1.0636835098266602,0.9819916486740112,1.2246112823486328
1403896964157116418,negative,1.025916576385498,-0.27246028184890747,1.852669596672058
1403896973480972292,neutral,3.2078540325164795,2.411896228790283,-1.3108341693878174
1403896974689161222,negative,0.8118895888328552,-0.9472206234931946,3.556887626647949
1403896986076553217,neutral,1.6737501621246338,-0.2773064076900482,1.1324825286865234
1403896986420531207,neutral,2.1762607097625732,0.4640720784664154,0.10021140426397324
1403896994867793924,negative,1.0636835098266602,0.9819916486740112,1.2246112823486328
1403897005898977282,neutral,2.3835368156433105,0.8016151785850525,0.13970477879047394
1403897014484619268,neutral,1.808397650718689,-0.25376513600349426,1.2418982982635498
1403897016137043978,neutral,1.9121848344802856,-0.6888840198516846,1.2274773120880127
1403897016346845191,positive,0.6100303530693054,1.4715840816497803,0.5122736692428589
1403897043148496896,neutral,1.6515674591064453,1.3925318717956543,0.39978787302970886
1403897045371392001,negative,1.3386867046356201,-0.9397405982017517,2.071293830871582
1403897046428381184,negative,0.9075959324836731,-0.61746746301651,1.8893972635269165
1403897047875395586,neutral,2.4851229190826416,-0.013646960258483887,0.3788215219974518
1403897053009252352,neutral,2.4851229190826416,-0.013646915555000305,0.3788215219974518
1403897061213237252,negative,1.3386867046356201,-0.9397404789924622,2.071293830871582
1403897066296774656,negative,1.1160000562667847,-0.7865674495697021,1.8643832206726074
1403897068968546307,negative,1.1160000562667847,-0.7865674495697021,1.8643832206726074
1403897069081878532,negative,1.2618299722671509,-0.41815921664237976,2.9796578884124756
1403897072609382401,neutral,2.43068265914917,0.40024352073669434,0.34611690044403076
1403897093744467968,positive,0.8810869455337524,1.4619179964065552,0.4427809417247772
1403897094499311620,neutral,2.1868481636047363,0.001104600727558136,1.1419885158538818
1403897103265394690,negative,1.039886236190796,-0.6443085670471191,2.4198482036590576
1403897108084649987,neutral,1.552507758140564,0.14911097288131714,1.0758018493652344
1403897112245551109,negative,1.748196005821228,-0.95270836353302,2.075342893600464
1403897118532767745,positive,2.2531158924102783,2.399120807647705,-0.679149866104126
1403897129240727559,neutral,1.850965976715088,1.1629469394683838,0.027364185079932213
1403897133921603589,negative,1.7979146242141724,-0.9410375356674194,1.993051528930664
1403897146223607810,negative,0.8512061238288879,-1.024911880493164,2.786766767501831
1403897148513521665,positive,0.8810869455337524,1.4619179964065552,0.4427809417247772
1403897159074910211,negative,1.6087706089019775,-0.5180184245109558,1.647728681564331
1403897168822419456,neutral,1.5413366556167603,-0.337189644575119,1.1169040203094482
1403897169397137409,negative,1.0122489929199219,0.365357905626297,1.4344691038131714
1403897172228145158,negative,0.898820161819458,-0.6464444994926453,1.8128979206085205
1403897174648369152,negative,1.1418168544769287,-0.714049220085144,1.9045741558074951
1403897187474440198,neutral,1.3472131490707397,-0.06155136972665787,1.043994426727295
1403897194273460231,neutral,2.016897439956665,-0.9128211140632629,1.670809030532837
1403897195833663492,negative,1.3386865854263306,-0.9397405982017517,2.071293830871582
1403897223490854917,negative,1.3386867046356201,-0.9397404789924622,2.071293830871582
1403897223860137989,neutral,1.5415325164794922,0.12524926662445068,0.697131872177124
1403897231925780481,neutral,2.998345375061035,2.198625326156616,-0.44214653968811035
1403897234719232001,positive,0.8810869455337524,1.4619179964065552,0.4427809417247772
1403897236778536963,negative,0.6521089673042297,0.09134214371442795,1.8732450008392334
1403897238632472583,neutral,2.792828321456909,1.0698341131210327,-0.16108688712120056
1403897257787727872,negative,1.3386867046356201,-0.9397404789924622,2.071293830871582
1403897257913585668,neutral,1.8108099699020386,0.6630011200904846,0.32897767424583435
1403897266675482626,negative,0.8131116032600403,0.11384397745132446,1.4236743450164795
1403897292629807109,positive,0.8810869455337524,1.4619179964065552,0.4427809417247772
1403897297923018752,neutral,1.5959300994873047,-0.20822623372077942,1.2875295877456665
1403897304441004036,neutral,1.3638148307800293,0.09407075494527817,0.7090076804161072
1403897322778480641,negative,1.4196538925170898,-0.24724465608596802,1.5836323499679565
1403897329711603713,neutral,1.7014005184173584,-0.16597452759742737,1.0022127628326416
1403897343708119041,negative,0.8728126883506775,-0.7154659628868103,2.0083441734313965
1403897344962203656,neutral,2.016897439956665,-0.9128211140632629,1.670809030532837
1403897349005484033,neutral,3.0013022422790527,0.5481058359146118,-0.08605845272541046
1403897349991284737,neutral,2.1972036361694336,0.3058743178844452,0.16021110117435455
1403897353514463234,neutral,1.780357003211975,0.10142994672060013,0.668357789516449
1403897356999823361,negative,1.3581576347351074,-1.1011806726455688,2.872666597366333
1403897361345122304,neutral,1.3638148307800293,0.09407075494527817,0.7090076804161072
1403897393523970051,negative,0.8131116032600403,0.11384397745132446,1.4236743450164795
1403897395923013635,neutral,1.692308783531189,1.1571987867355347,0.4842342138290405
1403897404034748418,neutral,1.625494360923767,-0.2476942539215088,0.4766392409801483
1403897407327248384,neutral,2.615415334701538,0.4407333731651306,-0.4254764914512634
1403897421277523977,neutral,2.5029423236846924,0.5585905909538269,0.17888055741786957
1403897425572417540,negative,1.3281257152557373,-0.09877192229032516,1.389876365661621
1403897427678146564,negative,1.0636835098266602,0.9819916486740112,1.2246112823486328
1403897432920846338,neutral,2.4047744274139404,1.025583028793335,-0.08686418831348419
1403897441812889601,negative,1.0349209308624268,-1.177248239517212,3.7164089679718018
1403897456069267459,negative,0.7636982798576355,-0.9696019291877747,3.3609964847564697
1403897459961593856,neutral,2.2069993019104004,0.014741234481334686,1.0444319248199463
1403897462335569921,negative,1.3386867046356201,-0.9397404789924622,2.071293830871582
1403897467515637763,neutral,1.8589049577713013,0.2353806495666504,0.6922969818115234
1403897468895383556,negative,1.0392321348190308,-0.7606834769248962,2.392120361328125
1403897477200236555,neutral,1.8493306636810303,0.714606761932373,0.3007289171218872
1403897478135488514,positive,0.8810869455337524,1.4619179964065552,0.4427809417247772
1403897486079561733,neutral,2.3229143619537354,0.6522060036659241,0.5557750463485718
1403897499216187394,neutral,1.657442569732666,0.47273629903793335,0.07813054323196411
1403897508955361283,neutral,1.6991798877716064,0.11643966287374496,1.363307237625122
1403897512457654275,negative,1.3236113786697388,0.59419846534729,1.334394097328186
1403897513174835200,neutral,1.6737501621246338,-0.2773064076900482,1.1324825286865234
1403897516005994500,negative,0.8925231099128723,-0.13794201612472534,1.0513092279434204
1403897521777397760,positive,0.8810869455337524,1.4619179964065552,0.4427809417247772
1403897531789025285,neutral,2.016897439956665,-0.9128211140632629,1.670809030532837
1403897533177401347,neutral,1.9038841724395752,0.21445077657699585,0.7519899606704712
1403897540362260483,positive,0.8810869455337524,1.4619179964065552,0.4427809417247772
1403897559811244032,neutral,1.878490686416626,0.3502208888530731,0.22986653447151184
1403897560213884928,neutral,2.371863603591919,1.2090409994125366,-0.12127412110567093
1403897573572755457,negative,1.0979878902435303,-0.8702529668807983,2.6763851642608643
1403897579918618632,negative,1.0122489929199219,0.365357905626297,1.4344691038131714
1403897584435924999,negative,1.2589255571365356,-1.1296749114990234,2.8196074962615967
1403897587170787330,neutral,1.657442569732666,0.47273629903793335,0.07813054323196411
1403897588017897473,negative,1.748196005821228,-0.95270836353302,2.075342893600464
1403897588991025157,negative,1.0636835098266602,0.9819916486740112,1.2246112823486328
1403897596515700740,neutral,1.657442569732666,0.47273629903793335,0.07813054323196411
1403897602484146180,neutral,1.8789198398590088,0.7386739253997803,-0.08233813941478729
1403897649741271040,neutral,1.850965976715088,1.1629469394683838,0.027364185079932213
1403897658155192323,positive,2.2531158924102783,2.399120569229126,-0.6791498064994812
1403897659434360833,positive,2.2531158924102783,2.399120569229126,-0.679149866104126
1403897659556048902,negative,1.3281255960464478,-0.09877187758684158,1.389876365661621
1403897659761430532,negative,1.2026605606079102,-0.8349476456642151,2.2118778228759766
1403897688911978498,neutral,1.3056155443191528,0.25976911187171936,0.6061671376228333
1403897699750064128,neutral,1.9503642320632935,1.3546570539474487,0.46685686707496643
1403897702006595586,positive,0.8810869455337524,1.4619179964065552,0.4427809417247772
1403897705596813314,negative,1.347092866897583,-0.27441227436065674,1.8032596111297607
1403897720503296001,negative,1.1311463117599487,-0.9099955558776855,2.671109914779663
1403897721141014529,negative,1.3317232131958008,-1.1139864921569824,3.0192975997924805
1403897722147647488,positive,0.5967710018157959,1.1987062692642212,0.7813155651092529
1403897729261047814,neutral,1.7127275466918945,-0.6399854421615601,1.090612769126892
1403897735485480963,negative,1.7979146242141724,-0.9410375356674194,1.993051528930664
1403897736592859144,positive,2.2531158924102783,2.399120807647705,-0.679149866104126
1403897736940843009,negative,1.6462517976760864,-0.8846695423126221,1.9508129358291626
1403897737771319296,negative,0.7819124460220337,-0.06626924127340317,2.331122875213623
1403897749901234178,negative,1.3386867046356201,-0.9397404789924622,2.071293830871582
1403897752770199552,neutral,2.4356508255004883,-0.0768255963921547,0.6959127187728882
1403897764937879556,neutral,2.016897439956665,-0.9128211140632629,1.670809030532837
1403897774358290432,neutral,2.0597803592681885,-0.32161110639572144,1.3411586284637451
1403897774588907523,negative,1.2064028978347778,-0.8205583691596985,1.921970248222351
1403897782759575552,positive,0.8810869455337524,1.4619179964065552,0.4427809417247772
1403897798525849600,negative,1.748196005821228,-0.95270836353302,2.075342893600464
1403897799142432770,negative,1.7875888347625732,-0.45323696732521057,1.841032862663269
1403897803546382338,negative,0.898820161819458,-0.6464444994926453,1.8128979206085205
1403897805798662150,negative,0.7974697947502136,-0.26291513442993164,1.755581259727478
1403897808864772100,negative,1.748196005821228,-0.95270836353302,2.075342893600464
1403897823402229770,negative,0.9097773432731628,-0.673962414264679,2.7774770259857178
1403897830381555713,positive,1.4212925434112549,1.4668059349060059,0.31301596760749817
1403897836257767424,negative,1.3285870552062988,-0.7113974690437317,2.0097899436950684
1403897837511921672,positive,1.141910433769226,2.0067596435546875,0.4245046079158783
1403897837629362178,negative,1.040109634399414,-0.5648622512817383,3.005084753036499
1403897842951987200,neutral,1.6737501621246338,-0.2773064076900482,1.1324825286865234
1403897852418347009,neutral,1.923423171043396,1.6410300731658936,0.1688673496246338
1403897856604389377,negative,0.8131116032600403,0.11384397745132446,1.4236743450164795
1403897862761582594,negative,1.3386867046356201,-0.9397404789924622,2.071293830871582
1403897870550376450,neutral,2.018538236618042,-0.1301964521408081,0.731575608253479
1403897876065886212,neutral,2.1058053970336914,0.5124443173408508,0.7035687565803528
1403897883141689345,neutral,1.8955119848251343,-0.6131020188331604,1.5199958086013794
1403897884676820998,negative,1.0636835098266602,0.9819916486740112,1.2246112823486328
1403897898107035650,neutral,1.5392147302627563,1.410201072692871,0.17389176785945892
1403897902179647489,neutral,2.7737789154052734,0.6421635150909424,0.0709414854645729
1403897907632279555,positive,0.8810869455337524,1.4619179964065552,0.4427809417247772
1403897910769639425,neutral,1.5587480068206787,1.2703707218170166,0.23196551203727722
1403897914779439108,negative,1.3281255960464478,-0.09877187758684158,1.389876365661621
1403897924875075585,neutral,1.1238641738891602,0.5657298564910889,1.065407395362854
1403897926720557056,neutral,2.915092706680298,0.3905629813671112,0.24834950268268585
1403897926905122816,neutral,1.972515344619751,-0.47638699412345886,1.01102614402771
1403897930705104896,neutral,1.8589049577713013,0.2353806495666504,0.6922969818115234
1403897945833938946,negative,0.6914678812026978,-0.7692843079566956,2.991666555404663
1403897946962227201,negative,0.875441312789917,-0.7407563328742981,2.387547731399536
1403897951248809986,negative,1.7987549304962158,-0.971191942691803,2.0597288608551025
1403897970244861956,neutral,1.380647897720337,0.08276792615652084,1.0069533586502075
1403897978335662082,negative,0.893416702747345,-0.39937081933021545,1.60943603515625
1403897990629236738,negative,0.5614792704582214,-0.31908583641052246,3.3473281860351562
1403898009750884356,neutral,1.923423171043396,1.6410300731658936,0.1688673496246338
1403898035390791681,neutral,1.658173680305481,0.43235719203948975,1.2207064628601074
1403898072380239879,neutral,1.7450945377349854,-0.3018064498901367,0.987977147102356
1403898074154557440,positive,2.2531158924102783,2.399120807647705,-0.679149866104126
1403898082195017728,negative,0.8131116032600403,0.11384397745132446,1.4236743450164795
1403898088935227395,negative,1.0542265176773071,-0.790011465549469,3.298248052597046
1403898091359674368,neutral,2.337280750274658,0.6438383460044861,-0.21261411905288696
1403898098791899137,negative,0.30116212368011475,-0.6081121563911438,2.4621222019195557
1403898100599562242,neutral,1.4509559869766235,1.0532444715499878,0.21268253028392792
1403898108992442371,negative,1.0266610383987427,-0.6352034211158752,2.697458505630493
1403898113509576708,neutral,2.029282808303833,0.8810411095619202,-0.041596174240112305
1403898133524930560,neutral,2.0481011867523193,0.09755007177591324,0.3730238080024719
1403898154810941441,neutral,1.6754963397979736,1.2428113222122192,0.007951365783810616
1403898155553505281,negative,1.0122489929199219,0.365357905626297,1.4344691038131714
1403898184007573508,neutral,2.1972036361694336,0.3058743178844452,0.16021110117435455
1403898206552002569,negative,1.3026238679885864,-0.6989225149154663,2.0471200942993164
1403898208653246468,neutral,2.396681070327759,0.6854784488677979,-0.1659436970949173
1403898209529958403,negative,1.5230909585952759,-0.7862450480461121,1.5855088233947754
1403898236050587650,negative,1.0936858654022217,-0.02984756976366043,1.2055457830429077
1403898243877011458,negative,1.3386867046356201,-0.9397404789924622,2.071293830871582
1403898262101311489,neutral,0.9433416128158569,0.3721511662006378,0.8410537242889404
1403898264064122883,negative,1.7979146242141724,-0.9410375356674194,1.993051528930664
1403898280128356356,neutral,1.5648504495620728,0.5203688740730286,0.751544177532196
1403898286323417089,neutral,1.6991798877716064,0.11643966287374496,1.363307237625122
1403898297454977029,negative,1.1566927433013916,-0.2531292736530304,2.0223867893218994
1403898319009718278,negative,1.0636835098266602,0.9819916486740112,1.2246112823486328
1403898324227289090,neutral,2.056142568588257,-0.06609032303094864,0.636049747467041
1403898330174791689,negative,0.8552286624908447,0.5317302942276001,1.3230654001235962
1403898331747684358,neutral,2.8916893005371094,2.007803440093994,-1.0673093795776367
1403898332074807297,negative,1.3386867046356201,-0.9397404789924622,2.071293830871582
1403898345198788610,negative,1.0286386013031006,0.12214576452970505,1.4275978803634644
1403898347149139968,negative,1.3386867046356201,-0.9397404789924622,2.071293830871582
1403898348164116481,neutral,1.668128252029419,0.5374560356140137,0.45747169852256775
1403898352786313221,negative,1.2142971754074097,-0.4576735198497772,1.5922160148620605
1403898378220675078,neutral,1.972515344619751,-0.47638699412345886,1.01102614402771
1403898379113885698,negative,1.3386867046356201,-0.9397404789924622,2.071293830871582
1403898386244423682,negative,1.8338346481323242,-1.0880272388458252,2.0685505867004395
1403898388874158084,neutral,2.016897439956665,-0.9128211140632629,1.670809030532837
1403898390065254403,neutral,2.6638264656066895,0.6435843110084534,-0.06459503620862961
1403898392736980993,neutral,1.797361969947815,0.396073579788208,0.4617098867893219
1403898393869565956,neutral,3.0392343997955322,-0.12861135601997375,0.043152544647455215
1403898394859347971,negative,1.3587558269500732,-0.9423502087593079,2.187869071960449
1403898414362890242,negative,1.0636835098266602,0.9819916486740112,1.2246112823486328
1403898422491598848,negative,1.6879764795303345,-1.4468563795089722,3.5022361278533936
1403898425121325058,negative,0.8131116032600403,0.11384397745132446,1.4236743450164795
1403898430917779457,positive,1.3538695573806763,1.616102695465088,-0.009152481332421303
1403898432117411843,negative,1.748196005821228,-0.95270836353302,2.075342893600464
1403898484932087816,negative,1.1096290349960327,-0.5974574685096741,2.050368309020996
1403898508382552066,negative,1.2434064149856567,-0.7928316593170166,1.6962753534317017
1403898509137485826,negative,1.5823829174041748,-0.04079741984605789,2.2056491374969482
1403898515978346496,negative,0.8131116032600403,0.11384397745132446,1.4236743450164795
1403898516611551238,negative,1.3285870552062988,-0.7113974690437317,2.0097899436950684
1403898519497297920,neutral,3.0615077018737793,0.7721248865127563,-0.16989944875240326
1403898531279257606,negative,1.094784140586853,-0.7075545787811279,1.8279097080230713
1403898554532380673,neutral,2.064061164855957,0.03601434826850891,0.880971372127533
1403898557204099077,negative,0.8131116032600403,0.11384397745132446,1.4236743450164795
1403898562870595592,neutral,2.1722042560577393,1.2259005308151245,0.09938976913690567
1403898582869053443,negative,1.3386867046356201,-0.9397404789924622,2.071293830871582
1403898586253905920,neutral,1.6991798877716064,0.11643966287374496,1.363307237625122
1403898589558960132,neutral,4.246740341186523,1.521090030670166,-1.0518900156021118
1403898602057965577,negative,0.9721513390541077,-0.183958500623703,1.8249109983444214
1403898602565496835,neutral,1.668128252029419,0.5374560356140137,0.45747169852256775
1403898606147424258,neutral,1.9485294818878174,0.3530229926109314,0.5402789115905762
1403898610098577413,negative,0.8131116032600403,0.11384397745132446,1.4236743450164795
1403898621821558787,neutral,2.345621109008789,0.9625797867774963,0.11488187313079834
1403898626263425024,neutral,1.201987385749817,0.6452528238296509,0.5274537205696106
1403898632265363457,negative,1.3317232131958008,-1.1139863729476929,3.0192975997924805
1403898635063070721,neutral,1.4509559869766235,1.0532444715499878,0.21268253028392792
1403898667698900997,neutral,2.4756863117218018,-0.18763399124145508,0.37506595253944397
1403898667719966720,neutral,1.433767557144165,0.09309428185224533,1.2616150379180908
1403898667917099009,negative,1.091467022895813,0.5776980519294739,1.2955938577651978
1403898668051275783,negative,1.091467022895813,0.5776980519294739,1.2955938577651978
1403898668051316743,negative,1.091467022895813,0.5776980519294739,1.2955938577651978
1403898668151885824,negative,1.091467022895813,0.5776980519294739,1.2955938577651978
1403898668617326603,neutral,1.2313168048858643,-0.36476632952690125,0.6789392828941345
1403898669246599168,negative,1.091467022895813,0.5776980519294739,1.2955938577651978
1403898671977144321,negative,0.7122764587402344,-0.6385025382041931,1.9328871965408325
1403898676381167621,neutral,1.9655399322509766,0.1885635256767273,0.8310073614120483
1403898681930170369,neutral,2.1138670444488525,-0.11069191247224808,0.6649923324584961
1403898696744390657,negative,1.0397062301635742,-1.3054704666137695,4.061529159545898
1403898699303075843,negative,1.1782113313674927,-0.8592843413352966,2.2341461181640625
1403898707158835201,negative,0.8131116032600403,0.11384397745132446,1.4236743450164795
1403898708643573766,negative,1.3386867046356201,-0.9397404789924622,2.071293830871582
1403898718743535622,positive,0.8810869455337524,1.4619179964065552,0.4427809417247772
1403898727186669571,negative,0.9165429472923279,0.10860565304756165,1.522700309753418
1403898729535467520,neutral,2.3906965255737305,0.31377947330474854,0.18140850961208344
1403898757612068870,negative,0.9097773432731628,-0.673962414264679,2.7774770259857178
1403898757805219843,negative,1.748196005821228,-0.9527083039283752,2.075342893600464
1403898765279477767,neutral,1.6576157808303833,1.2935049533843994,-0.3689112365245819
1403898765388488705,neutral,1.637024164199829,-0.6619701385498047,1.3154538869857788
1403898769221976070,neutral,2.525843381881714,0.8244998455047607,0.08590920269489288
1403898801463586819,neutral,2.5563864707946777,1.5175927877426147,-0.5107769966125488
1403898802013052931,neutral,1.4986486434936523,0.11127781867980957,0.5124579668045044
1403898809520824323,neutral,1.8589049577713013,0.2353806495666504,0.6922969818115234
1403898814805725187,neutral,1.4435131549835205,0.6363457441329956,1.0776245594024658
1403898820178505728,neutral,2.188443422317505,0.14057156443595886,0.6421080231666565
1403898827082375169,negative,0.19306796789169312,-0.5318688750267029,1.8046425580978394
1403898827392778243,neutral,2.5381321907043457,0.8975992202758789,-0.09999556094408035
1403898830362353665,negative,1.3386867046356201,-0.9397404789924622,2.071293830871582
1403898831637467143,positive,2.2531158924102783,2.399120807647705,-0.679149866104126
1403898839430467585,negative,0.8131116032600403,0.11384397745132446,1.4236743450164795
1403898841116516354,negative,0.5036277770996094,-0.7312317490577698,2.6459403038024902
1403898841514999816,negative,1.3285870552062988,-0.7113974690437317,2.0097899436950684
1403898844161716228,negative,1.748196005821228,-0.95270836353302,2.075342893600464
1403898847735201794,negative,1.270293116569519,-0.36036208271980286,1.4186497926712036
1403898852973977602,negative,1.3281255960464478,-0.09877187758684158,1.389876365661621
1403898854198681600,neutral,2.0291600227355957,1.9448798894882202,-0.022166797891259193
1403898857704935426,neutral,2.494678497314453,0.7222723364830017,0.6941211819648743
1403898861379276806,negative,1.0001262426376343,-0.1293095052242279,1.3271358013153076
1403898864327815171,negative,1.3386867046356201,-0.9397404789924622,2.071293830871582
1403898865854517250,neutral,3.713754892349243,3.581350088119507,-1.6458617448806763
1403898869105061890,negative,1.1168309450149536,-1.0757248401641846,2.888131856918335
1403898873807052801,neutral,2.5341978073120117,0.7568780183792114,-0.15041281282901764
1403898878479540226,neutral,1.6737501621246338,-0.2773064076900482,1.1324825286865234
1403898882430423045,neutral,1.888102412223816,-0.5263620018959045,1.4773188829421997
1403898886847184899,neutral,2.589306592941284,1.8526763916015625,-0.4698304831981659
1403898893683761155,negative,1.6296988725662231,-0.8954717516899109,2.066619634628296
1403898911035596800,neutral,1.7874196767807007,1.1511008739471436,-0.2051800787448883
1403898915376730115,positive,1.6591355800628662,2.6774470806121826,-0.3436140716075897
1403898920586170375,negative,1.3587558269500732,-0.9423502087593079,2.187869071960449
1403898921416597505,neutral,2.016897439956665,-0.9128211140632629,1.670809030532837
1403898950612963329,negative,0.5918496251106262,-0.04153688997030258,2.4923415184020996
1403898951804362752,negative,0.8574116230010986,0.18631061911582947,1.8255207538604736
1403898959026925572,negative,1.748196005821228,-0.95270836353302,2.075342893600464
1403898972822032384,negative,1.748196005821228,-0.95270836353302,2.075342893600464
1403898986617049092,negative,1.2608593702316284,-0.31216585636138916,1.4670153856277466
1403898991276957696,neutral,1.4319052696228027,0.2674601972103119,0.9986938834190369
1403899012697280514,neutral,1.657442569732666,0.47273629903793335,0.07813054323196411
1403899018388799493,negative,1.748196005821228,-0.95270836353302,2.075342893600464
1403899019995271173,neutral,2.155005931854248,1.0958328247070312,-0.4329526126384735
1403899022344081412,negative,1.3281255960464478,-0.09877187758684158,1.389876365661621
1403899025208664067,negative,1.3386867046356201,-0.9397404789924622,2.071293830871582
1403899063817453568,neutral,2.396681070327759,0.6854784488677979,-0.1659436970949173
1403899064563896324,neutral,2.278315305709839,-0.27748575806617737,1.0037027597427368
1403899067114078208,neutral,1.657442569732666,0.47273626923561096,0.07813058793544769
1403899080372228100,negative,1.0636835098266602,0.9819916486740112,1.2246112823486328
1403899085111791622,negative,0.8131116032600403,0.11384397745132446,1.4236743450164795
1403899088580530176,negative,1.7979146242141724,-0.9410375356674194,1.993051528930664
1403899100773318656,neutral,2.400639772415161,0.8987313508987427,-0.1434171348810196
1403899105341067271,neutral,1.9919906854629517,0.3878938555717468,1.2354968786239624
1403899107551371264,negative,1.0795607566833496,-1.112164855003357,3.435788869857788
1403899133065252864,negative,1.3285870552062988,-0.7113974690437317,2.0097899436950684
1403899134872981505,positive,0.8810869455337524,1.4619179964065552,0.4427809417247772
1403899143504891906,neutral,1.414425015449524,0.1045316681265831,0.9167595505714417
1403899150463238147,neutral,2.016897439956665,-0.9128211140632629,1.670809030532837
1403899190351069184,negative,0.7546983957290649,0.38647016882896423,1.069352149963379
1403899190472806404,negative,1.0636835098266602,0.9819916486740112,1.2246112823486328
1403899210039103489,neutral,1.9485294818878174,0.3530229926109314,0.5402789115905762
1403899211398144000,positive,0.4956023693084717,2.1125802993774414,0.4204481840133667
1403899222613651462,neutral,2.280040740966797,0.8662942051887512,-0.12713120877742767
1403899256050786304,neutral,1.657442569732666,0.47273629903793335,0.07813054323196411
1403899259947212803,neutral,2.0010645389556885,0.44367191195487976,0.2650443911552429
1403899260999974915,neutral,1.3244054317474365,0.20050090551376343,0.9629303216934204
1403899263914954759,negative,1.0122489929199219,0.365357905626297,1.4344691038131714
1403899264527306756,negative,0.8299869298934937,0.0928778126835823,1.0723001956939697
1403899280256126979,negative,1.1094897985458374,-0.5512567162513733,1.8506478071212769
1403899286904053767,neutral,1.745498538017273,0.7864310145378113,0.7990710735321045
1403899300405518336,negative,1.2910709381103516,-0.40130409598350525,1.85594642162323
1403899302989254657,neutral,2.529487133026123,0.8078157305717468,0.2782694399356842
1403899312757559296,negative,1.3386867046356201,-0.9397404789924622,2.071293830871582
1403899314712158213,neutral,1.4021049737930298,-0.14369025826454163,1.221919059753418
1403899317568475138,negative,1.3285870552062988,-0.7113974690437317,2.0097899436950684
1403899340158947337,negative,0.7292964458465576,-1.2542836666107178,3.86641526222229
1403899368663490566,neutral,1.668128252029419,0.5374560356140137,0.45747169852256775
1403899369129136131,positive,2.1244897842407227,2.9226133823394775,-0.9051068425178528
1403899373449211908,neutral,2.5381321907043457,0.8975992202758789,-0.09999556094408035
1403899374602686465,negative,1.3281255960464478,-0.09877187758684158,1.389876365661621
1403899376804667394,negative,1.5263245105743408,-0.8570922017097473,1.6434106826782227
1403899383108808704,negative,1.0636835098266602,0.9819916486740112,1.2246112823486328
1403899401257459715,negative,1.5418624877929688,-0.8071591258049011,1.692402720451355
1403899419607670784,negative,1.3563135862350464,-0.0506925955414772,1.5779929161071777
1403899437269721088,neutral,2.191258668899536,0.5103586316108704,-0.15003257989883423
1403899439278968842,neutral,2.3247947692871094,1.41083824634552,-0.5264699459075928
1403899442877530118,neutral,1.887664556503296,0.02060440182685852,1.0628716945648193
1403899456093921281,negative,0.4392486810684204,-0.6261011958122253,3.1578707695007324
1403899473084895232,negative,1.4833649396896362,0.14932993054389954,1.5137501955032349
1403899497277583364,neutral,2.1840734481811523,0.9060646891593933,0.12297850847244263
1403899499592962048,positive,2.2531158924102783,2.399120807647705,-0.679149866104126
1403899499689373698,neutral,2.5381321907043457,0.8975992202758789,-0.09999556094408035
1403899503682457602,negative,1.3281255960464478,-0.09877187758684158,1.389876365661621
1403899519243325440,neutral,1.3820408582687378,0.1622011959552765,0.04625377431511879
1403899539539566594,neutral,2.1868481636047363,0.001104600727558136,1.1419885158538818
1403899557382037508,negative,1.3281255960464478,-0.09877187758684158,1.389876365661621
1403899558141206529,neutral,1.2871615886688232,-0.22418621182441711,1.1925832033157349
1403899559298928640,neutral,1.7295929193496704,-0.022641688585281372,1.4908815622329712
1403899561647566848,neutral,1.3281465768814087,0.8293460011482239,0.7991960644721985
1403899564675854336,negative,0.8131116032600403,0.11384397745132446,1.4236743450164795
1403899569679831043,negative,0.7502649426460266,-0.1936132311820984,2.331972360610962
1403899573630763012,negative,1.3285870552062988,-0.7113974690437317,2.0097899436950684
1403899574910001153,neutral,4.477302074432373,2.633746862411499,-1.8415591716766357
1403899585966211075,negative,0.48077714443206787,0.07525854557752609,2.015348196029663
1403899592446513154,neutral,2.016897439956665,-0.9128211140632629,1.670809030532837
1403899596867203074,neutral,1.657442569732666,0.47273629903793335,0.07813054323196411
1403899604815466506,negative,1.0949680805206299,-1.272890329360962,3.4518778324127197
1403899604941389826,positive,0.8810869455337524,1.4619179964065552,0.4427809417247772
1403899605239033856,negative,1.3386867046356201,-0.9397404789924622,2.071293830871582
1403899605301956608,neutral,2.070300579071045,1.6376872062683105,-0.04812014102935791
1403899616219648000,negative,1.0636835098266602,0.9819916486740112,1.2246112823486328
1403899620808282115,negative,0.7546983957290649,0.38647016882896423,1.069352149963379
1403899653225992197,negative,0.7292964458465576,-1.2542836666107178,3.86641526222229
1403899658242445314,negative,0.9763190746307373,-1.0735653638839722,2.987833023071289
1403899659031138310,neutral,1.7295929193496704,-0.022641710937023163,1.4908818006515503
1403899679532740608,negative,1.3386865854263306,-0.9397405982017517,2.071293830871582
1403899685538963458,neutral,2.016897439956665,-0.9128211140632629,1.670809030532837
1403899686067396620,positive,0.8810869455337524,1.4619179964065552,0.4427809417247772
1403899699434770432,negative,1.2261015176773071,-1.1210843324661255,2.9620707035064697
1403899705067716617,neutral,1.6737501621246338,-0.2773064076900482,1.1324825286865234
1403899712210563074,neutral,1.657442569732666,0.47273629903793335,0.07813054323196411
1403899717269037057,negative,1.2003854513168335,-0.3517844080924988,1.9742017984390259
1403899718640435205,negative,1.3375813961029053,-0.9234567284584045,2.218390703201294
1403899730577420288,negative,0.7546983957290649,0.38647016882896423,1.069352149963379
1403899732720762881,neutral,1.5123010873794556,1.1494446992874146,0.7723752856254578
1403899736281600001,neutral,2.832822799682617,0.4908880889415741,-0.10002606362104416
1403899737791733762,negative,1.0787001848220825,-0.36687415838241577,2.068558931350708
1403899738135613440,neutral,2.018397569656372,-0.021591953933238983,0.8582246899604797
1403899744414355458,negative,1.0726490020751953,-0.08366157859563828,2.22603440284729
1403899776668561417,neutral,1.714827299118042,-0.25695398449897766,1.3243231773376465
1403899788030930948,negative,0.4650353491306305,0.21505874395370483,0.9116620421409607
1403899844582854658,neutral,1.923423171043396,1.6410300731658936,0.1688673496246338
1403899896990638080,neutral,1.2367098331451416,-0.1938629150390625,0.741504967212677
1403899908864675840,neutral,2.2979846000671387,1.0141700506210327,-0.06477845460176468
1403899934487744516,negative,0.8131116032600403,0.11384397745132446,1.4236743450164795
1403899952665817091,negative,1.932217001914978,-1.009398102760315,2.1075644493103027
1403899953471135744,neutral,1.4734408855438232,0.9296156764030457,0.34248197078704834
1403899956998639619,positive,2.2531158924102783,2.399120807647705,-0.679149866104126
1403899958894338055,neutral,1.7894960641860962,-0.3240382671356201,1.1022121906280518
1403899966590947329,negative,1.3602674007415771,-1.0448516607284546,2.64078688621521
1403899972018266114,negative,1.7481958866119385,-0.95270836353302,2.075342893600464
1403899986618687490,negative,1.1168309450149536,-1.0757248401641846,2.888131856918335
1403899998299774977,negative,0.27627936005592346,0.8497410416603088,1.6320022344589233
1403900039152472069,negative,1.3752124309539795,-0.10425331443548203,1.6892943382263184
1403900053429817344,negative,1.3719688653945923,-1.0874933004379272,2.729909658432007
1403900056344825857,negative,0.7688531279563904,0.44701287150382996,1.7603081464767456
1403900065215700994,neutral,2.0282955169677734,-0.11626944690942764,1.1127254962921143
1403900071284940806,neutral,2.8068618774414062,1.4150294065475464,-0.7391212582588196
1403900084572409859,neutral,3.448953151702881,1.8046106100082397,-0.6602652072906494
1403900093011476480,neutral,2.188443660736084,0.14057153463363647,0.6421080827713013
1403900105829228549,negative,2.0936803817749023,-1.2266210317611694,2.7390995025634766
1403900116847579139,neutral,1.8745641708374023,-0.2884785830974579,1.3470735549926758
1403900116868550660,neutral,1.5959300994873047,-0.20822623372077942,1.2875295877456665
1403900118319960069,neutral,2.2204232215881348,0.5116157531738281,0.9337772727012634
1403900129015328770,negative,1.3386867046356201,-0.9397404789924622,2.071293830871582
1403900131544420352,negative,1.1168309450149536,-1.0757248401641846,2.888131856918335
1403900132534493187,negative,0.811991810798645,-0.2481650710105896,1.8605979681015015
1403900133725466625,negative,1.103703498840332,0.33046382665634155,1.4822360277175903
1403900133822111744,neutral,1.891784429550171,1.2013373374938965,0.08504704385995865
1403900141644369924,positive,0.8810868859291077,1.4619181156158447,0.44278082251548767
1403900145780068357,neutral,1.485399842262268,1.354283332824707,0.3774786591529846
1403900154344845315,positive,2.2531158924102783,2.399120569229126,-0.679149866104126
1403900155900743684,negative,1.3386867046356201,-0.9397404789924622,2.071293830871582
1403900158354464776,negative,1.0636835098266602,0.9819916486740112,1.2246112823486328
1403900163010277377,neutral,1.8267409801483154,1.1975722312927246,0.2522296905517578
1403900171381968902,negative,0.5036277770996094,-0.7312317490577698,2.6459403038024902
1403900185185378304,negative,1.6746422052383423,-1.1190725564956665,2.6046838760375977
1403900195956482051,neutral,1.7778605222702026,0.9227114915847778,0.31642693281173706
1403900227241840647,neutral,2.5527260303497314,-0.02769840508699417,0.2486574649810791
1403900236943093763,neutral,2.2362256050109863,-0.30895018577575684,0.7997991442680359
1403900240416051202,negative,1.3386867046356201,-0.9397404789924622,2.071293830871582
1403900247898787846,neutral,1.9344838857650757,1.6922301054000854,-0.06318919360637665
1403900269688102915,neutral,2.016897439956665,-0.9128212332725525,1.670809030532837
1403900269834899457,negative,1.3281255960464478,-0.09877187758684158,1.389876365661621
1403900280131915778,negative,1.3386867046356201,-0.9397404789924622,2.071293830871582
1403900290764578817,neutral,1.7778605222702026,0.9227114915847778,0.31642693281173706
1403900291167264787,negative,1.5543632507324219,-0.5675718188285828,1.804153561592102
1403900292534439936,neutral,1.788381576538086,0.7746413350105286,0.3493482768535614
1403900314021863424,neutral,1.961029052734375,0.06940406560897827,0.6610676646232605
1403900319499649030,neutral,2.4582152366638184,0.2999503016471863,0.638438880443573
1403900324893450240,neutral,2.698591947555542,0.7665833830833435,-0.1901797205209732
1403900325216538633,negative,1.3053385019302368,-1.0378432273864746,2.8353047370910645
1403900327175233536,negative,1.3386867046356201,-0.9397404789924622,2.071293830871582
1403900334930604034,negative,1.9070667028427124,-1.0146032571792603,2.244572401046753
1403900345026289664,neutral,1.4772932529449463,0.7274369597434998,0.25117039680480957
1403900351770730497,negative,1.6546896696090698,0.5583658814430237,1.9039459228515625
1403900358745808902,negative,0.9344797134399414,-0.7639199495315552,2.7222604751586914
1403900358791888897,negative,1.748196005821228,-0.95270836353302,2.075342893600464
1403900361828618243,neutral,1.7778605222702026,0.9227114915847778,0.31642693281173706
1403900368413679616,negative,1.157273769378662,-0.7081200480461121,1.6351640224456787
1403900370003369984,negative,1.0122489929199219,0.365357905626297,1.4344691038131714
1403900374042517510,negative,1.0979878902435303,-0.8702529668807983,2.6763851642608643
1403900374491217924,neutral,1.6269696950912476,0.3674263656139374,0.0009078923612833023
1403900389355933700,neutral,3.004814386367798,1.0724287033081055,0.002902742475271225
1403900393122189317,neutral,1.8862688541412354,0.6187434792518616,0.3884928822517395
1403900405520687104,neutral,2.4356508255004883,-0.0768255963921547,0.6959127187728882
1403900417847828485,neutral,2.515965461730957,-0.13028386235237122,0.7719484567642212
1403900442736685063,neutral,1.657442569732666,0.47273629903793335,0.07813054323196411
1403900445202948099,neutral,2.6068389415740967,0.998259961605072,-0.03364741802215576
1403900447723855873,negative,1.31290864944458,-0.6419677734375,1.5092263221740723
1403900476412743684,neutral,3.0860836505889893,0.7060254216194153,-0.018857846036553383
1403900476916211714,negative,1.143484354019165,-0.5857110619544983,1.8348137140274048
1403900493567430663,negative,1.3386867046356201,-0.9397404789924622,2.071293830871582
1403900511984705542,positive,0.8810869455337524,1.4619179964065552,0.4427809417247772
1403900511988846597,negative,1.2910709381103516,-0.40130409598350525,1.85594642162323
1403900513008062472,negative,0.7935506701469421,0.4234599769115448,0.9381558299064636
1403900520566165504,negative,1.8056939840316772,-0.928774356842041,1.8879927396774292
1403900527788756992,negative,1.3386867046356201,-0.9397404789924622,2.071293830871582
1403900528472563717,negative,0.7225960493087769,-0.3793945014476776,2.261413097381592
1403900531869954048,negative,1.3281255960464478,-0.09877187758684158,1.389876365661621
1403900545463619587,neutral,2.135909080505371,-0.1733417809009552,1.2521299123764038
1403900545673437186,neutral,1.8323006629943848,0.04693847522139549,0.758415162563324
1403900558012977152,negative,1.748196005821228,-0.95270836353302,2.075342893600464
1403900559715885057,neutral,1.7778605222702026,0.9227114915847778,0.31642693281173706
1403900560995061760,neutral,1.849806547164917,-0.9060187339782715,1.6900156736373901
1403900563238965248,neutral,1.8862688541412354,0.6187435388565063,0.3884928822517395
1403900574832156676,neutral,2.4670493602752686,-0.026973187923431396,0.9023120999336243
1403900577105338368,negative,1.0088140964508057,1.0294996500015259,1.225840449333191
1403900579458519044,neutral,1.7778605222702026,0.9227114915847778,0.31642693281173706
1403900584902733826,neutral,1.7778605222702026,0.9227114915847778,0.31642693281173706
1403900594977316864,positive,1.326763391494751,1.4361127614974976,-0.014817042276263237
1403900598567768065,negative,1.039831519126892,0.6954427361488342,1.0555435419082642
1403900601369513985,neutral,1.972515344619751,-0.47638699412345886,1.01102614402771
1403900607455432704,neutral,2.4257802963256836,0.08320354670286179,0.349425733089447
1403900621669994497,neutral,1.7778605222702026,0.9227114915847778,0.31642693281173706
1403900623632883714,negative,0.8398020267486572,-0.2869119644165039,2.310722589492798
1403900636630978567,negative,1.039831519126892,0.6954427361488342,1.0555435419082642
1403900645032161285,neutral,1.4772932529449463,0.7274369597434998,0.25117039680480957
1403900645329969157,negative,1.6746420860290527,-1.1190725564956665,2.6046838760375977
1403900655723433986,negative,0.47550705075263977,-0.7188442945480347,2.6839377880096436
1403900659003322369,negative,0.9563661813735962,-0.9042697548866272,2.6941986083984375
1403900666725081088,negative,1.3386867046356201,-0.9397404789924622,2.071293830871582
1403900667081658371,negative,0.8131116032600403,0.11384397745132446,1.4236743450164795
1403900668772028417,negative,1.218890905380249,-0.5873478651046753,1.9345331192016602
1403900672366370825,negative,1.3386867046356201,-0.9397404789924622,2.071293830871582
1403900682793414660,neutral,1.7778605222702026,0.9227114915847778,0.31642693281173706
1403900684957667328,negative,1.039831519126892,0.6954427361488342,1.0555435419082642
1403900690905317378,negative,1.3281255960464478,-0.09877187758684158,1.389876365661621
1403900696810897410,neutral,1.7778605222702026,0.9227114915847778,0.31642693281173706
1403900714741608449,neutral,2.063243865966797,-0.7446519136428833,1.607017159461975
1403900715135909889,neutral,2.1051292419433594,-0.4156753122806549,0.43714213371276855
1403900718763892736,neutral,1.7778605222702026,0.9227115511894226,0.31642693281173706
1403900723138551810,neutral,1.7778605222702026,0.9227114915847778,0.31642693281173706
1403900728024780800,neutral,1.657442569732666,0.47273629903793335,0.07813054323196411
1403900730482827265,negative,1.2599620819091797,-1.133298635482788,3.070024013519287
1403900734110900229,neutral,1.6737501621246338,-0.2773064076900482,1.1324825286865234
1403900747574657025,positive,2.2531158924102783,2.399120569229126,-0.6791497468948364
1403900748543393793,negative,1.242882490158081,0.36007043719291687,1.2797553539276123
1403900759880572930,positive,2.2531158924102783,2.399120807647705,-0.679149866104126
1403900760937713667,neutral,2.4356508255004883,-0.0768255963921547,0.6959127187728882
1403900763282280449,neutral,1.7778605222702026,0.9227114915847778,0.31642693281173706
1403900769191948295,negative,1.3281255960464478,-0.09877187758684158,1.389876365661621
1403900774137147396,negative,1.748196005821228,-0.95270836353302,2.075342893600464
1403900785453264909,neutral,1.7778605222702026,0.9227114915847778,0.31642693281173706
1403900799936122884,neutral,1.5300209522247314,0.9726719856262207,0.3176789879798889
1403900805091102722,neutral,1.7778605222702026,0.9227114915847778,0.31642693281173706
1403900809163665409,negative,1.0636835098266602,0.9819916486740112,1.2246112823486328
1403900813773348871,negative,1.3281255960464478,-0.09877187758684158,1.389876365661621
1403900813945180167,neutral,1.3120452165603638,0.2330109179019928,0.9028617143630981
1403900821251792900,negative,1.8056939840316772,-0.928774356842041,1.8879927396774292
1403900821276958720,negative,1.7481961250305176,-0.9527083039283752,2.0753426551818848
1403900824749854720,neutral,1.7778605222702026,0.9227114915847778,0.31642693281173706
1403900830034665479,neutral,2.6187822818756104,0.03785426914691925,0.8180553913116455
1403900835118133250,neutral,1.7196593284606934,0.8406676650047302,0.21861925721168518
1403900841933869066,negative,1.0636835098266602,0.981991708278656,1.2246114015579224
1403900843116613634,neutral,3.0007684230804443,0.38027700781822205,-0.14660917222499847
1403900844228153352,neutral,1.657442569732666,0.47273629903793335,0.07813054323196411
1403900848686632965,negative,0.8131116032600403,0.11384397745132446,1.4236743450164795
1403900849076654080,neutral,2.4269957542419434,0.3353146016597748,-0.25336238741874695
1403900850116841472,neutral,2.188443422317505,0.14057156443595886,0.6421080231666565
1403900869960253445,neutral,2.4257802963256836,0.08320354670286179,0.349425733089447
1403900881389641730,negative,0.8398020267486572,-0.2869119644165039,2.310722589492798
1403900909889933312,neutral,1.9805855751037598,0.3863877058029175,0.3449549078941345
1403900910196101120,negative,1.748196005821228,-0.95270836353302,2.075342893600464
1403900924599279617,neutral,2.3190128803253174,0.8313456773757935,-0.14279292523860931
1403900926499381248,negative,1.8627575635910034,-0.9997286796569824,2.1444637775421143
1403900929850720259,negative,0.5819998979568481,-0.5387566089630127,1.5444754362106323
1403900935722647555,negative,1.107401967048645,-0.6269749999046326,2.032235622406006
1403900941422579712,negative,1.0417696237564087,0.16089317202568054,1.6783196926116943
1403900941829492736,neutral,1.5123010873794556,1.1494446992874146,0.7723752856254578
1403900942580211713,negative,0.8131116032600403,0.11384397745132446,1.4236743450164795
1403900944811642882,neutral,2.1154568195343018,0.45575401186943054,-0.14009180665016174
1403900950562082820,positive,0.5707657933235168,1.4654994010925293,0.3448718190193176
1403900963828559881,neutral,2.384986639022827,0.3867134153842926,-0.11730458587408066
1403900968832356356,neutral,2.4891135692596436,-0.2876381278038025,1.0633231401443481
1403900972385017859,neutral,1.8535429239273071,-0.7498980760574341,1.8278412818908691
1403900976474464260,neutral,1.4772932529449463,0.7274369597434998,0.25117039680480957
1403900978722652167,neutral,1.9226253032684326,-0.4114055931568146,1.4153892993927002
1403900985718738950,negative,1.218890905380249,-0.5873478651046753,1.9345331192016602
1403900992647618560,neutral,2.4132397174835205,-0.41875389218330383,1.1223621368408203
1403900999287332869,negative,1.8056939840316772,-0.928774356842041,1.8879927396774292
1403901001376043019,neutral,1.7996230125427246,0.4304908514022827,0.8226476907730103
1403901007692591107,neutral,1.7235435247421265,1.0604634284973145,0.48233044147491455
1403901009492156424,neutral,1.9805855751037598,0.3863876461982727,0.3449549078941345
1403901014533500932,neutral,1.8862688541412354,0.6187435388565063,0.3884928822517395
1403901016781647874,neutral,1.7778605222702026,0.9227114915847778,0.31642693281173706
1403901021290696710,neutral,1.7778605222702026,0.9227114915847778,0.31642693281173706
1403901031810011139,negative,1.0580073595046997,-0.807766854763031,2.684664011001587
1403901037409226753,neutral,1.8862688541412354,0.6187435388565063,0.3884928822517395
1403901039179403267,negative,1.748196005821228,-0.95270836353302,2.075342893600464
1403901040567767046,positive,2.2531158924102783,2.399120807647705,-0.679149866104126
1403901041247195139,neutral,1.657442569732666,0.47273629903793335,0.07813054323196411
1403901062495588352,negative,0.5036278367042542,-0.7312317490577698,2.6459403038024902
1403901077758509061,negative,1.3386867046356201,-0.9397404789924622,2.071293830871582
1403901082758176773,neutral,1.7778605222702026,0.9227114915847778,0.31642693281173706
1403901089531846659,negative,1.146696925163269,-0.348147451877594,2.2510910034179688
1403901090136006656,negative,1.2599620819091797,-1.133298635482788,3.070024013519287
1403901094552473603,neutral,2.3596768379211426,1.5312165021896362,-0.49488770961761475
1403901095131455489,positive,2.0363099575042725,4.041118144989014,-0.9915786981582642
1403901100328112134,neutral,1.634650707244873,0.016390614211559296,0.9993060827255249
1403901103901605892,neutral,1.351915955543518,0.6370716691017151,1.0135297775268555
1403901106103754752,neutral,2.1210968494415283,2.0728487968444824,-0.3280960023403168
1403901107085189127,neutral,1.7778605222702026,0.9227114915847778,0.31642693281173706
1403901107114549248,positive,0.8810869455337524,1.4619179964065552,0.4427809417247772
1403901108687364096,neutral,1.7778605222702026,0.9227114915847778,0.31642693281173706
1403901108876021762,negative,1.2786668539047241,0.12158183008432388,1.502243995666504
1403901113531658245,neutral,1.657442569732666,0.47273629903793335,0.07813054323196411
1403901124730630152,neutral,1.9255423545837402,0.17864081263542175,1.7335549592971802
1403901125770637312,neutral,1.8384326696395874,0.183866947889328,0.5380042791366577
1403901127733567488,neutral,1.8589049577713013,0.2353806495666504,0.6922969818115234
1403901127901552641,neutral,1.8309522867202759,0.9581217169761658,0.28927746415138245
1403901135144947712,positive,2.0304408073425293,2.408445358276367,-0.6872323155403137
1403901135912636417,negative,1.748196005821228,-0.95270836353302,2.075342893600464
1403901144284418054,neutral,1.8309522867202759,0.9581217169761658,0.28927746415138245
1403901146629120005,neutral,1.6737501621246338,-0.2773064076900482,1.1324825286865234
1403901154409467906,neutral,1.788381576538086,0.7746413350105286,0.3493482768535614
1403901163821584389,neutral,1.8309522867202759,0.9581217169761658,0.28927746415138245
1403901174273634309,negative,1.4379886388778687,-0.6191701889038086,1.8549116849899292
1403901176911994880,neutral,1.7778605222702026,0.9227114915847778,0.31642693281173706
1403901182574166017,neutral,1.8553178310394287,0.04630284383893013,0.9424605369567871
1403901185548038144,negative,1.3281255960464478,-0.09877187758684158,1.389876365661621
1403901188035260417,neutral,1.7778605222702026,0.9227114915847778,0.31642693281173706
1403901201796591623,negative,0.9968975782394409,-1.1153805255889893,3.1779820919036865
1403901201880584198,neutral,1.7778605222702026,0.9227114915847778,0.31642693281173706
1403901202371420160,neutral,1.5413366556167603,-0.337189644575119,1.1169040203094482
1403901203801575424,neutral,1.7778605222702026,0.9227114915847778,0.31642693281173706
1403901204669816834,negative,1.3281255960464478,-0.09877187758684158,1.389876365661621
1403901209015164929,negative,1.2064028978347778,-0.8205583691596985,1.921970248222351
1403901210718097410,neutral,1.625494360923767,-0.2476942539215088,0.4766392409801483
1403901219773550594,neutral,1.8309522867202759,0.9581217169761658,0.28927746415138245
1403901254019870725,neutral,1.8314870595932007,-0.7614620327949524,1.3030699491500854
1403901261628559360,neutral,1.8309522867202759,0.9581217765808105,0.2892775535583496
1403901266284011520,negative,0.8602997064590454,-0.608619213104248,1.757267713546753
1403901274416889859,neutral,1.7778605222702026,0.9227114915847778,0.31642693281173706
1403901278061694982,neutral,2.7253150939941406,-0.1299016773700714,1.0127465724945068
1403901282969079810,neutral,1.6196599006652832,0.8607368469238281,0.19692784547805786
1403901320097005569,negative,0.7546983957290649,0.38647016882896423,1.069352149963379
1403901327667761155,neutral,2.016897439956665,-0.9128211140632629,1.670809030532837
1403901334173085696,negative,0.34904563426971436,-0.41150376200675964,3.0956995487213135
1403901334429089792,neutral,2.779845714569092,2.269641399383545,-1.020158052444458
1403901336790335488,neutral,1.8309522867202759,0.9581217169761658,0.28927746415138245
1403901337155276802,neutral,2.016897439956665,-0.9128211140632629,1.670809030532837
1403901347418632193,neutral,2.6628401279449463,0.0546664297580719,0.9250779747962952
1403901355014639617,positive,1.635130524635315,1.6972236633300781,-0.10075870901346207
1403901356025520134,negative,1.6957932710647583,-1.0240910053253174,2.142188310623169
1403901357212454914,neutral,1.8309524059295654,0.9581217765808105,0.28927746415138245
1403901359141777408,neutral,1.2264127731323242,-0.08693227916955948,0.7715764045715332
1403901376804032516,positive,1.0132391452789307,1.6641557216644287,-0.12484430521726608
1403901379127627777,neutral,1.8309522867202759,0.9581217169761658,0.28927746415138245
1403901391089770499,negative,1.3386867046356201,-0.9397404789924622,2.071293830871582
1403901391500767238,neutral,1.7778605222702026,0.9227115511894226,0.3164269030094147
1403901393329655814,neutral,1.8309522867202759,0.9581217169761658,0.28927746415138245
1403901394667511811,negative,1.8056939840316772,-0.928774356842041,1.8879927396774292
1403901400627638272,neutral,2.016897439956665,-0.9128211140632629,1.670809030532837
1403901417333563392,neutral,2.264796257019043,-0.43385711312294006,1.2974179983139038
1403901418524745728,negative,1.7855772972106934,-0.9831061363220215,1.8858956098556519
1403901418910724100,neutral,1.8309522867202759,0.9581217169761658,0.28927746415138245
1403901431741046790,positive,1.5719763040542603,1.872199535369873,-0.4828771948814392
1403901444667834370,neutral,3.146427631378174,2.004300355911255,-0.7456046938896179
1403901457028456449,neutral,1.5137778520584106,-0.036977432668209076,1.032889485359192
1403901460467781636,negative,1.338686466217041,-0.9397404789924622,2.071293830871582
1403901468797652993,neutral,3.519777536392212,1.9572069644927979,-1.0341095924377441
1403901469124825094,neutral,2.3271803855895996,-0.42489615082740784,0.8674828410148621
1403901478457073668,neutral,3.146427631378174,2.004300355911255,-0.7456046938896179
1403901480088768512,negative,0.8487293720245361,-0.5344617962837219,1.183166265487671
1403901484811505669,neutral,1.813003659248352,0.3948588967323303,1.253851056098938
1403901486145302528,neutral,1.758277177810669,0.5151869058609009,0.605047345161438
1403901490096390153,positive,2.2531158924102783,2.399120807647705,-0.679149866104126
1403901492759711748,neutral,1.466309905052185,0.4804590344429016,1.107282280921936
1403901496865918976,negative,1.0636835098266602,0.9819916486740112,1.2246112823486328
1403901499713884165,negative,1.5101807117462158,-0.7024314403533936,2.3395304679870605
1403901500317868036,neutral,2.1504592895507812,-0.25153395533561707,1.243160605430603
1403901502805188612,neutral,1.7778605222702026,0.9227114915847778,0.31642693281173706
1403901510749130755,neutral,1.7778605222702026,0.9227114915847778,0.31642693281173706
1403901511327916034,neutral,3.146427631378174,2.004300355911255,-0.7456046938896179
1403901526121324545,neutral,1.7778605222702026,0.9227114915847778,0.31642693281173706
1403901529896067078,neutral,1.8381887674331665,-0.37645697593688965,1.161337971687317
1403901531926286338,neutral,1.972515344619751,-0.47638699412345886,1.01102614402771
1403901545855344642,negative,1.3386867046356201,-0.9397404789924622,2.071293830871582
1403901553342246918,negative,1.3386865854263306,-0.9397404789924622,2.071293830871582
1403901556571967493,negative,1.748196005821228,-0.95270836353302,2.075342893600464
1403901556861423617,neutral,1.7778605222702026,0.9227115511894226,0.31642696261405945
1403901561831571462,neutral,1.7778605222702026,0.9227114915847778,0.31642693281173706
1403901568571879434,neutral,1.8309522867202759,0.9581217169761658,0.2892775535583496
1403901578290073603,negative,1.0122489929199219,0.365357905626297,1.4344691038131714
1403901581444145153,neutral,2.1504592895507812,-0.25153395533561707,1.243160605430603
1403901582547116033,neutral,1.5077767372131348,1.1110035181045532,0.790127158164978
1403901584732409859,neutral,1.3016366958618164,0.08129090070724487,0.9213109612464905
1403901587135811585,negative,1.7855772972106934,-0.9831061363220215,1.8858956098556519
1403901595046273028,neutral,1.1238641738891602,0.5657298564910889,1.065407395362854
1403901597873225728,neutral,1.657442569732666,0.47273629903793335,0.07813054323196411
1403901607222276099,negative,1.3386863470077515,-0.9397404789924622,2.071293830871582
1403901610011549708,neutral,1.7778605222702026,0.9227114915847778,0.31642693281173706
1403901610011643905,neutral,1.538805603981018,0.5182494521141052,0.461245596408844
1403901611332624389,neutral,1.3638148307800293,0.09407075494527817,0.7090076804161072
1403901617305317383,neutral,1.668128252029419,0.5374560356140137,0.45747169852256775
1403901620170199045,neutral,1.7778605222702026,0.9227114915847778,0.31642693281173706
1403901622107901960,positive,0.42259201407432556,5.895791530609131,-0.823447048664093
1403901623882203138,negative,1.2128658294677734,-0.5000935792922974,2.107023000717163
1403901644249645058,neutral,1.8309522867202759,0.9581217169761658,0.28927746415138245
1403901654588706819,negative,1.2711502313613892,0.26984623074531555,1.4100511074066162
1403901659751849996,neutral,1.7778605222702026,0.9227114915847778,0.31642693281173706
1403901663723724805,negative,1.3106354475021362,-0.6304008960723877,1.657537817955017
1403901667368747009,negative,1.5821349620819092,-0.7902348637580872,1.6915946006774902
1403901672229855233,neutral,1.093082070350647,0.079517662525177,0.7218317985534668
1403901706895777794,neutral,1.7778605222702026,0.9227114915847778,0.31642699241638184
1403901716970496008,positive,2.2531158924102783,2.399120807647705,-0.679149866104126
1403901718073679880,negative,0.8131116032600403,0.11384397745132446,1.4236743450164795
1403901737019183110,negative,1.0636835098266602,0.9819916486740112,1.2246112823486328
1403901740634849288,neutral,1.7778605222702026,0.9227114915847778,0.31642693281173706
1403901743013019648,neutral,2.0616681575775146,1.5829836130142212,-0.18211661279201508
1403901745927839745,neutral,2.5067903995513916,0.32724443078041077,0.2615673243999481
1403901766907969536,neutral,2.016897439956665,-0.9128211140632629,1.670809030532837
1403901774453370881,neutral,1.677368402481079,-0.2883269786834717,0.533492386341095
1403901778781872132,negative,1.3281257152557373,-0.09877195209264755,1.3898764848709106
1403901780996595713,positive,1.7368123531341553,3.6707961559295654,-1.092555284500122
1403901786461814787,neutral,1.3379498720169067,0.17113149166107178,1.2082802057266235
1403901789636730886,negative,0.7546983957290649,0.38647016882896423,1.069352149963379
1403901791163518976,neutral,1.8309522867202759,0.9581217169761658,0.28927746415138245
1403901798012837888,neutral,1.7778605222702026,0.9227114915847778,0.31642693281173706
1403901802270105602,neutral,1.8309522867202759,0.9581217169761658,0.28927746415138245
1403901817335869442,neutral,2.112596273422241,-0.27407073974609375,0.9631895422935486
1403901827100426251,neutral,1.8309522867202759,0.9581217169761658,0.28927746415138245
1403901835321118720,negative,0.7546983957290649,0.38647016882896423,1.069352149963379
1403901838127153159,neutral,2.4224298000335693,-0.7820084691047668,1.5697427988052368
1403901838265667584,neutral,1.8309522867202759,0.9581217169761658,0.28927746415138245
1403901851372638208,neutral,1.875162959098816,-0.614132821559906,1.1857420206069946
1403901852211576834,neutral,2.0282955169677734,-0.11626944690942764,1.1127254962921143
1403901852844920834,neutral,1.8309522867202759,0.9581217169761658,0.28927746415138245
1403901854078013441,neutral,1.7778605222702026,0.9227114915847778,0.31642693281173706
1403901859992068099,neutral,1.8309522867202759,0.9581217169761658,0.28927746415138245
1403901878832873475,neutral,1.8309522867202759,0.9581217169761658,0.28927746415138245
1403901889209462789,neutral,2.5603840351104736,0.5828032493591309,0.05503041297197342
1403901891180908550,negative,1.4196538925170898,-0.2472446858882904,1.583632469177246
1403901894746021888,negative,1.5076181888580322,-1.0285608768463135,2.496487617492676
1403901897052807180,negative,0.1842610090970993,-0.49573543667793274,2.074083089828491
1403901913830150148,negative,1.8056939840316772,-0.928774356842041,1.8879927396774292
1403901915059064837,neutral,1.7778605222702026,0.9227114915847778,0.31642693281173706
1403901920469610497,neutral,2.1124861240386963,0.36040163040161133,0.09754081070423126
1403901939557953537,negative,0.8443133234977722,-0.20387083292007446,1.671974539756775
1403901944029089792,positive,0.34231287240982056,0.8045539259910583,-0.12393153458833694
1403901944490606594,neutral,1.5413366556167603,-0.337189644575119,1.1169040203094482
1403901948575862785,negative,1.8056939840316772,-0.928774356842041,1.8879927396774292
1403901956565790727,positive,1.3735733032226562,2.416107654571533,-0.6971175670623779
1403901956897361923,negative,1.7855772972106934,-0.9831061363220215,1.8858956098556519
1403901967584403459,negative,1.7855772972106934,-0.9831061363220215,1.8858956098556519
1403902008730472448,neutral,1.7778605222702026,0.9227114915847778,0.31642693281173706
1403902016280317954,neutral,1.7778605222702026,0.9227116107940674,0.31642699241638184
1403902021522976771,negative,1.7855772972106934,-0.9831061363220215,1.8858956098556519
1403902040636596226,negative,0.6253724098205566,-0.04485321789979935,2.157602310180664
1403902047607480323,neutral,1.8309522867202759,0.9581217169761658,0.28927746415138245
1403902049855672320,negative,1.3327080011367798,-0.846908450126648,1.7260024547576904
1403902053873864710,negative,1.7855772972106934,-0.9831061363220215,1.8858956098556519
1403902080100798472,neutral,1.8309522867202759,0.9581217169761658,0.28927746415138245
1403902083653320711,neutral,1.8309522867202759,0.9581217169761658,0.2892775237560272
1403902085456969728,neutral,1.90926992893219,0.33271947503089905,0.6869719624519348
1403902089370112002,negative,1.3285870552062988,-0.7113974690437317,2.0097899436950684
1403902106835300354,neutral,1.7230411767959595,0.8719525933265686,0.48058953881263733
1403902110081617924,neutral,1.7778605222702026,0.9227114915847778,0.31642693281173706
1403902111671222274,neutral,1.7309807538986206,0.6152715086936951,0.42113763093948364
1403902116826173443,neutral,1.8309522867202759,0.9581217169761658,0.28927746415138245
1403902119833387015,neutral,2.016897439956665,-0.9128211736679077,1.6708089113235474
1403902136560324608,negative,1.0636835098266602,0.9819916486740112,1.2246112823486328
1403902155052957701,neutral,1.8309522867202759,0.9581217169761658,0.28927746415138245
1403902162443419659,neutral,1.8309522867202759,0.9581217169761658,0.28927746415138245
1403902173688123393,neutral,1.7778605222702026,0.9227114915847778,0.31642693281173706
1403902176326455299,neutral,1.9344838857650757,1.6922301054000854,-0.06318923830986023
1403902183331012610,negative,1.748196005821228,-0.95270836353302,2.075342893600464
1403902190280916993,neutral,1.7778605222702026,0.9227114915847778,0.31642693281173706
1403902190608031745,negative,1.5727533102035522,-0.4987832009792328,1.7483227252960205
1403902194328473600,neutral,1.7778605222702026,0.9227114915847778,0.31642693281173706
1403902195096076294,neutral,1.7778605222702026,0.9227114915847778,0.31642693281173706
1403902207062282240,neutral,1.2978746891021729,0.08922149986028671,0.5701096057891846
1403902214221959169,negative,1.3285870552062988,-0.7113974690437317,2.0097899436950684
1403902228352618498,positive,2.2531158924102783,2.399120807647705,-0.679149866104126
1403902240495001606,neutral,2.6614160537719727,0.3213459253311157,0.3772657513618469
1403902243313577987,neutral,2.112485885620117,0.3604016900062561,0.09754081070423126
1403902246925045769,positive,0.8810869455337524,1.4619179964065552,0.4427809417247772
1403902257825992707,neutral,1.8309522867202759,0.9581217169761658,0.28927746415138245
1403902258606219265,neutral,1.8309522867202759,0.9581217169761658,0.28927749395370483
1403902265799421961,negative,1.813019037246704,-0.9933621287345886,2.769580364227295
1403902265853976579,positive,1.6393015384674072,1.8506660461425781,0.0363265685737133
1403902279288115200,neutral,1.7778605222702026,0.9227114915847778,0.31642693281173706
1403902287035068418,negative,1.3390092849731445,-0.48832598328590393,1.795472502708435
1403902294492581889,negative,1.0363324880599976,-0.07727869600057602,2.1290104389190674
1403902298355638274,negative,1.4357035160064697,-0.47025129199028015,1.6798591613769531
1403902303598354433,negative,0.7947096824645996,-0.08486779779195786,1.8253902196884155
1403902311441780737,negative,1.7855772972106934,-0.9831061363220215,1.8858956098556519
1403902318433669124,neutral,1.8309522867202759,0.9581217169761658,0.28927746415138245
1403902320690225161,negative,1.8056939840316772,-0.928774356842041,1.8879927396774292
1403902332140548103,neutral,1.9444921016693115,0.41432127356529236,0.25116226077079773
1403902347399471105,negative,0.7546983957290649,0.38647016882896423,1.069352149963379
1403902352508088326,neutral,1.516103744506836,0.09628374874591827,1.0462737083435059
1403902361395945473,neutral,1.5123010873794556,1.1494446992874146,0.7723752856254578
1403902367603429378,negative,1.218890905380249,-0.5873478651046753,1.9345331192016602
1403902367813283842,neutral,1.7360961437225342,0.036555215716362,1.036019206047058
1403902370036207618,neutral,1.5413366556167603,-0.337189644575119,1.1169040203094482
1403902370937925633,neutral,2.029672622680664,0.38355177640914917,0.39382120966911316
1403902372095488009,negative,0.9336529970169067,-1.1680208444595337,3.250131607055664
1403902379431432193,negative,1.7855772972106934,-0.9831061363220215,1.8858956098556519
1403902396246413314,neutral,2.016897439956665,-0.9128211736679077,1.670809030532837
1403902406547628032,neutral,3.5376787185668945,0.808828592300415,-0.6632974743843079
1403902412314787840,neutral,1.7952817678451538,0.921813428401947,-0.21513856947422028
1403902422355898368,negative,1.0636835098266602,0.9819916486740112,1.2246112823486328
1403902427162677249,neutral,1.6737501621246338,-0.2773064076900482,1.1324825286865234
1403902437652451332,negative,1.5076181888580322,-1.0285608768463135,2.496487617492676
1403902438885806085,neutral,1.8309522867202759,0.9581217169761658,0.28927746415138245
1403902442027118594,neutral,1.5130550861358643,-0.11652132123708725,0.6403942704200745
1403902442866044928,neutral,1.391884446144104,0.9716336131095886,0.2681564390659332
1403902443000274947,negative,1.1674736738204956,-1.2279057502746582,3.1869139671325684
1403902443189067781,neutral,1.9057562351226807,0.7759731411933899,-0.24721701443195343
1403902443256270848,neutral,2.0745160579681396,-0.03651698678731918,1.3125728368759155
1403902443314991110,neutral,1.4193024635314941,1.1142606735229492,0.8155660033226013
1403902443432333314,negative,1.23020601272583,0.07907453924417496,1.2874996662139893
1403902444594212870,neutral,1.9681167602539062,0.9700328707695007,-0.0007143784314393997
1403902454337400835,neutral,4.477302074432373,2.633746862411499,-1.8415591716766357
1403902454786297856,neutral,1.3678127527236938,0.5884648561477661,0.20094630122184753
1403902455084032007,neutral,2.1504592895507812,-0.25153395533561707,1.243160605430603
1403902455855734788,neutral,1.5308610200881958,0.5799353122711182,0.3086581230163574
1403902456807845888,negative,1.540673017501831,-1.1105948686599731,2.724275588989258
1403902462759784456,positive,1.922985315322876,4.059220314025879,-0.8331595063209534
1403902463837491203,negative,1.3285870552062988,-0.7113974690437317,2.0097899436950684
1403902464085090307,negative,0.7221956849098206,-0.928195059299469,3.093144178390503
1403902472356249603,negative,1.3281255960464478,-0.09877187758684158,1.389876365661621
1403902478329028611,negative,1.3281255960464478,-0.09877187758684158,1.389876365661621
1403902488160448513,negative,1.218890905380249,-0.5873478651046753,1.9345331192016602
1403902489775153153,neutral,2.12461256980896,0.634676456451416,0.050254080444574356
1403902494250475520,neutral,2.1835217475891113,0.2527061402797699,0.27119043469429016
1403902494879662084,negative,1.3452192544937134,0.09545433521270752,1.6500494480133057
1403902505570902022,neutral,1.5222033262252808,-0.6841440796852112,1.3107229471206665
1403902507361837059,neutral,1.1252129077911377,-0.21815094351768494,0.9072260856628418
1403902517067530240,negative,0.9496271014213562,-0.5287302136421204,3.183666706085205
1403902517415759879,neutral,2.128566265106201,-0.0676957443356514,1.6470513343811035
1403902524952809477,neutral,2.5700933933258057,1.6555488109588623,-0.8058093786239624
1403902548344401924,negative,1.3281255960464478,-0.09877187758684158,1.389876365661621
1403902550064058370,negative,0.7546983957290649,0.38647016882896423,1.069352149963379
1403902552157138946,negative,1.520759105682373,-0.4901033937931061,1.7439463138580322
1403902552266006528,neutral,2.12461256980896,0.634676456451416,0.050254080444574356
1403902559153135626,neutral,2.016897439956665,-0.9128211140632629,1.670809030532837
1403902565251575809,negative,1.0396753549575806,-0.6313725113868713,2.653426170349121
1403902567894061057,negative,1.3386867046356201,-0.9397404789924622,2.071293830871582
1403902597384245254,neutral,1.4509559869766235,1.0532445907592773,0.2126825749874115
1403902604380233729,neutral,1.5721356868743896,-0.5822848081588745,1.4180827140808105
1403902611489648640,negative,0.8462041020393372,-0.4103381335735321,1.5823659896850586
1403902634486996992,negative,1.4039654731750488,-0.9573646783828735,2.4958865642547607
1403902637582344196,neutral,2.016897439956665,-0.9128211140632629,1.670809030532837
1403902640090763267,neutral,1.7778605222702026,0.9227114915847778,0.31642693281173706
1403902646805680131,negative,1.7855772972106934,-0.9831061363220215,1.8858956098556519
1403902649695498241,negative,1.1426297426223755,-1.0803608894348145,2.735686779022217
1403902658705080320,neutral,1.3323184251785278,0.9968960285186768,0.25617480278015137
1403902661276180489,neutral,1.8762764930725098,1.0652669668197632,0.6791738867759705
1403902669777903624,neutral,2.1237547397613525,-0.7298249006271362,1.4527775049209595
1403902684428599296,negative,1.3386867046356201,-0.9397404789924622,2.071293830871582
1403902692724920323,negative,1.1140302419662476,-0.6251609325408936,1.4413728713989258
1403902698886467591,positive,2.144418716430664,3.7488560676574707,-0.9671385288238525
1403902701327380481,neutral,2.35193133354187,0.1746099889278412,0.23435357213020325
1403902702501908483,neutral,2.016897439956665,-0.9128211140632629,1.670809030532837
1403902705429618690,neutral,1.8309522867202759,0.9581217169761658,0.28927746415138245
1403902708050956290,positive,0.9682647585868835,1.6243312358856201,0.6165437698364258
1403902708436897794,negative,1.3572510480880737,-0.15077054500579834,2.038214683532715
1403902710357823488,negative,0.5545817613601685,-0.18532800674438477,2.4135727882385254
1403902710848573441,neutral,1.8309522867202759,0.9581217765808105,0.2892775237560272
1403902724970844161,neutral,1.8696351051330566,-0.052308373153209686,0.7023538947105408
1403902729299374080,neutral,1.8643229007720947,0.06442467868328094,0.7624540328979492
1403902735452303365,neutral,1.8309522867202759,0.9581217765808105,0.2892775237560272
1403902736588959749,neutral,1.6783138513565063,-0.25271663069725037,1.0197538137435913
1403902737067266049,positive,2.0304408073425293,2.408445358276367,-0.6872323155403137
1403902741206994946,neutral,1.7778605222702026,0.9227116703987122,0.31642693281173706
1403902747745959938,negative,1.3281258344650269,-0.09877193719148636,1.3898764848709106
1403902749863985155,neutral,1.612420678138733,1.0170958042144775,0.15841390192508698
1403902754435764227,neutral,1.9080036878585815,0.7189498543739319,0.3742687404155731
1403902757824655360,negative,1.7855772972106934,-0.9831061363220215,1.8858956098556519
1403902759003426818,neutral,2.016897439956665,-0.9128212332725525,1.670809030532837
1403902761301839872,neutral,2.016897439956665,-0.9128212332725525,1.670809030532837
1403902762107260932,neutral,1.8309522867202759,0.9581217765808105,0.2892775237560272
1403902762455240705,neutral,1.8309522867202759,0.9581217765808105,0.2892775237560272
1403902765211045889,negative,0.8970534801483154,-1.0200316905975342,2.962843894958496
1403902767261831174,neutral,1.923423171043396,1.6410300731658936,0.16886737942695618
1403902777168830464,neutral,1.8589047193527222,0.235380619764328,0.6922969818115234
1403902782025916421,negative,0.5036277770996094,-0.731231689453125,2.6459403038024902
1403902784836096000,neutral,2.0617175102233887,0.1113944873213768,0.6925592422485352
1403902786417266695,negative,1.3386865854263306,-0.9397405982017517,2.071293830871582
1403902794864660481,neutral,2.69553542137146,1.7865480184555054,-0.47348523139953613
1403902795644772357,negative,1.3285870552062988,-0.7113974690437317,2.0097897052764893
1403902796588404741,neutral,2.112596273422241,-0.2740708291530609,0.9631896615028381
1403902797410570240,negative,1.3285870552062988,-0.7113974690437317,2.0097897052764893
1403902802254909447,neutral,2.164992332458496,0.38684529066085815,0.5796940922737122
1403902819468517376,neutral,1.8309522867202759,0.9581217765808105,0.2892775237560272
1403902820709900289,neutral,2.779599905014038,1.5252234935760498,-0.6250311136245728
1403902826582097927,positive,1.221576452255249,1.3904765844345093,0.7860971093177795
1403902828884623362,neutral,1.9582918882369995,-0.6564480066299438,1.3026190996170044
1403902833674555392,neutral,1.8309522867202759,0.9581217765808105,0.2892775237560272
1403902833804513283,negative,1.7481963634490967,-0.95270836353302,2.075342893600464
1403902835432079360,neutral,1.85686194896698,1.1434487104415894,0.11558110266923904
1403902839366225920,neutral,2.016897439956665,-0.9128212332725525,1.670809030532837
1403902860086038531,neutral,2.3124897480010986,0.7202937602996826,0.4430374801158905
1403902863718424584,negative,1.7855772972106934,-0.9831061363220215,1.8858956098556519
1403902865350012932,negative,1.4268202781677246,-0.4118932783603668,2.553748369216919
1403902868449542144,negative,1.3281258344650269,-0.09877193719148636,1.3898764848709106
1403902881099567108,negative,1.0350544452667236,-0.4889874756336212,1.5234317779541016
1403902884715155458,neutral,1.8309522867202759,0.9581217765808105,0.2892775237560272
1403902894131269634,neutral,1.2317925691604614,0.9246779680252075,0.09882350265979767
1403902895574114305,negative,1.3281258344650269,-0.09877193719148636,1.3898764848709106
1403902898849857542,neutral,1.8309522867202759,0.958121657371521,0.2892775535583496
1403902901446234112,neutral,1.8309522867202759,0.9581217765808105,0.2892775237560272
1403902906546466819,negative,1.7855772972106934,-0.9831061363220215,1.8858956098556519
1403902916147118080,neutral,1.8273698091506958,0.03473518788814545,0.7606011033058167
1403902925408194561,negative,0.8131116032600403,0.11384399235248566,1.423674464225769
1403902939190677505,neutral,1.8309522867202759,0.9581217765808105,0.2892775237560272
1403902947059240962,neutral,1.1737948656082153,0.5061999559402466,1.00520658493042
1403902955376414722,negative,0.9460924863815308,0.27446287870407104,1.6955372095108032
1403902971042308099,neutral,1.8309522867202759,0.9581217765808105,0.2892775237560272
1403902975051980802,neutral,1.9487779140472412,1.1585025787353516,-0.5594260096549988
1403902978701017088,positive,1.4703023433685303,1.5787930488586426,0.6706613898277283
1403902989400637441,neutral,1.6717619895935059,-0.3467858135700226,1.0121725797653198
1403902999328526337,neutral,1.7778605222702026,0.9227116703987122,0.31642693281173706
1403903020023177217,neutral,1.7778605222702026,0.9227116703987122,0.31642693281173706
1403903040076275715,neutral,1.8309522867202759,0.9581217169761658,0.2892775237560272
1403903042584518656,neutral,1.3323183059692383,0.9968960881233215,0.25617486238479614
1403903068266283011,neutral,2.5282301902770996,1.6599961519241333,-0.6815015077590942
1403903078974332935,negative,1.168187141418457,-1.2628709077835083,3.3534958362579346
1403903082778464266,positive,1.6059271097183228,3.431619167327881,-0.9115915894508362
1403903084867112960,neutral,1.5945305824279785,-0.421768456697464,0.7198590636253357
1403903084951076865,neutral,1.407888650894165,1.3290345668792725,0.11234390735626221
1403903087790542849,negative,1.0999146699905396,-0.05921345204114914,1.334965467453003
1403903122456473604,negative,0.6581752896308899,-0.8966516256332397,2.708468198776245
1403903142291460098,neutral,1.7778605222702026,0.9227116703987122,0.31642693281173706
1403903142530621441,neutral,1.209405541419983,0.4991127848625183,1.0191329717636108
1403903144019517441,neutral,1.8309522867202759,0.9581217765808105,0.2892775237560272
1403903145986510848,neutral,3.7817726135253906,3.56562876701355,-1.6297487020492554
1403903146271948800,neutral,2.016897439956665,-0.9128212332725525,1.670809030532837
1403903146603253762,negative,1.3375811576843262,-0.9234568476676941,2.218390703201294
1403903146905243649,neutral,1.8309522867202759,0.958121657371521,0.2892775535583496
1403903147949633537,negative,1.3281258344650269,-0.09877193719148636,1.3898764848709106
1403903150671679492,negative,0.7482399344444275,0.10732690244913101,1.9409260749816895
1403903152894746630,neutral,1.7778605222702026,0.9227116703987122,0.31642693281173706
1403903156950421505,neutral,2.12461256980896,0.6346763968467712,0.050254128873348236
1403903164181528582,positive,1.4703023433685303,1.5787930488586426,0.6706613898277283
1403903186289692674,neutral,2.538132429122925,0.8975992798805237,-0.09999557584524155
1403903191989768201,negative,1.7481963634490967,-0.95270836353302,2.075342893600464
1403903195722752003,negative,1.6749154329299927,-1.038260817527771,2.2898943424224854
1403903233030975492,neutral,1.9549206495285034,0.766869843006134,-0.12778006494045258
1403903242094841858,neutral,2.1757266521453857,1.2717567682266235,0.18441830575466156
1403903256531673089,neutral,3.44895339012146,1.8046106100082397,-0.6602652668952942
1403903262378676230,negative,1.4039654731750488,-0.9573647379875183,2.4958865642547607
1403903269076799489,neutral,1.5910927057266235,-0.28956660628318787,0.3573009967803955
1403903271178162190,neutral,1.3074378967285156,0.4237452447414398,0.9666067957878113
1403903275242381312,positive,3.279630184173584,3.503741979598999,-1.3868790864944458
1403903275817078789,negative,1.1700456142425537,-0.22677162289619446,1.931920051574707
1403903283417255944,neutral,2.515965223312378,-0.13028386235237122,0.7719484567642212
1403903294406381569,negative,1.3281258344650269,-0.09877193719148636,1.3898764848709106
1403903297568845830,negative,1.0947840213775635,-0.7075544595718384,1.8279097080230713
1403903304380424192,neutral,1.723041296005249,0.8719526529312134,0.48058950901031494
1403903307970658311,negative,1.5767892599105835,-1.2124427556991577,2.9996984004974365
1403903313905602561,negative,1.0122488737106323,0.3653578758239746,1.434469223022461
1403903316057337856,neutral,1.657442569732666,0.4727361798286438,0.07813054323196411
1403903316896227332,neutral,1.7778605222702026,0.9227116703987122,0.31642693281173706
1403903319324598274,neutral,2.016897439956665,-0.9128212332725525,1.670809030532837
1403903319706411012,neutral,1.5565543174743652,-0.34671124815940857,1.2335997819900513
1403903335636344833,neutral,1.7778605222702026,0.9227116703987122,0.31642693281173706
1403903343056113665,neutral,1.8309522867202759,0.9581217765808105,0.2892775237560272
1403903344851177472,positive,2.2531158924102783,2.399121046066284,-0.679149866104126
1403903346025639940,neutral,1.8309522867202759,0.9581217765808105,0.2892775237560272
1403903347006967812,negative,1.7642866373062134,-0.8903850317001343,1.8106470108032227
1403903348563070978,negative,1.3281258344650269,-0.09877193719148636,1.3898764848709106
1403903352400846850,neutral,2.380256414413452,1.022403359413147,-0.21200472116470337
1403903354816716800,neutral,2.319753885269165,0.939026415348053,0.010788585990667343
1403903364543385601,neutral,1.6737502813339233,-0.27730631828308105,1.1324825286865234
1403903367856881667,neutral,2.792828321456909,1.0698341131210327,-0.16108690202236176
1403903381240909828,negative,0.8131116032600403,0.11384399235248566,1.423674464225769
1403903388211834897,negative,0.7562506198883057,-0.5993294715881348,2.5860369205474854
1403903400190820352,neutral,1.7778605222702026,0.9227116703987122,0.31642693281173706
1403903401285488644,negative,0.5036277770996094,-0.731231689453125,2.6459403038024902
1403903415147806729,negative,1.3563135862350464,-0.05069265514612198,1.5779929161071777
1403903417332899843,negative,0.7546983957290649,0.38647016882896423,1.0693522691726685
1403903421921468419,negative,1.0368698835372925,0.4236876666545868,1.1978203058242798
1403903438396735494,neutral,1.5992679595947266,0.017756596207618713,0.27663424611091614
1403903451742965763,negative,1.039831519126892,0.695442795753479,1.0555435419082642
1403903456012910597,neutral,2.052229642868042,0.3397247791290283,0.7132147550582886
1403903472123080706,positive,2.169769525527954,2.251061201095581,-0.5778841376304626
1403903474782261251,neutral,1.9121848344802856,-0.6888840198516846,1.2274773120880127
1403903490720768005,neutral,1.9344838857650757,1.6922301054000854,-0.06318921595811844
1403903499285450753,neutral,1.8309522867202759,0.9581217765808105,0.2892775237560272
1403903503077048322,neutral,1.775450587272644,0.5253720283508301,0.655079185962677
1403903505727778816,neutral,2.016897439956665,-0.9128212332725525,1.670809030532837
1403903513650937864,negative,1.0122488737106323,0.3653578758239746,1.434469223022461
1403903513852317699,neutral,1.972515344619751,-0.47638699412345886,1.0110262632369995
1403903543501901825,negative,1.4196538925170898,-0.24724459648132324,1.5836323499679565
1403903543619227648,neutral,1.7778605222702026,0.9227116703987122,0.31642693281173706
1403903545720590338,negative,1.3281258344650269,-0.09877198189496994,1.3898764848709106
1403903576049557514,negative,1.3386865854263306,-0.9397405982017517,2.071293830871582
1403903581690896385,neutral,1.402848482131958,0.44422677159309387,0.9211641550064087
1403903595506929665,negative,1.2064028978347778,-0.8205583691596985,1.921970248222351
1403903596798877696,positive,1.2797034978866577,1.5315452814102173,0.13977770507335663
1403903615279026176,negative,0.7567495703697205,-0.3464551866054535,1.9141567945480347
1403903625823412228,neutral,2.1868481636047363,0.0011047497391700745,1.1419883966445923
1403903627660562432,neutral,1.4509559869766235,1.0532444715499878,0.2126825451850891
1403903632085450755,neutral,1.5992679595947266,0.017756596207618713,0.27663424611091614
1403903639110832132,negative,1.0636835098266602,0.9819916486740112,1.2246114015579224
1403903646404952067,neutral,1.767792820930481,0.036483295261859894,1.0104150772094727
1403903647583506436,negative,1.1360982656478882,-0.09822665899991989,1.3910073041915894
1403903654067937283,negative,1.3281258344650269,-0.09877193719148636,1.3898764848709106
1403903655959539716,negative,1.7855772972106934,-0.9831061363220215,1.8858956098556519
1403903669473513474,negative,1.1367027759552002,-1.2334890365600586,2.9981296062469482
1403903694840737798,neutral,2.15742564201355,0.6441745758056641,0.21582435071468353
1403903695348244481,neutral,1.612420678138733,1.0170958042144775,0.15841390192508698
1403903700461146113,neutral,1.8309522867202759,0.9581217765808105,0.2892775237560272
1403903701178146824,negative,0.6315996646881104,-0.5628820657730103,1.887261152267456
1403903704131149826,negative,1.3281258344650269,-0.09877193719148636,1.3898764848709106
1403903709717794818,neutral,1.8309522867202759,0.9581217765808105,0.2892775237560272
1403903720589455363,neutral,1.7772932052612305,0.6345906853675842,0.5322681069374084
1403903728101560328,neutral,2.515965223312378,-0.13028386235237122,0.7719484567642212
1403903731440226307,neutral,2.1124861240386963,0.3604016602039337,0.09754080325365067
1403903732216070147,neutral,1.9776051044464111,0.7727177739143372,-0.10043934732675552
1403903739250057219,neutral,1.9996258020401,0.4982023239135742,0.17898604273796082
1403903739480641538,negative,1.1107091903686523,-0.37097781896591187,1.578161597251892
1403903751002353665,negative,1.3386865854263306,-0.9397405982017517,2.071293830871582
1403903753120456707,negative,1.3386865854263306,-0.9397405982017517,2.071293830871582
1403903755804807171,neutral,2.12461256980896,0.634676456451416,0.05025412514805794
1403903761358131200,neutral,1.639317512512207,-0.13519200682640076,1.2279084920883179
1403903770279305218,neutral,2.1460962295532227,0.8299948573112488,-0.09539452940225601
1403903771290128384,negative,1.0636835098266602,0.9819916486740112,1.2246114015579224
1403903773748178944,negative,1.2188910245895386,-0.5873478055000305,1.934532880783081
1403903789225197570,neutral,1.7778605222702026,0.9227116703987122,0.31642693281173706
1403903794447069187,neutral,1.6967754364013672,0.4062061905860901,0.18882985413074493
1403903796548411392,neutral,2.016897439956665,-0.9128212332725525,1.670809030532837
1403903796640718848,neutral,1.3198304176330566,0.46565377712249756,-0.22718225419521332
1403903797043281931,negative,1.7855772972106934,-0.9831061363220215,1.8858954906463623
1403903809718558723,neutral,1.8309522867202759,0.9581217765808105,0.2892775237560272
1403903809991155712,negative,1.7481963634490967,-0.95270836353302,2.075342893600464
1403903815577784321,neutral,2.12461256980896,0.634676456451416,0.05025412514805794
1403903822565679109,neutral,1.8876646757125854,0.020604394376277924,1.0628716945648193
1403903837459599363,negative,1.8056941032409668,-0.9287742972373962,1.8879926204681396
1403903844073893888,neutral,1.3472131490707397,-0.061551325023174286,1.0439945459365845
1403903851120390145,negative,1.161712884902954,-1.4027140140533447,3.6671948432922363
1403903868136615939,neutral,1.9121848344802856,-0.6888840198516846,1.2274773120880127
1403903877544611841,positive,1.221576452255249,1.3904765844345093,0.7860971093177795
1403903878580539405,neutral,1.812217354774475,0.1874454915523529,1.459985613822937
1403903898792890368,positive,1.2797034978866577,1.5315452814102173,0.13977770507335663
1403903911992385537,neutral,2.401737689971924,1.158551812171936,-0.11540693789720535
1403903915549028354,neutral,1.4509559869766235,1.0532444715499878,0.2126825451850891
1403903917457653762,neutral,1.7778605222702026,0.9227116703987122,0.31642693281173706
1403903918665605130,neutral,1.8309522867202759,0.9581217765808105,0.2892775237560272
1403903927129546752,negative,0.652108907699585,0.09134208410978317,1.8732450008392334
1403903929914691589,neutral,1.8309522867202759,0.9581217765808105,0.2892775237560272
1403903930774478849,negative,1.3281258344650269,-0.09877193719148636,1.3898764848709106
1403903943206486016,negative,1.7855772972106934,-0.9831061363220215,1.8858956098556519
1403903949350920196,neutral,1.1731477975845337,0.3108881413936615,1.1515840291976929
1403903966606356485,neutral,1.443589687347412,-0.06434539705514908,1.0553040504455566
1403903966904193030,neutral,1.711020827293396,-0.20668163895606995,1.3294116258621216
1403903966975447043,neutral,1.4021048545837402,-0.14369025826454163,1.2219189405441284
1403903975385178112,negative,0.8131116032600403,0.11384399235248566,1.423674464225769
1403903983547260928,neutral,1.8309522867202759,0.9581217765808105,0.2892775237560272
1403903986051211265,neutral,1.5407772064208984,0.4607827365398407,0.5464985966682434
1403903993114370050,neutral,2.016897439956665,-0.9128212332725525,1.670809030532837
1403903997979865090,negative,1.1168309450149536,-1.0757248401641846,2.888131856918335
1403904002140426242,neutral,1.8862688541412354,0.6187434196472168,0.3884929120540619
1403904020305965056,negative,0.5735690593719482,-0.15835309028625488,1.963919997215271
1403904027008643073,neutral,1.7778605222702026,0.9227116703987122,0.31642699241638184
1403904037204938755,neutral,2.9150924682617188,0.3905630111694336,0.24834951758384705
1403904044725329929,neutral,2.4356508255004883,-0.0768255814909935,0.6959127187728882
1403904051482447872,positive,1.2767431735992432,1.6926090717315674,0.11311057955026627
1403904062135816192,neutral,1.42067289352417,0.12249493598937988,1.3071250915527344
1403904064459579394,neutral,1.4509559869766235,1.0532444715499878,0.2126825451850891
1403904064962928642,negative,1.0636835098266602,0.9819916486740112,1.2246114015579224
1403904074886483971,neutral,2.8926074504852295,0.6888076663017273,-0.04078179597854614
1403904079194071044,neutral,1.8309522867202759,0.9581217765808105,0.2892775237560272
1403904085602930692,negative,1.3386865854263306,-0.9397405982017517,2.071293830871582
1403904092603392002,negative,1.7855772972106934,-0.9831061363220215,1.8858956098556519
1403904094851403776,neutral,1.7778605222702026,0.9227116703987122,0.31642693281173706
1403904115336384515,neutral,1.6147202253341675,0.2761072814464569,0.965844988822937
1403904117186215939,neutral,1.7778605222702026,0.9227116703987122,0.31642693281173706
1403904128384909313,negative,1.2689317464828491,-0.42230334877967834,2.16701340675354
1403904151109648388,negative,0.8131116032600403,0.11384399235248566,1.423674464225769
1403904159959568388,neutral,2.1504592895507812,-0.25153401494026184,1.2431604862213135
1403904159988871177,neutral,1.6267844438552856,0.17379671335220337,1.0435575246810913
1403904160832049153,neutral,1.8309522867202759,0.9581217765808105,0.2892775237560272
1403904170801844224,neutral,1.4525086879730225,0.24384501576423645,0.8086399435997009
1403904172420845569,negative,1.077156662940979,-0.24967989325523376,1.8691452741622925
1403904182734651392,neutral,0.9801568984985352,0.7338799238204956,0.8250967264175415
1403904192167563264,negative,1.3386865854263306,-0.9397405982017517,2.071293830871582
1403904198299701250,negative,1.0340627431869507,-0.2085196077823639,1.3919086456298828
1403904207883747330,neutral,1.5413365364074707,-0.33718961477279663,1.1169041395187378
1403904208403931140,negative,0.9257007241249084,-0.6735451817512512,2.571028470993042
1403904226212732930,neutral,2.380256414413452,1.0224032402038574,-0.21200473606586456
1403904239047299076,neutral,1.6254942417144775,-0.2476942539215088,0.47663918137550354
1403904240595050497,negative,0.7140474915504456,-0.4138863980770111,1.431980013847351
1403904253886824458,neutral,2.430786609649658,0.01969568431377411,0.2036627233028412
1403904254562156546,negative,1.7855772972106934,-0.9831061363220215,1.8858956098556519
1403904261906264064,negative,0.9257007241249084,-0.6735451817512512,2.571028470993042
1403904276003536899,neutral,2.0582621097564697,-0.4921199381351471,1.1981902122497559
1403904283242909698,negative,1.0677636861801147,-1.2468100786209106,3.556574821472168
1403904283364397062,neutral,2.12461256980896,0.634676456451416,0.05025412514805794
1403904286359175169,negative,1.8056941032409668,-0.9287742972373962,1.8879926204681396
1403904296744361988,neutral,1.7469334602355957,-0.9716559052467346,1.7122553586959839
1403904302242951170,negative,0.6594119668006897,-0.873766303062439,3.178490161895752
1403904305011122176,neutral,1.2094056606292725,0.49911263585090637,1.0191330909729004
1403904313458634759,neutral,1.6984832286834717,-0.23908361792564392,1.0308605432510376
1403904332207071236,neutral,3.44895339012146,1.8046106100082397,-0.6602652668952942
1403904335633735680,neutral,1.6737502813339233,-0.27730631828308105,1.1324825286865234
1403904339723264000,positive,2.2531158924102783,2.399121046066284,-0.679149866104126
1403904339828117508,negative,1.1934021711349487,-1.2493581771850586,2.913710594177246
1403904343141720066,negative,1.7481963634490967,-0.95270836353302,2.075342893600464
1403904346194997254,neutral,3.4411466121673584,3.1538853645324707,-1.2489986419677734
1403904359071576065,negative,1.039831519126892,0.695442795753479,1.0555435419082642
1403904363236577284,neutral,2.161651372909546,0.15539714694023132,0.014498176984488964
1403904366453559300,negative,1.6689581871032715,-1.0296034812927246,2.5321311950683594
1403904366713597955,neutral,2.435650587081909,-0.0768255665898323,0.6959127187728882
1403904370408710144,neutral,1.9645811319351196,-0.14261344075202942,1.3820449113845825
1403904370777985025,negative,1.2240771055221558,-0.030272871255874634,1.355496883392334
1403904373328019457,negative,1.1168309450149536,-1.0757248401641846,2.888131856918335
1403904378478776326,negative,1.3281258344650269,-0.09877193719148636,1.3898764848709106
1403904406324539396,negative,1.1934021711349487,-1.2493581771850586,2.913710594177246
1403904418743939077,neutral,3.3427681922912598,1.4025582075119019,-0.7386361360549927
1403904418878308353,neutral,1.972515344619751,-0.47638699412345886,1.0110262632369995
1403904423483559941,neutral,1.7772221565246582,1.710564374923706,-0.11142978817224503
1403904449865678852,negative,1.3285870552062988,-0.7113974690437317,2.0097897052764893
1403904454164992000,negative,1.0122488737106323,0.3653578758239746,1.434469223022461
1403904454823317505,negative,0.7546983957290649,0.38647010922431946,1.069352388381958
1403904456031293441,negative,1.3386865854263306,-0.9397405982017517,2.071293830871582
1403904471399284736,positive,2.1865081787109375,2.772749185562134,-0.024803178384900093
1403904478202404864,neutral,2.779566764831543,1.2918980121612549,-0.26635056734085083
1403904481373429761,neutral,1.8309522867202759,0.9581217765808105,0.2892775237560272
1403904483718053890,negative,1.397867202758789,-0.8878660202026367,2.233370304107666
1403904485840211968,negative,1.3386865854263306,-0.9397405982017517,2.071293830871582
1403904495743012866,negative,1.3281258344650269,-0.09877193719148636,1.3898764848709106
1403904528043286536,negative,1.0361751317977905,-0.4085395932197571,2.577772378921509
1403904533776982019,negative,1.0822017192840576,-1.2889949083328247,3.8150837421417236
1403904552483577859,neutral,1.972515344619751,-0.47638699412345886,1.0110262632369995
1403904569042690053,neutral,1.1238642930984497,0.5657299757003784,1.065407395362854
1403904571936751618,neutral,1.972515344619751,-0.47638699412345886,1.0110262632369995
1403904572578426880,negative,1.3285870552062988,-0.7113974690437317,2.0097897052764893
1403904579729772548,neutral,1.8309522867202759,0.9581217765808105,0.2892775237560272
1403904604333613059,negative,1.2794384956359863,-1.110539197921753,2.99991512298584
1403904605394653186,negative,0.9075958728790283,-0.6174675822257996,1.889397144317627
1403904609110814722,negative,1.3386865854263306,-0.9397405982017517,2.071293830871582
1403904612566855681,neutral,2.0469586849212646,1.556258201599121,-0.03703682869672775
1403904612969615361,neutral,1.657442569732666,0.4727361798286438,0.07813054323196411
1403904622180257792,neutral,2.1504592895507812,-0.251534104347229,1.243160605430603
1403904630619209728,negative,1.2726962566375732,-0.39912012219429016,1.7006996870040894
1403904636487036932,negative,1.2394413948059082,-0.2661738395690918,1.4563103914260864
1403904638500343814,negative,0.3119219243526459,0.2386663556098938,1.5686874389648438
1403904651632594948,negative,1.0636835098266602,0.9819916486740112,1.2246114015579224
1403904673334054914,neutral,1.657442569732666,0.4727361798286438,0.07813054323196411
1403904681756086275,negative,1.3386865854263306,-0.9397405982017517,2.071293830871582
1403904682389610501,neutral,1.8862688541412354,0.6187434196472168,0.3884929120540619
1403904690270597123,negative,1.4733085632324219,-0.4228123128414154,1.5648266077041626
1403904704829087749,neutral,1.3509364128112793,-0.06877588480710983,1.2309843301773071
1403904730582044676,negative,0.898820161819458,-0.6464444994926453,1.81289803981781
1403904746503745537,neutral,1.7450945377349854,-0.30180642008781433,0.9879770874977112
1403904754141437959,negative,0.7546983957290649,0.38647016882896423,1.0693522691726685
1403904768884416514,neutral,2.274813175201416,0.5899795889854431,0.46061187982559204
1403904798013882370,negative,1.0166065692901611,-0.23868149518966675,1.843504548072815
1403904816229847048,neutral,1.923423171043396,1.6410300731658936,0.16886737942695618
1403904824115175426,neutral,1.9477401971817017,0.19602155685424805,0.9068080186843872
1403904850228920325,negative,1.7481963634490967,-0.95270836353302,2.075342893600464
1403904853324095491,neutral,1.8309522867202759,0.9581217765808105,0.2892775237560272
1403904855559782401,negative,1.0122488737106323,0.3653578758239746,1.434469223022461
1403904864443322372,negative,1.3281258344650269,-0.09877193719148636,1.3898764848709106
1403904867949764610,neutral,3.2815191745758057,1.907524824142456,-0.8395087718963623
1403904870902603779,positive,1.6393015384674072,1.850665807723999,0.036326538771390915
1403904876308951046,negative,1.4733085632324219,-0.4228123128414154,1.5648266077041626
1403904877898522625,neutral,2.3187854290008545,1.0220264196395874,0.3703238368034363
1403904899037888520,neutral,1.5187658071517944,0.1668209433555603,1.1331208944320679
1403904913743155200,neutral,1.747424602508545,0.01975066214799881,0.8355892896652222
1403904916150571009,negative,1.5727531909942627,-0.49878326058387756,1.748322606086731
1403904917874647048,negative,0.5840769410133362,-0.8798192739486694,2.9521470069885254
1403904939319910411,negative,1.3386865854263306,-0.9397405982017517,2.071293830871582
1403904947951861764,negative,1.3386865854263306,-0.9397405982017517,2.071293830871582
1403904949944209408,negative,1.0536085367202759,0.24890422821044922,1.298891544342041
1403904959205150722,neutral,3.242804527282715,0.03181097283959389,0.6076309084892273
1403904959247159300,neutral,1.4711034297943115,0.45241424441337585,0.43895286321640015
1403904959343640582,neutral,1.8122692108154297,-0.28290271759033203,0.5359705090522766
1403904960102797314,negative,0.8200317621231079,-0.599330484867096,1.5863405466079712
1403904968017518595,negative,1.3992199897766113,-0.855922281742096,2.555842399597168
1403904968977883141,neutral,1.604713797569275,0.4362756907939911,0.5087962746620178
1403904974535290881,negative,1.2726963758468628,-0.39912012219429016,1.7006996870040894
1403904980633800707,negative,1.0282654762268066,-0.28910574316978455,2.0174310207366943
1403904994844282880,neutral,1.8339741230010986,-0.4227709472179413,0.8149113059043884
1403904998447083522,negative,1.4733085632324219,-0.4228123128414154,1.5648266077041626
1403905003807514624,negative,1.3281258344650269,-0.09877193719148636,1.3898764848709106
1403905006793789444,neutral,2.135908842086792,-0.1733417510986328,1.2521300315856934
1403905009079619584,neutral,2.4851229190826416,-0.01364697515964508,0.3788215219974518
1403905011784904705,neutral,2.288694381713867,-0.03113783895969391,0.873755156993866
1403905013919985664,negative,1.3888776302337646,-0.2974449098110199,1.3949834108352661
1403905018345013248,neutral,2.010484218597412,0.28509700298309326,0.42213964462280273
1403905029484859392,negative,1.1159999370574951,-0.7865674495697021,1.8643828630447388
1403905031267491841,negative,1.355311632156372,-0.9963158965110779,2.6063873767852783
1403905046111129600,neutral,1.8589047193527222,0.235380619764328,0.6922969818115234
1403905064385880066,neutral,2.1339173316955566,-0.4726317226886749,0.9158221483230591
1403905067657347076,negative,1.7481963634490967,-0.95270836353302,2.075342893600464
1403905085961293824,negative,1.3684945106506348,-0.0888260081410408,1.6289353370666504
1403905090704928768,negative,0.7978560328483582,-0.9953024983406067,2.5847177505493164
1403905091892039685,neutral,1.677368402481079,-0.28832700848579407,0.533492386341095
1403905095465644038,neutral,2.3756396770477295,0.2670748829841614,0.6524901390075684
1403905096983875589,negative,1.4733085632324219,-0.4228123128414154,1.5648266077041626
1403905102839177217,negative,1.3281258344650269,-0.09877193719148636,1.3898764848709106
1403905123026309120,neutral,1.2426035404205322,0.2717808783054352,1.206001877784729
1403905128483246082,negative,1.157343864440918,-0.5584733486175537,2.0138797760009766
1403905131750428674,neutral,1.9136266708374023,0.2813540995121002,0.8357992172241211
1403905135831552001,negative,1.0636835098266602,0.9819916486740112,1.2246114015579224
1403905137840513028,neutral,1.4429978132247925,-0.21189600229263306,1.2352927923202515
1403905161538551811,negative,1.2794384956359863,-1.110539197921753,2.99991512298584
1403905173802602501,negative,0.4375409483909607,-0.48362240195274353,2.0765204429626465
1403905182992322560,negative,1.8056941032409668,-0.9287742972373962,1.8879926204681396
1403905185878089728,neutral,2.0481014251708984,0.09755010157823563,0.3730238080024719
1403905199203262467,neutral,2.010484218597412,0.28509700298309326,0.42213964462280273
1403905206514032640,neutral,1.6829193830490112,1.5518505573272705,-0.1995101422071457
1403905218341969922,neutral,2.304656982421875,0.14362959563732147,-0.08817470818758011
1403905232678002693,negative,0.8988201022148132,-0.6464444398880005,1.8128976821899414
1403905241708253185,negative,1.3386865854263306,-0.9397405982017517,2.071293830871582
1403905244271202305,neutral,2.344205617904663,0.28613418340682983,-0.05120450258255005
1403905246078943232,neutral,1.8309522867202759,0.9581217765808105,0.2892775237560272
1403905248205307905,neutral,3.693568706512451,3.3514602184295654,-1.5289862155914307
1403905251095293960,negative,1.4240131378173828,-0.5319310426712036,1.6379776000976562
1403905254672973829,neutral,1.377990484237671,-0.053299106657505035,1.2914001941680908
1403905274583334912,neutral,2.426152229309082,1.397228479385376,-0.5072218179702759
1403905279369043973,neutral,1.8309522867202759,0.9581217765808105,0.2892775237560272
1403905279440216070,negative,0.8131116032600403,0.11384399235248566,1.423674464225769
1403905282862891014,negative,1.3281258344650269,-0.09877193719148636,1.3898764848709106
1403905283814998022,neutral,1.8309522867202759,0.9581217765808105,0.2892775237560272
1403905310880792576,neutral,2.1504592895507812,-0.25153401494026184,1.2431604862213135
1403905322276716546,neutral,2.344205617904663,0.28613415360450745,-0.05120454728603363
1403905322549383171,neutral,2.0918326377868652,-0.3339536786079407,0.7817312479019165
1403905330338320385,negative,0.6317592859268188,0.5903998017311096,2.0933568477630615
1403905331655151618,neutral,2.029460906982422,0.6792070269584656,-0.0366673469543457
1403905344405860352,neutral,1.650787591934204,-0.6014059782028198,1.2557774782180786
1403905351708155906,neutral,1.7871649265289307,-0.15122687816619873,0.5487009286880493
1403905353331396614,neutral,1.9656521081924438,1.2926712036132812,0.09748702496290207
1403905359341789187,negative,1.039831519126892,0.695442795753479,1.0555435419082642
1403905362520993792,negative,1.039831519126892,0.695442795753479,1.0555435419082642
1403905369907232768,neutral,1.8862688541412354,0.6187434196472168,0.3884929120540619
1403905373665255425,neutral,2.016897678375244,-0.9128211736679077,1.670809030532837
1403905385379950598,negative,1.4733085632324219,-0.4228123128414154,1.5648266077041626
1403905399305117696,neutral,2.010484218597412,0.2850969731807709,0.42213964462280273
1403905400198643715,negative,1.269924521446228,-0.5914662480354309,1.5598551034927368
1403905413943234560,neutral,2.010484218597412,0.28509700298309326,0.42213964462280273
1403905423799984136,neutral,1.4509559869766235,1.0532444715499878,0.21268253028392792
1403905425943060488,neutral,2.099929094314575,0.965558648109436,-0.366548091173172
1403905432230391810,neutral,2.010484218597412,0.28509700298309326,0.42213964462280273
1403905432356282371,neutral,1.5818771123886108,0.4745250642299652,0.4604189693927765
1403905437204942848,neutral,2.4723246097564697,1.2476787567138672,0.4858192205429077
1403905452715372544,neutral,2.010484218597412,0.28509700298309326,0.42213964462280273
1403905466757906437,neutral,1.6737502813339233,-0.27730631828308105,1.1324825286865234
1403905466934177792,negative,1.7855772972106934,-0.9831061363220215,1.8858956098556519
1403905484332191748,neutral,2.741312026977539,1.763594627380371,-0.5649909973144531
1403905492829839361,neutral,1.1766108274459839,0.19170907139778137,0.8174918293952942
1403905504607457282,neutral,1.8309524059295654,0.9581217765808105,0.2892775535583496
1403905510546550791,neutral,2.396681070327759,0.6854784488677979,-0.1659436672925949
1403905519169904643,neutral,2.010484218597412,0.28509700298309326,0.42213964462280273
1403905520688189449,neutral,1.8862688541412354,0.6187434196472168,0.3884929120540619
1403905521225175046,negative,0.7074318528175354,-0.21638250350952148,2.1884279251098633
1403905524605804544,neutral,2.0481014251708984,0.09755010157823563,0.3730238080024719
1403905527256604676,negative,1.3281258344650269,-0.09877193719148636,1.3898764848709106
1403905527357132806,neutral,2.010484218597412,0.28509700298309326,0.42213964462280273
1403905534621667331,neutral,3.324355125427246,1.218361496925354,-0.8424788117408752
1403905542851117056,neutral,2.016897439956665,-0.9128212332725525,1.670809030532837
1403905547691335681,neutral,1.5721478462219238,0.42970266938209534,1.2873684167861938
1403905549591216130,positive,1.155298113822937,1.4975943565368652,0.5520431995391846
1403905552917303301,negative,1.3386865854263306,-0.9397405982017517,2.071293830871582
1403905558202179585,neutral,1.869634985923767,-0.05230835825204849,0.7023539543151855
1403905563180908544,neutral,1.8309522867202759,0.9581217169761658,0.2892775237560272
1403905565315588098,negative,1.5850670337677002,-0.6989482045173645,2.4470558166503906
1403905566699839488,negative,1.3281258344650269,-0.09877193719148636,1.3898764848709106
1403905579601465346,neutral,2.010484218597412,0.28509700298309326,0.42213964462280273
1403905583678382080,negative,1.0122488737106323,0.3653578758239746,1.434469223022461
1403905584689299457,negative,1.4316656589508057,-0.5993088483810425,2.209749698638916
1403905587482710018,neutral,1.5413365364074707,-0.33718961477279663,1.1169041395187378
1403905605459398660,neutral,1.657442569732666,0.4727361798286438,0.07813054323196411
1403905624967090176,neutral,1.8309522867202759,0.9581217765808105,0.2892775237560272
1403905630063235072,neutral,1.5818771123886108,0.4745250642299652,0.4604189693927765
1403905650875420672,negative,1.2188910245895386,-0.5873478055000305,1.934532880783081
1403905655614889985,negative,1.4196538925170898,-0.24724459648132324,1.5836323499679565
1403905670156632070,negative,0.6787624359130859,0.03609331697225571,1.8466781377792358
1403905691564183552,neutral,2.3700008392333984,1.8737800121307373,-0.5600007176399231
1403905703815913476,neutral,1.9249695539474487,0.7508346438407898,0.34070876240730286
1403905708039446528,positive,1.4675650596618652,1.7438069581985474,0.017560672014951706
1403905709473939462,neutral,2.5870988368988037,1.1490389108657837,0.4871464669704437
1403905717292212227,negative,1.0636835098266602,0.9819917678833008,1.2246114015579224
1403905721280892930,neutral,2.344205617904663,0.28613418340682983,-0.05120450258255005
1403905729023680515,positive,1.0766081809997559,1.93558931350708,0.3642788231372833
1403905742583697415,neutral,1.7871649265289307,-0.15122687816619873,0.5487009286880493
1403905744869670912,neutral,1.0826696157455444,1.0658113956451416,0.5972272753715515
1403905746123829249,neutral,2.128793954849243,-0.9944266080856323,1.974441647529602
1403905748271308800,negative,1.4733085632324219,-0.4228123128414154,1.5648266077041626
1403905762880016392,neutral,1.8309524059295654,0.9581217765808105,0.2892775535583496
1403905766680109057,neutral,2.888040781021118,1.4164148569107056,-0.96446692943573
1403905804739166209,negative,1.7855772972106934,-0.9831061363220215,1.8858956098556519
1403905815560523776,neutral,2.7765815258026123,1.0519013404846191,0.5754228234291077
1403905815778512897,neutral,1.6873244047164917,0.8564251661300659,-0.0793960690498352
1403905833361186821,neutral,2.010484218597412,0.28509700298309326,0.42213964462280273
1403905846510292996,neutral,1.7778605222702026,0.9227116703987122,0.31642693281173706
1403905854643048451,neutral,2.21808123588562,-0.6317959427833557,0.6535584330558777
1403905869574774786,positive,1.7158679962158203,2.339251756668091,-0.5008540749549866
1403905871059501058,positive,2.2531158924102783,2.399121046066284,-0.679149866104126
1403905877363597312,negative,1.6074827909469604,-0.9893309473991394,2.4633803367614746
1403905879162957827,neutral,2.5685009956359863,1.1379770040512085,0.5311197638511658
1403905889598423040,neutral,2.010484218597412,0.28509700298309326,0.42213964462280273
1403905906379833357,negative,1.7855772972106934,-0.9831061363220215,1.8858956098556519
1403905915938426889,negative,1.49113929271698,-0.7797017693519592,1.5951285362243652
1403905916869791744,neutral,2.344205617904663,0.28613418340682983,-0.05120450258255005
1403905935425392644,negative,0.7001777291297913,-0.09491663426160812,1.6247327327728271
1403905941930745856,positive,1.8315017223358154,2.5462446212768555,-0.5499910116195679
1403905950851821568,neutral,2.010484218597412,0.28509700298309326,0.42213964462280273
1403905954677248001,neutral,1.1238642930984497,0.5657299757003784,1.065407395362854
1403905965116821508,neutral,1.7778605222702026,0.9227116703987122,0.31642693281173706
1403905974331654146,neutral,1.8309522867202759,0.9581217765808105,0.2892775237560272
1403905977078931456,negative,1.1202934980392456,-0.39750757813453674,1.2324445247650146
1403905979771654148,neutral,2.0334925651550293,-0.20337432622909546,1.0856404304504395
1403905995344990214,positive,1.4675650596618652,1.7438069581985474,0.017560672014951706
1403905996221726723,neutral,1.7778605222702026,0.9227116703987122,0.31642693281173706
1403906016589275139,positive,1.1027299165725708,1.4125672578811646,0.44787365198135376
1403906017042309125,neutral,1.767792820930481,0.036483295261859894,1.0104150772094727
1403906022570303492,negative,1.2008397579193115,-0.39653074741363525,1.5114868879318237
1403906027607764997,neutral,2.3169803619384766,1.1567667722702026,0.6082510948181152
1403906029763457028,neutral,1.8309522867202759,0.9581217765808105,0.2892775237560272
1403906066941976582,neutral,1.7778605222702026,0.9227116703987122,0.31642693281173706
1403906073740812288,negative,1.3386865854263306,-0.9397405982017517,2.071293830871582
1403906076416700416,neutral,2.3693583011627197,1.6005693674087524,-0.7005457282066345
1403906088643088384,neutral,1.400272011756897,-0.2851322889328003,1.2854684591293335
1403906097128296453,neutral,1.495596170425415,-0.20974573493003845,1.281532645225525
1403906103641919496,neutral,1.574777603149414,-0.5668444633483887,1.569159984588623
1403906103948181513,negative,1.4389839172363281,-0.630821943283081,1.441487431526184
1403906110751264768,neutral,1.8309524059295654,0.9581217765808105,0.2892775237560272
1403906110793285636,neutral,1.3806477785110474,0.08276795595884323,1.0069533586502075
1403906112311619586,neutral,1.3922276496887207,0.44872185587882996,0.7809138298034668
1403906118494085120,neutral,2.1868479251861572,0.001104705035686493,1.1419883966445923
1403906121430036482,negative,0.38666844367980957,-0.5653882622718811,2.6058428287506104
1403906133539004420,neutral,1.4772933721542358,0.7274369597434998,0.2511703670024872
1403906141235695618,neutral,2.5590813159942627,1.2895863056182861,0.39314067363739014
1403906164056723458,negative,1.3386865854263306,-0.9397405982017517,2.071293830871582
1403906172227252225,negative,0.7546983957290649,0.38647016882896423,1.0693522691726685
1403906180188098562,neutral,1.3774415254592896,-0.02732624113559723,0.960037887096405
1403906194755010561,neutral,2.3169803619384766,1.1567668914794922,0.6082510948181152
1403906196038373380,neutral,1.8862688541412354,0.6187434196472168,0.3884929120540619
1403906225130160133,neutral,2.2648582458496094,-0.5526738166809082,1.722161889076233
1403906230020497410,negative,1.3281258344650269,-0.09877193719148636,1.3898764848709106
1403906236316270592,positive,2.242614984512329,2.3433761596679688,-0.15738026797771454
1403906248668557312,negative,0.9758021831512451,-0.24212560057640076,1.9578356742858887
1403906250472136714,negative,1.7855772972106934,-0.9831061363220215,1.8858956098556519
1403906263566651392,neutral,2.344205617904663,0.28613418340682983,-0.05120450258255005
1403906263734489090,negative,1.1559059619903564,-0.6860178112983704,2.0464112758636475
1403906284093513728,neutral,2.8331358432769775,1.3977384567260742,-0.45897677540779114
1403906293392318468,negative,1.024278163909912,-1.1401481628417969,3.356058359146118
1403906305774047236,negative,1.131492257118225,-0.3195599317550659,1.6813679933547974
1403906315248832518,negative,1.4039654731750488,-0.9573646783828735,2.49588680267334
1403906327647342592,positive,1.0132391452789307,1.6641557216644287,-0.1248442754149437
1403906328020594698,neutral,2.5373473167419434,1.5364052057266235,-0.42216601967811584
1403906330428071936,positive,1.8632926940917969,3.9438071250915527,-0.4313248097896576
1403906332407783426,negative,0.652108907699585,0.09134208410978317,1.8732450008392334
1403906333431140352,negative,0.7546982765197754,0.38647016882896423,1.069352388381958
1403906338304892929,neutral,2.467930555343628,1.215405821800232,-0.12595362961292267
1403906340544679939,neutral,1.3806477785110474,0.08276795595884323,1.0069533586502075
1403906351634452480,negative,1.0636835098266602,0.9819916486740112,1.2246114015579224
1403906356206313474,neutral,1.2791024446487427,0.28752753138542175,0.9931942224502563
1403906368180916224,negative,0.6635594367980957,-0.4692133963108063,1.9162522554397583
1403906371653836805,negative,0.897953450679779,-0.22969093918800354,1.4772392511367798
1403906371716739073,neutral,2.010484218597412,0.28509703278541565,0.42213958501815796
1403906381229531139,neutral,2.5345218181610107,2.0280604362487793,-0.732047975063324
1403906382588375040,neutral,2.010484218597412,0.28509700298309326,0.42213964462280273
1403906404742803456,negative,1.7658195495605469,-1.0511486530303955,2.2578799724578857
1403906405086736386,negative,1.6861989498138428,-0.8475064635276794,2.0159826278686523
1403906413081071617,negative,0.6562871336936951,-0.5016330480575562,3.5741326808929443
1403906413408174082,negative,1.4733085632324219,-0.4228123128414154,1.5648266077041626
1403906417140977664,negative,0.8789011836051941,-0.4486108124256134,2.176701068878174
1403906425626279936,neutral,2.030109405517578,-0.2597562074661255,1.1661232709884644
1403906433670807554,negative,1.7481963634490967,-0.95270836353302,2.075342893600464
1403906439576395778,positive,0.8607917428016663,2.514681100845337,-0.10275723785161972
1403906445997977602,negative,1.3281257152557373,-0.09877196699380875,1.3898764848709106
1403906448799633408,neutral,1.8309522867202759,0.9581217765808105,0.2892775237560272
1403906453023248384,neutral,2.010484218597412,0.28509700298309326,0.4221396744251251
1403906462091550720,negative,1.3281258344650269,-0.09877193719148636,1.3898764848709106
1403906470765219841,neutral,2.010484218597412,0.28509700298309326,0.42213964462280273
1403906472661204992,neutral,1.5818771123886108,0.4745250642299652,0.4604189693927765
1403906476595425285,neutral,2.39690899848938,-0.6401829719543457,1.2567858695983887
1403906480558985219,neutral,2.121096611022949,2.0728487968444824,-0.3280960023403168
1403906482383556609,neutral,1.7778605222702026,0.9227116107940674,0.31642696261405945
1403906483524411395,neutral,1.8256518840789795,0.5674965977668762,-0.310787171125412
1403906488670720007,neutral,1.9645811319351196,-0.14261344075202942,1.3820449113845825
1403906494601568258,negative,1.1466621160507202,-0.12120554596185684,1.2766451835632324
1403906501270327296,neutral,1.8654202222824097,-0.7552483677864075,1.3726886510849
1403906501971005441,neutral,1.8309522867202759,0.9581217765808105,0.2892775237560272
1403906504458076163,negative,0.7546983957290649,0.38647016882896423,1.0693522691726685
1403906515845615617,neutral,2.467930555343628,1.215405821800232,-0.12595362961292267
1403906529615437832,neutral,1.8862688541412354,0.6187434196472168,0.3884929120540619
1403906530102190082,negative,1.7855772972106934,-0.9831060171127319,1.8858954906463623
1403906549647654918,neutral,1.923423171043396,1.641030192375183,0.16886737942695618
1403906578701500420,negative,1.269924521446228,-0.5914662480354309,1.5598551034927368
1403906589354983426,negative,0.931786298751831,-0.32124483585357666,1.528128743171692
1403906596653047808,neutral,2.040703535079956,0.21614646911621094,0.22434480488300323
1403906598288781319,negative,1.3386865854263306,-0.9397405982017517,2.071293830871582
1403906601908461569,neutral,2.016897439956665,-0.9128211140632629,1.6708091497421265
1403906608544034819,neutral,2.016897439956665,-0.9128211736679077,1.6708089113235474
1403906612448972805,neutral,1.923423171043396,1.641029715538025,0.16886737942695618
1403906614072164353,neutral,1.8309522867202759,0.9581217765808105,0.2892775237560272
1403906619554111490,negative,1.3947324752807617,-1.1959294080734253,3.302816390991211
1403906636394250242,negative,1.4713385105133057,-1.077907919883728,2.5450360774993896
1403906636503293953,neutral,1.6737502813339233,-0.27730631828308105,1.1324825286865234
1403906645390880768,negative,1.3386865854263306,-0.9397405982017517,2.071293830871582
1403906645986476035,neutral,2.345621347427368,0.9625798463821411,0.11488177627325058
1403906647408316420,negative,0.7546983957290649,0.38647016882896423,1.0693522691726685
1403906717050605569,neutral,2.016897439956665,-0.9128212332725525,1.670809030532837
1403906726319955969,neutral,1.9485294818878174,0.35302305221557617,0.540278971195221
1403906734142406660,neutral,1.7067809104919434,-0.10261624306440353,0.9890691041946411
1403906737623740421,positive,1.1649671792984009,1.2662709951400757,0.9186381101608276
1403906746326949892,neutral,1.6323195695877075,0.5134963393211365,0.8763108253479004
1403906746427576325,neutral,1.8309522867202759,0.9581217765808105,0.2892775237560272
1403906749514481665,neutral,1.9645811319351196,-0.14261344075202942,1.3820449113845825
1403906752886808576,negative,1.4379887580871582,-0.6191701889038086,1.8549119234085083
1403906761950588930,negative,1.3386865854263306,-0.9397405982017517,2.071293830871582
1403906769022160897,neutral,1.8589047193527222,0.235380619764328,0.6922969818115234
1403906770419003399,neutral,2.5998196601867676,2.1127090454101562,-0.7503359913825989
1403906773342425099,neutral,2.1868481636047363,0.0011047497391700745,1.1419883966445923
1403906792560672769,negative,1.5369449853897095,-0.8763568997383118,1.9869016408920288
1403906805290475526,neutral,2.497403144836426,1.2351220846176147,-0.08516184985637665
1403906824970162178,negative,1.0834656953811646,-0.6670485138893127,1.9810322523117065
1403906830472933376,negative,1.3386865854263306,-0.9397405982017517,2.071293830871582
1403906832721223682,neutral,1.8309522867202759,0.9581217765808105,0.2892775237560272
1403906845387804673,neutral,1.548905372619629,0.6269012689590454,0.24510644376277924
1403906862123126786,neutral,1.6858060359954834,1.5158430337905884,-0.562402069568634
1403906865172422660,negative,1.2564622163772583,-0.8806508183479309,2.356167793273926
1403906874290880518,negative,1.2711503505706787,0.26984626054763794,1.4100509881973267
1403906879495888896,negative,1.3697482347488403,-0.349107027053833,1.816493272781372
1403906882167656451,neutral,2.010484218597412,0.28509700298309326,0.42213964462280273
1403906886487789571,neutral,1.6701184511184692,0.17856185138225555,1.4278289079666138
1403906887649693698,negative,1.3285870552062988,-0.7113974690437317,2.0097897052764893
1403906892552830978,neutral,1.5992679595947266,0.017756596207618713,0.27663424611091614
1403906894599688196,neutral,1.469443917274475,0.01910237967967987,1.0444599390029907
1403906905802690563,neutral,0.9511853456497192,0.007147744297981262,0.1225922703742981
1403906910873698304,neutral,1.767792820930481,0.036483295261859894,1.0104150772094727
1403906918318493696,neutral,1.8309522867202759,0.9581217765808105,0.2892775237560272
1403906921216712706,negative,1.2008397579193115,-0.39653074741363525,1.5114868879318237
1403906928238075905,negative,1.0186570882797241,-0.8678842186927795,2.335219144821167
1403906937276846080,neutral,2.718137264251709,0.7402140498161316,0.1945854276418686
1403906941626335236,negative,1.4196538925170898,-0.24724459648132324,1.5836323499679565
1403906951508025344,neutral,2.0572144985198975,0.3308113217353821,0.4548984169960022
1403906959376633859,neutral,2.718137264251709,0.7402140498161316,0.1945854276418686
1403906968008347649,negative,0.7546983957290649,0.38647016882896423,1.0693522691726685
1403906978326274048,negative,1.3386865854263306,-0.9397405982017517,2.071293830871582
1403906986626924558,neutral,1.8862688541412354,0.6187434196472168,0.3884929120540619
1403906988442931200,neutral,2.467930555343628,1.215405821800232,-0.12595362961292267
1403906989839720449,negative,1.1168309450149536,-1.0757248401641846,2.888131856918335
1403907013659217920,neutral,2.792828321456909,1.0698341131210327,-0.16108690202236176
1403907015798308866,neutral,1.7778605222702026,0.9227116703987122,0.31642693281173706
1403907022299541505,neutral,1.3464159965515137,1.2430262565612793,0.45160138607025146
1403907059259559937,neutral,2.010484218597412,0.28509700298309326,0.42213964462280273
1403907062095097857,negative,1.7481963634490967,-0.95270836353302,2.075342893600464
1403907078696099840,neutral,1.8309522867202759,0.9581217765808105,0.2892775237560272
1403907084127715330,positive,0.8810869455337524,1.4619181156158447,0.44278088212013245
1403907089471205376,neutral,2.467930555343628,1.215405821800232,-0.12595362961292267
1403907096022822913,neutral,1.5177453756332397,0.5422520637512207,0.25451382994651794
1403907104407236610,neutral,2.8016512393951416,0.8950048089027405,-0.0709187313914299
1403907110044418051,positive,0.9466603398323059,1.7187516689300537,0.5289294123649597
1403907145423273987,neutral,1.8862688541412354,0.6187434196472168,0.3884929120540619
1403907147226923009,negative,1.2261916399002075,-0.6957452893257141,1.9990205764770508
1403907149755863040,negative,0.9257007241249084,-0.6735451817512512,2.571028470993042
1403907171264442372,positive,1.0132391452789307,1.6641556024551392,-0.12484429031610489
1403907179271294977,negative,1.7979146242141724,-0.9410375952720642,1.9930517673492432
1403907198531428356,neutral,1.8862688541412354,0.6187434196472168,0.3884929120540619
1403907201098555394,negative,1.7481963634490967,-0.95270836353302,2.075342893600464
1403907214557863936,negative,1.3281258344650269,-0.09877193719148636,1.3898764848709106
1403907219146432512,negative,1.3386865854263306,-0.9397405982017517,2.071293830871582
1403907242940801024,negative,1.0636835098266602,0.9819916486740112,1.2246114015579224
1403907259613155329,negative,1.3386865854263306,-0.9397405982017517,2.071293830871582
1403907261244743683,neutral,1.657442569732666,0.4727361798286438,0.07813054323196411
1403907262884708353,neutral,2.497403144836426,1.2351220846176147,-0.08516184985637665
1403907265049018372,neutral,1.423627495765686,0.020713210105895996,1.4039629697799683
1403907269545263105,negative,1.330867052078247,-0.47660139203071594,1.661500334739685
1403907302051115011,negative,1.3386865854263306,-0.9397405982017517,2.071293830871582
1403907315888123908,negative,1.3386867046356201,-0.9397405982017517,2.071293830871582
1403907321219190785,neutral,1.9121848344802856,-0.6888840198516846,1.2274773120880127
1403907321810538498,neutral,2.016897439956665,-0.9128212332725525,1.670809030532837
1403907326545825792,negative,0.23568831384181976,0.01115841418504715,1.1248315572738647
1403907332506017793,neutral,1.8309522867202759,0.9581217765808105,0.2892775237560272
1403907340173135877,negative,1.833281397819519,-1.1829243898391724,2.6910126209259033
1403907341355991041,neutral,2.028651714324951,0.4072525203227997,0.3805514872074127
1403907342685687810,neutral,1.7778605222702026,0.9227116703987122,0.31642693281173706
1403907351795613699,negative,1.7481963634490967,-0.95270836353302,2.075342893600464
1403907356816285697,neutral,1.657442569732666,0.4727361798286438,0.07813054323196411
1403907368530841605,negative,0.6776685118675232,-0.290224552154541,2.1096630096435547
1403907384549031937,neutral,1.9080036878585815,0.7189498543739319,0.3742687404155731
1403907398306205698,negative,0.8778918385505676,-0.5914227366447449,1.3319318294525146
1403907411694415874,negative,1.3386865854263306,-0.9397405982017517,2.071293830871582
1403907418971586560,negative,1.629052996635437,-0.9732211232185364,2.25439453125
1403907444766617604,neutral,2.2588489055633545,1.0783098936080933,-0.13257643580436707
1403907450709975040,neutral,2.271404266357422,-0.37760427594184875,1.0027461051940918
1403907454837035008,negative,1.748196005821228,-0.9527082443237305,2.0753426551818848
1403907460574846979,neutral,2.7737786769866943,0.6421634554862976,0.07094162702560425
1403907463947169792,neutral,2.271404266357422,-0.37760427594184875,1.0027461051940918
1403907465645740032,neutral,2.497403144836426,1.2351220846176147,-0.08516184985637665
1403907471425540097,negative,1.3281258344650269,-0.09877193719148636,1.3898764848709106
1403907477486194696,negative,1.4076132774353027,-1.07738196849823,2.5029988288879395
1403907478128050185,negative,1.3281258344650269,-0.09877193719148636,1.3898764848709106
1403907478329257988,neutral,1.7679870128631592,-0.26706573367118835,1.7316726446151733
1403907479067578373,neutral,1.8309522867202759,0.9581217765808105,0.2892775237560272
1403907480640540674,neutral,2.271404266357422,-0.37760427594184875,1.0027461051940918
1403907483580526596,negative,0.7546983957290649,0.38647016882896423,1.0693522691726685
1403907500378931200,neutral,1.3511757850646973,0.4364997148513794,0.887513279914856
1403907502387961865,negative,1.3026238679885864,-0.6989225149154663,2.0471200942993164
1403907508926926853,neutral,1.657442569732666,0.4727361798286438,0.07813054323196411
1403907511451852800,neutral,1.293432593345642,0.15725505352020264,1.0044002532958984
1403907514127863808,neutral,2.271404266357422,-0.37760427594184875,1.0027462244033813
1403907517000798212,neutral,1.589722752571106,-0.0015354827046394348,1.4511717557907104
1403907523774750725,neutral,2.271404266357422,-0.37760427594184875,1.0027461051940918
1403907524873515008,negative,0.9131136536598206,0.12496915459632874,1.842902421951294
1403907539880734720,negative,1.1632319688796997,-0.2198096513748169,2.2895874977111816
1403907545555779587,neutral,1.7474473714828491,-0.5416088700294495,1.499963641166687
1403907547015245826,negative,1.0764142274856567,-0.6733508110046387,2.0024290084838867
1403907557027205120,positive,0.8810868859291077,1.4619181156158447,0.4427809417247772
1403907566913028102,neutral,1.657442569732666,0.4727361798286438,0.07813054323196411
1403907567663845379,negative,0.5767168402671814,0.21306291222572327,1.0306209325790405
1403907567982563339,negative,1.7481963634490967,-0.95270836353302,2.075342893600464
1403907570083909632,negative,1.4733085632324219,-0.4228123128414154,1.5648266077041626
1403907571732434944,neutral,1.657442569732666,0.4727361798286438,0.07813054323196411
1403907572822949890,neutral,1.5668030977249146,0.445947527885437,-0.09137213975191116
1403907585833582592,negative,1.0124921798706055,0.3260821998119354,1.2017831802368164
1403907588639510528,neutral,2.526020050048828,-0.25039470195770264,0.6680766940116882
1403907589079982082,negative,1.029712438583374,0.013455145061016083,1.6763075590133667
1403907591504384001,negative,1.0124921798706055,0.3260821998119354,1.2017831802368164
1403907597246337028,neutral,1.209405541419983,0.49911272525787354,1.0191330909729004
1403907597808267272,negative,1.0287814140319824,-0.3138126730918884,2.109252691268921
1403907610189787136,positive,2.3069279193878174,2.577470541000366,-0.777795672416687
1403907612081483779,neutral,1.7778605222702026,0.9227116703987122,0.31642693281173706
1403907615214780416,neutral,1.9147615432739258,-0.3046000003814697,1.2266887426376343
1403907642272059392,positive,0.31506967544555664,1.199929118156433,0.7014987468719482
1403907650140639232,negative,1.2096340656280518,0.33545631170272827,1.2609504461288452
1403907673020579842,neutral,2.271404266357422,-0.37760427594184875,1.0027461051940918
1403907674232659968,negative,1.3386867046356201,-0.9397404789924622,2.071293830871582
1403907678087180293,negative,0.6776685118675232,-0.290224552154541,2.1096630096435547
1403907680742354944,neutral,2.016897439956665,-0.9128212332725525,1.670809030532837
1403907682076033028,neutral,1.396624207496643,-0.24390190839767456,0.6344092488288879
1403907684877938689,neutral,1.8862688541412354,0.6187434196472168,0.3884929120540619
1403907700082286597,neutral,1.7778605222702026,0.9227116703987122,0.31642693281173706
1403907701709565956,neutral,2.016897439956665,-0.9128212332725525,1.670809030532837
1403907702594621450,neutral,2.271404266357422,-0.37760427594184875,1.0027461051940918
1403907708672172033,negative,1.3386865854263306,-0.9397405982017517,2.071293830871582
1403907710546890753,neutral,3.324355125427246,1.218361496925354,-0.8424788117408752
1403907712602324997,neutral,1.8309522867202759,0.9581217765808105,0.2892775237560272
1403907712778375170,neutral,2.271404266357422,-0.37760427594184875,1.0027461051940918
1403907724375564292,negative,1.251541256904602,-0.8500206470489502,1.8616257905960083
1403907734068682756,neutral,2.3742706775665283,-0.037836186587810516,0.15598373115062714
1403907738414071812,negative,0.8574116230010986,0.18631058931350708,1.8255207538604736
1403907743195484160,negative,1.3281257152557373,-0.09877195209264755,1.3898764848709106
1403907749025443841,negative,0.7916452884674072,-0.15543347597122192,1.7774149179458618
1403907751135297539,neutral,1.7307838201522827,1.3715052604675293,0.936942994594574
1403907754209673219,negative,0.5036277770996094,-0.731231689453125,2.6459403038024902
1403907764997476356,neutral,1.2565910816192627,0.5395114421844482,0.2706120014190674
1403907769904816129,negative,1.7481963634490967,-0.95270836353302,2.075342893600464
1403907782341021696,neutral,1.7778605222702026,0.9227116703987122,0.31642693281173706
1403907789966254080,neutral,1.657442569732666,0.4727361798286438,0.07813054323196411
1403907790943498240,negative,1.4733086824417114,-0.4228123128414154,1.564826488494873
1403907794495934464,negative,1.7855772972106934,-0.9831061363220215,1.8858956098556519
1403907810472120321,neutral,1.8075424432754517,0.702116072177887,0.545674741268158
1403907817422082051,negative,1.4491353034973145,-0.521751344203949,1.4755399227142334
1403907824003043331,negative,1.3026238679885864,-0.6989225149154663,2.0471200942993164
1403907830072188935,neutral,2.5018341541290283,1.4507163763046265,0.4785304665565491
1403907836128595972,negative,0.7824910879135132,0.3511201739311218,1.0577893257141113
1403907841073811456,negative,1.3281257152557373,-0.09877190738916397,1.3898764848709106
1403907844664086534,neutral,1.657442569732666,0.4727361798286438,0.07813054323196411
1403907878357024769,neutral,1.6824244260787964,1.4211163520812988,-0.2588995695114136
1403907884241416193,negative,0.7104155421257019,-0.20945823192596436,2.3304524421691895
1403907891019620354,neutral,2.0582621097564697,-0.4921199381351471,1.1981902122497559
1403907891761930246,neutral,1.657442569732666,0.4727361798286438,0.07813054323196411
1403907891938181121,negative,1.0979878902435303,-0.8702529668807983,2.6763854026794434
1403907904990707712,negative,1.3285870552062988,-0.7113974690437317,2.0097897052764893
1403907930429210633,neutral,1.6879199743270874,-0.2576073408126831,1.2611159086227417
1403907949366493188,neutral,1.7778605222702026,0.9227116703987122,0.31642693281173706
1403907949865488394,neutral,1.8130913972854614,0.9212077856063843,0.4599633812904358
1403907956534435841,neutral,3.8445096015930176,3.1443707942962646,-1.4906649589538574
1403907956618502144,negative,1.3281258344650269,-0.09877193719148636,1.3898764848709106
1403907956853424128,negative,1.3281258344650269,-0.09877193719148636,1.3898764848709106
1403907959986409474,neutral,1.8309522867202759,0.9581217765808105,0.2892775237560272
1403907961148243972,neutral,2.1460962295532227,0.8299948573112488,-0.09539452940225601
1403907970761510912,negative,1.1998463869094849,-0.37348970770835876,2.30678391456604
1403907972473012227,neutral,1.1540155410766602,0.579214870929718,0.6534284949302673
1403907972590415875,neutral,1.8309522867202759,0.9581217765808105,0.2892775237560272
1403907979296972803,neutral,1.7778605222702026,0.9227116703987122,0.31642693281173706
1403907987744247812,negative,1.1685187816619873,-1.519253134727478,4.2503485679626465
1403907990663667714,neutral,1.2791024446487427,0.28752753138542175,0.9931942224502563
1403907998490128387,neutral,1.5407772064208984,0.4607827365398407,0.5464985966682434
1403907999689850880,neutral,1.6873195171356201,0.6200013160705566,0.7201359868049622
1403908011781984260,neutral,2.4356510639190674,-0.0768255814909935,0.6959127187728882
1403908037430054914,negative,1.1511738300323486,-0.541968584060669,1.9069647789001465
1403908045466374144,negative,0.7352859377861023,-0.8361358046531677,2.4903852939605713
1403908051590074371,neutral,1.7778605222702026,0.9227116703987122,0.31642693281173706
1403908052533788677,negative,1.0544548034667969,0.44750353693962097,1.32909095287323
1403908057181077505,negative,1.2689317464828491,-0.42230334877967834,2.16701340675354
1403908067054530563,neutral,1.4407682418823242,0.9951926469802856,0.5033978819847107
1403908075426357248,neutral,1.4878618717193604,-0.009782418608665466,0.9063802361488342
1403908075854106629,neutral,1.6991798877716064,0.11643974483013153,1.363307237625122
1403908097479958529,negative,1.3386865854263306,-0.9397405982017517,2.071293830871582
1403908121127309321,neutral,1.589722752571106,-0.0015354529023170471,1.451171875
1403908122163531778,neutral,2.1868481636047363,0.0011047497391700745,1.1419883966445923
1403908134276636674,neutral,1.6967754364013672,0.4062061905860901,0.18882985413074493
1403908137887756289,negative,1.2904869318008423,-0.37969738245010376,1.5701793432235718
1403908145215270917,negative,1.3386865854263306,-0.9397405982017517,2.071293830871582
1403908147085856769,negative,1.3386865854263306,-0.9397405982017517,2.071293830871582
1403908150605004802,negative,1.8056941032409668,-0.9287742972373962,1.8879926204681396
1403908150856540165,negative,1.024278163909912,-1.1401481628417969,3.356058359146118
1403908156711849985,negative,1.0636835098266602,0.9819916486740112,1.2246114015579224
1403908182653784068,neutral,1.7972711324691772,0.1866624504327774,0.7096320986747742
1403908192082481152,negative,1.3281258344650269,-0.09877193719148636,1.3898764848709106
1403908214123601923,neutral,1.7778605222702026,0.9227116107940674,0.31642696261405945
1403908214350024707,neutral,1.7778605222702026,0.9227116703987122,0.31642693281173706
1403908223007178754,neutral,2.623182773590088,1.2274965047836304,-0.7078695893287659
1403908231332782083,neutral,1.2733039855957031,0.28600457310676575,1.092656135559082
1403908239595425797,negative,0.07774585485458374,0.07745303213596344,1.010831594467163
1403908242007232512,neutral,1.6623438596725464,-0.09835731238126755,0.6290956735610962
1403908242367926274,neutral,2.6096298694610596,0.5920884013175964,0.2130347341299057
1403908243211051008,negative,1.277671217918396,0.10902681201696396,2.012782573699951
1403908245819904006,neutral,1.8696351051330566,-0.052308373153209686,0.7023538947105408
1403908245991874562,neutral,1.8309522867202759,0.9581217765808105,0.2892775237560272
1403908246566588417,positive,0.9466604590415955,1.7187515497207642,0.5289293527603149
1403908253247934464,negative,1.3374032974243164,-0.3367851972579956,2.1666533946990967
1403908255697485825,negative,1.3374032974243164,-0.3367851972579956,2.1666533946990967
1403908273020063745,neutral,2.2006473541259766,1.8043720722198486,-0.6595212817192078
1403908279852544001,neutral,2.016897439956665,-0.9128212332725525,1.670809030532837
1403908293001572355,neutral,2.497403144836426,1.2351220846176147,-0.08516184985637665
1403908294633132036,negative,1.3386865854263306,-0.9397405982017517,2.071293830871582
1403908295463559175,negative,1.3281258344650269,-0.09877193719148636,1.3898764848709106
1403908300538888193,neutral,1.7778605222702026,0.9227116703987122,0.31642693281173706
1403908302040289290,neutral,1.9645811319351196,-0.14261344075202942,1.3820449113845825
1403908307853660160,neutral,1.8309522867202759,0.9581217765808105,0.2892775237560272
1403908309388779520,neutral,1.3197332620620728,0.27447232604026794,0.9727742075920105
1403908327684247553,neutral,1.4765113592147827,0.16153797507286072,0.3699316680431366
1403908327726149632,neutral,1.754801869392395,1.4796603918075562,0.36174577474594116
1403908337562013699,neutral,1.6254942417144775,-0.2476942539215088,0.47663918137550354
1403908341802414080,neutral,1.7778605222702026,0.9227116703987122,0.31642693281173706
1403908342012125189,neutral,2.161651372909546,0.15539714694023132,0.014498176984488964
1403908350807625728,negative,1.7481963634490967,-0.95270836353302,2.075342893600464
1403908352787337217,negative,1.3281258344650269,-0.09877193719148636,1.3898764848709106
1403908356616507402,neutral,3.8445096015930176,3.1443707942962646,-1.4906649589538574
1403908358462054405,negative,1.3281258344650269,-0.09877193719148636,1.3898764848709106
1403908361578450945,negative,1.3285870552062988,-0.7113974690437317,2.0097897052764893
1403908384575803395,neutral,2.8916893005371094,2.0078036785125732,-1.0673093795776367
1403908398928723971,neutral,2.161651372909546,0.15539714694023132,0.014498176984488964
1403908413021515779,negative,1.3281258344650269,-0.09877193719148636,1.3898764848709106
1403908421393420288,negative,1.3386865854263306,-0.9397404789924622,2.071293830871582
1403908422316093441,neutral,1.2449852228164673,-0.5105820894241333,1.1400914192199707
1403908432105717762,negative,1.0287814140319824,-0.31381261348724365,2.109252691268921
1403908438355333120,neutral,1.657442569732666,0.4727361798286438,0.07813054323196411
1403908458865364992,neutral,2.016897439956665,-0.9128212332725525,1.670809030532837
1403908461373558788,neutral,2.3756396770477295,0.2670748829841614,0.6524901390075684
1403908469271318528,neutral,3.8445096015930176,3.1443707942962646,-1.4906649589538574
1403908488263208961,negative,1.3552618026733398,-0.8062385320663452,3.245191812515259
1403908493925490692,negative,1.024278163909912,-1.1401481628417969,3.356058359146118
1403908495192342530,negative,1.3212379217147827,-1.2135282754898071,3.154052495956421
1403908504327499776,negative,1.3281258344650269,-0.09877193719148636,1.3898764848709106
1403908529245675521,positive,2.0304408073425293,2.408445358276367,-0.6872323155403137
1403908534727806976,neutral,1.407888650894165,1.3290345668792725,0.11234390735626221
1403908550913675265,neutral,2.4131293296813965,0.8930142521858215,-0.4427320957183838
1403908552490635266,negative,1.7142128944396973,-1.000744104385376,2.244851589202881
1403908553241468928,negative,1.1261268854141235,-1.2086278200149536,3.1294233798980713
1403908553564332040,negative,1.3386865854263306,-0.9397405982017517,2.071293830871582
1403908554583511043,neutral,2.356489419937134,0.9482533931732178,0.11044318228960037
1403908561932111872,neutral,1.7454982995986938,0.7864309549331665,0.7990710139274597
1403908570186272770,negative,1.3386865854263306,-0.9397405982017517,2.071293830871582
1403908575190208516,neutral,1.324405550956726,0.20050090551376343,0.9629302620887756
1403908578692435974,neutral,1.0682085752487183,0.5080237984657288,0.9252240657806396
1403908580751941632,positive,1.9590262174606323,2.5473673343658447,-0.770622730255127
1403908588397993986,positive,1.0132391452789307,1.6641557216644287,-0.1248442754149437
1403908595784114178,negative,1.3386865854263306,-0.9397405982017517,2.071293830871582
1403908608140603393,neutral,1.7778605222702026,0.9227116107940674,0.31642696261405945
1403908608698486788,negative,1.7142128944396973,-1.000744104385376,2.244851589202881
1403908609885589504,negative,1.2381422519683838,-0.058741889894008636,2.0261998176574707
1403908612204998657,negative,1.6420551538467407,-0.7164211869239807,1.7554084062576294
1403908616479031302,positive,1.747761845588684,2.0137860774993896,-0.06562550365924835
1403908617992953858,negative,1.071946144104004,-0.6455087661743164,1.6740802526474
1403908621134614529,positive,1.1970608234405518,1.3427448272705078,0.5734633207321167
1403908624729055233,neutral,1.650787591934204,-0.6014059782028198,1.2557774782180786
1403908627988029442,neutral,2.208219528198242,0.39842262864112854,0.07090768963098526
1403908632564043776,neutral,1.8309522867202759,0.9581217765808105,0.2892775237560272
1403908635265159172,negative,1.3386865854263306,-0.9397405982017517,2.071293830871582
1403908652054892546,negative,1.039831519126892,0.6954427361488342,1.0555435419082642
1403908658178711556,neutral,1.4489861726760864,-0.12242802232503891,1.0085351467132568
1403908658203971586,neutral,1.4489861726760864,-0.12242802232503891,1.0085351467132568
1403908659051126785,negative,1.7142128944396973,-1.000744104385376,2.244851589202881
1403908665501896709,neutral,1.8370600938796997,0.005934141576290131,0.7208613157272339
1403908676918915074,neutral,1.7778605222702026,0.9227116703987122,0.31642693281173706
1403908682459406342,neutral,1.6870779991149902,0.3321385383605957,1.1142964363098145
1403908684963516417,neutral,2.140772819519043,0.781345009803772,0.35143449902534485
1403908688092430340,neutral,3.8445096015930176,3.1443707942962646,-1.4906649589538574
1403908690151829504,neutral,1.7772932052612305,0.634590744972229,0.5322681665420532
1403908690483232770,negative,1.7142128944396973,-1.000744104385376,2.244851589202881
1403908709680623621,neutral,2.5018341541290283,1.4507163763046265,0.4785304665565491
1403908710519480321,neutral,2.344205617904663,0.28613418340682983,-0.05120450258255005
1403908710804643845,negative,1.7142128944396973,-1.000744104385376,2.244851589202881
1403908712335478785,neutral,2.8816189765930176,1.2227729558944702,-0.39442452788352966
1403908734653435906,neutral,1.0309656858444214,0.22582131624221802,0.3328297436237335
1403908735731257344,negative,1.3386865854263306,-0.9397405982017517,2.071293830871582
1403908740114354181,neutral,1.4829344749450684,0.6387658715248108,0.17883776128292084
1403908747257339906,neutral,1.7067809104919434,-0.10261624306440353,0.9890691041946411
1403908790328520704,negative,1.3386865854263306,-0.9397405982017517,2.071293830871582
1403908798847221766,neutral,1.8732316493988037,-0.4726596772670746,1.5494054555892944
1403908799388258305,neutral,1.8309522867202759,0.9581217765808105,0.2892775237560272
1403908800206213120,negative,1.0636835098266602,0.9819916486740112,1.2246114015579224
1403908813871226886,negative,1.0636835098266602,0.9819916486740112,1.2246114015579224
1403908826408132614,neutral,1.7778605222702026,0.9227116703987122,0.31642693281173706
1403908827066605568,neutral,2.016897439956665,-0.9128211736679077,1.670809030532837
1403908857907322881,neutral,1.0393095016479492,0.7461650371551514,0.23015128076076508
1403908870372687876,negative,1.097320795059204,-0.7116410732269287,1.8077048063278198
1403908874046820354,negative,1.0122488737106323,0.3653578758239746,1.434469223022461
1403908879176540163,negative,1.3281258344650269,-0.09877193719148636,1.3898764848709106
1403908880648884225,neutral,1.5104588270187378,0.5474600791931152,1.31839919090271
1403908881768587266,positive,0.3448505997657776,3.6366231441497803,0.11464432626962662
1403908893319876608,neutral,1.6244112253189087,0.4667045474052429,0.7323716282844543
1403908897006567425,neutral,1.6460647583007812,0.28049948811531067,0.5035639405250549
1403908898986151940,negative,1.151173710823059,-0.541968584060669,1.906964898109436
1403908903260377094,neutral,2.016897439956665,-0.9128212928771973,1.6708089113235474
1403908905604890624,negative,1.4121662378311157,-0.7438470721244812,2.2451133728027344
1403908905646837763,positive,0.8810869455337524,1.4619181156158447,0.44278088212013245
1403908912147951620,negative,1.3386865854263306,-0.9397405982017517,2.071293830871582
1403908912559104000,neutral,1.657442569732666,0.4727361798286438,0.07813054323196411
1403908913783844865,negative,1.1113934516906738,0.10933610796928406,1.4116801023483276
1403908925456519171,negative,1.7142128944396973,-1.000744104385376,2.244851589202881
1403908927536959489,negative,0.7993276715278625,-0.39512479305267334,2.1748883724212646
1403908932469288960,neutral,1.7251057624816895,0.27319303154945374,0.6374217867851257
1403908932767301637,neutral,1.4649441242218018,-0.2454482913017273,1.250097632408142
1403908955332648960,negative,1.7142128944396973,-1.000744104385376,2.244851589202881
1403908980112465926,negative,1.3386865854263306,-0.9397405982017517,2.071293830871582
1403908991143624705,neutral,2.016897439956665,-0.9128212332725525,1.670809030532837
1403908997762084868,negative,1.3386865854263306,-0.9397405982017517,2.071293830871582
1403909010508566530,negative,0.7546983957290649,0.38647016882896423,1.0693522691726685
1403909012458930177,neutral,1.4509559869766235,1.0532444715499878,0.2126825451850891
1403909013700501505,negative,1.7142128944396973,-1.000744104385376,2.244851589202881
1403909018964303873,positive,1.4411958456039429,2.0593817234039307,-0.36941269040107727
1403909031387795457,positive,2.0304408073425293,2.408445358276367,-0.6872323155403137
1403909034479173636,neutral,1.8075424432754517,0.702116072177887,0.545674741268158
1403909037003927555,negative,0.7546983957290649,0.38647016882896423,1.0693522691726685
1403909049440104453,neutral,1.9998258352279663,1.445426344871521,-0.3530915379524231
1403909054888431617,neutral,3.44895339012146,1.8046106100082397,-0.6602652668952942
1403909061020504072,neutral,1.684814453125,0.397645503282547,0.888388991355896
1403909078141837314,negative,1.7142128944396973,-1.000744104385376,2.244851589202881
1403909080050192384,neutral,1.972515344619751,-0.47638699412345886,1.0110262632369995
1403909090728841218,negative,1.2742501497268677,-0.8738601803779602,2.8394079208374023
1403909111230570497,neutral,1.5911540985107422,0.5170561075210571,0.5454173684120178
1403909111318781957,neutral,2.515965223312378,-0.13028386235237122,0.7719484567642212
1403909119124275200,positive,1.6591354608535767,2.6774470806121826,-0.3436140716075897
1403909127110369281,neutral,2.016897439956665,-0.9128212332725525,1.670809030532837
1403909131321417735,neutral,1.3655613660812378,1.057623267173767,0.7944139838218689
1403909157921562628,negative,1.3386865854263306,-0.9397405982017517,2.071293830871582
1403909178121363457,negative,1.7142128944396973,-1.000744104385376,2.244851589202881
1403909184421199873,negative,0.9256665110588074,0.018297463655471802,1.3762401342391968
1403909189466951686,negative,1.3375811576843262,-0.9234568476676941,2.218390703201294
1403909190091956227,neutral,2.362318277359009,1.3883994817733765,-0.48076069355010986
1403909193334018049,neutral,2.112596273422241,-0.2740708291530609,0.9631896615028381
1403909198253985792,neutral,2.016897439956665,-0.9128212332725525,1.670809030532837
1403909204826628096,neutral,1.2449852228164673,-0.5105820894241333,1.1400914192199707
1403909248317280262,neutral,1.7778605222702026,0.9227116703987122,0.31642693281173706
1403909263890731008,negative,0.8131116032600403,0.11384399235248566,1.423674464225769
1403909289136168962,neutral,1.6714115142822266,0.23698243498802185,0.7698026299476624
1403909300339281923,neutral,1.9566285610198975,0.6889557838439941,0.9599627256393433
1403909307658289162,negative,1.3317232131958008,-1.1139863729476929,3.0192978382110596
1403909307788300288,neutral,1.2624831199645996,0.0786949023604393,1.1852977275848389
1403909322720096259,negative,1.2983440160751343,-0.6063646674156189,1.4978634119033813
1403909336158572545,negative,0.8131116032600403,0.11384399235248566,1.423674464225769
1403909346409521158,negative,1.3281258344650269,-0.09877193719148636,1.3898764848709106
1403909355129430017,positive,1.1635127067565918,1.1659380197525024,0.22127720713615417
1403909355234336775,neutral,1.657442569732666,0.4727361798286438,0.07813054323196411
1403909360997126150,neutral,1.7634214162826538,0.17836017906665802,0.8599160313606262
1403909366797979648,negative,0.652108907699585,0.09134208410978317,1.8732450008392334
1403909369142517767,neutral,2.1722044944763184,1.2259005308151245,0.09938975423574448
1403909376407052293,neutral,2.2011728286743164,1.1561764478683472,-0.013528330251574516
1403909381259874308,neutral,1.7778605222702026,0.9227116703987122,0.31642693281173706
1403909391460470786,negative,1.7481963634490967,-0.95270836353302,2.075342893600464
1403909403552538633,neutral,2.9550042152404785,1.1578338146209717,-0.044244617223739624
1403909409785278467,neutral,1.652757167816162,1.3181862831115723,0.2690894901752472
1403909410402013189,negative,1.3281258344650269,-0.09877193719148636,1.3898764848709106
1403909411857371147,negative,1.3386865854263306,-0.9397405982017517,2.071293830871582
1403909423605506052,negative,1.7142128944396973,-1.000744104385376,2.244851589202881
1403909424830312453,negative,1.5014848709106445,-0.5904061794281006,2.313508987426758
1403909449379725323,neutral,2.346499443054199,1.2752423286437988,-0.47039663791656494
1403909450914680832,negative,1.3386865854263306,-0.9397405982017517,2.071293830871582
1403909456723857409,negative,1.0675393342971802,-0.13573864102363586,1.8663702011108398
1403909487988248576,negative,1.3587557077407837,-0.9423502087593079,2.18786883354187
1403909488046837760,neutral,3.058720350265503,0.9991216659545898,0.0065185073763132095
1403909490999656452,positive,0.8607917428016663,2.514681100845337,-0.10275723785161972
1403909516928983040,neutral,1.781505823135376,0.6916278004646301,0.5189948678016663
1403909518040260608,negative,1.7142128944396973,-1.000744104385376,2.244851589202881
1403909523002126337,negative,1.7142128944396973,-1.000744104385376,2.244851589202881
1403909531885707268,negative,1.0944520235061646,0.08826054632663727,1.3384908437728882
1403909541088043013,neutral,1.8309522867202759,0.9581217765808105,0.2892775237560272
1403909541998346241,neutral,1.468675971031189,0.0656060054898262,0.47902911901474
1403909547551567874,negative,1.7979146242141724,-0.9410375952720642,1.9930517673492432
1403909551619940353,neutral,1.6737502813339233,-0.27730631828308105,1.1324825286865234
1403909567289782273,neutral,1.8369450569152832,0.641377866268158,0.17644505202770233
1403909568925667329,neutral,1.7778605222702026,0.9227116703987122,0.31642693281173706
1403909579566587904,negative,1.7481963634490967,-0.95270836353302,2.075342893600464
1403909586587852802,negative,1.1168309450149536,-1.0757248401641846,2.888131856918335
1403909587191963658,neutral,1.4772933721542358,0.7274369597434998,0.2511703670024872
1403909589825896451,neutral,1.4509559869766235,1.0532444715499878,0.2126825451850891
1403909594892566534,neutral,1.739990472793579,-0.8019388318061829,1.598211407661438
1403909597707046912,neutral,2.4356510639190674,-0.0768255814909935,0.6959127187728882
1403909622453477381,neutral,1.4426922798156738,0.5332908630371094,0.7323498129844666
1403909633656250368,neutral,3.324355125427246,1.218361496925354,-0.8424788117408752
1403909647375814659,negative,1.3281258344650269,-0.09877193719148636,1.3898764848709106
1403909653843480578,negative,1.833281397819519,-1.1829243898391724,2.6910126209259033
1403909656175652865,negative,0.6620257496833801,0.20640641450881958,1.8113007545471191
1403909670524362755,neutral,1.63667893409729,0.5359585881233215,0.6432974934577942
1403909673065992193,neutral,2.016897439956665,-0.9128212332725525,1.670809030532837
1403909677004492803,neutral,2.674367904663086,-0.718796968460083,1.9269591569900513
1403909677360947200,neutral,1.8309522867202759,0.9581217765808105,0.2892775237560272
1403909718876200961,negative,1.3386865854263306,-0.9397405982017517,2.071293830871582
1403909720222535687,neutral,1.657442569732666,0.4727361798286438,0.07813054323196411
1403909733040414720,neutral,2.3546855449676514,0.7048335075378418,0.028680874034762383
1403909744092278788,neutral,1.3638148307800293,0.09407077729701996,0.7090076208114624
1403909751356919808,negative,1.7142128944396973,-1.000744104385376,2.244851589202881
1403909752413900801,negative,0.8579418659210205,-0.9794079661369324,3.4307403564453125
1403909768884989953,negative,0.46742716431617737,0.4056853652000427,1.837855339050293
1403909798626840583,neutral,2.016897439956665,-0.9128212332725525,1.670809030532837
1403909815726968833,negative,0.9982637166976929,-0.6346805095672607,2.8384783267974854
1403909816968388608,neutral,1.2633421421051025,0.6194271445274353,1.1884053945541382
1403909831350575105,neutral,1.3638148307800293,0.09407077729701996,0.7090076208114624
1403909831384125444,negative,1.4808350801467896,-0.6161988973617554,2.0019969940185547
1403909834509070343,negative,0.5519645810127258,-0.43979158997535706,1.8947588205337524
1403909841735794695,negative,1.862757682800293,-0.9997286796569824,2.1444637775421143
1403909850736721921,negative,1.3386865854263306,-0.9397405982017517,2.071293830871582
1403909870752079877,neutral,1.6937419176101685,0.7237042188644409,0.972756028175354
1403909884161126401,negative,1.3386865854263306,-0.9397405982017517,2.071293830871582
1403909903228493825,neutral,2.070388078689575,-0.13373389840126038,1.0969181060791016
1403909908618125314,neutral,1.4509559869766235,1.0532444715499878,0.2126825451850891
1403909909314293762,negative,1.3285870552062988,-0.7113974690437317,2.0097897052764893
1403909909842993155,neutral,1.1844794750213623,-0.2176799476146698,0.8761146664619446
1403909917778472965,neutral,2.4805691242218018,2.478224754333496,-0.567482054233551
1403909919225438210,neutral,2.380256414413452,1.022403359413147,-0.21200472116470337
1403909939769249795,neutral,1.7778605222702026,0.9227116703987122,0.31642693281173706
1403909949370011648,neutral,1.8589047193527222,0.235380619764328,0.6922969818115234
1403909949412024320,neutral,1.0682085752487183,0.5080237984657288,0.9252240657806396
1403909955837517825,negative,1.1168310642242432,-1.0757249593734741,2.888132095336914
1403909955934035968,neutral,1.4509559869766235,1.0532444715499878,0.2126825451850891
1403909959532830721,neutral,1.468675971031189,0.0656060054898262,0.47902911901474
1403909970186407936,negative,0.9097772240638733,-0.673962414264679,2.777477264404297
1403909970920235010,neutral,2.206890344619751,0.10175865143537521,0.578225314617157
1403909971415339011,neutral,2.9150922298431396,0.3905629813671112,0.24834951758384705
1403909986212749312,neutral,2.0700390338897705,0.4685043692588806,0.40267276763916016
1403894892082958337,neutral,1.71711003780365,1.3118131160736084,-0.15425553917884827
1403894893047582721,negative,1.0290138721466064,-0.5565813183784485,2.122349977493286
1403894893441912834,neutral,2.021190881729126,0.4539911150932312,-0.3014872074127197
1403894893907365894,positive,1.6896945238113403,2.424748182296753,-0.41000455617904663
1403894894272290821,neutral,1.7210716009140015,0.797142505645752,0.8157703280448914
1403894894335168518,negative,1.1791622638702393,-1.0596014261245728,2.7913098335266113
1403894894729388033,neutral,1.5158312320709229,0.028339512646198273,1.0787807703018188
1403894894867984388,positive,1.1366150379180908,1.4240446090698242,0.27702900767326355
1403894894977064961,negative,1.2837984561920166,-0.2936609089374542,1.373986005783081
1403894895002198018,positive,1.4291173219680786,2.5931732654571533,-0.41790568828582764
1403894895073546249,negative,1.3959473371505737,-0.8285422921180725,1.9278194904327393
1403894895199227904,neutral,2.3081250190734863,1.1453404426574707,-0.15318644046783447
1403894895266439175,neutral,1.4292893409729004,-0.05233309417963028,1.3548755645751953
1403894895526481923,neutral,1.6952131986618042,1.2664107084274292,0.0770643875002861
1403894896075980803,neutral,2.3729569911956787,0.5047705769538879,0.3399740159511566
1403894896394608642,neutral,3.085016965866089,1.5195361375808716,-0.30801263451576233
1403894897137041414,neutral,1.9164726734161377,1.1164196729660034,0.001774817705154419
1403894898319896579,positive,1.2028608322143555,1.7187343835830688,0.7161641120910645
1403894899380998147,negative,1.0883618593215942,-0.5602695345878601,1.920455813407898
1403894901301972996,positive,1.2878628969192505,1.4657466411590576,-0.07753060758113861
1403894902988046338,neutral,1.698608160018921,0.11730216443538666,0.32836681604385376
1403894903290007557,negative,0.22430799901485443,-0.262627512216568,2.3492228984832764
1403894904279867394,neutral,1.7902214527130127,0.2894889712333679,0.6152879595756531
1403894904892309507,neutral,2.4627914428710938,0.06931363791227341,0.3606570363044739
1403894905550802948,neutral,1.6124355792999268,0.33589670062065125,0.95877605676651
1403894907220238338,negative,1.1343239545822144,-0.4926365911960602,2.003864288330078
1403894907828281344,neutral,3.5065670013427734,1.3810200691223145,-0.5866553783416748
1403894907996151813,positive,1.868283987045288,6.407532215118408,-1.8537898063659668
1403894908029521926,neutral,2.3591115474700928,0.2459666132926941,0.20234157145023346
1403894908956594178,neutral,0.9626242518424988,0.7583257555961609,0.44407984614372253
1403894909120229382,negative,0.7556821703910828,0.03425190970301628,2.860532760620117
1403894909640269827,neutral,0.9626242518424988,0.7583257555961609,0.44407984614372253
1403894910504390658,negative,1.576842188835144,-1.1784071922302246,2.966076374053955
1403894910730780675,neutral,2.383720874786377,0.028878681361675262,0.6905956864356995
1403894910944694278,negative,1.1819764375686646,-1.375468373298645,3.819720506668091
1403894911116713988,negative,1.1794099807739258,-0.5629788041114807,2.0066442489624023
1403894911682895873,negative,1.0507467985153198,-0.07462873309850693,1.8875244855880737
1403894912245022721,negative,1.6386736631393433,-0.9149544835090637,2.0735766887664795
1403894912714641413,negative,1.0808452367782593,-0.5002025961875916,1.6029599905014038
1403894912727326723,negative,1.0507467985153198,-0.07462873309850693,1.8875244855880737
1403894912928653313,neutral,1.8371371030807495,-0.17076891660690308,1.0996030569076538
1403894916212609025,neutral,2.686922788619995,0.012738145887851715,0.648772656917572
1403894916795703305,negative,0.3423667550086975,-0.8589655160903931,3.3932483196258545
1403894917210984449,negative,1.0494384765625,-1.2944787740707397,3.637085199356079
1403894919522099200,negative,1.3916523456573486,0.024219028651714325,1.764966368675232
1403894920193134593,positive,1.244946837425232,1.395919919013977,0.0925188884139061
1403894920541315073,negative,1.2010343074798584,-1.3125118017196655,3.23363995552063
1403894920998445056,negative,1.4785813093185425,-1.2356948852539062,3.0750324726104736
1403894921866534916,neutral,2.285996198654175,2.261207342147827,-0.48610347509384155
1403894923015958528,neutral,2.313616991043091,1.0287506580352783,-0.08998487144708633
1403894924643246080,neutral,1.2666271924972534,-0.09575702995061874,0.671978235244751
1403894925020782593,negative,1.2423361539840698,0.18666352331638336,1.5747343301773071
1403894925595267073,negative,0.2977140247821808,0.19715306162834167,1.3616048097610474
1403894925708640260,negative,1.3916523456573486,0.024219028651714325,1.764966368675232
1403894927336083456,negative,0.9091399312019348,-0.25595685839653015,1.833743929862976
1403894927680053249,neutral,3.0900182723999023,2.2723686695098877,-0.6633595824241638
1403894928334336003,neutral,1.5754098892211914,-0.550666868686676,0.7047486305236816
1403894928908853252,positive,2.0071444511413574,2.301499605178833,-0.23472516238689423
1403894930368610305,neutral,1.1147252321243286,-0.2852100431919098,0.6453194618225098
1403894930984951809,negative,1.456794023513794,-0.809438169002533,1.907015323638916
1403894931278602240,negative,1.2718948125839233,-1.1313987970352173,2.7703003883361816
1403894931362484227,positive,1.3983311653137207,2.386821746826172,-0.7455398440361023
1403894932591591424,negative,1.0975992679595947,-0.44190725684165955,1.3621621131896973
1403894934764199940,neutral,2.511303186416626,0.5267605781555176,-0.3164736032485962
1403894935305146371,positive,0.7631204724311829,1.2800878286361694,0.0966787040233612
1403894935678509058,neutral,2.5832982063293457,1.8942004442214966,-0.19490572810173035
1403894937683365895,negative,0.4642508029937744,-0.18009567260742188,2.3586924076080322
1403894938614616066,neutral,1.359196424484253,0.1004563421010971,0.9149309992790222
1403894939197444098,neutral,2.363513469696045,0.3148781657218933,0.3369843363761902
1403894939776434176,negative,0.1900462508201599,-0.1808072328567505,2.6154019832611084
1403894940627787777,neutral,1.320194125175476,1.0161978006362915,0.5299587845802307
1403894941710012419,neutral,1.6495921611785889,1.0321015119552612,0.15319469571113586
1403894942313947138,positive,1.3204249143600464,1.9438420534133911,-0.27554839849472046
1403894943219949568,negative,0.6889052391052246,-0.9018837809562683,3.171344757080078
1403894943802740738,neutral,1.657599925994873,0.6131993532180786,0.05202855169773102
1403894945337929734,negative,1.17026686668396,-0.3034704327583313,1.675825834274292
1403894945434550278,negative,0.6897100210189819,-0.5777832269668579,2.758828639984131
1403894945648320516,positive,1.347836971282959,1.8178296089172363,-0.030096309259533882
1403894948181598208,neutral,2.071244239807129,1.4225047826766968,-0.21062657237052917
1403894948802400259,positive,2.0203421115875244,2.1660375595092773,-0.3824452757835388
1403894950052331520,neutral,2.020301342010498,0.27569273114204407,0.5323391556739807
1403894950471737349,neutral,2.564939260482788,0.9710598587989807,0.20713137090206146
1403894951075799040,neutral,1.7421828508377075,0.11147881299257278,0.7767465114593506
1403894951621152771,negative,1.0883618593215942,-0.5602694749832153,1.920455813407898
1403894954162860033,neutral,2.8122575283050537,1.0527280569076538,-0.2089443951845169
1403894954330521603,neutral,1.0555028915405273,1.0382411479949951,0.3070853352546692
1403894954330628104,neutral,1.8891879320144653,0.5245234370231628,0.5609524250030518
1403894958562680834,negative,1.1811084747314453,0.07272728532552719,1.6746411323547363
1403894959573331971,negative,1.000824213027954,-0.03688991814851761,1.4271605014801025
1403894961532129280,negative,1.1778578758239746,-0.24019309878349304,1.7484899759292603
1403894961905573892,neutral,2.1473095417022705,0.6746627688407898,0.596308708190918
1403894963948171265,negative,1.1811084747314453,0.07272728532552719,1.6746411323547363
1403894964929503237,negative,1.3502134084701538,-0.5542547106742859,1.9869647026062012
1403894965357350912,positive,2.2023653984069824,2.346116542816162,-0.22111855447292328
1403894967223922690,neutral,1.594359278678894,-0.112026147544384,1.3583967685699463
1403894967840477189,negative,1.326831340789795,-0.8485116958618164,1.9388200044631958
1403894968108859398,neutral,2.292649745941162,0.32423463463783264,0.07252182811498642
1403894969417441283,negative,0.34414979815483093,-0.3010757565498352,2.5016725063323975
1403894969505619972,negative,0.7774611711502075,-0.053865768015384674,1.758302927017212
1403894974559645698,neutral,1.8800281286239624,-0.18314522504806519,0.7245854735374451
1403894974630989825,positive,1.2590242624282837,2.2213785648345947,1.0711885690689087
1403894975331438604,neutral,2.0148770809173584,0.03948564827442169,1.0597470998764038
1403894975998443525,neutral,1.1373780965805054,0.496565043926239,0.8480713963508606
1403894977143271428,neutral,1.9063034057617188,-0.19060403108596802,1.6132078170776367
1403894977927712773,positive,1.3142473697662354,2.3298401832580566,-0.44414010643959045
1403894978384777220,negative,1.650043249130249,-0.9479248523712158,2.0670816898345947
1403894978510655488,negative,0.8943102359771729,0.43702688813209534,1.2137868404388428
1403894978707746820,neutral,1.7570040225982666,-0.5667040348052979,1.53883957862854
1403894982805622788,neutral,1.6123902797698975,0.39689087867736816,0.9354015588760376
1403894984370274305,neutral,2.023273229598999,0.9624423980712891,0.13921505212783813
1403894984424701962,neutral,1.6824971437454224,0.08722322434186935,1.2329038381576538
1403894984584032259,neutral,1.8800281286239624,-0.18314522504806519,0.7245854735374451
1403894984991023107,negative,0.8593900203704834,0.2728666365146637,1.4944850206375122
1403894985108434947,negative,1.272011637687683,-1.3896079063415527,3.609194755554199
1403894985829801988,negative,1.2135813236236572,-1.1513386964797974,2.6940863132476807
1403894986051973120,positive,1.685198426246643,3.039599895477295,-0.5585664510726929
1403894989520703490,neutral,1.8800281286239624,-0.18314522504806519,0.7245854735374451
1403894989638160385,neutral,3.530146598815918,1.6300077438354492,-1.065041184425354
1403894990082871297,neutral,1.5041117668151855,0.8826712369918823,0.5684693455696106
1403894991760461827,neutral,1.4052507877349854,0.2418164312839508,1.1959969997406006
1403894991827636225,neutral,1.0301942825317383,-0.00753600150346756,1.0088900327682495
1403894992121339906,neutral,1.8879420757293701,0.3057090938091278,1.4579025506973267
1403894993899560960,neutral,1.8800281286239624,-0.18314522504806519,0.7245854735374451
1403894995191402498,positive,0.4512881338596344,1.465531826019287,-0.03872925788164139
1403894996634411013,neutral,1.35621178150177,-0.08326493948698044,0.32939237356185913
1403894997372440578,negative,0.8162940740585327,-0.032481856644153595,1.3224971294403076
1403894997380997131,neutral,1.56730318069458,1.4905071258544922,0.6190967559814453
1403894998215663618,neutral,1.786787986755371,1.3650712966918945,-0.4620773196220398
1403894999754883080,positive,1.6325395107269287,3.4241347312927246,-0.9587519764900208
1403895001327751194,neutral,2.00966739654541,0.43142756819725037,0.24331991374492645
1403895002099421186,neutral,2.5262041091918945,1.2952746152877808,-0.47010087966918945
1403895002732711936,negative,1.221327781677246,-1.2218204736709595,3.12563419342041
1403895002972016643,neutral,2.6754705905914307,1.1542541980743408,-0.2315426915884018
1403895003500322818,negative,1.2666748762130737,-0.291066437959671,1.7661337852478027
1403895003563311107,neutral,2.4385766983032227,1.2913230657577515,-0.43071702122688293
1403895003722620932,neutral,1.8800281286239624,-0.18314522504806519,0.7245854735374451
1403895006176350208,neutral,2.010223627090454,0.31005552411079407,0.8314117789268494
1403895006767857665,neutral,1.4324649572372437,0.27195513248443604,0.5691354274749756
1403895007241768964,negative,0.8166701197624207,-0.5238056778907776,2.266253709793091
1403895007824711680,negative,0.7722597718238831,-0.7400891184806824,2.0468826293945312
1403895008277647360,negative,0.9618974328041077,-0.8662501573562622,2.0900087356567383
1403895009561223170,negative,1.3631513118743896,-1.1779404878616333,3.00266432762146
1403895009628332034,neutral,1.0233993530273438,0.5540235042572021,0.6788433194160461
1403895011738107914,positive,0.8023017644882202,1.2676461935043335,0.327823281288147
1403895012702621698,neutral,2.071244239807129,1.4225047826766968,-0.21062657237052917
1403895013096964096,negative,1.4080946445465088,-0.5724931359291077,1.785441279411316
1403895014024003589,negative,1.0511809587478638,-1.1034398078918457,3.0902209281921387
1403895014913105920,neutral,1.4102951288223267,1.0451382398605347,0.807723879814148
1403895015428874240,neutral,1.9239603281021118,0.8521580100059509,0.08820918202400208
1403895015596691457,neutral,1.7064100503921509,1.2302345037460327,0.09139463305473328
1403895016951402502,negative,0.2701980471611023,-0.5777267813682556,2.403053045272827
1403895018113355776,neutral,2.010223627090454,0.31005552411079407,0.8314117789268494
1403895020801908738,negative,0.7173382639884949,0.8239473700523376,1.847874641418457
1403895020843933707,negative,1.0820690393447876,-0.8676738739013672,2.021801233291626
1403895021141741569,negative,0.8483227491378784,-0.47357234358787537,2.4345078468322754
1403895021917593603,neutral,1.9892865419387817,-0.2043452262878418,0.6989606618881226
1403895022194413569,negative,0.9472233057022095,0.09394737333059311,1.4005776643753052
1403895022425149441,positive,0.24194465577602386,0.9218271970748901,0.6420594453811646
1403895023544979457,negative,0.8925231099128723,-0.13794201612472534,1.0513092279434204
1403895023909888003,positive,0.5409842729568481,4.444753170013428,-0.9636286497116089
1403895024182607873,negative,1.5003094673156738,-1.0843690633773804,2.319007396697998
1403895024530591745,negative,0.6563761234283447,0.3710455000400543,1.475053071975708
1403895025394761730,neutral,1.649480938911438,0.593639612197876,0.8158870935440063
1403895027101753351,neutral,2.7385261058807373,2.52142333984375,-0.8340612649917603
1403895028183822336,negative,1.3231056928634644,-1.223022699356079,2.717540979385376
1403895029093978112,neutral,1.6721395254135132,0.5172507762908936,0.3565380871295929
1403895030339674114,positive,2.0592246055603027,3.703709363937378,-0.8232370615005493
1403895030612439041,negative,1.4403049945831299,-0.24980276823043823,1.573201298713684
1403895031635795968,neutral,1.4178407192230225,-0.15260520577430725,1.1168755292892456
1403895032646492162,neutral,1.6721395254135132,0.5172507762908936,0.3565380871295929
1403895036740358154,neutral,2.306673765182495,-0.3815867304801941,0.8096887469291687
1403895036954218496,positive,0.9235252141952515,1.234841227531433,0.4088249206542969
1403895037847498756,negative,0.5212011933326721,-0.9883943200111389,3.5117225646972656
1403895039059808259,neutral,1.6210830211639404,-0.24223968386650085,0.39320582151412964
1403895039219044362,negative,1.3916523456573486,0.024219028651714325,1.764966368675232
1403895039403642882,neutral,1.8445196151733398,0.23661664128303528,0.8432996273040771
1403895040854818816,negative,1.4070522785186768,-0.9250664114952087,1.9019063711166382
1403895042125750282,positive,0.8662019968032837,2.429795980453491,-0.06508303433656693
1403895042398429186,negative,1.2423046827316284,-0.8097944259643555,1.9963856935501099
1403895042670989312,negative,1.4676975011825562,-0.992174506187439,2.338758945465088
1403895043358748675,negative,1.2213276624679565,-1.2218204736709595,3.12563419342041
1403895043572654080,neutral,2.175523519515991,1.3142290115356445,-0.29246875643730164
1403895045066010625,negative,0.5945246815681458,-0.7112443447113037,3.082672119140625
1403895045082681349,neutral,2.511054039001465,0.6072967052459717,0.34393611550331116
1403895046194163712,negative,1.3916523456573486,0.024219028651714325,1.764966368675232
1403895046232027136,neutral,2.6450490951538086,-0.40479326248168945,1.0429224967956543
1403895048312221700,neutral,2.322033643722534,0.8155693411827087,0.12140557914972305
1403895048672997380,negative,1.2667557001113892,-0.2920338809490204,1.761719822883606
1403895049205788673,positive,1.023107886314392,1.1849397420883179,-0.11540680378675461
1403895051898527749,positive,1.394503116607666,1.4969037771224976,0.9401423335075378
1403895053492396035,negative,2.1112687587738037,-1.0838861465454102,2.2172744274139404
1403895054691758090,neutral,2.486206293106079,-0.13805469870567322,1.2199848890304565
1403895056935706630,neutral,1.9260755777359009,-0.39457377791404724,1.0606412887573242
1403895062812000260,negative,1.3117804527282715,-1.3488849401474,3.847764015197754
1403895063378161665,negative,1.3978395462036133,-0.15600311756134033,1.806168794631958
1403895064552624128,negative,0.8986200094223022,0.4358559548854828,1.0797395706176758
1403895064607313924,negative,1.1811084747314453,0.072727270424366,1.6746410131454468
1403895064666021889,positive,1.2139416933059692,1.3019556999206543,0.5045109391212463
1403895064951021573,negative,0.8269808292388916,-1.0227854251861572,3.1541621685028076
1403895065517363205,neutral,0.9546784162521362,0.5954770445823669,0.4603072702884674
1403895065685209094,neutral,1.351500391960144,0.6970859169960022,0.9903873205184937
1403895069837512707,negative,0.6708189845085144,0.7382901310920715,0.9070108532905579
1403895070793912324,neutral,1.6075690984725952,-0.6898251175880432,1.5844323635101318
1403895071859220482,neutral,1.8891879320144653,0.5245234370231628,0.5609524250030518
1403895073201266703,neutral,1.7122225761413574,0.5125917792320251,1.1131811141967773
1403895073717190657,positive,0.24194465577602386,0.9218271970748901,0.6420594453811646
1403895075768258562,negative,1.8745454549789429,-0.9617900848388672,1.9091951847076416
1403895077299183619,negative,0.8875263929367065,-0.8512663841247559,2.488115072250366
1403895078393896960,negative,0.9437966346740723,0.6566218137741089,1.00522780418396
1403895078490456068,negative,1.5195848941802979,-0.5731521844863892,2.167429208755493
1403895078800613379,neutral,2.8724546432495117,1.253032922744751,0.31264370679855347
1403895079199145985,neutral,1.5824435949325562,0.2038956582546234,0.5083480477333069
1403895079216029696,neutral,2.3370494842529297,1.0099583864212036,0.17281818389892578
1403895079543050240,neutral,2.6400680541992188,1.2825391292572021,0.01860858127474785
1403895080654626819,neutral,1.5425225496292114,-0.23651543259620667,0.8456778526306152
1403895080688181250,negative,1.7530089616775513,-1.0477831363677979,2.0241386890411377
1403895081120137219,neutral,1.8957024812698364,0.49880146980285645,0.2651660442352295
1403895083464855553,negative,1.3634021282196045,-0.6022190451622009,1.7817509174346924
1403895088284012545,neutral,2.4677345752716064,2.228416919708252,-0.7864063382148743
1403895090112647168,negative,0.5202323198318481,0.27285128831863403,1.288770318031311
1403895094428815364,neutral,1.663939356803894,-0.43456611037254333,1.5462009906768799
1403895096685301761,neutral,2.530999183654785,0.7896189093589783,0.13629962503910065
1403895100527288339,neutral,2.560901641845703,0.221784770488739,0.17802664637565613
1403895100623638529,neutral,1.6751917600631714,0.026794500648975372,1.141197919845581
1403895101240209415,neutral,1.365983247756958,-0.026248812675476074,1.3223857879638672
1403895101609349128,positive,1.8236933946609497,2.031595468521118,-0.3543674945831299
1403895102599090184,neutral,2.071244239807129,1.4225047826766968,-0.21062657237052917
1403895103404527617,negative,0.8433454632759094,-1.1115224361419678,3.3292112350463867
1403895103739990020,negative,1.1516900062561035,-0.556122899055481,1.7205532789230347
1403895103807131652,neutral,1.594359278678894,-0.112026147544384,1.3583967685699463
1403895105656786946,neutral,2.9175736904144287,1.0086371898651123,-0.20201878249645233
1403895106546147334,negative,0.5621993541717529,-1.2564783096313477,3.9810609817504883
1403895107250573312,negative,1.0012052059173584,-0.7474527359008789,2.1851418018341064
1403895107338653700,neutral,1.4194543361663818,-0.16464275121688843,0.9454901814460754
1403895108035043330,neutral,1.0301941633224487,-0.007535994052886963,1.00888991355896
1403895109264064520,negative,1.0883618593215942,-0.5602694749832153,1.920455813407898
1403895111805771780,positive,0.8431649804115295,3.1669654846191406,-0.3927207887172699
1403895112271204354,neutral,1.2624812126159668,-0.17598173022270203,0.7882530093193054
1403895116704534528,neutral,2.6907951831817627,1.4003832340240479,-0.581292986869812
1403895118080344064,negative,1.5876938104629517,-0.8291019797325134,2.140810966491699
1403895118944292867,neutral,2.290041923522949,0.6116049885749817,0.23305819928646088
1403895119766380545,negative,1.201026201248169,0.07770207524299622,1.4885157346725464
1403895119909171200,negative,1.1256613731384277,-1.066731333732605,2.5252890586853027
1403895120064176132,neutral,0.9088667631149292,0.17157328128814697,0.8910042643547058
1403895122144632833,neutral,1.8445196151733398,0.23661664128303528,0.8432996273040771
1403895122484469761,negative,0.8933533430099487,-0.6445276141166687,2.7405006885528564
1403895122698276874,negative,0.8032683730125427,-1.408456802368164,4.093725681304932
1403895124233375746,negative,1.312552571296692,-0.05531369894742966,1.830965518951416
1403895124296278019,negative,1.4448198080062866,-1.1851167678833008,2.836299419403076
1403895124447268865,negative,0.9542272090911865,-0.19608664512634277,1.7902631759643555
1403895126804467712,neutral,1.2819793224334717,-0.0035510659217834473,1.2420254945755005
1403895127865761801,neutral,2.543001890182495,1.0240801572799683,-0.16154246032238007
1403895128956211204,neutral,1.693232774734497,0.20125873386859894,0.8352417945861816
1403895129388158977,negative,1.5240626335144043,-0.73674476146698,2.0880391597747803
1403895131913162758,negative,0.6188213229179382,-0.2865886092185974,2.0065202713012695
1403895133129613316,negative,0.9065197706222534,0.4278707802295685,1.3093606233596802
1403895133213396993,negative,1.0047906637191772,0.2889270484447479,1.3034456968307495
1403895133305724930,negative,0.4714203178882599,-0.10201350599527359,2.4572014808654785
1403895136405364746,negative,1.161204218864441,-0.37386149168014526,2.125912666320801
1403895137160228866,negative,1.3916523456573486,0.024218998849391937,1.7649662494659424
1403895137625911300,neutral,1.2677369117736816,0.6817253828048706,0.24554607272148132
1403895139890720772,negative,1.3231056928634644,-1.223022699356079,2.717540979385376
1403895143124529153,neutral,1.8957024812698364,0.49880146980285645,0.2651660442352295
1403895145045520384,neutral,1.3040422201156616,-0.5546966791152954,1.251501202583313
1403895146270310405,neutral,2.456897020339966,0.934338390827179,0.20977725088596344
1403895147285286915,neutral,2.157207727432251,1.27113676071167,-0.10720065981149673
1403895148182839301,neutral,1.3886268138885498,0.5243670344352722,0.6173573136329651
1403895151055892480,positive,1.7266331911087036,3.461428642272949,-0.22314266860485077
1403895152033243143,negative,0.9627830982208252,-0.3869442045688629,1.8443217277526855
1403895154134732801,positive,1.6216095685958862,2.9951889514923096,-0.18891039490699768
1403895156055498754,neutral,1.362838864326477,0.1743868589401245,0.8232616186141968
1403895156252680195,negative,1.774839997291565,-0.5806451439857483,2.501214027404785
1403895157720698881,neutral,1.5921951532363892,1.3976471424102783,-0.08083824068307877
1403895159079653376,negative,0.3499153256416321,-1.113039255142212,3.841935634613037
1403895159184576522,neutral,1.0542633533477783,0.9968134760856628,0.7108239531517029
1403895159201304579,negative,1.1856530904769897,-0.7799403667449951,2.7697908878326416
1403895159394291712,neutral,1.1488615274429321,0.37565314769744873,1.1425837278366089
1403895160694472705,negative,1.5580202341079712,-0.8978974223136902,1.8514891862869263
1403895160975601669,negative,1.4268471002578735,-0.3311876356601715,1.7301205396652222
1403895162753798150,neutral,1.6301429271697998,0.558660089969635,0.2939092218875885
1403895163609567232,neutral,1.594359278678894,-0.112026147544384,1.3583967685699463
1403895164951797765,neutral,1.1668457984924316,0.6073975563049316,0.3564502000808716
1403895165102661632,negative,1.4179353713989258,-0.13309961557388306,1.6220080852508545
1403895166642049030,negative,1.641344428062439,-0.9752404093742371,2.105151891708374
1403895167464050688,negative,1.5826729536056519,-0.8553725481033325,1.8643478155136108
1403895172518137862,negative,1.6764951944351196,-0.7302634119987488,1.7819572687149048
1403895173319380994,negative,1.0012052059173584,-0.7474527359008789,2.1851418018341064
1403895173914890241,neutral,1.6751917600631714,0.026794500648975372,1.141197919845581
1403895174233796610,positive,1.8512520790100098,4.577205657958984,-1.260198950767517
1403895177455063041,neutral,1.6936140060424805,0.030972838401794434,1.1366279125213623
1403895177693995010,negative,1.1459134817123413,-1.1994961500167847,3.103193998336792
1403895178742620165,neutral,2.036773204803467,0.47860658168792725,0.3534470200538635
1403895179699015680,negative,1.2764943838119507,-0.46587589383125305,1.6197154521942139
1403895181766578177,neutral,1.6751917600631714,0.026794500648975372,1.141197919845581
1403895183423393797,neutral,1.1820502281188965,0.8014827370643616,0.6116531491279602
1403895184593625088,negative,0.32258304953575134,0.4909977912902832,2.078443765640259
1403895186258812931,negative,1.432798981666565,-0.4678709805011749,1.5307996273040771
1403895187991011328,neutral,2.169309616088867,0.17105643451213837,1.296540379524231
1403895189161353217,negative,0.44784626364707947,-0.1499650478363037,2.612368106842041
1403895191702949890,negative,1.126030445098877,-1.2282166481018066,3.2340939044952393
1403895192583737348,negative,1.0475636720657349,-0.7258177995681763,1.794944167137146
1403895192919232512,neutral,2.9175734519958496,1.0086368322372437,-0.20201876759529114
1403895193057873926,neutral,1.6751917600631714,0.026794500648975372,1.141197919845581
1403895193833639940,negative,1.264406442642212,0.09133660793304443,1.8999719619750977
1403895196757020675,negative,1.1989591121673584,-1.1750202178955078,3.0270347595214844
1403895200678776834,neutral,1.6751917600631714,0.026794500648975372,1.141197919845581
1403895201177870337,negative,1.1069566011428833,-0.4871637523174286,2.063549041748047
1403895201790410754,negative,1.1069566011428833,-0.4871637523174286,2.063549041748047
1403895202977259521,negative,1.191004753112793,0.09862453490495682,1.2045561075210571
1403895204105445387,negative,0.9988945126533508,-0.4946361482143402,1.802816390991211
1403895204294250498,neutral,2.130246877670288,0.23997831344604492,0.29469960927963257
1403895207221895169,neutral,1.6751917600631714,0.026794500648975372,1.141197919845581
1403895208257986565,negative,0.9533488154411316,-0.44578978419303894,1.555590033531189
1403895208262004740,neutral,3.5065670013427734,1.3810200691223145,-0.5866553783416748
1403895208920686594,negative,1.2249159812927246,-0.9688089489936829,2.2292375564575195
1403895210506084353,positive,1.4489885568618774,1.6204354763031006,0.09375886619091034
1403895211802206212,negative,1.963922142982483,-1.0685670375823975,2.553518295288086
1403895213031137280,neutral,1.7127501964569092,0.01113787293434143,0.7102533578872681
1403895214004080642,neutral,2.6400680541992188,1.2825390100479126,0.018608614802360535
1403895214721449984,negative,0.8268290758132935,-1.152048945426941,3.090602159500122
1403895215967059969,neutral,1.3324140310287476,-0.3457457423210144,1.213334321975708
1403895216331837445,negative,0.8669508099555969,-0.02693551778793335,1.6549502611160278
1403895216906682368,neutral,1.5258845090866089,0.21823641657829285,0.7757641673088074
1403895217690800129,negative,0.9645957946777344,-0.6368123292922974,2.4353909492492676
1403895219553247236,positive,0.8850221633911133,1.9728692770004272,0.5615160465240479
1403895220320849920,positive,1.8092942237854004,3.3107635974884033,-0.9868612289428711
1403895220773605379,neutral,1.3359873294830322,0.23930132389068604,1.045243501663208
1403895221566513152,negative,1.6910390853881836,-0.9369555711746216,1.7114518880844116
1403895221704744966,neutral,1.5414681434631348,0.6320422291755676,-0.3809927701950073
1403895223369994240,negative,1.3982359170913696,-0.9572679400444031,2.098238229751587
1403895223458144257,negative,0.9756985902786255,-0.861793577671051,2.5025994777679443
1403895223747448840,neutral,3.530146598815918,1.6300077438354492,-1.065041184425354
1403895224343175170,neutral,2.282604694366455,0.9361254572868347,-0.47713571786880493
1403895225974624259,neutral,3.4203591346740723,1.9574326276779175,-0.6930476427078247
1403895226717163529,neutral,1.2574228048324585,0.36735019087791443,0.6101756691932678
1403895228067631106,neutral,1.6618437767028809,0.5033512115478516,0.7966924905776978
1403895228927516673,negative,1.1888623237609863,-0.6196635961532593,1.6567130088806152
1403895229372043268,negative,1.0640660524368286,-0.8173623085021973,1.8412892818450928
1403895230995189763,negative,1.6177040338516235,-1.0924067497253418,2.579895257949829
1403895231578214400,neutral,1.6751917600631714,0.026794500648975372,1.141197919845581
1403895233331531782,negative,1.138680100440979,-0.8009358048439026,2.044537305831909
1403895235831160837,negative,1.5465786457061768,-0.8305069208145142,1.7781778573989868
1403895236468695044,negative,1.3916523456573486,0.024219028651714325,1.764966368675232
1403895236561154050,neutral,2.149329900741577,0.5879683494567871,0.2411360740661621
1403895236758151174,positive,1.1248828172683716,2.4958837032318115,0.11457059532403946
1403895237735485441,negative,1.062785029411316,-0.0042941272258758545,1.7522211074829102
1403895237924229125,neutral,0.7289355993270874,0.4327738285064697,-0.091587595641613
1403895240512229382,negative,1.191004753112793,0.09862453490495682,1.2045561075210571
1403895241531396096,neutral,1.4676926136016846,0.9032951593399048,0.0005686357617378235
1403895241703268355,neutral,3.530146598815918,1.6300077438354492,-1.065041184425354
1403895241707458561,positive,1.185557246208191,1.6086275577545166,0.1938239485025406
1403895242021957632,neutral,2.6629743576049805,0.6702772378921509,0.5068562626838684
1403895242227597316,negative,1.049797534942627,-0.6046470403671265,1.7980880737304688
1403895242965717000,negative,0.8975964188575745,-0.5632638335227966,2.1621997356414795
1403895243708137480,neutral,2.166018486022949,1.6900321245193481,-0.1458941251039505
1403895244719067140,neutral,1.6974012851715088,1.211759328842163,0.5128846764564514
1403895245138505730,negative,1.0559964179992676,-0.9097753167152405,2.3148739337921143
1403895245893427203,negative,1.5737718343734741,-0.5357781648635864,1.8692100048065186
1403895247151710208,negative,1.1811084747314453,0.07272728532552719,1.6746411323547363
1403895249378942979,negative,1.1599533557891846,-1.097549557685852,3.0865278244018555
1403895252600201218,negative,0.9300590753555298,-0.19564703106880188,1.6217176914215088
1403895253778698243,neutral,1.676096796989441,-0.10730864852666855,0.9581332802772522
1403895254634438659,negative,1.425573468208313,-1.1613805294036865,2.585221767425537
1403895255095668741,neutral,3.5065670013427734,1.3810200691223145,-0.5866553783416748
1403895256051970049,negative,1.4497196674346924,-1.0192850828170776,2.0060598850250244
1403895257406742529,negative,0.8566763401031494,-0.5450022220611572,2.7846548557281494
1403895257461309442,negative,0.9930480718612671,-0.4619756042957306,2.347550630569458
1403895259235422213,positive,1.9702837467193604,3.715071439743042,-1.3373379707336426
1403895259311058944,neutral,2.209707736968994,-0.6997148394584656,1.6802692413330078
1403895260288192513,negative,0.8669508099555969,-0.02693551778793335,1.6549502611160278
1403895263345971206,neutral,1.8445196151733398,0.23661664128303528,0.8432996273040771
1403895263878656002,neutral,2.3256235122680664,1.0007437467575073,-0.4511709213256836
1403895263882743809,negative,1.181307315826416,0.3978486955165863,1.3690811395645142
1403895264352505859,negative,0.7267518639564514,-0.7171137928962708,2.967045307159424
1403895267603136515,negative,1.070541262626648,-1.0454546213150024,2.798239231109619
1403895267745800195,neutral,2.3276424407958984,0.740543007850647,0.49504056572914124
1403895270140567554,neutral,1.198048710823059,0.5866292119026184,0.9134495258331299
1403895270375522308,neutral,3.530146598815918,1.6300077438354492,-1.065041184425354
1403895272175017989,positive,1.486594319343567,2.6088051795959473,-0.40303516387939453
1403895272455823364,positive,1.685198426246643,3.039599895477295,-0.5585664510726929
1403895272808267780,neutral,2.0775837898254395,0.6832019686698914,0.44959694147109985
1403895273835823105,neutral,1.859349250793457,0.8347284197807312,-0.299632728099823
1403895276180361220,negative,1.049797534942627,-0.6046470403671265,1.7980880737304688
1403895278487236608,negative,1.8991272449493408,-1.1159147024154663,2.391634941101074
1403895278499860483,neutral,1.7778761386871338,-0.14711692929267883,0.9330658912658691
1403895280001449985,neutral,1.594359278678894,-0.112026147544384,1.3583967685699463
1403895281880600579,negative,1.181307315826416,0.39784860610961914,1.3690812587738037
1403895282518007808,neutral,1.5157967805862427,0.0524895079433918,1.4409319162368774
1403895283419947010,neutral,1.594359278678894,-0.112026147544384,1.3583967685699463
1403895284153782275,negative,0.9773141741752625,-0.7204461693763733,2.4307634830474854
1403895284602712071,negative,1.1882086992263794,0.15162786841392517,1.408833622932434
1403895284682264581,neutral,1.3212368488311768,1.2874037027359009,-0.015089472755789757
1403895286028673027,negative,0.841563880443573,-0.8334983587265015,3.1954824924468994
1403895287110946824,negative,0.9190148115158081,-0.2028968632221222,1.896630048751831
1403895287748435976,negative,0.8358153700828552,-0.0762559249997139,2.3076579570770264
1403895290092941312,neutral,1.8891879320144653,0.5245234370231628,0.5609524250030518
1403895290751598592,neutral,3.307861089706421,1.8611353635787964,-0.8862513303756714
1403895291309445123,neutral,1.675191879272461,0.02679462358355522,1.141197919845581
1403895291770654726,neutral,1.592759609222412,-0.4442695677280426,1.523439645767212
1403895293477896197,negative,1.4257488250732422,-0.185784250497818,1.7876758575439453
1403895295541268481,neutral,3.530146598815918,1.6300077438354492,-1.065041184425354
1403895295587491841,neutral,2.205153226852417,-0.9435437917709351,1.3572397232055664
1403895296145428485,neutral,1.6751917600631714,0.026794500648975372,1.141197919845581
1403895296581529604,negative,1.1576100587844849,-0.6497883200645447,2.7041497230529785
1403895298158702593,negative,0.2865782678127289,0.15138614177703857,1.9563417434692383
1403895298846568450,neutral,2.1839520931243896,-0.17159408330917358,0.6632649898529053
1403895299555434498,negative,1.1811084747314453,0.07272728532552719,1.6746411323547363
1403895300171780106,positive,1.0661088228225708,1.0986158847808838,0.41681531071662903
1403895300440289281,neutral,2.244769811630249,-0.501102089881897,1.3696759939193726
1403895300834668544,neutral,1.6586462259292603,-0.21394222974777222,1.2556155920028687
1403895300863905798,neutral,2.686922788619995,0.0127381831407547,0.6487725377082825
1403895302655025153,negative,1.3916523456573486,0.024219028651714325,1.764966368675232
1403895305146351616,negative,1.2366057634353638,0.17903053760528564,1.9627914428710938
1403895305595101188,neutral,1.3886268138885498,0.5243670344352722,0.6173573136329651
1403895307574841344,neutral,1.6706141233444214,-0.22735145688056946,1.2911900281906128
1403895309374148608,negative,0.9091399908065796,-0.25595685839653015,1.833743929862976
1403895309638438913,neutral,2.933993339538574,2.3460960388183594,-0.9687376618385315
1403895312079638532,negative,0.7498418688774109,-0.0980951264500618,2.3917551040649414
1403895313459400706,negative,1.1811084747314453,0.07272728532552719,1.6746411323547363
1403895314310852611,neutral,2.0077483654022217,0.8243703842163086,0.32027602195739746
1403895314336174082,negative,1.0526748895645142,-0.48540595173835754,1.9483729600906372
1403895316282331148,positive,1.0626317262649536,4.1775736808776855,-0.9564011096954346
1403895317360173058,negative,1.650043249130249,-0.9479248523712158,2.0670816898345947
1403895318370918400,neutral,1.6751917600631714,0.026794500648975372,1.141197919845581
1403895321550274561,neutral,1.8955223560333252,-0.6867144107818604,1.5205382108688354
1403895322347249665,neutral,1.8283058404922485,-0.6700338125228882,1.4685320854187012
1403895322615549954,neutral,3.530146598815918,1.6300077438354492,-1.065041184425354
1403895322720542720,neutral,1.5800118446350098,0.799180269241333,0.15151004493236542
1403895327095246849,negative,2.1112687587738037,-1.083885908126831,2.2172744274139404
1403895327883599873,neutral,1.845262050628662,0.30363574624061584,0.9326400756835938
1403895329435619328,neutral,1.345887303352356,0.43346208333969116,0.6007956862449646
1403895332027707394,negative,1.414633870124817,-0.21696260571479797,2.027642250061035
1403895334024237059,negative,1.453301191329956,-0.500491201877594,2.2532172203063965
1403895334292668416,neutral,2.044100284576416,-0.217576801776886,1.1260994672775269
1403895335999655942,negative,0.9666955471038818,-1.0652958154678345,2.5806362628936768
1403895336645451776,negative,1.3186944723129272,-1.220821499824524,3.12888240814209
1403895337874382850,positive,1.685198426246643,3.039599895477295,-0.5585664510726929
1403895339652878338,negative,1.3916523456573486,0.024219028651714325,1.764966368675232
1403895339736653825,neutral,1.2483940124511719,0.6722655296325684,-0.15144550800323486
1403895340240080899,negative,0.17823432385921478,-0.373198002576828,2.6194329261779785
1403895340290363398,negative,1.1738077402114868,0.5183054804801941,1.2793595790863037
1403895341028626433,negative,1.1034083366394043,-0.4838501513004303,2.429887056350708
1403895341037113346,neutral,2.496006488800049,1.005565881729126,0.14514876902103424
1403895342781714443,neutral,1.5202220678329468,0.002145208418369293,1.27605140209198
1403895342970675201,negative,0.8927015066146851,0.346398264169693,1.2142159938812256
1403895347102076932,negative,0.3905208706855774,-0.03095134347677231,0.8349066376686096
1403895347416485890,positive,1.685198426246643,3.039599895477295,-0.5585664510726929
1403895347596828672,neutral,2.971839427947998,1.5614320039749146,-0.7849894165992737
1403895348485971979,negative,1.0353491306304932,-1.2652440071105957,3.852947473526001
1403895348486045702,negative,1.3502134084701538,-0.5542547702789307,1.9869648218154907
1403895348771405827,negative,1.3916523456573486,0.024219028651714325,1.764966368675232
1403895349866074113,positive,0.9267658591270447,1.1555376052856445,0.37846139073371887
1403895349937381381,positive,1.4892219305038452,2.6688058376312256,-0.49592769145965576
1403895350193102848,negative,1.0046627521514893,-0.33172550797462463,1.8742982149124146
1403895350209875973,negative,0.9065197706222534,0.4278707802295685,1.3093606233596802
1403895350545502208,negative,0.7531216740608215,-1.223866581916809,3.376434326171875
1403895350960680962,neutral,1.1766598224639893,0.8144711256027222,0.7703314423561096
1403895350998441985,negative,1.221327781677246,-1.2218204736709595,3.12563419342041
1403895351279439872,neutral,1.275149941444397,0.949865460395813,0.5220145583152771
1403895352260972545,neutral,2.0583767890930176,-0.12172610312700272,1.3947831392288208
1403895354756501504,negative,1.3916523456573486,0.024219028651714325,1.764966368675232
1403895354970550272,negative,0.44789570569992065,-0.2984711229801178,2.813276529312134
1403895355289358336,neutral,1.8955223560333252,-0.6867144107818604,1.5205382108688354
1403895356279115778,negative,1.3916523456573486,0.024219028651714325,1.764966368675232
1403895356618940416,neutral,1.8891879320144653,0.5245234370231628,0.5609524250030518
1403895356950302722,neutral,3.002063274383545,0.7080258131027222,0.25181132555007935
1403895357373923333,neutral,2.8148128986358643,0.995344877243042,-0.3825383484363556
1403895357940113415,positive,1.2981425523757935,3.5220892429351807,0.007252080366015434
1403895358040772608,neutral,2.6754705905914307,1.1542541980743408,-0.2315426915884018
1403895358397194241,neutral,1.5943593978881836,-0.11202607303857803,1.3583968877792358
1403895358636314624,positive,1.8236933946609497,2.031595468521118,-0.3543674945831299
1403895359206838276,negative,0.9556258916854858,-0.013231009244918823,1.6918431520462036
1403895361031245830,neutral,1.7548258304595947,-0.23096835613250732,0.9973955154418945
1403895362054615040,negative,1.5655927658081055,-1.1579489707946777,2.7007558345794678
1403895364143382531,neutral,1.7650130987167358,-0.7029991149902344,1.4997854232788086
1403895364189495297,neutral,1.0923410654067993,0.22987794876098633,0.8478029370307922
1403895364554571776,neutral,1.5013355016708374,0.21983328461647034,1.1581069231033325
1403895365280026626,neutral,2.6754705905914307,1.1542541980743408,-0.2315426915884018
1403895366131482629,negative,1.3506431579589844,-0.6041396260261536,1.8500726222991943
1403895366320336897,negative,0.7404635548591614,-0.5364580154418945,2.811755418777466
1403895367968575489,neutral,1.6751917600631714,0.026794500648975372,1.141197919845581
1403895368111341568,negative,1.1811084747314453,0.07272728532552719,1.6746411323547363
1403895369981779968,negative,1.0281025171279907,-0.6968607306480408,2.0936012268066406
1403895370292240384,negative,1.586942195892334,-0.8417929410934448,1.6239557266235352
1403895372519378946,neutral,1.6588866710662842,1.4678552150726318,0.08123870939016342
1403895372947226625,neutral,1.5522316694259644,0.4348010718822479,0.22205637395381927
1403895373567979522,neutral,1.4782013893127441,-0.31235429644584656,0.9836695194244385
1403895374528405505,negative,1.0353491306304932,-1.2652440071105957,3.852947473526001
1403895375413477377,negative,0.362562358379364,0.35798779129981995,2.1496212482452393
1403895375551889409,neutral,1.1605911254882812,-0.010376989841461182,1.0899288654327393
1403895375757512706,positive,0.8179432153701782,1.0648115873336792,0.2658683955669403
1403895376306839556,neutral,1.8891879320144653,0.5245234370231628,0.5609524250030518
1403895376386666502,neutral,2.6754705905914307,1.1542541980743408,-0.2315426915884018
1403895377011482628,neutral,1.9260755777359009,-0.39457377791404724,1.0606412887573242
1403895377456156672,negative,1.4880273342132568,-0.899895429611206,2.066152572631836
1403895377611223054,neutral,1.2033575773239136,0.6423888802528381,1.1148762702941895
1403895377854664704,neutral,1.594359278678894,-0.112026147544384,1.3583967685699463
1403895378970296328,neutral,2.0474464893341064,0.62738037109375,-0.18240903317928314
1403895379117195266,neutral,1.8955223560333252,-0.6867144107818604,1.5205382108688354
1403895379419140096,positive,0.20593181252479553,2.142087936401367,-0.03562145680189133
1403895379431727106,negative,0.6526180505752563,-0.6044961214065552,2.6478114128112793
1403895380371066880,neutral,1.6324712038040161,-0.3047653138637543,1.5853685140609741
1403895380631191552,negative,1.3916523456573486,0.024219058454036713,1.7649662494659424
1403895384208908292,neutral,1.8445196151733398,0.23661664128303528,0.8432996273040771
1403895386998071297,neutral,3.530146598815918,1.6300077438354492,-1.065041184425354
1403895386998194180,neutral,2.8148128986358643,0.995344877243042,-0.3825383484363556
1403895387359002625,positive,1.8831737041473389,6.479938507080078,-1.7602543830871582
1403895389623832578,neutral,2.3789539337158203,-0.07800617069005966,0.9645931720733643
1403895390349324293,negative,1.2623422145843506,-1.2370593547821045,2.973182439804077
1403895390643134465,neutral,3.3405723571777344,1.6176940202713013,-0.8151186108589172
1403895390970077185,negative,1.2145130634307861,-0.8037517666816711,2.3396356105804443
1403895391557406724,neutral,3.2027783393859863,1.5028789043426514,-1.023322582244873
1403895393973411842,negative,1.0599939823150635,-0.9958791136741638,2.816685438156128
1403895395969769475,negative,1.3848379850387573,-0.9178926348686218,2.44100022315979
1403895398545113088,negative,1.2768019437789917,-0.01804891973733902,1.5215450525283813
1403895398616375298,negative,1.2444450855255127,0.06386813521385193,1.2740057706832886
1403895398645653504,neutral,1.0301941633224487,-0.007536023855209351,1.00888991355896
1403895400919027717,positive,0.24194465577602386,0.9218271970748901,0.6420594453811646
1403895401044877314,neutral,2.5069198608398438,0.7733349204063416,-0.10300464183092117
1403895401116094464,negative,0.9499550461769104,-0.5166940093040466,1.282924771308899
1403895401594372101,neutral,1.6621609926223755,0.6151669025421143,0.7461951971054077
1403895401770594308,neutral,1.907878041267395,0.5951961874961853,0.5056585073471069
1403895403133558789,neutral,1.594359278678894,-0.112026147544384,1.3583967685699463
1403895404182347780,neutral,3.01023530960083,0.20392903685569763,0.18564358353614807
1403895405247713285,neutral,1.8167301416397095,-0.7457255125045776,1.4744459390640259
1403895406690541570,neutral,1.3284813165664673,1.3278422355651855,0.45587509870529175
1403895407751548928,negative,1.1006965637207031,0.2616220712661743,1.319298505783081
1403895407831404544,neutral,1.594359278678894,-0.112026147544384,1.3583967685699463
1403895408586375172,positive,2.360485792160034,4.040818214416504,-0.8949035406112671
1403895408787607553,negative,1.3408881425857544,-1.4220459461212158,3.5153889656066895
1403895411950198788,neutral,1.8797194957733154,0.07353801280260086,0.7502173781394958
1403895413414023173,neutral,3.404802083969116,0.754044771194458,-0.39189982414245605
1403895414080876553,neutral,2.4644052982330322,1.0365623235702515,-0.11481112986803055
1403895416492593156,neutral,2.6426479816436768,0.7630333304405212,0.07650171965360641
1403895417532678148,neutral,1.6751917600631714,0.026794500648975372,1.141197919845581
1403895418438787075,negative,1.3348252773284912,-0.6588890552520752,1.9788575172424316
1403895420670124036,neutral,1.6550211906433105,0.1593489795923233,0.9476357102394104
1403895421047611394,negative,1.0701375007629395,-0.9654385447502136,3.127007246017456
1403895425204211715,negative,0.8998958468437195,0.05047402158379555,1.9531264305114746
1403895425891921925,neutral,2.157207727432251,1.27113676071167,-0.10720064491033554
1403895426370007045,negative,1.0883618593215942,-0.5602694749832153,1.920455813407898
1403895426395299845,negative,1.0011547803878784,-0.190347820520401,1.496306300163269
1403895429348020230,neutral,2.306673765182495,-0.3815867304801941,0.8096887469291687
1403895429578768391,neutral,1.5135492086410522,0.5190877914428711,0.563491940498352
1403895430396760074,neutral,2.6881070137023926,0.9846224784851074,0.009202923625707626
1403895430631542787,neutral,1.8955223560333252,-0.6867144107818604,1.5205382108688354
1403895431118180352,negative,1.3323874473571777,-0.2926173508167267,1.5215338468551636
1403895431294197760,negative,0.9437966346740723,0.6566218137741089,1.00522780418396
1403895431512395778,neutral,1.587599754333496,-0.22956621646881104,0.9851351976394653
1403895431877300230,negative,0.38269099593162537,-0.5891933441162109,1.8702915906906128
1403895434964180993,neutral,1.4740175008773804,0.7444369792938232,0.5984879732131958
1403895435174068224,neutral,2.6450490951538086,-0.40479326248168945,1.0429224967956543
1403895435433943042,neutral,2.549631357192993,0.516819417476654,0.10533685982227325
1403895436411215874,negative,1.3905856609344482,-0.47345462441444397,2.0434887409210205
1403895436595793922,negative,1.4554892778396606,-0.7389319539070129,1.7577699422836304
1403895438160261120,neutral,1.6928505897521973,0.8888585567474365,0.9525622129440308
1403895441415045121,positive,1.5975873470306396,2.5343217849731445,-0.09350502490997314
1403895444690833422,neutral,1.2379165887832642,-0.0013265758752822876,1.1420385837554932
1403895446972473344,neutral,1.0717263221740723,0.22850623726844788,0.7560484409332275
1403895447765270531,negative,1.3323874473571777,-0.29261741042137146,1.5215338468551636
1403895448104955908,neutral,1.773097276687622,-0.6476805806159973,1.4520090818405151
1403895450072145922,negative,1.395257830619812,-1.0638214349746704,2.3017616271972656
1403895450185330690,negative,1.478581428527832,-1.2356948852539062,3.0750322341918945
1403895452949385220,neutral,3.530146598815918,1.6300077438354492,-1.065041184425354
1403895454849388545,neutral,1.3214476108551025,0.7509391903877258,0.997684895992279
1403895455285604356,negative,1.2666748762130737,-0.291066437959671,1.7661337852478027
1403895457219289094,negative,1.3916523456573486,0.024219028651714325,1.764966368675232
1403895457747816450,neutral,1.594359278678894,-0.112026147544384,1.3583967685699463
1403895458720894976,neutral,1.0529673099517822,0.4456523358821869,0.8136876225471497
1403895459681234946,negative,1.5942474603652954,-1.1086567640304565,2.4283719062805176
1403895459786199041,neutral,1.8445197343826294,0.2366166114807129,0.8432997465133667
1403895461719592968,negative,0.6246071457862854,-0.8417453765869141,2.8708739280700684
1403895462290022405,neutral,1.594359278678894,-0.112026147544384,1.3583970069885254
1403895466803204096,negative,1.0250892639160156,-0.9134660363197327,2.3361549377441406
1403895467465854980,neutral,1.6751917600631714,0.026794500648975372,1.141197919845581
1403895467793174528,neutral,1.1766598224639893,0.8144711256027222,0.7703314423561096
1403895468225138688,neutral,1.6245570182800293,0.7217553853988647,0.4965929090976715
1403895469495963655,neutral,1.8955224752426147,-0.6867144703865051,1.5205382108688354
1403895469504405505,neutral,1.8955225944519043,-0.6867144703865051,1.520538330078125
1403895469579902978,neutral,2.322033643722534,0.8155693411827087,0.12140557914972305
1403895469600694274,negative,1.070541262626648,-1.0454546213150024,2.798239231109619
1403895471186268164,neutral,1.594359278678894,-0.112026147544384,1.3583967685699463
1403895471907635202,negative,1.2598403692245483,-1.4150711297988892,3.609119415283203
1403895472390017024,negative,1.461950421333313,-1.0033764839172363,2.5368540287017822
1403895475082874882,negative,1.4205409288406372,-0.7784992456436157,2.186805009841919
1403895477024673797,neutral,1.8153499364852905,0.4071512520313263,0.5924236178398132
1403895477645414402,negative,1.3558671474456787,-0.8704975247383118,2.2977633476257324
1403895480333979651,negative,1.0012052059173584,-0.7474527359008789,2.1851418018341064
1403895480745070592,neutral,1.0342649221420288,0.335556298494339,0.8657035231590271
1403895481994932225,neutral,1.5135492086410522,0.5190877914428711,0.563491940498352
1403895484104781831,neutral,1.8971370458602905,-0.15716704726219177,1.0333062410354614
1403895484549414915,neutral,1.610094428062439,-0.09888439625501633,1.3328945636749268
1403895486910582784,negative,1.750030517578125,-0.7863591313362122,2.2095272541046143
1403895487166509058,positive,1.4489885568618774,1.620435357093811,0.09375887364149094
1403895487539728387,neutral,1.0301941633224487,-0.007535994052886963,1.00888991355896
1403895488831762436,negative,1.0384726524353027,-1.3203519582748413,3.4957540035247803
1403895488923979783,neutral,2.0248937606811523,1.5656412839889526,-0.363797664642334
1403895489854992387,neutral,1.6859400272369385,-0.38286688923835754,1.5091240406036377
1403895490333364231,neutral,2.2481868267059326,0.07490746676921844,0.38143524527549744
1403895493852155906,negative,1.0012052059173584,-0.7474527359008789,2.1851418018341064
1403895494598823940,neutral,1.6456390619277954,0.20833003520965576,1.558029294013977
1403895495773335553,negative,1.3916523456573486,0.0242190882563591,1.7649662494659424
1403895495999774723,neutral,2.063570022583008,-0.06340307742357254,1.141734004020691
1403895496083599367,negative,1.1144609451293945,-0.13786137104034424,1.7816580533981323
1403895496628871168,neutral,2.686922788619995,0.0127381831407547,0.6487725377082825
1403895499808182274,positive,0.9165303111076355,1.955798864364624,0.09391974657773972
1403895500278018049,neutral,3.112931728363037,-0.033933624625205994,0.3963615596294403
1403895500324044801,negative,0.42002975940704346,-0.859605073928833,2.479498863220215
1403895500458188803,negative,0.6246071457862854,-0.8417453765869141,2.8708739280700684
1403895501095768068,neutral,1.8955223560333252,-0.6867144107818604,1.5205382108688354
1403895501184028673,positive,1.8174619674682617,1.942537546157837,-0.16043449938297272
1403895502303678467,neutral,2.137397050857544,0.30289459228515625,0.47425299882888794
1403895502404530176,neutral,2.5895426273345947,-0.09561692923307419,0.8276504874229431
1403895504514142211,negative,1.0424362421035767,-0.5793793797492981,1.5944761037826538
1403895506011660298,negative,0.6988012790679932,-0.3100565969944,1.8511962890625
1403895507752259590,neutral,2.6754703521728516,1.1542540788650513,-0.23154263198375702
1403895507928317953,neutral,1.5483773946762085,0.9115156531333923,0.7551518082618713
1403895508322729988,negative,1.062785029411316,-0.0042941272258758545,1.7522211074829102
1403895510344245253,neutral,1.3597224950790405,0.2920338809490204,1.1971970796585083
1403895510428094466,neutral,3.4634339809417725,1.4882314205169678,-0.9101634621620178
1403895510742618113,negative,1.0883618593215942,-0.5602694749832153,1.920455813407898
1403895510784790530,negative,1.548529863357544,-0.28543075919151306,1.8010878562927246
1403895511594192899,negative,1.3237450122833252,-1.3075742721557617,3.1214451789855957
1403895512466604033,negative,0.367553174495697,-0.04139525443315506,1.8809581995010376
1403895516665110533,neutral,2.543001890182495,1.0240801572799683,-0.16154246032238007
1403895516908253187,neutral,1.7659844160079956,-0.44653013348579407,1.4973394870758057
1403895517810208770,neutral,1.345887303352356,0.43346208333969116,0.6007956862449646
1403895518380670986,negative,1.4676975011825562,-0.9921742677688599,2.338759183883667
1403895518435106822,negative,0.30309006571769714,-0.38788625597953796,1.440643548965454
1403895520339365892,neutral,1.4940577745437622,1.4766172170639038,0.1846417486667633
1403895521371062280,neutral,2.543001890182495,1.0240801572799683,-0.16154246032238007
1403895522520276994,negative,0.9926927089691162,-1.0282106399536133,2.9139492511749268
1403895522939834369,neutral,1.4850575923919678,-0.8164756298065186,1.3195738792419434
1403895524047138817,negative,1.3916523456573486,0.024219028651714325,1.764966368675232
1403895524395077635,negative,1.4575610160827637,-0.473339706659317,1.4846960306167603
1403895528031539204,negative,0.7101196050643921,-0.40368565917015076,1.929611325263977
1403895528975384577,neutral,1.9842616319656372,-0.6380168795585632,1.5088841915130615
1403895529281658880,negative,0.5034335851669312,1.08074152469635,1.2310134172439575
1403895530200182786,negative,1.3916523456573486,0.024219028651714325,1.764966368675232
1403895530380537862,negative,0.8773142099380493,-0.6848616600036621,2.1075005531311035
1403895530623844355,positive,1.3679379224777222,3.2397851943969727,0.19176292419433594
1403895530862829569,negative,1.1116212606430054,-0.04447600990533829,1.2586575746536255
1403895531483459584,neutral,1.7341669797897339,-0.3394981920719147,1.1273720264434814
1403895531504422918,negative,1.3916523456573486,0.024219028651714325,1.764966368675232
1403895531651354630,neutral,2.1762571334838867,-0.5306504368782043,1.4210261106491089
1403895531865182210,negative,1.3916523456573486,0.024219028651714325,1.764966368675232
1403895534902034434,positive,1.1581546068191528,2.305149793624878,-0.2410612553358078
1403895535958990851,negative,1.4211821556091309,-0.9032194018363953,2.257875919342041
1403895536302837762,negative,1.4442228078842163,-0.7697233557701111,2.1698832511901855
1403895536613089286,negative,1.1989591121673584,-1.1750202178955078,3.0270347595214844
1403895536646770690,neutral,1.8445196151733398,0.23661664128303528,0.8432996273040771
1403895537196175362,negative,0.8340005278587341,-0.9463772177696228,3.4986519813537598
1403895537305210881,neutral,1.6033581495285034,0.7121202349662781,-0.19700369238853455
1403895538181943297,negative,0.8729630708694458,-0.8191149234771729,2.5636332035064697
1403895538446082048,neutral,1.8009289503097534,0.3381218910217285,0.681305468082428
1403895539792445440,positive,0.9971240758895874,1.0999077558517456,-0.06626412272453308
1403895541478604811,negative,0.6764134764671326,0.43281126022338867,1.3819681406021118
1403895541721935875,neutral,2.2718169689178467,0.7228265404701233,0.37382006645202637
1403895542770540544,neutral,1.8797194957733154,0.07353801280260086,0.7502173781394958
1403895542883635201,negative,1.1069566011428833,-0.4871637523174286,2.063549041748047
1403895545274454020,neutral,1.6550211906433105,0.1593489795923233,0.9476357102394104
1403895545853325316,negative,1.5709714889526367,-0.9562873244285583,2.224738359451294
1403895546272755716,neutral,1.8955223560333252,-0.6867144107818604,1.5205382108688354
1403895547723984898,neutral,1.8955223560333252,-0.6867144107818604,1.5205382108688354
1403895549720465410,neutral,0.9511886239051819,0.23745128512382507,0.31297767162323
1403895550022283267,positive,1.227943778038025,2.859407424926758,-0.31969544291496277
1403895550651600899,neutral,2.306673765182495,-0.3815867304801941,0.8096887469291687
1403895550706073600,negative,1.1671572923660278,-0.8930104374885559,2.0834338665008545
1403895554220847105,negative,0.6474342942237854,0.35227271914482117,0.8746551871299744
1403895554824839168,neutral,1.6751917600631714,0.026794500648975372,1.141197919845581
1403895555139452932,neutral,1.4738833904266357,0.14808133244514465,0.8409133553504944
1403895555357433865,neutral,1.2787154912948608,1.0121071338653564,0.06138993799686432
1403895555756105736,negative,1.0932449102401733,-0.6439022421836853,1.9527884721755981
1403895556259336192,neutral,1.6245570182800293,0.7217553853988647,0.4965929090976715
1403895557270036483,negative,1.4417674541473389,-0.9264218211174011,2.277371406555176
1403895557760995331,neutral,1.953545331954956,0.1341119259595871,0.20136567950248718
1403895558276800514,neutral,1.4589653015136719,-0.066922627389431,0.632573127746582
1403895558293495809,negative,1.272011637687683,-1.3896079063415527,3.609194755554199
1403895558339694592,neutral,1.3993022441864014,0.15661881864070892,0.8655532002449036
1403895558700294144,negative,0.7740981578826904,0.01276678591966629,1.9447710514068604
1403895558901665792,neutral,2.43924880027771,0.5045526623725891,-0.12200906127691269
1403895560411619331,neutral,2.468266487121582,1.7427260875701904,-0.19373981654644012
1403895561388953605,neutral,1.8955223560333252,-0.6867144107818604,1.5205382108688354
1403895561900593155,neutral,2.5684597492218018,0.5773892402648926,-0.1774776428937912
1403895561930133506,neutral,1.3563207387924194,0.27323585748672485,1.3453989028930664
1403895562785550343,neutral,1.2819793224334717,-0.0035510659217834473,1.2420254945755005
1403895563893018629,neutral,2.8122575283050537,1.0527280569076538,-0.2089443951845169
1403895564580888579,negative,1.1811084747314453,0.07272728532552719,1.6746411323547363
1403895566375948288,negative,1.1811084747314453,0.07272728532552719,1.6746411323547363
1403895568808615941,neutral,3.530146598815918,1.6300077438354492,-1.065041184425354
1403895569677000706,neutral,1.3435357809066772,0.1691620647907257,0.4606737792491913
1403895569882304513,negative,1.6921582221984863,-0.6650446653366089,1.6982004642486572
1403895571698511876,negative,1.3916523456573486,0.024219028651714325,1.764966368675232
1403895572809928706,neutral,1.6751917600631714,0.026794500648975372,1.141197919845581
1403895574479441920,neutral,2.290041923522949,0.6116049885749817,0.23305819928646088
1403895576270344192,neutral,1.1539212465286255,0.47296467423439026,0.9027435779571533
1403895578577162245,negative,1.3210227489471436,0.18947280943393707,1.504976511001587
1403895579155992580,neutral,1.6751917600631714,0.026794500648975372,1.141197919845581
1403895580556881925,neutral,1.8955223560333252,-0.6867144107818604,1.5205382108688354
1403895581248995330,neutral,1.8955223560333252,-0.6867144107818604,1.5205382108688354
1403895581265653763,neutral,1.8892335891723633,0.10045210272073746,1.4869998693466187
1403895581416718341,negative,1.1068055629730225,0.16043739020824432,2.044935464859009
1403895583086022661,negative,1.6634572744369507,-1.023432970046997,2.36853289604187
1403895583094542345,neutral,1.8955223560333252,-0.6867144107818604,1.5205382108688354
1403895584281575425,neutral,1.8955223560333252,-0.6867144107818604,1.5205382108688354
1403895585397219330,neutral,1.8955223560333252,-0.6867144107818604,1.5205382108688354
1403895585699250177,negative,0.5291810035705566,-0.815041720867157,2.9396588802337646
1403895586600886277,negative,1.315982699394226,-0.5533657670021057,1.5823789834976196
1403895588500819969,neutral,2.3220338821411133,0.8155693411827087,0.12140556424856186
1403895590463827973,negative,1.086726427078247,-0.3394848704338074,2.0128977298736572
1403895590887456770,negative,1.3159791231155396,0.1624424010515213,1.5734014511108398
1403895591508320258,neutral,2.2248263359069824,-0.9808604121208191,1.826280951499939
1403895592745504768,negative,1.5685374736785889,-1.029735803604126,2.1648991107940674
1403895594033295360,neutral,1.6645623445510864,0.57457435131073,0.3472725450992584
1403895594175787010,neutral,1.7748863697052002,1.0896867513656616,-0.027767034247517586
1403895596629565446,negative,1.0883618593215942,-0.5602694749832153,1.920455813407898
1403895598026133509,neutral,1.7747641801834106,0.4682757258415222,0.6924096345901489
1403895598479069186,negative,1.4070523977279663,-0.9250665307044983,1.9019063711166382
1403895598592503811,neutral,1.3725534677505493,0.5002575516700745,1.0126279592514038
1403895599456346113,negative,0.3897988200187683,-1.0763863325119019,4.086068153381348
1403895601096323075,neutral,1.8955223560333252,-0.6867144107818604,1.5205382108688354
1403895603181068291,negative,0.7295308113098145,-0.3329053223133087,2.088543653488159
1403895604477001737,negative,1.6634572744369507,-1.023432970046997,2.36853289604187
1403895604913180673,neutral,1.8891879320144653,0.5245234370231628,0.560952365398407
1403895606796427268,neutral,1.8198760747909546,0.8568340539932251,0.43086549639701843
1403895609401163777,negative,1.1069566011428833,-0.4871637523174286,2.063549041748047
1403895611796037633,positive,1.685198426246643,3.039599895477295,-0.5585663318634033
1403895612601405447,neutral,1.699179768562317,0.7342131733894348,0.6627486348152161
1403895612647616512,negative,0.4876953363418579,-0.4811643064022064,2.8797340393066406
1403895613192773633,negative,1.2213255167007446,-0.5345317721366882,2.277070999145508
1403895613922496516,neutral,1.4165922403335571,-0.41376081109046936,0.8107150197029114
1403895614715301888,negative,1.1738077402114868,0.5183054804801941,1.2793595790863037
1403895614824345611,neutral,2.071244239807129,1.4225047826766968,-0.21062657237052917
1403895615575134211,neutral,2.6754703521728516,1.1542541980743408,-0.23154272139072418
1403895618272043011,neutral,1.8955223560333252,-0.6867144107818604,1.5205382108688354
1403895618662137860,negative,1.221327781677246,-1.2218204736709595,3.12563419342041
1403895618708201473,negative,0.6562144756317139,-0.07526703923940659,1.5576776266098022
1403895618955890690,neutral,1.8955223560333252,-0.6867144107818604,1.5205382108688354
1403895619144482820,neutral,1.291235089302063,-0.17216482758522034,1.215783953666687
1403895619408760832,neutral,1.8957024812698364,0.49880146980285645,0.2651660442352295
1403895619748519938,neutral,1.8955223560333252,-0.6867144107818604,1.5205382108688354
1403895620545490947,neutral,2.6190991401672363,0.5184776186943054,0.31615501642227173
1403895620746846210,negative,1.0012052059173584,-0.7474527359008789,2.1851418018341064
1403895620847374340,neutral,2.686922788619995,0.0127381831407547,0.6487725377082825
1403895620910432259,negative,0.8757157325744629,-0.9160612225532532,3.110626697540283
1403895625918337025,negative,1.573771595954895,-0.5357782244682312,1.869210124015808
1403895627046559747,negative,1.2531009912490845,-0.3628621995449066,1.7098907232284546
1403895630074986500,negative,1.2827835083007812,-0.6761819124221802,1.3995180130004883
1403895630481743872,negative,1.3348252773284912,-0.6588890552520752,1.9788575172424316
1403895630913671171,negative,1.0883618593215942,-0.5602694749832153,1.920455813407898
1403895631307939840,neutral,1.9239603281021118,0.8521580100059509,0.08820918202400208
1403895632486494210,negative,0.18468160927295685,-0.3582272529602051,1.9671369791030884
1403895635049422850,positive,1.1713851690292358,1.2574368715286255,-0.2936607599258423
1403895635053584389,negative,1.2423046827316284,-0.809794545173645,1.9963856935501099
1403895635447844865,positive,0.24194465577602386,0.9218271970748901,0.6420594453811646
1403895635825278984,negative,1.155382752418518,-0.4849848449230194,2.005326986312866
1403895637326897153,negative,0.8267651200294495,-1.0805834531784058,3.3605003356933594
1403895638501343237,negative,1.0883618593215942,-0.5602694749832153,1.920455813407898
1403895639147040773,neutral,2.322033643722534,0.8155693411827087,0.12140557914972305
1403895641504239618,negative,0.7287298440933228,0.11862266063690186,1.9818061590194702
1403895641621684224,neutral,1.5135492086410522,0.5190877914428711,0.563491940498352
1403895643941359618,neutral,1.594359278678894,-0.112026147544384,1.3583967685699463
1403895644247531520,neutral,1.844283103942871,-0.40048152208328247,1.7282872200012207
1403895644939563011,negative,1.2633533477783203,-0.6746548414230347,2.049121141433716
1403895645941821443,negative,0.44784626364707947,-0.1499650478363037,2.612368106842041
1403895646516563969,neutral,0.995532751083374,0.26843664050102234,0.9761019945144653
1403895646705225733,neutral,1.6751916408538818,0.02679453417658806,1.141197919845581
1403895647170822145,positive,1.862243890762329,2.5311238765716553,-0.3150731921195984
1403895648009678851,neutral,1.895815372467041,-0.6234951615333557,0.6721633076667786
1403895648550752259,positive,1.685198426246643,3.039599895477295,-0.5585664510726929
1403895650379440128,neutral,2.4799609184265137,0.5016931295394897,0.13923589885234833
1403895650689880067,negative,0.7831423282623291,0.001898340880870819,1.6733468770980835
1403895650794749955,negative,1.4286103248596191,-0.9739814400672913,2.449653148651123
1403895650807279620,neutral,2.0898709297180176,1.0279566049575806,0.1708647757768631
1403895651402805251,negative,0.5185803174972534,-0.5486605167388916,2.6399500370025635
1403895653021986816,negative,0.46691444516181946,0.39456650614738464,1.7692134380340576
1403895654271885312,neutral,1.7137805223464966,-0.5042531490325928,1.5112699270248413
1403895654611505153,neutral,1.5161628723144531,-0.09687132388353348,1.4265985488891602
1403895655139987459,neutral,2.363513469696045,0.3148781657218933,0.3369843363761902
1403895656339578882,neutral,1.2819793224334717,-0.0035510659217834473,1.2420254945755005
1403895657283297281,positive,1.488070011138916,1.571300745010376,0.019887614995241165
1403895657488961538,negative,0.8738477230072021,-0.9785652756690979,3.2752158641815186
1403895657547456518,neutral,1.8891879320144653,0.5245233774185181,0.5609524846076965
1403895657769828359,negative,0.6474342942237854,0.35227271914482117,0.8746551871299744
1403895659019706368,neutral,1.0301941633224487,-0.007535994052886963,1.00888991355896
1403895659535630343,neutral,1.8971370458602905,-0.15716704726219177,1.0333062410354614
1403895659724431364,neutral,1.8955223560333252,-0.6867144107818604,1.5205382108688354
1403895659799842823,negative,1.4828996658325195,-0.6057232618331909,1.7118796110153198
1403895660076732416,negative,1.1811084747314453,0.07272728532552719,1.6746411323547363
1403895661498564614,negative,1.2545881271362305,-1.059273362159729,2.416635751724243
1403895662949842944,neutral,1.4883915185928345,0.09482944011688232,1.2684000730514526
1403895663897845762,neutral,1.5822715759277344,-0.19704055786132812,0.4946274757385254
1403895663918714883,neutral,1.8971370458602905,-0.15716704726219177,1.0333062410354614
1403895664359079940,neutral,1.2825287580490112,0.9985551834106445,0.7702626585960388
1403895666783424519,neutral,1.7621853351593018,0.10405194014310837,0.591935932636261
1403895667978772493,neutral,1.461150884628296,0.12933002412319183,1.2916605472564697
1403895670025572356,neutral,0.9866281747817993,0.4904114305973053,0.9365153312683105
1403895670256271368,negative,1.3231056928634644,-1.223022699356079,2.717540979385376
1403895671866806274,neutral,1.915113091468811,0.6205975413322449,0.39131954312324524
1403895672378728448,negative,1.2249159812927246,-0.9688089489936829,2.2292375564575195
1403895674899517440,negative,0.8753281235694885,-0.828758180141449,2.0314180850982666
1403895675046277122,neutral,2.543001890182495,1.0240801572799683,-0.16154246032238007
1403895675230646273,negative,0.8274581432342529,0.5497810244560242,0.8702206611633301
1403895675553603589,neutral,1.9260755777359009,-0.39457377791404724,1.0606412887573242
1403895675901952000,negative,1.0348705053329468,-1.1303459405899048,3.0148589611053467
1403895676501729280,negative,0.6712254881858826,0.12868234515190125,1.7879599332809448
1403895676933709826,neutral,1.6301429271697998,0.558660089969635,0.2939092218875885
1403895676979736578,positive,1.685198426246643,3.039599895477295,-0.5585664510726929
1403895677323812867,neutral,2.265528440475464,-0.2996404767036438,0.5186123251914978
1403895677487255552,positive,2.0036585330963135,2.12408447265625,-0.6398949027061462
1403895677663342595,negative,1.7005488872528076,-1.0113301277160645,2.3092949390411377
1403895677868969988,neutral,0.9601046442985535,-0.021041259169578552,0.7632462382316589
1403895678703648769,neutral,1.3399609327316284,-0.5427711606025696,1.1139775514602661
1403895678775042053,negative,1.0917974710464478,-0.544766902923584,1.8926752805709839
1403895679232077826,negative,1.4070522785186768,-0.9250664114952087,1.9019063711166382
1403895680150683652,neutral,1.8955223560333252,-0.6867144107818604,1.5205382108688354
1403895680637210633,negative,1.3323874473571777,-0.29261741042137146,1.5215338468551636
1403895680683413505,neutral,1.9842615127563477,-0.638016939163208,1.508884310722351
1403895681694240772,negative,0.8811395168304443,0.20097476243972778,1.8693674802780151
1403895683581562887,neutral,1.9363735914230347,-0.17242220044136047,1.1563256978988647
1403895683950596096,negative,1.4554892778396606,-0.7389319539070129,1.7577699422836304
1403895684001058820,neutral,1.1880303621292114,0.08963564038276672,1.102402925491333
1403895684361687043,neutral,1.6130379438400269,0.17195001244544983,0.6405158042907715
1403895684491665412,neutral,1.296134352684021,0.7447047233581543,0.7944364547729492
1403895686710673411,neutral,1.6751917600631714,0.026794500648975372,1.141197919845581
1403895687465611269,neutral,1.8955223560333252,-0.6867144107818604,1.5205382108688354
1403895688522387456,negative,1.3916523456573486,0.024219028651714325,1.764966368675232
1403895689696796675,negative,1.5719562768936157,-0.8587606549263,2.3851449489593506
1403895690590396419,negative,1.6788052320480347,-0.9688287973403931,1.8503960371017456
1403895691139686402,negative,1.172008991241455,-0.38311222195625305,2.0790281295776367
1403895693836570625,positive,1.275987148284912,2.1608386039733887,-0.20067715644836426
1403895695808077827,neutral,1.8955223560333252,-0.6867144107818604,1.5205382108688354
1403895697133473792,negative,0.4279271960258484,-0.4469146132469177,1.4430493116378784
1403895698072903680,neutral,2.071244239807129,1.4225047826766968,-0.21062657237052917
1403895698492477443,negative,0.8224155902862549,-0.636053740978241,2.1034908294677734
1403895698500714498,neutral,2.379835844039917,-0.13897064328193665,0.6985642313957214
1403895699662508035,neutral,2.845794916152954,1.4193956851959229,-0.9879881143569946
1403895702137233408,neutral,1.74017333984375,-0.4860844910144806,1.6379985809326172
1403895702674022405,negative,0.943246066570282,-0.7616050243377686,2.3112635612487793
1403895702778826756,neutral,1.8502660989761353,1.2167574167251587,0.02399723418056965
1403895703802310663,negative,1.9760444164276123,-1.1435997486114502,2.0983781814575195
1403895707208011780,negative,1.6166799068450928,-1.2561655044555664,2.888909339904785
1403895708487348227,neutral,1.0301941633224487,-0.007535994052886963,1.00888991355896
1403895711444389891,neutral,1.8955223560333252,-0.6867144107818604,1.5205382108688354
1403895712002166789,negative,1.8992191553115845,-0.986571729183197,2.9494855403900146
1403895712023154692,negative,1.0526748895645142,-0.48540595173835754,1.9483729600906372
1403895712610357252,negative,1.740203857421875,-0.7286272644996643,1.7460763454437256
1403895712623083520,neutral,2.6754705905914307,1.1542541980743408,-0.2315426915884018
1403895713596051457,negative,1.1804078817367554,-0.8252845406532288,1.88435959815979
1403895714392907782,neutral,2.535515069961548,1.161980152130127,-0.3157550096511841
1403895715005276161,neutral,1.8445196151733398,0.23661664128303528,0.8432996273040771
1403895716003581953,negative,1.1069566011428833,-0.4871637523174286,2.063549041748047
1403895716163035137,negative,1.1704349517822266,-0.9609200358390808,3.245394229888916
1403895718176169985,negative,1.200390338897705,-0.6193011403083801,2.201723337173462
1403895718297759748,neutral,1.5707794427871704,-0.1698291003704071,1.2685158252716064
1403895718650159104,neutral,2.549631357192993,0.516819417476654,0.10533685982227325
1403895718872600582,neutral,1.2128887176513672,0.360093891620636,1.1083904504776
1403895719837196289,neutral,2.6754705905914307,1.1542541980743408,-0.2315426915884018
1403895721401610240,negative,1.2560508251190186,-1.2196755409240723,3.157547950744629
1403895723502891009,neutral,2.177520751953125,-0.5912514925003052,1.0038983821868896
1403895724882923520,neutral,1.8955223560333252,-0.6867144107818604,1.5205382108688354
1403895726736740356,neutral,1.6751917600631714,0.026794500648975372,1.141197919845581
1403895727030366210,neutral,1.5135490894317627,0.5190878510475159,0.5634920001029968
1403895727244275712,negative,1.1263539791107178,-1.2397059202194214,2.8924262523651123
1403895729014333441,neutral,2.4385766983032227,1.2913230657577515,-0.43071702122688293
1403895730071171072,positive,1.3584625720977783,1.574130654335022,-0.10650836676359177
1403895730507370496,negative,0.7136099338531494,-1.2205641269683838,3.5312631130218506
1403895731229016065,positive,1.0557032823562622,1.3509713411331177,0.9137687683105469
1403895731979759619,neutral,1.69441819190979,0.4407244324684143,0.6531435251235962
1403895734706003979,neutral,1.6209300756454468,0.16989447176456451,1.0500757694244385
1403895734718455816,negative,1.6724905967712402,-0.8726169466972351,1.7869101762771606
1403895736517857283,negative,1.239423394203186,-0.7147249579429626,2.340116024017334
1403895737566470144,negative,0.1536960005760193,0.2896488606929779,1.666736125946045
1403895739386839043,negative,1.2812330722808838,-0.9710683226585388,2.774930238723755
1403895739659415558,negative,1.6312459707260132,-0.9654753804206848,2.1366536617279053
1403895740187889666,neutral,2.1527950763702393,0.32311567664146423,0.42857104539871216
1403895741219708935,neutral,3.530146598815918,1.6300077438354492,-1.065041184425354
1403895742369087492,neutral,1.6441446542739868,-0.5100817084312439,1.4364488124847412
1403895742457077760,negative,1.6854435205459595,-0.9581130146980286,2.3369438648223877
1403895744084512768,neutral,1.020982265472412,0.4044014513492584,0.9314079880714417
1403895745787219971,positive,1.3478370904922485,1.8178296089172363,-0.03009636513888836
1403895746760364032,negative,1.2667557001113892,-0.2920338809490204,1.761719822883606
1403895747259420673,neutral,1.5522316694259644,0.4348010718822479,0.22205637395381927
1403895747410644995,neutral,1.8955223560333252,-0.6867144107818604,1.5205382108688354
1403895748471701509,neutral,1.741912603378296,-0.6166733503341675,1.5056955814361572
1403895748492595204,neutral,2.549631357192993,0.516819417476654,0.10533685982227325
1403895749889331203,neutral,2.2115252017974854,1.5325831174850464,-0.4545229375362396
1403895751697076228,neutral,2.6754705905914307,1.1542541980743408,-0.2315426915884018
1403895752623935493,negative,1.3576433658599854,0.15044303238391876,1.4909456968307495
1403895753123246083,neutral,2.4799609184265137,0.5016931295394897,0.13923589885234833
1403895755019108353,negative,1.3885812759399414,-0.478716641664505,2.2375574111938477
1403895755476140032,negative,0.9391970038414001,0.22922727465629578,1.7308847904205322
1403895755723743235,negative,0.759020209312439,-0.21582171320915222,2.5183117389678955
1403895756906401795,negative,0.8529412746429443,-0.6308240294456482,3.2704498767852783
1403895757216702466,neutral,1.6384438276290894,1.3267924785614014,0.11581858992576599
1403895757229289472,positive,1.8825312852859497,2.805769205093384,-0.1460752934217453
1403895758076755971,neutral,1.8955223560333252,-0.6867144107818604,1.5205382108688354
1403895758546296837,neutral,2.279768705368042,1.413177251815796,-0.4170684218406677
1403895758869340160,neutral,1.335007905960083,-0.7351934313774109,1.226425051689148
1403895764632231942,negative,1.3588486909866333,-0.9830581545829773,2.462784767150879
1403895765030916099,neutral,1.8955223560333252,-0.6867144107818604,1.5205382108688354
1403895765336956929,neutral,1.9260755777359009,-0.39457377791404724,1.0606412887573242
1403895765358067712,neutral,1.7794973850250244,0.29367679357528687,1.4305670261383057
1403895766163263488,negative,1.6927392482757568,-1.1268693208694458,2.485426664352417
1403895766817640449,negative,0.7379481196403503,0.7191529273986816,1.3146876096725464
1403895768595853313,negative,0.5441420078277588,-0.25935250520706177,1.0507546663284302
1403895768692543489,negative,0.45807746052742004,0.27825120091438293,2.0084681510925293
1403895769703276544,neutral,1.8971370458602905,-0.15716704726219177,1.0333062410354614
1403895770093215744,negative,1.3916523456573486,0.024219051003456116,1.764966368675232
1403895770345058306,positive,1.055780053138733,4.160497665405273,-0.768415629863739
1403895770374307841,negative,1.272011637687683,-1.3896079063415527,3.609194755554199
1403895772299493380,neutral,1.6514793634414673,-0.5787345170974731,1.2145379781723022
1403895772391776258,neutral,1.5320549011230469,0.6909809708595276,-0.3840188682079315
1403895773377417216,positive,0.817943274974823,1.0648114681243896,0.26586848497390747
1403895773935243266,neutral,2.0574071407318115,0.10498323291540146,1.4736493825912476
1403895775294377986,neutral,2.4644052982330322,1.0365623235702515,-0.11481112986803055
1403895775969505286,neutral,2.782238483428955,1.1299933195114136,-0.42433398962020874
1403895777135497217,neutral,2.482415199279785,1.570651650428772,-0.2021087408065796
1403895777655672834,neutral,1.8955223560333252,-0.6867144107818604,1.5205382108688354
1403895777836032000,negative,0.6075708270072937,-0.12173134833574295,0.9344091415405273
1403895777978580993,neutral,1.8955223560333252,-0.6867144107818604,1.5205382108688354
1403895778096070656,negative,0.35393857955932617,-0.665401041507721,2.363415479660034
1403895781405302786,neutral,1.4683626890182495,0.9000077247619629,-0.03566644340753555
1403895782533644290,neutral,1.8955223560333252,-0.6867144107818604,1.5205382108688354
1403895783037018118,neutral,1.8955223560333252,-0.6867144107818604,1.5205382108688354
1403895783246622720,neutral,1.8706095218658447,0.8714138865470886,0.14476831257343292
1403895784437813254,negative,1.2479240894317627,-0.8410866260528564,2.7154502868652344
1403895785389903878,negative,1.3757132291793823,-0.5154052972793579,1.6247543096542358
1403895785746358272,neutral,2.091161012649536,0.04494443163275719,0.5763775706291199
1403895785868075011,neutral,1.594359278678894,-0.112026147544384,1.3583967685699463
1403895786362994695,negative,1.0798877477645874,-0.2034304141998291,1.5180145502090454
1403895786413473792,neutral,2.6754705905914307,1.1542541980743408,-0.2315426915884018
1403895786434351105,neutral,2.470909833908081,-0.6680450439453125,0.7441389560699463
1403895786564308994,neutral,1.5349076986312866,1.0754653215408325,0.21577656269073486
1403895787059253250,neutral,1.7239859104156494,0.7875446677207947,0.6832579374313354
1403895791719120899,neutral,1.2149230241775513,0.7110058665275574,0.36944833397865295
1403895791996002307,neutral,2.265528440475464,-0.2996404767036438,0.5186123251914978
1403895793019494402,neutral,0.9373226165771484,0.5536369681358337,0.710174560546875
1403895794764288010,negative,1.3231056928634644,-1.223022699356079,2.717540979385376
1403895795171008512,negative,0.9930722117424011,-0.7547318935394287,1.8698623180389404
1403895795993219074,negative,1.5826729536056519,-0.8553725481033325,1.8643478155136108
1403895796068663296,neutral,1.8445196151733398,0.23661664128303528,0.8432996273040771
1403895797423521796,positive,1.1080317497253418,2.134795904159546,0.06558889895677567
1403895798635630593,negative,1.4059919118881226,-0.3528345227241516,2.5418739318847656
1403895799726153733,negative,1.02431321144104,-1.292733907699585,3.646833896636963
1403895799734407169,positive,1.685198426246643,3.039599895477295,-0.5585664510726929
1403895799738560512,negative,0.6858751177787781,-0.31544122099876404,2.0939230918884277
1403895799855996932,negative,0.3381335437297821,-0.10822882503271103,3.0729939937591553
1403895800476979200,negative,0.9617751240730286,0.1656222641468048,1.1775442361831665
1403895800841740293,neutral,1.7813217639923096,-0.6913558840751648,1.2382951974868774
1403895801487806473,positive,1.9431957006454468,3.6965622901916504,-1.088581919670105
1403895801647087618,positive,2.287677049636841,3.183546781539917,-0.9745771884918213
1403895802557202441,negative,1.0012052059173584,-0.7474527359008789,2.1851418018341064
1403895803236687876,neutral,1.5870202779769897,-0.14910486340522766,1.3729221820831299
1403895807477231616,neutral,1.8891879320144653,0.5245234370231628,0.5609524250030518
1403895810408992768,neutral,1.1781350374221802,-0.5734058618545532,1.0563297271728516
1403895811243536391,negative,1.221327781677246,-1.2218204736709595,3.12563419342041
1403895811394752512,negative,1.685443639755249,-0.958112895488739,2.3369436264038086
1403895812766126081,neutral,1.4448964595794678,-0.07687222212553024,1.2473084926605225
1403895812774457357,neutral,1.6751917600631714,0.026794500648975372,1.141197919845581
1403895815085699076,negative,1.272011637687683,-1.3896079063415527,3.609194755554199
1403895815173599236,neutral,1.688374638557434,-0.6220036149024963,1.1964190006256104
1403895815219814406,negative,1.3933109045028687,-0.7966980934143066,1.6894381046295166
1403895816926990337,negative,0.928358793258667,-0.18896359205245972,2.6313116550445557
1403895818227122176,neutral,1.198048710823059,0.5866292119026184,0.9134495258331299
1403895821129682945,positive,1.4401143789291382,1.7713422775268555,-0.06503982841968536
1403895823398707202,neutral,1.6751917600631714,0.026794500648975372,1.141197919845581
1403895823830683651,neutral,1.3959311246871948,1.0429705381393433,0.7488157153129578
1403895825286172673,neutral,2.077286720275879,2.022876024246216,-0.5559776425361633
1403895825776877569,positive,0.24194465577602386,0.9218271970748901,0.6420594453811646
1403895828939370501,negative,1.3972790241241455,-1.0940473079681396,2.6723082065582275
1403895829518159873,negative,1.0002188682556152,-0.3366037905216217,1.6223233938217163
1403895829526564865,negative,1.4070522785186768,-0.9250664114952087,1.9019063711166382
1403895829602111493,negative,2.1112687587738037,-1.083885908126831,2.2172744274139404
1403895829803388934,neutral,1.775048017501831,-0.21079584956169128,0.8182119727134705
1403895829878870022,negative,1.6633753776550293,-1.0218629837036133,2.3241074085235596
1403895831317532672,negative,1.0912516117095947,-0.39031440019607544,1.9813276529312134
1403895831619461124,negative,1.3916523456573486,0.024219028651714325,1.764966368675232
1403895833628581892,positive,1.7132729291915894,2.3917200565338135,-0.4405861794948578
1403895835008532484,neutral,1.8662691116333008,0.34910982847213745,0.7587425708770752
1403895835407048704,neutral,1.1316947937011719,-0.08273104578256607,1.0308195352554321
1403895835520290819,negative,1.6565238237380981,-0.4701371490955353,1.6592971086502075
1403895835784478723,neutral,2.133927822113037,-0.00218818336725235,1.5550050735473633
1403895836610904071,negative,0.9929412603378296,-1.4836301803588867,4.122574806213379
1403895837046939650,neutral,1.2106126546859741,-0.19296029210090637,1.1352174282073975
1403895837139210243,negative,1.0990169048309326,-0.7306036949157715,2.218822956085205
1403895837483167744,negative,1.1014821529388428,-0.5659276247024536,2.094773769378662
1403895840385732613,negative,0.6911172270774841,-1.2429572343826294,3.83032488822937
1403895843523121153,neutral,1.6008219718933105,0.07718155533075333,0.4769836962223053
1403895843942387716,neutral,1.9265267848968506,-0.4339509904384613,1.2134214639663696
1403895844126879747,neutral,2.468266487121582,1.7427260875701904,-0.19373981654644012
1403895845330710529,negative,1.3978397846221924,-0.15600314736366272,1.806168794631958
1403895845687279617,neutral,1.865716576576233,0.04106902703642845,0.9702680706977844
1403895845972594689,positive,2.0001065731048584,2.2721898555755615,-0.5241603851318359
1403895846823997443,negative,1.3587987422943115,-0.494515985250473,1.4157540798187256
1403895847662723073,positive,2.360013961791992,3.277137517929077,-0.9417599439620972
1403895849726345224,neutral,1.2291111946105957,0.2311989963054657,0.9437378644943237
1403895849730461702,neutral,1.6751917600631714,0.026794500648975372,1.141197919845581
1403895850074578947,neutral,1.7861720323562622,-0.6877285242080688,1.034030795097351
1403895851475357699,positive,2.2023653984069824,2.346116542816162,-0.22111855447292328
1403895851546722307,neutral,2.222856044769287,0.2497064769268036,0.2266465127468109
1403895852473663488,negative,0.8216761350631714,-0.4850791394710541,1.9308443069458008
1403895853643833346,negative,1.0012052059173584,-0.7474527359008789,2.1851418018341064
1403895854126096386,negative,1.2075109481811523,-0.7158373594284058,1.757792353630066
1403895854260363264,neutral,1.6706140041351318,-0.22735151648521423,1.291190266609192
1403895854679969796,neutral,1.7743237018585205,0.2142261564731598,1.0794705152511597
1403895857431420928,negative,1.3885812759399414,-0.47871676087379456,2.2375574111938477
1403895857880121345,negative,1.2025680541992188,-1.039673924446106,2.7027182579040527
1403895859465555973,neutral,1.9886192083358765,-0.05604446679353714,1.3071610927581787
1403895859901829120,positive,1.6062171459197998,1.8084138631820679,-0.5055726170539856
1403895859935330307,negative,0.6981921792030334,-0.19255182147026062,2.256702184677124
1403895862712016898,neutral,2.24021053314209,1.2773165702819824,-0.19305598735809326
1403895862896508930,neutral,1.8957024812698364,0.49880144000053406,0.2651660442352295
1403895864981004288,neutral,3.1337969303131104,1.2270766496658325,-0.7450496554374695
1403895865123622912,negative,1.2574633359909058,-0.9811450839042664,2.5357697010040283
1403895868210630656,positive,2.2023656368255615,2.346116304397583,-0.2211184948682785
1403895869003337733,neutral,1.8891879320144653,0.5245234370231628,0.5609523057937622
1403895869758341123,positive,1.2863759994506836,2.9259612560272217,-0.25046271085739136
1403895870618169352,negative,1.3231056928634644,-1.223022699356079,2.717541217803955
1403895872878911492,neutral,2.4568967819213867,0.9343383312225342,0.20977720618247986
1403895872908271623,neutral,1.675191879272461,0.02679452672600746,1.141197919845581
1403895874334248960,negative,0.5656443238258362,0.2423139214515686,2.1704471111297607
1403895875101884418,neutral,1.675191879272461,0.02679452672600746,1.141197919845581
1403895877433966592,neutral,1.594359278678894,-0.11202619224786758,1.3583968877792358
1403895877555478530,neutral,1.3886268138885498,0.524367094039917,0.6173572540283203
1403895878759288843,neutral,1.8190010786056519,0.2955159544944763,0.7446642518043518
1403895879308742657,negative,0.9458791613578796,0.7448333501815796,1.3290488719940186
1403895879342473218,negative,1.3309932947158813,-0.7563201785087585,1.7499388456344604
1403895880629907459,negative,0.9544750452041626,-0.601245105266571,2.8145532608032227
1403895880986488833,negative,1.272011637687683,-1.3896077871322632,3.60919451713562
1403895884119785474,negative,0.8947703838348389,-0.21060419082641602,1.8376301527023315
1403895884371304451,negative,1.2213280200958252,-1.2218204736709595,3.125633955001831
1403895885738635270,negative,1.2843842506408691,-0.5664561986923218,1.37544846534729
1403895885763911681,neutral,1.5013428926467896,0.3276445269584656,0.43305784463882446
1403895887462649857,negative,1.1281415224075317,-0.8079270124435425,2.428234100341797
1403895888775323650,negative,1.290112018585205,-0.08358611911535263,1.6480058431625366
1403895889119297536,negative,0.7697290778160095,-0.17768940329551697,1.927208662033081
1403895890247446535,negative,0.8038035035133362,-0.5193740129470825,2.922682285308838
1403895891237474310,neutral,1.340209722518921,-0.06911776214838028,1.1264946460723877
1403895891883442177,neutral,1.9916646480560303,-0.5982836484909058,0.7482398152351379
1403895892172701696,neutral,1.675191879272461,0.02679452672600746,1.141197919845581
1403895892579553280,negative,1.099016785621643,-0.7306036949157715,2.218823194503784
1403895894580232194,negative,1.397279143333435,-1.09404718875885,2.6723082065582275
1403895895561703429,neutral,2.322033643722534,0.8155692219734192,0.12140561640262604
1403895895741976583,negative,1.2667558193206787,-0.292033851146698,1.7617199420928955
1403895898149638149,neutral,1.340633749961853,-0.08970906585454941,1.1646854877471924
1403895899416322053,positive,2.287677049636841,3.183546543121338,-0.9745771884918213
1403895900116688897,negative,0.9361164569854736,-1.0470346212387085,3.4188430309295654
1403895902947868673,positive,1.6851985454559326,3.039599895477295,-0.5585664510726929
1403895908723355650,neutral,2.284581422805786,1.1744047403335571,0.06665676087141037
1403895910896070657,negative,1.0542384386062622,-0.7561892867088318,2.8562676906585693
1403895911487520770,neutral,2.322033643722534,0.815569281578064,0.12140557914972305
1403895912846348292,positive,1.3825043439865112,1.7751766443252563,0.36903116106987
1403895914406694918,negative,1.0883617401123047,-0.5602695345878601,1.9204556941986084
1403895915539222528,negative,1.0883617401123047,-0.5602695345878601,1.9204556941986084
1403895915992141828,negative,0.6838411688804626,-0.697838306427002,2.1617941856384277
1403895916776476675,negative,1.2827833890914917,-0.6761819124221802,1.3995178937911987
1403895918064115713,positive,0.541247546672821,2.971189498901367,-0.46533632278442383
1403895918831673345,positive,1.334754467010498,1.6714845895767212,0.26079437136650085
1403895919045537792,neutral,1.675191879272461,0.02679452672600746,1.141197919845581
1403895919729254401,negative,0.8940199017524719,-1.0790259838104248,3.137995958328247
1403895920270344199,neutral,2.160736322402954,0.5429125428199768,0.6970192193984985
1403895920618520579,neutral,1.8771545886993408,-0.23140931129455566,0.8341714143753052
1403895925961990144,neutral,2.0729238986968994,0.5900479555130005,-0.04493363946676254
1403895927484694528,neutral,2.306673765182495,-0.3815866708755493,0.8096886277198792
1403895927660711937,negative,1.2549692392349243,0.519517719745636,1.3652578592300415
1403895927790718981,positive,0.4391714930534363,1.5973351001739502,0.9509914517402649
1403895928390668291,negative,1.0867265462875366,-0.339484840631485,2.0128977298736572
1403895928839344130,neutral,3.175112724304199,2.145185947418213,-0.6647696495056152
1403895930189844483,neutral,2.308924674987793,1.5105433464050293,-0.12132252007722855
1403895932060463112,neutral,1.8955223560333252,-0.6867144703865051,1.520538330078125
1403895934526791680,neutral,1.675191879272461,0.02679452672600746,1.141197919845581
1403895934971490305,positive,0.24194465577602386,0.9218271970748901,0.6420593857765198
1403895936007348227,positive,0.24194465577602386,0.9218271970748901,0.6420593857765198
1403895936473042946,neutral,1.3825762271881104,0.013496503233909607,1.1845680475234985
1403895937559236611,neutral,2.689610481262207,1.4255751371383667,-0.44652095437049866
1403895937743921154,negative,1.3916523456573486,0.02421901375055313,1.7649664878845215
1403895938976948225,negative,0.9247701168060303,-0.8364923000335693,2.1289966106414795
1403895940226981889,negative,0.7671474814414978,0.36576947569847107,1.6756887435913086
1403895940457459718,positive,1.2863759994506836,2.9259612560272217,-0.25046271085739136
1403895941116088328,negative,1.3916523456573486,0.02421901375055313,1.7649664878845215
1403895941254586368,negative,0.8768144845962524,0.22452566027641296,1.733933448791504
1403895941313163268,neutral,1.594359278678894,-0.11202608793973923,1.3583967685699463
1403895943972286467,neutral,1.8955224752426147,-0.6867144703865051,1.5205382108688354
1403895944853217288,neutral,1.655021071434021,0.15934894979000092,0.9476357102394104
1403895945922854912,negative,1.4676975011825562,-0.9921744465827942,2.338759183883667
1403895948007383040,negative,1.1232460737228394,-1.0816985368728638,2.849092483520508
1403895949177495552,negative,0.9660266637802124,-0.8145659565925598,2.146399736404419
1403895949664083975,positive,1.3713581562042236,1.9070427417755127,0.4704006016254425
1403895950116941827,neutral,2.4385766983032227,1.291323184967041,-0.4307170808315277
1403895951786344449,negative,1.020062804222107,-0.6428977251052856,2.5052077770233154
1403895952520384516,neutral,2.094377279281616,-0.4894505441188812,1.24665367603302
1403895953967353859,neutral,1.6301429271697998,0.558660089969635,0.2939092814922333
1403895954198065153,negative,1.0353491306304932,-1.2652437686920166,3.8529469966888428
1403895954407759872,positive,1.7465800046920776,3.7106921672821045,-1.187950611114502
1403895954479239174,neutral,1.8905603885650635,-0.6272006630897522,1.4046282768249512
1403895956219826176,negative,1.259231686592102,-0.602996826171875,1.8719688653945923
1403895956592988166,neutral,0.9955326914787292,0.26843664050102234,0.9761021137237549
1403895956995596290,negative,0.45015090703964233,-0.8666096925735474,3.7083966732025146
1403895957981327361,negative,1.0542384386062622,-0.7561893463134766,2.8562676906585693
1403895958199439360,negative,1.191004753112793,0.09862454235553741,1.2045562267303467
1403895959604637698,negative,1.3916523456573486,0.02421901375055313,1.7649664878845215
1403895960095297545,neutral,1.089337944984436,0.5872533917427063,0.9005703330039978
1403895961206738949,negative,1.0012050867080688,-0.7474527359008789,2.1851418018341064
1403895961815072769,neutral,1.872898817062378,-0.3072321116924286,0.9376215934753418
1403895962230165507,neutral,2.317121744155884,0.18535184860229492,0.46296408772468567
1403895963165413378,neutral,1.6376755237579346,0.45437195897102356,0.5790775418281555
1403895963610091528,negative,1.2574633359909058,-0.9811450839042664,2.5357697010040283
1403895963991805953,negative,1.082634687423706,0.04215726628899574,1.194400429725647
1403895965359120385,positive,1.0694912672042847,1.536690592765808,0.46849513053894043
1403895965401051138,neutral,0.9955326914787292,0.26843664050102234,0.9761021137237549
1403895966059618304,neutral,2.495975971221924,1.068831205368042,0.12623749673366547
1403895967011643396,positive,1.6851985454559326,3.039599895477295,-0.5585664510726929
1403895968945246212,negative,0.9091400504112244,-0.25595688819885254,1.833743929862976
1403895969322766339,negative,1.5933713912963867,-0.88265061378479,1.927630066871643
1403895969868025856,negative,1.0883617401123047,-0.5602695345878601,1.9204556941986084
1403895969889009666,neutral,1.7573332786560059,0.7625840306282043,0.43807604908943176
1403895971730231296,neutral,1.2879284620285034,-0.4259866178035736,1.047898769378662
1403895972137164801,neutral,1.4867881536483765,1.2452104091644287,0.20337335765361786
1403895973831606274,neutral,1.8955223560333252,-0.6867144703865051,1.520538330078125
1403895974699974657,neutral,2.24690580368042,1.2940142154693604,-0.4169151782989502
1403895975270223880,negative,0.8594261407852173,-0.6270058155059814,2.182217836380005
1403895976432214027,neutral,1.433180570602417,-0.2108878195285797,1.24436616897583
1403895976469811205,negative,1.3916523456573486,0.02421901375055313,1.7649664878845215
1403895976679526402,negative,1.1919115781784058,-0.11415765434503555,1.2313237190246582
1403895978449641473,neutral,1.8955223560333252,-0.6867144703865051,1.520538330078125
1403895978596384771,neutral,2.867243528366089,0.9195717573165894,-0.040404535830020905
1403895978789281793,neutral,1.8955223560333252,-0.6867144703865051,1.520538330078125
1403895979443642368,neutral,1.9772460460662842,0.633545994758606,1.0035203695297241
1403895979795902465,neutral,1.0757975578308105,0.485718309879303,0.7023873329162598
1403895981679185922,neutral,1.9127711057662964,0.3759583532810211,0.6523366570472717
1403895982090190852,neutral,2.1867103576660156,-0.09153298288583755,0.6016221046447754
1403895982987780100,neutral,1.4356942176818848,-0.05781096965074539,1.39764404296875
1403895983843463168,neutral,2.4897189140319824,1.0847042798995972,-0.20135296881198883
1403895983851835395,positive,0.24194465577602386,0.9218271970748901,0.6420593857765198
1403895984657031168,neutral,2.144564151763916,1.1617043018341064,-0.08065996319055557
1403895984891916288,negative,0.996368944644928,0.5972290635108948,1.1856420040130615
1403895985168957442,neutral,2.510280132293701,1.0669503211975098,-0.2710883617401123
1403895986867474432,negative,0.6131660342216492,0.3158268630504608,1.2461398839950562
1403895987601555457,negative,0.4610869586467743,-1.2819405794143677,4.043919086456299
1403895988176134146,neutral,1.362838864326477,0.17438679933547974,0.8232616782188416
1403895988507586563,neutral,2.625216245651245,-0.9282923340797424,1.6080694198608398
1403895988754997251,neutral,1.6441446542739868,-0.5100816488265991,1.4364489316940308
1403895992403992578,positive,0.9803283214569092,1.3774983882904053,0.36656686663627625
1403895992982900738,neutral,1.3227847814559937,-0.08917754143476486,0.01819886825978756
1403895994576683010,neutral,0.9182007908821106,0.6641399264335632,0.6513314247131348
1403895995470159873,negative,1.1879651546478271,-0.8537399172782898,2.3663790225982666
1403895995776352259,neutral,1.8445197343826294,0.23661664128303528,0.8432996869087219
1403895998485835788,neutral,2.3441665172576904,-0.6458861231803894,1.183232307434082
1403896000041734145,negative,0.7095596790313721,0.31247836351394653,0.8159171342849731
1403896000486461443,negative,1.3916523456573486,0.024219073355197906,1.7649662494659424
1403896002378092544,neutral,1.8955223560333252,-0.6867144703865051,1.520538330078125
1403896002814398467,positive,1.0587610006332397,1.1600699424743652,0.03435054421424866
1403896003258818565,neutral,1.6456393003463745,0.20833002030849457,1.558029294013977
1403896003464421376,negative,1.3189712762832642,-1.0340821743011475,2.4426422119140625
1403896005293232130,positive,1.6052265167236328,1.706760048866272,0.010516732931137085
1403896006215938048,negative,1.2388304471969604,-0.19631576538085938,2.160771369934082
1403896006995955718,negative,0.43493595719337463,0.4004732072353363,0.7825831174850464
1403896007381995524,neutral,1.7864171266555786,-0.2817149758338928,1.63934326171875
1403896008518537217,negative,1.3826801776885986,-1.06028151512146,2.110595941543579
1403896008984068098,negative,0.6766079068183899,-0.6996614933013916,1.7398391962051392
1403896009453830144,negative,1.5716263055801392,-0.8549051284790039,1.7636445760726929
1403896009831288840,negative,1.2213280200958252,-1.2218204736709595,3.12563419342041
1403896010221387778,negative,1.224915862083435,-0.9688088297843933,2.2292375564575195
1403896010913484800,neutral,2.549631118774414,0.516819417476654,0.10533692687749863
1403896011081191434,neutral,1.8198760747909546,0.8568339943885803,0.4308655858039856
1403896011567767554,negative,0.8484273552894592,-0.7974693775177002,1.9788130521774292
1403896011999821824,neutral,3.530146598815918,1.6300079822540283,-1.0650410652160645
1403896012192858114,neutral,2.306673765182495,-0.3815866708755493,0.8096886277198792
1403896014055129091,negative,0.2763778269290924,-0.5155702829360962,3.138850688934326
1403896014579269633,neutral,1.9983164072036743,0.03005489706993103,0.5847755074501038
1403896014885507075,negative,0.9459482431411743,-0.551982045173645,1.2563148736953735
1403896016580001794,negative,1.3503535985946655,-0.8688540458679199,2.296276330947876
1403896016961691649,neutral,1.8955223560333252,-0.6867144703865051,1.520538330078125
1403896017137844230,neutral,1.1644823551177979,-0.06393036991357803,0.5287436246871948
1403896021957021698,negative,0.5221021175384521,-0.12593266367912292,1.3921854496002197
1403896022548447233,neutral,1.8295685052871704,0.24839359521865845,0.4039771854877472
1403896023148335112,negative,1.0883617401123047,-0.5602695345878601,1.9204556941986084
1403896023185989632,neutral,2.058189630508423,-0.8383658528327942,1.4405418634414673
1403896024356167680,neutral,1.365983247756958,-0.0262487530708313,1.3223859071731567
1403896024683352065,neutral,2.169309377670288,0.17105650901794434,1.296540379524231
1403896027074072578,neutral,1.842178225517273,0.6455209851264954,0.21210385859012604
1403896027812401153,negative,1.6565238237380981,-0.47013726830482483,1.659297227859497
1403896028604944384,negative,1.3231056928634644,-1.223022699356079,2.717541217803955
1403896029456388100,positive,1.7465800046920776,3.7106921672821045,-1.187950611114502
1403896029993345024,negative,1.6770879030227661,-0.9027186036109924,2.0786726474761963
1403896030429650947,neutral,1.8283060789108276,-0.6700338125228882,1.4685320854187012
1403896030987526149,neutral,2.1359024047851562,-0.8258273005485535,1.3338956832885742
1403896031050354690,neutral,1.3997008800506592,-0.024873413145542145,0.9895095229148865
1403896031385833477,neutral,2.993116617202759,2.1635754108428955,-0.8226469159126282
1403896031385997312,negative,0.9951198101043701,0.3031235635280609,1.0147223472595215
1403896034158211075,negative,0.9448735117912292,-0.5320708155632019,1.735416293144226
1403896036964409344,neutral,1.5802782773971558,-0.21855008602142334,1.46370530128479
1403896038075797513,negative,1.126012921333313,-0.6651604175567627,2.714756488800049
1403896038382084099,neutral,2.949746608734131,0.6677184104919434,-0.05060010403394699
1403896038495244289,neutral,1.8888503313064575,0.2611094117164612,0.5402535796165466
1403896038709202950,neutral,2.072052478790283,0.22618520259857178,0.6150193810462952
1403896039363518471,neutral,2.0772864818573,2.0228755474090576,-0.5559773445129395
1403896040521015302,negative,0.3267313539981842,-0.9183956980705261,3.6236603260040283
1403896042475515910,neutral,1.5676320791244507,-0.5248143076896667,1.3224165439605713
1403896042945404935,neutral,1.4035344123840332,0.34057000279426575,0.9563008546829224
1403896044715339778,neutral,1.8955223560333252,-0.6867144703865051,1.520538330078125
1403896047739412481,negative,0.9348077178001404,-0.5680674314498901,1.5382003784179688
1403896049085956096,neutral,1.4986250400543213,0.4961017072200775,0.9384534955024719
1403896049815728134,negative,1.2620911598205566,-0.1074584499001503,2.0347917079925537
1403896049954181121,negative,0.5301677584648132,-0.930121123790741,2.98333477973938
1403896050364993536,neutral,1.135284185409546,0.5097529292106628,0.5213753581047058
1403896051652648966,negative,0.9556260108947754,-0.01323099434375763,1.691843032836914
1403896052554637312,neutral,1.8955223560333252,-0.6867144703865051,1.520538330078125
1403896055192862728,neutral,1.935219407081604,0.2119205892086029,0.46040815114974976
1403896056564359175,negative,1.278120994567871,-1.0208874940872192,2.315918207168579
1403896056954318848,negative,1.6573114395141602,-1.1546639204025269,2.7379069328308105
1403896057306697729,neutral,0.9801358580589294,0.7298092842102051,0.6064655184745789
1403896058179047424,neutral,1.365983247756958,-0.0262487530708313,1.3223859071731567
1403896060523651072,neutral,1.8891879320144653,0.5245234370231628,0.5609523057937622
1403896060670472192,neutral,1.7573332786560059,0.7625840306282043,0.43807604908943176
1403896061052211200,negative,1.4676975011825562,-0.9921744465827942,2.338759183883667
1403896061630971904,negative,1.7183120250701904,-1.0321156978607178,2.14385986328125
1403896062302097409,neutral,1.9700326919555664,-0.9000847935676575,1.7084516286849976
1403896063551893508,positive,2.0592246055603027,3.703709602355957,-0.8232370615005493
1403896064407588866,negative,0.5185803174972534,-0.5486604571342468,2.6399500370025635
1403896065665814531,negative,0.8353279829025269,-1.1417189836502075,3.119600296020508
1403896066555011076,neutral,3.530146598815918,1.6300079822540283,-1.0650410652160645
1403896066622300162,neutral,1.903619647026062,0.20928260684013367,0.20112980902194977
1403896067695865866,neutral,1.8955225944519043,-0.6867144703865051,1.5205382108688354
1403896067826098181,negative,1.1534570455551147,-0.21139651536941528,1.4830845594406128
1403896068765630464,neutral,2.875312566757202,-0.23348280787467957,0.7140263915061951
1403896069323378690,neutral,1.8445197343826294,0.23661664128303528,0.8432996869087219
1403896069726027777,negative,1.2904739379882812,-0.7387307286262512,1.8097760677337646
1403896071055503363,neutral,1.2632489204406738,1.2336328029632568,0.21782928705215454
1403896071680671746,positive,1.2590779066085815,3.3367397785186768,-0.6341413855552673
1403896072473354248,neutral,2.1992292404174805,-0.1848236322402954,0.7374950051307678
1403896073228333057,negative,0.8175204396247864,-0.3294270932674408,2.5521352291107178
1403896074624983044,neutral,1.10451078414917,1.065943956375122,0.7778783440589905
1403896075094614018,negative,0.7608493566513062,0.3796582818031311,0.9462507963180542
1403896076743024642,negative,0.9458791613578796,0.7448333501815796,1.3290488719940186
1403896078563528705,negative,1.3916523456573486,0.02421901375055313,1.7649664878845215
1403896078651559940,neutral,1.8955223560333252,-0.6867144703865051,1.520538330078125
1403896078978543618,neutral,1.5676320791244507,-0.5248143076896667,1.3224165439605713
1403896079138045955,negative,1.0431466102600098,-0.15939468145370483,1.4243249893188477
1403896081792966662,negative,1.0883617401123047,-0.5602695345878601,1.9204556941986084
1403896082598273025,neutral,2.543001890182495,1.0240802764892578,-0.16154247522354126
1403896083034501120,negative,1.7143913507461548,-0.9848354458808899,2.122886896133423
1403896084523483146,negative,1.573771595954895,-0.5357782244682312,1.869209885597229
1403896086431891456,neutral,3.530146598815918,1.6300079822540283,-1.0650410652160645
1403896087006560260,neutral,2.4644052982330322,1.0365623235702515,-0.11481107026338577
1403896087157608449,negative,1.599628210067749,-0.7215865850448608,1.6644539833068848
1403896087409164288,neutral,1.8957023620605469,0.49880144000053406,0.26516610383987427
1403896088323530758,negative,1.3978396654129028,-0.15600311756134033,1.806168794631958
1403896089904824322,negative,1.6128418445587158,-0.8384051322937012,1.8551080226898193
1403896090307465216,neutral,1.5012190341949463,-0.07601592689752579,1.0725293159484863
1403896091909705732,negative,0.7697290778160095,-0.17768940329551697,1.927208662033081
1403896092022935555,negative,1.690239667892456,-1.0093823671340942,1.9812464714050293
1403896092966727681,neutral,2.8741064071655273,0.7898248434066772,-0.19742435216903687
1403896094161920000,neutral,1.8955223560333252,-0.6867144703865051,1.520538330078125
1403896094216572932,negative,0.8906199336051941,-1.1073194742202759,3.1209070682525635
1403896094736752640,neutral,1.8955223560333252,-0.6867144703865051,1.520538330078125
1403896094921093122,neutral,1.675191879272461,0.02679452672600746,1.141197919845581
1403896095214739464,negative,1.4831442832946777,-0.5778328776359558,2.2629661560058594
1403896095822946308,positive,0.8376992344856262,0.9354706406593323,0.29425477981567383
1403896097869811713,neutral,2.173086404800415,0.33049434423446655,0.18935039639472961
1403896103066509312,neutral,2.4569826126098633,2.1018857955932617,-0.601234495639801
1403896103238606848,neutral,1.0301941633224487,-0.007536008954048157,1.00888991355896
1403896103666434049,neutral,1.054306149482727,1.0217208862304688,0.7050412893295288
1403896104790396933,neutral,2.01282000541687,1.6155210733413696,-0.020666783675551414
1403896108313726979,neutral,1.3549199104309082,0.4962082505226135,0.12914259731769562
1403896108426829826,neutral,1.4174312353134155,1.0204792022705078,0.8435826301574707
1403896109936697344,neutral,1.9640891551971436,0.7689071297645569,0.36215630173683167
1403896109982965760,neutral,2.6754705905914307,1.1542541980743408,-0.2315426617860794
1403896110008061958,negative,1.099560260772705,-0.6983869671821594,2.550657033920288
1403896110087766020,positive,1.4892220497131348,2.6688055992126465,-0.49592775106430054
1403896110440009731,negative,1.2841523885726929,-0.8042236566543579,1.9927972555160522
1403896116152659974,negative,1.2290958166122437,-0.14733558893203735,1.3067448139190674
1403896116568018947,neutral,1.8955223560333252,-0.6867144703865051,1.520538330078125
1403896116941361154,negative,1.286249041557312,-0.6364786028862,1.9506030082702637
1403896117033635842,neutral,1.5642428398132324,0.6849918365478516,0.48646268248558044
1403896118417801216,negative,0.5448780059814453,-1.3150042295455933,4.064521789550781
1403896118455504897,negative,0.8768144249916077,0.22452566027641296,1.7339332103729248
1403896118845521920,neutral,1.807466983795166,-0.38177490234375,1.1598114967346191
1403896120942764034,neutral,1.7859447002410889,-0.7825890779495239,1.418335199356079
1403896120988913664,neutral,1.3086493015289307,0.15480583906173706,0.47911331057548523
1403896123811581953,neutral,1.4943268299102783,-0.0668715313076973,1.119331955909729
1403896125497561088,negative,0.981407105922699,-0.35144567489624023,2.610562324523926
1403896128362344448,neutral,2.363513708114624,0.3148781359195709,0.3369843363761902
1403896130849710088,negative,0.7697290778160095,-0.17768940329551697,1.927208662033081
1403896134360350720,negative,1.3916523456573486,0.02421901375055313,1.7649664878845215
1403896134771392512,negative,1.4213762283325195,-0.2767552435398102,1.7586928606033325
1403896136448954373,positive,2.287677049636841,3.183546543121338,-0.9745771884918213
1403896138336325637,neutral,2.222297191619873,0.8820818066596985,-0.11079452186822891
1403896138562932739,positive,1.6477445363998413,2.0732264518737793,-0.1665399670600891
1403896140127424518,neutral,1.174957513809204,0.17247578501701355,0.8025553822517395
1403896140148396036,neutral,2.1532227993011475,-0.37387242913246155,0.895098865032196
1403896140165091331,neutral,1.7581809759140015,0.08855190873146057,1.1667392253875732
1403896140714504194,neutral,1.675191879272461,0.02679452672600746,1.141197919845581
1403896140874014721,negative,0.8630177974700928,0.4890199303627014,1.3793785572052002
1403896142635536388,negative,1.339487075805664,-0.9057452082633972,2.4787425994873047
1403896143562481671,negative,1.4070521593093872,-0.9250664710998535,1.9019063711166382
1403896147844886531,positive,1.530663251876831,1.9319595098495483,-0.1328679621219635
1403896147903750146,negative,1.129675030708313,-0.601087749004364,1.702972650527954
1403896148100849665,positive,1.4892220497131348,2.6688055992126465,-0.49592775106430054
1403896150311141376,negative,1.3284642696380615,-0.3358417749404907,1.3671009540557861
1403896151791661062,neutral,1.8891879320144653,0.5245234370231628,0.5609523057937622
1403896151850500099,negative,1.1616578102111816,-0.6392465233802795,2.4677257537841797
1403896152731402247,neutral,1.8955223560333252,-0.6867144703865051,1.520538330078125
1403896152982908928,neutral,1.845261812210083,0.30363568663597107,0.9326401948928833
1403896153767235584,negative,0.33813348412513733,-0.10822882503271103,3.0729942321777344
1403896155243651078,negative,0.6945664882659912,-0.7704542279243469,2.9516518115997314
1403896155436720131,negative,1.7156524658203125,-0.8493660092353821,1.7634528875350952
1403896157068091394,neutral,2.0701537132263184,1.597553014755249,-0.18209879100322723
1403896157068161027,negative,1.4070521593093872,-0.925066351890564,1.9019063711166382
1403896157235863552,negative,1.0012050867080688,-0.7474527359008789,2.1851418018341064
1403896157722476544,negative,1.5670692920684814,-0.8229623436927795,1.7146711349487305
1403896158691287040,negative,1.1358839273452759,-0.9397864937782288,2.1740283966064453
1403896158787825669,neutral,1.3208673000335693,1.0400876998901367,0.38081228733062744
1403896159484080131,neutral,1.8077346086502075,0.04107705131173134,1.1541844606399536
1403896159748382722,negative,1.1685295104980469,-1.1919217109680176,2.797386646270752
1403896161371443200,neutral,2.322033643722534,0.8155692219734192,0.12140560895204544
1403896161782571011,negative,1.1811085939407349,0.0727272555232048,1.6746410131454468
1403896162084528133,positive,0.2526721656322479,2.1333014965057373,-0.21690450608730316
1403896165737799682,positive,1.334754467010498,1.6714845895767212,0.26079437136650085
1403896166086025218,neutral,1.4798892736434937,0.7836955785751343,0.47090694308280945
1403896166127968257,neutral,1.9053010940551758,0.4729664921760559,0.11584173887968063
1403896168124272641,neutral,1.9425568580627441,0.27754196524620056,0.6770303249359131
1403896168132775938,negative,0.5452027916908264,-0.3354920744895935,2.6800975799560547
1403896169047072774,negative,0.9361164569854736,-1.0470346212387085,3.4188430309295654
1403896169500233730,negative,0.488879919052124,-0.30109238624572754,2.2741823196411133
1403896176311783430,negative,1.3193891048431396,-0.5073940753936768,1.6869430541992188
1403896178052407299,neutral,1.963482141494751,-0.49971213936805725,1.069334626197815
1403896178488397824,neutral,1.8891878128051758,0.5245234370231628,0.560952365398407
1403896179453218816,positive,1.647971272468567,3.5238325595855713,-0.2917541563510895
1403896179872747520,negative,1.1256614923477173,-1.066731333732605,2.5252890586853027
1403896180673855488,negative,1.397627592086792,-0.1673758625984192,1.9265738725662231
1403896180967460865,neutral,2.1835310459136963,-0.09203264862298965,0.28477078676223755
1403896181378355201,neutral,2.491161823272705,0.4032537043094635,-0.10856933146715164
1403896181923749891,neutral,2.6881070137023926,0.9846224188804626,0.009202968329191208
1403896185723621377,negative,0.8105831146240234,-1.0925618410110474,3.2070555686950684
1403896188533764101,neutral,1.675191879272461,0.02679452672600746,1.141197919845581
1403896189532004353,neutral,0.8344012498855591,0.2858924865722656,-0.3142143189907074
1403896190488309761,negative,0.9527857899665833,-0.5567322373390198,1.6575366258621216
1403896192031858689,negative,0.7795579433441162,-0.31459084153175354,2.2638792991638184
1403896192472395788,negative,0.6005236506462097,0.31665828824043274,1.3706055879592896
1403896192673665028,neutral,1.419112205505371,0.3152056336402893,1.01547372341156
1403896193885913088,neutral,1.5852572917938232,0.8456130027770996,0.48754602670669556
1403896194347196420,neutral,2.6754703521728516,1.1542541980743408,-0.23154275119304657
1403896196754821120,neutral,1.8891879320144653,0.5245234370231628,0.5609523057937622
1403896196930805763,neutral,1.669446587562561,-0.3198223114013672,1.2110131978988647
1403896197908156418,neutral,1.5637574195861816,0.42555683851242065,0.6952201128005981
1403896198549979136,negative,1.4897841215133667,-0.2415599226951599,1.718580961227417
1403896198625251331,negative,1.0316662788391113,-0.915179431438446,3.3431167602539062
1403896201880215554,negative,0.36755311489105225,-0.04139520972967148,1.8809581995010376
1403896202165317632,neutral,1.198048710823059,0.5866292715072632,0.9134495854377747
1403896202538668035,neutral,1.8445197343826294,0.23661664128303528,0.8432996869087219
1403896202576338945,negative,1.3916523456573486,0.02421901375055313,1.7649664878845215
1403896203360673796,neutral,1.0454927682876587,0.7284073829650879,0.8661777973175049
1403896203767603205,neutral,2.306673765182495,-0.3815866708755493,0.8096886277198792
1403896204019306496,neutral,2.497300386428833,0.29728245735168457,0.49157774448394775
1403896206237921284,neutral,1.5676320791244507,-0.5248143076896667,1.3224165439605713
1403896207563313157,negative,1.4461530447006226,-0.41912707686424255,1.6255906820297241
1403896210327367683,negative,1.0883617401123047,-0.5602695345878601,1.9204556941986084
1403896210377764865,neutral,1.8034615516662598,-0.6097457408905029,1.4995843172073364
1403896212219174915,neutral,1.2645477056503296,0.4544946551322937,1.090053677558899
1403896215037698054,negative,1.0327483415603638,-0.5303069353103638,1.321656346321106
1403896218284003330,neutral,2.549631118774414,0.516819417476654,0.10533692687749863
1403896218959241217,neutral,1.4698909521102905,0.6022186875343323,0.9672866463661194
1403896219106115584,negative,0.8892065286636353,-0.9843314290046692,2.537123680114746
1403896221681344513,negative,1.3231056928634644,-1.223022699356079,2.717541217803955
1403896222172299266,neutral,1.2626100778579712,0.6820352673530579,0.8477798104286194
1403896222935666699,neutral,2.4644052982330322,1.0365623235702515,-0.11481107026338577
1403896223342419971,negative,1.0727756023406982,-0.3604949712753296,1.5570932626724243
1403896224600760323,negative,1.6634516716003418,-1.1467467546463013,2.3224682807922363
1403896226823782400,negative,1.3129184246063232,-0.7249813675880432,2.5098705291748047
1403896226953760770,negative,0.9930480718612671,-0.46197548508644104,2.347550392150879
1403896227339591686,negative,1.1685295104980469,-1.1919217109680176,2.797386646270752
1403896230984359936,neutral,2.071244239807129,1.4225049018859863,-0.2106265127658844
1403896234750865414,negative,1.6634572744369507,-1.023432970046997,2.368532657623291
1403896236621529088,neutral,1.8955223560333252,-0.6867144703865051,1.520538330078125
1403896236634165253,neutral,1.8955223560333252,-0.6867144703865051,1.520538330078125
1403896237124849671,neutral,1.7748864889144897,1.0896868705749512,-0.027767064049839973
1403896239549079554,neutral,3.4595868587493896,1.9665849208831787,-1.0710575580596924
1403896239805054977,neutral,1.7728902101516724,-0.48934170603752136,1.575576901435852
1403896240572559367,positive,1.685198426246643,3.039599895477295,-0.5585664510726929
1403896240904060928,neutral,2.1359024047851562,-0.8258273005485535,1.3338955640792847
1403896241235234819,negative,0.981237530708313,-1.0986825227737427,2.829792022705078
1403896243005366276,negative,1.0627849102020264,-0.004294201731681824,1.7522211074829102
1403896246910263298,neutral,2.595029830932617,1.0412542819976807,0.10714437067508698
1403896249737220098,neutral,1.3767306804656982,0.9958229660987854,0.6131011247634888
1403896250982801410,negative,0.9429427981376648,0.26276254653930664,1.928053855895996
1403896252572606466,negative,0.6696455478668213,-1.105054259300232,3.3014020919799805
1403896253071626243,positive,1.5975875854492188,2.5343217849731445,-0.09350502490997314
1403896253646245888,negative,1.4417675733566284,-0.9264217019081116,2.277371406555176
1403896254124359682,neutral,1.4448963403701782,-0.07687220722436905,1.2473084926605225
1403896254875287553,negative,1.1069566011428833,-0.4871637523174286,2.063549041748047
1403896255688974341,neutral,1.8955223560333252,-0.6867144703865051,1.520538330078125
1403896256267796483,negative,0.4501243531703949,-1.4361885786056519,4.395064353942871
1403896256469123072,positive,1.0682531595230103,1.0863598585128784,0.7059683203697205
1403896258163474438,neutral,1.9239603281021118,0.8521580696105957,0.08820919692516327
1403896261347090432,positive,1.3112215995788574,2.1918277740478516,0.030799075961112976
1403896261808295948,neutral,3.0300405025482178,1.7495306730270386,-0.8598860502243042
1403896261955051522,neutral,2.645691394805908,0.42370936274528503,0.28467223048210144
1403896268527751171,negative,1.1685295104980469,-1.1919217109680176,2.797386646270752
1403896269840453633,negative,1.4587055444717407,-0.7807546257972717,2.455543279647827
1403896271564263427,neutral,1.9715583324432373,0.9102917313575745,0.39021584391593933
1403896273841758211,negative,1.0012050867080688,-0.7474527359008789,2.1851418018341064
1403896273879535617,negative,1.2863446474075317,0.13511860370635986,1.8041168451309204
1403896274592702465,negative,1.3916523456573486,0.02421901375055313,1.7649664878845215
1403896276513550341,neutral,1.675191879272461,0.02679452672600746,1.141197919845581
1403896276618469378,negative,0.7882499694824219,-1.3711559772491455,3.8847079277038574
1403896276651962369,neutral,1.675191879272461,0.02679452672600746,1.141197919845581
1403896278682112003,negative,1.6427545547485352,-1.0503716468811035,2.5463168621063232
1403896279046914052,neutral,2.0701537132263184,1.597553014755249,-0.18209879100322723
1403896279198011395,negative,1.262342095375061,-1.2370593547821045,2.973182201385498
1403896280317710340,neutral,1.8955223560333252,-0.6867144703865051,1.520538330078125
1403896282192744452,neutral,2.175219774246216,0.4102801978588104,0.5926887392997742
1403896284675641344,negative,0.8473226428031921,-1.405243992805481,3.8781793117523193
1403896287552888832,positive,1.4085313081741333,5.646868705749512,-1.3651409149169922
1403896289859829761,positive,2.0812995433807373,2.770845651626587,-0.5495379567146301
1403896292389044225,negative,1.022070288658142,0.8127813935279846,1.2103683948516846
1403896295626973185,neutral,1.4736007452011108,0.6925044059753418,0.958285927772522
1403896301108953088,positive,0.46040141582489014,1.9347045421600342,0.30995506048202515
1403896301377536000,negative,2.1112687587738037,-1.0838860273361206,2.2172744274139404
1403896301972951046,negative,0.8216761946678162,-0.48507919907569885,1.9308441877365112
1403896303940079616,negative,1.099560260772705,-0.6983869075775146,2.550657272338867
1403896304963444736,negative,1.1811085939407349,0.0727272555232048,1.6746410131454468
1403896305009758211,neutral,1.970556378364563,-0.5447690486907959,1.4466029405593872
1403896306075115524,negative,1.1136574745178223,-0.42424002289772034,1.587534785270691
1403896306138034188,negative,0.9091400504112244,-0.25595688819885254,1.833743929862976
1403896306880245764,neutral,1.5021402835845947,0.49968475103378296,0.4054940640926361
1403896307048017923,neutral,0.23260748386383057,0.1763904094696045,0.14018523693084717
1403896308759400450,negative,0.4793544411659241,-0.7620738744735718,2.617053508758545
1403896309053001730,negative,1.4937009811401367,-1.2051976919174194,3.207880735397339
1403896309493362691,negative,1.086300253868103,-1.2710697650909424,3.22053861618042
1403896310822936585,negative,1.0012050867080688,-0.7474527359008789,2.1851418018341064
1403896311187914755,neutral,1.8877835273742676,0.8182806372642517,0.645676851272583
1403896312693768192,positive,0.24194465577602386,0.9218271970748901,0.6420593857765198
1403896312756531202,neutral,1.8034615516662598,-0.6097457408905029,1.4995843172073364
1403896316489437187,negative,1.253101110458374,-0.3628621995449066,1.7098907232284546
1403896316929863682,negative,1.3231056928634644,-1.223022699356079,2.717541217803955
1403896317701591045,neutral,2.306673765182495,-0.3815866708755493,0.8096886277198792
1403896317810659329,negative,0.33813348412513733,-0.10822882503271103,3.0729942321777344
1403896317936496641,negative,1.513486385345459,0.0012542083859443665,1.9904756546020508
1403896320994156544,neutral,1.8971370458602905,-0.15716704726219177,1.0333062410354614
1403896321531076615,negative,0.9326791167259216,-1.4554407596588135,4.200860977172852
1403896321728204801,neutral,2.0063230991363525,-0.33636245131492615,0.8523566126823425
1403896321925206016,negative,0.9930721521377563,-0.7547318935394287,1.8698621988296509
1403896324995522563,neutral,1.520789384841919,0.7609114050865173,0.11890149861574173
1403896325159243780,negative,2.1112687587738037,-1.0838860273361206,2.2172744274139404
1403896326979457024,neutral,2.0772864818573,2.0228755474090576,-0.5559773445129395
1403896328267075585,negative,1.0012050867080688,-0.7474527359008789,2.1851418018341064
1403896330053816324,neutral,1.5487864017486572,0.06416340172290802,1.3724260330200195
1403896335858692096,neutral,2.782238483428955,1.129993200302124,-0.4243338406085968
1403896338278871045,negative,1.4070521593093872,-0.9250664710998535,1.9019063711166382
1403896339822387200,neutral,1.8891879320144653,0.5245234370231628,0.5609523057937622
1403896341684756483,neutral,1.4649516344070435,0.1423448622226715,0.712384819984436
1403896343312093187,neutral,1.7926784753799438,1.4174320697784424,0.14803920686244965
1403896344482361348,negative,0.9324607253074646,-1.4429657459259033,4.252299785614014
1403896345690206210,negative,1.2567555904388428,0.11146563291549683,1.3127238750457764
1403896346948558853,negative,1.4038137197494507,-0.6993424296379089,2.205883741378784
1403896348123058179,negative,1.3569879531860352,-1.1203746795654297,2.8420703411102295
1403896350358519809,negative,0.6495279669761658,0.05763537436723709,0.7428866028785706
1403896352489099265,neutral,2.3738739490509033,1.1273599863052368,-0.040464505553245544
1403896356926803978,negative,1.3916523456573486,0.02421901375055313,1.7649664878845215
1403896356930949122,neutral,1.7997779846191406,0.7192380428314209,0.6584754586219788
1403896359636258822,negative,1.685443639755249,-0.9581130743026733,2.3369438648223877
1403896361104203776,neutral,1.5676323175430298,-0.524814248085022,1.3224167823791504
1403896366363906048,neutral,1.7747641801834106,0.46827566623687744,0.6924096941947937
1403896366380707844,positive,0.8202999830245972,1.9886354207992554,-0.5993598699569702
1403896368402419713,negative,0.49778124690055847,-0.22387298941612244,2.3032760620117188
1403896368431775750,neutral,1.8955223560333252,-0.6867144703865051,1.5205382108688354
1403896370126155779,negative,1.1260251998901367,-1.1970969438552856,3.215461254119873
1403896371686658048,neutral,2.3370494842529297,1.0099583864212036,0.17281822860240936
1403896373301415939,negative,1.1811085939407349,0.07272730767726898,1.6746410131454468
1403896374211624965,neutral,1.9934452772140503,-0.2848522365093231,1.174928903579712
1403896374735769603,neutral,1.6381100416183472,-0.18916574120521545,0.5222846865653992
1403896377596317700,negative,0.9556260108947754,-0.01323099434375763,1.691843032836914
1403896380318384133,neutral,2.363513469696045,0.3148781955242157,0.3369843065738678
1403896380351987715,neutral,1.677620768547058,-0.07673872262239456,0.8697535395622253
1403896380511309826,neutral,1.8955223560333252,-0.6867144703865051,1.520538330078125
1403896380599390211,neutral,3.530146598815918,1.6300079822540283,-1.0650410652160645
1403896380632944640,neutral,3.530146598815918,1.6300079822540283,-1.0650410652160645
1403896380695859203,negative,0.662259042263031,-0.09665843099355698,2.125988721847534
1403896382478454785,neutral,3.530146598815918,1.6300079822540283,-1.0650410652160645
1403896383904436227,neutral,1.8955223560333252,-0.6867144703865051,1.520538330078125
1403896384252792837,neutral,2.506451368331909,1.4469833374023438,-0.5270968675613403
1403896386983280649,neutral,1.2574228048324585,0.3673502206802368,0.6101756691932678
1403896387004092416,neutral,1.8955223560333252,-0.6867144703865051,1.520538330078125
1403896387687706625,neutral,1.7043431997299194,0.23843282461166382,0.1986088752746582
1403896388044267526,neutral,1.6534432172775269,0.4846113622188568,0.26656779646873474
1403896388715532290,negative,0.8792341947555542,0.40289753675460815,1.3643262386322021
1403896389583659009,positive,1.4688810110092163,2.153653383255005,-0.059869639575481415
1403896391395680258,positive,0.6555278301239014,0.838203489780426,0.7353922724723816
1403896391907385345,negative,0.44721540808677673,-0.7057640552520752,3.263021469116211
1403896392133664772,negative,1.3117804527282715,-1.348885178565979,3.847764253616333
1403896393744388096,neutral,2.357102155685425,1.6978213787078857,-0.712165355682373
1403896394096820224,negative,1.3323875665664673,-0.29261741042137146,1.5215338468551636
1403896395904524290,negative,1.1069566011428833,-0.4871637523174286,2.063549041748047
1403896398911770626,neutral,2.506451368331909,1.4469833374023438,-0.5270968675613403
1403896399033368577,neutral,2.549631118774414,0.516819417476654,0.10533692687749863
1403896401319239680,neutral,1.639209270477295,0.9648638367652893,-0.2713245451450348
1403896402107895812,positive,1.0564757585525513,1.444417119026184,0.17174668610095978
1403896402162294785,neutral,1.829132318496704,0.5886770486831665,-0.08238726109266281
1403896403823235072,neutral,2.597214698791504,1.2493005990982056,-0.5927074551582336
1403896404687347719,neutral,2.506451368331909,1.4469833374023438,-0.5270968675613403
1403896404792258565,negative,1.361433506011963,0.04917512089014053,1.5213606357574463
1403896404817235971,neutral,1.7936885356903076,-0.6547881960868835,1.5307005643844604
1403896404981039107,negative,0.7005383968353271,-0.5927569270133972,3.2779781818389893
1403896405832474626,negative,1.39823579788208,-0.9572679400444031,2.098238229751587
1403896407552000005,neutral,1.9916646480560303,-0.5982836484909058,0.7482398152351379
1403896408177061898,negative,1.2561637163162231,-0.37146830558776855,1.5749441385269165
1403896408709558274,neutral,1.7782185077667236,-0.718195915222168,1.164130449295044
1403896410106331140,negative,1.076833963394165,-0.9646478295326233,2.903752326965332
1403896411524055042,positive,0.6308079957962036,2.6466498374938965,0.776756227016449
1403896411767332866,negative,0.447393536567688,-0.6764042377471924,2.4724931716918945
1403896413163974662,negative,1.0383585691452026,-1.0243583917617798,2.5237112045288086
1403896414564913153,neutral,2.8996496200561523,0.45050865411758423,-0.10041411966085434
1403896417131798530,neutral,1.9717105627059937,-0.5468530058860779,1.562325358390808
1403896417337458688,negative,1.2623041868209839,-1.4734795093536377,4.101487159729004
1403896419077996547,negative,1.1811085939407349,0.0727272555232048,1.6746410131454468
1403896420294443010,negative,0.5017963647842407,-1.225849986076355,3.9420413970947266
1403896421410131968,neutral,0.91468745470047,0.6782580018043518,0.7438430190086365
1403896421930078208,positive,1.6689776182174683,4.441986083984375,-0.9847700595855713
1403896423897210881,neutral,1.5668014287948608,-0.5870777368545532,1.3828506469726562
1403896425222524933,negative,0.945603609085083,-0.8081626892089844,2.2992570400238037
1403896425650532352,negative,1.485564947128296,-0.15798044204711914,1.7451889514923096
1403896425688174595,neutral,1.8955223560333252,-0.6867144703865051,1.520538330078125
1403896428565434369,negative,0.8484273552894592,-0.7974693775177002,1.9788130521774292
1403896431254048769,positive,1.0829882621765137,2.0894477367401123,-0.3227967619895935
1403896431535136768,positive,0.9861041903495789,1.0890339612960815,0.5027757883071899
1403896432390594562,negative,1.262863278388977,-0.42151567339897156,1.7442421913146973
1403896433288179712,neutral,1.7650130987167358,-0.7029992341995239,1.4997855424880981
1403896433498066944,negative,1.1811085939407349,0.0727272555232048,1.6746410131454468
1403896434257129474,negative,1.6500433683395386,-0.9479246139526367,2.067081928253174
1403896435112697858,neutral,1.8955223560333252,-0.6867144703865051,1.520538330078125
1403896436253630466,positive,1.6851985454559326,3.039599895477295,-0.5585664510726929
1403896440338911240,neutral,1.8891878128051758,0.5245235562324524,0.560952365398407
1403896440594776064,negative,0.9396049976348877,-0.10694343596696854,1.2571632862091064
1403896443094683649,positive,1.2483848333358765,1.4927120208740234,-0.027137460187077522
1403896443585413121,negative,0.8042432069778442,-0.6029181480407715,1.793745517730713
1403896445216821248,neutral,1.8891880512237549,0.5245233774185181,0.560952365398407
1403896445707591684,negative,1.3781874179840088,-0.29746654629707336,2.743572473526001
1403896446206636037,neutral,1.8091918230056763,-0.040560491383075714,0.9220719337463379
1403896447305760769,neutral,2.4322965145111084,0.09616206586360931,0.42239993810653687
1403896449411080194,positive,1.6851985454559326,3.039599895477295,-0.5585664510726929
1403896449964724226,neutral,1.2825285196304321,0.9985551834106445,0.7702628374099731
1403896451411976195,negative,1.3916523456573486,0.02421901375055313,1.7649664878845215
1403896451755692037,neutral,1.8891879320144653,0.5245234370231628,0.5609523057937622
1403896453718761473,negative,0.9916634559631348,-0.05342128127813339,1.953792929649353
1403896454163406852,negative,1.2023380994796753,-0.7699242234230042,1.836277723312378
1403896455849418753,negative,1.1976081132888794,-0.10416635125875473,2.0757665634155273
1403896457250312192,negative,1.033530354499817,-0.46554800868034363,1.0397409200668335
1403896458580049920,neutral,1.8955223560333252,-0.6867144703865051,1.520538330078125
1403896458819035136,negative,1.4937009811401367,-1.2051976919174194,3.207880735397339
1403896458915483649,neutral,1.8955223560333252,-0.6867144703865051,1.520538330078125
1403896463407476736,neutral,2.322033643722534,0.815569281578064,0.12140557914972305
1403896464108097538,negative,1.1725668907165527,-0.5843884944915771,1.7666301727294922
1403896466628820992,neutral,1.8445197343826294,0.23661664128303528,0.8432996869087219
1403896466909937666,negative,1.1791117191314697,-0.5697402358055115,2.4817821979522705
1403896467287330818,neutral,2.346031665802002,0.5818535089492798,0.6853736042976379
1403896468918870018,negative,1.371337652206421,-0.9784117341041565,2.3281328678131104
1403896469023858692,positive,1.3713581562042236,1.9070427417755127,0.4704006016254425
1403896471137624067,negative,0.8224155306816101,-0.6360538601875305,2.1034908294677734
1403896474321264641,negative,1.3309932947158813,-0.7563201785087585,1.7499388456344604
1403896475088789509,negative,0.8167321085929871,-1.531265377998352,4.817623615264893
1403896475499712512,positive,0.40952280163764954,2.4318647384643555,-0.3713822662830353
1403896475868798976,neutral,2.0883610248565674,0.32801762223243713,0.7366424798965454
1403896479228436486,neutral,1.3959310054779053,1.0429706573486328,0.7488155364990234
1403896480272769028,neutral,2.743549346923828,2.1186108589172363,-0.9307275414466858
1403896482437214208,negative,1.353706955909729,-1.1088672876358032,2.904186725616455
1403896485750755330,neutral,2.0772864818573,2.0228755474090576,-0.5559773445129395
1403896485952032771,negative,1.3916523456573486,0.02421901375055313,1.7649664878845215
1403896486706954241,negative,1.0074694156646729,0.04218638688325882,1.0216275453567505
1403896487168380932,neutral,1.8955223560333252,-0.6867144703865051,1.520538330078125
1403896487642374144,neutral,1.3340868949890137,0.9081017971038818,0.015080862678587437
1403896491018571777,neutral,2.549631357192993,0.5168194770812988,0.10533688962459564
1403896491253506049,negative,0.6655325889587402,-0.746134340763092,2.2370495796203613
1403896492721684481,neutral,2.112199068069458,-0.19266262650489807,1.506252646446228
1403896493409554436,negative,0.6051729321479797,0.19230520725250244,1.2887673377990723
1403896493904252931,neutral,2.506451368331909,1.4469833374023438,-0.5270968675613403
1403896494307086337,neutral,1.6567659378051758,-0.26104825735092163,1.0632373094558716
1403896494764171266,neutral,1.9842615127563477,-0.6380168795585632,1.508884310722351
1403896494923522052,neutral,2.1374387741088867,-0.33866703510284424,1.074953556060791
1403896496257441792,neutral,1.2798329591751099,0.10486480593681335,1.0287882089614868
1403896496366313474,negative,0.9180055260658264,-0.1478126347064972,1.9133461713790894
1403896498002165768,negative,1.3231056928634644,-1.223022699356079,2.717541217803955
1403896498690134017,negative,1.1269060373306274,-1.1269381046295166,3.217179536819458
1403896499004600323,neutral,1.7401485443115234,1.125767707824707,0.5823610424995422
1403896500632031233,negative,1.4352715015411377,-0.4205276072025299,1.5578562021255493
1403896500757753864,negative,0.9247325658798218,-0.13700571656227112,1.9240906238555908
1403896502163017729,neutral,1.8891879320144653,0.5245234370231628,0.5609523057937622
1403896503081398274,neutral,1.7031090259552002,0.07627692818641663,1.004420518875122
1403896503907749888,negative,1.0012050867080688,-0.7474527359008789,2.1851418018341064
1403896504352452609,neutral,2.0556209087371826,0.7246183156967163,0.5502036213874817
1403896505208033280,negative,0.9392639398574829,-0.6456587910652161,2.458120107650757
1403896505866633217,neutral,1.8955223560333252,-0.6867144703865051,1.520538330078125
1403896506189598722,negative,1.4831442832946777,-0.5778328776359558,2.2629661560058594
1403896506411671561,positive,1.7312099933624268,2.4386141300201416,0.2335016131401062
1403896508160774152,neutral,1.9350506067276,-0.5148268342018127,1.3700993061065674
1403896508219494405,neutral,1.675191879272461,0.02679452672600746,1.141197919845581
1403896509695873026,neutral,1.3914318084716797,0.44419899582862854,0.9822003245353699
1403896510362775554,negative,1.6149463653564453,-1.3307546377182007,2.791224479675293
1403896512011177985,neutral,1.8955223560333252,-0.6867144703865051,1.520538330078125
1403896512656994304,neutral,1.5939432382583618,0.942910373210907,0.15369093418121338
1403896515261878286,negative,1.3870906829833984,-0.004721067845821381,1.6637165546417236
1403896516951957504,neutral,2.4712109565734863,0.6748437285423279,0.039662815630435944
1403896517388378113,negative,0.9321470260620117,-0.11552194505929947,1.885581374168396
1403896517447069697,negative,0.8310291767120361,-1.1673275232315063,3.214250087738037
1403896517748948994,neutral,1.637675404548645,0.45437192916870117,0.5790776014328003
1403896521586786310,negative,1.1056259870529175,-0.4970618784427643,2.158320903778076
1403896523063058433,negative,1.506988525390625,-0.5759303569793701,1.9956871271133423
1403896523339927559,negative,0.44784626364707947,-0.1499650478363037,2.612367868423462
1403896524493377536,negative,1.1738077402114868,0.5183055400848389,1.2793595790863037
1403896524908675075,negative,1.4417675733566284,-0.9264217019081116,2.277371406555176
1403896525093224455,neutral,2.141573905944824,-0.4528813064098358,1.0741376876831055
1403896525806264323,neutral,2.6881070137023926,0.9846224188804626,0.009202968329191208
1403896526083039232,negative,1.3916523456573486,0.02421901375055313,1.7649664878845215
1403896526569574401,neutral,1.9239603281021118,0.8521581292152405,0.08820917457342148
1403896526997536771,negative,0.7179581522941589,-0.5973353981971741,2.5630955696105957
1403896527777669129,positive,3.4483814239501953,3.4966914653778076,-1.6389614343643188
1403896528201265162,neutral,1.9127711057662964,0.3759583532810211,0.6523366570472717
1403896528738172932,positive,1.6817203760147095,3.3827035427093506,-1.199779987335205
1403896530218663939,negative,0.9528616666793823,-0.30346253514289856,1.2832283973693848
1403896530856148994,neutral,2.154742479324341,1.6707860231399536,-0.0015393681824207306
1403896532886294528,negative,1.1069566011428833,-0.4871637523174286,2.063549041748047
1403896533024600069,negative,0.8230985999107361,0.3731451630592346,1.043951392173767
1403896533158830084,negative,1.6500433683395386,-0.9479246139526367,2.067081928253174
1403896533179846657,negative,1.381537675857544,-1.1605868339538574,2.6029374599456787
1403896533305610241,neutral,1.8247616291046143,-0.7695720791816711,1.692380428314209
1403896534140215299,positive,1.6851985454559326,3.039599895477295,-0.5585664510726929
1403896534446444544,neutral,1.4370402097702026,0.7616974711418152,0.07507877796888351
1403896535595708417,neutral,2.152703046798706,0.3163720667362213,0.5279976725578308
1403896536052928516,negative,1.5876938104629517,-0.8291019201278687,2.14081072807312
1403896537130754051,neutral,2.549631118774414,0.516819417476654,0.10533692687749863
1403896539114729472,neutral,2.322033643722534,0.815569281578064,0.12140557914972305
1403896541425848322,negative,1.1811084747314453,0.07272721827030182,1.6746410131454468
1403896541920759812,neutral,1.594359278678894,-0.11202608793973923,1.3583967685699463
1403896542294118400,negative,0.4876953959465027,-0.48116418719291687,2.8797342777252197
1403896543464275969,negative,1.2867721319198608,-0.22710418701171875,1.6015546321868896
1403896544902881281,negative,1.1769375801086426,-1.294210433959961,3.199197769165039
1403896547633336320,negative,1.122767686843872,-1.0719501972198486,3.2359676361083984
1403896548979843075,neutral,1.98343026638031,-0.006341919302940369,0.7290124297142029
1403896549466198023,positive,1.3670284748077393,3.059539556503296,-0.9569541811943054
1403896550992924675,negative,1.2213280200958252,-1.2218204736709595,3.12563419342041
1403896552184115200,neutral,3.530146598815918,1.6300078630447388,-1.065041184425354
1403896553232732164,negative,1.129483699798584,-0.5651317238807678,1.4719717502593994
1403896553392246788,negative,1.2827833890914917,-0.6761819124221802,1.3995178937911987
1403896554088370177,positive,1.6851985454559326,3.039599895477295,-0.5585664510726929
1403896556231839744,neutral,1.9842615127563477,-0.6380168795585632,1.508884310722351
1403896556558766080,negative,1.4070521593093872,-0.9250664710998535,1.9019063711166382
1403896559687852034,neutral,1.8445197343826294,0.23661664128303528,0.8432996869087219
1403896560857993219,negative,1.589642882347107,-1.0690412521362305,2.206575393676758
1403896561340407809,positive,1.2747802734375,2.970635414123535,-0.9597893357276917
1403896562200236035,negative,1.259231686592102,-0.602996826171875,1.8719688653945923
1403896563450093569,negative,1.2666748762130737,-0.29106640815734863,1.7661336660385132
1403896564603576322,neutral,1.594359278678894,-0.11202608793973923,1.3583967685699463
1403896567799554050,neutral,3.530146598815918,1.6300079822540283,-1.0650410652160645
1403896570672734217,neutral,1.8955224752426147,-0.6867144703865051,1.520538330078125
1403896571213729796,positive,1.6477446556091309,2.0732266902923584,-0.16653989255428314
1403896574166519815,negative,0.5185802578926086,-0.5486605167388916,2.6399500370025635
1403896574875291649,negative,1.2186388969421387,-0.8187011480331421,2.2360622882843018
1403896575127035908,negative,0.9829137325286865,-0.43323156237602234,1.9232242107391357
1403896575198261253,positive,2.2023656368255615,2.346116304397583,-0.2211184948682785
1403896576079142913,negative,0.9930721521377563,-0.7547318935394287,1.8698621988296509
1403896579673649157,negative,1.2149224281311035,-0.06888917833566666,1.2450729608535767
1403896581749821444,neutral,1.8593491315841675,0.8347284197807312,-0.2996327877044678
1403896584526573570,negative,0.8951000571250916,-1.1735033988952637,3.9652886390686035
1403896584971046916,neutral,3.530146598815918,1.6300079822540283,-1.0650410652160645
1403896585155715074,neutral,1.403457522392273,0.3542149066925049,0.8604941964149475
1403896585570766855,neutral,2.3157644271850586,1.5912283658981323,-0.5997738838195801
1403896587374452737,negative,1.1220711469650269,-1.1346501111984253,2.7893123626708984
1403896589194833922,neutral,1.7914716005325317,0.30349019169807434,1.0121768712997437
1403896589391962112,negative,1.1811085939407349,0.0727272555232048,1.6746410131454468
1403896591338164232,neutral,2.543001890182495,1.0240802764892578,-0.16154247522354126
1403896593951203330,negative,0.9091400504112244,-0.25595688819885254,1.833743929862976
1403896597184843779,neutral,1.9350506067276,-0.5148268342018127,1.3700993061065674
1403896598019514375,negative,0.8873331546783447,-0.9841702580451965,2.9613289833068848
1403896598338281473,neutral,1.5985978841781616,-0.7025386095046997,1.2886408567428589
1403896598636154882,negative,1.3825973272323608,-0.7200692892074585,1.8118244409561157
1403896600598958084,neutral,0.24074296653270721,0.17112769186496735,-0.03319134563207626
1403896600955547651,neutral,2.0574071407318115,0.10498327016830444,1.4736493825912476
1403896601253457921,negative,1.0844571590423584,-0.8040789365768433,2.029761552810669
1403896601265917957,negative,1.7748401165008545,-0.5806450247764587,2.501214027404785
1403896602071289857,neutral,1.240895390510559,0.968992292881012,0.3919830322265625
1403896605107916801,neutral,2.506451368331909,1.4469833374023438,-0.5270968675613403
1403896606747942912,neutral,2.142371892929077,0.8900461196899414,0.16939376294612885
1403896607016243201,positive,1.3584625720977783,1.574130654335022,-0.10650832206010818
1403896607607775240,neutral,2.4117350578308105,-0.5025992393493652,0.6488257646560669
1403896609327353859,neutral,1.8198760747909546,0.8568339943885803,0.4308655858039856
1403896609910366209,positive,1.6851985454559326,3.039599895477295,-0.5585664510726929
1403896611734921217,negative,1.1096612215042114,-0.644375741481781,1.8881877660751343
1403896613228060674,neutral,1.7003613710403442,0.25746017694473267,0.9888156056404114
1403896613853040640,negative,0.781062662601471,-0.6156980395317078,2.4879302978515625
1403896616197705736,neutral,1.8955223560333252,-0.6867144703865051,1.520538330078125
1403896617179049988,neutral,1.1626476049423218,0.23389747738838196,0.5224443078041077
1403896617242038275,neutral,3.530146598815918,1.6300079822540283,-1.0650410652160645
1403896617242042369,neutral,1.4993327856063843,1.4091700315475464,0.08224721997976303
1403896617829289987,negative,1.253101110458374,-0.3628621995449066,1.7098907232284546
1403896619121192966,negative,0.4463576078414917,0.045951519161462784,1.5297881364822388
1403896621105041409,neutral,2.6754703521728516,1.1542541980743408,-0.23154275119304657
1403896621553778691,neutral,1.5824435949325562,0.20389561355113983,0.5083481073379517
1403896623084675074,negative,1.4417675733566284,-0.9264217019081116,2.277371406555176
1403896624745570305,negative,1.3916523456573486,0.02421901375055313,1.7649664878845215
1403896624842084354,neutral,1.594359278678894,-0.11202608793973923,1.3583967685699463
1403896625022578691,negative,1.0012050867080688,-0.7474527359008789,2.1851418018341064
1403896626025046023,neutral,1.8955223560333252,-0.6867144703865051,1.520538330078125
1403896627446923264,neutral,1.594359278678894,-0.11202608793973923,1.3583967685699463
1403896627539021831,neutral,1.6376755237579346,0.45437195897102356,0.5790775418281555
1403896628860243968,negative,1.7143913507461548,-0.9848354458808899,2.122886896133423
1403896629459968000,negative,0.9015428423881531,0.08385277539491653,1.8173906803131104
1403896630005297153,negative,0.9315555691719055,-0.04178544133901596,1.463670015335083
1403896630626168833,neutral,1.0233993530273438,0.5540235638618469,0.6788432598114014
1403896630844170242,neutral,1.8955223560333252,-0.6867144703865051,1.520538330078125
1403896632610103299,neutral,1.7021840810775757,0.17646387219429016,1.2371689081192017e-05
1403896636535808003,negative,1.0970547199249268,-0.3534208834171295,2.526704788208008
1403896636636422152,negative,0.9394103288650513,-0.16124561429023743,2.092890739440918
1403896637924286468,neutral,2.6754703521728516,1.1542541980743408,-0.23154275119304657
1403896638146367490,positive,1.6851985454559326,3.039599895477295,-0.5585664510726929
1403896639740268545,neutral,1.8955223560333252,-0.6867144703865051,1.520538330078125
1403896640327471104,neutral,2.363513708114624,0.3148781359195709,0.3369843363761902
1403896640893820930,neutral,1.8891879320144653,0.5245234370231628,0.5609523057937622
1403896641699020801,negative,1.3916523456573486,0.02421901375055313,1.7649664878845215
1403896641879379974,negative,0.2571660280227661,-0.38197776675224304,2.3772239685058594
1403896643565637640,negative,0.8449799418449402,-0.9856649041175842,2.671632766723633
1403896644958052353,neutral,2.693345546722412,0.8935660123825073,-0.2407471388578415
1403896647067652101,neutral,1.7650130987167358,-0.7029992341995239,1.4997855424880981
1403896649487839238,neutral,1.675191879272461,0.02679452672600746,1.141197919845581
1403896650683256834,negative,1.4685450792312622,-0.8632570505142212,2.0787510871887207
1403896650905571336,positive,0.24194465577602386,0.9218271970748901,0.6420593857765198
1403896652981669888,neutral,1.571305751800537,0.8036907911300659,0.4719201624393463
1403896653149577220,negative,1.0883617401123047,-0.5602695345878601,1.9204556941986084
1403896654059638784,negative,1.2250843048095703,-1.3307441473007202,3.265805721282959
1403896654881718276,negative,0.6514736413955688,0.46988049149513245,1.1660926342010498
1403896655020277762,positive,0.1903618425130844,0.8563845753669739,0.7794696688652039
1403896658283229188,negative,1.0555176734924316,-1.307929277420044,3.750741958618164
1403896660271325184,negative,0.25677233934402466,0.13437776267528534,2.0209085941314697
1403896660535566337,negative,0.5816068053245544,-0.4124475419521332,2.3839502334594727
1403896661248724997,negative,1.184022307395935,-0.6304497718811035,2.0977234840393066
1403896661294866432,negative,0.5458968877792358,-1.2364215850830078,3.9307548999786377
1403896661437386752,negative,0.43450111150741577,-0.4738987982273102,2.435663938522339
1403896662850899973,negative,0.5172300934791565,0.6511051654815674,0.6934415698051453
1403896664394457093,neutral,1.8955223560333252,-0.6867144703865051,1.520538330078125
1403896665052958723,neutral,1.2128888368606567,0.3600938320159912,1.1083903312683105
1403896665204039684,negative,0.6631143093109131,-1.1986737251281738,3.7695534229278564
1403896665719803908,neutral,2.999330520629883,1.9905760288238525,-0.5879127383232117
1403896666113986563,neutral,1.555951476097107,0.9688065052032471,0.18715296685695648
1403896666399277058,neutral,2.476785659790039,1.3376643657684326,-0.3742389976978302
1403896666705600512,negative,1.0941842794418335,-0.7241612076759338,1.8068708181381226
1403896667162562561,negative,1.0371662378311157,-0.8301528096199036,3.2947821617126465
1403896670484537345,neutral,1.9815701246261597,0.632115364074707,0.1684393286705017
1403896670815932425,neutral,1.8955223560333252,-0.6867144703865051,1.520538330078125
1403896670983802882,negative,0.5215267539024353,0.32274070382118225,1.5391018390655518
1403896671822512131,neutral,1.8891879320144653,0.5245234370231628,0.5609523057937622
1403896671923097604,neutral,1.4079866409301758,1.0797332525253296,0.30255502462387085
1403896672531496973,negative,1.1844391822814941,-0.21330654621124268,1.2975715398788452
1403896672946724868,neutral,2.4799609184265137,0.5016931891441345,0.1392359733581543
1403896673365938182,neutral,1.6662112474441528,0.8478497862815857,0.432645708322525
1403896673403871238,neutral,2.306673765182495,-0.3815866708755493,0.8096886277198792
1403896674200604678,positive,2.0592246055603027,3.703709602355957,-0.8232370615005493
1403896674443927553,neutral,1.6376755237579346,0.45437195897102356,0.5790775418281555
1403896675194658816,positive,1.6851985454559326,3.039599895477295,-0.5585664510726929
1403896675974848515,neutral,1.6384438276290894,1.3267924785614014,0.11581849306821823
1403896676947873792,negative,0.8612437844276428,0.7281870245933533,0.9787237048149109
1403896678579593220,negative,1.3916523456573486,0.02421901375055313,1.7649664878845215
1403896679145816065,negative,1.1069566011428833,-0.4871637523174286,2.063549041748047
1403896680005595140,neutral,1.555951476097107,0.9688065052032471,0.18715296685695648
1403896680508887043,neutral,1.842178225517273,0.6455209851264954,0.21210385859012604
1403896680639045637,neutral,1.8955223560333252,-0.6867144703865051,1.520538330078125
1403896682731905028,neutral,1.8657164573669434,0.041069041937589645,0.9702680706977844
1403896682983530496,positive,1.6851985454559326,3.039599895477295,-0.5585664510726929
1403896683994492929,negative,1.3916524648666382,0.02421901375055313,1.7649662494659424
1403896684002693125,negative,1.963922381401062,-1.0685670375823975,2.553518056869507
1403896685604995072,neutral,1.675191879272461,0.02679452672600746,1.141197919845581
1403896685961547778,negative,0.8233937621116638,-1.3935613632202148,4.120926856994629
1403896689065304068,neutral,3.530146598815918,1.6300079822540283,-1.0650410652160645
1403896692139859971,negative,1.2763220071792603,-0.3386610448360443,1.4441704750061035
1403896692819202048,neutral,1.6115069389343262,0.03958284854888916,1.3143359422683716
1403896694593314839,negative,0.8405974507331848,-0.6550628542900085,3.1256580352783203
1403896694648061955,negative,1.3916523456573486,0.02421901375055313,1.7649664878845215
1403896694924734467,negative,1.4797323942184448,0.15052390098571777,1.9806532859802246
1403896695046303745,neutral,1.3833844661712646,0.7653990983963013,0.544152557849884
1403896695210102784,negative,1.3916523456573486,0.02421901375055313,1.7649664878845215
1403896696334012417,neutral,3.530146598815918,1.6300079822540283,-1.0650410652160645
1403896696933740546,negative,1.1018399000167847,-0.8343183994293213,2.009791135787964
1403896698586341378,negative,1.758323073387146,-1.2804011106491089,2.8484585285186768
1403896698745757698,neutral,3.5707790851593018,2.061901092529297,-1.2606663703918457
1403896699374948356,neutral,1.7573332786560059,0.7625840306282043,0.43807604908943176
1403896700230590467,neutral,1.5513272285461426,0.2386857569217682,0.6901179552078247
1403896700322729990,negative,1.7143913507461548,-0.9848354458808899,2.122886896133423
1403896700977266689,neutral,2.476785659790039,1.3376643657684326,-0.3742389678955078
1403896702155722752,negative,0.7608493566513062,0.3796582818031311,0.9462507963180542
1403896704802324480,neutral,3.530146598815918,1.6300079822540283,-1.0650410652160645
1403896710502490112,negative,1.211484432220459,-0.24126097559928894,1.8649778366088867
1403896710770823172,neutral,1.8955223560333252,-0.6867144703865051,1.520538330078125
1403896711102095362,positive,1.6851985454559326,3.039599895477295,-0.5585664510726929
1403896711756402688,negative,1.034212350845337,-0.6884844899177551,2.1932311058044434
1403896712192675840,negative,1.529098629951477,-1.2686176300048828,3.386286497116089
1403896712197033985,neutral,0.7889485955238342,0.41702958941459656,-0.24594296514987946
1403896712347926530,neutral,2.7033121585845947,1.3659344911575317,-0.2930809557437897
1403896712675135491,neutral,1.91477632522583,-0.7280219793319702,1.6810380220413208
1403896712947589126,neutral,1.9879759550094604,-0.16908469796180725,0.9291974306106567
1403896713459421186,neutral,1.8445197343826294,0.23661664128303528,0.8432996869087219
1403896714902134785,neutral,1.5057400465011597,0.7023640871047974,0.516826868057251
1403896716764467200,neutral,2.574991464614868,1.0160040855407715,-0.041679464280605316
1403896716773015555,neutral,1.5469820499420166,0.34548744559288025,1.1286908388137817
1403896717397815305,neutral,1.675191879272461,0.02679452672600746,1.141197919845581
1403896717595004930,neutral,1.0470736026763916,0.8655418157577515,0.5028437376022339
1403896718173736963,positive,2.0592246055603027,3.703709840774536,-0.8232372999191284
1403896718555504644,negative,0.8104234337806702,0.07261677086353302,2.0638785362243652
1403896719683862529,negative,1.3916523456573486,0.02421901375055313,1.7649664878845215
1403896720849707009,neutral,2.058189630508423,-0.8383658528327942,1.4405418634414673
1403896723085303809,neutral,1.670372486114502,0.7192901372909546,0.35926705598831177
1403896723475423235,neutral,1.9921364784240723,1.1815881729125977,-0.3537496328353882
1403896723731369985,neutral,2.6754703521728516,1.1542541980743408,-0.23154275119304657
1403896725257994245,negative,1.3916523456573486,0.02421901375055313,1.7649664878845215
1403896725723660288,negative,1.1433969736099243,-0.704331636428833,1.697956919670105
1403896725971124228,neutral,2.3276426792144775,0.7405429482460022,0.4950406849384308
1403896727762083841,negative,1.006975531578064,-0.8961090445518494,2.684022903442383
1403896728005271553,negative,1.3186944723129272,-1.2208213806152344,3.128882884979248
1403896728714100743,negative,1.0526748895645142,-0.4854060709476471,1.9483730792999268
1403896729309650944,negative,1.0627849102020264,-0.004294201731681824,1.7522211074829102
1403896729598976015,positive,1.334754467010498,1.6714845895767212,0.26079437136650085
1403896730479964162,neutral,1.8327510356903076,0.14273375272750854,0.7144150733947754
1403896731981561860,negative,0.5944281816482544,-0.4990805685520172,2.3910226821899414
1403896732392382465,negative,1.2674775123596191,-0.38276830315589905,1.5813710689544678
1403896732468002822,neutral,1.8638066053390503,1.0605669021606445,0.08877488225698471
1403896736226054147,neutral,1.4884328842163086,0.7930929660797119,0.48443543910980225
1403896738209964032,negative,1.0867265462875366,-0.339484840631485,2.0128977298736572
1403896738427985922,neutral,3.0300402641296387,1.7495307922363281,-0.859886109828949
1403896738893733889,negative,0.8602399826049805,-0.9592998623847961,2.5090560913085938
1403896741913522180,neutral,1.675191879272461,0.02679452672600746,1.141197919845581
1403896742056235011,neutral,1.0050346851348877,0.7628312110900879,0.9948947429656982
1403896743586983939,negative,0.9339749813079834,-0.7586674690246582,2.7443087100982666
1403896743608029192,negative,0.9930721521377563,-0.7547318935394287,1.8698621988296509
1403896743809339393,neutral,1.985016942024231,0.8900209069252014,-0.13704028725624084
1403896746179141633,negative,1.1543433666229248,0.08257272839546204,1.5020558834075928
1403896746632118285,neutral,2.496006488800049,1.005565881729126,0.14514870941638947
1403896746841763843,neutral,1.8955223560333252,-0.6867144703865051,1.520538330078125
1403896748788027399,negative,1.526581883430481,-0.479623943567276,1.7788920402526855
1403896749807353856,neutral,2.543001890182495,1.0240802764892578,-0.16154247522354126
1403896750830764036,neutral,2.377094268798828,0.016065433621406555,0.6846417784690857
1403896752931971072,neutral,1.594359278678894,-0.11202608793973923,1.3583967685699463
1403896754928553985,negative,0.8947703838348389,-0.21060419082641602,1.8376301527023315
1403896755909971968,neutral,2.0453317165374756,1.487646222114563,0.08213268220424652
1403896756685836289,neutral,1.666682481765747,-0.04326825588941574,0.8786294460296631
1403896757117882370,negative,0.9677236080169678,-0.4146828353404999,2.084883213043213
1403896757730349057,neutral,1.345871925354004,0.9412020444869995,0.3350132405757904
1403896757809864705,negative,1.4070521593093872,-0.9250664710998535,1.9019063711166382
1403896758472626176,neutral,1.865818977355957,-0.13734790682792664,0.622273325920105
1403896759709995013,neutral,1.7473424673080444,0.16600511968135834,1.585730791091919
1403896761798651905,neutral,1.3841532468795776,0.035981204360723495,0.9555603861808777
1403896762373345282,negative,0.9603316187858582,-1.2457090616226196,3.680310010910034
1403896763027628039,negative,1.310646414756775,-0.22155609726905823,1.6647940874099731
1403896764952891394,neutral,1.8955223560333252,-0.6867144703865051,1.520538330078125
1403896765066223618,negative,0.5119814276695251,-0.45367464423179626,2.4310975074768066
1403896766559293442,neutral,2.6754703521728516,1.1542541980743408,-0.23154275119304657
1403896767825989636,neutral,1.5093660354614258,-0.03203272074460983,0.7196276187896729
1403896768358662148,negative,1.3916523456573486,0.02421901375055313,1.7649664878845215
1403896768425869323,neutral,2.8231799602508545,2.7245588302612305,-1.0033318996429443
1403896769327599618,negative,1.3916523456573486,0.02421901375055313,1.7649664878845215
1403896770283909121,neutral,1.8955223560333252,-0.6867144703865051,1.520538330078125
1403896770917191689,negative,0.9268694519996643,-0.034183911979198456,1.6527594327926636
1403896771651141632,neutral,1.8955223560333252,-0.6867144703865051,1.520538330078125
1403896772871610369,neutral,1.5985978841781616,-0.7025386095046997,1.2886408567428589
1403896772917874690,neutral,1.9801586866378784,-0.0916750356554985,0.2711716592311859
1403896773945401345,neutral,1.8264185190200806,-0.0603271946310997,1.1152548789978027
1403896776390811653,negative,1.2501083612442017,-0.30457815527915955,1.9490691423416138
1403896777518960646,neutral,2.0772864818573,2.0228755474090576,-0.5559773445129395
1403896780601839618,negative,1.3629125356674194,0.4103354513645172,1.803444504737854
1403896781012828162,neutral,3.530146598815918,1.6300077438354492,-1.065040946006775
1403896781541347328,positive,1.5819873809814453,1.9936174154281616,-0.31046262383461
1403896781688086528,negative,0.7687438726425171,-0.2562609612941742,1.7392308712005615
1403896786918555648,neutral,1.9510283470153809,0.9791750311851501,0.2901570498943329
1403896787082043396,neutral,1.0717263221740723,0.2285062074661255,0.7560484409332275
1403896787237105666,neutral,1.2275501489639282,0.6725857853889465,1.0018467903137207
1403896787723640833,negative,1.5670692920684814,-0.8229623436927795,1.7146711349487305
1403896787807703041,negative,0.8859124183654785,-0.5239306688308716,2.1308279037475586
1403896787832696835,neutral,2.058189630508423,-0.8383658528327942,1.4405418634414673
1403896788680015876,negative,1.6157962083816528,-1.0095295906066895,2.166438102722168
1403896788805951492,neutral,2.3593883514404297,-0.1128765419125557,0.5094940662384033
1403896789061746693,negative,1.0393645763397217,-0.9361734390258789,2.3931021690368652
1403896790815023110,negative,1.1811085939407349,0.0727272555232048,1.6746410131454468
1403896791234498561,neutral,2.5975358486175537,0.6107588410377502,-0.16920332610607147
1403896791582584834,negative,0.8080824017524719,0.4232437312602997,1.1568225622177124
1403896792593403906,neutral,2.6754703521728516,1.1542541980743408,-0.23154275119304657
1403896793197281281,neutral,1.4324649572372437,0.27195513248443604,0.5691354870796204
1403896795155951622,neutral,1.8445197343826294,0.23661664128303528,0.8432996869087219
1403896795512590337,negative,0.6738414168357849,0.7322024703025818,1.1927428245544434
1403896796967964674,negative,1.0012050867080688,-0.7474527359008789,2.1851418018341064
1403896797924364293,negative,1.3916523456573486,0.02421901375055313,1.7649664878845215
1403896798352183298,neutral,1.6042710542678833,-0.5423685312271118,1.0574294328689575
1403896798536552450,neutral,1.6376755237579346,0.45437195897102356,0.5790775418281555
1403896800893882372,neutral,1.594359278678894,-0.11202608793973923,1.3583967685699463
1403896805205622785,neutral,1.555951476097107,0.9688065052032471,0.18715296685695648
1403896806942011394,neutral,1.842178225517273,0.6455209851264954,0.21210385859012604
1403896807147458563,positive,1.7465800046920776,3.7106921672821045,-1.187950611114502
1403896809068457987,neutral,1.6617878675460815,0.03448249399662018,0.41292497515678406
1403896809114660865,negative,1.3916523456573486,0.02421901375055313,1.7649664878845215
1403896809198698502,neutral,1.8445197343826294,0.23661664128303528,0.8432996869087219
1403896810427453442,neutral,1.7606884241104126,-0.45003369450569153,1.423646330833435
1403896811132182529,negative,1.2130781412124634,0.7240802645683289,1.3121345043182373
1403896812885401602,negative,1.0393645763397217,-0.9361734390258789,2.3931021690368652
1403896813623681026,neutral,1.594359278678894,-0.11202608793973923,1.3583967685699463
1403896814462328833,neutral,3.530146598815918,1.6300079822540283,-1.0650410652160645
1403896815972491269,negative,0.5273095369338989,0.38081881403923035,1.8570739030838013
1403896816261758982,neutral,1.8955223560333252,-0.6867144703865051,1.520538330078125
1403896817599848451,positive,1.7321947813034058,1.8240582942962646,0.24328383803367615
1403896818707025921,neutral,1.9409207105636597,0.4877595901489258,-0.0324331596493721
1403896818853892096,neutral,1.9782812595367432,-0.23484474420547485,0.8278170228004456
1403896819420069889,negative,0.9361164569854736,-1.0470346212387085,3.4188430309295654
1403896819583569924,negative,1.1673609018325806,-0.2854667603969574,2.0156445503234863
1403896820896387072,neutral,1.6925071477890015,0.8317884802818298,0.11772458255290985
1403896821144035328,neutral,1.9731109142303467,0.5826821327209473,0.33586999773979187
1403896821269897217,negative,1.3916523456573486,0.024219006299972534,1.7649664878845215
1403896822444089346,neutral,1.7064584493637085,1.3610581159591675,0.013001875951886177
1403896822670585856,neutral,1.8542426824569702,0.9942551851272583,-0.18153156340122223
1403896824721723400,negative,0.8942181468009949,-1.32571542263031,3.7537317276000977
1403896824885256196,neutral,2.137368679046631,0.7538023591041565,-0.39067932963371277
1403896825145348102,neutral,1.594359278678894,-0.11202608793973923,1.3583967685699463
1403896826491723776,neutral,1.8971370458602905,-0.15716704726219177,1.0333062410354614
1403896826613358594,negative,1.478581428527832,-1.2356950044631958,3.0750324726104736
1403896826843963392,negative,1.099217176437378,-1.0995700359344482,3.0814459323883057
1403896827720654851,negative,0.9655854105949402,0.07808985561132431,1.2051894664764404
1403896828047863814,negative,1.7245159149169922,-0.7843857407569885,1.7470245361328125
1403896828135882754,positive,0.24194465577602386,0.9218271970748901,0.6420593857765198
1403896828417003523,negative,0.986954927444458,-1.4569605588912964,4.184147357940674
1403896830694289409,negative,0.5519152879714966,0.06264945864677429,1.1724940538406372
1403896833873678336,neutral,2.010223627090454,0.31005555391311646,0.8314116597175598
1403896834670559234,negative,1.6166799068450928,-1.2561655044555664,2.888909339904785
1403896835278704642,neutral,2.2542836666107178,0.9160557389259338,-0.15151433646678925
1403896835798937603,neutral,2.6754703521728516,1.1542541980743408,-0.23154275119304657
1403896837384261632,negative,1.284617304801941,-1.124041199684143,2.786445379257202
1403896837937909763,negative,1.0990169048309326,-0.7306037545204163,2.218822956085205
1403896838286086144,negative,1.272011637687683,-1.3896077871322632,3.60919451713562
1403896839087214592,neutral,1.8445197343826294,0.23661664128303528,0.8432996869087219
1403896839166910474,negative,0.7749300003051758,-0.6481226086616516,2.326329469680786
1403896839338795011,neutral,1.5376112461090088,-0.07840780168771744,0.9924055337905884
1403896839615631362,neutral,1.7460734844207764,-0.5426875352859497,1.5198017358779907
1403896840316088321,negative,0.33813348412513733,-0.10822882503271103,3.0729942321777344
1403896844942413828,negative,1.5670692920684814,-0.8229623436927795,1.7146711349487305
1403896845328388099,positive,1.4489885568618774,1.6204355955123901,0.09375887364149094
1403896846745997314,neutral,1.7661134004592896,-0.7581321597099304,1.1150120496749878
1403896846863323136,positive,1.32978355884552,1.3409961462020874,0.3337065875530243
1403896849661108227,neutral,2.543001890182495,1.0240802764892578,-0.16154247522354126
1403896851359834113,negative,1.024670958518982,-0.49670615792274475,2.2762160301208496
1403896851456151553,neutral,2.6644980907440186,0.17095763981342316,0.6062108278274536
1403896851946868739,neutral,1.4318900108337402,1.135245680809021,0.5621235370635986
1403896852177584129,neutral,2.3441665172576904,-0.6458861231803894,1.183232307434082
1403896852605407232,neutral,1.7438949346542358,0.4998912811279297,-0.034557342529296875
1403896852810960901,negative,0.943796694278717,0.6566219329833984,1.00522780418396
1403896854476070916,neutral,2.0574071407318115,0.10498327016830444,1.4736493825912476
1403896854597693442,negative,1.3186944723129272,-1.220821499824524,3.12888240814209
1403896855079972866,neutral,3.530146598815918,1.6300079822540283,-1.0650410652160645
1403896856493510657,negative,1.262342095375061,-1.2370593547821045,2.973182201385498
1403896859165265921,positive,0.9506955146789551,1.0571388006210327,0.17117713391780853
1403896859442155525,neutral,2.284581422805786,1.1744047403335571,0.066656693816185
1403896861438607364,neutral,1.229818344116211,-0.032330192625522614,1.0913667678833008
1403896862554296322,neutral,2.5161781311035156,0.588119387626648,0.1337217092514038
1403896865377161224,neutral,1.8955223560333252,-0.6867144703865051,1.520538330078125
1403896865632899075,positive,1.6851985454559326,3.039599895477295,-0.5585664510726929
1403896866119553027,neutral,1.3427995443344116,0.49344491958618164,0.5601862668991089
1403896866333335553,neutral,1.529434323310852,0.09563685208559036,0.9006960391998291
1403896866803179521,negative,0.79547119140625,-0.2168324887752533,1.8784863948822021
1403896868657111043,neutral,2.506451368331909,1.4469833374023438,-0.5270968675613403
1403896869353246727,negative,1.0353491306304932,-1.2652437686920166,3.8529469966888428
1403896869919465472,negative,1.2585248947143555,-0.8265020251274109,1.772182583808899
1403896871332941824,negative,0.809623658657074,-0.47086700797080994,2.5675086975097656
1403896871563714564,positive,0.655551552772522,1.0938642024993896,0.7399014234542847
1403896873279057920,neutral,1.675191879272461,0.02679452672600746,1.141197919845581
1403896873488879617,negative,0.5609304308891296,-1.2356969118118286,3.8863625526428223
1403896873614778369,negative,0.6938790678977966,-0.8847156167030334,3.01367449760437
1403896875594493955,positive,1.7465800046920776,3.7106921672821045,-1.187950611114502
1403896876584386564,negative,1.0012050867080688,-0.7474527359008789,2.1851418018341064
1403896877943169029,negative,1.8119698762893677,-0.8825729489326477,1.8691558837890625
1403896878056427522,neutral,1.304914951324463,1.212959885597229,0.8935918211936951
1403896878224314380,neutral,1.5969702005386353,0.9456179738044739,1.0115007162094116
1403896879755104257,negative,1.2329200506210327,-0.7590693831443787,2.1600472927093506
1403896880317095947,neutral,1.3398782014846802,0.10621453821659088,0.6001275777816772
1403896880908713987,negative,0.8593897819519043,0.2728665769100189,1.4944849014282227
1403896881277702148,neutral,1.8637111186981201,1.066705346107483,0.2814408242702484
1403896882041028611,neutral,2.3256235122680664,1.0007436275482178,-0.4511708617210388
1403896882208940034,negative,1.2350327968597412,-1.045258641242981,3.3841421604156494
1403896883106529284,negative,1.076833963394165,-0.9646478295326233,2.903752326965332
1403896884066885636,positive,1.7465800046920776,3.7106921672821045,-1.187950611114502
1403896884494843904,negative,1.5686872005462646,-0.9583391547203064,1.9487159252166748
1403896885279027201,neutral,2.013227701187134,0.5647651553153992,0.5788566470146179
1403896885476167682,negative,1.0353491306304932,-1.2652437686920166,3.8529469966888428
1403896887770378245,neutral,2.175523519515991,1.3142290115356445,-0.29246875643730164
1403896890349867009,neutral,2.0701537132263184,1.597553014755249,-0.18209879100322723
1403896890840825857,negative,0.7821197509765625,-0.27248403429985046,1.7492585182189941
1403896893638287369,negative,0.7102125883102417,-0.8747079968452454,2.8410956859588623
1403896895475421184,neutral,1.4218790531158447,0.29857537150382996,1.1622194051742554
1403896895840215047,neutral,1.4421472549438477,0.24456250667572021,1.0558221340179443
1403896896167448578,neutral,1.8445197343826294,0.23661664128303528,0.8432996869087219
1403896896234663940,neutral,2.6754703521728516,1.1542541980743408,-0.23154275119304657
1403896896897224704,neutral,1.8400615453720093,-0.6078438758850098,1.4062224626541138
1403896897367064581,negative,0.7026495337486267,-0.17312464118003845,1.139752984046936
1403896897664847877,negative,0.3432222604751587,-0.22914132475852966,1.9938498735427856
1403896898910519297,neutral,1.5653685331344604,-0.10058655589818954,1.4471594095230103
1403896900831481858,negative,1.2666748762130737,-0.29106640815734863,1.7661336660385132
1403896902438039553,negative,1.573771595954895,-0.5357782244682312,1.869209885597229
1403896902953799680,neutral,1.6098304986953735,0.8501064777374268,0.39069387316703796
1403896903431974913,negative,1.1069566011428833,-0.4871637523174286,2.063549041748047
1403896904140853250,neutral,1.8955223560333252,-0.6867144703865051,1.5205382108688354
1403896904853774336,negative,1.272011637687683,-1.3896077871322632,3.60919451713562
1403896905684242433,neutral,3.530146598815918,1.6300079822540283,-1.0650410652160645
1403896906124709896,neutral,1.168075680732727,0.845725953578949,0.725641667842865
1403896906191753219,neutral,1.5416330099105835,0.5326160192489624,0.8863680362701416
1403896906430836747,neutral,1.64864981174469,-0.03955145925283432,1.1367154121398926
1403896912198184964,neutral,1.6322274208068848,-0.2904786467552185,0.6026712656021118
1403896913548689409,neutral,2.169309377670288,0.17105650901794434,1.296540379524231
1403896914127425538,negative,1.3188849687576294,0.1390364170074463,1.3230667114257812
1403896914538504196,positive,1.4489885568618774,1.6204355955123901,0.09375881403684616
1403896915910021122,negative,1.278430700302124,-0.45615139603614807,1.3869833946228027
1403896915922612231,neutral,1.6487090587615967,0.3999166190624237,0.6670874953269958
1403896916803473411,negative,0.7924113869667053,-1.1069839000701904,3.345144510269165
1403896917084434432,negative,1.5152082443237305,0.4403834044933319,1.6363238096237183
1403896917134700545,neutral,2.6900625228881836,-0.032623983919620514,0.506423830986023
1403896917382230021,neutral,1.8573347330093384,1.3790003061294556,-0.2541278302669525
1403896918376214528,negative,1.2213280200958252,-1.2218204736709595,3.125633955001831
1403896918858551303,negative,1.0089229345321655,-0.32507121562957764,2.002326726913452
1403896919047430146,negative,1.3423479795455933,-0.2866097092628479,1.3450887203216553
1403896919814860800,neutral,2.4346582889556885,0.6345967054367065,0.16529236733913422
1403896920062316550,neutral,1.7221250534057617,0.5207642912864685,0.6244858503341675
1403896920662233095,neutral,1.9547450542449951,-0.49415311217308044,1.414319396018982
1403896921274585100,negative,1.1787387132644653,-0.9735284447669983,2.2485713958740234
1403896921375260672,negative,1.017619252204895,-1.2105517387390137,3.1688790321350098
1403896922012897281,negative,1.5637714862823486,-0.8004034757614136,1.9512150287628174
1403896923296202754,neutral,1.719739317893982,-0.5972578525543213,1.6492222547531128
1403896923908628483,negative,0.9091400504112244,-0.25595688819885254,1.833743929862976
1403896924902731776,negative,0.943796694278717,0.6566219329833984,1.00522780418396
1403896925091295241,neutral,2.3483023643493652,1.0169323682785034,-0.5651215314865112
1403896925976289282,neutral,2.144564151763916,1.1617043018341064,-0.08065996319055557
1403896926798417920,neutral,2.097911834716797,0.4486756920814514,-0.04970850050449371
1403896927624654848,neutral,1.5980005264282227,0.7688301205635071,0.4767431318759918
1403896927901650945,neutral,1.8955223560333252,-0.6867144703865051,1.520538330078125
1403896931420499970,positive,2.258049249649048,2.4154653549194336,-0.43298614025115967
1403896935120052225,neutral,2.660527467727661,0.310103178024292,0.27942317724227905
1403896936290267138,neutral,1.5711663961410522,1.090124249458313,0.8357303142547607
1403896936436965378,negative,0.8697097897529602,-0.4564375579357147,2.0476267337799072
1403896936495779841,negative,1.5336757898330688,-0.5846304297447205,2.216564893722534
1403896936642400259,negative,0.6862499117851257,-0.6013858914375305,2.7786030769348145
1403896936814596098,positive,0.6289659142494202,1.1644072532653809,-0.07332351058721542
1403896937028411392,neutral,1.8445197343826294,0.23661664128303528,0.8432996869087219
1403896937259044865,positive,1.334754467010498,1.6714845895767212,0.26079437136650085
1403896938282553347,neutral,1.429057002067566,-0.2580416798591614,1.4156477451324463
1403896940815732740,neutral,1.7650130987167358,-0.7029992341995239,1.4997855424880981
1403896940950032388,positive,0.5004642605781555,1.9816402196884155,0.46882566809654236
1403896941860188160,neutral,2.363513469696045,0.31487810611724854,0.3369843363761902
1403896943483445252,negative,1.3916523456573486,0.02421901375055313,1.7649664878845215
1403896943999258632,neutral,1.594359278678894,-0.11202608793973923,1.3583967685699463
1403896944490016771,negative,1.421380877494812,-0.5895100831985474,1.5557445287704468
1403896945035333632,neutral,2.0772864818573,2.0228755474090576,-0.5559773445129395
1403896945274494976,negative,1.1915584802627563,-1.155424952507019,2.7863192558288574
1403896945697951746,neutral,1.571305751800537,0.8036907315254211,0.4719201326370239
1403896947660886016,negative,1.5036462545394897,-0.784285843372345,2.0220742225646973
1403896950215249925,neutral,1.8955223560333252,-0.6867144703865051,1.520538330078125
1403896950454308866,negative,1.2213280200958252,-1.2218204736709595,3.125633716583252
1403896950693449730,neutral,2.6754703521728516,1.1542541980743408,-0.23154275119304657
1403896950995357698,neutral,3.530146598815918,1.6300079822540283,-1.0650410652160645
1403896952828444674,negative,1.262342095375061,-1.2370593547821045,2.973182201385498
1403896953532977153,neutral,1.8445197343826294,0.23661664128303528,0.8432996869087219
1403896955068194817,negative,0.7140426635742188,-0.8108472228050232,2.651550531387329
1403896957387616256,neutral,2.400028944015503,1.3409916162490845,-0.4960533380508423
1403896958364700674,negative,1.4678725004196167,-0.5522775650024414,2.4381589889526367
1403896959270797313,negative,1.4520831108093262,-0.9253005385398865,1.8771528005599976
1403896960508125187,negative,0.8947703838348389,-0.21060419082641602,1.8376301527023315
1403896960604508164,negative,1.3982356786727905,-0.9572679400444031,2.098238229751587
1403896961195855878,neutral,1.675191879272461,0.02679452672600746,1.141197919845581
1403896964094124032,neutral,2.0574071407318115,0.10498327016830444,1.4736493825912476
1403896966329737216,neutral,2.226247787475586,-0.05800209194421768,1.265005350112915
1403896966644342786,neutral,1.8866626024246216,0.7978830933570862,0.7123443484306335
1403896968351465473,negative,1.3328297138214111,-0.20179513096809387,1.7869004011154175
1403896968380825603,neutral,2.6446988582611084,1.945237398147583,-0.9445802569389343
1403896969517490185,negative,1.5338327884674072,-0.6824718713760376,2.090503215789795
1403896969790119939,neutral,1.768370509147644,-0.24581527709960938,1.1137531995773315
1403896973942480898,negative,1.1708300113677979,-1.199205756187439,2.959674596786499
1403896974487830533,negative,1.333251953125,-0.9235236048698425,2.4272313117980957
1403896975985160195,negative,1.3624989986419678,-0.8201825022697449,1.8603320121765137
1403896976450613255,negative,1.099217176437378,-1.0995700359344482,3.0814459323883057
1403896977054572544,positive,1.685198426246643,3.039599895477295,-0.5585665106773376
1403896978388389895,negative,1.2183064222335815,-0.48105713725090027,1.934949517250061
1403896978468179971,neutral,1.0250871181488037,0.9958229660987854,0.9199002385139465
1403896978803679237,neutral,1.9700326919555664,-0.9000847935676575,1.7084516286849976
1403896979940249605,neutral,2.6215062141418457,1.8814365863800049,-0.6578801870346069
1403896981471301633,neutral,1.7473424673080444,0.16600511968135834,1.585730791091919
1403896982251347973,neutral,2.363513708114624,0.3148781359195709,0.3369843363761902
1403896983375421442,positive,0.9506955146789551,1.0571388006210327,0.17117713391780853
1403896983601909762,negative,1.8190058469772339,-1.0369818210601807,2.1519250869750977
1403896984340033538,neutral,1.7833340167999268,-0.273571640253067,1.362803339958191
1403896984445112322,neutral,1.4414235353469849,0.29516705870628357,0.12380922585725784
1403896984646295554,neutral,1.7301509380340576,0.7228896021842957,0.4734165668487549
1403896985594204160,neutral,1.795880913734436,0.9066777229309082,0.2710132300853729
1403896986223271936,negative,1.2213280200958252,-1.2218204736709595,3.12563419342041
1403896986663673857,negative,1.5157774686813354,-0.9172157645225525,2.2205870151519775
1403896988001730560,neutral,1.4421472549438477,0.24456250667572021,1.0558221340179443
1403896989163700225,negative,1.13174569606781,-1.1644309759140015,2.8007590770721436
1403896989612445696,negative,0.8947703838348389,-0.21060419082641602,1.8376301527023315
1403896989641752581,neutral,1.4474259614944458,1.1767003536224365,0.5798246264457703
1403896989754925060,neutral,1.675191879272461,0.02679452672600746,1.141197919845581
1403896989842960387,neutral,1.4515584707260132,0.4964858293533325,0.5636661052703857
1403896991747280905,neutral,2.43902587890625,0.3584628403186798,0.65903240442276
1403896993013981188,negative,0.8044138550758362,-1.5866355895996094,4.870846748352051
1403896993215401989,negative,1.2753640413284302,-1.195171594619751,3.0500667095184326
1403896993223569415,negative,0.7871419191360474,-0.333520770072937,1.7676446437835693
1403896993571774466,positive,2.288431406021118,2.753573417663574,-1.1302915811538696
1403896993689178114,negative,0.7114529609680176,-0.302985817193985,2.060617208480835
1403896993970335746,neutral,1.8955223560333252,-0.6867144703865051,1.520538330078125
1403896993995390977,negative,1.3916523456573486,0.02421901375055313,1.7649664878845215
1403897002879066116,negative,0.760791540145874,-0.8169614672660828,2.8165030479431152
1403897002954395651,neutral,1.6794307231903076,0.3733607232570648,0.40553972125053406
1403897003516567554,negative,1.6679966449737549,-0.9263094067573547,1.9214098453521729
1403897003604512771,neutral,1.3991137742996216,0.3820008635520935,0.9845705628395081
1403897005030604804,neutral,2.9175732135772705,1.0086370706558228,-0.20201876759529114
1403897007081676809,negative,1.480533480644226,-0.6943132281303406,1.8873449563980103
1403897007421505537,negative,0.7117100358009338,0.8817694783210754,1.1652714014053345
1403897008360988673,neutral,1.9425568580627441,0.27754196524620056,0.6770303249359131
1403897008562315264,negative,1.9944440126419067,-1.1150063276290894,2.39184308052063
1403897008797241346,negative,1.4743359088897705,-0.3856380581855774,1.94588041305542
1403897011649224711,positive,2.2023656368255615,2.346116304397583,-0.2211184948682785
1403897012630790148,positive,1.509446144104004,1.9958380460739136,0.1911526769399643
1403897014992084993,negative,1.2424540519714355,-0.22270435094833374,2.054286003112793
1403897015432585222,negative,0.9703686833381653,-1.4518249034881592,4.455594539642334
1403897016908873741,negative,0.6188213229179382,-0.286588579416275,2.0065202713012695
1403897018695651329,negative,0.41629019379615784,-0.473364919424057,2.8643798828125
1403897018888560641,negative,1.047463297843933,-0.41152557730674744,1.1710487604141235
1403897019815456770,negative,1.5036462545394897,-0.784285843372345,2.0220742225646973
1403897022911033351,neutral,2.496006488800049,1.0055657625198364,0.14514872431755066
1403897023741399042,negative,1.1069566011428833,-0.4871637523174286,2.063549041748047
1403897023980478472,neutral,3.530146598815918,1.6300079822540283,-1.0650410652160645
1403897027260346369,neutral,1.5135489702224731,0.5190877914428711,0.5634920001029968
1403897027642134528,negative,0.9134470224380493,0.21662688255310059,1.3531029224395752
1403897028900446213,neutral,1.6115078926086426,-0.19820746779441833,0.9669960737228394
1403897029617610756,positive,1.225527286529541,3.7337872982025146,-0.6724313497543335
1403897030380974082,neutral,1.2514699697494507,0.7481333017349243,0.37300413846969604
1403897031152779265,neutral,2.676185369491577,2.1605305671691895,-0.07161588966846466
1403897033363128320,neutral,1.4403228759765625,0.6817106008529663,1.0264643430709839
1403897033837056004,negative,1.0424362421035767,-0.5793794393539429,1.5944762229919434
1403897035632173058,neutral,1.7279480695724487,1.5531126260757446,-0.5942752361297607
1403897036588699649,neutral,2.3071370124816895,1.7064130306243896,-0.3883149027824402
1403897037377007617,neutral,1.268267273902893,0.8423848152160645,0.815665602684021
1403897038920638466,positive,0.9506955146789551,1.0571388006210327,0.17117713391780853
1403897039134466049,negative,1.421380877494812,-0.5895100831985474,1.5557445287704468
1403897039423893505,neutral,2.648364305496216,0.12424888461828232,0.20427891612052917
1403897039579082753,neutral,1.435742735862732,0.755128026008606,1.086127758026123
1403897040413802499,negative,0.12587258219718933,-0.3277958631515503,1.9464809894561768
1403897042066280456,positive,1.32978355884552,1.3409961462020874,0.3337065875530243
1403897042447986696,neutral,1.8955223560333252,-0.6867144703865051,1.520538330078125
1403897044419313667,neutral,2.549631118774414,0.516819417476654,0.10533692687749863
1403897044478005248,neutral,2.648364305496216,0.12424888461828232,0.20427891612052917
1403897045891510272,neutral,2.549631118774414,0.516819417476654,0.10533692687749863
1403897046055149573,positive,1.2202292680740356,2.2315993309020996,0.5065799355506897
1403897046818451458,negative,0.9188230037689209,-0.5244511961936951,2.0982933044433594
1403897047632302081,neutral,1.1275302171707153,0.24722671508789062,-0.06750723719596863
1403897047753793537,negative,1.589642882347107,-1.0690412521362305,2.206575393676758
1403897049163124737,negative,1.5582835674285889,-0.9015568494796753,1.9991662502288818
1403897049293025282,negative,0.8652470707893372,-1.0738967657089233,3.0095555782318115
1403897049708433412,neutral,1.8955223560333252,-0.6867144703865051,1.520538330078125
1403897051738361864,neutral,1.6988909244537354,1.3156838417053223,0.0570850670337677
1403897051922898945,negative,0.9188230037689209,-0.5244511961936951,2.0982933044433594
1403897051952431106,negative,1.849378228187561,-0.4734380543231964,1.893763542175293
1403897052342403076,negative,1.2491981983184814,-0.8569127917289734,2.1093008518218994
1403897055026708480,negative,1.1069566011428833,-0.4871637523174286,2.063549041748047
1403897058973655040,positive,1.011191725730896,1.062062382698059,0.041265819221735
1403897059346767874,neutral,1.6384438276290894,1.3267924785614014,0.11581849306821823
1403897059950747652,negative,1.3925995826721191,-0.3118050992488861,1.5498015880584717
1403897060697382918,positive,1.7465800046920776,3.7106921672821045,-1.187950611114502
1403897061246861319,negative,1.2213280200958252,-1.2218204736709595,3.12563419342041
1403897061599240192,positive,0.4630175530910492,1.1842715740203857,0.7725573182106018
1403897061834072065,positive,1.3565642833709717,1.416271448135376,0.23338034749031067
1403897062190690305,negative,1.3969212770462036,-0.9148949980735779,2.244584560394287
1403897062211608585,neutral,1.4541679620742798,1.1933643817901611,-0.34759992361068726
1403897065076412417,negative,1.2132675647735596,-1.2066655158996582,3.28313946723938
1403897066162515968,positive,0.9750769138336182,1.3135403394699097,0.9268321990966797
1403897066330464256,negative,1.4520831108093262,-0.9253005385398865,1.8771528005599976
1403897066791739394,negative,1.4070521593093872,-0.9250664710998535,1.9019063711166382
1403897066879860736,negative,1.272011637687683,-1.3896077871322632,3.60919451713562
1403897067576172544,neutral,1.978044033050537,-0.6228824257850647,1.7637841701507568
1403897067718647813,positive,1.8236933946609497,2.031595468521118,-0.35436752438545227
1403897067802710016,neutral,1.8264185190200806,-0.0603271946310997,1.1152548789978027
1403897067890634753,negative,0.8022351861000061,-0.42413070797920227,2.032524585723877
1403897068805005313,negative,1.3916523456573486,0.024218998849391937,1.7649664878845215
1403897069283069952,negative,1.0743776559829712,-0.6703417301177979,1.7197120189666748
1403897069358571524,negative,1.3618090152740479,-1.3017914295196533,3.2610676288604736
1403897069388111874,positive,0.24194465577602386,0.9218271970748901,0.6420593857765198
1403897070474383360,negative,0.4513173997402191,-0.5048865675926208,1.558905005455017
1403897070537175041,negative,0.9923466444015503,-0.9480364918708801,2.338514804840088
1403897071220916225,negative,0.7081602811813354,-0.8811776638031006,2.6759746074676514
1403897072152047616,neutral,1.8771545886993408,-0.23140931129455566,0.8341714143753052
1403897073322311684,negative,0.3437807857990265,-0.6237404942512512,3.654369592666626
1403897075020992518,negative,1.3885812759399414,-0.47871676087379456,2.2375574111938477
1403897076686241793,neutral,2.6754703521728516,1.1542541980743408,-0.23154275119304657
1403897077482999810,negative,1.5320255756378174,-0.8112376928329468,1.7193782329559326
1403897078200213508,neutral,1.0342650413513184,0.3355563282966614,0.8657034039497375
1403897078367981570,neutral,3.530146598815918,1.6300079822540283,-1.0650410652160645
1403897078426877954,neutral,1.118203043937683,-0.17824488878250122,0.8926835656166077
1403897079278321664,neutral,2.322033643722534,0.815569281578064,0.12140557914972305
1403897081023107073,negative,1.0627849102020264,-0.004294201731681824,1.7522211074829102
1403897082998448132,neutral,1.920257806777954,-0.2752401828765869,1.3336442708969116
1403897083493371905,neutral,1.8198760747909546,0.8568339943885803,0.4308655858039856
1403897083892015104,negative,1.3129184246063232,-0.7249813675880432,2.5098705291748047
1403897084340703235,neutral,1.8866626024246216,0.797883152961731,0.7123443484306335
1403897085062168577,negative,0.7972859144210815,0.848799467086792,0.9006895422935486
1403897085360062465,neutral,1.4734139442443848,-0.6120044589042664,1.0845122337341309
1403897086190374919,neutral,1.2368181943893433,0.680976927280426,0.5483769774436951
1403897086295384067,neutral,2.6754703521728516,1.1542541980743408,-0.23154275119304657
1403897086458974208,neutral,1.6245571374893188,0.7217555046081543,0.4965929090976715
1403897087020834817,neutral,1.675191879272461,0.02679452672600746,1.141197919845581
1403897087155183616,negative,1.4520831108093262,-0.9253005385398865,1.8771528005599976
1403897088044408835,neutral,1.6504391431808472,0.4822472333908081,0.006098506972193718
1403897088941998083,negative,0.739313542842865,-1.0555858612060547,3.476119041442871
1403897089222856708,neutral,1.2819793224334717,-0.003551095724105835,1.2420254945755005
1403897090971820034,neutral,3.530146598815918,1.6300079822540283,-1.0650410652160645
1403897091320070150,positive,0.24194465577602386,0.9218271970748901,0.6420593857765198
1403897095585775619,neutral,1.8955224752426147,-0.6867145299911499,1.520538330078125
1403897098106552323,positive,1.4489885568618774,1.6204355955123901,0.09375881403684616
1403897098488233984,neutral,1.2924293279647827,0.6339164972305298,-0.006798723712563515
1403897099284975620,neutral,1.6226061582565308,-0.6665781140327454,1.0836907625198364
1403897100220256259,neutral,2.6754703521728516,1.1542541980743408,-0.23154275119304657
1403897100274966528,neutral,2.034467935562134,0.3493303954601288,-0.23367346823215485
1403897100518105096,neutral,1.9116960763931274,-0.7557470798492432,1.3422694206237793
1403897103986806787,neutral,2.514373302459717,1.0717257261276245,-0.20644579827785492
1403897105127727105,positive,0.9588033556938171,1.857370376586914,0.09986882656812668
1403897105287192578,neutral,1.555951476097107,0.9688065052032471,0.18715296685695648
1403897105987473412,neutral,1.3274658918380737,1.1839361190795898,0.38217249512672424
1403897106251669508,neutral,1.6661239862442017,-0.6403526067733765,1.4046690464019775
1403897106763370497,negative,0.9015656113624573,-0.5223677158355713,2.6404495239257812
1403897107786784770,negative,1.118967056274414,-0.6588056683540344,2.3530850410461426
1403897107858198531,negative,0.46719399094581604,0.030124980956315994,1.9664746522903442
1403897108709642242,negative,1.3916523456573486,0.02421899139881134,1.7649664878845215
1403897109338726401,neutral,1.1548689603805542,0.2706056833267212,0.7257906794548035
1403897109644939273,neutral,2.29004168510437,0.6116049885749817,0.23305821418762207
1403897111616266240,negative,1.012656569480896,-0.5666064620018005,1.7923433780670166
1403897112245542912,neutral,1.594359278678894,-0.11202608793973923,1.3583967685699463
1403897112614649860,negative,1.1685293912887573,-1.1919218301773071,2.797386646270752
1403897112677404674,negative,1.245987892150879,-0.7524363398551941,1.815487265586853
1403897113042321411,neutral,1.5007030963897705,-0.48650452494621277,1.1938250064849854
1403897113466097664,negative,0.6334507465362549,-0.5307101011276245,1.5035147666931152
1403897113587552257,neutral,1.7564904689788818,-0.08382024616003036,0.6983418464660645
1403897114388623360,negative,0.7362265586853027,0.7801275253295898,1.6583753824234009
1403897114984390656,negative,1.4676975011825562,-0.9921744465827942,2.338759183883667
1403897115898568707,neutral,1.675191879272461,0.02679452672600746,1.141197919845581
1403897115990953992,negative,1.100494384765625,-1.088541030883789,2.7152578830718994
1403897117098217472,neutral,2.086165428161621,-0.03910588473081589,0.6536740660667419
1403897117119156224,negative,1.0883618593215942,-0.5602695345878601,1.920455813407898
1403897117593137160,neutral,1.2875598669052124,0.24020972847938538,0.9402807950973511
1403897118251704324,neutral,1.3959310054779053,1.0429706573486328,0.748815655708313
1403897120013291522,neutral,1.594359278678894,-0.11202608793973923,1.3583967685699463
1403897120105582598,neutral,2.8343794345855713,0.5036432147026062,-0.12677063047885895
1403897120390668289,neutral,3.178251266479492,1.98331618309021,-0.6975664496421814
1403897121644769281,neutral,2.0079545974731445,-0.13969632983207703,0.45013001561164856
1403897122081034240,neutral,1.6273143291473389,-0.526333749294281,1.4160429239273071
1403897122655817729,negative,1.7156524658203125,-0.8493660092353821,1.7634528875350952
1403897122676789248,neutral,1.3964226245880127,0.09193861484527588,0.990545928478241
1403897125881061377,neutral,1.815472960472107,0.18279026448726654,1.0339934825897217
1403897128049549315,neutral,3.530146598815918,1.6300079822540283,-1.0650410652160645
1403897129416855558,negative,0.8768144249916077,0.22452566027641296,1.7339332103729248
1403897129999880196,negative,0.6809983849525452,-0.8102027773857117,3.1670618057250977
1403897130218098688,neutral,2.806835412979126,1.0993361473083496,-0.4698643386363983
1403897130490630149,neutral,3.530146598815918,1.6300078630447388,-1.065041184425354
1403897131384008712,neutral,2.686922788619995,0.012738168239593506,0.648772656917572
1403897133405675524,neutral,1.7196321487426758,0.716573178768158,0.4702393412590027
1403897133896552448,negative,1.223380208015442,-0.8512099385261536,2.6271047592163086
1403897134919737346,neutral,1.3065621852874756,0.06850665807723999,0.9298693537712097
1403897136719093762,neutral,2.020301342010498,0.2756928503513336,0.5323391556739807
1403897136920641537,neutral,1.8891879320144653,0.5245234370231628,0.5609523057937622
1403897138086662146,neutral,1.4928520917892456,0.06697884202003479,0.8577417731285095
1403897139537711106,negative,1.272011637687683,-1.3896077871322632,3.60919451713562
1403897140405948421,neutral,1.675191879272461,0.02679452672600746,1.141197919845581
1403897140976435200,negative,0.1057574450969696,-0.40057265758514404,2.1873185634613037
1403897141941063686,negative,0.5473355650901794,-0.2015639841556549,2.163808584213257
1403897142662504449,negative,0.8873331546783447,-0.9841702580451965,2.9613289833068848
1403897143413284869,neutral,2.497300386428833,0.29728245735168457,0.49157774448394775
1403897143493115907,neutral,1.5411272048950195,0.19630587100982666,0.9973028898239136
1403897144420020226,neutral,1.6542750597000122,-0.1477462649345398,0.737093985080719
1403897146869530624,positive,2.2223470211029053,4.179984092712402,-1.201368808746338
1403897147527892995,negative,1.4336308240890503,-0.670914888381958,1.9901906251907349
1403897148635222018,negative,1.514209508895874,-0.4383614957332611,1.9218717813491821
1403897149520289792,positive,1.5476351976394653,1.6826165914535522,0.07139129191637039
1403897151378247684,negative,1.5685374736785889,-1.029735803604126,2.1648993492126465
1403897151852212227,neutral,1.5676320791244507,-0.5248143076896667,1.3224165439605713
1403897152409985024,negative,1.7608423233032227,-0.8906276226043701,1.8019951581954956
1403897152686936066,negative,0.21643121540546417,0.17745405435562134,1.8569823503494263
1403897153190350854,neutral,1.8589376211166382,-0.6366068720817566,1.6809401512145996
1403897154939219969,negative,1.0715148448944092,-0.3435775935649872,1.693747639656067
1403897155178299394,neutral,1.5625635385513306,0.08269117027521133,1.19931960105896
1403897155820015618,neutral,1.866060495376587,0.22062543034553528,0.8911464214324951
1403897156797296645,neutral,1.8179160356521606,-0.20897725224494934,1.1268298625946045
1403897157229240320,neutral,2.071244239807129,1.4225049018859863,-0.2106265127658844
1403897157761978369,negative,0.7000139951705933,-0.889986515045166,2.937911033630371
1403897158135205890,neutral,1.675191879272461,0.02679452672600746,1.141197919845581
1403897159745884168,neutral,1.7614251375198364,0.5875687003135681,0.2585259675979614
1403897160072982529,negative,1.099217176437378,-1.0995700359344482,3.0814459323883057
1403897160236736515,positive,0.8810868859291077,1.4619181156158447,0.4427807927131653
1403897160819625984,neutral,3.530146598815918,1.6300079822540283,-1.0650410652160645
1403897161499217922,negative,0.9091400504112244,-0.25595688819885254,1.833743929862976
1403897161771720705,negative,0.8953785300254822,-0.04520564526319504,2.5166826248168945
1403897162035916800,positive,1.6851985454559326,3.039599895477295,-0.5585664510726929
1403897162858127364,negative,1.1274975538253784,-0.4373902976512909,1.979546070098877
1403897165043408898,neutral,1.565110683441162,0.001409001648426056,1.2425494194030762
1403897165626306562,positive,0.5128439664840698,2.313514471054077,0.07368102669715881
1403897165752111110,neutral,1.7737141847610474,-0.14233922958374023,1.1844379901885986
1403897168415576066,neutral,3.1458523273468018,3.100567102432251,-1.1466444730758667
1403897169610829827,negative,0.9055574536323547,-0.6638073325157166,2.589871883392334
1403897171145940995,neutral,3.530146598815918,1.6300079822540283,-1.0650410652160645
1403897171733356550,neutral,1.5943591594696045,-0.11202613264322281,1.3583968877792358
1403897171905183746,negative,1.0313470363616943,-0.6209841370582581,2.9603817462921143
1403897174434455552,neutral,1.8445197343826294,0.23661664128303528,0.8432996869087219
1403897175965421569,neutral,1.3284813165664673,1.327842116355896,0.455875039100647
1403897177135529987,neutral,1.2173994779586792,0.18364915251731873,1.2046613693237305
1403897177794043905,neutral,2.0350558757781982,1.0375924110412598,0.476998507976532
1403897177894580229,positive,0.6987816095352173,1.894169807434082,0.5113274455070496
1403897178305740802,neutral,1.7993086576461792,0.04216272756457329,0.44710099697113037
1403897178372837377,neutral,1.7473424673080444,0.16600511968135834,1.585730791091919
1403897178502926339,negative,0.9091400504112244,-0.2559567987918854,1.833743929862976
1403897181132578818,negative,1.3916523456573486,0.02421901375055313,1.7649664878845215
1403897182239985671,neutral,2.077286720275879,2.0228757858276367,-0.555977463722229
1403897182898442242,positive,0.7549903392791748,1.6422829627990723,0.5395624041557312
1403897183624044550,positive,1.2555807828903198,1.7553187608718872,-0.23454608023166656
1403897186178322434,negative,1.3271993398666382,-0.46827468276023865,1.5548501014709473
1403897186530758660,positive,2.1876044273376465,2.2370221614837646,-0.8975661396980286
1403897186623033345,negative,1.3916523456573486,0.02421901375055313,1.7649664878845215
1403897188371992576,neutral,1.365983247756958,-0.0262487530708313,1.3223859071731567
1403897189257121792,neutral,1.9492799043655396,1.200650930404663,0.08431243896484375
1403897189701668866,negative,1.2003732919692993,-0.38774654269218445,2.450071334838867
1403897189814857728,negative,1.1529828310012817,-0.8022887110710144,2.2296745777130127
1403897191266197505,neutral,1.2685949802398682,0.32215648889541626,1.2543692588806152
1403897191568232449,neutral,1.8289015293121338,0.40754738450050354,0.9588075280189514
1403897195208736773,neutral,1.7730973958969116,-0.6476805210113525,1.4520089626312256
1403897196047601669,negative,0.8431398868560791,-1.0850555896759033,2.8538663387298584
1403897197901410305,neutral,1.6988909244537354,1.3156838417053223,0.0570850670337677
1403897197981147139,neutral,1.9592792987823486,1.8201780319213867,-0.003962816670536995
1403897199201767426,neutral,1.8955223560333252,-0.6867144703865051,1.520538330078125
1403897201038741505,negative,1.1732743978500366,-1.1602059602737427,2.9099855422973633
1403897201680584705,neutral,1.8971370458602905,-0.15716704726219177,1.0333062410354614
1403897202125283329,neutral,2.120086431503296,-0.699154257774353,1.2428793907165527
1403897202313895943,negative,0.7052532434463501,-0.27103134989738464,1.1415538787841797
1403897202951561224,neutral,2.543001890182495,1.0240802764892578,-0.16154247522354126
1403897203584692224,positive,1.317635178565979,2.177471399307251,-0.07476186752319336
1403897205761654784,neutral,2.50645112991333,1.4469836950302124,-0.5270968079566956
1403897205967265794,negative,1.6565238237380981,-0.47013726830482483,1.659297227859497
1403897206566907906,negative,1.0459586381912231,-0.4130963981151581,1.9985361099243164
1403897207607107589,negative,0.5571564435958862,0.05732513219118118,1.2422527074813843
1403897209817636867,negative,0.6587561368942261,-0.23977765440940857,1.431657075881958
1403897210039771137,positive,2.239631414413452,4.415822982788086,-1.3480923175811768
1403897210601832455,neutral,1.2157337665557861,-0.145827054977417,0.6480300426483154
1403897210878578689,neutral,1.746241807937622,0.1799626648426056,0.7438493371009827
1403897211428036612,neutral,1.92607581615448,-0.39457377791404724,1.0606412887573242
1403897212715769860,neutral,1.594359278678894,-0.11202608793973923,1.3583967685699463
1403897212883591169,neutral,0.23260748386383057,0.1763904094696045,0.14018523693084717
1403897216062812162,neutral,1.555951476097107,0.9688065052032471,0.18715296685695648
1403897217308581891,negative,1.3916523456573486,0.02421901375055313,1.7649664878845215
1403897217484611586,negative,0.33813348412513733,-0.10822883993387222,3.0729944705963135
1403897219888078850,neutral,3.9216065406799316,2.12675404548645,-1.4029767513275146
1403897220202704897,negative,1.1640212535858154,-0.12888288497924805,1.423249363899231
1403897222308237313,neutral,1.7292368412017822,-0.9578245282173157,1.6879109144210815
1403897223025332228,negative,1.2679619789123535,-0.1315428614616394,1.3797563314437866
1403897224552062977,negative,1.2557094097137451,-0.3761324882507324,1.67241632938385
1403897224665255936,negative,0.9197043180465698,-0.7725425362586975,2.609048366546631
1403897225885884421,positive,0.3615724444389343,1.1106884479522705,0.8326519727706909
1403897226951229441,neutral,2.806835412979126,1.0993361473083496,-0.46986427903175354
1403897227119112194,negative,1.1856529712677002,-0.7799404263496399,2.7697908878326416
1403897227882516484,negative,1.3916523456573486,0.02421901375055313,1.7649664878845215
1403897229828517893,negative,1.01090407371521,-0.10425307601690292,1.9263643026351929
1403897230315114499,positive,1.6851985454559326,3.039599895477295,-0.5585664510726929
1403897230331895813,neutral,1.8247616291046143,-0.7695720791816711,1.692380428314209
1403897230726029315,neutral,2.404008626937866,0.5792810320854187,0.0006411764770746231
1403897231233724417,negative,1.4831442832946777,-0.5778328776359558,2.2629661560058594
1403897231275663360,neutral,2.1712355613708496,-0.3999059498310089,1.0999703407287598
1403897232198303747,neutral,1.0757975578308105,0.485718309879303,0.7023873329162598
1403897232923893761,negative,0.44784629344940186,-0.1499651074409485,2.612367868423462
1403897233511096321,positive,1.6851985454559326,3.039599895477295,-0.5585664510726929
1403897233720758280,negative,0.8127732276916504,0.2809588313102722,1.7977689504623413
1403897235239182339,neutral,1.7794973850250244,0.29367685317993164,1.4305670261383057
1403897236745039873,negative,1.0868704319000244,-1.189077377319336,2.741873264312744
1403897240528338946,negative,1.272011637687683,-1.3896077871322632,3.60919451713562
1403897241245339650,negative,1.0200250148773193,-0.8834100365638733,2.8323159217834473
1403897242092777472,neutral,1.174957513809204,0.17247578501701355,0.8025553822517395
1403897242227023872,neutral,1.5407129526138306,0.6464100480079651,1.0019818544387817
1403897242277265410,neutral,1.594359278678894,-0.11202608793973923,1.3583967685699463
1403897244521218049,neutral,1.8445197343826294,0.23661664128303528,0.8432996869087219
1403897244823085063,negative,1.514209508895874,-0.43836143612861633,1.9218716621398926
1403897244919554055,neutral,3.530146598815918,1.6300079822540283,-1.0650410652160645
1403897245402075138,negative,1.3916523456573486,0.02421901375055313,1.7649664878845215
1403897245464940545,neutral,1.555948257446289,0.6922309398651123,0.807624876499176
1403897245762793478,neutral,1.2870529890060425,0.9838526248931885,0.22168174386024475
1403897246005874691,negative,0.2907296419143677,-0.6249068379402161,2.5678396224975586
1403897249130815492,negative,0.16194546222686768,-0.5800965428352356,2.0196657180786133
1403897249155883009,neutral,3.530146598815918,1.6300079822540283,-1.0650410652160645
1403897249923420163,negative,1.3117804527282715,-1.348885178565979,3.847764253616333
1403897250112098305,negative,1.3916523456573486,0.02421901375055313,1.7649664878845215
1403897250841972736,negative,1.0883617401123047,-0.5602695345878601,1.9204556941986084
1403897254688215045,negative,1.5962393283843994,-1.1139121055603027,2.788099527359009
1403897255216648200,negative,1.2213280200958252,-1.2218204736709595,3.12563419342041
1403897256973979649,negative,0.7048625946044922,-0.2314319908618927,2.025202751159668
1403897259155070978,negative,1.4070521593093872,-0.9250664710998535,1.9019063711166382
1403897261843648516,neutral,3.530146598815918,1.6300079822540283,-1.0650410652160645
1403897262250541057,negative,1.1020069122314453,-0.40593063831329346,1.4755257368087769
1403897262472929280,neutral,1.4811583757400513,0.13052767515182495,1.124529480934143
1403897265551331329,neutral,1.92607581615448,-0.39457377791404724,1.0606412887573242
1403897265773633536,positive,1.6851985454559326,3.039599895477295,-0.5585664510726929
1403897268525178884,neutral,1.1378804445266724,0.6127020716667175,1.0009616613388062
1403897268726550528,negative,1.3193891048431396,-0.5073940753936768,1.6869430541992188
1403897269296926725,neutral,1.5335369110107422,-0.731380820274353,1.4781489372253418
1403897270270148611,positive,0.9056475162506104,1.4354186058044434,0.4205141067504883
1403897270282579969,negative,1.397279143333435,-1.09404718875885,2.6723082065582275
1403897270811066368,neutral,1.6376755237579346,0.45437195897102356,0.5790775418281555
1403897270949482500,negative,1.4012185335159302,-0.22208499908447266,1.644580364227295
1403897271339479040,negative,1.8239591121673584,-0.8464726805686951,2.1721243858337402
1403897272543318016,neutral,1.897136926651001,-0.15716707706451416,1.0333062410354614
1403897273457594370,negative,1.0422325134277344,-0.6113821268081665,1.752755045890808
1403897273612910593,negative,1.706721544265747,-0.8371564149856567,1.7872262001037598
1403897273797382150,negative,1.2666748762130737,-0.29106640815734863,1.7661336660385132
1403897274036637700,neutral,2.8029098510742188,0.29429811239242554,0.27888360619544983
1403897274149732352,negative,1.07804536819458,-0.592621922492981,2.03568172454834
1403897274250448898,negative,1.284617304801941,-1.124041199684143,2.786445379257202
1403897277475868674,neutral,1.8891876935958862,0.5245233774185181,0.5609523057937622
1403897277689724932,neutral,1.8955223560333252,-0.6867144703865051,1.520538330078125
1403897277882810371,neutral,1.6325271129608154,0.08930622786283493,0.9465529918670654
1403897278209814530,neutral,2.6420059204101562,1.4644967317581177,-1.0046937465667725
1403897278729834499,neutral,1.365983247756958,-0.0262487530708313,1.3223859071731567
1403897279526801414,neutral,1.356213927268982,0.5540196895599365,0.713487982749939
1403897282278445064,negative,0.6708175539970398,-0.569105863571167,1.7030999660491943
1403897282664280064,neutral,2.623002529144287,-0.6533201336860657,1.1874573230743408
1403897284090163200,neutral,1.655021071434021,0.15934894979000092,0.9476357102394104
1403897284903915522,positive,0.9506955146789551,1.0571388006210327,0.17117713391780853
1403897285096968194,neutral,1.599664568901062,0.5731633305549622,0.49292320013046265
1403897287399526401,negative,1.3916523456573486,0.02421901375055313,1.7649664878845215
1403897287592402948,positive,1.685198426246643,3.039599895477295,-0.5585665106773376
1403897288137883648,neutral,2.4398207664489746,2.2763571739196777,-0.3891592025756836
1403897288192299018,neutral,1.655021071434021,0.15934894979000092,0.9476357102394104
1403897290021036036,negative,1.4820533990859985,-0.9777868986129761,2.2810633182525635
1403897291111428097,neutral,1.726288080215454,-0.7266616225242615,1.6631957292556763
1403897292520890368,neutral,2.3441665172576904,-0.6458861231803894,1.183232307434082
1403897293980454915,negative,1.090929388999939,-0.17080777883529663,1.6288257837295532
1403897295427358726,neutral,3.530146598815918,1.6300079822540283,-1.0650410652160645
1403897297398730752,neutral,1.91477632522583,-0.7280219793319702,1.6810380220413208
1403897297642135552,neutral,1.8445197343826294,0.23661664128303528,0.8432996869087219
1403897299940438017,neutral,2.597214698791504,1.2493005990982056,-0.5927074551582336
1403897300884332549,neutral,0.9247583746910095,0.6503245830535889,-0.3265417516231537
1403897301559545857,negative,1.286249041557312,-0.6364786028862,1.9506030082702637
1403897303518253058,neutral,1.8891879320144653,0.5245234370231628,0.5609523057937622
1403897307934953475,negative,1.0586121082305908,-0.699397087097168,2.8232176303863525
1403897310292107266,negative,1.0627849102020264,-0.004294201731681824,1.7522211074829102
1403897313127538688,neutral,2.2925117015838623,1.202815294265747,0.053772278130054474
1403897314427740169,negative,1.3916523456573486,0.02421901375055313,1.7649664878845215
1403897315417485312,positive,2.0592246055603027,3.703709602355957,-0.8232370615005493
1403897315908280320,neutral,1.8891879320144653,0.5245234370231628,0.5609523057937622
1403897316507938823,negative,1.0998198986053467,-0.503328800201416,2.216399669647217
1403897317606965252,negative,1.7245159149169922,-0.7843857407569885,1.7470245361328125
1403897318512812036,neutral,2.2718169689178467,0.7228266596794128,0.373820036649704
1403897319897116676,positive,0.24194465577602386,0.9218271970748901,0.6420593857765198
1403897320773763072,negative,1.5465786457061768,-0.8305069208145142,1.7781777381896973
1403897321427902464,negative,1.3231056928634644,-1.223022699356079,2.717541217803955
1403897323017572354,neutral,1.675191879272461,0.02679452672600746,1.141197919845581
1403897324074508292,neutral,1.3199251890182495,0.4841098189353943,0.7535946369171143
1403897327169978371,negative,0.3158823549747467,-0.6506621241569519,2.8523542881011963
1403897329745379329,positive,0.7406540513038635,2.3674941062927246,0.10317403823137283
1403897333163560961,neutral,1.675191879272461,0.02679452672600746,1.141197919845581
1403897334606438403,neutral,2.024473190307617,0.16999077796936035,0.6548780798912048
1403897334904201217,neutral,1.8955223560333252,-0.6867144703865051,1.520538330078125
1403897336238166027,negative,1.361433506011963,0.04917512089014053,1.5213606357574463
1403897336917602305,neutral,1.8955223560333252,-0.6867144703865051,1.520538330078125
1403897337496354817,neutral,1.6964037418365479,-0.01367969810962677,0.8452059030532837
1403897338314346502,neutral,2.2840874195098877,1.5445681810379028,-0.26289278268814087
1403897340323368970,negative,1.3682557344436646,-0.7465335726737976,2.4516561031341553
1403897340390412288,negative,0.8986101150512695,-0.5134091973304749,2.0065650939941406
1403897340457472003,negative,1.025089144706726,-0.9134660363197327,2.3361551761627197
1403897340646334465,neutral,1.6048332452774048,-0.5746197700500488,1.4747587442398071
1403897342068236296,negative,1.0526748895645142,-0.4854060113430023,1.9483730792999268
1403897342193934342,neutral,3.530146598815918,1.6300079822540283,-1.0650410652160645
1403897342894424066,neutral,1.8797197341918945,0.07353795319795609,0.7502173781394958
1403897343422914561,neutral,1.387473702430725,0.12953321635723114,0.3183984160423279
1403897347650703363,negative,0.5529941320419312,0.7183820009231567,0.9690494537353516
1403897350343458817,negative,1.1429256200790405,0.042837727814912796,2.015225887298584
1403897350938972165,neutral,3.071477174758911,2.486293077468872,-0.8021951913833618
1403897351874383873,negative,1.3308197259902954,-0.5533121824264526,1.5170589685440063
1403897352436342789,negative,1.4937009811401367,-1.2051976919174194,3.207880735397339
1403897352839073793,positive,1.7465800046920776,3.7106921672821045,-1.187950611114502
1403897352931340299,negative,1.0200626850128174,-0.6428976655006409,2.5052077770233154
1403897352973287431,positive,1.6851985454559326,3.039599895477295,-0.5585664510726929
1403897353581514752,negative,1.075101613998413,0.6782819032669067,1.7687327861785889
1403897358304350208,negative,1.286249041557312,-0.6364786028862,1.9506030082702637
1403897359159943176,negative,1.3916523456573486,0.02421901375055313,1.7649664878845215
1403897359432568834,neutral,1.594359278678894,-0.11202608793973923,1.3583967685699463
1403897362062491649,negative,0.8216761946678162,-0.48507919907569885,1.9308441877365112
1403897364377604096,neutral,2.0153071880340576,0.4585033655166626,0.5769575834274292
1403897366688714762,neutral,1.7659845352172852,-0.44653019309043884,1.4973394870758057
1403897368928522242,positive,1.1745116710662842,1.835569143295288,-0.06520632654428482
1403897369440100355,neutral,2.0310556888580322,-0.32785677909851074,0.9633145332336426
1403897370757066753,positive,1.596884846687317,2.0066161155700684,-0.35288703441619873
1403897373387071495,positive,0.24194465577602386,0.9218271970748901,0.6420593857765198
1403897374129360899,positive,2.7161455154418945,5.077418327331543,-1.5541877746582031
1403897376260034569,neutral,1.8445196151733398,0.23661667108535767,0.8432996273040771
1403897379183550471,neutral,1.8955223560333252,-0.6867144703865051,1.520538330078125
1403897379477024768,negative,1.253101110458374,-0.3628621995449066,1.7098907232284546
1403897380601315334,neutral,1.5390290021896362,0.5045354962348938,0.7085580825805664
1403897381645598725,negative,0.8024645447731018,-1.3980571031570435,4.0722150802612305
1403897381649846279,negative,1.1069566011428833,-0.4871637523174286,2.063549041748047
1403897382727688194,neutral,1.2687066793441772,0.07753842324018478,0.4783302843570709
1403897383197499392,neutral,1.0351219177246094,-0.18536725640296936,0.8822734951972961
1403897383533133826,negative,1.213793396949768,-1.2464666366577148,3.192631721496582
1403897386817130506,negative,0.6314951181411743,-0.883756160736084,3.069063901901245
1403897387790127107,negative,1.3193892240524292,-0.5073940753936768,1.6869428157806396
1403897388847218692,negative,1.1178317070007324,-0.39459851384162903,1.769547700881958
1403897390302593029,positive,1.334754467010498,1.6714845895767212,0.26079437136650085
1403897391359483910,negative,1.3309932947158813,-0.7563201785087585,1.7499388456344604
1403897392622047232,neutral,2.2222962379455566,0.5362180471420288,0.20744700729846954
1403897393284718595,neutral,1.8287264108657837,-0.5227094888687134,1.5789923667907715
1403897393322545152,neutral,1.4326550960540771,0.007455036044120789,1.256104826927185
1403897395797102594,negative,1.2102138996124268,-0.2836746275424957,1.8235524892807007
1403897396342398980,negative,1.3549647331237793,-0.8255888223648071,1.9135549068450928
1403897397898534915,negative,1.3166930675506592,-1.0243157148361206,2.5099096298217773
1403897398582185988,negative,0.38268303871154785,0.7934781908988953,1.5996230840682983
1403897400666689539,neutral,1.8955223560333252,-0.6867144703865051,1.520538330078125
1403897401392340994,negative,1.514209508895874,-0.43836137652397156,1.9218716621398926
1403897403040669701,positive,0.8252511024475098,2.8757646083831787,0.09910716116428375
1403897404168933378,neutral,1.6345112323760986,0.1600150763988495,0.8086649179458618
1403897406580674560,negative,1.0281023979187012,-0.6968606114387512,2.0936009883880615
1403897406672949249,positive,1.6851985454559326,3.039599895477295,-0.5585664510726929
1403897407159476229,negative,0.719303548336029,-0.8623272776603699,2.233428955078125
1403897407755128833,negative,0.9028708934783936,-0.366254985332489,1.8749768733978271
1403897408757506048,negative,1.1119004487991333,-1.192513108253479,3.1244235038757324
1403897408929501184,negative,1.338964819908142,-0.9618324637413025,2.2000410556793213
1403897410540081158,neutral,2.317121744155884,0.18535184860229492,0.46296408772468567
1403897410917650437,negative,1.3916523456573486,0.02421901375055313,1.7649664878845215
1403897411043401728,negative,1.2439022064208984,-0.36967211961746216,1.5621436834335327
1403897412641431554,negative,0.8544279336929321,-0.9853518605232239,2.8730733394622803
1403897413572743171,negative,0.8476319909095764,-0.10342492908239365,0.8661665916442871
1403897413690007556,negative,1.1244583129882812,-0.34023240208625793,1.2262753248214722
1403897415233642507,neutral,2.1623566150665283,-0.3520655930042267,0.8359175324440002
1403897415837618176,positive,0.8899813890457153,2.679929733276367,0.29232093691825867
1403897415971786752,neutral,1.394852638244629,-0.3800443708896637,0.43365761637687683
1403897415980228611,neutral,3.6581027507781982,1.9351743459701538,-1.3172353506088257
1403897416999264256,neutral,1.6376755237579346,0.45437195897102356,0.5790775418281555
1403897418140196869,negative,1.506746768951416,-0.681909441947937,1.9982550144195557
1403897418199019521,negative,1.4442009925842285,-1.0331451892852783,2.4805922508239746
1403897418517782531,negative,0.8297513723373413,0.5027239322662354,1.1985825300216675
1403897420568694788,positive,1.67031991481781,2.0879876613616943,-0.10712408274412155
1403897422384975878,negative,1.2885453701019287,-0.5570515394210815,2.118605136871338
1403898453445468160,neutral,1.4232593774795532,0.8240702748298645,0.5316980481147766
1403898455152545795,neutral,2.8083584308624268,0.3837975859642029,-0.19401827454566956
1403898461162938370,positive,0.6999327540397644,0.8541972041130066,-0.13844791054725647
1403898462517612549,neutral,1.867641568183899,-0.0015967637300491333,0.24195922911167145
1403898463490920450,neutral,2.6754703521728516,1.1542541980743408,-0.23154275119304657
1403898463830511620,negative,0.8879440426826477,-1.3648645877838135,4.18690299987793
1403898464120061956,negative,1.1069566011428833,-0.4871637523174286,2.063549041748047
1403898465789353989,neutral,2.6885874271392822,-0.30663713812828064,0.5481908321380615
1403898465801818113,negative,1.517939805984497,-0.8292117714881897,1.8463311195373535
1403898465827045384,neutral,1.1516759395599365,0.2936477065086365,0.9900501370429993
1403898466259005440,neutral,2.071244239807129,1.4225049018859863,-0.2106265127658844
1403898467383222272,negative,1.294109582901001,-0.9755305647850037,3.123486042022705
1403898467525697539,positive,1.6052265167236328,1.706760048866272,0.010516732931137085
1403898467811049476,negative,0.6976783871650696,-0.8465230464935303,3.2408833503723145
1403898468813336579,neutral,1.907878041267395,0.5951962471008301,0.5056584477424622
1403898468976926727,neutral,1.5676320791244507,-0.5248143076896667,1.3224165439605713
1403898469111107591,neutral,1.7250139713287354,-0.35627299547195435,0.9400525093078613
1403898469765447680,neutral,1.0073494911193848,0.5017377138137817,0.8821002244949341
1403898469903912963,neutral,0.6603109836578369,0.45627927780151367,0.170950785279274
1403898470876975105,negative,1.0254461765289307,-0.6963419318199158,2.5594818592071533
1403898472072286209,neutral,1.6152335405349731,-0.04234226793050766,0.879178524017334
1403898473603158017,neutral,3.530146598815918,1.6300079822540283,-1.0650410652160645
1403898474169466884,neutral,2.069734811782837,-0.04286547750234604,0.5726237893104553
1403898476811800576,neutral,1.7143803834915161,0.9376406073570251,0.4226554036140442
1403898478493896704,negative,1.3503535985946655,-0.8688540458679199,2.296276330947876
1403898478690934788,neutral,1.675191879272461,0.02679452672600746,1.141197919845581
1403898478812557314,positive,0.831376314163208,2.0038089752197266,-0.02134723775088787
1403898479009832964,negative,0.9052653908729553,-0.9654818177223206,2.3832006454467773
1403898479131439108,negative,1.1401149034500122,0.2932811677455902,1.3372740745544434
1403898480251310084,negative,1.1069566011428833,-0.4871637523174286,2.063549041748047
1403898481362694145,neutral,1.675191879272461,0.026794515550136566,1.141197919845581
1403898481597583361,neutral,1.775048017501831,-0.21079587936401367,0.8182119727134705
1403898481790492677,neutral,1.8034615516662598,-0.6097457408905029,1.4995843172073364
1403898482423967747,negative,1.086300253868103,-1.2710697650909424,3.22053861618042
1403898482700791808,negative,1.099560260772705,-0.6983869075775146,2.550657272338867
1403898482746822658,negative,1.3931431770324707,-0.3587905168533325,1.732676386833191
1403898483132805124,negative,0.9645594954490662,-0.25571492314338684,2.0110645294189453
1403898484286279682,neutral,2.3796584606170654,-0.019307419657707214,0.6746286153793335
1403898484562882563,neutral,1.9815701246261597,0.632115364074707,0.1684393286705017
1403898485796003842,negative,0.8080946803092957,-0.7760944962501526,2.6730217933654785
1403898485825441793,negative,1.9375081062316895,-0.6727036237716675,2.0690860748291016
1403898486366502912,positive,1.4489885568618774,1.6204355955123901,0.09375881403684616
1403898487897399296,neutral,1.8167301416397095,-0.7457255125045776,1.4744458198547363
1403898488539303939,negative,0.7549126744270325,-0.713061511516571,2.6714911460876465
1403898490036658177,neutral,2.4123892784118652,1.7277166843414307,-0.1740311235189438
1403898492431605765,neutral,1.6102885007858276,-0.2013545036315918,1.264131784439087
1403898492473331712,negative,1.3231056928634644,-1.223022699356079,2.717541217803955
1403898492704071680,negative,1.536670207977295,-1.045998215675354,2.181861400604248
1403898493610053640,negative,1.2560508251190186,-1.2196756601333618,3.157547950744629
1403898493907865604,negative,1.0353491306304932,-1.2652437686920166,3.8529469966888428
1403898496080547843,negative,1.1811085939407349,0.0727272555232048,1.6746410131454468
1403898499343785985,neutral,1.8883930444717407,1.5330294370651245,0.14691343903541565
1403898500031655941,neutral,2.826916456222534,0.8289392590522766,0.08943125605583191
1403898501763940355,negative,1.5084903240203857,-0.8720566034317017,1.9023979902267456
1403898502225219586,negative,0.4994252324104309,-0.7865596413612366,3.21506929397583
1403898505303887875,negative,0.9091400504112244,-0.25595688819885254,1.833743929862976
1403898505324687368,neutral,2.0336594581604004,-0.2897997796535492,1.253320574760437
1403898505408692224,neutral,1.6245571374893188,0.7217555046081543,0.4965929090976715
1403898507572899840,negative,1.5082792043685913,-0.5360837578773499,1.584157943725586
1403898508495646721,neutral,3.530146598815918,1.6300079822540283,-1.0650410652160645
1403898510949326848,positive,0.8583227396011353,0.9433375000953674,0.17003856599330902
1403898511268057092,negative,0.5864303708076477,-0.6974451541900635,2.7458479404449463
1403898511851069442,neutral,1.9898364543914795,1.0823479890823364,0.10298684984445572
1403898513994371072,positive,1.6851985454559326,3.039599895477295,-0.5585664510726929
1403898515114319872,negative,1.2963794469833374,-1.0055804252624512,3.056051015853882
1403898515680600066,neutral,2.306673765182495,-0.3815866708755493,0.8096886277198792
1403898515709829120,negative,1.177857756614685,-0.24019303917884827,1.7484899759292603
1403898516389388290,neutral,1.0954434871673584,0.7186436057090759,0.867414653301239
1403898517446402048,neutral,1.8955223560333252,-0.6867144703865051,1.520538330078125
1403898518612459521,negative,1.5516529083251953,-0.8786385655403137,1.879793643951416
1403898518670958593,negative,0.39547064900398254,-0.5459792613983154,1.8907206058502197
1403898519388409856,negative,1.1524184942245483,-1.0569779872894287,2.7398552894592285
1403898519996362752,negative,1.3916523456573486,0.02421901375055313,1.7649664878845215
1403898523519643649,neutral,2.2693533897399902,2.076101541519165,0.11455540359020233
1403898524173959171,neutral,1.5646371841430664,0.5455425977706909,0.4923662841320038
1403898524228587523,neutral,2.506451368331909,1.4469833374023438,-0.5270968675613403
1403898525021245440,negative,1.0665498971939087,-0.9263069033622742,2.700380563735962
1403898525906178048,negative,1.3949894905090332,-1.2003614902496338,2.848097324371338
1403898526539583489,negative,1.0835832357406616,-0.6016921401023865,2.192392349243164
1403898527323934720,negative,0.16291983425617218,-0.3233502507209778,2.004568576812744
1403898527642755072,neutral,1.5646371841430664,0.5455425977706909,0.4923662841320038
1403898528263544835,negative,1.1811085939407349,0.0727272555232048,1.6746410131454468
1403898528280104962,negative,1.1778578758239746,-0.24019303917884827,1.7484899759292603
1403898529534201859,positive,1.0227079391479492,2.61429762840271,0.3699653744697571
1403898531312771075,negative,1.224915862083435,-0.9688088297843933,2.2292375564575195
1403898534320037890,negative,1.191004753112793,0.09862460196018219,1.2045561075210571
1403898534361853958,neutral,3.326507329940796,1.88239586353302,-1.0461255311965942
1403898534584221706,negative,1.0316662788391113,-0.915179431438446,3.343116521835327
1403898536115245057,neutral,1.6965434551239014,0.6448615789413452,0.31593382358551025
1403898537079869455,negative,1.3916523456573486,0.02421901375055313,1.7649664878845215
1403898538413670403,neutral,2.8269166946411133,0.8289393782615662,0.08943118900060654
1403898538531115011,negative,0.5437136292457581,-1.1297602653503418,3.3583288192749023
1403898541295038466,positive,1.4489885568618774,1.6204355955123901,0.09375881403684616
1403898543136333824,neutral,1.770363211631775,0.6537689566612244,0.604960024356842
1403898543555985409,neutral,1.594359278678894,-0.11202608793973923,1.3583967685699463
1403898543572541440,positive,1.6378569602966309,1.724793553352356,-0.20701491832733154
1403898544604516352,neutral,1.1609606742858887,0.537087082862854,-0.03706660866737366
1403898546718482433,neutral,1.6245571374893188,0.7217554450035095,0.4965928792953491
1403898547473293316,neutral,2.8269166946411133,0.8289393782615662,0.08943118900060654
1403898550384222210,neutral,1.8955223560333252,-0.6867144703865051,1.520538330078125
1403898550543478787,negative,1.3393168449401855,-0.2920810580253601,1.371861457824707
1403898555845136386,negative,1.2423045635223389,-0.809794545173645,1.9963858127593994
1403898557812416512,neutral,2.055615186691284,0.728854238986969,0.36254608631134033
1403898558097489922,neutral,2.737147808074951,1.9055753946304321,-0.5028734803199768
1403898558172975107,negative,1.0627849102020264,-0.004294201731681824,1.7522211074829102
1403898560735854594,neutral,1.1910251379013062,0.17498138546943665,1.1478843688964844
1403898561318637569,neutral,1.675191879272461,0.02679452672600746,1.141197919845581
1403898562077872135,negative,1.3576817512512207,-0.5800662636756897,2.059246063232422
1403898564565258242,negative,0.842300295829773,0.8766418099403381,1.2755688428878784
1403898565395681281,negative,1.3916523456573486,0.02421901375055313,1.7649664878845215
1403898568172347400,neutral,1.594359278678894,-0.11202608793973923,1.3583967685699463
1403898568939737091,neutral,1.1682767868041992,0.3547702729701996,0.8944437503814697
1403898573985521671,negative,1.2127262353897095,-0.8210390210151672,2.1001102924346924
1403898577462595584,neutral,1.8955223560333252,-0.6867144703865051,1.520538330078125
1403898582411870209,neutral,1.5522316694259644,0.4348011016845703,0.2220563441514969
1403898582625918977,neutral,1.8955223560333252,-0.6867144703865051,1.520538330078125
1403898583972073475,positive,1.637471079826355,3.6635262966156006,-0.808763861656189
1403898584752263176,neutral,3.530146598815918,1.6300079822540283,-1.0650410652160645
1403898586115477504,negative,1.7621921300888062,-1.1136585474014282,2.2671597003936768
1403898590578282500,neutral,3.1567256450653076,2.1139676570892334,-1.1341458559036255
1403898591735910404,negative,1.3916523456573486,0.02421901375055313,1.7649664878845215
1403898592679563266,neutral,1.660383939743042,1.5907514095306396,0.11725486814975739
1403898594755760131,negative,0.36269623041152954,0.014740005135536194,0.44052231311798096
1403898596215328769,negative,1.179978370666504,-0.720453143119812,2.683948278427124
1403898598803132417,negative,1.348985195159912,-1.0803375244140625,2.7983357906341553
1403898599793205250,neutral,2.030942440032959,0.27197349071502686,0.17023079097270966
1403898600074014721,neutral,1.5343356132507324,1.4335533380508423,0.1351916342973709
1403898602846494722,positive,1.369454264640808,1.5180654525756836,-0.4114329218864441
1403898603018539010,neutral,1.8027197122573853,-0.606533944606781,1.3269398212432861
1403898604251533312,negative,1.0700688362121582,-1.1687935590744019,3.300649881362915
1403898608001372167,neutral,2.3796584606170654,-0.019307419657707214,0.6746286153793335
1403898608122953732,neutral,1.768370509147644,-0.24581527709960938,1.1137531995773315
1403898608135458817,neutral,1.0283052921295166,0.6368869543075562,1.0099917650222778
1403898608311668740,neutral,2.071244239807129,1.4225049018859863,-0.2106265127658844
1403898612589891586,neutral,1.540347933769226,-0.36437085270881653,1.2615406513214111
1403898613693128704,negative,0.9010228514671326,-0.5928336381912231,2.5677967071533203
1403898613940424710,negative,1.0012050867080688,-0.7474527359008789,2.1851418018341064
1403898614485770249,neutral,1.5651429891586304,0.5787630081176758,1.142336130142212
1403898616398245888,positive,2.0785889625549316,2.1160728931427,-0.4623109698295593
1403898617086291969,neutral,1.5100206136703491,0.8913015723228455,0.6990775465965271
1403898619980353538,neutral,1.5962278842926025,-0.6361940503120422,1.5269695520401
1403898620353470469,neutral,1.7621880769729614,1.3095176219940186,0.21315889060497284
1403898620433375237,negative,1.3916523456573486,0.02421901375055313,1.7649664878845215
1403898622178115587,neutral,2.506451368331909,1.4469833374023438,-0.5270968079566956
1403898622421438465,neutral,1.7614251375198364,0.5875687003135681,0.2585259675979614
1403898623167897607,negative,1.514209508895874,-0.43836137652397156,1.9218716621398926
1403898623553908737,neutral,2.6754703521728516,1.1542541980743408,-0.23154275119304657
1403898624044457987,positive,1.6851985454559326,3.039599895477295,-0.5585664510726929
1403898624556232704,negative,0.6526741981506348,-0.5233095288276672,1.3994070291519165
1403898625269276678,negative,0.7081602811813354,-0.8811776638031006,2.6759746074676514
1403898625768316929,neutral,1.6376755237579346,0.45437195897102356,0.5790775418281555
1403898626024345601,neutral,2.1600141525268555,-1.0509334802627563,2.1156392097473145
1403898626766630921,neutral,1.7970283031463623,-0.2084779441356659,0.6368679404258728
1403898627802628098,positive,2.155822277069092,4.3087639808654785,-1.3197988271713257
1403898627966312450,negative,1.157462477684021,-1.3665858507156372,3.3418049812316895
1403898627974696968,neutral,1.3962043523788452,1.326610803604126,0.3125583231449127
1403898632416284674,negative,1.2213280200958252,-1.2218204736709595,3.12563419342041
1403898632768692227,neutral,2.363513708114624,0.3148781359195709,0.3369843363761902
1403898632856875010,negative,1.1231658458709717,-1.0837701559066772,3.2790470123291016
1403898633049751552,negative,0.9556260108947754,-0.01323099434375763,1.691843032836914
1403898635633369093,neutral,3.530146598815918,1.6300079822540283,-1.0650410652160645
1403898635985723395,neutral,1.456931710243225,-0.18113386631011963,1.2179709672927856
1403898636056940545,neutral,2.549631118774414,0.516819417476654,0.10533692687749863
1403898636904321025,negative,0.22896640002727509,-0.2590799033641815,2.4046452045440674
1403898639278247937,negative,1.3231056928634644,-1.223022699356079,2.717541217803955
1403898641538977798,negative,1.109901785850525,-0.4175792634487152,1.7571139335632324
1403898643841646599,neutral,1.4217413663864136,-0.27784058451652527,0.9727910757064819
1403898644143644673,neutral,2.010559558868408,1.8581860065460205,-0.2231496125459671
1403898644600811523,negative,1.3916523456573486,0.02421901375055313,1.7649664878845215
1403898645196378120,negative,1.3073344230651855,-0.35271209478378296,1.7322827577590942
1403898646702157829,neutral,1.9239603281021118,0.8521580696105957,0.08820919692516327
1403898647704657924,negative,0.8313189148902893,-0.2707441747188568,1.9735894203186035
1403898647780028418,neutral,1.365983247756958,-0.0262487530708313,1.3223859071731567
1403898648300118018,neutral,1.8623511791229248,-0.5075095295906067,1.8178638219833374
1403898651135688705,positive,1.447826623916626,2.5649914741516113,-0.31959593296051025
1403898651798237185,neutral,2.1160709857940674,0.1929759681224823,0.2656254172325134
1403898653710954501,neutral,1.8219683170318604,-0.10920729488134384,1.386682152748108
1403898654562209796,negative,1.4532065391540527,-0.7902724742889404,1.9170119762420654
1403898655535366145,neutral,1.2819793224334717,-0.003551095724105835,1.2420254945755005
1403898655648718849,negative,1.049797534942627,-0.6046470403671265,1.7980879545211792
1403898656718217217,negative,2.1112687587738037,-1.0838860273361206,2.2172744274139404
1403898657238261760,negative,1.4417675733566284,-0.9264217019081116,2.277371406555176
1403898657984843777,neutral,1.9592792987823486,1.8201780319213867,-0.003962816670536995
1403898658555416577,negative,1.181307315826416,0.39784863591194153,1.3690811395645142
1403898658802737152,negative,1.229549765586853,-0.8279224038124084,1.942429542541504
1403898659515748356,negative,1.241397738456726,-0.7995787262916565,1.6481907367706299
1403898659540979714,neutral,2.306673765182495,-0.3815866708755493,0.8096886277198792
1403898660258127879,negative,0.6419978737831116,-0.64467453956604,3.084552526473999
1403898661549928452,negative,0.9091400504112244,-0.25595688819885254,1.833743929862976
1403898661864574978,positive,2.2023656368255615,2.346116304397583,-0.2211184948682785
1403898663395491842,neutral,1.3959310054779053,1.0429706573486328,0.748815655708313
1403898664989298690,neutral,2.163456916809082,1.4049315452575684,-0.3459358811378479
1403898665127743492,positive,1.6851985454559326,3.039599895477295,-0.5585664510726929
1403898666302251010,neutral,2.5309996604919434,0.789618730545044,0.13629966974258423
1403898667203891203,neutral,1.6588866710662842,1.4678552150726318,0.08123873174190521
1403898667673739266,neutral,2.0355734825134277,-0.4662335216999054,1.812239170074463
1403898667694706688,positive,1.3458009958267212,2.0180349349975586,-0.15821607410907745
1403898669456314371,negative,0.43120723962783813,-0.022437162697315216,2.495650291442871
1403898669900959745,positive,0.33309540152549744,0.4565105140209198,0.024693448096513748
1403898669900963840,neutral,1.5985978841781616,-0.7025386095046997,1.2886408567428589
1403898670819336194,neutral,1.3797500133514404,0.20979617536067963,1.2821674346923828
1403898673449390085,positive,1.182414174079895,1.7598803043365479,0.7671111822128296
1403898674292281346,negative,1.0012050867080688,-0.7474527359008789,2.1851418018341064
1403898675181588488,positive,1.2763221263885498,1.4746787548065186,0.0772685632109642
1403898676125241349,neutral,2.6926114559173584,1.4574211835861206,-0.5006044507026672
1403898677047955457,negative,1.3168818950653076,-1.1598520278930664,2.741605520248413
1403898677542932486,negative,0.7092854380607605,0.1023627370595932,1.9918129444122314
1403898677966557190,neutral,1.4385548830032349,-0.27110379934310913,1.2330195903778076
1403898678558040067,neutral,1.3441330194473267,0.6473250389099121,0.8688592910766602
1403898679761702916,neutral,1.8425832986831665,0.11448994278907776,0.5679652094841003
1403898680055197707,neutral,2.2925117015838623,1.202815294265747,0.053772278130054474
1403898680692797443,positive,1.5316050052642822,1.5640789270401,-0.001996072009205818
1403898680760020995,negative,1.0883618593215942,-0.5602695345878601,1.9204556941986084
1403898681116532741,neutral,1.9898364543914795,1.0823479890823364,0.10298684984445572
1403898681544175618,neutral,2.686922788619995,0.012738168239593506,0.648772656917572
1403898682215383041,neutral,2.506451368331909,1.4469833374023438,-0.5270968675613403
1403898682731159553,neutral,1.8378980159759521,-0.2081354558467865,1.0530259609222412
1403898684509622274,neutral,1.767421007156372,0.11052876710891724,0.4890112578868866
1403898684891451397,negative,1.2827833890914917,-0.6761819124221802,1.3995178937911987
1403898685025525760,negative,1.316591501235962,-1.2913947105407715,3.0579683780670166
1403898686220816386,neutral,3.530146598815918,1.6300078630447388,-1.065041184425354
1403898686548197378,neutral,1.8445197343826294,0.23661664128303528,0.8432996869087219
1403898687265378307,negative,1.108858346939087,-0.8389158248901367,2.4663162231445312
1403898687617593348,negative,1.3231056928634644,-1.2230225801467896,2.717540979385376
1403898687676428296,negative,1.2154730558395386,-0.601272702217102,1.7474969625473022
1403898687877640195,neutral,3.530146598815918,1.6300079822540283,-1.0650410652160645
1403898688179605508,neutral,1.4183204174041748,0.019031308591365814,0.7571711540222168
1403898688590675969,positive,3.9163193702697754,7.3744215965271,-3.1051204204559326
1403898688938799107,neutral,1.8452353477478027,0.11946334689855576,0.5960323810577393
1403898689093992449,negative,1.0369404554367065,-1.0706405639648438,2.558283805847168
1403898689828052995,positive,0.24194465577602386,0.9218271970748901,0.6420593857765198
1403898692684320769,neutral,2.604365587234497,2.292895555496216,-0.6974447965621948
1403898694064168971,neutral,1.8955224752426147,-0.6867144703865051,1.5205382108688354
1403898694164901888,neutral,1.8891879320144653,0.5245233774185181,0.560952365398407
1403898694492168196,positive,0.6289659142494202,1.1644072532653809,-0.07332351058721542
1403898695716945920,neutral,1.8955223560333252,-0.6867144703865051,1.520538330078125
1403898696782127110,negative,1.1260405778884888,0.20290949940681458,1.1766616106033325
1403898699395178498,neutral,1.6553748846054077,-0.24912720918655396,0.9955623745918274
1403898704143081475,neutral,1.8955223560333252,-0.6867144703865051,1.520538330078125
1403898704386355200,neutral,1.7181955575942993,0.990371823310852,0.4933849573135376
1403898705934172162,negative,1.2354540824890137,-1.490971565246582,4.130736351013184
1403898707196645376,negative,1.4480255842208862,-0.4111943542957306,2.5225188732147217
1403898707544731650,neutral,2.0701537132263184,1.597553014755249,-0.18209879100322723
1403898708563988482,negative,1.391652226448059,0.024218983948230743,1.7649662494659424
1403898709159600131,negative,1.4230384826660156,-0.6210137009620667,1.7072844505310059
1403898709461671939,neutral,2.622377872467041,0.17419153451919556,0.40712517499923706
1403898709868519435,neutral,2.6450493335723877,-0.40479332208633423,1.0429226160049438
1403898710384250883,negative,1.0627849102020264,-0.004294201731681824,1.7522211074829102
1403898710770159618,negative,0.5519152879714966,0.06264945864677429,1.1724940538406372
1403898711034449925,neutral,2.137397289276123,0.3028946816921234,0.47425293922424316
1403898711185367040,neutral,2.506451368331909,1.4469833374023438,-0.5270968675613403
1403898711344783362,negative,1.3414838314056396,-0.996924638748169,2.168466091156006
1403898711588081665,negative,0.9383072257041931,0.8344056010246277,1.25910484790802
1403898713630822401,neutral,1.2173994779586792,0.18364915251731873,1.2046613693237305
1403898714008084481,neutral,1.619015097618103,-0.4045073986053467,1.0407384634017944
1403898716369608706,positive,1.8236933946609497,2.031595468521118,-0.35436752438545227
1403898720731779072,neutral,1.6606128215789795,-0.07365933805704117,0.9089556336402893
1403898721125818368,neutral,1.8264185190200806,-0.0603271946310997,1.1152548789978027
1403898721167937536,negative,1.3079007863998413,-0.7837610840797424,1.8332537412643433
1403898723126628357,neutral,1.8955223560333252,-0.6867144703865051,1.520538330078125
1403898723193671685,neutral,1.8885663747787476,-0.8619497418403625,1.6052974462509155
1403898725471117318,negative,1.2329200506210327,-0.7590693831443787,2.1600472927093506
1403898725794254850,negative,0.1564701497554779,-0.32767772674560547,1.58971107006073
1403898728080150528,negative,0.7651471495628357,0.06697534024715424,1.4176182746887207
1403898728784662528,neutral,1.7189555168151855,-0.495335191488266,1.1087675094604492
1403898732815523842,negative,1.1811085939407349,0.0727272555232048,1.6746410131454468
1403898734199459840,neutral,2.2547223567962646,1.6550004482269287,-0.7803511023521423
1403898734342115328,negative,1.1811085939407349,0.0727272555232048,1.6746410131454468
1403898734606381058,neutral,1.675191879272461,0.02679452672600746,1.141197919845581
1403898735206273026,neutral,2.016512632369995,0.7207204103469849,0.9804026484489441
1403898736120455172,neutral,3.530146598815918,1.6300079822540283,-1.0650410652160645
1403898737668153345,neutral,1.1201436519622803,0.4443364143371582,0.2529602646827698
1403898738016284676,positive,1.0544660091400146,1.7863034009933472,0.12600858509540558
1403898739358679041,negative,1.181307315826416,0.39784863591194153,1.3690811395645142
1403898740004384770,neutral,1.0695891380310059,0.4206439256668091,0.9668899774551392
1403898740029595648,negative,0.6486911177635193,-0.2663359045982361,1.5067025423049927
1403898741187305472,negative,1.4070521593093872,-0.9250664710998535,1.9019063711166382
1403898742177214465,neutral,1.9053356647491455,-0.41594067215919495,0.9914838671684265
1403898742563016708,negative,1.464069128036499,-0.7156118750572205,1.982604742050171
1403898743766749189,neutral,2.04727840423584,0.2837240695953369,0.3972141146659851
1403898743817072641,neutral,1.7957594394683838,-0.2850150763988495,1.1877483129501343
1403898744295231490,neutral,1.8198760747909546,0.8568339943885803,0.4308655858039856
1403898747000610819,negative,0.9383072257041931,0.8344056010246277,1.25910484790802
1403898748128878599,neutral,1.327791690826416,0.5270663499832153,0.9290322065353394
1403898748200132609,neutral,1.9265267848968506,-0.4339509904384613,1.2134214639663696
1403898748389019648,neutral,1.9898364543914795,1.0823479890823364,0.10298684984445572
1403898748749680641,neutral,1.9116960763931274,-0.7557470798492432,1.3422694206237793
1403898749252820996,neutral,1.9325287342071533,1.1150163412094116,0.2100622057914734
1403898749303201798,neutral,1.8797197341918945,0.07353800535202026,0.7502173781394958
1403898749546418180,positive,2.13112211227417,2.1616594791412354,-0.8063235282897949
1403898751593246722,neutral,2.2248263359069824,-0.9808604717254639,1.8262810707092285
1403898753011048452,neutral,1.3323283195495605,-0.055825553834438324,1.1527557373046875
1403898753971417090,negative,1.3916523456573486,0.02421901375055313,1.7649664878845215
1403898756018237444,neutral,1.3371129035949707,0.013666056096553802,1.0891344547271729
1403898756605480968,neutral,1.5697981119155884,-0.3805650472640991,1.0950560569763184
1403898758241296388,neutral,1.9116960763931274,-0.7557470798492432,1.3422694206237793
1403898758757224452,neutral,2.4861795902252197,-0.06763338297605515,-0.012906664982438087
1403898762607595521,negative,2.1112687587738037,-1.0838860273361206,2.2172744274139404
1403898763475783689,negative,0.9068336486816406,-1.1647692918777466,3.4625184535980225
1403898763660382208,negative,0.9490329623222351,-0.8956537842750549,3.073047161102295
1403898764364894212,neutral,1.5396281480789185,1.0513584613800049,0.20138852298259735
1403898765535191046,neutral,2.157991409301758,1.8525606393814087,-0.27351945638656616
1403898766462234627,negative,1.3916523456573486,0.02421901375055313,1.7649664878845215
1403898767787626500,negative,0.7108840942382812,-1.2781105041503906,3.551544427871704
1403898768353812481,neutral,1.8445197343826294,0.23661664128303528,0.8432996869087219
1403898768781611011,neutral,1.6441446542739868,-0.5100816488265991,1.4364489316940308
1403898770304110595,neutral,1.775048017501831,-0.21079587936401367,0.8182119727134705
1403898771180826628,negative,1.5036892890930176,-0.8730363249778748,2.097874402999878
1403898772086616065,neutral,1.0791652202606201,-0.4545804560184479,1.0609304904937744
1403898772107808770,negative,0.9739557504653931,-0.40674394369125366,2.215101480484009
1403898772598448130,negative,1.3079007863998413,-0.7837610840797424,1.8332537412643433
1403898772774662146,neutral,1.49522864818573,-0.020172767341136932,1.063047170639038
1403898773470806017,neutral,1.1131303310394287,0.5054317712783813,0.7496145963668823
1403898775026814976,neutral,2.0153071880340576,0.45850324630737305,0.5769575834274292
1403898775156838401,negative,0.33813348412513733,-0.10822883993387222,3.0729942321777344
1403898784111906817,negative,1.4154869318008423,-1.0327643156051636,2.3949785232543945
1403898784266997763,negative,0.4790181517601013,0.34440237283706665,2.2371487617492676
1403898784484970498,negative,1.3779497146606445,-0.26633280515670776,1.5545793771743774
1403898785110102017,negative,1.3916523456573486,0.02421901375055313,1.7649664878845215
1403898785680572416,neutral,1.8955222368240356,-0.6867145299911499,1.5205382108688354
1403898785768542212,neutral,1.3556735515594482,1.206451654434204,0.20027031004428864
1403898787299414017,neutral,1.9425568580627441,0.27754196524620056,0.6770303249359131
1403898787471446016,neutral,2.073925495147705,1.3520452976226807,0.00032797083258628845
1403898788025044992,negative,1.0329921245574951,-0.6371471285820007,2.3636646270751953
1403898788658307076,negative,1.191004753112793,0.09862455725669861,1.2045561075210571
1403898789430108161,negative,0.7606143355369568,-0.11933799833059311,1.5247139930725098
1403898789996290048,negative,1.3231056928634644,-1.223022699356079,2.717541217803955
1403898791737057280,negative,1.1069566011428833,-0.4871637523174286,2.063549041748047
1403898793020604421,positive,0.6409255862236023,1.2793654203414917,0.572946310043335
1403898794874486787,neutral,1.655021071434021,0.15934894979000092,0.9476357102394104
1403898796208234497,neutral,1.8445197343826294,0.23661664128303528,0.8432996869087219
1403898798439645188,negative,0.9065197706222534,0.4278707802295685,1.3093606233596802
1403898798481592321,neutral,1.8955224752426147,-0.6867144703865051,1.520538330078125
1403898799307767809,neutral,1.545311689376831,0.49152258038520813,0.8834326863288879
1403898799769194502,neutral,1.792201042175293,1.5821043252944946,-0.25913992524147034
1403898800662581248,negative,0.7288647294044495,-1.0349613428115845,3.2042274475097656
1403898801304215552,neutral,1.9847767353057861,-0.2961597442626953,1.2358651161193848
1403898802591834115,negative,1.397279143333435,-1.09404718875885,2.6723082065582275
1403898804802228224,negative,0.6267539262771606,-0.9266939759254456,3.241837739944458
1403898804936400897,neutral,1.8066504001617432,-0.11037672311067581,0.6912906765937805
1403898805045526532,negative,1.2937524318695068,-1.0852901935577393,2.209663152694702
1403898805808889862,neutral,1.6213520765304565,1.4621164798736572,0.05813072621822357
1403898807398506498,negative,1.1069566011428833,-0.4871637523174286,2.063549041748047
1403898809382576128,negative,0.5792719125747681,-0.6583393812179565,2.7306268215179443
1403898809642590208,negative,0.8948529958724976,-0.5400732755661011,2.2312989234924316
1403898813933228034,negative,0.7609295845031738,-0.7589975595474243,1.9271661043167114
1403898815313158148,neutral,1.2701375484466553,0.4599679112434387,0.8002642393112183
1403898816496013319,negative,0.16999924182891846,-0.3783818483352661,2.220796585083008
1403898817133518849,neutral,3.530146598815918,1.6300079822540283,-1.0650410652160645
1403898817741742084,neutral,1.8955223560333252,-0.6867144703865051,1.520538330078125
1403898817875828739,negative,0.7628924250602722,-0.5741752982139587,2.388549566268921
1403898819293630467,negative,1.4619152545928955,-0.7880905866622925,1.7546859979629517
1403898820644294657,negative,1.3348252773284912,-0.65888911485672,1.9788575172424316
1403898820904300546,negative,0.9065198302268982,0.4278707802295685,1.3093606233596802
1403898822015651841,neutral,1.9898364543914795,1.0823479890823364,0.10298684984445572
1403898822384783362,neutral,1.483080506324768,1.256054162979126,0.754050076007843
1403898823684939777,negative,1.0200250148773193,-0.8834100365638733,2.8323159217834473
1403898824054108161,negative,1.7005488872528076,-1.0113301277160645,2.3092949390411377
1403898826159652865,neutral,2.6754703521728516,1.1542540788650513,-0.23154263198375702
1403898826302230533,neutral,1.8955223560333252,-0.6867144703865051,1.520538330078125
1403898826646179847,negative,0.9930721521377563,-0.7547318935394287,1.8698621988296509
1403898829150330880,positive,1.7019309997558594,1.9415676593780518,0.22666940093040466
1403898831138291718,negative,1.2810852527618408,-0.5540242791175842,1.596611499786377
1403898832828522498,negative,0.8080946803092957,-0.7760944962501526,2.6730217933654785
1403898834955104263,negative,1.0012050867080688,-0.7474527359008789,2.1851418018341064
1403898835261444102,negative,1.558090090751648,-0.8954015374183655,1.7975265979766846
1403898837438144514,neutral,1.8198760747909546,0.8568339943885803,0.4308655858039856
1403898841754083328,neutral,2.999417543411255,2.5841312408447266,-0.9527353644371033
1403898841829502980,negative,0.9923466444015503,-0.9480365514755249,2.338515043258667
1403898841988952066,negative,0.7081602811813354,-0.8811776638031006,2.6759746074676514
1403898842261737472,neutral,1.4058796167373657,1.0878868103027344,0.10092820227146149
1403898842676830209,neutral,1.9916646480560303,-0.5982836484909058,0.7482398152351379
1403898842764910595,neutral,1.5722366571426392,0.2682062089443207,1.1055222749710083
1403898844354695174,neutral,1.7535185813903809,0.21237683296203613,0.17213493585586548
1403898845050908679,neutral,1.1829687356948853,0.970152735710144,0.1850268542766571
1403898845503791104,negative,0.9965076446533203,-1.2029106616973877,3.2106823921203613
1403898845629763588,negative,1.28131103515625,-0.6982461214065552,1.6885292530059814
1403898846170677251,neutral,1.6883747577667236,-0.6220034956932068,1.1964188814163208
1403898846908932100,negative,1.3916523456573486,0.02421901375055313,1.7649664878845215
1403898847395467266,neutral,1.6441446542739868,-0.5100816488265991,1.4364489316940308
1403898849165467650,neutral,2.0851449966430664,-0.277751624584198,1.0495628118515015
1403898849421271048,neutral,1.9642430543899536,0.7766939401626587,-0.06103295087814331
1403898849580642305,positive,2.5216588973999023,6.266997814178467,-2.194532871246338
1403898849752535042,neutral,1.8198760747909546,0.8568339943885803,0.4308655858039856
1403898850675511298,neutral,1.6816364526748657,-0.1639695167541504,1.311525583267212
1403898852034285576,negative,0.9458791613578796,0.7448333501815796,1.3290488719940186
1403898852659191808,neutral,1.8461683988571167,0.6300793290138245,0.26822495460510254
1403898853221441540,neutral,2.6754703521728516,1.1542541980743408,-0.23154275119304657
1403898853808427021,neutral,2.6754703521728516,1.1542541980743408,-0.23154275119304657
1403898855318384640,positive,1.317635178565979,2.177471399307251,-0.07476186752319336
1403898856673222665,negative,1.2674775123596191,-0.38276830315589905,1.5813710689544678
1403898856727793664,neutral,2.6754703521728516,1.1542541980743408,-0.23154275119304657
1403898857214210058,neutral,1.675191879272461,0.02679452672600746,1.141197919845581
1403898857826701314,negative,0.911102294921875,-0.3259475827217102,1.3242380619049072
1403898860519321602,negative,1.3916523456573486,0.02421901375055313,1.7649664878845215
1403898864130682887,negative,1.290967583656311,-1.1691495180130005,2.8854243755340576
1403898864428535816,negative,0.9681133031845093,-0.24042239785194397,1.8324143886566162
1403898864474669066,negative,1.259231686592102,-0.602996826171875,1.8719688653945923
1403898864961306627,positive,1.8236933946609497,2.031595468521118,-0.35436752438545227
1403898865091289093,neutral,2.010223627090454,0.31005555391311646,0.8314116597175598
1403898866798239745,positive,1.326888084411621,1.7442512512207031,-0.1135353371500969
1403898867406364680,negative,1.1069566011428833,-0.4871637523174286,2.063549041748047
1403898869688193029,negative,1.4937009811401367,-1.2051976919174194,3.207880735397339
1403898869755301892,positive,0.7057234048843384,2.036097526550293,-0.16868576407432556
1403898870057390084,negative,0.9398101568222046,-0.3076910674571991,1.7013757228851318
1403898871667773446,neutral,3.530146598815918,1.6300079822540283,-1.0650413036346436
1403898871810564101,neutral,1.3610559701919556,0.585390031337738,0.26863500475883484
1403898872011784193,neutral,1.8891879320144653,0.5245234370231628,0.5609523057937622
1403898873723060225,neutral,1.6245570182800293,0.7217554450035095,0.49659281969070435
1403898874973016065,neutral,1.8955223560333252,-0.6867144703865051,1.520538330078125
1403898875363069953,neutral,1.7093321084976196,0.01613873988389969,0.8636037111282349
1403898876323536900,positive,0.24194465577602386,0.9218271970748901,0.6420593857765198
1403898877019709440,negative,0.7697290778160095,-0.17768940329551697,1.927208662033081
1403898877032366085,neutral,2.295140504837036,0.6554539203643799,-0.009919168427586555
1403898878013935618,neutral,1.895437240600586,0.6971596479415894,0.04314618185162544
1403898879699914755,neutral,1.483505129814148,-0.475084513425827,1.0791873931884766
1403898881318952960,negative,0.6095417737960815,0.9250924587249756,1.1609976291656494
1403898881356800002,negative,1.3398475646972656,-0.6528872847557068,1.8500173091888428
1403898881423949830,negative,1.573771595954895,-0.5357782244682312,1.869209885597229
1403898882182901761,neutral,2.258897304534912,0.7456543445587158,0.1772284209728241
1403898885039222784,negative,0.7804479598999023,-0.8821385502815247,3.698909282684326
1403898887899783170,neutral,1.437912940979004,-0.27974820137023926,1.3696022033691406
1403898889040809985,negative,1.2213280200958252,-1.2218204736709595,3.12563419342041
1403898891322347521,negative,0.44962963461875916,-0.8832401633262634,2.79065203666687
1403898891947364355,neutral,1.8955223560333252,-0.6867144703865051,1.520538330078125
1403898894426292225,negative,1.3916523456573486,0.02421901375055313,1.7649664878845215
1403898894501781504,neutral,1.357936978340149,0.4251311719417572,0.9320725202560425
1403898896137408513,neutral,2.0153071880340576,0.4585033655166626,0.5769575238227844
1403898898502938624,negative,1.589642882347107,-1.0690412521362305,2.206575393676758
1403898900818415623,neutral,2.400028944015503,1.3409916162490845,-0.4960533380508423
1403898900868583424,neutral,1.5559515953063965,0.9688065648078918,0.1871529370546341
1403898903112474627,negative,0.6385136246681213,-0.03789987415075302,1.8566374778747559
1403898904693952512,negative,1.9760444164276123,-1.1435997486114502,2.0983784198760986
1403898905805279236,negative,1.1519274711608887,-0.32038840651512146,1.6145267486572266
1403898907306778626,positive,2.2223472595214844,4.179984092712402,-1.2013686895370483
1403898907441065988,neutral,2.4447755813598633,0.351165771484375,0.7498633861541748
1403898907973734401,negative,0.975698709487915,-0.861793577671051,2.5025992393493652
1403898909408256004,neutral,2.0772864818573,2.0228755474090576,-0.5559773445129395
1403898909462777859,negative,1.3916523456573486,0.02421901375055313,1.7649664878845215
1403898912323211265,negative,1.397279143333435,-1.09404718875885,2.6723082065582275
1403898912574898183,neutral,3.2815170288085938,0.6761023998260498,-0.264986515045166
1403898913204146178,negative,0.8357894420623779,-0.13926813006401062,1.4577206373214722
1403898913464127497,neutral,1.7308270931243896,1.3417975902557373,0.2675754725933075
1403898914458116097,positive,1.6851985454559326,3.039599895477295,-0.5585664510726929
1403898917520039938,negative,1.253101110458374,-0.3628621995449066,1.7098907232284546
1403898919520665601,neutral,1.7931571006774902,-0.14514553546905518,1.5534642934799194
1403898919533355010,neutral,1.972124457359314,1.7010204792022705,-0.8894674181938171
1403898920967622657,negative,0.5824623703956604,-0.7063748240470886,2.779921293258667
1403898921211072512,negative,2.1112687587738037,-1.0838860273361206,2.2172744274139404
1403898922381332482,negative,1.425573468208313,-1.1613805294036865,2.585221767425537
1403898922846851074,negative,1.1017506122589111,-0.6022181510925293,2.120194911956787
1403898923744337921,neutral,1.876926302909851,-0.473389595746994,1.260733962059021
1403898924805488640,neutral,1.905335783958435,-0.41594061255455017,0.9914839267730713
1403898926114033668,negative,1.0893007516860962,-0.15475499629974365,1.5019433498382568
1403898927082926081,negative,1.195176362991333,0.2936011552810669,1.4618419408798218
1403898928278519810,neutral,1.879719614982605,0.07353798300027847,0.7502172589302063
1403898929217826816,neutral,1.781528353691101,-0.5776886343955994,1.6669961214065552
1403898929444311040,neutral,0.7213830351829529,0.25337347388267517,0.3485906720161438
1403898929729531905,neutral,1.933364748954773,-0.08876223117113113,0.9642595052719116
1403898931688337408,negative,1.1467475891113281,-0.6905092000961304,1.5164923667907715
1403898931973550082,neutral,1.3466510772705078,0.46227002143859863,0.4498140513896942
1403898932783161347,negative,1.2592318058013916,-0.602996826171875,1.8719687461853027
1403898933290602500,negative,1.4546854496002197,-0.7173887491226196,2.2225024700164795
1403898933773049858,negative,1.0354955196380615,-0.09435073286294937,2.0134437084198
1403898935010156545,neutral,1.779497504234314,0.29367682337760925,1.4305670261383057
1403898935517663235,negative,1.5384929180145264,-0.756589949131012,2.126183271408081
1403898938000777217,neutral,2.071244239807129,1.4225050210952759,-0.21062660217285156
1403898938323787776,negative,0.8167320489883423,-1.5312654972076416,4.817623615264893
1403898939657576453,neutral,2.506451368331909,1.4469834566116333,-0.5270968675613403
1403898939972149248,neutral,2.2785940170288086,1.225203275680542,-0.2501443922519684
1403898940467159041,negative,1.1813074350357056,0.397848516702652,1.3690813779830933
1403898943713415170,negative,1.259779691696167,-0.849308967590332,2.1976656913757324
1403898946464845830,neutral,1.773097276687622,-0.6476805806159973,1.4520089626312256
1403898949656715269,neutral,2.013227939605713,0.5647649765014648,0.5788566470146179
1403898949803470852,neutral,2.077286720275879,2.0228757858276367,-0.5559777021408081
1403898950403379203,negative,1.5036892890930176,-0.8730363845825195,2.097874164581299
1403898951795884033,neutral,1.1569857597351074,0.11285367608070374,0.5801135897636414
1403898952932528134,positive,0.8226539492607117,1.4320461750030518,0.4007530212402344
1403898953804943367,neutral,2.5950300693511963,1.0412544012069702,0.1071443259716034
1403898954492694529,neutral,1.6649857759475708,0.6343420147895813,0.5387230515480042
1403898954773901312,neutral,1.4943268299102783,-0.06687148660421371,1.119331955909729
1403898955662970882,neutral,2.7350335121154785,0.781171441078186,1.016398310661316
1403898957080711170,negative,1.4286103248596191,-0.9739815592765808,2.449653148651123
1403898959651868674,neutral,1.8955223560333252,-0.6867144703865051,1.520538330078125
1403898960100552709,neutral,2.101672410964966,-0.05531995743513107,0.7706729173660278
1403898960683601925,negative,1.2531009912490845,-0.362862229347229,1.7098907232284546
1403898961195376645,neutral,1.6209300756454468,0.1698945015668869,1.050075650215149
1403898961220431876,neutral,2.5895426273345947,-0.0956168845295906,0.8276505470275879
1403898962415960070,neutral,2.4759795665740967,1.0383576154708862,-0.31773844361305237
1403898962441031681,negative,1.4479126930236816,-0.9097528457641602,1.8416852951049805
1403898964252917764,neutral,2.881909132003784,0.53230220079422,-0.03349684178829193
1403898964433248262,neutral,1.7229251861572266,1.5121351480484009,-0.13664178550243378
1403898967323156483,negative,1.2623422145843506,-1.2370593547821045,2.973182439804077
1403898967969128448,negative,1.3916523456573486,0.024219021201133728,1.764966368675232
1403898969189724161,negative,1.0288761854171753,-0.9245874285697937,2.5313069820404053
1403898969567154179,negative,1.0883618593215942,-0.5602695345878601,1.920455813407898
1403898970485583874,neutral,2.060711622238159,-0.13995268940925598,0.25767695903778076
1403898971177717766,negative,0.5441151261329651,0.05092230439186096,1.281188726425171
1403898972255576064,neutral,1.426773190498352,-0.3481683135032654,0.9232293963432312
1403898975388897290,neutral,1.8955223560333252,-0.6867144703865051,1.520538330078125
1403898975959322627,neutral,2.691584348678589,1.0180052518844604,-0.4097191095352173
1403898977053990914,neutral,1.8445196151733398,0.23661667108535767,0.8432996869087219
1403898979109195778,negative,1.0867265462875366,-0.3394848108291626,2.0128977298736572
1403898979314810880,negative,1.032975673675537,-1.3751583099365234,4.208345890045166
1403898981667807233,neutral,1.8955223560333252,-0.6867144703865051,1.520538330078125
1403898981776707590,positive,1.685198426246643,3.039599895477295,-0.5585665106773376
1403898983211229185,negative,1.361433506011963,0.049175094813108444,1.5213607549667358
1403898983450218496,neutral,1.594359278678894,-0.11202613264322281,1.3583968877792358
1403898984314327041,neutral,2.0563061237335205,1.4168142080307007,-0.031696006655693054
1403898985748713473,negative,1.134507179260254,-0.923156201839447,2.8893840312957764
1403898986017218562,neutral,1.7367898225784302,-0.3413761258125305,1.5281314849853516
1403898986285645834,neutral,1.8955223560333252,-0.6867144703865051,1.520538330078125
1403898990765039620,neutral,2.024143695831299,-0.03181968629360199,1.3050426244735718
1403898990974939143,neutral,1.054306149482727,1.0217210054397583,0.7050411701202393
1403898991071404037,neutral,1.8445196151733398,0.23661667108535767,0.8432996869087219
1403898991348125696,negative,1.4070522785186768,-0.9250664114952087,1.9019064903259277
1403898991515947008,negative,1.3916524648666382,0.02421899139881134,1.764966607093811
1403898993223012358,negative,1.1811084747314453,0.07272730022668839,1.6746410131454468
1403898993764028418,negative,0.9174039959907532,0.44640058279037476,1.0404468774795532
1403898994712100873,neutral,2.970432758331299,1.1821625232696533,-0.1801275908946991
1403898995223654405,negative,1.5869420766830444,-0.8417930006980896,1.6239559650421143
1403898995659862018,positive,1.6184121370315552,1.6187851428985596,0.0750913918018341
1403898996322705411,neutral,1.8955223560333252,-0.6867144703865051,1.520538330078125
1403898998801547264,positive,1.3073824644088745,1.6560174226760864,0.040661949664354324
1403898999220969478,negative,1.1187173128128052,-0.7306340932846069,2.356671094894409
1403899000575590403,neutral,2.3970398902893066,0.6301104426383972,-0.29005494713783264
1403899000739164166,negative,1.051651120185852,0.35566446185112,1.6512882709503174
1403899003163512834,negative,2.111268997192383,-1.0838861465454102,2.2172744274139404
1403899006175133700,neutral,0.9461385011672974,0.940143346786499,0.06517595797777176
1403899006846005248,neutral,1.8891879320144653,0.5245234966278076,0.5609523057937622
1403899007005433863,neutral,1.6245572566986084,0.7217555046081543,0.49659281969070435
1403899009089998857,neutral,1.9260756969451904,-0.39457377791404724,1.0606412887573242
1403899011006935040,neutral,1.999359130859375,-0.1505843698978424,0.4517531394958496
1403899011522646022,negative,0.9556259512901306,-0.01323101669549942,1.6918429136276245
1403899011690426370,negative,1.1009305715560913,-0.4268743693828583,2.2132062911987305
1403899012202123267,neutral,2.727379322052002,0.8311108350753784,-0.4554162919521332
1403899012286140424,negative,0.8216760158538818,-0.48507919907569885,1.9308443069458008
1403899012600664065,neutral,1.4373048543930054,-0.14102286100387573,1.3404616117477417
1403899013397626881,neutral,2.070899486541748,1.1928271055221558,-0.043495409190654755
1403899013879930884,neutral,1.4276525974273682,-0.46680137515068054,1.1877541542053223
1403899016098713605,negative,1.3458735942840576,-0.7967931032180786,2.719839572906494
1403899016245510148,neutral,1.989836573600769,1.082348108291626,0.10298685729503632
1403899020439871490,negative,1.0883618593215942,-0.5602695345878601,1.920455813407898
1403899021417193472,neutral,1.5985980033874512,-0.7025387287139893,1.2886408567428589
1403899023279362052,neutral,2.8093106746673584,1.1940182447433472,-0.6737649440765381
1403899023619149826,neutral,1.2023282051086426,0.24540188908576965,0.6874192953109741
1403899023958765569,neutral,2.686922788619995,0.012738198041915894,0.648772656917572
1403899024625836034,neutral,1.729439616203308,-0.17874321341514587,1.5067015886306763
1403899026387484675,negative,1.2666749954223633,-0.29106640815734863,1.7661337852478027
1403899026567614471,negative,1.2102137804031372,-0.28367459774017334,1.8235527276992798
1403899026634788864,neutral,1.6514792442321777,-0.5787344574928284,1.2145379781723022
1403899026802626567,neutral,1.8955223560333252,-0.6867144703865051,1.520538330078125
1403899027733848064,negative,1.1811084747314453,0.07272730022668839,1.6746410131454468
1403899028086169603,negative,1.4448693990707397,-1.015761375427246,2.716759443283081
1403899028832604167,neutral,3.530146598815918,1.6300078630447388,-1.065041184425354
1403899030204305408,negative,1.0258958339691162,-0.7283099293708801,2.4049320220947266
1403899030749462538,negative,1.5142096281051636,-0.4383615553379059,1.9218717813491821
1403899031147929606,neutral,2.2059502601623535,-0.2874393165111542,0.9765551090240479
1403899032125145089,neutral,1.5029793977737427,0.296807199716568,0.03307192772626877
1403899033056276483,negative,0.6350007653236389,-0.6609875559806824,1.9265815019607544
1403899033899323397,neutral,3.530146598815918,1.6300078630447388,-1.065041184425354
1403899035275063298,negative,1.4937011003494263,-1.2051976919174194,3.207880973815918
1403899036260777985,negative,0.8614558577537537,0.05794944614171982,1.7369818687438965
1403899037804281857,negative,0.2384035736322403,-0.21347922086715698,1.8661580085754395
1403899037820981253,negative,1.3916523456573486,0.02421901375055313,1.7649664878845215
1403899038102179840,neutral,1.5043283700942993,1.303389549255371,-0.28400498628616333
1403899038190039041,neutral,1.8445196151733398,0.23661667108535767,0.8432996869087219
1403899040945868800,neutral,1.6816363334655762,-0.1639695167541504,1.311525583267212
1403899041356845061,neutral,1.3679043054580688,1.1116390228271484,0.5148687362670898
1403899041864458240,negative,0.9383073449134827,0.8344056606292725,1.2591047286987305
1403899042116083716,negative,1.478581428527832,-1.2356947660446167,3.0750324726104736
1403899042640195586,neutral,0.23260749876499176,0.1763903647661209,0.14018523693084717
1403899042803892224,neutral,1.555951476097107,0.9688065052032471,0.1871529370546341
1403899045056159746,negative,1.391652226448059,0.024219036102294922,1.7649662494659424
1403899046239084546,negative,1.2971302270889282,-1.1653599739074707,2.995917558670044
1403899046423633923,negative,0.9091399312019348,-0.25595682859420776,1.833743929862976
1403899046620647435,neutral,1.6883747577667236,-0.6220036149024963,1.1964188814163208
1403899047451119620,neutral,1.9260756969451904,-0.394573837518692,1.0606412887573242
1403899047899959298,neutral,1.879719614982605,0.07353798300027847,0.7502172589302063
1403899052207624192,neutral,1.7603646516799927,-0.26834896206855774,1.2727888822555542
1403899053641850880,neutral,2.6993000507354736,0.6348496079444885,0.021572507917881012
1403899054808051712,neutral,1.0301941633224487,-0.007536008954048157,1.00888991355896
1403899056389124104,neutral,1.747930884361267,0.16720062494277954,-0.25219929218292236
1403899057412579334,negative,1.353688359260559,-0.43738552927970886,1.693743109703064
1403899058008166400,negative,1.1876838207244873,-0.8643175363540649,2.2377007007598877
1403899059513921536,positive,1.685198426246643,3.039599895477295,-0.5585665106773376
1403899059824431110,neutral,3.530146598815918,1.6300078630447388,-1.065041184425354
1403899060088627202,neutral,1.8971370458602905,-0.15716704726219177,1.0333062410354614
1403899061451649024,neutral,3.0134952068328857,2.537754535675049,-0.8486881256103516
1403899061594464260,positive,1.004917860031128,2.1929690837860107,0.16740728914737701
1403899062240296961,neutral,1.2875597476959229,0.240209698677063,0.9402806758880615
1403899063519510531,negative,0.3907366693019867,0.5373127460479736,2.385922908782959
1403899066459705346,negative,1.1966643333435059,-0.5614370703697205,2.2779359817504883
1403899066770149376,neutral,2.378953695297241,-0.0780060812830925,0.9645931720733643
1403899067277529091,neutral,2.6754703521728516,1.1542541980743408,-0.23154263198375702
1403899067625660416,neutral,2.1693098545074463,0.17105653882026672,1.2965402603149414
1403899071031484420,negative,1.2518776655197144,-0.1319921910762787,1.7713284492492676
1403899071186735105,neutral,1.7138278484344482,1.3006150722503662,0.1377703994512558
1403899073304829952,negative,1.0012050867080688,-0.7474526166915894,2.1851418018341064
1403899073325781008,neutral,1.5348262786865234,0.7690683603286743,0.7680131196975708
1403899075976732675,negative,1.0593974590301514,-0.4670332372188568,1.5448533296585083
1403899081395630081,negative,0.9660266041755676,-0.814565896987915,2.146399736404419
1403899081416581121,neutral,2.549631357192993,0.5168193578720093,0.10533685237169266
1403899082842779650,neutral,2.0026564598083496,0.24511969089508057,0.6241269111633301
1403899083232841731,negative,1.4632899761199951,-0.5217965245246887,1.889557957649231
1403899083350175753,neutral,2.3225691318511963,-0.22073671221733093,0.7239462733268738
1403899084432285702,neutral,2.091161012649536,0.04494445025920868,0.5763775706291199
1403899084683894785,negative,0.7114529013633728,-0.3029858469963074,2.060617208480835
1403899088102326274,neutral,2.6754703521728516,1.1542541980743408,-0.23154263198375702
1403899088525881344,negative,1.0867265462875366,-0.3394848108291626,2.0128977298736572
1403899089364783110,negative,1.2862489223480225,-0.6364786028862,1.9506032466888428
1403899091608690692,neutral,3.530146598815918,1.6300078630447388,-1.065041184425354
1403899092552478721,positive,2.2865755558013916,3.128039836883545,-0.5982577204704285
1403899092745527303,negative,1.181307315826416,0.39784857630729675,1.3690813779830933
1403899092938285059,neutral,3.530146598815918,1.6300078630447388,-1.065041184425354
1403899098730688518,negative,1.193806767463684,0.13793355226516724,1.6810760498046875
1403899099858935813,negative,1.3193891048431396,-0.5073940753936768,1.6869429349899292
1403899100613935106,neutral,1.5135492086410522,0.5190878510475159,0.563491940498352
1403899102295957504,negative,1.074418544769287,-1.0558276176452637,2.4872424602508545
1403899103658999808,positive,0.831376314163208,2.0038089752197266,-0.0213471706956625
1403899104074375170,positive,0.2419445961713791,0.9218271970748901,0.6420593857765198
1403899107463208966,negative,0.4006254971027374,-0.5856778025627136,2.3553848266601562
1403899107517759488,neutral,2.686922788619995,0.012738198041915894,0.648772656917572
1403899109031960580,neutral,1.8955223560333252,-0.6867144703865051,1.520538330078125
1403899109128343555,neutral,2.3276424407958984,0.740543007850647,0.49504050612449646
1403899109786984453,neutral,2.501948833465576,2.2508432865142822,-0.2951963543891907
1403899110336262149,negative,1.350353479385376,-0.8688539266586304,2.296276330947876
1403899110399303681,positive,0.8565977215766907,1.7076416015625,-0.08359868079423904
1403899110499905539,neutral,1.637675404548645,0.45437195897102356,0.5790774822235107
1403899111040970752,neutral,1.6152335405349731,-0.04234235733747482,0.879178524017334
1403899111233970177,negative,1.0362565517425537,0.25255241990089417,1.9555816650390625
1403899113473658883,neutral,2.496997117996216,-0.8573765158653259,1.2336091995239258
1403899113477873666,neutral,1.773097276687622,-0.6476805806159973,1.4520089626312256
1403899115063369729,positive,2.327523946762085,3.187767505645752,-0.9540860056877136
1403899115843604485,negative,1.0512621402740479,0.20152199268341064,1.2805440425872803
1403899116011327490,neutral,1.8971370458602905,-0.15716704726219177,1.0333062410354614
1403899116460011522,neutral,2.468266487121582,1.74272620677948,-0.19373981654644012
1403899117403660289,negative,1.0990169048309326,-0.7306037545204163,2.218822956085205
1403899117819117568,neutral,1.8955223560333252,-0.6867144703865051,1.520538330078125
1403899119513505793,neutral,1.7914716005325317,0.3034902513027191,1.012176752090454
1403899121086472194,neutral,1.594359278678894,-0.11202613264322281,1.3583968877792358
1403899122130853896,neutral,2.306673765182495,-0.3815867006778717,0.8096887469291687
1403899122659348484,negative,1.1187173128128052,-0.7306340932846069,2.356671094894409
1403899123581939713,neutral,1.7621880769729614,1.309517502784729,0.21315893530845642
1403899125964345347,neutral,2.306673765182495,-0.3815867006778717,0.8096887469291687
1403899127012859908,positive,3.2312569618225098,4.037605285644531,-1.6776639223098755
1403899127382093828,neutral,1.7068358659744263,-0.2352975308895111,1.4355791807174683
1403899127554056192,negative,1.272011637687683,-1.3896080255508423,3.60919451713562
1403899128086548481,neutral,1.7072523832321167,-0.09100588411092758,0.962593674659729
1403899130951372804,negative,1.1516902446746826,-0.5561229586601257,1.7205532789230347
1403899134244003844,negative,1.4211822748184204,-0.9032194018363953,2.257875919342041
1403899138119405568,neutral,2.514373302459717,1.071725606918335,-0.2064458280801773
1403899139180564481,neutral,1.4479657411575317,0.04242006316781044,1.097260594367981
1403899139403010048,negative,0.5989993810653687,0.7808002233505249,1.1543545722961426
1403899140665344000,neutral,1.594359278678894,-0.11202613264322281,1.3583968877792358
1403899142846431236,neutral,1.8445196151733398,0.23661667108535767,0.8432996869087219
1403899144901742595,negative,1.3916523456573486,0.02421901375055313,1.7649664878845215
1403899145627181058,negative,0.1905464380979538,-0.603478193283081,2.5824053287506104
1403899145694425092,neutral,1.8445196151733398,0.23661667108535767,0.8432996869087219
1403899146491154435,neutral,3.3773183822631836,2.8716578483581543,-1.3752902746200562
1403899146927435778,negative,1.662840723991394,-0.11377560347318649,1.7472466230392456
1403899147959238657,negative,0.8931639194488525,-0.05402425676584244,1.9212485551834106
1403899148290695169,neutral,1.9715583324432373,0.9102917909622192,0.3902157247066498
1403899148353474562,neutral,3.530146598815918,1.6300078630447388,-1.065041184425354
1403899149553061889,negative,1.04019033908844,-0.5972029566764832,2.466686248779297
1403899153340456960,negative,0.5185803771018982,-0.5486604571342468,2.6399497985839844
1403899158856015875,neutral,1.9715518951416016,-0.8036951422691345,1.2771711349487305
1403899158898036739,neutral,1.6384438276290894,1.3267924785614014,0.11581854522228241
1403899158965202944,neutral,1.6556830406188965,1.1710021495819092,0.21276341378688812
1403899159271276544,positive,1.7465801239013672,3.7106921672821045,-1.1879507303237915
1403899159762006018,negative,0.8903640508651733,0.31428518891334534,1.3205913305282593
1403899161947230215,positive,1.637471079826355,3.663526773452759,-0.808763861656189
1403899162555473921,negative,1.0627847909927368,-0.004294216632843018,1.7522209882736206
1403899162664615938,neutral,1.927201509475708,0.0949355959892273,0.6291561722755432
1403899162685411338,neutral,1.5179742574691772,0.16722887754440308,0.7753883004188538
1403899164065374208,negative,1.3030915260314941,-0.9961482882499695,2.5380001068115234
1403899164728172544,positive,0.7619392275810242,2.747715950012207,0.463816374540329
1403899164841369601,negative,1.3633428812026978,-0.5534893870353699,1.739935278892517
1403899165843677189,positive,1.637471079826355,3.663526773452759,-0.808763861656189
1403899167827709958,neutral,2.0129318237304688,0.750217080116272,0.29939788579940796
1403899169778003976,negative,0.8804800510406494,-0.3577950894832611,1.9876664876937866
1403899171225051137,negative,1.3337602615356445,-1.0342799425125122,2.801053285598755
1403899171225182209,negative,1.8816564083099365,-1.0743132829666138,2.3945729732513428
1403899173393534977,negative,0.9383073449134827,0.8344056606292725,1.2591047286987305
1403899173657776130,neutral,1.5258604288101196,1.3528132438659668,1.1675142049789429
1403899173800321025,neutral,2.23504376411438,0.9729809165000916,-0.1122853085398674
1403899175138385920,negative,0.7948595881462097,0.7647036910057068,1.1699271202087402
1403899176359022597,neutral,1.8283058404922485,-0.6700337529182434,1.4685319662094116
1403899178049101825,negative,1.2623422145843506,-1.2370593547821045,2.973182439804077
1403899179680862209,negative,1.5036892890930176,-0.8730363845825195,2.097874164581299
1403899181106974724,neutral,1.6441446542739868,-0.5100817084312439,1.4364488124847412
1403899181643689985,negative,1.3015350103378296,-0.8569668531417847,2.1863327026367188
1403899183266942978,neutral,2.367654323577881,0.16981182992458344,-0.16394269466400146
1403899184009383940,negative,1.514209508895874,-0.43836143612861633,1.9218716621398926
1403899185410187266,neutral,2.592388153076172,2.110106945037842,-0.6066213250160217
1403899186186174466,neutral,3.530146598815918,1.6300078630447388,-1.065041184425354
1403899186945302529,neutral,1.8620280027389526,0.013569317758083344,0.23242329061031342
1403899187285086215,neutral,1.8141639232635498,1.600082278251648,0.5518600344657898
1403899188061118467,neutral,1.3586225509643555,0.07024214416742325,1.0956615209579468
1403899188145016834,neutral,1.2379165887832642,-0.0013265758752822876,1.1420385837554932
1403899188253892612,neutral,1.8955223560333252,-0.6867144703865051,1.520538330078125
1403899188778258432,neutral,2.041611671447754,0.6621121168136597,0.34230300784111023
1403899189105356801,positive,0.5152193903923035,1.9237892627716064,0.10009647905826569
1403899190569279488,neutral,1.4761940240859985,0.8391016125679016,0.11915978789329529
1403899190845968393,neutral,3.700575590133667,3.139272928237915,-1.6478281021118164
1403899191752114180,negative,1.3772257566452026,-0.918321967124939,1.9000115394592285
1403899191924080640,positive,0.24194468557834625,0.9218271970748901,0.6420594453811646
1403899192544690183,negative,1.4375536441802979,-0.4325614869594574,2.0094289779663086
1403899193064755200,negative,1.0200626850128174,-0.6428976655006409,2.5052077770233154
1403899193991725060,neutral,2.482191324234009,1.3705004453659058,-0.39716559648513794
1403899194092437506,negative,1.0705411434173584,-1.0454546213150024,2.798239231109619
1403899194822205440,neutral,2.506451368331909,1.4469834566116333,-0.5270968675613403
1403899196910882824,negative,0.4876953661441803,-0.48116424679756165,2.8797340393066406
1403899198060306437,neutral,1.2379165887832642,-0.0013265758752822876,1.1420385837554932
1403899199138131971,neutral,2.222856044769287,0.2497064471244812,0.22664646804332733
1403899200291491840,negative,0.7114529609680176,-0.3029857575893402,2.060617208480835
1403899200522403842,positive,1.8067245483398438,1.9960485696792603,-0.6437269449234009
1403899200690180096,neutral,1.7881466150283813,0.535800576210022,0.8310902714729309
1403899201759551488,negative,1.4676975011825562,-0.9921743273735046,2.338759183883667
1403899201910624258,neutral,1.6557880640029907,-0.5327916741371155,1.5112468004226685
1403899204200771584,negative,1.3916523456573486,0.02421901375055313,1.7649664878845215
1403899204942979076,negative,0.9030903577804565,-0.4590739905834198,1.5466386079788208
1403899206922772484,neutral,3.530146598815918,1.6300078630447388,-1.065041184425354
1403899207899963397,negative,1.4230386018753052,-0.6210137605667114,1.7072842121124268
1403899208793350150,negative,1.4937009811401367,-1.205197811126709,3.207880973815918
1403899211142230017,negative,1.3079007863998413,-0.7837610840797424,1.8332533836364746
1403899211263905797,negative,1.1046022176742554,-0.7396053075790405,1.7010406255722046
1403899212350197761,negative,1.167771816253662,-0.7819976806640625,2.237734317779541
1403899214120177667,positive,1.665370225906372,3.171966314315796,-0.4740818738937378
1403899215131066368,negative,1.4640692472457886,-0.7156117558479309,1.9826045036315918
1403899215424720901,negative,0.8953987956047058,0.20439746975898743,1.4889620542526245
1403899216406142977,neutral,1.3745163679122925,-0.18713638186454773,1.2033275365829468
1403899219535138819,negative,0.3031906485557556,-0.25537779927253723,2.4306211471557617
1403899219648204800,negative,0.5983940958976746,1.1886967420578003,1.3225680589675903
1403899220420042752,neutral,2.071244239807129,1.4225050210952759,-0.21062660217285156
1403899222357807107,negative,1.4937463998794556,-1.1820969581604004,2.7551016807556152
1403899224576647169,negative,0.9724432229995728,0.2952018082141876,1.1240721940994263
1403899224584974340,negative,0.9818134903907776,-1.0711524486541748,2.847639560699463
1403899225348395009,negative,1.0012050867080688,-0.7474526166915894,2.1851418018341064
1403899226967339015,neutral,1.5702508687973022,-0.06862809509038925,1.1610558032989502
1403899227537879040,negative,1.2368030548095703,0.18890714645385742,1.3519710302352905
1403899229345439745,negative,1.2213279008865356,-1.2218204736709595,3.125633955001831
1403899230477946881,positive,1.0272400379180908,2.9844937324523926,-0.526444673538208
1403899233703542784,positive,1.4892219305038452,2.6688055992126465,-0.4959278106689453
1403899233946669059,neutral,1.675191879272461,0.026794571429491043,1.141197919845581
1403899234915524614,neutral,3.530146598815918,1.6300078630447388,-1.065041184425354
1403899237545517056,negative,0.8736785650253296,-0.7415250539779663,2.3737752437591553
1403899237658624003,negative,1.3916523456573486,0.02421901375055313,1.7649664878845215
1403899238510116867,negative,1.5685374736785889,-1.0297356843948364,2.1648993492126465
1403899238833025032,neutral,2.373624324798584,1.0407559871673584,-0.13112793862819672
1403899239126556674,negative,1.4640692472457886,-0.7156117558479309,1.9826045036315918
1403899239361486850,neutral,1.7421828508377075,0.1114787682890892,0.7767464518547058
1403899240926138371,negative,0.4006254971027374,-0.5856778025627136,2.3553848266601562
1403899242465447936,negative,1.0219435691833496,-0.14115485548973083,1.2868260145187378
1403899242855518211,negative,1.5451586246490479,-0.2883320450782776,1.9693288803100586
1403899243014746113,neutral,2.7474939823150635,1.7553117275238037,-0.18859030306339264
1403899244566749185,neutral,2.4639601707458496,0.2880793809890747,-0.08880772441625595
1403899244931604480,negative,1.3916523456573486,0.02421901375055313,1.7649664878845215
1403899244981915648,neutral,2.749652624130249,0.7727956771850586,-0.1152346208691597
1403899246034788352,negative,1.3916523456573486,0.02421901375055313,1.7649664878845215
1403899246169014273,positive,0.9853577017784119,1.6366082429885864,1.308810830116272
1403899246974177281,negative,0.5980757474899292,-0.36887770891189575,1.5409859418869019
1403899248756891648,neutral,1.8891879320144653,0.5245234966278076,0.5609523057937622
1403899250203795456,neutral,2.549631357192993,0.5168193578720093,0.10533685237169266
1403899250619023362,neutral,1.8955223560333252,-0.6867144703865051,1.520538330078125
1403899251181170695,neutral,1.9053356647491455,-0.4159407913684845,0.9914838671684265
1403899252498046976,negative,1.0353491306304932,-1.2652438879013062,3.8529469966888428
1403899254385508352,neutral,1.6588866710662842,1.4678553342819214,0.08123870193958282
1403899254830215168,neutral,2.6754703521728516,1.1542541980743408,-0.23154263198375702
1403899255916351494,positive,1.9703437089920044,3.0762832164764404,0.4327211081981659
1403899256457641984,neutral,2.0760505199432373,0.6025883555412292,-0.47967249155044556
1403899256776187916,negative,1.1926100254058838,-0.15080517530441284,1.764743447303772
1403899260400279554,negative,1.6427545547485352,-1.050371766090393,2.546316623687744
1403899260882493444,positive,1.7465801239013672,3.7106921672821045,-1.1879507303237915
1403899262987956225,negative,1.4070523977279663,-0.9250665307044983,1.9019064903259277
1403899264581918721,neutral,1.7548258304595947,-0.23096826672554016,0.9973955154418945
1403899264615342080,negative,1.3916523456573486,0.02421901375055313,1.7649664878845215
1403899264812544005,neutral,2.3593223094940186,0.7755992412567139,0.18754073977470398
1403899268260237314,positive,1.84087336063385,2.094500780105591,0.11909406632184982
1403899268553871363,neutral,1.9745476245880127,1.2075815200805664,0.11617837846279144
1403899269766017029,neutral,2.1359024047851562,-0.8258273005485535,1.3338956832885742
1403899270227501059,negative,1.251084566116333,-0.6692695021629333,1.728593349456787
1403899271783403524,neutral,2.160900831222534,0.3716806471347809,0.5079435706138611
1403899271921897477,negative,0.8253816366195679,-0.6674637794494629,3.31866455078125
1403899272790261762,negative,1.1685295104980469,-1.1919220685958862,2.797386646270752
1403899273519919107,negative,1.0994911193847656,-1.1110166311264038,2.967468500137329
1403899273536708608,negative,1.0012052059173584,-0.7474526166915894,2.1851418018341064
1403899273725480962,negative,1.0883618593215942,-0.5602695345878601,1.920455813407898
1403899275885559808,neutral,2.2594497203826904,-0.8476939797401428,1.8799028396606445
1403899276279877642,neutral,2.720695972442627,0.455060213804245,0.016505731269717216
1403899277064163329,positive,0.24194468557834625,0.9218271970748901,0.6420594453811646
1403899279815561221,negative,1.0627847909927368,-0.004294216632843018,1.7522209882736206
1403899280390344711,negative,1.2207111120224,-1.1685534715652466,3.064903497695923
1403899281585491972,neutral,3.654932737350464,1.9857516288757324,-1.2636535167694092
1403899282655088641,neutral,2.0574071407318115,0.10498321056365967,1.473649501800537
1403899283305283586,neutral,1.594359278678894,-0.11202613264322281,1.3583968877792358
1403899289345028101,negative,0.9739556908607483,-0.4067437946796417,2.215101718902588
1403899289890222080,negative,1.3212342262268066,-0.6861967444419861,2.144970655441284
1403899289995075588,negative,0.4343835115432739,-0.7048043608665466,2.997732162475586
1403899290666168324,neutral,1.594359278678894,-0.11202613264322281,1.3583968877792358
1403899292067282945,neutral,1.3020838499069214,0.6612786650657654,1.156853437423706
1403899292197306373,negative,1.0883618593215942,-0.5602695345878601,1.920455813407898
1403899292381630465,negative,0.9361165165901184,-1.0470343828201294,3.4188430309295654
1403899292931309574,neutral,1.8189696073532104,0.6254757046699524,0.02798040769994259
1403899293455454217,neutral,1.8955223560333252,-0.6867144703865051,1.520538330078125
1403899295909220357,neutral,2.573490858078003,0.4968348741531372,0.3268837630748749
1403899296399958021,neutral,1.9078779220581055,0.5951962471008301,0.5056585073471069
1403899296685166597,neutral,2.6754703521728516,1.1542541980743408,-0.23154263198375702
1403899296894779394,positive,1.4055001735687256,1.8853342533111572,0.3838067054748535
1403899296961859584,neutral,2.127617597579956,1.097990870475769,0.08429039269685745
1403899296966119425,negative,1.0627847909927368,-0.004294216632843018,1.7522209882736206
1403899298106990593,negative,1.161991834640503,-0.22267678380012512,1.7864311933517456
1403899298425626628,positive,0.24194468557834625,0.9218271970748901,0.6420594453811646
1403899301533650947,negative,0.6562144756317139,-0.075266994535923,1.5576775074005127
1403899301965742083,negative,1.2592318058013916,-0.602996826171875,1.8719687461853027
1403899303605653505,negative,1.325342059135437,-0.8069419264793396,2.030940294265747
1403899304406880259,neutral,1.9251255989074707,0.4227311611175537,0.7510632276535034
1403899306222882817,neutral,1.7813217639923096,-0.6913558840751648,1.2382951974868774
1403899306529071106,neutral,1.685752511024475,1.3902828693389893,-0.12019742280244827
1403899306533437440,negative,0.434224009513855,-0.2412148416042328,2.1745808124542236
1403899307200106501,neutral,1.675191879272461,0.026794563978910446,1.1411978006362915
1403899309624541185,negative,1.1727032661437988,-0.2773054838180542,1.982053518295288
1403899309762899969,neutral,1.8520312309265137,-0.28929707407951355,1.822308897972107
1403899312287801344,neutral,2.313616991043091,1.0287506580352783,-0.0899849459528923
1403899312627613698,neutral,2.3546385765075684,0.5423972010612488,0.26358574628829956
1403899313093185540,negative,1.0867265462875366,-0.3394848108291626,2.0128977298736572
1403899313403564036,neutral,1.8955223560333252,-0.6867144703865051,1.520538330078125
1403899315567960067,positive,0.24194468557834625,0.9218271970748901,0.6420594453811646
1403899315802759170,neutral,2.3298540115356445,-0.3840782642364502,0.9137402176856995
1403899316209606662,negative,1.1069564819335938,-0.48716381192207336,2.063549041748047
1403899316834611203,negative,0.9129286408424377,-1.2061997652053833,3.4587628841400146
1403899317300178955,negative,1.3916523456573486,0.02421901375055313,1.7649664878845215
1403899317635600389,negative,1.1383063793182373,-0.9802231192588806,2.8603625297546387
1403899318474526723,neutral,2.6754703521728516,1.1542541980743408,-0.23154263198375702
1403899318805860352,neutral,2.2367734909057617,-0.5378103256225586,1.3486390113830566
1403899320546607104,negative,0.42461472749710083,0.42332950234413147,1.3966007232666016
1403899321309933568,neutral,1.6550211906433105,0.1593489646911621,0.9476357698440552
1403899321901228032,neutral,3.530146598815918,1.6300078630447388,-1.065041184425354
1403899325009207296,negative,0.6988013386726379,-0.31005650758743286,1.8511961698532104
1403899325680275460,neutral,2.7821860313415527,0.4697253108024597,0.03599976748228073
1403899326863056904,neutral,1.747930884361267,0.16720062494277954,-0.25219929218292236
1403899326972104705,neutral,1.9239604473114014,0.8521581292152405,0.08820917457342148
1403899328528330754,neutral,1.9053356647491455,-0.41594067215919495,0.9914840459823608
1403899329031512066,positive,1.1784919500350952,1.215561032295227,0.8481613397598267
1403899329451020290,negative,1.0994080305099487,-0.32625436782836914,1.7494679689407349
1403899331317403652,negative,1.167128324508667,-0.8652376532554626,2.1663129329681396
1403899331644592135,positive,0.8197463154792786,4.168696403503418,-0.8609933257102966
1403899332445757440,neutral,1.3274635076522827,0.3043327033519745,1.2851122617721558
1403899333250981888,neutral,1.662829041481018,-0.13869920372962952,1.1246163845062256
1403899333624307717,negative,1.1284784078598022,-0.9916259050369263,2.4301559925079346
1403899333636878343,neutral,2.258704423904419,0.6519169807434082,0.07777869701385498
1403899334467354629,neutral,2.1693098545074463,0.17105653882026672,1.2965402603149414
1403899335604158467,neutral,2.0243043899536133,1.1549351215362549,0.37456074357032776
1403899335973163010,positive,2.1000778675079346,5.8162102699279785,-1.68837308883667
1403899337038471171,neutral,2.0129318237304688,0.7502172589302063,0.2993977963924408
1403899337319620611,neutral,1.3212368488311768,1.2874035835266113,-0.015089450404047966
1403899338577702915,neutral,1.9651411771774292,1.3214770555496216,-0.44570839405059814
1403899338787483651,neutral,1.8278837203979492,1.279237985610962,0.3953304588794708
1403899339202732034,neutral,2.1693098545074463,0.17105653882026672,1.2965402603149414
1403899339806674946,neutral,1.930675745010376,1.5034974813461304,0.24675822257995605
1403899340330991618,negative,1.3337152004241943,-1.0725458860397339,2.48653507232666
1403899340372930566,negative,0.3381335735321045,-0.10822879523038864,3.0729942321777344
1403899341023154180,neutral,1.8955223560333252,-0.6867144703865051,1.520538330078125
1403899343741100040,negative,1.5637716054916382,-0.8004036545753479,1.9512152671813965
1403899343816609794,negative,1.3916523456573486,0.02421901375055313,1.7649664878845215
1403899344940683268,negative,1.3916524648666382,0.024219132959842682,1.7649662494659424
1403899345905274881,positive,2.0870115756988525,3.0114476680755615,-0.5968649983406067
1403899345947267075,negative,0.5170328617095947,-0.6266237497329712,2.936351776123047
1403899346614030336,neutral,3.550412178039551,1.7021974325180054,-1.0922755002975464
1403899347217969157,neutral,1.930675745010376,1.50349760055542,0.24675820767879486
1403899347473817606,negative,0.8211206793785095,0.26825085282325745,1.8498059511184692
1403899347549388804,negative,1.1677719354629517,-0.7819976806640625,2.23773455619812
1403899349965447171,negative,1.0627847909927368,-0.004294216632843018,1.7522209882736206
1403899350900641796,negative,0.8948529362678528,-0.5400732159614563,2.2312991619110107
1403899354730139648,neutral,1.1880303621292114,0.08963563293218613,1.102402925491333
1403899355841536003,negative,0.7687439918518066,-0.2562609314918518,1.7392305135726929
1403899356059607043,positive,1.685198426246643,3.039599895477295,-0.5585665106773376
1403899356344893444,negative,1.2216994762420654,0.6581135988235474,1.293086051940918
1403899356655149057,neutral,2.4154727458953857,0.9473125338554382,-0.10356684774160385
1403899357213036544,negative,1.1777825355529785,-0.2531907260417938,1.890805721282959
1403899357921824768,negative,1.1472201347351074,-0.6274566054344177,2.0522143840789795
1403899359016755206,neutral,2.8708457946777344,1.3865829706192017,-0.882559061050415
1403899359738023940,negative,1.6908444166183472,-0.769045889377594,1.8945202827453613
1403899359851270144,positive,1.685198426246643,3.039599895477295,-0.5585665106773376
1403899360069533696,neutral,1.6550211906433105,0.1593489646911621,0.9476357698440552
1403899361856167936,negative,1.323105812072754,-1.223022699356079,2.717541217803955
1403899362061783041,neutral,1.6550211906433105,0.1593489646911621,0.9476357698440552
1403899362317570049,neutral,1.6528376340866089,-0.6454909443855286,1.0322269201278687
1403899362833440773,neutral,2.686922788619995,0.012738198041915894,0.648772656917572
1403899364163002369,negative,1.4619152545928955,-0.7880906462669373,1.7546861171722412
1403899364766978049,neutral,2.058189630508423,-0.8383659720420837,1.4405418634414673
1403899365387689988,negative,1.5028775930404663,-0.9788300395011902,2.1975908279418945
1403899365509369862,neutral,2.8819093704223633,0.53230220079422,-0.03349681198596954
1403899365828169734,neutral,2.6215062141418457,1.881436824798584,-0.6578801870346069
1403899366839140352,neutral,1.781528353691101,-0.5776886940002441,1.6669962406158447
1403899368336330755,neutral,2.9983601570129395,0.49473628401756287,-0.043881744146347046
1403899370903326720,negative,1.3916523456573486,0.024218961596488953,1.7649662494659424
1403899373424156680,negative,1.4230386018753052,-0.6210137605667114,1.7072842121124268
1403899373688328198,neutral,1.594359278678894,-0.112026147544384,1.3583968877792358
1403899374099484675,neutral,2.109698534011841,-0.6180365085601807,1.448866367340088
1403899374522994688,neutral,1.2719635963439941,0.20871275663375854,1.0208256244659424
1403899376724967426,neutral,1.675191879272461,0.026794563978910446,1.1411978006362915
1403899378327121923,neutral,2.747767686843872,0.6399177312850952,0.033251430839300156
1403899378436247562,negative,1.2689071893692017,-0.37897947430610657,1.9975721836090088
1403899378641686529,negative,1.273600459098816,-0.5183877348899841,2.606269598007202
1403899380097335296,negative,0.9564541578292847,-0.3752193748950958,1.9688323736190796
1403899380701220865,positive,1.4143707752227783,2.3002002239227295,-0.18758860230445862
1403899381049442304,negative,1.0834845304489136,0.1274057924747467,1.110680103302002
1403899381644943363,negative,1.3770182132720947,-1.38917875289917,3.2894270420074463
1403899382626390021,neutral,1.8971370458602905,-0.15716704726219177,1.0333062410354614
1403899383175806978,neutral,2.353337287902832,0.015845857560634613,0.6132270097732544
1403899383876186112,negative,1.3117804527282715,-1.3488850593566895,3.847764015197754
1403899383918125058,negative,1.323105812072754,-1.223022699356079,2.717540979385376
1403899384358526977,negative,1.435012698173523,-1.085292100906372,2.3328914642333984
1403899384593489921,negative,1.0883618593215942,-0.5602695345878601,1.920455813407898
1403899386191548420,neutral,1.1201436519622803,0.4443364143371582,0.2529602348804474
1403899386225213442,neutral,1.8955223560333252,-0.6867144703865051,1.520538330078125
1403899387982401540,neutral,1.8445196151733398,0.23661667108535767,0.8432996869087219
1403899388724846594,neutral,1.6345112323760986,0.16001510620117188,0.8086649775505066
1403899392990527491,neutral,2.6754703521728516,1.1542543172836304,-0.2315426915884018
1403899393606971395,neutral,3.368950843811035,1.6275438070297241,-0.8511816263198853
1403899393938427907,negative,0.4876953959465027,-0.48116418719291687,2.8797340393066406
1403899396048232448,neutral,1.4629173278808594,-0.26670852303504944,0.8999884128570557
1403899397092495365,neutral,1.9906021356582642,1.046915888786316,0.15024234354496002
1403899397155397636,neutral,1.675191879272461,0.026794563978910446,1.1411978006362915
1403899398136819717,negative,1.4070523977279663,-0.9250665307044983,1.9019064903259277
1403899399734923264,neutral,3.530146598815918,1.6300078630447388,-1.065041184425354
1403899401668632581,negative,0.811205267906189,-0.9982882142066956,2.6071157455444336
1403899402134208515,negative,0.9236471652984619,0.4711553752422333,1.4722224473953247
1403899402586976256,neutral,1.630143165588379,0.5586600303649902,0.2939091622829437
1403899403073515525,neutral,1.9142731428146362,0.2719089090824127,0.8538557887077332
1403899403706925056,negative,1.0012050867080688,-0.7474526166915894,2.1851418018341064
1403899406001356801,negative,1.1811084747314453,0.07272730022668839,1.6746410131454468
1403899407494311938,negative,1.7818498611450195,-0.8212741613388062,1.7911601066589355
1403899408471658504,neutral,2.1693098545074463,0.17105653882026672,1.2965402603149414
1403899408932999171,negative,1.2636679410934448,-0.9353941082954407,2.187084913253784
1403899410447278084,neutral,2.4882636070251465,1.2881747484207153,-0.19657175242900848
1403899410535362564,negative,0.4876953661441803,-0.48116424679756165,2.8797340393066406
1403899411453734916,neutral,1.6751915216445923,0.02679452672600746,1.141197919845581
1403899411630071811,negative,0.7358195185661316,1.175296664237976,1.2970430850982666
1403899412242259972,negative,1.1811084747314453,0.07272730022668839,1.6746410131454468
1403899412611420160,negative,1.0200626850128174,-0.6428976655006409,2.5052077770233154
1403899412837900290,neutral,2.0701539516448975,1.597553014755249,-0.18209873139858246
1403899413089734658,positive,1.4143707752227783,2.3002002239227295,-0.18758860230445862
1403899413895028737,neutral,1.927201509475708,0.0949355959892273,0.6291561722755432
1403899414557519880,positive,0.731848955154419,2.250412702560425,0.20913127064704895
1403899415182516227,neutral,1.8198760747909546,0.8568340539932251,0.4308655560016632
1403899415279017986,negative,0.5484743714332581,0.4766235947608948,1.407593846321106
1403899415459475458,neutral,1.1162575483322144,0.3818463683128357,0.4446165859699249
1403899416747024389,neutral,2.8093106746673584,1.1940182447433472,-0.6737649440765381
1403899419444011009,negative,1.272011637687683,-1.3896080255508423,3.60919451713562
1403899420207304708,negative,0.9009653925895691,-0.735965371131897,2.7964584827423096
1403899421063008258,negative,1.1685296297073364,-1.1919218301773071,2.797386884689331
1403899421440450560,positive,1.3347543478012085,1.6714845895767212,0.26079440116882324
1403899421826326532,neutral,2.063265562057495,0.6633743047714233,0.40638551115989685
1403899423885778949,positive,0.24194468557834625,0.9218271970748901,0.6420594453811646
1403899424569397250,negative,0.2030879259109497,-0.45480987429618835,2.7853195667266846
1403899424820973569,negative,1.471948504447937,-1.1002699136734009,2.575843572616577
1403899428281356289,neutral,2.342576503753662,0.46750158071517944,0.32511594891548157
1403899429187473408,negative,0.7524244785308838,0.1501406729221344,1.3531848192214966
1403899431741706241,neutral,1.1549714803695679,0.8031014204025269,0.712761402130127
1403899432043569153,neutral,1.9983165264129639,0.030054964125156403,0.5847755074501038
1403899433629089794,neutral,1.89507257938385,0.7748636603355408,-0.1548088639974594
1403899434165956611,neutral,1.0444504022598267,0.18987984955310822,0.5976603627204895
1403899434354712579,negative,1.5036463737487793,-0.7842860221862793,2.0220742225646973
1403899435415838723,negative,0.9341452717781067,-0.7993876338005066,2.1700007915496826
1403899435461988354,neutral,2.0701539516448975,1.597553014755249,-0.18209873139858246
1403899435524968448,neutral,1.7574796676635742,1.4379165172576904,-0.11173584312200546
1403899435562700800,neutral,1.8955223560333252,-0.6867144703865051,1.520538330078125
1403899436007268357,neutral,1.625892162322998,0.5956567525863647,0.25393742322921753
1403899436309286918,negative,1.191004753112793,0.09862460196018219,1.2045561075210571
1403899436728676355,negative,1.7818498611450195,-0.8212741613388062,1.7911601066589355
1403899439748509696,neutral,1.675191879272461,0.026794563978910446,1.1411978006362915
1403899440138571778,neutral,1.5335369110107422,-0.7313809394836426,1.4781490564346313
1403899441204011008,positive,1.8768490552902222,3.6203343868255615,-0.9328541159629822
1403899442185457665,positive,1.685198426246643,3.039599895477295,-0.5585663914680481
1403899442437238789,negative,1.0977404117584229,0.12950710952281952,1.8085113763809204
1403899442772824068,neutral,1.915128231048584,-0.16022315621376038,0.689228355884552
1403899442865098753,neutral,2.2171928882598877,0.0308351032435894,0.7684294581413269
1403899444349767687,negative,1.341164231300354,-0.9070930480957031,2.1779377460479736
1403899446753103872,neutral,2.2667436599731445,2.2302911281585693,-0.8725942373275757
1403899447109513216,neutral,2.107787847518921,0.5873816013336182,-0.2150677591562271
1403899447482880001,neutral,1.5676321983337402,-0.524814248085022,1.3224166631698608
1403899448489512963,neutral,1.7957593202590942,-0.28501516580581665,1.1877484321594238
1403899448850141187,neutral,2.071244239807129,1.4225050210952759,-0.21062660217285156
1403899452583120899,negative,1.8208160400390625,-0.8940171003341675,2.3658761978149414
1403899453967241225,negative,1.0977404117584229,0.12950710952281952,1.8085113763809204
1403899455481516032,neutral,2.7030999660491943,1.2249354124069214,-0.24873198568820953
1403899455557062656,negative,1.3889930248260498,-0.31886664032936096,1.9824168682098389
1403899456689348611,neutral,2.3873565196990967,0.9768622517585754,0.228730246424675
1403899458090246148,negative,0.9009653925895691,-0.735965371131897,2.7964584827423096
1403899458501287939,neutral,1.3886268138885498,0.5243670344352722,0.6173571944236755
1403899460300816388,negative,1.3916523456573486,0.02421901375055313,1.7649664878845215
1403899460531466240,positive,0.7751070857048035,1.4352080821990967,0.603180468082428
1403899462716735491,negative,1.692097783088684,-0.8378807902336121,1.852790117263794
1403899462783627269,neutral,1.8891879320144653,0.5245234966278076,0.5609523057937622
1403899463228432388,negative,1.1811084747314453,0.07272730022668839,1.6746410131454468
1403899463576408064,positive,0.9809786081314087,1.6719698905944824,0.014487436972558498
1403899463714832385,positive,1.685198426246643,3.039599895477295,-0.5585665106773376
1403899463769329668,negative,0.298256516456604,0.10610249638557434,1.0870023965835571
1403899463979180034,neutral,2.306673765182495,-0.3815867006778717,0.8096887469291687
1403899466009174016,negative,1.381537914276123,-1.1605868339538574,2.6029372215270996
1403899466684456960,negative,1.1569933891296387,-1.0787239074707031,2.438683032989502
1403899467422601219,negative,0.7188165783882141,0.892541766166687,0.9164577126502991
1403899467707785217,negative,1.2942290306091309,-0.20046809315681458,1.6783980131149292
1403899467745660929,neutral,1.8955222368240356,-0.6867144107818604,1.520538330078125
1403899468198600711,negative,1.9760442972183228,-1.1435997486114502,2.0983781814575195
1403899469809295361,neutral,1.1378804445266724,0.6127021908760071,1.0009615421295166
1403899469922439169,neutral,1.4916081428527832,0.43610626459121704,0.1579643338918686
1403899470018801667,negative,1.3916523456573486,0.02421901375055313,1.7649664878845215
1403899471625400323,neutral,1.3259694576263428,0.25882264971733093,0.9492944478988647
1403899471973388293,negative,1.139238715171814,-0.6694533824920654,1.422851324081421
1403899472917184514,neutral,1.6441446542739868,-0.5100817084312439,1.4364488124847412
1403899473076518915,positive,1.3318939208984375,1.6056989431381226,-0.2644093930721283
1403899473831604225,negative,0.5203856825828552,-0.6991043090820312,2.043485164642334
1403899474196406273,negative,1.6046199798583984,-0.9579443335533142,2.2868731021881104
1403899474582274048,neutral,2.5387697219848633,1.2248965501785278,-0.14688999950885773
1403899474792136706,neutral,1.9261127710342407,0.9713956117630005,0.1763695627450943
1403899478403211264,positive,1.685198426246643,3.039599895477295,-0.5585665106773376
1403899479661682690,negative,1.2623422145843506,-1.2370593547821045,2.973182439804077
1403899480018243584,neutral,2.5938899517059326,0.31107476353645325,0.3784055709838867
1403899480655634433,negative,1.3054403066635132,-1.0068978071212769,2.6875431537628174
1403899483121930241,neutral,1.8955223560333252,-0.6867142915725708,1.520538330078125
1403899484472594432,neutral,3.530146598815918,1.6300078630447388,-1.065041184425354
1403899485084811270,neutral,1.3886268138885498,0.5243670344352722,0.6173571944236755
1403899486389346313,negative,1.1559351682662964,-0.5906939506530762,1.6704068183898926
1403899486603124738,negative,1.2145129442214966,-0.8037516474723816,2.3396356105804443
1403899488473956354,negative,1.1041855812072754,-0.11807679384946823,1.8314133882522583
1403899489245614080,negative,1.2531009912490845,-0.362862229347229,1.7098907232284546
1403899491074273281,neutral,2.6443116664886475,0.7124865055084229,-0.03967803716659546
1403899492819030020,neutral,2.077286720275879,2.0228757858276367,-0.5559777021408081
1403899492907110401,negative,0.66107177734375,-0.22799760103225708,1.4208430051803589
1403899492928307201,positive,1.1521986722946167,1.2261368036270142,-0.08756741881370544
1403899494362611713,neutral,1.0796215534210205,0.11286316812038422,0.5647310614585876
1403899494840815617,negative,1.2667558193206787,-0.29203397035598755,1.761719822883606
1403899495167967232,negative,1.1811084747314453,0.07272730022668839,1.6746410131454468
1403899495205638144,negative,1.1543434858322144,0.08257278054952621,1.5020558834075928
1403899495218302980,negative,0.7666487097740173,-0.26115110516548157,2.7919535636901855
1403899495511990277,neutral,1.9877697229385376,1.0188698768615723,0.10282593965530396
1403899496396775430,negative,1.371188759803772,-0.8730982542037964,1.9468708038330078
1403899497386676226,negative,1.0627847909927368,-0.004294216632843018,1.7522209882736206
1403899500243128320,negative,0.6217390894889832,0.3632653057575226,2.083627223968506
1403899500293365760,negative,1.3916523456573486,0.02421901375055313,1.7649664878845215
1403899502193381376,negative,0.4716695547103882,-0.07838676124811172,1.3040367364883423
1403899503724298245,negative,0.9458792209625244,0.7448331713676453,1.329048991203308
1403899504101761028,neutral,1.594359278678894,-0.11202613264322281,1.3583968877792358
1403899504961720320,negative,0.8167320489883423,-1.5312654972076416,4.817623615264893
1403899505322438657,neutral,2.506451368331909,1.4469834566116333,-0.5270968675613403
1403899505393741828,neutral,0.9719514846801758,0.04881573095917702,0.22870688140392303
1403899507960647681,positive,2.4076764583587646,4.846411228179932,-1.5086522102355957
1403899509097205763,neutral,2.152190685272217,1.2056772708892822,0.37971383333206177
1403899514038239235,neutral,2.6965274810791016,0.8994442820549011,-0.26072824001312256
1403899515157966848,positive,2.2023653984069824,2.346116542816162,-0.22111858427524567
1403899515799625735,neutral,1.9053356647491455,-0.41594067215919495,0.9914840459823608
1403899516017799168,negative,1.184885025024414,-0.9979525208473206,2.346003770828247
1403899517418676228,negative,0.9718841910362244,-0.6705438494682312,2.812807321548462
1403899518115061760,negative,1.7795270681381226,-0.1763085126876831,1.953691840171814
1403899518937047043,neutral,3.7383499145507812,1.858965516090393,-0.622066080570221
1403899521554386950,negative,1.154207706451416,-1.2434470653533936,3.2677195072174072
1403899524880343050,positive,1.981812834739685,2.3295464515686035,-0.4212232232093811
1403899525257777159,negative,0.9195635318756104,-0.5056913495063782,2.2588045597076416
1403899525270433797,negative,1.3112212419509888,-1.0416038036346436,2.41750431060791
1403899527120183296,negative,1.251084566116333,-0.6692695021629333,1.728593349456787
1403899527518511109,neutral,2.295140266418457,0.6554538607597351,-0.009919149801135063
1403899527665496064,neutral,2.694465398788452,0.8943619132041931,-0.280368834733963
1403899529137696768,negative,1.2830848693847656,-0.9135735630989075,1.945792317390442
1403899530559381504,negative,1.0542383193969727,-0.7561893463134766,2.8562676906585693
1403899532467851274,neutral,1.3345359563827515,0.5960901379585266,0.90711510181427
1403899533394804738,negative,0.7151352763175964,-0.21104547381401062,1.8719426393508911
1403899534078480386,negative,0.9340941309928894,-0.5036138892173767,2.102555751800537
1403899535114395648,neutral,1.4839565753936768,-0.14077463746070862,1.3854730129241943
1403899535756308481,negative,1.3916523456573486,0.024219051003456116,1.7649662494659424
1403899536809025537,negative,0.9955025911331177,-0.6201443076133728,2.7022359371185303
1403899537169715202,negative,2.1112687587738037,-1.0838860273361206,2.2172744274139404
1403899537517957121,negative,0.38607916235923767,0.2229958474636078,1.1762468814849854
1403899537660522496,neutral,1.989836573600769,1.0823479890823364,0.10298687219619751
1403899537731690504,neutral,2.411306619644165,0.9763279557228088,0.10495775192975998
1403899539824594949,neutral,1.3304146528244019,0.36814919114112854,0.6087554693222046
1403899541116506113,neutral,1.7517541646957397,1.0974191427230835,0.11334556341171265
1403899542001512449,neutral,1.9239604473114014,0.8521581292152405,0.08820917457342148
1403899543368863751,neutral,2.6827287673950195,1.2359905242919922,-0.5630191564559937
1403899544233037827,negative,1.004337191581726,-0.2923588752746582,1.153835415840149
1403899545168326657,neutral,1.1093686819076538,0.9850553870201111,0.3077932894229889
1403899545310932992,negative,1.3916523456573486,0.02421901375055313,1.7649664878845215
1403899545851887622,negative,0.22191180288791656,-0.3287712335586548,2.5762557983398438
1403899547097653250,neutral,2.543001890182495,1.0240801572799683,-0.16154244542121887
1403899548984963076,neutral,2.1693098545074463,0.17105653882026672,1.2965402603149414
1403899549056323588,neutral,3.530146598815918,1.6300078630447388,-1.065041184425354
1403899550704807938,negative,1.2423046827316284,-0.8097944855690002,1.9963856935501099
1403899551535099905,neutral,1.6907896995544434,0.7185880541801453,0.6966542601585388
1403899551556243461,neutral,2.306673765182495,-0.3815867006778717,0.8096887469291687
1403899551795355650,negative,1.3988944292068481,-0.9461323618888855,1.9692435264587402
1403899552411783171,negative,0.481492817401886,0.14353762567043304,1.5441019535064697
1403899552856412160,neutral,3.530146598815918,1.6300078630447388,-1.065041184425354
1403899552910872577,neutral,1.6962946653366089,0.8535618185997009,0.24165526032447815
1403899555372879872,negative,1.0200248956680298,-0.8834100365638733,2.8323161602020264
1403899556115324929,negative,1.1738076210021973,0.5183054804801941,1.2793594598770142
1403899556945829895,neutral,1.637675404548645,0.45437195897102356,0.5790774822235107
1403899557147152384,positive,0.9587416052818298,1.0897016525268555,0.32074081897735596
1403899559953289216,neutral,1.2877241373062134,0.7032592296600342,0.9546533823013306
1403899559974117379,neutral,3.530146598815918,1.6300078630447388,-1.065041184425354
1403899561165217796,neutral,1.555951476097107,0.9688065052032471,0.1871529370546341
1403899562255810564,neutral,2.1693098545074463,0.17105653882026672,1.2965402603149414
1403899562465579008,neutral,3.530146598815918,1.6300078630447388,-1.065041184425354
1403899563048505347,neutral,1.8445196151733398,0.23661664128303528,0.8432996273040771
1403899563967012866,neutral,1.8955223560333252,-0.6867144703865051,1.520538330078125
1403899565917589504,neutral,2.306673765182495,-0.3815867006778717,0.8096887469291687
1403899566340984840,neutral,1.1494930982589722,0.7481024861335754,0.674926221370697
1403899567976816646,neutral,2.306673765182495,-0.3815867006778717,0.8096887469291687
1403899569465921538,neutral,1.4009476900100708,-0.41043224930763245,0.7206581830978394
1403899569469984769,negative,0.18126562237739563,-0.5615090727806091,2.962216377258301
1403899570032025604,negative,0.6787430047988892,0.21509131789207458,0.7461956739425659
1403899572351610881,neutral,1.8649402856826782,-0.521004319190979,1.5143173933029175
1403899572372459524,negative,1.2859201431274414,-0.6114502549171448,1.4349714517593384
1403899572519424001,negative,1.5488156080245972,-0.4635659158229828,1.937009334564209
1403899572699676672,negative,1.2862489223480225,-0.6364786028862,1.9506032466888428
1403899572905197568,neutral,2.357839345932007,0.36468908190727234,0.028042783960700035
1403899573131788289,negative,1.4676975011825562,-0.9921743273735046,2.338759183883667
1403899576906551296,neutral,2.018139600753784,-0.6357941627502441,1.443435788154602
1403899577204297728,negative,0.8597722053527832,-0.7053101062774658,3.155395984649658
1403899577590239238,neutral,1.8955223560333252,-0.6867144703865051,1.520538330078125
1403899579834114048,negative,0.790287435054779,-0.29051193594932556,2.2236199378967285
1403899580127727616,neutral,1.585908055305481,1.2193303108215332,0.24256055057048798
1403899581885124613,negative,1.0012050867080688,-0.7474526166915894,2.1851418018341064
1403899583416070145,neutral,3.708357572555542,1.850738763809204,-0.5771667957305908
1403899583751667713,negative,1.3231056928634644,-1.223022699356079,2.717540979385376
1403899585232318470,neutral,2.1712355613708496,-0.39990589022636414,1.0999703407287598
1403899585559351296,positive,1.685198426246643,3.039599895477295,-0.5585665106773376
1403899586863845378,negative,1.1660133600234985,-1.3150945901870728,3.341113328933716
1403899587031613441,neutral,1.1848948001861572,0.35059353709220886,0.728169858455658
1403899587195281410,negative,1.2592318058013916,-0.602996826171875,1.8719687461853027
1403899589900619783,negative,1.1136575937271118,-0.42424002289772034,1.587534785270691
1403899591041327104,negative,0.8718939423561096,-0.431322306394577,2.0937347412109375
1403899591179878402,negative,1.1700160503387451,-0.6966230273246765,1.6720646619796753
1403899591297179649,negative,1.234689474105835,-0.44493886828422546,2.0591864585876465
1403899592765181953,negative,1.3972792625427246,-1.0940473079681396,2.6723082065582275
1403899593578926090,negative,2.1112687587738037,-1.0838860273361206,2.2172744274139404
1403899595592249346,neutral,1.8891879320144653,0.5245234966278076,0.5609523057937622
1403899596842045443,negative,1.5984159708023071,-0.814353883266449,1.9816821813583374
1403899597462855691,negative,1.478581428527832,-1.2356947660446167,3.0750324726104736
1403899598406569985,negative,1.3916523456573486,0.02421901375055313,1.7649664878845215
1403899600856027137,negative,1.4937011003494263,-1.2051976919174194,3.207880973815918
1403899601053171712,neutral,2.6754703521728516,1.1542541980743408,-0.23154263198375702
1403899601124478997,negative,0.45680078864097595,-0.3652515411376953,2.4889583587646484
1403899602370060294,neutral,3.530146598815918,1.6300078630447388,-1.065041184425354
1403899602479292421,neutral,1.420737862586975,-0.6843456029891968,1.250274896621704
1403899604010110976,neutral,2.21079158782959,0.9002576470375061,0.21009601652622223
1403899606132428800,neutral,3.708357572555542,1.8507390022277832,-0.5771670937538147
1403899606602158080,neutral,1.3994741439819336,-0.1393066942691803,1.2504106760025024
1403899606912491524,neutral,2.058189630508423,-0.8383659720420837,1.4405418634414673
1403899608049274881,neutral,1.3586002588272095,0.058334317058324814,1.0043572187423706
1403899608619569155,negative,0.8567975163459778,-0.38133615255355835,1.7188977003097534
1403899609106161671,negative,1.157423973083496,-1.20036780834198,3.2668492794036865
1403899609265577987,neutral,1.9769213199615479,0.24374908208847046,0.3351520597934723
1403899609315901451,neutral,1.198048710823059,0.5866292119026184,0.9134495854377747
1403899609953361923,neutral,2.6754703521728516,1.1542541980743408,-0.23154263198375702
1403899614231732225,positive,0.4593716859817505,1.8519448041915894,0.04536735266447067
1403899614336483331,neutral,1.6550211906433105,0.1593489646911621,0.9476357698440552
1403899614487465985,neutral,1.1058683395385742,0.48451679944992065,0.6358059048652649
1403899614902636544,neutral,1.566901683807373,-0.43973812460899353,1.3763798475265503
1403899615414558723,neutral,2.010223627090454,0.31005552411079407,0.8314116597175598
1403899617402449921,neutral,1.2368184328079224,0.680976927280426,0.5483769774436951
1403899617658302473,negative,1.0705411434173584,-1.0454546213150024,2.798239231109619
1403899619931680770,negative,0.8669508099555969,-0.026935525238513947,1.6549503803253174
1403899620770545665,neutral,1.4007642269134521,0.9510250687599182,-0.11430277675390244
1403899621236035587,negative,1.3265068531036377,-0.6711069345474243,2.14880633354187
1403899621621919749,negative,0.741193950176239,-0.48886123299598694,2.938966751098633
1403899622469242880,neutral,1.756390929222107,0.4207243323326111,0.7312557697296143
1403899622561566723,neutral,1.5416115522384644,-0.07158137112855911,0.8448324203491211
1403899623186604032,neutral,2.6754703521728516,1.1542541980743408,-0.23154263198375702
1403899623287181318,neutral,2.2639691829681396,1.4798096418380737,0.1660931408405304
1403899625870876673,negative,1.357036828994751,-0.036788515746593475,1.714455485343933
1403899626919432193,negative,0.8607897162437439,-0.047306232154369354,1.1933060884475708
1403899627095531524,positive,1.0141369104385376,1.489823341369629,0.2465847283601761
1403899629012410381,neutral,1.9042940139770508,-0.40944308042526245,1.5786112546920776
1403899629129940995,neutral,1.8445196151733398,0.23661667108535767,0.8432996869087219
1403899630065270787,neutral,2.506451368331909,1.4469834566116333,-0.5270968675613403
1403899631264800770,neutral,1.8027195930480957,-0.6065338850021362,1.3269397020339966
1403899632057569286,negative,1.3916523456573486,0.02421901375055313,1.7649664878845215
1403899634578198529,neutral,2.6443116664886475,0.7124865055084229,-0.03967803716659546
1403899637417840654,neutral,1.1492412090301514,0.9636542201042175,0.14989106357097626
1403899638910918664,neutral,1.6596099138259888,0.19631150364875793,0.7662719488143921
1403899639296757768,neutral,1.8955223560333252,-0.6867144703865051,1.520538330078125
1403899639460294659,neutral,2.302359104156494,1.3691880702972412,-0.3064263164997101
1403899641930797056,neutral,1.675191879272461,0.026794563978910446,1.1411978006362915
1403899642455101441,negative,1.0863003730773926,-1.2710696458816528,3.22053861618042
1403899642648182791,neutral,1.8891879320144653,0.5245234966278076,0.5609523057937622
1403899643189239809,neutral,1.7699130773544312,0.4667205810546875,0.2984362542629242
1403899643889696776,positive,0.42587894201278687,1.4836093187332153,0.04431011900305748
1403899644065636358,neutral,1.8198760747909546,0.8568340539932251,0.4308655560016632
1403899644103512069,neutral,2.077286720275879,2.0228757858276367,-0.5559774041175842
1403899645600931843,neutral,1.1880303621292114,0.08963563293218613,1.102402925491333
1403899645751967744,neutral,1.9102537631988525,0.5920968055725098,0.36300185322761536
1403899645999341571,negative,0.9025877714157104,-0.8823056817054749,2.937159538269043
1403899646020366340,neutral,1.8378180265426636,-0.6980738639831543,1.4835302829742432
1403899647471407104,neutral,3.708357572555542,1.8507390022277832,-0.5771670937538147
1403899651447824384,neutral,1.2173994779586792,0.1836491972208023,1.2046613693237305
1403899651711979522,neutral,2.077286720275879,2.0228757858276367,-0.5559777021408081
1403899652517343232,negative,1.0074622631072998,-0.23444363474845886,1.6120829582214355
1403899653146374147,negative,1.1529828310012817,-0.8022887706756592,2.2296745777130127
1403899657890111491,neutral,2.0336594581604004,-0.2897997796535492,1.253320574760437
1403899662680084483,negative,0.6392282843589783,-0.7141454219818115,2.904188632965088
1403899663233830913,negative,1.0382306575775146,-0.4988057315349579,1.384272813796997
1403899664651325441,neutral,2.164260149002075,0.34198224544525146,0.4098448157310486
1403899664777293829,negative,0.9803242683410645,0.2169398069381714,1.60386323928833
1403899666035523584,neutral,2.125859498977661,1.3758704662322998,-0.35645776987075806
1403899666677133314,positive,0.8038237690925598,1.4999140501022339,1.053668737411499
1403899666954080256,negative,0.9383073449134827,0.8344056606292725,1.2591047286987305
1403899668317179908,neutral,1.7219429016113281,0.45653247833251953,0.4831749498844147
1403899670166859780,neutral,1.8955223560333252,-0.6867144703865051,1.520538330078125
1403899670594686981,negative,1.0200247764587402,-0.8834100365638733,2.8323161602020264
1403899674218668033,negative,1.2301173210144043,-0.49699345231056213,2.119795083999634
1403899675015581700,negative,1.3246394395828247,-0.03138935565948486,1.41816246509552
1403899675501948930,neutral,0.939866840839386,0.6173316836357117,-0.14442993700504303
1403899675564933124,neutral,2.0563061237335205,1.4168142080307007,-0.03169602155685425
1403899675749478401,negative,1.5633183717727661,-0.9286685585975647,1.8268461227416992
1403899676382748672,neutral,2.283942937850952,1.2168605327606201,0.05442173406481743
1403899676722536450,positive,0.8226539492607117,1.4320461750030518,0.4007530212402344
1403899682066079757,positive,1.685198426246643,3.039599895477295,-0.5585665106773376
1403899682754007045,negative,0.8947703838348389,-0.21060416102409363,1.8376301527023315
1403899684410867714,negative,1.0866246223449707,-0.6717808842658997,1.783862829208374
1403899684444200967,positive,1.6184121370315552,1.6187851428985596,0.0750913918018341
1403899686679826440,positive,0.6935575008392334,2.3081040382385254,0.03396628424525261
1403899688781156354,neutral,2.363079309463501,0.028742030262947083,0.5913152098655701
1403899688848445446,negative,0.7775366902351379,-0.5260652899742126,0.9808963537216187
1403899688877756417,neutral,1.8771545886993408,-0.23140937089920044,0.83417147397995
1403899689167171586,neutral,1.4478371143341064,0.20972374081611633,0.6778902411460876
1403899689196560389,neutral,1.9265267848968506,-0.4339509904384613,1.2134214639663696
1403899689775337473,neutral,1.3975732326507568,0.5194089412689209,0.8056509494781494
1403899690542931974,positive,1.286768913269043,2.675869941711426,-0.46227753162384033
1403899690761048072,negative,0.9431843757629395,-0.19658759236335754,1.6840252876281738
1403899691629121539,positive,1.7465801239013672,3.7106921672821045,-1.1879507303237915
1403899691671097345,neutral,0.838645875453949,0.5154494643211365,0.5838630795478821
1403899693625602058,neutral,1.773097276687622,-0.6476805806159973,1.4520089626312256
1403899693654966273,negative,1.3117804527282715,-1.3488850593566895,3.847764015197754
1403899693793427457,neutral,0.8859027624130249,0.6272988319396973,0.8790304660797119
1403899693814358024,negative,1.2186386585235596,-0.8187013268470764,2.2360622882843018
1403899694128893953,negative,1.2361773252487183,-0.19070282578468323,2.075723648071289
1403899695441879045,neutral,2.2248263359069824,-0.9808604121208191,1.826280951499939
1403899696129593346,negative,1.3972792625427246,-1.0940473079681396,2.6723084449768066
1403899696666583040,negative,1.4230384826660156,-0.6210137009620667,1.7072843313217163
1403899697765359618,negative,1.5670692920684814,-0.8229624032974243,1.7146711349487305
1403899699241885699,neutral,1.8971370458602905,-0.15716704726219177,1.0333062410354614
1403899700143484932,neutral,1.8955223560333252,-0.6867144703865051,1.520538330078125
1403899701494128645,neutral,2.2431488037109375,0.6303839683532715,0.017395678907632828
1403899701569769479,negative,1.1516902446746826,-0.5561229586601257,1.7205532789230347
1403899702249246727,neutral,1.8445196151733398,0.23661667108535767,0.8432996869087219
1403899704186970115,neutral,1.8445196151733398,0.23661667108535767,0.8432996869087219
1403899704262348801,neutral,2.117948532104492,0.4966953992843628,0.10095512866973877
1403899704950280196,neutral,1.902584433555603,0.6421622633934021,0.81772381067276
1403899705596203013,negative,1.1605148315429688,-1.0920536518096924,3.339010000228882
1403899706304909315,negative,1.3884830474853516,-1.0680710077285767,2.762256145477295
1403899708033077251,neutral,0.649555504322052,0.5830599069595337,0.1750437319278717
1403899709148733441,negative,1.2213279008865356,-1.2218204736709595,3.125633955001831
1403899710071443461,neutral,2.1693098545074463,0.17105653882026672,1.2965402603149414
1403899711300407300,negative,1.361433506011963,0.049175094813108444,1.5213607549667358
1403899712957255682,neutral,3.3422739505767822,2.532104730606079,-1.2520681619644165
1403899713561128962,neutral,2.066885471343994,-0.3264291286468506,0.9353159070014954
1403899714127511561,positive,1.6178644895553589,1.6957112550735474,-0.13627003133296967
1403899715406622728,neutral,1.7823402881622314,-0.4557192027568817,0.44886937737464905
1403899715473874949,negative,1.478581428527832,-1.2356947660446167,3.0750324726104736
1403899716744720394,neutral,2.828106164932251,0.8371486067771912,-0.13895823061466217
1403899717617074178,negative,0.8431398868560791,-1.0850555896759033,2.8538663387298584
1403899721241014272,neutral,1.91477632522583,-0.7280219197273254,1.6810382604599
1403899722557968384,negative,1.3323875665664673,-0.2926173806190491,1.521533727645874
1403899725221404677,neutral,1.7476739883422852,1.1693047285079956,0.40236079692840576
1403899725477122050,positive,1.685198426246643,3.039599895477295,-0.5585665106773376
1403899727242924037,neutral,1.6345112323760986,0.16001510620117188,0.8086649775505066
1403899728014843911,neutral,1.8631219863891602,0.323637992143631,0.5606851577758789
1403899728576880640,neutral,2.6187546253204346,1.5727204084396362,-0.37510374188423157
1403899729398824961,negative,1.3916523456573486,0.02421901375055313,1.7649664878845215
1403899729461665797,neutral,2.082852840423584,1.4338417053222656,-0.34105899930000305
1403899729466085376,neutral,1.684200644493103,1.2276102304458618,0.35376667976379395
1403899736780726274,neutral,1.5111315250396729,1.2264107465744019,0.7832773923873901
1403899737024176128,neutral,1.732394814491272,0.19162949919700623,1.136557698249817
1403899738710151172,negative,1.1543434858322144,0.08257278054952621,1.5020558834075928
1403899739951693828,neutral,1.675191879272461,0.026794563978910446,1.1411978006362915
1403899740710916099,positive,1.8023707866668701,3.412043333053589,-0.7984153032302856
1403899741692469248,negative,0.4555722177028656,0.307660311460495,1.6487107276916504
1403899744083140611,neutral,1.2469524145126343,0.31060558557510376,0.25948747992515564
1403899744808685572,negative,0.5310474634170532,0.779448926448822,1.169256329536438
1403899745341382660,neutral,2.0399763584136963,0.34730497002601624,0.711825430393219
1403899747329576965,negative,1.0239522457122803,-1.1843758821487427,3.1963632106781006
1403899747434442753,positive,0.24194468557834625,0.9218271970748901,0.6420594453811646
1403899748453552135,neutral,2.025439500808716,0.17317959666252136,0.8374605774879456
1403899752828354568,negative,1.3916523456573486,0.02421901375055313,1.7649664878845215
1403899753243373575,positive,0.24194468557834625,0.9218271970748901,0.6420594453811646
1403899753444909061,neutral,2.2487311363220215,1.8746099472045898,-0.6505323648452759
1403899753688150016,negative,1.2559428215026855,-1.1178053617477417,3.3805313110351562
1403899755126681601,neutral,1.8955223560333252,-0.6867144703865051,1.520538330078125
1403899756368203776,negative,0.3098139464855194,-0.3937522768974304,1.830068826675415
1403899756691218434,neutral,2.6754703521728516,1.1542541980743408,-0.23154263198375702
1403899759384043523,negative,0.9739556908607483,-0.4067437946796417,2.215101718902588
1403899761279733764,negative,1.3228764533996582,-0.4594615399837494,1.6083735227584839
1403899761808207874,neutral,1.637675404548645,0.45437195897102356,0.5790774822235107
1403899762210967554,neutral,1.2128887176513672,0.3600939214229584,1.1083903312683105
1403899763158708226,neutral,1.6441446542739868,-0.5100817084312439,1.4364488124847412
1403899763234201600,negative,1.0883618593215942,-0.5602695345878601,1.920455813407898
1403899763867668480,negative,1.1811084747314453,0.07272730022668839,1.6746410131454468
1403899764207456257,negative,1.350353479385376,-0.8688539266586304,2.296276330947876
1403899764903583746,neutral,1.8283058404922485,-0.6700337529182434,1.4685319662094116
1403899765197357062,neutral,2.077286720275879,2.0228757858276367,-0.5559777021408081
1403899765331537920,neutral,2.010223627090454,0.31005552411079407,0.8314116597175598
1403899765880868864,neutral,2.0732452869415283,1.541130781173706,-0.16251550614833832
1403899768531730432,negative,1.1723979711532593,-0.6344351172447205,1.8902028799057007
1403899771367026688,neutral,2.1693098545074463,0.17105653882026672,1.2965402603149414
1403899771517956098,neutral,1.637675404548645,0.45437195897102356,0.5790774822235107
1403899774235992065,neutral,1.555951476097107,0.9688065052032471,0.1871529370546341
1403899775100112898,negative,0.3432222306728363,-0.22914129495620728,1.9938499927520752
1403899776140206082,negative,1.3916523456573486,0.02421901375055313,1.7649664878845215
1403899776236613637,negative,1.090535044670105,-0.16266798973083496,1.2536580562591553
1403899776391958530,neutral,1.8182121515274048,-0.2746100425720215,1.3046964406967163
1403899777134194688,positive,0.17485100030899048,0.8347994089126587,0.6653252840042114
1403899778866421763,neutral,1.8723338842391968,0.4970254600048065,0.3618256151676178
1403899779508162561,neutral,1.7621880769729614,1.309517502784729,0.21315893530845642
1403899779726249985,negative,0.7986632585525513,-0.3572421073913574,1.198911190032959
1403899780074463234,neutral,2.2171928882598877,0.0308351032435894,0.7684294581413269
1403899780225503234,negative,1.6565239429473877,-0.47013720870018005,1.659297227859497
1403899780774825986,neutral,1.4994972944259644,-0.5129556655883789,0.8987999558448792
1403899782515527683,neutral,1.7471352815628052,1.6316097974777222,-0.1445024609565735
1403899783564038145,negative,1.528466820716858,-0.5105893611907959,2.0491297245025635
1403899784151191555,neutral,1.7569814920425415,0.48583805561065674,0.5793598890304565
1403899784579084288,negative,1.4559029340744019,-0.922318160533905,2.2578835487365723
1403899789197123584,negative,0.8621206283569336,-0.509658932685852,2.402010917663574
1403899789972967424,negative,1.2831690311431885,-1.0265382528305054,2.910222053527832
1403899790971359232,negative,1.4414814710617065,-0.4356589615345001,1.75765860080719
1403899791206064131,negative,1.272011637687683,-1.3896080255508423,3.60919451713562
1403899791810105357,neutral,1.423166275024414,-0.057263635098934174,1.3699287176132202
1403899792120451072,negative,1.3129185438156128,-0.7249814867973328,2.5098702907562256
1403899792955121664,neutral,2.231698513031006,0.5688071250915527,0.942751944065094
1403899793634594819,neutral,1.3434160947799683,0.2610979378223419,1.1770038604736328
1403899796042223620,neutral,2.1012072563171387,1.7922215461730957,-0.435546338558197
1403899796352503814,neutral,1.675191879272461,0.026794563978910446,1.1411978006362915
1403899797413707786,negative,1.3916523456573486,0.02421901375055313,1.7649664878845215
1403899797690458120,neutral,1.9176472425460815,-0.15106579661369324,0.929076611995697
1403899798063886337,negative,1.0526747703552246,-0.4854060113430023,1.9483730792999268
1403899798416207876,neutral,1.2128887176513672,0.3600939214229584,1.1083903312683105
1403899801477976064,neutral,2.077286720275879,2.0228757858276367,-0.5559777021408081
1403899802354659329,positive,1.4143707752227783,2.3002002239227295,-0.18758860230445862
1403899804493619205,neutral,2.322033643722534,0.8155692219734192,0.12140559405088425
1403899805143683077,neutral,1.8524779081344604,-0.21847176551818848,0.8640486598014832
1403899806104186882,negative,1.0990169048309326,-0.7306037545204163,2.218822956085205
1403899806116978691,neutral,1.655021071434021,0.1593489646911621,0.9476357698440552
1403899806678933505,neutral,1.879719614982605,0.07353798300027847,0.7502172589302063
1403899808679481344,positive,2.0592246055603027,3.703709602355957,-0.8232370615005493
1403899809442926595,neutral,1.4138519763946533,-0.015691928565502167,1.1708335876464844
1403899811103973376,negative,1.2187473773956299,-0.7129698991775513,1.7092887163162231
1403899811431026696,negative,0.9394561648368835,0.08675607293844223,1.8604466915130615
1403899811477159937,positive,1.435408353805542,3.6135454177856445,-0.7276137471199036
1403899812676726789,positive,2.010216236114502,4.986503601074219,-1.221344232559204
1403899812861386752,neutral,1.8971370458602905,-0.15716704726219177,1.0333062410354614
1403899813104553986,negative,1.0274888277053833,-0.28011688590049744,2.3246092796325684
1403899813402341383,neutral,3.530146598815918,1.6300078630447388,-1.065041184425354
1403899815033982976,neutral,1.229818344116211,-0.03233020752668381,1.0913666486740112
1403899815709212672,negative,1.235432744026184,-0.41243311762809753,1.5492862462997437
1403899816527155203,positive,1.044895887374878,1.1801578998565674,0.510324239730835
1403899817680535553,negative,1.2666749954223633,-0.29106640815734863,1.7661337852478027
1403899818875961351,negative,1.0798290967941284,-1.1899967193603516,3.170644998550415
1403899819706523649,neutral,3.4946365356445312,1.937120795249939,-1.0233947038650513
1403899820473929731,neutral,2.6754703521728516,1.1542541980743408,-0.23154263198375702
1403899820926926850,positive,1.3268879652023315,1.7442511320114136,-0.11353536695241928
1403899821128249349,negative,1.485815405845642,-0.9200477600097656,1.8470358848571777
1403899821140844546,negative,0.936116635799408,-1.0470346212387085,3.4188430309295654
1403899825087778816,negative,1.0863003730773926,-1.2710697650909424,3.220538377761841
1403899826517860354,neutral,1.4732900857925415,0.19062590599060059,1.2234246730804443
1403899831538438149,neutral,1.8955223560333252,-0.6867144703865051,1.520538330078125
1403899831861616644,negative,0.9916146993637085,-0.8773951530456543,2.2909023761749268
1403899831983120384,positive,0.6289660334587097,1.1644072532653809,-0.07332354784011841
1403899833669144577,neutral,2.611609935760498,1.792459487915039,-0.4975213408470154
1403899836202721285,neutral,1.7659844160079956,-0.4465302526950836,1.4973394870758057
1403899836705828866,neutral,1.2791718244552612,0.5839560031890869,0.9001048803329468
1403899837414785025,neutral,1.5488944053649902,-0.640788197517395,1.0560519695281982
1403899837771390981,neutral,2.6754703521728516,1.1542541980743408,-0.23154263198375702
1403899837880274951,negative,0.8996315002441406,-0.25374457240104675,1.3692986965179443
1403899838224244737,neutral,1.637675404548645,0.45437195897102356,0.5790774822235107
1403899839029690369,neutral,2.643040418624878,0.39313918352127075,-0.100527323782444
1403899840669491204,neutral,1.8120336532592773,0.920070469379425,0.45151424407958984
1403899841567199232,negative,1.1811084747314453,0.07272730022668839,1.6746410131454468
1403899842678734848,neutral,0.8203288316726685,-0.14094015955924988,0.32486841082572937
1403899842779357187,neutral,1.3475450277328491,0.17759642004966736,1.072762370109558
1403899843421089796,neutral,1.8891879320144653,0.5245234966278076,0.5609523057937622
1403899845404995585,neutral,1.8955223560333252,-0.6867144703865051,1.520538330078125
1403899845761388546,negative,0.8669508099555969,-0.026935525238513947,1.6549503803253174
1403899845841014787,negative,1.3117804527282715,-1.3488850593566895,3.847764015197754
1403899846784847872,neutral,1.9053356647491455,-0.41594067215919495,0.9914840459823608
1403899847950749702,neutral,1.088423490524292,0.6757952570915222,1.086882472038269
1403899849779474434,positive,1.713273048400879,2.3917200565338135,-0.44058629870414734
1403899850035548162,neutral,1.732394814491272,0.19162949919700623,1.136557698249817
1403899850299564032,neutral,1.594359278678894,-0.11202613264322281,1.3583968877792358
1403899850463264769,positive,1.448988676071167,1.6204355955123901,0.09375885874032974
1403899851453075456,neutral,2.363490581512451,1.4204002618789673,-0.14410847425460815
1403899851478274052,neutral,1.2438068389892578,0.18354707956314087,0.23061959445476532
1403899853285986307,neutral,3.530146598815918,1.6300078630447388,-1.065041184425354
1403899853587976193,neutral,1.482540488243103,-0.16944783926010132,1.0654761791229248
1403899853885919232,neutral,1.27732253074646,0.3127245008945465,0.23526813089847565
1403899854087069698,neutral,2.727379322052002,0.8311108350753784,-0.4554162919521332
1403899857459421188,neutral,1.6337883472442627,0.46858057379722595,0.520627498626709
1403899859606802435,neutral,0.23260749876499176,0.1763903647661209,0.14018523693084717
1403899860990914567,negative,1.4472671747207642,-0.9992541670799255,2.6748197078704834
1403899862261723138,neutral,1.3300740718841553,1.0527312755584717,0.08468718081712723
1403899864489017344,negative,1.3076971769332886,-1.0302207469940186,2.1952016353607178
1403899864665178117,neutral,1.989836573600769,1.082348108291626,0.10298685729503632
1403899865130749952,neutral,1.555951476097107,0.9688065052032471,0.1871529370546341
1403899866217070595,neutral,3.416219472885132,1.4561562538146973,-0.43331602215766907
1403899867181817863,negative,1.3916523456573486,0.02421901375055313,1.7649664878845215
1403899867408207880,negative,1.5525035858154297,-0.3576882779598236,1.67710542678833
1403899867764776964,negative,0.48463642597198486,-0.37788471579551697,2.3809444904327393
1403899868066746371,neutral,1.6550211906433105,0.1593489646911621,0.9476357698440552
1403899871237709824,negative,1.2513189315795898,-0.5902099609375,2.114569664001465
1403899872030322694,neutral,1.9351123571395874,1.693708896636963,-0.1933065503835678
1403899872432967682,negative,1.7789362668991089,-0.9655940532684326,2.0543651580810547
1403899872525225995,negative,0.7026371955871582,-1.0295246839523315,3.036618232727051
1403899873443733504,positive,1.8236933946609497,2.031595468521118,-0.35436755418777466
1403899873825415169,neutral,1.6537858247756958,1.184072732925415,0.7704514265060425
1403899874731458563,neutral,1.6801947355270386,1.1809532642364502,-0.16077828407287598
1403899876023361538,negative,0.26849865913391113,0.7164762020111084,1.4784305095672607
1403899880888700934,negative,1.1811084747314453,0.07272730022668839,1.6746410131454468
1403899881031307264,neutral,3.530146598815918,1.6300078630447388,-1.065041184425354
1403899881224237059,neutral,1.590846061706543,-0.45989325642585754,1.5290122032165527
1403899881488535554,negative,0.5804515480995178,-0.7486792206764221,3.1605231761932373
1403899882016960514,neutral,1.675191879272461,0.026794563978910446,1.1411978006362915
1403899882646081539,negative,0.7916985154151917,0.3178202509880066,1.5674550533294678
1403899882709164033,negative,1.1577844619750977,-1.0803159475326538,2.818748950958252
1403899883585744897,negative,0.9093201756477356,-0.7033921480178833,2.4386706352233887
1403899883992621057,negative,1.3590761423110962,-0.22896119952201843,1.7042118310928345
1403899885645185031,neutral,1.5839484930038452,-0.1373155117034912,1.5475631952285767
1403899889449267201,neutral,1.9815701246261597,0.6321154236793518,0.1684393286705017
1403899889902252038,neutral,2.265120267868042,-0.03392905741930008,0.5182519555091858
1403899892657967105,neutral,1.9634820222854614,-0.4997122585773468,1.069334626197815
1403899893479919618,neutral,2.5684597492218018,0.5773892998695374,-0.17747753858566284
1403899894381748224,negative,1.1069564819335938,-0.48716381192207336,2.063549041748047
1403899895971336198,negative,0.8541199564933777,-0.6828800439834595,2.3331143856048584
1403899897175281672,positive,1.4892219305038452,2.6688058376312256,-0.49592775106430054
1403899899251355649,neutral,1.6245572566986084,0.7217555046081543,0.49659281969070435
1403899901617049604,negative,1.0012050867080688,-0.7474526166915894,2.1851418018341064
1403899902585868289,neutral,1.8955223560333252,-0.6867144703865051,1.520538330078125
1403899903261040640,neutral,2.4298481941223145,0.07451339811086655,0.9331324696540833
1403899905781891078,negative,0.8255316615104675,-1.2537368535995483,3.964519739151001
1403899909036810246,negative,0.931686520576477,-0.8074207901954651,2.608743667602539
1403899909078540291,negative,1.2667558193206787,-0.29203397035598755,1.761719822883606
1403899912367054850,negative,0.9930721521377563,-0.7547318935394287,1.8698621988296509
1403899912715079682,neutral,1.2777198553085327,0.3819292187690735,0.6509503126144409
1403899913856032774,negative,0.3594224750995636,-0.893409252166748,3.5277860164642334
1403899914505973760,negative,1.4749619960784912,-0.3640839457511902,1.8063476085662842
1403899917496590341,negative,0.3381335735321045,-0.10822879523038864,3.0729942321777344
1403899918507413504,negative,0.5575275421142578,-1.187255620956421,3.8047733306884766
1403899918754799621,negative,0.9556259512901306,-0.01323101669549942,1.6918429136276245
1403899918763249666,neutral,1.8891879320144653,0.5245234966278076,0.5609523057937622
1403899920436846601,neutral,1.9218485355377197,-0.8556990623474121,1.5793819427490234
1403899921053347844,negative,0.7081603407859802,-0.881177544593811,2.6759748458862305
1403899922953510915,neutral,1.2438613176345825,0.33680495619773865,0.5303138494491577
1403899924782010369,negative,1.391652226448059,0.024218961596488953,1.764966607093811
1403899924807180288,negative,1.1811084747314453,0.0727272629737854,1.6746410131454468
1403899926120210433,neutral,2.1585872173309326,-0.07109078019857407,0.33067649602890015
1403899927667875852,neutral,1.6076290607452393,0.5327467322349548,-0.24923916161060333
1403899928112418816,negative,1.284617304801941,-1.124041199684143,2.786445379257202
1403899928187858944,neutral,1.6324712038040161,-0.3047653138637543,1.5853686332702637
1403899928884219904,neutral,1.5483732223510742,0.19415351748466492,0.8385351300239563
1403899929911730178,neutral,3.530146598815918,1.6300078630447388,-1.065041184425354
1403899933653037056,neutral,2.274883270263672,1.2281461954116821,-0.10853423923254013
1403899933699289093,negative,0.7375175356864929,-0.7856478691101074,3.3688652515411377
1403899935616122883,neutral,1.5054807662963867,-0.11402403563261032,1.4241164922714233
1403899936404557826,positive,0.48336103558540344,0.658178448677063,0.3808814287185669
1403899936832430080,negative,1.3916523456573486,0.02421901375055313,1.7649664878845215
1403899939579699201,neutral,1.594359278678894,-0.11202613264322281,1.3583968877792358
1403899940267433996,negative,0.5418503880500793,-0.1788848638534546,1.2464947700500488
1403899944893706242,neutral,1.675191879272461,0.026794563978910446,1.1411978006362915
1403899946164707328,negative,1.3246394395828247,-0.03138935565948486,1.41816246509552
1403899946319896578,negative,1.7674474716186523,-0.7389747500419617,1.9224973917007446
1403899946684739585,negative,1.0200247764587402,-0.8834100365638733,2.8323161602020264
1403899946911383554,negative,1.3708980083465576,-0.8486074805259705,2.163092851638794
1403899947812982788,negative,1.0547555685043335,0.04903021827340126,1.9988642930984497
1403899948395950081,neutral,2.063166379928589,1.9026204347610474,-0.5466516017913818
1403899948513517570,neutral,1.8445196151733398,0.23661667108535767,0.8432996869087219
1403899949725667331,neutral,2.6754703521728516,1.1542541980743408,-0.23154263198375702
1403899950107299845,neutral,2.4793272018432617,1.155859112739563,0.09640181809663773
1403899950350704646,negative,1.076833963394165,-0.9646478295326233,2.903752565383911
1403899950577197061,positive,1.5164167881011963,2.081193685531616,-0.12826785445213318
1403899951034384384,neutral,1.6606128215789795,-0.07365930825471878,0.9089555740356445
1403899951726407685,negative,0.8419924974441528,-0.8692666292190552,2.4355521202087402
1403899951860518919,neutral,2.258897304534912,0.7456543445587158,0.1772284358739853
1403899952523251716,negative,1.4070523977279663,-0.9250664710998535,1.9019064903259277
1403899952561070089,positive,0.31338053941726685,0.546322762966156,0.4268626868724823
1403899952926007299,negative,1.4676975011825562,-0.9921743273735046,2.338759183883667
1403899953169145859,positive,0.46273040771484375,5.018675327301025,-1.0671004056930542
1403899953819365377,negative,1.409075140953064,-0.351915568113327,1.4330769777297974
1403899954511417345,neutral,2.117527723312378,-0.33211615681648254,1.1511930227279663
1403899955090104320,neutral,2.686922788619995,0.012738198041915894,0.648772656917572
1403899958319747072,negative,1.1778578758239746,-0.24019303917884827,1.7484900951385498
1403899959502684166,negative,1.3113093376159668,-0.8772363066673279,2.2401418685913086
1403899961591353348,negative,1.567792534828186,-0.8703038096427917,1.8421944379806519
1403899963654955008,negative,1.4676975011825562,-0.9921743273735046,2.338759183883667
1403899965345210370,neutral,1.6290359497070312,1.1480796337127686,-0.0436040535569191
1403899967480209412,positive,1.4143707752227783,2.3002002239227295,-0.18758860230445862
1403899967857692672,neutral,1.5612770318984985,0.16054755449295044,0.27933940291404724
1403899968302235656,neutral,0.936697781085968,-0.2903112471103668,0.7558619379997253
1403899969069793286,negative,0.9029265642166138,-0.12105841189622879,2.210686445236206
1403899970005213187,neutral,1.9543094635009766,-0.7547943592071533,1.664315104484558
1403899972098183175,neutral,2.6754703521728516,1.1542541980743408,-0.23154263198375702
1403899972777566209,neutral,1.1549714803695679,0.8031014800071716,0.7127614617347717
1403899974748934148,positive,0.24194468557834625,0.9218271970748901,0.6420594453811646
1403899974765608965,neutral,2.1956379413604736,0.3905695080757141,0.3557526171207428
1403899975017263104,neutral,1.675191879272461,0.026794563978910446,1.1411978006362915
1403899975470288897,neutral,1.7323949337005615,0.19162949919700623,1.1365574598312378
1403899975868633093,neutral,2.2423043251037598,0.26988229155540466,0.22096635401248932
1403899979584786434,positive,1.685198426246643,3.039599895477295,-0.5585663914680481
1403899980939673608,negative,1.5908018350601196,-0.3813137114048004,1.6988087892532349
1403899983003275274,negative,0.9636346101760864,-0.5416725873947144,2.5039846897125244
1403899984605483014,neutral,1.6550211906433105,0.1593489646911621,0.9476357698440552
1403899984710406146,negative,1.3885812759399414,-0.47871682047843933,2.2375571727752686
1403899985591103490,neutral,2.9305012226104736,0.9323635101318359,-0.32614678144454956
1403899986509590530,positive,1.685198426246643,3.039599895477295,-0.5585665702819824
1403899987348443139,neutral,3.181999921798706,1.7415435314178467,-0.38331663608551025
1403899990611738625,neutral,1.8955223560333252,-0.6867144703865051,1.520538330078125
1403899990833917953,neutral,1.6753368377685547,-0.5764127969741821,1.1379097700119019
1403899991106592770,negative,1.2560505867004395,-1.2196755409240723,3.157547950744629
1403899991718981637,neutral,1.198048710823059,0.5866292119026184,0.9134495854377747
1403899993715462146,neutral,1.6966252326965332,0.7372857928276062,0.199582040309906
1403899995066036229,negative,1.3797680139541626,-0.6638559699058533,1.6565766334533691
1403899995195994115,negative,1.5908018350601196,-0.3813137710094452,1.6988087892532349
1403899996462669830,negative,0.5054869651794434,0.283435195684433,0.8666549324989319
1403899996676763648,neutral,0.7600997686386108,0.41083887219429016,-0.16074703633785248
1403899996873932800,negative,1.284617304801941,-1.124041199684143,2.786445379257202
1403899997335080960,negative,1.5908018350601196,-0.3813137114048004,1.6988087892532349
1403899998169747457,neutral,2.363513708114624,0.3148781359195709,0.3369843065738678
1403899999029579777,neutral,3.530146598815918,1.6300078630447388,-1.065041184425354
1403899999071571971,negative,1.191004753112793,0.09862455725669861,1.2045562267303467
1403899999793029122,neutral,1.678731083869934,-0.23084300756454468,1.2419612407684326
1403900001277792264,positive,1.2405376434326172,2.0544514656066895,0.14801369607448578
1403900001290395651,positive,1.4504520893096924,2.3184642791748047,-0.2860690653324127
1403900001730928644,neutral,1.5905506610870361,-0.3774159252643585,1.4290653467178345
1403900001898487814,neutral,2.054244041442871,-0.5264697074890137,0.9478839039802551
1403900003429490695,neutral,2.063166379928589,1.9026204347610474,-0.5466516017913818
1403900004620771329,neutral,1.6242072582244873,0.0587988942861557,1.0598264932632446
1403900004662579203,neutral,2.071244239807129,1.4225050210952759,-0.21062663197517395
1403900005698572288,neutral,1.6411781311035156,0.22022497653961182,1.0521165132522583
1403900006675976196,negative,0.5222015976905823,0.4529423415660858,1.9928600788116455
1403900008815116290,neutral,2.506451368331909,1.4469833374023438,-0.5270969271659851
1403900008995377153,negative,1.0059276819229126,0.05343565717339516,1.3410561084747314
1403900009850957827,neutral,1.6126766204833984,0.8049604296684265,0.14522334933280945
1403900009863684098,negative,1.5600019693374634,-0.8255255222320557,2.535668134689331
1403900010232750080,negative,1.1543434858322144,0.08257278054952621,1.5020558834075928
1403900012522741763,neutral,1.8955223560333252,-0.6867144703865051,1.520538330078125
1403900012891869186,negative,1.1811084747314453,0.07272730022668839,1.6746410131454468
1403900013290278915,neutral,1.8955223560333252,-0.6867144703865051,1.520538330078125
1403900013655171072,neutral,1.8445196151733398,0.23661667108535767,0.8432996869087219
1403900013860868102,negative,0.7442627549171448,-0.5139198303222656,1.430313229560852
1403900014078926849,negative,1.1718939542770386,-0.42487308382987976,1.5534276962280273
1403900015190306818,neutral,1.9202044010162354,-0.7090506553649902,1.570434331893921
1403900015282642944,negative,1.5048182010650635,-0.7736848592758179,1.6393139362335205
1403900015672803329,negative,1.0485953092575073,-1.011557936668396,2.8309693336486816
1403900016322699266,negative,0.9009653925895691,-0.735965371131897,2.7964584827423096
1403900017404956681,neutral,1.6282025575637817,0.18884897232055664,0.7864205241203308
1403900018172497920,neutral,1.594359278678894,-0.11202613264322281,1.3583968877792358
1403900018935971853,negative,1.1543434858322144,0.08257278054952621,1.5020558834075928
1403900019560747016,negative,1.531175136566162,-0.6755058765411377,1.9126728773117065
1403900019904716807,negative,1.5142096281051636,-0.4383615553379059,1.9218717813491821
1403900019976114182,negative,1.076833963394165,-0.9646478295326233,2.903752565383911
1403900020009541634,negative,1.4555227756500244,-0.840170681476593,2.246397018432617
1403900025206308873,negative,1.1738076210021973,0.5183054804801941,1.2793594598770142
1403900025705418756,negative,0.4391511082649231,-0.9858806729316711,4.7360429763793945
1403900026192080905,negative,0.8948529362678528,-0.5400732159614563,2.2312991619110107
1403900026259218436,negative,2.1112687587738037,-1.0838860273361206,2.2172744274139404
1403900026674241537,positive,2.5130653381347656,3.2559947967529297,-1.145713210105896
1403900027420905472,negative,1.4230396747589111,-1.1731404066085815,3.1604387760162354
1403900027596988417,neutral,3.181999921798706,1.7415435314178467,-0.38331663608551025
1403900027861311489,neutral,2.650545358657837,0.3916928470134735,0.42404380440711975
1403900031728590848,neutral,1.8445196151733398,0.23661667108535767,0.8432996869087219
1403900035658522625,neutral,2.506451368331909,1.4469834566116333,-0.5270968675613403
1403900037344776196,neutral,1.6441446542739868,-0.5100817084312439,1.4364488124847412
1403900038556778498,neutral,2.363513708114624,0.3148781359195709,0.3369843065738678
1403900040503087105,neutral,2.127340793609619,-0.49354323744773865,1.063448190689087
1403900040553369602,neutral,2.137397050857544,0.302894651889801,0.4742530286312103
1403900041601814528,negative,1.3588486909866333,-0.9830581545829773,2.462784767150879
1403900042277277697,neutral,1.8445196151733398,0.23661667108535767,0.8432996869087219
1403900042507784208,negative,1.199845552444458,0.43743589520454407,1.6683233976364136
1403900043363553281,neutral,3.416219472885132,1.4561562538146973,-0.43331602215766907
1403900043967569924,negative,1.3066195249557495,-0.7471839785575867,1.6407217979431152
1403900045821423619,neutral,0.6792325377464294,0.4616751968860626,0.2099747508764267
1403900046840680455,negative,0.8834384679794312,-0.7417328357696533,1.7276250123977661
1403900049910685700,neutral,1.3475450277328491,0.17759642004966736,1.072762370109558
1403900050170843136,neutral,1.755552053451538,-0.4435509741306305,1.49094820022583
1403900051441676288,neutral,2.222856044769287,0.2497064471244812,0.22664646804332733
1403900051475230720,neutral,1.3659833669662476,-0.026248730719089508,1.3223856687545776
1403900052645371906,neutral,1.482540488243103,-0.16944783926010132,1.0654761791229248
1403900054180532227,neutral,3.3773183822631836,2.8716578483581543,-1.3752902746200562
1403900054650310659,positive,1.3347543478012085,1.6714845895767212,0.26079434156417847
1403900056269373440,negative,0.7606457471847534,-0.11250238865613937,1.7706899642944336
1403900060195229701,negative,1.3634021282196045,-0.6022189855575562,1.781751036643982
1403900061415735299,neutral,2.2222964763641357,0.5362180471420288,0.20744705200195312
1403900063210901504,negative,1.6499217748641968,-0.9661238789558411,2.1221539974212646
1403900063663988736,positive,0.24194468557834625,0.9218271970748901,0.6420594453811646
1403900063890305034,neutral,1.5628912448883057,1.4766403436660767,-0.2630235552787781
1403900063986819075,positive,1.3347543478012085,1.6714845895767212,0.26079440116882324
1403900064922275850,negative,1.3683192729949951,-0.7666112184524536,2.1117663383483887
1403900066033664001,neutral,2.0112624168395996,0.25059571862220764,0.3350503444671631
1403900067119960066,neutral,2.1693098545074463,0.17105653882026672,1.2965402603149414
1403900067304468480,neutral,1.0233993530273438,0.5540235638618469,0.6788433194160461
1403900068034342912,positive,1.685198426246643,3.039599895477295,-0.5585665106773376
1403900068172734468,neutral,1.8214267492294312,0.7392705678939819,0.7321851253509521
1403900069250625546,positive,1.317635178565979,2.177471160888672,-0.07476186007261276
1403900070374764549,positive,1.6851985454559326,3.039599895477295,-0.5585665106773376
1403900070903259137,negative,1.7077440023422241,-0.3346443176269531,1.9706430435180664
1403900073331683334,negative,0.934127151966095,0.2984476089477539,1.3025099039077759
1403900074791366660,negative,0.9055801033973694,0.544694721698761,1.0711171627044678
1403900075684679685,neutral,1.9260756969451904,-0.394573837518692,1.0606412887573242
1403900076070670337,negative,1.1264798641204834,-0.739983856678009,1.40971839427948
1403900077001920514,negative,1.0761131048202515,-1.0368057489395142,2.335214138031006
1403900077182124038,neutral,1.2368184328079224,0.680976927280426,0.5483769774436951
1403900077379362817,negative,0.9445937275886536,-0.5664219260215759,1.2596921920776367
1403900077861740544,neutral,1.8971370458602905,-0.15716704726219177,1.0333062410354614
1403900077987418112,neutral,1.9239604473114014,0.8521581292152405,0.08820917457342148
1403900080273334277,negative,1.0012050867080688,-0.7474526166915894,2.1851418018341064
1403900082282536963,negative,1.4230386018753052,-0.6210137605667114,1.7072842121124268
1403900085637771264,negative,1.0012050867080688,-0.7474526166915894,2.1851418018341064
1403900086258634756,negative,1.5908018350601196,-0.3813137710094452,1.6988087892532349
1403900087596732416,negative,0.8444167971611023,-0.6584964394569397,2.5648691654205322
1403900090109120512,neutral,1.91477632522583,-0.7280219197273254,1.6810382604599
1403900090251685889,negative,1.361433506011963,0.049175094813108444,1.5213607549667358
1403900090679504902,neutral,2.543001890182495,1.0240801572799683,-0.16154244542121887
1403900091954569217,negative,1.3649318218231201,0.094386987388134,1.664139747619629
1403900092411748352,neutral,1.1284071207046509,-0.28329184651374817,0.9219160079956055
1403900093263081472,negative,1.4116240739822388,-0.9752896428108215,2.5101091861724854
1403900096488652802,neutral,1.8955223560333252,-0.6867144703865051,1.520538330078125
1403900097314840578,negative,1.5908018350601196,-0.3813137710094452,1.6988087892532349
1403900097830719488,neutral,1.4759225845336914,0.8697352409362793,0.3939426839351654
1403900097893748737,negative,1.75258207321167,-1.0859328508377075,2.1643667221069336
1403900098426200065,negative,1.2213279008865356,-1.2218204736709595,3.125633955001831
1403900100460515337,negative,1.5014411211013794,-0.934395968914032,1.9121038913726807
1403900102905790467,positive,1.637471079826355,3.663526773452759,-0.808763861656189
1403900104088723457,negative,0.9306171536445618,-0.7861549258232117,2.6599788665771484
1403900104411684865,negative,1.0497976541519165,-0.6046470403671265,1.7980880737304688
1403900104856252416,neutral,1.8679637908935547,0.9451870918273926,-0.3398577868938446
1403900105221185537,neutral,1.8891879320144653,0.5245234966278076,0.5609523057937622
1403900105954975752,neutral,1.8955223560333252,-0.6867144703865051,1.520538330078125
1403900106290696193,negative,1.3916761875152588,-0.8164407014846802,1.8229349851608276
1403900106575908865,negative,1.028981328010559,-1.3504036664962769,3.5431854724884033
1403900107590828038,negative,1.3117804527282715,-1.3488850593566895,3.847764015197754
1403900109348343812,neutral,1.8938634395599365,1.4363139867782593,0.34068018198013306
1403900110124113926,negative,1.578248381614685,-0.5816709399223328,1.6886751651763916
1403900111021826054,positive,0.24194468557834625,0.9218271970748901,0.6420594453811646
1403900111113969670,neutral,1.085094928741455,0.4620491564273834,1.0115159749984741
1403900111227437060,neutral,2.0129318237304688,0.7502172589302063,0.29939785599708557
1403900112095432708,neutral,2.181802988052368,0.5271227955818176,0.8015695214271545
1403900112196231168,negative,1.4619152545928955,-0.7880906462669373,1.7546861171722412
1403900112414388224,neutral,1.7323949337005615,0.19162960350513458,1.1365575790405273
1403900115195150343,neutral,1.8660119771957397,0.9861233234405518,-0.33723533153533936
1403900115593547776,negative,1.0353491306304932,-1.2652438879013062,3.8529469966888428
1403900116424003586,neutral,1.2734349966049194,0.6538327932357788,0.5318996906280518
1403900116520648709,negative,1.1919348239898682,-0.9233161807060242,2.5134034156799316
1403900118349221891,negative,1.0200247764587402,-0.8834100365638733,2.8323161602020264
1403900119129395200,neutral,1.558268666267395,0.29068121314048767,0.7929576635360718
1403900119561297920,positive,2.0001065731048584,2.2721900939941406,-0.5241605043411255
1403900122228944899,negative,1.3231056928634644,-1.223022699356079,2.717540979385376
1403900122564419587,negative,1.2856144905090332,-1.1381831169128418,2.8538661003112793
1403900124435263492,negative,1.5003094673156738,-1.0843690633773804,2.319007396697998
1403900127111270401,neutral,1.0301941633224487,-0.007536008954048157,1.00888991355896
1403900127589269507,neutral,1.675191879272461,0.026794563978910446,1.1411978006362915
1403900127874633738,negative,1.2981562614440918,-0.6903398036956787,1.8784071207046509
1403900128025624576,neutral,1.8662199974060059,0.8827487230300903,-0.2923720180988312
1403900128361029632,positive,1.6851985454559326,3.039599895477295,-0.5585663914680481
1403900128524738562,negative,1.2623422145843506,-1.2370593547821045,2.973182439804077
1403900128981782532,negative,0.9960277676582336,0.09818142652511597,1.0260374546051025
1403900130051321866,negative,1.3753708600997925,-0.17997857928276062,1.7145215272903442
1403900130051383298,neutral,2.6754703521728516,1.1542541980743408,-0.23154263198375702
1403900133201354752,negative,1.0254865884780884,-0.6115331649780273,2.2971067428588867
1403900133276667905,negative,1.613552212715149,-1.2097604274749756,2.8270375728607178
1403900133280948228,positive,1.594864010810852,2.0705173015594482,-0.2098185122013092
1403900133364813824,negative,0.4110972285270691,-1.093279242515564,3.353132486343384
1403900135751393282,negative,1.0532805919647217,0.4006914496421814,1.2950935363769531
1403900136883843075,negative,1.2726413011550903,-0.4836145341396332,1.3825786113739014
1403900139497037828,neutral,1.8637111186981201,1.066705346107483,0.281440794467926
1403900139626897409,neutral,2.727379322052002,0.8311108350753784,-0.4554162919521332
1403900140734357507,neutral,1.2651830911636353,-0.05336511880159378,1.229535698890686
1403900142441271296,neutral,3.530146598815918,1.6300078630447388,-1.065041184425354
1403900142713856008,neutral,1.8955223560333252,-0.6867144703865051,1.520538330078125
1403900143338987520,negative,1.4937011003494263,-1.2051976919174194,3.207880973815918
1403900143850586112,neutral,0.7245845198631287,0.5065748691558838,0.7198028564453125
1403900144651685889,positive,0.8827205300331116,1.3420534133911133,-0.01228409819304943
1403900145503137801,neutral,2.3136167526245117,1.0287506580352783,-0.08998488634824753
1403900145956122624,neutral,2.6754703521728516,1.1542541980743408,-0.23154263198375702
1403900145981444096,negative,0.7036753296852112,-0.4517117440700531,2.452148199081421
1403900146417553408,neutral,1.8891879320144653,0.5245234966278076,0.5609523057937622
1403900147059339269,negative,1.3406896591186523,-1.2468868494033813,3.264899730682373
1403900147734441988,negative,1.195072054862976,-1.1562212705612183,3.0718510150909424
1403900147822563333,negative,1.217648983001709,-0.29349982738494873,1.7813913822174072
1403900149143797767,positive,1.685198426246643,3.039599895477295,-0.5585665106773376
1403900149831667715,neutral,1.198048710823059,0.5866292119026184,0.9134495854377747
1403900150016360449,neutral,1.8355015516281128,0.10278993844985962,1.1409525871276855
1403900150435782660,negative,1.076833963394165,-0.9646478295326233,2.903752565383911
1403900150473428998,neutral,1.8236783742904663,-0.6819176077842712,1.564833402633667
1403900150532259843,positive,1.3595463037490845,1.9027674198150635,0.31838810443878174
1403900152285442050,neutral,2.216442108154297,1.3748148679733276,-0.22616185247898102
1403900152675540996,negative,1.3916523456573486,0.02421901375055313,1.7649664878845215
1403900155796070402,negative,1.5908018350601196,-0.3813137710094452,1.6988087892532349
1403900156114735112,negative,1.242453932762146,-0.22270429134368896,2.054286003112793
1403900157389770757,neutral,3.5504117012023926,1.702197551727295,-1.092275619506836
1403900158207836161,neutral,1.712477207183838,-0.5612787008285522,1.2951687574386597
1403900158291501056,neutral,3.530146598815918,1.6300078630447388,-1.065041184425354
1403900159214374917,negative,0.7634792923927307,-1.3512946367263794,4.033691883087158
1403900159696777218,neutral,1.8955223560333252,-0.6867144703865051,1.520538330078125
1403900160422268930,positive,1.685198426246643,3.039599895477295,-0.5585665106773376
1403900163408621570,negative,1.2667558193206787,-0.29203397035598755,1.761719822883606
1403900163739897860,negative,1.1914657354354858,-0.6873376369476318,1.8969359397888184
1403900164218126342,negative,0.9458792209625244,0.7448331713676453,1.329048991203308
1403900164415246345,positive,0.9327718615531921,1.107235074043274,0.5717739462852478
1403900165044379650,neutral,2.457797050476074,0.7592002749443054,-0.4720011353492737
1403900165203898373,neutral,1.8279128074645996,-0.7004628777503967,1.1985210180282593
1403900165518397447,negative,1.272011637687683,-1.3896080255508423,3.60919451713562
1403900166730653697,negative,1.4230386018753052,-0.6210137605667114,1.7072842121124268
1403900167951056899,neutral,2.0701539516448975,1.597553014755249,-0.18209873139858246
1403900168785653763,neutral,0.9875541925430298,0.6001735925674438,0.1927819401025772
1403900168790069251,negative,1.1791234016418457,-0.26189547777175903,1.3757561445236206
1403900169041498114,neutral,2.306674003601074,-0.3815867304801941,0.8096887469291687
1403900169347813377,negative,0.7711259722709656,-0.6443676352500916,2.7402889728546143
1403900170094399488,neutral,2.8719522953033447,0.15410804748535156,0.21237580478191376
1403900172610904071,negative,1.6634572744369507,-1.023432970046997,2.36853289604187
1403900172711587840,positive,1.839153528213501,1.9095004796981812,-0.5093736052513123
1403900173093195779,neutral,1.8198760747909546,0.8568340539932251,0.4308655560016632
1403900173193945092,neutral,1.51706862449646,0.5532374978065491,0.5980823040008545
1403900174087426055,positive,1.5297528505325317,4.828732013702393,-1.0928597450256348
1403900174976512001,negative,0.22961069643497467,-0.3168351948261261,2.5396509170532227
1403900175848984576,negative,1.4286103248596191,-0.9739815592765808,2.449653148651123
1403900176540995588,negative,0.3503406047821045,0.1310197412967682,2.3981215953826904
1403900176570404865,negative,0.7647554278373718,-0.2652975022792816,2.434866428375244
1403900176939438082,neutral,1.8745766878128052,-0.13419154286384583,0.6855196952819824
1403900178642345986,neutral,1.5676323175430298,-0.524814248085022,1.3224166631698608
1403900179590287360,negative,1.541969656944275,-0.5711339116096497,1.596888780593872
1403900180349419523,neutral,1.5829582214355469,0.5638167262077332,0.15417617559432983
1403900181234466817,negative,1.4824340343475342,-0.7685807943344116,2.352381944656372
1403900181238620163,negative,1.2213279008865356,-1.2218204736709595,3.12563419342041
1403900183398789120,neutral,1.7306368350982666,0.0910026878118515,0.8432945013046265
1403900184220762114,negative,0.6703424453735352,-0.7467401623725891,2.6158287525177
1403900185286168579,negative,0.8310293555259705,-1.1673275232315063,3.214250087738037
1403900185688694788,neutral,2.0790205001831055,0.5755478739738464,0.3136512339115143
1403900186712100866,negative,0.94660484790802,-0.7996188402175903,2.5289080142974854
1403900186922045443,negative,1.086726427078247,-0.339484840631485,2.0128977298736572
1403900187475689475,neutral,1.583687424659729,0.5111527442932129,0.15511733293533325
1403900189954383874,neutral,1.594359278678894,-0.11202611774206161,1.3583967685699463
1403900190067675144,neutral,1.0301941633224487,-0.007536008954048157,1.00888991355896
1403900190453551105,negative,1.2862489223480225,-0.6364786028862,1.9506032466888428
1403900190940041220,negative,0.3774130940437317,-0.11674130707979202,2.5530784130096436
1403900191007256579,negative,1.4937011003494263,-1.2051976919174194,3.207880973815918
1403900191996923906,neutral,2.012491226196289,-0.6899301409721375,1.415040135383606
1403900192340938752,negative,1.4937011003494263,-1.2051976919174194,3.207880973815918
1403900194324987905,negative,1.1723979711532593,-0.6344351172447205,1.8902028799057007
1403900194371035143,negative,0.9600892663002014,-0.3436790406703949,1.8174470663070679
1403900194853298176,negative,0.42781782150268555,-0.7364782094955444,2.476393222808838
1403900195532771331,neutral,2.274348735809326,0.8493906855583191,0.4135042726993561
1403900195708964865,neutral,1.9063032865524292,-0.1906040906906128,1.6132079362869263
1403900195910217731,neutral,2.2114784717559814,0.29961633682250977,0.4880917966365814
1403900195927040011,neutral,1.8955223560333252,-0.6867144703865051,1.520538330078125
1403900197420347398,neutral,2.6450493335723877,-0.40479326248168945,1.0429224967956543
1403900198913335298,neutral,3.530146598815918,1.6300077438354492,-1.0650410652160645
1403900198951133186,negative,1.224324345588684,0.05377177521586418,1.3681684732437134
1403900199181955072,negative,0.4067589342594147,-1.1731315851211548,3.522174835205078
1403900199278284800,negative,1.2084105014801025,-0.8758847713470459,2.1914191246032715
1403900200259768320,neutral,2.506451368331909,1.4469834566116333,-0.5270968675613403
1403900202319294467,neutral,1.7897168397903442,0.3011023700237274,0.7005279660224915
1403900202835013632,positive,1.685198426246643,3.039599895477295,-0.5585665106773376
1403900203304882184,neutral,1.8288010358810425,-0.6581591367721558,1.5350807905197144
1403900203686449153,neutral,2.3426356315612793,1.0540895462036133,-0.14171403646469116
1403900203808309248,neutral,1.496254324913025,0.11732083559036255,0.5050767660140991
1403900204479258629,neutral,1.2819793224334717,-0.003551095724105835,1.2420254945755005
1403900204739284995,negative,0.9908136129379272,-0.6666924357414246,2.2936899662017822
1403900206400167942,positive,2.808152198791504,2.912823438644409,-1.2432540655136108
1403900206895177739,neutral,1.6324712038040161,-0.3047653138637543,1.5853686332702637
1403900208006770688,negative,1.4676975011825562,-0.9921743273735046,2.338759183883667
1403900208291860481,neutral,2.5062780380249023,-1.183131217956543,2.274700164794922
1403900208434466818,negative,1.3117804527282715,-1.3488850593566895,3.847764015197754
1403900208627343363,neutral,2.549631357192993,0.5168193578720093,0.10533685237169266
1403900208967155716,neutral,1.8167301416397095,-0.7457254528999329,1.4744458198547363
1403900209386516484,neutral,3.530146598815918,1.6300078630447388,-1.065041184425354
1403900209550200839,negative,1.6877540349960327,-1.1062027215957642,2.1903040409088135
1403900209692766208,positive,1.7465801239013672,3.7106921672821045,-1.1879504919052124
1403900209915219968,negative,1.3916523456573486,0.02421901375055313,1.7649664878845215
1403900210393276419,neutral,1.8720662593841553,1.4363830089569092,0.3996298611164093
1403900210858713090,negative,1.6095390319824219,-0.23178306221961975,1.645918369293213
1403900212364468225,negative,1.5036892890930176,-0.8730363845825195,2.097874164581299
1403900214117769217,negative,0.8560095429420471,0.4311029613018036,2.0838623046875
1403900214172434435,neutral,2.0110511779785156,-0.6057437062263489,1.4608830213546753
1403900214608642050,negative,0.9931941628456116,-0.3368609547615051,1.6882997751235962
1403900214805557253,positive,1.3347543478012085,1.6714845895767212,0.26079440116882324
1403900215845789696,neutral,2.016232490539551,1.3949869871139526,0.005410250276327133
1403900216777089028,negative,1.3916523456573486,0.02421901375055313,1.7649664878845215
1403900217271873540,neutral,1.198184847831726,-0.22606956958770752,0.946638822555542
1403900218094100482,positive,1.0586044788360596,1.458656668663025,0.3902786374092102
1403900218135834626,neutral,1.6588866710662842,1.4678553342819214,0.08123870193958282
1403900220824600578,neutral,1.798211932182312,-0.5452648401260376,0.7115718126296997
1403900221713567745,neutral,2.012491226196289,-0.6899301409721375,1.415040135383606
1403900222254862342,neutral,2.010223627090454,0.31005552411079407,0.8314116597175598
1403900222959456261,positive,1.180963158607483,2.116159439086914,-0.1658540815114975
1403900223789932550,neutral,1.429639458656311,-0.5508987307548523,1.372751235961914
1403900229188005892,neutral,1.3475449085235596,0.17759642004966736,1.0727624893188477
1403900230387503109,neutral,2.306673765182495,-0.3815867006778717,0.8096887469291687
1403900230886625280,negative,1.5568153858184814,-0.8931782245635986,2.1276373863220215
1403900231188688900,positive,2.442603349685669,3.1601266860961914,-0.5522202253341675
1403900231926824963,neutral,2.104402780532837,0.40584930777549744,0.36625415086746216
1403900234506276866,neutral,2.373126983642578,1.3595911264419556,-0.5415749549865723
1403900236347678720,negative,1.3916523456573486,0.02421901375055313,1.7649664878845215
1403900236599201794,negative,1.1043821573257446,-0.4582425057888031,2.400904893875122
1403900236641173505,negative,0.9463131427764893,-1.2664254903793335,3.4528417587280273
1403900238247649280,negative,1.1212469339370728,-0.36335039138793945,1.6514596939086914
1403900241200386051,positive,1.8475286960601807,5.924744129180908,-1.505171298980713
1403900241439444994,neutral,1.675191879272461,0.026794563978910446,1.1411978006362915
1403900241603092486,negative,1.3309930562973022,-0.756320059299469,1.749939203262329
1403900242978820096,neutral,2.306673765182495,-0.3815867006778717,0.8096887469291687
1403900243708551173,positive,1.4892219305038452,2.6688055992126465,-0.4959278106689453
1403900246414049290,negative,2.1112687587738037,-1.0838860273361206,2.2172744274139404
1403900247756054532,neutral,2.6754703521728516,1.1542541980743408,-0.23154263198375702
1403900248129343494,negative,1.0353491306304932,-1.2652438879013062,3.8529469966888428
1403900249454829568,neutral,1.6750730276107788,0.7831085920333862,0.03626793995499611
1403900249710551042,neutral,2.506451368331909,1.4469834566116333,-0.5270968675613403
1403900250335682565,neutral,1.4990296363830566,0.06983165442943573,1.1731443405151367
1403900250482425856,neutral,3.530146598815918,1.6300078630447388,-1.065041184425354
1403900250851512321,negative,1.3916523456573486,0.02421901375055313,1.7649664878845215
1403900251019169792,neutral,1.777614951133728,-0.02339739352464676,0.845268726348877
1403900251153436673,negative,0.37685948610305786,0.12683431804180145,2.461369276046753
1403900251627569155,positive,0.5861313343048096,0.8135857582092285,-0.3612399995326996
1403900253468770306,neutral,1.0678763389587402,0.25529322028160095,1.0189565420150757
1403900255037366274,neutral,3.530146598815918,1.6300078630447388,-1.065041184425354
1403900255091912706,neutral,1.6539294719696045,0.2239069938659668,1.0602128505706787
1403900260129329152,negative,1.5908018350601196,-0.3813137710094452,1.6988087892532349
1403900260888432640,positive,1.7465801239013672,3.7106921672821045,-1.1879507303237915
1403900261039366145,negative,1.5048182010650635,-0.7736848592758179,1.6393139362335205
1403900261240823809,positive,1.406794786453247,5.850844860076904,-1.3137716054916382
1403900261404454912,neutral,1.675191879272461,0.026794563978910446,1.1411978006362915
1403900263459655681,negative,0.936560332775116,-0.8503867983818054,2.3236324787139893
1403900263568592896,neutral,1.8955223560333252,-0.6867144703865051,1.520538330078125
1403900264416002049,neutral,3.3422739505767822,2.532104730606079,-1.2520681619644165
1403900265422495749,neutral,3.530146598815918,1.6300078630447388,-1.065041184425354
1403900265829261315,negative,1.2145129442214966,-0.8037516474723816,2.3396356105804443
1403900266194341889,negative,2.1112687587738037,-1.0838860273361206,2.2172744274139404
1403900267066626050,neutral,1.0798423290252686,0.8566645383834839,0.9582182168960571
1403900267188293634,negative,1.3117804527282715,-1.3488850593566895,3.847764015197754
1403900267783880706,positive,1.251455545425415,2.4260354042053223,-0.4940239191055298
1403900269394493444,negative,0.946667492389679,-0.38763710856437683,1.266083002090454
1403900270367580171,neutral,1.8891879320144653,0.5245234966278076,0.5609523057937622
1403900270371753986,negative,0.9274537563323975,-0.460109144449234,2.4659807682037354
1403900270925520898,neutral,1.8056315183639526,0.13202287256717682,0.6224784255027771
1403900272557056004,neutral,1.5349076986312866,1.0754653215408325,0.21577660739421844
1403900272649420802,positive,1.01118803024292,1.067211389541626,0.1646033525466919
1403900274696097799,neutral,3.0300402641296387,1.7495307922363281,-0.8598861694335938
1403900275937611776,negative,1.1945691108703613,-0.9210907816886902,2.8134381771087646
1403900277573373953,negative,1.022705078125,0.542453944683075,1.1332156658172607
1403900277955117059,negative,0.8167320489883423,-1.5312654972076416,4.817623615264893
1403900278714159107,positive,1.7465801239013672,3.7106921672821045,-1.1879507303237915
1403900280186490882,neutral,1.1316947937011719,-0.08273103088140488,1.0308196544647217
1403900280777871360,neutral,1.5468738079071045,1.4445911645889282,-0.36301860213279724
1403900281578917894,neutral,1.9260756969451904,-0.394573837518692,1.0606412887573242
1403900281717497858,negative,1.3916523456573486,0.02421901375055313,1.7649664878845215
1403900282279383041,negative,0.8796872496604919,-0.8342464566230774,2.571587085723877
1403900282644275206,neutral,1.6082240343093872,-0.02918795496225357,1.071475863456726
1403900283076288512,neutral,1.641038179397583,-0.13061180710792542,1.0868035554885864
1403900284456378374,negative,1.258379578590393,-0.37471136450767517,2.0445282459259033
1403900286851244035,neutral,2.292511463165283,1.2028154134750366,0.053772274404764175
1403900289539710977,neutral,2.23504376411438,0.9729809165000916,-0.1122853085398674
1403900289694920709,positive,1.6851985454559326,3.039599895477295,-0.5585664510726929
1403900290202546184,negative,1.3916524648666382,0.024219051003456116,1.7649662494659424
1403900291347628042,neutral,1.9842616319656372,-0.6380168795585632,1.508884310722351
1403900292639465475,positive,1.894777774810791,3.3359224796295166,-0.7971856594085693
1403900292890955777,negative,0.6562144756317139,-0.075266994535923,1.5576775074005127
1403900293251747840,neutral,1.9776339530944824,-0.8590369820594788,1.468937873840332
1403900295436931076,negative,1.418460726737976,-0.9045060276985168,2.310037851333618
1403900296531693570,negative,1.0200247764587402,-0.8834100365638733,2.8323161602020264
1403900296657391619,neutral,1.445489764213562,0.08384693413972855,-0.24089400470256805
1403900297068441600,neutral,1.8283058404922485,-0.6700337529182434,1.4685319662094116
1403900299673227269,neutral,1.5713627338409424,1.201971173286438,0.2413000911474228
1403900299920785413,positive,1.4143707752227783,2.3002002239227295,-0.18758860230445862
1403900302424694784,neutral,2.506451368331909,1.4469834566116333,-0.5270968675613403
1403900303120879619,neutral,3.530146598815918,1.6300078630447388,-1.065041184425354
1403900304987344900,neutral,2.6500961780548096,0.5458193421363831,0.27182891964912415
1403900305268486148,neutral,2.506451368331909,1.4469834566116333,-0.5270968675613403
1403900305910112256,negative,0.7129711508750916,-0.9602386355400085,2.9358441829681396
1403900306723729410,neutral,1.594359278678894,-0.11202613264322281,1.3583968877792358
1403900308007182336,negative,1.0012050867080688,-0.7474526166915894,2.1851418018341064
1403900310360297476,positive,1.4979557991027832,1.7868475914001465,-0.1509447544813156
1403900313694728194,neutral,3.530146598815918,1.6300078630447388,-1.065041184425354
1403900315691151365,neutral,1.3730121850967407,0.48376402258872986,0.8530488014221191
1403900315829608448,negative,1.3193891048431396,-0.5073940753936768,1.6869429349899292
1403900319290036224,negative,0.9091399312019348,-0.25595682859420776,1.833743929862976
1403900322129526787,neutral,1.8891879320144653,0.5245234966278076,0.5609523057937622
1403900327418552320,negative,0.7579582929611206,-0.5820820331573486,1.3092364072799683
1403900328303423491,neutral,1.8912291526794434,-0.07918711751699448,1.0013331174850464
1403900329251405828,negative,0.9458792209625244,0.7448331713676453,1.329048991203308
1403900329293500417,neutral,1.989836573600769,1.082348108291626,0.10298685729503632
1403900331172454404,negative,1.350353479385376,-0.8688539266586304,2.296276330947876
1403900331591966720,negative,1.2423046827316284,-0.8097944855690002,1.9963856935501099
1403900333634383873,positive,2.0785889625549316,2.116072654724121,-0.4623108208179474
1403900334896926720,neutral,2.10337233543396,0.8033485412597656,0.18396234512329102
1403900337010921472,positive,1.3273121118545532,1.6942805051803589,0.07305099815130234
1403900338747310083,neutral,2.854860305786133,0.43548622727394104,-0.04817212373018265
1403900340638949380,neutral,2.6644983291625977,0.17095768451690674,0.6062108278274536
1403900340836175878,negative,1.3916523456573486,0.02421901375055313,1.7649664878845215
1403900341356089349,neutral,1.3886268138885498,0.5243670344352722,0.6173571944236755
1403900341901352964,neutral,1.637675404548645,0.45437195897102356,0.5790774822235107
1403900342182547458,negative,0.49767211079597473,0.7480331659317017,1.235377311706543
1403900342966931457,neutral,2.5938899517059326,0.31107476353645325,0.3784055709838867
1403900348117356549,neutral,1.69361412525177,0.03097284957766533,1.1366280317306519
1403900349765783553,neutral,2.163806438446045,0.49381300806999207,0.18990936875343323
1403900351749627907,negative,0.9818162322044373,-0.9271596074104309,2.6528754234313965
1403900352328396806,neutral,1.4717015027999878,0.5015589594841003,1.1933386325836182
1403900354224214017,neutral,1.637675404548645,0.45437195897102356,0.5790774822235107
1403900354497024005,negative,1.419013261795044,-1.1909666061401367,2.719902276992798
1403900354853412865,neutral,1.540347695350647,-0.36437085270881653,1.2615406513214111
1403900355977433091,neutral,1.3760429620742798,0.2591260075569153,0.9336878657341003
1403900356497752064,neutral,1.8955223560333252,-0.6867144703865051,1.520538330078125
1403900359572000773,neutral,1.5418466329574585,0.329695463180542,0.47481679916381836
1403900361899974660,negative,0.9154686331748962,-0.14927083253860474,1.7762469053268433
1403900362608627713,neutral,3.530146598815918,1.6300078630447388,-1.065041184425354
1403900363514777600,neutral,1.8977853059768677,0.3262315094470978,0.5686777234077454
1403900367071596548,negative,1.0145162343978882,-1.3674856424331665,3.820659875869751
1403900367222591488,neutral,1.8236784934997559,-0.681917667388916,1.564833641052246
1403900371668553733,negative,0.3746338486671448,0.4909457862377167,1.681319236755371
1403900372679233538,negative,1.191004753112793,0.09862460196018219,1.2045561075210571
1403900373463560192,neutral,1.8445196151733398,0.23661667108535767,0.8432996869087219
1403900381168611330,negative,0.8485788106918335,1.0428162813186646,1.2707420587539673
1403900381369937920,neutral,2.9950335025787354,-0.012112893164157867,0.1821201592683792
1403900382112190467,neutral,1.7072523832321167,-0.09100588411092758,0.962593674659729
1403900383571984398,negative,0.8536456823348999,-1.2250001430511475,3.2758049964904785
1403900383689252867,negative,1.3521925210952759,-1.2505578994750977,3.1895785331726074
1403900384335175681,negative,1.099560260772705,-0.6983869075775146,2.550656795501709
1403900386759503873,neutral,2.74287486076355,0.7437348961830139,0.10274848341941833
1403900389078966273,negative,0.9660266041755676,-0.814565896987915,2.146399736404419
1403900392048533510,neutral,2.0326597690582275,-0.30151069164276123,1.5938241481781006
1403900394753847300,neutral,1.3993172645568848,0.3367149531841278,1.09920072555542
1403900396884529153,neutral,2.2577269077301025,1.0277011394500732,0.17399315536022186
1403900397090115586,negative,0.6726025342941284,0.6471444964408875,1.2060250043869019
1403900397165682693,positive,1.4654723405838013,2.6445419788360596,-1.1746727228164673
1403900398361063426,neutral,2.2171928882598877,0.0308351032435894,0.7684294581413269
1403900398679642118,neutral,2.686922788619995,0.012738198041915894,0.648772656917572
1403900398860070914,positive,1.981812834739685,2.3295464515686035,-0.4212232232093811
1403900399543898113,neutral,1.594359278678894,-0.11202613264322281,1.3583968877792358
1403900400554684419,neutral,2.5889809131622314,1.3141310214996338,-0.5590959787368774
1403900401749938179,negative,1.81992506980896,-1.060488224029541,2.1330628395080566
1403900401884274692,neutral,1.9301044940948486,0.8106370568275452,0.19550849497318268
1403900402400063488,neutral,1.637675404548645,0.45437195897102356,0.5790774822235107
1403900405075955713,negative,1.0353491306304932,-1.2652438879013062,3.8529469966888428
1403900405109559296,neutral,2.120673656463623,0.5385459661483765,0.04927271977066994
1403900405117906948,neutral,2.6443116664886475,0.7124865055084229,-0.03967803716659546
1403900405172654083,negative,1.1004724502563477,-0.2685442566871643,1.2728277444839478
1403900408167157769,neutral,1.562193751335144,0.6738709211349487,0.6501256823539734
1403900409098358791,neutral,3.3405723571777344,1.6176939010620117,-0.8151185512542725
1403900411464011788,negative,0.5254891514778137,0.8506484627723694,1.6654309034347534
1403900411472384005,neutral,2.010223627090454,0.31005552411079407,0.8314116597175598
1403900411996557316,positive,1.7465801239013672,3.7106921672821045,-1.1879507303237915
1403900413401702404,negative,1.1738076210021973,0.5183054804801941,1.2793594598770142
1403900413556969472,neutral,1.7614251375198364,0.5875687599182129,0.2585259974002838
1403900414739861505,neutral,2.2057580947875977,1.042027235031128,-0.1310821771621704
1403900415888871426,neutral,2.1693098545074463,0.17105655372142792,1.2965402603149414
1403900417042391042,neutral,1.7621880769729614,1.309517502784729,0.21315893530845642
1403900417591885824,neutral,2.2171928882598877,0.0308351032435894,0.7684294581413269
1403900418048946180,positive,1.3564693927764893,2.3467249870300293,-0.1686757653951645
1403900420800479234,neutral,1.6966252326965332,0.737285852432251,0.1995820850133896
1403900421018722308,negative,0.6158701777458191,0.33872488141059875,2.4609603881835938
1403900422109028357,neutral,1.1766598224639893,0.8144713044166565,0.7703315019607544
1403900422478307329,negative,0.6663832664489746,-0.6295803189277649,2.4678237438201904
1403900424038481922,positive,1.3347543478012085,1.6714845895767212,0.26079440116882324
1403900424709627905,negative,0.9309976100921631,-0.7560477256774902,2.484431743621826
1403900424747307008,positive,1.1837739944458008,1.3101989030838013,0.1784656047821045
1403900424806010880,neutral,2.3426353931427,1.0540895462036133,-0.14171403646469116
1403900424894128138,neutral,1.4953643083572388,-0.8034071922302246,1.2540576457977295
1403900426580283393,neutral,1.3371224403381348,0.7272768020629883,0.38856419920921326
1403900427674939395,neutral,1.4217413663864136,-0.2778404951095581,0.9727909564971924
1403900428778098692,negative,1.3916523456573486,0.02421901375055313,1.7649664878845215
1403900430124404747,neutral,1.7650132179260254,-0.7029992341995239,1.4997854232788086
1403900430745313286,neutral,1.8955223560333252,-0.6867143511772156,1.5205382108688354
1403900432343240716,negative,1.4962705373764038,-1.1303802728652954,2.6575570106506348
1403900432490041351,positive,1.6219712495803833,2.996591091156006,-0.6205084919929504
1403900434448719873,neutral,2.1135263442993164,0.731000542640686,-0.12325725704431534
1403900435275018242,positive,2.2023653984069824,2.346116542816162,-0.22111858427524567
1403900436608786435,negative,1.0883618593215942,-0.5602695345878601,1.920455813407898
1403900438563352579,negative,0.9964573979377747,-0.26650017499923706,1.8605127334594727
1403900439150555136,neutral,0.9877561926841736,0.038182325661182404,0.9071599841117859
1403900439649820672,neutral,2.2253177165985107,0.2250252068042755,0.7025852799415588
1403900441365291011,neutral,1.8154221773147583,0.1891845315694809,0.532365620136261
1403900442346627073,neutral,1.555951476097107,0.9688065052032471,0.1871529370546341
1403900444955525123,neutral,3.530146598815918,1.6300077438354492,-1.0650410652160645
1403900446163582977,neutral,1.335038423538208,0.7617018818855286,0.8939304947853088
1403900447421779973,neutral,1.353399634361267,-0.10286613553762436,1.337253212928772
1403900447505649664,negative,2.1112687587738037,-1.0838860273361206,2.2172744274139404
1403900447530885124,negative,1.228830337524414,0.11666147410869598,1.5734513998031616
1403900447945986048,negative,0.9437966346740723,0.6566218137741089,1.00522780418396
1403900448587853827,negative,0.7558367848396301,-1.1109113693237305,3.439558267593384
1403900449967644672,negative,1.438428521156311,-0.5641264915466309,2.1066431999206543
1403900450978471937,negative,1.420192003250122,-0.586474597454071,1.548405647277832
1403900451892854787,negative,1.5826729536056519,-0.8553725481033325,1.8643478155136108
1403900453662846977,neutral,2.3546385765075684,0.542397141456604,0.26358577609062195
1403900454703026177,neutral,3.530146598815918,1.6300078630447388,-1.065041184425354
1403900454875144192,negative,1.2264857292175293,-1.4335952997207642,3.724163770675659
1403900459241312260,negative,0.8984786868095398,-0.13658389449119568,1.2929490804672241
1403900459505655809,negative,0.9636346101760864,-0.5416725873947144,2.5039846897125244
1403900459694407681,negative,1.3916523456573486,0.02421901375055313,1.7649664878845215
1403900461632065539,neutral,1.7473803758621216,-0.30802851915359497,1.397916555404663
1403900464802897923,neutral,2.1693098545074463,0.17105653882026672,1.2965402603149414
1403900465276989449,negative,0.7088894248008728,-0.2948096990585327,2.852464437484741
1403900465834651650,negative,1.0012050867080688,-0.7474526166915894,2.1851418018341064
1403900467977940993,neutral,2.127277374267578,-0.19811880588531494,1.1049504280090332
1403900468368228352,negative,1.1260404586791992,0.20290955901145935,1.1766618490219116
1403900468376440839,negative,1.2667558193206787,-0.29203397035598755,1.761719822883606
1403900469173395459,neutral,3.3773183822631836,2.8716578483581543,-1.3752902746200562
1403900469509070856,negative,1.3323875665664673,-0.2926173508167267,1.5215338468551636
1403900470427488264,negative,1.350353479385376,-0.8688539862632751,2.296276330947876
1403900470821675011,negative,1.2995277643203735,-0.7173000574111938,1.4894773960113525
1403900472071581697,negative,0.9376711845397949,-0.374090313911438,1.8817673921585083
1403900475670401027,negative,0.6989421248435974,-0.5826513767242432,2.745302677154541
1403900475825659905,neutral,1.3400185108184814,1.1773240566253662,0.4018639326095581
1403900476358238212,neutral,1.900794506072998,1.0241695642471313,0.7521000504493713
1403900477368983552,neutral,2.0593807697296143,-0.844894528388977,1.4620047807693481
1403900478124019713,neutral,1.971866250038147,0.255312979221344,0.8954251408576965
1403900478681980929,negative,1.1811084747314453,0.07272730022668839,1.6746410131454468
1403900480204337154,negative,1.3916523456573486,0.02421901375055313,1.7649664878845215
1403900480661594121,negative,1.5908018350601196,-0.3813137710094452,1.6988087892532349
1403900481710084102,negative,1.1738076210021973,0.5183054804801941,1.2793594598770142
1403900483899510788,negative,0.3011270761489868,-0.7309651374816895,2.3763115406036377
1403900484008677379,neutral,1.0301941633224487,-0.007536023855209351,1.00888991355896
1403900484453163009,positive,1.7465801239013672,3.7106921672821045,-1.1879507303237915
1403900484759408641,neutral,2.690781593322754,-0.3655080795288086,0.6938354969024658
1403900484889366530,negative,0.9458792209625244,0.7448331713676453,1.329048991203308
1403900485174763520,positive,1.317635178565979,2.177471160888672,-0.07476186007261276
1403900485707370501,positive,0.8348273634910583,0.9228558540344238,0.7271513938903809
1403900486651088900,negative,1.3174968957901,-0.6636842489242554,1.7894848585128784
1403900487917658117,negative,1.4286103248596191,-0.9739815592765808,2.449653148651123
1403900489247383553,negative,1.270824909210205,-0.5418225526809692,1.721113920211792
1403900489620590594,negative,1.0305734872817993,-0.4628608524799347,2.996246576309204
1403900491965206538,positive,1.685198426246643,3.039599895477295,-0.5585665106773376
1403900492607066115,negative,0.47317731380462646,0.4517163038253784,1.3259245157241821
1403900492707614727,negative,1.7383599281311035,-0.7119567394256592,2.0333304405212402
1403900493143756804,negative,0.6016728281974792,-0.05837217718362808,2.497694969177246
1403900496197283842,negative,1.5908018350601196,-0.3813137710094452,1.6988087892532349
1403900498424389637,negative,0.9340941309928894,-0.5036138892173767,2.102555751800537
1403900499309383683,negative,1.311780571937561,-1.3488849401474,3.847764015197754
1403900500857307142,positive,1.447826623916626,2.5649914741516113,-0.31959596276283264
1403900502786691085,negative,0.40497732162475586,-0.8427789211273193,2.516141414642334
1403900503864463361,negative,1.0299628973007202,-1.1780049800872803,3.048583745956421
1403900504363651077,negative,1.167751669883728,-0.8847289085388184,2.702143430709839
1403900505718288388,negative,0.9822002649307251,-0.44630637764930725,1.2141927480697632
1403900507773489152,positive,1.685198426246643,3.039599895477295,-0.5585665106773376
1403900509489008640,negative,1.127018928527832,-0.7566978335380554,2.170243263244629
1403900512056057857,neutral,1.594359278678894,-0.11202613264322281,1.3583968877792358
1403900513821679624,neutral,2.549631357192993,0.5168193578720093,0.10533685237169266
1403900515528830976,positive,1.3032490015029907,1.5748353004455566,-0.028842320665717125
1403900516732657664,neutral,1.5015690326690674,-0.12771975994110107,1.2787460088729858
1403900517416325120,negative,1.0627847909927368,-0.004294216632843018,1.7522209882736206
1403900517563076616,negative,0.3011270761489868,-0.7309651374816895,2.3763115406036377
1403900519664566275,neutral,1.8445196151733398,0.2366166114807129,0.8432996869087219
1403900521690198016,negative,1.0963001251220703,0.8489311337471008,1.5219837427139282
1403900523195994120,negative,1.1176214218139648,-0.974247395992279,2.9547383785247803
1403900527335809026,negative,1.0012052059173584,-0.7474527359008789,2.1851418018341064
1403900528581517320,negative,1.3117804527282715,-1.3488850593566895,3.847764253616333
1403900529399394305,neutral,1.8179682493209839,-0.6733856201171875,1.7726633548736572
1403900530041274375,neutral,1.5395843982696533,-0.6595584750175476,1.0717594623565674
1403900531542798337,negative,1.8991271257400513,-1.1159148216247559,2.391634702682495
1403900531580547085,neutral,1.8445196151733398,0.23661667108535767,0.8432996869087219
1403900531794321414,positive,1.3347543478012085,1.6714845895767212,0.26079440116882324
1403900532020846595,positive,1.6374708414077759,3.6635265350341797,-0.8087639212608337
1403900532578603008,negative,1.5214341878890991,-1.3487625122070312,2.912043333053589
1403900532784132103,neutral,1.8108152151107788,0.229800283908844,0.8212063312530518
1403900533564342274,negative,1.1114815473556519,-0.30046382546424866,1.8518030643463135
1403900540619132931,negative,1.2790172100067139,-0.47295621037483215,1.616664171218872
1403900542137610247,negative,2.1112687587738037,-1.0838860273361206,2.2172744274139404
1403900542779236357,neutral,1.8938634395599365,1.4363139867782593,0.34068018198013306
1403900544972906504,negative,1.1323285102844238,-0.16607126593589783,1.2335474491119385
1403900545002217476,neutral,1.2853174209594727,0.22481659054756165,0.7352326512336731
1403900545505632265,negative,1.3916523456573486,0.02421901375055313,1.7649664878845215
1403900545874624512,negative,1.6634572744369507,-1.023432970046997,2.36853289604187
1403900547183173637,neutral,1.7650132179260254,-0.7029992341995239,1.4997854232788086
1403900547820892160,negative,0.9556259512901306,-0.01323101669549942,1.6918429136276245
1403900549049819136,neutral,1.8955223560333252,-0.6867144703865051,1.520538330078125
1403900550643519488,negative,1.589642882347107,-1.0690412521362305,2.206575393676758
1403900550702194688,negative,1.200549602508545,-1.2490956783294678,3.471250057220459
1403900550702272514,positive,2.0785889625549316,2.116072654724121,-0.4623108208179474
1403900551494979585,negative,0.3011270761489868,-0.7309651374816895,2.3763115406036377
1403900551952175106,neutral,1.675191879272461,0.026794563978910446,1.1411978006362915
1403900551994261505,negative,1.0084912776947021,-1.5142889022827148,4.186517238616943
1403900554317860870,neutral,2.2151002883911133,1.1527725458145142,-0.20045936107635498
1403900555005624322,negative,1.0782420635223389,-0.9306958317756653,2.811298370361328
1403900556070907910,neutral,3.654932737350464,1.9857516288757324,-1.2636535167694092
1403900557970993154,negative,1.3231056928634644,-1.223022699356079,2.717540979385376
1403900558038036486,positive,1.685198426246643,3.039599895477295,-0.5585665106773376
1403900558910570499,neutral,2.087137222290039,-0.5259968042373657,1.4337964057922363
1403900559673856001,negative,0.9950283169746399,-1.2177562713623047,3.1533401012420654
1403900559770329093,neutral,1.7823331356048584,0.9098842144012451,0.68994140625
1403900559946625024,negative,1.521475076675415,-0.9507355093955994,2.541445016860962
1403900560223449088,positive,1.4143707752227783,2.3002002239227295,-0.18758860230445862
1403900560592486400,negative,1.3359266519546509,-0.34766408801078796,1.998082160949707
1403900560898723841,negative,1.350353479385376,-0.8688541054725647,2.296276092529297
1403900563557957633,negative,1.5805243253707886,-0.5938329696655273,1.8359025716781616
1403900564274958336,negative,0.21050669252872467,0.16855278611183167,0.32583698630332947
1403900564526690306,positive,1.6962130069732666,2.8828492164611816,-0.9935435056686401
1403900564551835650,neutral,1.9759567975997925,0.8971310257911682,-0.831332802772522
1403900566166597635,negative,1.0627849102020264,-0.004294216632843018,1.7522209882736206
1403900569127903234,negative,1.0396116971969604,-0.7397662997245789,2.2162959575653076
1403900570843312130,neutral,2.1017472743988037,0.9705859422683716,-1.7238780856132507e-05
1403900570923061255,neutral,1.9053356647491455,-0.41594067215919495,0.9914840459823608
1403900572340609026,neutral,2.820366859436035,0.38230425119400024,-0.10540062934160233
1403900573028556801,neutral,2.15100359916687,0.46292644739151,0.32937362790107727
1403900573590634497,negative,1.3795892000198364,-0.3848970830440521,1.518513560295105
1403900574727290882,negative,1.3956501483917236,-1.1579371690750122,2.8465769290924072
1403900575297777668,positive,1.637471079826355,3.663526773452759,-0.808763861656189
1403900575939383299,positive,1.785828948020935,3.6660518646240234,-0.6415592432022095
1403900576119799811,negative,1.3323875665664673,-0.2926173806190491,1.521533727645874
1403900576128192516,neutral,2.5938899517059326,0.31107476353645325,0.3784055709838867
1403900577096949764,neutral,1.590613603591919,0.2585257887840271,0.6639301776885986
1403900578686590990,positive,1.413533091545105,4.96047306060791,-1.0050023794174194
1403900580012036096,negative,1.1312739849090576,-1.122032642364502,2.9800562858581543
1403900580699938816,negative,1.4375537633895874,-0.4325614869594574,2.0094289779663086
1403900581773643781,neutral,2.7975587844848633,0.4659917652606964,0.13091349601745605
1403900582901927937,neutral,2.6754703521728516,1.1542541980743408,-0.23154263198375702
1403900583380140033,neutral,1.8955223560333252,-0.6867144703865051,1.520538330078125
1403900584994951168,neutral,1.4394019842147827,1.0324984788894653,0.10009736567735672
1403900585355710464,neutral,2.5309994220733643,0.7896188497543335,0.13629956543445587
1403900587981168642,negative,1.3916523456573486,0.02421901375055313,1.7649664878845215
1403900589184983040,negative,0.3011270761489868,-0.7309651374816895,2.3763115406036377
1403900589759623168,positive,2.1892588138580322,2.801635265350342,-0.8328108191490173
1403900590007095296,neutral,2.123706579208374,1.7430914640426636,-0.5234018564224243
1403900590057525250,neutral,2.117527723312378,-0.33211615681648254,1.1511930227279663
1403900590275674118,negative,1.8991271257400513,-1.1159148216247559,2.391634702682495
1403900590300798985,negative,1.6917668581008911,-1.2115134000778198,2.3834493160247803
1403900592863420419,neutral,1.7246321439743042,0.7456664443016052,0.39018547534942627
1403900593345757189,negative,0.6562144756317139,-0.07526702433824539,1.5576775074005127
1403900594990026755,neutral,1.8445196151733398,0.23661667108535767,0.8432996869087219
1403900596147527684,neutral,1.69361412525177,0.030972838401794434,1.1366279125213623
1403900596411789316,negative,1.6795015335083008,-0.8811842799186707,2.327197313308716
1403900597267353605,positive,1.3347543478012085,1.6714845895767212,0.26079440116882324
1403900597842026503,positive,0.998266875743866,1.3713217973709106,0.24199336767196655
1403900598076862467,neutral,1.3688677549362183,0.072127565741539,1.3140239715576172
1403900598228074497,negative,1.5142096281051636,-0.4383615553379059,1.9218717813491821
1403900598240481283,neutral,1.9239604473114014,0.8521581292152405,0.08820917457342148
1403900599427485702,positive,1.685198426246643,3.039599895477295,-0.5585665106773376
1403900600094502914,negative,1.035074234008789,-0.44898316264152527,1.944682002067566
1403900600149057538,negative,0.7687439918518066,-0.2562609314918518,1.7392305135726929
1403900601260466179,neutral,2.6754703521728516,1.1542541980743408,-0.23154263198375702
1403900601684144128,negative,0.8948529362678528,-0.5400732159614563,2.2312991619110107
1403900601981833217,negative,0.7958711385726929,-0.709315299987793,2.505232095718384
1403900602422206466,neutral,2.506451368331909,1.4469834566116333,-0.5270968675613403
1403900603999391746,negative,1.3936392068862915,-0.5529948472976685,1.7229396104812622
1403900604305580037,neutral,2.175220012664795,0.41028016805648804,0.5926886200904846
1403900604418650113,positive,1.4892219305038452,2.6688055992126465,-0.4959278106689453
1403900604825571331,negative,0.6474342942237854,0.35227274894714355,0.87465500831604
1403900606595567616,neutral,3.530146598815918,1.6300078630447388,-1.065041184425354
1403900607598055431,neutral,1.8294494152069092,0.6130180954933167,0.4989008605480194
1403900610013917189,neutral,2.549631357192993,0.5168193578720093,0.10533685237169266
1403900610240417799,negative,1.3406124114990234,-0.39100411534309387,1.6757185459136963
1403900613222559746,neutral,2.445688486099243,1.4793261289596558,-0.45153507590293884
1403900614195744770,negative,1.5140827894210815,-0.8491626381874084,2.2650442123413086
1403900614258606081,positive,0.814599871635437,1.3941463232040405,0.32129424810409546
1403900615139500039,negative,1.0883618593215942,-0.5602695345878601,1.920455813407898
1403900615160389634,positive,1.859897255897522,2.171783447265625,-0.40192896127700806
1403900615353409542,neutral,2.6754703521728516,1.1542541980743408,-0.23154263198375702
1403900615479156739,negative,1.0066602230072021,-1.0728857517242432,3.4298160076141357
1403900616775290892,neutral,2.0153071880340576,0.4585033357143402,0.576957643032074
1403900618956234760,positive,0.24194468557834625,0.9218271970748901,0.6420594453811646
1403900619392356352,neutral,1.362838864326477,0.17438678443431854,0.8232616186141968
1403900619488862208,neutral,2.25870418548584,0.6519170999526978,0.07777870446443558
1403900619652489219,positive,1.0564757585525513,1.4444172382354736,0.17174667119979858
1403900620340305923,negative,1.2423046827316284,-0.8097944855690002,1.9963856935501099
1403900620608880642,neutral,2.9175734519958496,1.0086371898651123,-0.20201879739761353
1403900622169161730,positive,1.11247718334198,1.1704742908477783,0.6935411691665649
1403900626916966403,negative,0.3011270761489868,-0.7309651374816895,2.3763115406036377
1403900627953016834,negative,1.3827487230300903,-0.9110962748527527,2.245204210281372
1403900628753997829,neutral,1.8054993152618408,0.6360993385314941,0.5466099381446838
1403900628896714756,negative,1.4344004392623901,-0.5331708788871765,1.5988469123840332
1403900630071140352,neutral,1.6509249210357666,-0.564415454864502,0.8989048004150391
1403900632113631239,neutral,2.2222964763641357,0.5362180471420288,0.20744705200195312
1403900632973688832,negative,1.1811083555221558,0.07272728532552719,1.6746411323547363
1403900633371930624,neutral,1.6883747577667236,-0.6220036149024963,1.1964188814163208
1403900633854341120,neutral,1.9063032865524292,-0.19060403108596802,1.6132079362869263
1403900636849049601,negative,1.3588486909866333,-0.9830581545829773,2.462784767150879
1403900637323034627,negative,1.1321313381195068,-0.9697739481925964,2.948132276535034
1403900637939744771,neutral,1.5838991403579712,0.1979587823152542,0.7215890288352966
1403900638438719488,neutral,2.0574071407318115,0.10498321056365967,1.473649501800537
1403900638766014464,negative,1.3916523456573486,0.02421899139881134,1.7649664878845215
1403900639520997376,negative,0.9636345505714417,-0.5416726469993591,2.5039854049682617
1403900639873273856,neutral,1.8988767862319946,-0.7184193134307861,0.9696660041809082
1403900639940329473,neutral,1.3341892957687378,-0.2115514874458313,1.2527503967285156
1403900643597639682,negative,1.6589064598083496,-1.05282461643219,2.217728853225708
1403900644575137792,negative,0.8753246068954468,0.9281046986579895,1.3527802228927612
1403900644595888133,neutral,1.8445196151733398,0.23661667108535767,0.8432996869087219
1403900645015539713,neutral,2.014263153076172,0.4909225106239319,0.7729084491729736
1403900645078360067,positive,1.4290032386779785,5.775268077850342,-1.6229194402694702
1403900647305408512,neutral,2.451563596725464,0.3039489686489105,0.3205563724040985
1403900649180471297,negative,0.21050669252872467,0.16855278611183167,0.32583698630332947
1403900649830420481,neutral,1.8955223560333252,-0.6867144703865051,1.520538330078125
1403900650111389698,neutral,3.0510611534118652,2.1211249828338623,-0.9913150072097778
1403900650380009476,negative,1.1811084747314453,0.07272730022668839,1.6746410131454468
1403900651139047424,negative,1.6322553157806396,-0.8351261615753174,1.6551259756088257
1403900653949255686,neutral,1.8955223560333252,-0.6867144703865051,1.520538330078125
1403900656612614149,negative,1.7349026203155518,-1.3704290390014648,3.4757351875305176
1403900657346752512,positive,1.9554089307785034,1.9864169359207153,-0.24546931684017181
1403900658802176002,neutral,1.8891879320144653,0.5245234966278076,0.5609523057937622
1403900659447910403,neutral,2.3091092109680176,-0.22338420152664185,1.0474878549575806
1403900660077105152,neutral,1.5522315502166748,0.4348010718822479,0.2220563292503357
1403900660785975302,negative,0.3011270761489868,-0.7309651374816895,2.3763115406036377
1403900661167706114,neutral,1.2613078355789185,0.8641501069068909,0.6045226454734802
1403900662010757121,negative,1.5908018350601196,-0.3813137710094452,1.6988087892532349
1403900662975393792,negative,1.1543434858322144,0.08257278054952621,1.5020558834075928
1403900663898144768,neutral,2.549631357192993,0.5168193578720093,0.10533685237169266
1403900664065839110,negative,0.6474342942237854,0.35227274894714355,0.87465500831604
1403900664996974593,neutral,1.6411781311035156,0.22022497653961182,1.0521165132522583
1403900665605148675,negative,1.2312568426132202,-0.9652945399284363,2.656172513961792
1403900667110985732,negative,1.2666749954223633,-0.29106640815734863,1.7661337852478027
1403900668683993092,negative,1.3916523456573486,0.02421901375055313,1.7649664878845215
1403900669292171266,negative,1.0494375228881836,-0.15894588828086853,1.462222933769226
1403900669761781766,negative,1.2861489057540894,0.2744489312171936,1.6865887641906738
1403900670965694464,negative,0.6170719861984253,0.36652320623397827,0.9370903372764587
1403900671447879680,negative,1.2667558193206787,-0.29203397035598755,1.761719822883606
1403900671850582023,positive,1.0564757585525513,1.4444172382354736,0.17174667119979858
1403900672873881601,neutral,3.530146598815918,1.6300078630447388,-1.065041184425354
1403900673125613571,negative,0.8363704681396484,-0.945468008518219,2.6163089275360107
1403900677416493058,negative,0.6577467918395996,-0.5307679176330566,2.7416181564331055
1403900677739454474,neutral,2.077286720275879,2.0228757858276367,-0.555977463722229
1403900678347632644,neutral,1.1836074590682983,0.019146181643009186,1.1076750755310059
1403900678448173057,neutral,2.169309616088867,0.1710565835237503,1.2965401411056519
1403900679316377601,neutral,1.5027291774749756,0.5108398795127869,0.7236300706863403
1403900680801177605,negative,1.5655927658081055,-1.1579489707946777,2.7007558345794678
1403900683099721728,negative,0.6580278873443604,-0.11852259188890457,1.233538269996643
1403900684664074245,neutral,1.6751919984817505,0.026794444769620895,1.1411980390548706
1403900684794216449,neutral,1.1984870433807373,0.8991520404815674,0.8719808459281921
1403900687398752260,positive,1.685198426246643,3.039599895477295,-0.5585665106773376
1403900687960969219,negative,0.5979299545288086,-0.5165929198265076,1.6281766891479492
1403900689978384393,neutral,1.6209300756454468,0.1698945164680481,1.050075650215149
1403900690884218883,positive,1.056633472442627,1.779280185699463,0.22701402008533478
1403900690892607491,negative,1.0200626850128174,-0.6428976655006409,2.5052075386047363
1403900692712988676,neutral,1.594359278678894,-0.11202613264322281,1.3583968877792358
1403900693422002177,negative,0.6418100595474243,1.0640535354614258,1.2814817428588867
1403900694898241542,negative,1.3427202701568604,-1.0411641597747803,2.631598472595215
1403900695594508289,neutral,4.0408735275268555,1.39922297000885,-1.0499080419540405
1403900696596860930,positive,1.2577637434005737,4.846726894378662,-1.6117132902145386
1403900696999514122,negative,0.3011270761489868,-0.7309651374816895,2.3763115406036377
1403900698295619586,neutral,1.4761797189712524,0.5533830523490906,0.7463282346725464
1403900699705024512,neutral,2.306673765182495,-0.3815867006778717,0.8096887469291687
1403900699742666756,neutral,3.3773183822631836,2.8716578483581543,-1.3752902746200562
1403900700006961158,neutral,1.5216487646102905,0.19724714756011963,-0.00788816623389721
1403900700740898816,neutral,2.322033643722534,0.8155692219734192,0.12140559405088425
1403900702028537857,negative,0.751057505607605,-0.07576725631952286,1.4183779954910278
1403900703207092225,negative,1.5188556909561157,-0.5219109058380127,1.5575066804885864
1403900704088113152,negative,0.5303502678871155,0.018812619149684906,2.2149271965026855
1403900707540029441,positive,0.6289660334587097,1.1644072532653809,-0.07332354784011841
1403900708018085890,negative,1.083341360092163,-0.43122753500938416,2.1366958618164062
1403900708643028994,negative,1.4729846715927124,-1.2910360097885132,3.1493802070617676
1403900709641363463,negative,0.727093517780304,-0.30224326252937317,1.5292621850967407
1403900710211657728,neutral,1.8424071073532104,-0.033780649304389954,0.9656916856765747
1403900711079972864,negative,1.0159980058670044,-1.0869555473327637,3.469878673553467
1403900712094879749,neutral,2.363513708114624,0.3148781359195709,0.3369843065738678
1403900712384294915,negative,0.7697290778160095,-0.1776893138885498,1.9272085428237915
1403900713336332290,negative,0.9383073449134827,0.8344056606292725,1.2591047286987305
1403900713609039872,neutral,1.91477632522583,-0.7280219197273254,1.6810382604599
1403900714322116611,neutral,1.8891879320144653,0.5245234966278076,0.5609523057937622
1403900715064598529,negative,0.6992671489715576,0.2587273418903351,1.7391103506088257
1403900715295293452,positive,1.5246847867965698,2.6921427249908447,-0.39455461502075195
1403900715349819394,neutral,2.077286720275879,2.0228757858276367,-0.5559777021408081
1403900716435972102,neutral,2.0336594581604004,-0.2897998094558716,1.253320574760437
1403900716695969796,neutral,1.6441446542739868,-0.5100817084312439,1.4364489316940308
1403900717316939776,positive,0.24194468557834625,0.9218271970748901,0.6420594453811646
1403900719111884800,negative,1.410828948020935,-0.6452364325523376,1.8948229551315308
1403900720298872838,negative,1.272011637687683,-1.3896080255508423,3.60919451713562
1403900720483422208,neutral,2.6647799015045166,0.0072241052985191345,0.46021726727485657
1403900720710045698,neutral,1.594359278678894,-0.11202613264322281,1.3583968877792358
1403900720928133122,neutral,1.594359278678894,-0.11202613264322281,1.3583968877792358
1403900721452306434,negative,1.011796236038208,-1.3906291723251343,3.9219553470611572
1403900721804742661,neutral,1.1316872835159302,0.5154888033866882,1.054953694343567
1403900722869981186,negative,1.1297861337661743,-0.5392456650733948,1.225317358970642
1403900723071533056,neutral,1.2379165887832642,-0.0013265758752822876,1.1420385837554932
1403900724191191048,positive,1.0705934762954712,1.6051968336105347,0.7458386421203613
1403900725621497856,negative,1.166877031326294,0.22547310590744019,1.540041208267212
1403900725961408512,negative,1.0590078830718994,-0.9687979817390442,2.8879244327545166
1403900727378866185,negative,0.3011270761489868,-0.7309651374816895,2.3763115406036377
1403900727555084289,negative,0.5001245737075806,0.27962952852249146,1.4613102674484253
1403900727899086848,positive,0.8226539492607117,1.4320461750030518,0.4007530212402344
1403900728045879298,negative,1.2423046827316284,-0.8097944855690002,1.9963856935501099
1403900729132302337,positive,1.448988676071167,1.6204355955123901,0.09375885874032974
1403900729941807105,negative,1.6835687160491943,-0.8163757920265198,2.694845199584961
1403900733506813956,neutral,2.8387389183044434,1.9744644165039062,-0.8133466839790344
1403900734614085634,negative,0.9930721521377563,-0.7547318935394287,1.8698621988296509
1403900734807019525,positive,1.7465801239013672,3.7106921672821045,-1.1879507303237915
1403900735239200778,negative,1.3129185438156128,-0.7249814867973328,2.5098702907562256
1403900737164234756,negative,1.3973873853683472,0.14846324920654297,1.569037675857544
1403900737692725250,neutral,3.497382164001465,1.7005451917648315,-0.9490216374397278
1403900741249609732,negative,0.9091399312019348,-0.25595682859420776,1.833743929862976
1403900742092480513,neutral,2.4863879680633545,-0.2947358191013336,1.2857718467712402
1403900743409537028,negative,0.6660141944885254,-0.3295535445213318,1.383646845817566
1403900744781099009,neutral,2.209707736968994,-0.6997148990631104,1.6802691221237183
1403900746878357504,negative,1.0917973518371582,-0.544766902923584,1.8926753997802734
1403900747432050691,neutral,1.641038179397583,-0.13061180710792542,1.0868035554885864
1403900748958740486,negative,0.9222126007080078,-0.3047984838485718,1.203935146331787
1403900748975460353,negative,0.924087643623352,-1.1747676134109497,3.3573684692382812
1403900749260656641,negative,1.5737717151641846,-0.5357781052589417,1.869209885597229
1403900750271418370,neutral,1.7672009468078613,0.15903110802173615,0.8441351056098938
1403900750871154688,negative,1.3916523456573486,0.02421901375055313,1.7649664878845215
1403900751869526017,neutral,1.9801838397979736,0.676829993724823,0.4797072112560272
1403900752549064707,negative,0.8902202844619751,-1.077319622039795,3.0576908588409424
1403900752867717122,neutral,1.3659833669662476,-0.026248730719089508,1.3223856687545776
1403900756965609473,neutral,2.3086440563201904,0.6983917355537415,0.07629667967557907
1403900757485658118,neutral,1.648329734802246,0.8947219848632812,0.7995368838310242
1403900759754874887,negative,0.982043981552124,-1.3097902536392212,3.53020977973938
1403900760052490242,neutral,1.4690327644348145,1.3930110931396484,0.46700626611709595
1403900760371441671,positive,0.8348273634910583,0.9228558540344238,0.7271513938903809
1403900760501350400,neutral,2.6037333011627197,-0.22301560640335083,0.7505196332931519
1403900760706850821,positive,1.685198426246643,3.039599895477295,-0.5585665106773376
1403900763789795331,positive,1.453242301940918,5.92997932434082,-1.752116084098816
1403900766000091138,neutral,1.7765322923660278,-0.6276662349700928,1.2103056907653809
1403900766583148544,positive,1.5845204591751099,2.4692599773406982,0.40215522050857544
1403900767321292807,positive,2.1112701892852783,3.3505654335021973,-1.055465817451477
1403900767325462528,neutral,3.530146598815918,1.6300078630447388,-1.065041184425354
1403900768508268547,neutral,1.2992489337921143,0.38296249508857727,1.123286485671997
1403900768592277505,negative,1.2862489223480225,-0.6364786028862,1.9506032466888428
1403900770764865537,negative,0.3397994339466095,-0.6710320115089417,2.935271978378296
1403900775059841024,neutral,1.594359278678894,-0.11202613264322281,1.3583968877792358
1403900778016768004,negative,1.2592318058013916,-0.602996826171875,1.8719687461853027
1403900778373386242,neutral,0.960168182849884,0.24736076593399048,0.22186388075351715
1403900780554473473,neutral,1.8955223560333252,-0.6867144703865051,1.520538330078125
1403900780591992839,neutral,1.2216860055923462,0.5526305437088013,0.34093722701072693
1403900781191909379,negative,1.1895105838775635,-0.7349311709403992,1.3016085624694824
1403900782936694785,neutral,1.6550211906433105,0.1593489646911621,0.9476357698440552
1403900783142260738,neutral,1.7416470050811768,0.4202589988708496,0.5958234071731567
1403900783637061633,neutral,1.732394814491272,0.19162949919700623,1.136557698249817
1403900784253706242,neutral,1.8016571998596191,1.0602720975875854,0.6359093189239502
1403900786074034180,negative,1.0883618593215942,-0.5602695345878601,1.920455813407898
1403900787529453569,neutral,1.8891879320144653,0.5245234966278076,0.5609523057937622
1403900787693084677,positive,0.3498741090297699,1.4373098611831665,0.3803078234195709
1403900790067150849,negative,0.972760796546936,-0.2973535358905792,1.698608636856079
1403900790893268993,neutral,2.517213821411133,-0.592598021030426,0.8928962349891663
1403900791660843011,neutral,1.5599915981292725,-0.415259450674057,1.4658136367797852
1403900794286620674,negative,1.5152562856674194,-0.6705629825592041,2.060086727142334
1403900794605350914,neutral,0.23260749876499176,0.1763903647661209,0.14018523693084717
1403900796022837248,negative,0.8464322686195374,-0.30860427021980286,1.6718008518218994
1403900797411201028,neutral,1.0800188779830933,0.19131460785865784,0.8513424396514893
1403900798661271552,negative,2.1112687587738037,-1.0838860273361206,2.2172744274139404
1403900799009406980,neutral,2.163625717163086,0.5284522771835327,0.7407680749893188
1403900799781048320,negative,2.1112687587738037,-1.0838860273361206,2.2172744274139404
1403900800313614336,negative,1.5685374736785889,-1.0297356843948364,2.1648993492126465
1403900800460460039,neutral,1.675191879272461,0.026794563978910446,1.1411978006362915
1403900800699494404,neutral,1.4448964595794678,-0.07687220722436905,1.2473084926605225
1403900803144830985,negative,1.5451710224151611,-0.6546438336372375,1.546520471572876
1403900803547533312,negative,1.224915862083435,-0.9688088297843933,2.2292375564575195
1403900804499660800,negative,1.166877031326294,0.22547310590744019,1.540041208267212
1403900805950984194,neutral,2.704887866973877,0.530318021774292,-0.4279492199420929
1403900806349393921,negative,1.6065587997436523,-1.135469913482666,2.42248272895813
1403900807100076032,neutral,1.8445197343826294,0.2366166114807129,0.8432996869087219
1403900807674798083,neutral,1.8891879320144653,0.5245234966278076,0.5609523057937622
1403900808047906820,positive,1.4745124578475952,1.8864827156066895,0.12701360881328583
1403900808874250241,neutral,1.675191879272461,0.026794563978910446,1.1411978006362915
1403900809423863812,negative,1.0817910432815552,-0.021876640617847443,1.4555827379226685
1403900809704882177,neutral,2.6754703521728516,1.1542541980743408,-0.23154263198375702
1403900809805549569,neutral,3.530146598815918,1.6300078630447388,-1.065041184425354
1403900809989984259,negative,0.9566032886505127,0.45897918939590454,1.374462366104126
1403900810107490309,negative,0.9887567758560181,-1.3178472518920898,3.815113067626953
1403900811097243654,negative,0.7687439918518066,-0.2562609314918518,1.7392305135726929
1403900811218980864,negative,0.5164012908935547,-1.1916390657424927,3.686872959136963
1403900811327983618,negative,0.9517096281051636,-0.37197569012641907,1.7582310438156128
1403900811856519173,negative,1.3916523456573486,0.02421901375055313,1.7649664878845215
1403900815576870919,negative,0.8936024904251099,0.5544546842575073,1.2039234638214111
1403900816637915136,negative,0.8320289254188538,-0.8726446628570557,3.0240225791931152
1403900818756014083,neutral,2.1693098545074463,0.17105653882026672,1.2965402603149414
1403900820299546631,negative,0.3011270761489868,-0.7309651374816895,2.3763115406036377
1403900821117366274,positive,0.8713763356208801,1.635001301765442,-0.36750802397727966
1403900821285261321,negative,2.1619770526885986,-1.2649730443954468,2.5275347232818604
1403900822170128388,positive,1.6374709606170654,3.663526773452759,-0.8087639808654785
1403900822899990530,negative,1.3117804527282715,-1.3488850593566895,3.847764015197754
1403900822933708804,negative,0.4446454346179962,-0.8068191409111023,2.1453254222869873
1403900825571844096,negative,1.3916523456573486,0.02421901375055313,1.7649664878845215
1403900825991327744,neutral,1.8955223560333252,-0.6867144703865051,1.520538330078125
1403900826028974080,positive,1.8852086067199707,6.833023548126221,-1.9757641553878784
1403900826461118464,negative,0.7133944034576416,-0.8630085587501526,3.1308655738830566
1403900827748782082,positive,1.0564757585525513,1.4444172382354736,0.17174667119979858
1403900828478545923,neutral,1.7575069665908813,0.9720539450645447,0.3698972463607788
1403900831880056834,neutral,1.0291258096694946,0.7987305521965027,0.7035207152366638
1403900832190509058,positive,2.264592409133911,3.634979009628296,-1.3059672117233276
1403900835231375360,neutral,1.6024513244628906,-0.5381491780281067,1.5726388692855835
1403900837978689537,negative,0.81201171875,-0.2660408020019531,2.881678342819214
1403900840314802176,negative,1.4676975011825562,-0.9921743273735046,2.338759183883667
1403900841770192896,negative,1.3183577060699463,0.029167000204324722,1.561652421951294
1403900842613170176,negative,1.2213279008865356,-1.2218204736709595,3.125633955001831
1403900844601393152,neutral,2.117527723312378,-0.33211615681648254,1.1511930227279663
1403900845020876802,neutral,2.5309994220733643,0.7896188497543335,0.13629958033561707
1403900845792534535,negative,1.0369973182678223,-1.1555737257003784,3.401540756225586
1403900847252119554,negative,1.0689177513122559,-0.2852238118648529,2.0371594429016113
1403900847524761600,negative,1.0445458889007568,-1.1439356803894043,3.1536612510681152
1403900847994507264,negative,1.0883618593215942,-0.5602695345878601,1.920455813407898
1403900849856806912,neutral,1.3934003114700317,-0.17718985676765442,1.2808986902236938
1403900852826525701,neutral,1.5711662769317627,1.0901243686676025,0.8357301950454712
1403900854147567617,neutral,2.3426356315612793,1.0540895462036133,-0.14171403646469116
1403900856098082817,neutral,1.0542633533477783,0.9968133568763733,0.7108239531517029
1403900856433524739,positive,1.0564757585525513,1.4444172382354736,0.17174667119979858
1403900856622358529,neutral,1.8955223560333252,-0.6867144703865051,1.520538330078125
1403900856693628930,negative,1.5680232048034668,-0.6162363290786743,2.0096733570098877
1403900856978845697,neutral,1.91171395778656,-0.35237565636634827,0.682649552822113
1403900858182496256,neutral,1.4377516508102417,-0.43356719613075256,0.9649854898452759
1403900858346127362,negative,1.0494375228881836,-0.15894588828086853,1.462222933769226
1403900858379554816,neutral,2.175220012664795,0.41028016805648804,0.5926886200904846
1403900858509713408,positive,0.9466184973716736,2.6929211616516113,-0.6886099576950073
1403900859268874243,negative,1.2583026885986328,-0.330912709236145,2.0165231227874756
1403900859805802497,neutral,2.306673765182495,-0.3815867006778717,0.8096887469291687
1403900860904599553,neutral,1.761674404144287,-0.5502232909202576,1.5501456260681152
1403900861776994304,positive,1.8193289041519165,2.5550377368927,-0.7425310015678406
1403900862720745473,neutral,1.4386239051818848,1.3362476825714111,0.0998174324631691
1403900864868220933,negative,1.028928279876709,0.18868400156497955,1.1798679828643799
1403900865811976197,neutral,2.506451368331909,1.4469834566116333,-0.5270968675613403
1403900867502170121,neutral,1.9189060926437378,0.8837665319442749,0.9424205422401428
1403900870090240001,neutral,2.306673765182495,-0.3815867006778717,0.8096887469291687
1403900871084326918,negative,1.5182992219924927,-0.4828846752643585,1.5363739728927612
1403900872485179398,positive,1.0001214742660522,2.886756658554077,-0.04189394414424896
1403900872854183936,negative,0.4191138446331024,-0.13876226544380188,2.7110488414764404
1403900873588215809,neutral,2.998586893081665,0.15517717599868774,0.12779636681079865
1403900873852391426,neutral,1.9650673866271973,-0.2114749550819397,0.8589663505554199
1403900874640986114,positive,0.20568129420280457,1.7496131658554077,0.41081565618515015
1403900874783657986,negative,1.1854852437973022,-0.7890951633453369,1.7865620851516724
1403900876176039938,positive,2.2023653984069824,2.346116542816162,-0.22111858427524567
1403900877165842433,neutral,1.3659833669662476,-0.026248730719089508,1.3223856687545776
1403900877547704322,negative,0.9803242683410645,0.2169398069381714,1.60386323928833
1403900878042640385,positive,1.5774657726287842,1.627712368965149,-0.18712110817432404
1403900879879745540,negative,1.154408574104309,0.0474182590842247,1.1775994300842285
1403900881012023300,negative,1.3588486909866333,-0.9830581545829773,2.462784767150879
1403900881561604109,neutral,1.0193229913711548,0.4582098126411438,0.20468032360076904
1403900882459271173,neutral,1.594359278678894,-0.11202613264322281,1.3583968877792358
1403900884648607745,negative,1.4545924663543701,-0.9365865588188171,2.0811855792999268
1403900884774359043,neutral,1.1069722175598145,0.6782023906707764,0.4866122901439667
1403900886762487808,neutral,1.6389211416244507,0.5579606294631958,0.1399909108877182
1403900887311863809,neutral,1.2144498825073242,0.2953709363937378,0.770367443561554
1403900887823654913,positive,2.0001065731048584,2.2721900939941406,-0.5241605043411255
1403900889157537793,negative,1.3916523456573486,0.02421901375055313,1.7649664878845215
1403900890176622596,negative,1.3916523456573486,0.02421901375055313,1.7649664878845215
1403900890247880726,neutral,2.4888997077941895,0.381475031375885,0.28366953134536743
1403900891556716546,neutral,2.70965838432312,0.8991263508796692,-0.31432655453681946
1403900893062434818,negative,0.9388346672058105,-1.0825834274291992,2.825392007827759
1403900893133774850,neutral,2.6754703521728516,1.1542541980743408,-0.23154263198375702
1403900896740724737,negative,0.9548242092132568,-0.9010002017021179,2.2877845764160156
1403900896958992392,neutral,1.8891879320144653,0.5245234966278076,0.5609523057937622
1403900897675997185,negative,1.212039828300476,-0.9052509069442749,2.0690996646881104
1403900898112380937,negative,1.0924454927444458,-0.07551988214254379,1.3060417175292969
1403900898745663489,negative,1.181307315826416,0.39784860610961914,1.3690813779830933
1403900898795999239,negative,1.3323875665664673,-0.2926173806190491,1.521533727645874
1403900899290861568,negative,0.8001078367233276,-0.21779611706733704,2.14811635017395
1403900900901638150,negative,1.447912573814392,-0.9097528457641602,1.8416852951049805
1403900901694136331,neutral,1.9552363157272339,-0.95011967420578,1.9551788568496704
1403900902587584514,negative,1.9760442972183228,-1.1435997486114502,2.0983781814575195
1403900903535435776,negative,0.7652683854103088,0.7883206009864807,0.9285316467285156
1403900905259479041,positive,2.0001065731048584,2.2721896171569824,-0.5241604447364807
1403900906597404677,negative,1.2184748649597168,-0.07127729803323746,1.6591721773147583
1403900907054452740,neutral,1.3142414093017578,1.251466989517212,0.28079909086227417
1403900908128325635,negative,0.9527857899665833,-0.5567322969436646,1.657536506652832
1403900908879052811,neutral,1.8698304891586304,0.5503777265548706,0.3358358144760132
1403900909172649989,negative,0.9009653925895691,-0.7359654307365417,2.7964589595794678
1403900909667553286,negative,1.1811085939407349,0.0727272629737854,1.6746410131454468
1403900913161433094,negative,0.9930722713470459,-0.7547319531440735,1.8698623180389404
1403900914319167488,negative,1.2848683595657349,-0.5014008283615112,1.5932096242904663
1403900915912876035,neutral,1.8054993152618408,0.6360993385314941,0.5466097593307495
1403900915980009473,negative,1.070541262626648,-1.0454546213150024,2.798239231109619
1403900918370766859,neutral,1.4256939888000488,1.334169864654541,0.29284900426864624
1403900921164165120,neutral,1.8955224752426147,-0.6867144703865051,1.520538330078125
1403900921344450561,neutral,1.7613837718963623,0.9604130983352661,0.19636857509613037
1403900922405822466,negative,2.1619770526885986,-1.2649729251861572,2.5275347232818604
1403900922783141893,neutral,3.530146598815918,1.6300077438354492,-1.0650410652160645
1403900923676487683,neutral,1.9350507259368896,-0.5148268938064575,1.3700993061065674
1403900925446483972,neutral,1.7650130987167358,-0.7029991745948792,1.4997854232788086
1403900926231035906,negative,1.2341405153274536,-0.9297681450843811,2.0966856479644775
1403900927682113539,positive,1.6200741529464722,1.6969348192214966,-0.005739064887166023
1403900931461160960,neutral,2.2847118377685547,0.6236454844474792,0.23949433863162994
1403900932853665793,neutral,2.117527961730957,-0.3321160078048706,1.1511930227279663
1403900935198314497,negative,0.33184337615966797,-0.9041748642921448,2.9574077129364014
1403900935844282371,negative,1.2660911083221436,-0.6417919993400574,1.9653096199035645
1403900937404653572,negative,1.049437403678894,-0.15894585847854614,1.4622230529785156
1403900938423783425,neutral,1.8955224752426147,-0.6867144703865051,1.520538330078125
1403900939975671809,negative,1.2023379802703857,-0.7699242234230042,1.8362776041030884
1403900942433488896,neutral,1.5676321983337402,-0.5248143076896667,1.3224167823791504
1403900942576230400,negative,1.251084566116333,-0.6692695021629333,1.728593349456787
1403900942882205696,negative,1.323105812072754,-1.223022699356079,2.717540979385376
1403900947273818113,positive,1.0911918878555298,1.7762491703033447,0.2481953650712967
1403900947294683139,negative,1.5910083055496216,-0.44323429465293884,2.019437789916992
1403900947349135366,negative,2.016082286834717,-1.1199322938919067,2.4306182861328125
1403900947806445570,neutral,1.474551796913147,0.6627047061920166,0.7787039875984192
1403900948955779073,negative,0.9546220302581787,-1.1483831405639648,3.3085274696350098
1403900950482403334,negative,1.0627849102020264,-0.004294157028198242,1.7522211074829102
1403900950603984898,negative,1.028928279876709,0.18868395686149597,1.1798679828643799
1403900951644184576,positive,1.0564759969711304,1.4444172382354736,0.1717466115951538
1403900951736381441,neutral,1.8955224752426147,-0.6867144703865051,1.520538330078125
1403900952621449216,neutral,2.6443116664886475,0.7124864459037781,-0.039677977561950684
1403900956584988676,negative,1.028928279876709,0.18868395686149597,1.1798679828643799
1403900956731904008,neutral,1.7314034700393677,-0.6922422051429749,1.081246018409729
1403900966752161798,neutral,1.8167301416397095,-0.7457254528999329,1.4744457006454468
1403900966940803074,neutral,2.0574071407318115,0.10498326271772385,1.4736493825912476
1403900968333361152,negative,0.9026240110397339,-0.8054326176643372,2.541710376739502
1403900968689881091,neutral,2.175219774246216,0.41028010845184326,0.5926885604858398
1403900969012826113,negative,0.4876953959465027,-0.4811643064022064,2.8797342777252197
1403900972062195721,neutral,1.6326065063476562,-0.26426395773887634,1.065717339515686
1403900973563715587,negative,0.9922224283218384,-1.0526471138000488,3.1237573623657227
1403900975786594312,negative,1.3180873394012451,0.02741013467311859,2.1990253925323486
1403900975996456960,positive,1.0564759969711304,1.4444172382354736,0.1717466115951538
1403900976377913344,neutral,2.1926283836364746,-0.3380626440048218,1.3793390989303589
1403900976487026692,positive,1.6851983070373535,3.039599895477295,-0.5585664510726929
1403900976608776196,neutral,1.1880303621292114,0.08963565528392792,1.102402925491333
1403900977795637248,positive,1.685198426246643,3.039599895477295,-0.5585663914680481
1403900979045666818,neutral,1.5559513568878174,0.9688065052032471,0.1871528923511505
1403900981004230656,negative,1.2145129442214966,-0.8037516474723816,2.3396356105804443
1403900983445442561,negative,1.5685374736785889,-1.029735803604126,2.1648993492126465
1403900984795992067,neutral,2.8734703063964844,0.053522080183029175,0.08257579058408737
1403900984967921664,negative,1.028928279876709,0.18868395686149597,1.1798679828643799
1403900987123847168,negative,1.1007782220840454,-0.35411667823791504,1.7126271724700928
1403900989879439363,negative,1.0289281606674194,0.1886839121580124,1.1798678636550903
1403900993666895873,neutral,2.4007134437561035,0.7867240905761719,-0.3657759428024292
1403900993952120832,negative,1.3916523456573486,0.024219028651714325,1.764966368675232
1403900995579559937,negative,1.3129185438156128,-0.7249815464019775,2.5098702907562256
1403900995772436485,neutral,1.3959312438964844,1.0429706573486328,0.7488155961036682
1403900995940257801,negative,0.6500290036201477,-1.2329059839248657,3.8341522216796875
1403900996309245955,neutral,1.6384438276290894,1.3267924785614014,0.1158185675740242
1403900997051817990,neutral,2.117527961730957,-0.3321160078048706,1.1511930227279663
1403900997122945029,negative,1.323105812072754,-1.223022699356079,2.717540979385376
1403900997198565376,neutral,1.4970359802246094,0.5084118843078613,0.8124483227729797
1403900997257158657,negative,1.3916523456573486,0.024219028651714325,1.764966368675232
1403901001271169026,neutral,1.0301941633224487,-0.007535986602306366,1.00888991355896
1403901001866698757,negative,0.4748581647872925,0.6889889240264893,1.1236249208450317
1403901002651078657,neutral,2.0376784801483154,0.08804796636104584,1.273432970046997
1403901003552882689,negative,1.1529825925827026,-0.8022887110710144,2.2296745777130127
1403901003947073541,neutral,1.2626969814300537,0.6262692213058472,0.9845764636993408
1403901006211997698,negative,1.7005488872528076,-1.011330008506775,2.309295177459717
1403901006396547072,neutral,2.543001890182495,1.0240801572799683,-0.16154253482818604
1403901007407456261,neutral,1.6130380630493164,0.17195013165473938,0.6405157446861267
1403901009622048771,neutral,2.543001890182495,1.0240801572799683,-0.16154251992702484
1403901009940811778,neutral,2.6754703521728516,1.1542540788650513,-0.23154272139072418
1403901011723390978,positive,1.2334117889404297,1.29513680934906,0.36000508069992065
1403901012646273028,neutral,2.6754703521728516,1.1542540788650513,-0.23154272139072418
1403901013564788743,neutral,2.077286720275879,2.0228757858276367,-0.5559775233268738
1403901015615803392,neutral,1.4471620321273804,1.285084843635559,0.022250177338719368
1403901015670263810,positive,2.448493480682373,3.0947418212890625,-0.9980273246765137
1403901015678615557,negative,1.3193891048431396,-0.5073941946029663,1.6869430541992188
1403901016903458817,positive,0.4694949984550476,3.6044845581054688,-0.5438583493232727
1403901018480336904,neutral,1.5811482667922974,0.9028888940811157,0.30070462822914124
1403901020263141377,neutral,1.9178857803344727,-0.4454648196697235,1.1106667518615723
1403901020267110406,negative,1.2545881271362305,-1.059273362159729,2.416635751724243
1403901020577673216,negative,1.3916523456573486,0.024219028651714325,1.764966368675232
1403901021374406659,negative,1.0459587574005127,-0.4130963385105133,1.9985361099243164
1403901022125232128,neutral,2.549631357192993,0.5168194770812988,0.10533689707517624
1403901022532116488,neutral,1.1549714803695679,0.8031014204025269,0.712761402130127
1403901022951575554,negative,1.3916523456573486,0.024219028651714325,1.764966368675232
1403901023786192898,positive,1.8167492151260376,2.1024134159088135,-0.4596615135669708
1403901024880926725,negative,1.3916523456573486,0.024219028651714325,1.764966368675232
1403901027963842562,neutral,1.8247615098953247,-0.7695720791816711,1.6923805475234985
1403901028186169346,neutral,1.91477632522583,-0.7280219197273254,1.6810382604599
1403901032187322369,negative,1.086683750152588,-0.5021407604217529,2.03328275680542
1403901033554669568,neutral,1.7046680450439453,-0.675112247467041,1.6827207803726196
1403901034104250368,neutral,2.285130262374878,-0.2950381338596344,0.7437025308609009
1403901034347462659,neutral,1.055476427078247,0.2585265338420868,0.7245966196060181
1403901036490809348,neutral,1.835998296737671,0.9731118679046631,0.48249849677085876
1403901036650123268,negative,0.9199596047401428,-0.965796172618866,3.4967730045318604
1403901036692230146,neutral,1.9063034057617188,-0.19060400128364563,1.6132076978683472
1403901037141016579,neutral,1.5308321714401245,0.9464090466499329,0.0653005987405777
1403901038470451202,positive,0.6904184818267822,0.8757743239402771,0.657965362071991
1403901040416546823,negative,1.1711702346801758,-0.560820996761322,1.9307892322540283
1403901043956584455,negative,0.9020758271217346,0.3187141716480255,1.292580246925354
1403901048624975876,negative,0.1614513099193573,-0.23273637890815735,1.747271180152893
1403901048746565639,positive,1.0564759969711304,1.4444172382354736,0.1717466115951538
1403901049354719236,neutral,1.478475570678711,0.8317743539810181,1.0769245624542236
1403901049518256133,negative,1.70777428150177,-0.6051992774009705,1.868455410003662
1403901050160025611,neutral,1.9519203901290894,-0.03208716958761215,1.1287956237792969
1403901053171503104,neutral,2.3426353931427,1.0540895462036133,-0.14171399176120758
1403901053523820548,negative,1.3983217477798462,-0.8015098571777344,1.6429274082183838
1403901054060793861,neutral,2.497300148010254,0.29728251695632935,0.49157771468162537
1403901054815674369,positive,1.0564759969711304,1.4444172382354736,0.1717466115951538
1403901055511846912,positive,0.7141587138175964,3.472564458847046,-0.3353722095489502
1403901056015224837,negative,0.7457661032676697,-0.5113046765327454,2.002281665802002
1403901057047035904,neutral,1.5621936321258545,0.673870861530304,0.6501255631446838
1403901058561216512,negative,0.9698441624641418,-0.8833186030387878,2.3318369388580322
1403901058829602816,negative,1.6634571552276611,-1.0234330892562866,2.368533134460449
1403901059882491908,neutral,2.790799379348755,1.1728626489639282,-0.42733776569366455
1403901061321138178,neutral,1.2357854843139648,0.6105436086654663,1.1685707569122314
1403901061744644096,negative,1.1372562646865845,0.11300124228000641,1.8949120044708252
1403901061971197958,negative,0.7321441173553467,-0.18259024620056152,2.0623602867126465
1403901062776451072,neutral,1.4631421566009521,0.8858495354652405,-0.3134401738643646
1403901065989402626,neutral,1.8955224752426147,-0.6867144703865051,1.520538330078125
1403901066798903298,negative,1.19491446018219,-1.5028785467147827,4.229888439178467
1403901066836471812,positive,0.7506894469261169,4.196385383605957,-0.7294021248817444
1403901067126050818,neutral,1.6209299564361572,0.1698944866657257,1.050075650215149
1403901067172057097,negative,0.8443161249160767,-0.935697615146637,3.570603132247925
1403901067985707009,neutral,1.6751916408538818,0.02679455652832985,1.141197919845581
1403901069495705606,neutral,2.549631357192993,0.5168194770812988,0.10533689707517624
1403901070800211969,neutral,1.6255100965499878,0.8725804090499878,0.42248019576072693
1403901070842241024,positive,0.8794956803321838,1.2358797788619995,0.762298583984375
1403901070846304257,negative,1.0531221628189087,-0.047841496765613556,1.5367215871810913
1403901071110586369,negative,1.284617304801941,-1.124041199684143,2.786445379257202
1403901071941005315,neutral,2.3136167526245117,1.0287505388259888,-0.08998486399650574
1403901073786552323,negative,1.0087381601333618,-0.38665103912353516,1.6220555305480957
1403901073912483849,positive,1.5553122758865356,2.6025238037109375,-0.702800989151001
1403901074495377416,neutral,2.984302043914795,1.1446428298950195,-0.57049161195755
1403901075527114752,neutral,1.7286338806152344,0.7064415812492371,0.06939719617366791
1403901076064116736,negative,1.3712100982666016,-0.5090154409408569,1.5327764749526978
1403901076085030912,negative,0.9605687260627747,-0.741463840007782,2.587991237640381
1403901077347614720,positive,0.24194465577602386,0.9218271374702454,0.6420593857765198
1403901078001885184,negative,0.7940641641616821,0.7201141119003296,1.01429283618927
1403901080736604163,negative,1.3916523456573486,0.024219028651714325,1.764966368675232
1403901080916824067,negative,1.651239275932312,-0.8827139139175415,1.8032182455062866
1403901081675919361,negative,1.6993623971939087,-0.7479764223098755,1.9945391416549683
1403901081868849154,neutral,1.6751916408538818,0.02679455652832985,1.141197919845581
1403901081931771907,neutral,1.8222289085388184,-0.07847648113965988,0.7548437118530273
1403901082527580161,neutral,2.506451368331909,1.4469834566116333,-0.5270968675613403
1403901082581946374,neutral,1.8064006567001343,0.5516747832298279,0.6478277444839478
1403901085354315776,neutral,2.117527961730957,-0.3321160078048706,1.1511930227279663
1403901085413171202,neutral,1.5985980033874512,-0.702538788318634,1.2886408567428589
1403901085773754371,negative,1.5769575834274292,-1.1512384414672852,2.5429415702819824
1403901086533099523,negative,0.8216761350631714,-0.48507919907569885,1.9308443069458008
1403901087346741250,neutral,3.530146598815918,1.6300077438354492,-1.0650410652160645
1403901087443087361,negative,1.2720117568969727,-1.3896079063415527,3.609194755554199
1403901087468376069,negative,1.1598361730575562,0.13849768042564392,1.4111573696136475
1403901089653665794,neutral,2.5988616943359375,-0.20200955867767334,0.4962459206581116
1403901089888407552,negative,0.6024063229560852,-0.36528244614601135,3.1274189949035645
1403901090236616709,negative,1.0254865884780884,-0.6115332245826721,2.2971067428588867
1403901091067072518,negative,1.0012050867080688,-0.7474527359008789,2.1851418018341064
1403901091318747138,neutral,1.8193256855010986,0.2574955224990845,1.0030814409255981
1403901091838894088,negative,1.2044014930725098,-0.21690192818641663,2.182704448699951
1403901092333711362,neutral,2.8122575283050537,1.0527281761169434,-0.20894452929496765
1403901092690202625,negative,1.031833291053772,-0.7228089570999146,2.3706114292144775
1403901093084532736,neutral,1.8182079792022705,-0.20800921320915222,1.0245569944381714
1403901093403189248,neutral,2.020301342010498,0.27569279074668884,0.5323391556739807
1403901093453590531,neutral,1.8955224752426147,-0.6867144703865051,1.520538330078125
1403901093533216769,negative,1.2720117568969727,-1.3896079063415527,3.609194755554199
1403901093751312386,neutral,0.7837392091751099,0.3215515613555908,0.7076785564422607
1403901093784993803,negative,0.9608147144317627,-0.6519953012466431,1.6337522268295288
1403901094259011586,negative,0.9850925803184509,-0.7850050330162048,2.8531415462493896
1403901095676612608,positive,0.7497092485427856,2.3565468788146973,-0.255171000957489
1403901099032055809,neutral,2.5938899517059326,0.3110746741294861,0.3784055709838867
1403901099577389058,neutral,0.853369414806366,-0.12927544116973877,0.10727954655885696
1403901101217288192,negative,1.4108288288116455,-0.6452364921569824,1.8948229551315308
1403901102106447880,negative,0.8014178276062012,-0.7431463003158569,2.56072735786438
1403901104115568644,negative,1.770721435546875,-1.0633666515350342,2.0426688194274902
1403902292043067392,negative,1.0200250148773193,-0.8834100365638733,2.8323161602020264
1403902292579942402,positive,1.5781630277633667,2.465620517730713,0.2157863974571228
1403902292630413314,negative,0.9614041447639465,-0.10469866544008255,1.4360076189041138
1403902293741871105,negative,0.7110726833343506,-1.014299988746643,3.642329216003418
1403902294043676674,negative,1.4937011003494263,-1.2051976919174194,3.207881212234497
1403902294869958656,negative,1.7717877626419067,-1.1304861307144165,2.509328842163086
1403902294916276226,positive,0.24194465577602386,0.9218271374702454,0.6420593857765198
1403902295247495168,positive,1.6851983070373535,3.039599895477295,-0.5585664510726929
1403902296166076423,neutral,3.530146598815918,1.6300077438354492,-1.0650410652160645
1403902297340407810,negative,0.6975396871566772,0.7678332924842834,1.4772361516952515
1403902297495662592,neutral,2.117527961730957,-0.3321160078048706,1.1511930227279663
1403902297550331904,neutral,2.506451368331909,1.4469834566116333,-0.5270968675613403
1403902299513114624,negative,1.0627849102020264,-0.004294157028198242,1.7522211074829102
1403902299794067464,neutral,1.1587426662445068,0.7839064598083496,0.4525362551212311
1403902299949383681,neutral,1.768370509147644,-0.24581527709960938,1.1137531995773315
1403902302113644555,neutral,1.6411278247833252,1.1126278638839722,0.2739807069301605
1403902302994550789,positive,0.6289659738540649,1.1644072532653809,-0.07332354038953781
1403902304068141058,negative,1.204233169555664,-1.2938494682312012,3.4899399280548096
1403902304512724996,negative,1.0012052059173584,-0.7474527955055237,2.1851418018341064
1403902305787781120,neutral,1.6751916408538818,0.02679455652832985,1.141197919845581
1403902306928631808,neutral,2.205152988433838,-0.9435437917709351,1.3572397232055664
1403902310003085313,negative,1.6131365299224854,-1.1691911220550537,2.5545241832733154
1403902310141464577,negative,1.311780333518982,-1.3488848209381104,3.847764015197754
1403902311999574018,neutral,1.2394686937332153,0.04268050193786621,1.2098379135131836
1403902314751135752,neutral,1.5559513568878174,0.9688065052032471,0.1871528923511505
1403902317036978179,negative,1.2312569618225098,-0.9652945399284363,2.656172513961792
1403902318299471876,neutral,1.8891879320144653,0.5245234966278076,0.560952365398407
1403902318811045890,neutral,2.686922550201416,0.012738130986690521,0.6487725973129272
1403902320463679489,positive,1.4278898239135742,1.7310785055160522,-0.18513211607933044
1403902321877204993,negative,1.1811085939407349,0.0727272629737854,1.6746410131454468
1403902321898237955,neutral,0.965429425239563,0.5325635671615601,0.5022351741790771
1403902322112012289,negative,1.4913042783737183,-0.4451736509799957,1.7061936855316162
1403902323231924230,negative,1.2243242263793945,0.053771860897541046,1.3681684732437134
1403902325228556294,negative,0.5895232558250427,0.5294300317764282,1.134117603302002
1403902327124160520,negative,1.2930206060409546,-1.0042580366134644,2.486436128616333
1403902327447330822,negative,1.0948882102966309,-0.9827321171760559,3.0013725757598877
1403902328441348101,positive,1.058207631111145,2.7543137073516846,-0.5901104211807251
1403902331473772548,neutral,1.7707797288894653,0.7040500640869141,0.007988255470991135
1403902331599560706,negative,1.099560260772705,-0.6983868479728699,2.550657272338867
1403902332098600966,negative,0.3312365710735321,0.12438154220581055,0.9959458708763123
1403902334640570369,negative,0.6677996516227722,0.1414453685283661,2.2938756942749023
1403902335294730243,negative,0.6674806475639343,0.24664828181266785,1.7996852397918701
1403902335785394182,neutral,1.2835979461669922,0.12793447077274323,0.49604615569114685
1403902336318132226,neutral,1.6882479190826416,-0.5022878050804138,1.554036259651184
1403902336385404932,neutral,1.8590447902679443,-0.12716084718704224,0.2158881425857544
1403902340411781127,neutral,1.374516487121582,-0.18713635206222534,1.2033275365829468
1403902340877279232,negative,0.8397781848907471,-0.32861050963401794,1.946657657623291
1403902341477195780,neutral,3.2859833240509033,2.121199607849121,-1.1050784587860107
1403902342563565571,negative,1.1991703510284424,-0.5134323835372925,1.865573763847351
1403902343859503104,neutral,1.9622578620910645,1.1514616012573242,-0.25292617082595825
1403902344065134596,negative,1.3916523456573486,0.024219028651714325,1.764966368675232
1403902344601817089,neutral,1.054987907409668,0.2284245491027832,-0.25873106718063354
1403902345209991169,positive,2.166644811630249,2.3106229305267334,-0.47679370641708374
1403902347235840001,neutral,1.621352195739746,1.4621163606643677,0.0581306628882885
1403902348091478021,neutral,1.6751916408538818,0.02679455652832985,1.141197919845581
1403902348276109315,positive,0.5637496113777161,0.6307463049888611,0.41054174304008484
1403902348565659652,neutral,1.8530186414718628,-0.6666090488433838,1.5118558406829834
1403902351828717575,negative,0.1497490257024765,0.08703219890594482,1.2429367303848267
1403902353158275074,neutral,1.8955224752426147,-0.6867144703865051,1.520538330078125
1403902353175203841,neutral,1.799777865409851,0.7192380428314209,0.6584754586219788
1403902353372291073,negative,1.086726427078247,-0.339484840631485,2.0128977298736572
1403902355632836616,neutral,1.4494922161102295,0.6135784387588501,0.5824717283248901
1403902357101068292,neutral,1.5376110076904297,-0.07840777188539505,0.9924055337905884
1403902360192122882,negative,1.5016511678695679,-0.8024807572364807,1.5894004106521606
1403902360619929602,neutral,2.0701541900634766,1.5975531339645386,-0.18209882080554962
1403902361005957124,negative,0.8627628684043884,-0.3282553255558014,2.213949203491211
1403902362314547200,negative,1.086726427078247,-0.339484840631485,2.0128977298736572
1403902362842976261,negative,1.2145129442214966,-0.8037517070770264,2.3396356105804443
1403902364273180674,negative,1.0200250148773193,-0.8834100365638733,2.8323161602020264
1403902364680024065,neutral,1.5135489702224731,0.5190877914428711,0.563491940498352
1403902365292503041,neutral,2.411085844039917,1.0137039422988892,-0.15466056764125824
1403902365762080768,neutral,1.8445197343826294,0.23661664128303528,0.8432996273040771
1403902366437437442,neutral,3.530146598815918,1.6300077438354492,-1.0650410652160645
1403902366685052931,negative,1.166877031326294,0.22547310590744019,1.5400410890579224
1403902367741865986,negative,1.0555176734924316,-1.3079293966293335,3.750742197036743
1403902367788109826,neutral,1.8955224752426147,-0.6867144703865051,1.520538330078125
1403902367884398600,neutral,1.6152335405349731,-0.04234231263399124,0.879178524017334
1403902367980920835,neutral,3.530146598815918,1.6300078630447388,-1.0650410652160645
1403902369096736771,negative,0.9556260108947754,-0.013231009244918823,1.6918429136276245
1403902370208169985,neutral,1.8445197343826294,0.23661664128303528,0.8432996273040771
1403902373223976960,neutral,1.8445197343826294,0.23661664128303528,0.8432996273040771
1403902375631327236,neutral,1.6853771209716797,-0.3337768316268921,0.9563292860984802
1403902376017158147,neutral,3.0300402641296387,1.7495306730270386,-0.8598861694335938
1403902376398962691,negative,1.0627849102020264,-0.004294157028198242,1.7522211074829102
1403902378152239107,positive,0.8369054198265076,1.0150974988937378,0.0601426400244236
1403902378160529412,negative,0.4625638723373413,-0.9540409445762634,3.7722396850585938
1403902378231795719,negative,0.805081844329834,0.389159619808197,1.7679245471954346
1403902381415288834,positive,1.3636088371276855,2.072756290435791,-0.306064635515213
1403902386737795073,neutral,3.1398510932922363,2.4094886779785156,-1.0877827405929565
1403902387333574660,neutral,1.2597883939743042,0.1770036220550537,0.8233894109725952
1403902388868509696,neutral,1.5559513568878174,0.9688065052032471,0.1871528923511505
1403902389388673026,neutral,1.1690962314605713,1.1565933227539062,0.6226915121078491
1403902389866799105,negative,1.4070522785186768,-0.9250665307044983,1.9019062519073486
1403902392416886790,negative,1.3921096324920654,-0.846375048160553,2.843775749206543
1403902395889770496,negative,1.5069884061813354,-0.5759305953979492,1.995687484741211
1403902395889897476,negative,0.939362645149231,0.12048274278640747,1.8999722003936768
1403902398037434371,negative,1.2623422145843506,-1.2370593547821045,2.973182201385498
1403902398293237761,neutral,1.7323949337005615,0.19162951409816742,1.1365575790405273
1403902398368780289,positive,1.8065481185913086,3.9963951110839844,-1.0970479249954224
1403902398460940288,neutral,1.8955224752426147,-0.6867144703865051,1.520538330078125
1403902399312367620,negative,1.082951307296753,-1.2998332977294922,3.198873281478882
1403902400960868358,neutral,1.8955224752426147,-0.6867144703865051,1.520538330078125
1403902402026110984,neutral,1.9523074626922607,0.8255088329315186,-0.2390388399362564
1403902406459600898,negative,1.5685374736785889,-1.029735803604126,2.1648993492126465
1403902407105343490,neutral,2.283569812774658,1.343650460243225,-0.3585766851902008
1403902410888728577,negative,0.7312895655632019,-1.0330979824066162,3.1292712688446045
1403902410943131648,negative,1.3094537258148193,-0.3152199387550354,1.3259634971618652
1403902411723317250,positive,3.612736940383911,6.024441242218018,-2.3802902698516846
1403902412226768902,negative,0.7700750827789307,-0.08936428278684616,1.0961066484451294
1403902415942815748,negative,1.1543433666229248,0.08257270604372025,1.5020558834075928
1403902417578598403,negative,1.2720059156417847,-1.3274481296539307,3.2076399326324463
1403902417968635904,neutral,3.530146598815918,1.6300077438354492,-1.0650410652160645
1403902420380381188,negative,1.212039828300476,-0.9052509069442749,2.0690996646881104
1403902421491933186,neutral,1.9700325727462769,-0.9000847935676575,1.708451509475708
1403902421743570945,negative,1.3916523456573486,0.024219028651714325,1.764966368675232
1403902423144579073,neutral,1.8445197343826294,0.23661664128303528,0.8432996273040771
1403902424167952386,neutral,1.3822152614593506,0.039972901344299316,1.2649226188659668
1403902424839069700,negative,1.3916523456573486,0.024219028651714325,1.764966368675232
1403902427410178050,negative,0.8710164427757263,0.11453108489513397,1.0806400775909424
1403902427837964289,negative,1.1998454332351685,0.4374358654022217,1.6683233976364136
1403902428064337922,neutral,2.5923879146575928,2.110107183456421,-0.6066214442253113
1403902428488114176,negative,1.3916523456573486,0.024219028651714325,1.764966368675232
1403902429125566465,neutral,2.265777349472046,1.1806179285049438,-0.11837158352136612
1403902429259763713,neutral,1.8445197343826294,0.23661664128303528,0.8432996273040771
1403902430450831367,negative,1.4070522785186768,-0.9250665307044983,1.9019062519073486
1403902431495327748,negative,0.8258658647537231,-0.6499894857406616,2.0659711360931396
1403902432149598208,negative,1.0353490114212036,-1.2652437686920166,3.8529469966888428
1403902433357557765,negative,0.870778501033783,0.7174407839775085,1.3532785177230835
1403902433743585281,negative,1.0629388093948364,-0.7559452652931213,2.0348730087280273
1403902433990909952,negative,1.286249041557312,-0.6364785432815552,1.9506030082702637
1403902437258416130,positive,0.8554329872131348,1.1638669967651367,0.7342131733894348
1403902437438619648,negative,1.3995161056518555,-0.7631502151489258,1.4158287048339844
1403902437866409984,negative,1.0353490114212036,-1.2652437686920166,3.8529469966888428
1403902438126542848,negative,1.086726427078247,-0.339484840631485,2.0128977298736572
1403902441007968258,neutral,1.0473850965499878,0.4476313292980194,-0.35820087790489197
1403902441473679360,negative,0.6474343538284302,0.3522726595401764,0.8746551871299744
1403902441972772869,negative,0.40266871452331543,-0.7840167880058289,2.2854084968566895
1403902442027245584,negative,1.151690125465393,-0.5561228394508362,1.7205532789230347
1403902442635337735,neutral,2.1658544540405273,0.02880251407623291,1.2187834978103638
1403902442656264193,positive,1.0679696798324585,1.447618007659912,0.7014780640602112
1403902442694189056,neutral,1.1587426662445068,0.7839064598083496,0.4525362551212311
1403902442731761671,negative,1.7488842010498047,-0.9565724730491638,2.049771308898926
1403902442765443081,neutral,2.412905693054199,1.508033275604248,-0.49231600761413574
1403902443054764033,neutral,2.2924184799194336,1.768968939781189,-0.13715501129627228
1403902443121909763,neutral,1.9037078619003296,0.8353391289710999,0.2066243439912796
1403902443184812035,positive,1.397538423538208,2.7045488357543945,-0.2523754835128784
1403902443323281410,neutral,1.4445360898971558,0.45229941606521606,-0.02393527142703533
1403902443419623425,neutral,2.2378437519073486,-0.10760017484426498,0.12206786870956421
1403902443449167873,positive,1.7932294607162476,2.255727529525757,-0.3773585855960846
1403902443981787145,neutral,2.5907208919525146,1.9578437805175781,-0.43516770005226135
1403902444187361280,neutral,1.8177626132965088,0.8782855272293091,0.522771954536438
1403902444191375364,neutral,2.8530819416046143,0.7614067792892456,0.5323467254638672
1403902444413743104,negative,1.6730999946594238,-1.21196448802948,2.7452566623687744
1403902444552269826,neutral,1.4663256406784058,0.37958964705467224,1.0604697465896606
1403902445416288256,neutral,2.668827772140503,2.561894178390503,-0.6499840617179871
1403902445617512449,negative,1.5025255680084229,-1.2209917306900024,2.85072922706604
1403902446129192963,neutral,1.6502145528793335,-0.5795657634735107,1.5323840379714966
1403902446733348864,neutral,1.2173994779586792,0.1836491823196411,1.204661250114441
1403902447328825355,neutral,1.62747323513031,-0.874931275844574,1.471705675125122
1403902448234795008,neutral,1.8265461921691895,0.03767113387584686,0.434816837310791
1403902448587055105,neutral,2.4650416374206543,-0.44783392548561096,0.8304079174995422
1403902448788508677,neutral,2.0192668437957764,1.1596585512161255,-0.30771616101264954
1403902449690177537,negative,1.0353490114212036,-1.2652437686920166,3.8529469966888428
1403902450654871552,negative,1.4720731973648071,-1.1306253671646118,2.8682377338409424
1403902450713649161,negative,1.4676975011825562,-0.9921744465827942,2.338758945465088
1403902450785005569,negative,1.5908019542694092,-0.38131383061408997,1.6988087892532349
1403902451611103234,neutral,1.482540488243103,-0.16944792866706848,1.0654761791229248
1403902451909115910,neutral,2.077286720275879,2.0228757858276367,-0.5559776425361633
1403902452500471811,positive,0.7013951539993286,1.7323672771453857,0.6846773624420166
1403902452739477511,negative,0.9803618788719177,0.08136922121047974,2.353149890899658
1403902453460836358,neutral,1.6562302112579346,0.23767510056495667,0.10204017162322998
1403902453888790532,neutral,1.8955224752426147,-0.6867144703865051,1.520538330078125
1403902454157217796,negative,1.1811085939407349,0.0727272629737854,1.6746410131454468
1403902454698283012,negative,0.9942378997802734,-0.9992607235908508,3.1514744758605957
1403902456292052996,neutral,2.162203073501587,1.8665056228637695,-0.0325646847486496
1403902458955550723,neutral,1.8445197343826294,0.23661664128303528,0.8432996273040771
1403902459085422594,negative,1.0405879020690918,-0.06851755827665329,1.6732170581817627
1403902459672735744,negative,1.2877403497695923,-0.819420576095581,1.9706106185913086
1403902460276752395,neutral,2.2407898902893066,1.0828622579574585,-0.11337194591760635
1403902460528259079,neutral,3.530146598815918,1.6300077438354492,-1.0650410652160645
1403902460675170307,negative,1.5003094673156738,-1.08436918258667,2.319007396697998
1403902460750700553,neutral,1.5077118873596191,0.10041164606809616,0.9721222519874573
1403902461614514183,neutral,2.341973066329956,0.9255937337875366,-0.33244824409484863
1403902462164090881,neutral,2.2407898902893066,1.0828622579574585,-0.11337194591760635
1403902462373752838,neutral,1.9260755777359009,-0.39457377791404724,1.0606414079666138
1403902462474428419,neutral,1.9770777225494385,0.3661406636238098,1.0501590967178345
1403902462872850432,neutral,2.497955560684204,1.3466111421585083,-0.32110080122947693
1403902462994571266,negative,0.4876953959465027,-0.4811643064022064,2.8797342777252197
1403902463594295296,neutral,2.071244239807129,1.4225049018859863,-0.2106265425682068
1403902463732637698,neutral,1.7429511547088623,0.2559315264225006,0.6691019535064697
1403902463741251589,positive,2.254378080368042,3.772522211074829,-0.6220223307609558
1403902464005443586,positive,1.448988676071167,1.6204354763031006,0.09375882893800735
1403902464076640256,negative,1.0353490114212036,-1.2652437686920166,3.8529469966888428
1403902464248537090,negative,1.369080662727356,0.059250958263874054,1.478969693183899
1403902465032933376,positive,1.876848816871643,3.6203343868255615,-0.9328542351722717
1403902465590837251,neutral,1.594359278678894,-0.112026147544384,1.3583970069885254
1403902465637064706,negative,1.3916523456573486,0.024219028651714325,1.764966368675232
1403902465758568451,neutral,1.8445197343826294,0.23661664128303528,0.8432996273040771
1403902466048016392,neutral,1.8445197343826294,0.2366166114807129,0.8432996869087219
1403902466710818819,positive,2.4457342624664307,3.2808053493499756,-0.685641348361969
1403902466802978816,positive,2.445734739303589,3.2808053493499756,-0.6856412291526794
1403902467809722372,neutral,1.8891879320144653,0.5245234966278076,0.560952365398407
1403902468417802240,neutral,1.8905603885650635,-0.6272006630897522,1.4046282768249512
1403902469609033729,neutral,2.3335132598876953,0.7653635144233704,0.3010238707065582
1403902469915119616,neutral,3.530146598815918,1.6300077438354492,-1.0650410652160645
1403902469940252675,neutral,1.3492759466171265,0.8982809782028198,0.9816081523895264
1403902471244812289,positive,1.1015347242355347,1.8592820167541504,0.8534415364265442
1403902473014759424,negative,1.4635252952575684,-0.385682612657547,1.6867363452911377
1403902473161564160,neutral,1.3638625144958496,-0.5898688435554504,1.0007511377334595
1403902473245442053,neutral,1.2003748416900635,0.6232923865318298,0.34325483441352844
1403902473698349058,positive,2.1112701892852783,3.3505656719207764,-1.0554659366607666
1403902473857814528,neutral,1.3984198570251465,0.09290096908807755,0.9366880655288696
1403902474172329985,negative,1.3343254327774048,-0.8505795001983643,1.9104869365692139
1403902474533081092,negative,1.2623422145843506,-1.2370593547821045,2.973182201385498
1403902474784698370,negative,1.221327781677246,-1.2218204736709595,3.12563419342041
1403902475057483784,neutral,2.2290213108062744,-0.1054677739739418,0.6127989292144775
1403902475812343812,negative,0.5956969261169434,0.7763509154319763,1.0815858840942383
1403902476244324357,positive,1.4143708944320679,2.3002004623413086,-0.187588632106781
1403902476529528833,neutral,1.6751916408538818,0.02679455652832985,1.141197919845581
1403902476714004480,neutral,1.594359278678894,-0.112026147544384,1.3583970069885254
1403902477846515712,neutral,1.6441446542739868,-0.5100816488265991,1.4364489316940308
1403902478010159106,neutral,1.7362521886825562,0.42976194620132446,0.7111006379127502
1403902478836408323,neutral,3.530146598815918,1.6300077438354492,-1.0650410652160645
1403902478891028481,negative,2.1112687587738037,-1.0838860273361206,2.2172744274139404
1403902479184674824,neutral,1.147239327430725,0.5269744992256165,0.9237703084945679
1403902479541153793,negative,1.118638038635254,-0.9296378493309021,2.2858612537384033
1403902481138999301,negative,0.7940641641616821,0.7201141119003296,1.01429283618927
1403902481327919104,negative,1.3916523456573486,0.024219028651714325,1.764966368675232
1403902481957113860,neutral,2.722898006439209,1.245619773864746,0.20457690954208374
1403902483840307202,neutral,1.4364745616912842,-0.15849098563194275,1.0674309730529785
1403902484200972290,negative,0.3220904469490051,-1.1129480600357056,3.5706260204315186
1403902486210023425,neutral,1.594359278678894,-0.112026147544384,1.3583970069885254
1403902486499368963,neutral,2.0427350997924805,-0.8194350600242615,1.3824626207351685
1403902490207305731,neutral,1.223831295967102,0.3142019212245941,1.202948808670044
1403902490836451330,neutral,1.779821753501892,0.7267109155654907,0.3014068901538849
1403902492556079111,neutral,2.5498640537261963,1.3025635480880737,-0.5479932427406311
1403902493944287235,negative,1.2746467590332031,-1.3843581676483154,3.550187826156616
1403902494049292289,positive,0.5071240663528442,1.8298834562301636,0.8717612624168396
1403902496276291588,positive,1.981812834739685,2.3295464515686035,-0.4212232232093811
1403902497631215617,negative,1.4278686046600342,-1.0702006816864014,2.368889808654785
1403902497672949760,negative,1.323105812072754,-1.223022699356079,2.717540979385376
1403902498394435591,negative,0.9176139235496521,0.28222793340682983,1.291419506072998
1403902501603012619,neutral,2.098174571990967,1.526731252670288,-0.4258043169975281
1403902502743920644,negative,1.067512035369873,0.6715149879455566,1.226879596710205
1403902504706904064,negative,0.9437967538833618,0.6566217541694641,1.0052276849746704
1403902504706916352,negative,1.2871007919311523,-0.07376956194639206,1.4116967916488647
1403902507701575683,negative,0.9491499662399292,-0.7069375514984131,1.8281224966049194
1403902508209086469,neutral,1.70492422580719,1.1301501989364624,0.29002222418785095
1403902510075502592,neutral,1.5403478145599365,-0.36437082290649414,1.2615405321121216
1403902510545444865,negative,1.3265461921691895,-0.7462462186813354,1.5795334577560425
1403902510922752002,neutral,2.290041923522949,0.6116050481796265,0.23305822908878326
1403902511115763713,negative,1.1107919216156006,-0.4232024848461151,1.9034714698791504
1403902511916924932,neutral,1.6209299564361572,0.1698944866657257,1.050075650215149
1403902518191525897,negative,1.4799011945724487,-0.9088032245635986,1.7860448360443115
1403902520427122695,neutral,1.1731853485107422,0.2109440267086029,0.5894234776496887
1403902521454829573,neutral,1.594359278678894,-0.112026147544384,1.3583970069885254
1403902521488384003,neutral,2.093064069747925,0.09685833007097244,0.2065606415271759
1403902524843868160,negative,0.9556260108947754,-0.013231009244918823,1.6918429136276245
1403902526341124096,negative,1.3852683305740356,-0.9793556332588196,2.142399787902832
1403902526794108928,neutral,1.7990074157714844,1.6424225568771362,0.588062584400177
1403902527167361027,negative,1.0065797567367554,-1.3967971801757812,3.7316296100616455
1403902527289139207,negative,0.7026495933532715,-0.17312473058700562,1.139752984046936
1403902528492752899,neutral,1.581142544746399,0.09457749128341675,0.17187881469726562
1403902529159667712,negative,1.2288302183151245,0.11666149646043777,1.5734513998031616
1403902530057228293,neutral,2.5923879146575928,2.110107183456421,-0.606621503829956
1403902531495993345,neutral,1.090872883796692,0.535769522190094,-0.08485406637191772
1403902534104846338,neutral,1.8970671892166138,-0.3461378216743469,0.7504757642745972
1403902534117253120,neutral,1.6898828744888306,1.0663988590240479,0.3628554940223694
1403902534188687365,negative,0.7924150228500366,-0.7897528409957886,3.221008062362671
1403902534767583233,negative,1.1575819253921509,-0.4720053970813751,2.3731532096862793
1403902535094648835,neutral,1.931584358215332,0.7928406596183777,0.015990344807505608
1403902536109768705,negative,1.256964087486267,-0.8293875455856323,2.784022569656372
1403902539167195146,neutral,1.4217413663864136,-0.2778405249118805,0.9727909564971924
1403902539309928453,negative,1.086726427078247,-0.339484840631485,2.0128977298736572
1403902543520952324,negative,1.0200626850128174,-0.6428976058959961,2.5052077770233154
1403902543785185283,neutral,3.530146598815918,1.6300077438354492,-1.0650410652160645
1403902544707932169,neutral,2.2742207050323486,0.21605604887008667,-0.0037721339613199234
1403902544947171328,neutral,1.9688228368759155,-0.7913211584091187,1.3885146379470825
1403902545441935365,neutral,2.258897066116333,0.7456543445587158,0.17722848057746887
1403902545693605895,negative,0.5380735397338867,-0.5646316409111023,2.4981062412261963
1403902546528382977,neutral,1.6311792135238647,0.43687909841537476,0.6944923996925354
1403902546922524682,neutral,2.1943109035491943,0.9729403257369995,-0.05299393832683563
1403902547111284743,neutral,1.8955224752426147,-0.6867144703865051,1.520538330078125
1403902548034015234,negative,1.1512268781661987,-0.4285028874874115,1.2395302057266235
1403902548730253318,neutral,1.2405503988265991,-0.35701826214790344,1.0211080312728882
1403902548897980417,neutral,1.5676321983337402,-0.5248143076896667,1.3224167823791504
1403902549309206528,negative,0.8526274561882019,0.4327985346317291,1.5883091688156128
1403902550009532419,negative,1.3916523456573486,0.024219028651714325,1.764966368675232
1403902553184739329,neutral,2.306674003601074,-0.3815867304801941,0.8096887469291687
1403902554967212032,negative,0.8431399464607239,-1.0850554704666138,2.8538665771484375
1403902556791709700,negative,1.0012052059173584,-0.7474527955055237,2.1851418018341064
1403902557605359618,neutral,2.0574584007263184,1.2597734928131104,0.1979539543390274
1403902558993719303,negative,1.377260446548462,-1.0075627565383911,2.321302890777588
1403902559979413509,neutral,3.530146598815918,1.6300077438354492,-1.0650410652160645
1403902560881332224,neutral,1.8891879320144653,0.5245234966278076,0.560952365398407
1403902565520130059,negative,1.8190058469772339,-1.0369819402694702,2.1519250869750977
1403902565658595331,negative,0.9685345888137817,-0.44274988770484924,2.057948350906372
1403902565666992132,neutral,1.5559513568878174,0.9688065052032471,0.1871528923511505
1403902565809487873,neutral,1.63749361038208,0.3985413610935211,0.9690665006637573
1403902568426721280,positive,1.6851983070373535,3.039599895477295,-0.5585664510726929
1403902568556814337,negative,0.9636346101760864,-0.5416726469993591,2.5039846897125244
1403902569693413378,neutral,1.8955224752426147,-0.6867144703865051,1.520538330078125
1403902571291594757,negative,1.4676975011825562,-0.9921744465827942,2.338758945465088
1403902572138680324,neutral,2.6215062141418457,1.8814367055892944,-0.6578801870346069
1403902573086605315,neutral,1.104695200920105,0.18552136421203613,0.924203097820282
1403902573153853446,negative,1.3822118043899536,-0.7567012906074524,1.536620855331421
1403902573455675392,neutral,2.428319215774536,0.36440202593803406,0.3779110610485077
1403902574076436489,negative,1.1114476919174194,-0.7146536111831665,2.5361979007720947
1403902574747521026,negative,1.2797212600708008,0.044885214418172836,1.5786712169647217
1403902575125090304,positive,0.6593288779258728,3.939093589782715,-0.2458055168390274
1403902575511060482,negative,0.9293087124824524,-0.7154847979545593,2.525601387023926
1403902577167712260,negative,0.7533397078514099,-1.0837548971176147,3.2508914470672607
1403902578727952386,neutral,1.9731110334396362,0.5826821327209473,0.3358699679374695
1403902578937647104,negative,1.1665266752243042,-0.7357887625694275,1.807829737663269
1403902579180929031,negative,1.221327781677246,-1.2218204736709595,3.12563419342041
1403902579583512582,neutral,1.2924950122833252,0.4541037678718567,0.9142376184463501
1403902579701080071,neutral,1.5559513568878174,0.9688065052032471,0.1871528923511505
1403902579705188353,neutral,1.7707797288894653,0.7040500640869141,0.007988255470991135
1403902581005373441,negative,0.6449314951896667,-0.5835587978363037,2.5737569332122803
1403902581974388737,neutral,1.4968992471694946,0.272500216960907,0.7506735324859619
1403902582863564803,negative,1.1811085939407349,0.072727270424366,1.6746410131454468
1403902585103433728,neutral,2.0376784801483154,0.08804803341627121,1.2734328508377075
1403902585879162882,negative,1.1295223236083984,-0.5602498054504395,1.3831517696380615
1403902586005168130,neutral,1.3878666162490845,-0.33553439378738403,1.0255495309829712
1403902586198110211,negative,1.4059481620788574,-0.20740610361099243,1.8867554664611816
1403902586500100099,negative,0.43755218386650085,0.07824674993753433,1.320037603378296
1403902587821248513,negative,0.9091399312019348,-0.25595688819885254,1.833743929862976
1403902587980726272,negative,0.3731406033039093,-1.2825504541397095,4.284836292266846
1403902588576280576,negative,0.9429083466529846,-0.3362538814544678,1.5130071640014648
1403902589826072576,neutral,1.8653794527053833,-0.7673307061195374,1.3515477180480957
1403902590165782530,neutral,2.176283121109009,-0.7185872197151184,1.526731252670288
1403902590866313221,negative,1.3916523456573486,0.024219028651714325,1.764966368675232
1403902591877058560,neutral,1.8445197343826294,0.23661664128303528,0.8432996273040771
1403902592594309120,neutral,1.538580298423767,0.3876088857650757,0.6210373044013977
1403902592913129473,neutral,2.3285999298095703,0.6647217273712158,0.11427491158246994
1403902593370296320,negative,1.4001514911651611,-0.5778714418411255,2.069784641265869
1403902594540474368,neutral,1.264835238456726,0.4751846194267273,0.846020519733429
1403902594796433410,neutral,2.5854415893554688,1.6534185409545898,-0.3648410439491272
1403902595098349578,neutral,2.222855806350708,0.2497064471244812,0.2266465723514557
1403902595886829573,negative,0.7697290182113647,-0.1776893138885498,1.9272085428237915
1403902596432138243,negative,0.9383073449134827,0.8344056010246277,1.25910484790802
1403902598063611906,negative,1.567319631576538,-1.0709326267242432,2.4318315982818604
1403902598529179653,neutral,1.7650130987167358,-0.7029991745948792,1.4997856616973877
1403902598768435204,positive,1.0505458116531372,1.6702430248260498,0.46600186824798584
1403902600676663296,positive,0.9147396683692932,0.957539439201355,0.2976396083831787
1403902600689328132,negative,0.8864945769309998,-0.16905847191810608,1.874541997909546
1403902601050038278,neutral,1.773097276687622,-0.6476805210113525,1.4520089626312256
1403902601725243401,negative,1.311780333518982,-1.3488848209381104,3.847764015197754
1403902604002828291,negative,1.221327781677246,-1.2218204736709595,3.12563419342041
1403902605030428678,neutral,1.6245570182800293,0.72175532579422,0.4965928792953491
1403902605458296838,negative,1.4405062198638916,0.06446456909179688,1.9468954801559448
1403902607333203970,negative,1.3549647331237793,-0.8255889415740967,1.9135549068450928
1403902607521878022,negative,1.835759162902832,-1.02249276638031,1.8999872207641602
1403902608545390597,negative,1.323105812072754,-1.223022699356079,2.717540979385376
1403902608574717953,neutral,2.169309616088867,0.1710565686225891,1.2965402603149414
1403902609203793921,neutral,1.8957023620605469,0.49880149960517883,0.2651660442352295
1403902610172637186,negative,1.0353490114212036,-1.2652440071105957,3.852947235107422
1403902611103830018,neutral,3.9166812896728516,2.276376247406006,-1.388466238975525
1403902612466982918,neutral,1.6349623203277588,-0.25343090295791626,1.1588894128799438
1403902612613722114,negative,0.743970513343811,-1.1366734504699707,3.4681546688079834
1403902612613726208,negative,1.0232024192810059,0.1915993094444275,1.728885293006897
1403902612957630474,neutral,2.0701541900634766,1.597553014755249,-0.18209874629974365
1403902613523943424,positive,0.7247430086135864,2.302732229232788,0.16848549246788025
1403902614194901000,neutral,2.117527961730957,-0.3321160078048706,1.1511930227279663
1403902614631288836,negative,1.3916523456573486,0.024219028651714325,1.764966368675232
1403902616094986241,neutral,1.6751916408538818,0.02679455652832985,1.141197919845581
1403902617068085248,neutral,1.6942930221557617,-0.09398435801267624,0.6192759871482849
1403902618561302528,neutral,1.7445024251937866,-0.00885745882987976,0.8528804183006287
1403902620234883074,neutral,1.8327511548995972,0.14273375272750854,0.7144150137901306
1403902620566114312,negative,1.4215880632400513,-0.8424323797225952,1.9562416076660156
1403902620721303554,negative,1.3972790241241455,-1.0940473079681396,2.6723084449768066
1403902622113812481,neutral,1.5131044387817383,-0.5911585092544556,1.2774051427841187
1403902625255505924,neutral,2.6754703521728516,1.1542540788650513,-0.23154272139072418
1403902626064867329,positive,1.6851983070373535,3.039599895477295,-0.5585664510726929
1403902626178109451,neutral,1.8164474964141846,0.8416508436203003,0.27414125204086304
1403902626979217408,neutral,1.594359278678894,-0.112026147544384,1.3583970069885254
1403902628203884550,neutral,2.4385766983032227,1.291323184967041,-0.4307170808315277
1403902630989074438,negative,0.9232425689697266,-0.9403440356254578,2.4936249256134033
1403902631249076227,neutral,1.2407282590866089,0.8823696970939636,1.0503944158554077
1403902631521648643,neutral,1.812033772468567,0.9200704097747803,0.4515141248703003
1403902631668600833,negative,1.166877031326294,0.22547310590744019,1.5400410890579224
1403902632587108353,neutral,2.0488007068634033,0.7103790044784546,-0.1777479201555252
1403902632867995649,negative,0.9556260108947754,-0.013231009244918823,1.6918429136276245
1403902634306772996,neutral,2.75771427154541,0.8711919188499451,-0.2644585967063904
1403902634310914050,neutral,1.0631471872329712,0.21927696466445923,0.34353363513946533
1403902634420019201,negative,0.868407666683197,-0.0968690887093544,1.1450399160385132
1403902636680642565,negative,1.0346360206604004,-0.3348281979560852,1.6487847566604614
1403902639557910528,neutral,2.0211474895477295,0.2102680206298828,0.4625062644481659
1403902640702955521,negative,0.7544167637825012,0.3700513243675232,1.3416401147842407
1403902640820396036,neutral,1.2219631671905518,0.8479852080345154,0.25385087728500366
1403902640933703684,negative,0.9293087124824524,-0.7154847979545593,2.525601387023926
1403902641428701184,positive,1.2904083728790283,1.8767402172088623,-0.3270675539970398
1403902641478922245,negative,0.9430196285247803,-1.228426456451416,3.515315294265747
1403902641881616384,neutral,1.1531128883361816,0.3111201226711273,0.8378987908363342
1403902642892558347,negative,1.2301620244979858,-1.4181849956512451,3.634019374847412
1403902643244765191,neutral,3.4318573474884033,1.2400031089782715,-0.43187424540519714
1403902643680858113,positive,1.3695664405822754,1.429002046585083,0.8366102576255798
1403902644050042881,positive,1.7134326696395874,1.879693865776062,-0.3781486749649048
1403902644943409158,negative,0.5965471267700195,-0.781977117061615,2.693122386932373
1403902645216108551,negative,1.461950421333313,-1.0033764839172363,2.5368540287017822
1403902645648171008,negative,1.5967936515808105,-0.569042980670929,1.7504677772521973
1403902646520483843,neutral,2.456815481185913,1.3582789897918701,-0.7531220316886902
1403902646533165056,negative,1.3388772010803223,-0.677467405796051,2.2071282863616943
1403902647464173568,neutral,2.1943109035491943,0.9729402661323547,-0.05299396812915802
1403902648370171909,negative,0.9114115238189697,-0.8205508589744568,2.4673972129821777
1403902649276141572,neutral,3.530146598815918,1.6300077438354492,-1.0650410652160645
1403902649691430916,neutral,1.7898614406585693,-0.41781798005104065,1.4218195676803589
1403902649703960579,negative,1.311780333518982,-1.3488848209381104,3.847764015197754
1403902649997545478,neutral,1.8955224752426147,-0.6867144703865051,1.520538330078125
1403902650068860930,neutral,1.365983247756958,-0.02624882012605667,1.3223859071731567
1403902651117543427,negative,1.2795166969299316,-0.08509697765111923,1.407567024230957
1403902652975517698,neutral,1.5403478145599365,-0.36437082290649414,1.2615405321121216
1403902653453668353,neutral,1.0396034717559814,0.23330605030059814,0.4553567171096802
1403902655525654529,negative,1.0012052059173584,-0.7474527955055237,2.1851418018341064
1403902656121237506,positive,2.5266671180725098,3.826234817504883,-1.3479307889938354
1403902657442377728,neutral,1.7912757396697998,0.754310667514801,0.2927123010158539
1403902657446641664,negative,1.0542384386062622,-0.7561893463134766,2.8562674522399902
1403902658927284228,neutral,1.2747622728347778,-0.08021333068609238,0.7800533771514893
1403902659288047617,negative,1.1767040491104126,-0.8070896863937378,2.1067702770233154
1403902659308888065,neutral,1.9642431735992432,0.7766939401626587,-0.06103304773569107
1403902660051234820,neutral,1.8891879320144653,0.5245234966278076,0.560952365398407
1403902660353224707,negative,1.0316798686981201,-1.0360536575317383,2.7216901779174805
1403902662693720065,neutral,1.5676321983337402,-0.5248143076896667,1.3224167823791504
1403902664694386690,negative,1.391652226448059,0.02421891689300537,1.7649668455123901
1403902665143160833,neutral,1.594359278678894,-0.112026147544384,1.3583970069885254
1403902667454222336,negative,0.9831300377845764,-0.4764042794704437,2.5105385780334473
1403902667898900480,negative,1.2623422145843506,-1.2370593547821045,2.973182201385498
1403902668032991236,negative,0.6725981831550598,-1.1752567291259766,3.334726572036743
1403902668901388291,negative,1.6427546739578247,-1.050371527671814,2.546316623687744
1403902669085806593,neutral,2.6215062141418457,1.8814367055892944,-0.6578801870346069
1403902669186420736,negative,0.20420169830322266,-0.3834494352340698,2.23067307472229
1403902669241028612,positive,1.7465800046920776,3.7106921672821045,-1.187950611114502
1403902669484220421,neutral,1.8198760747909546,0.8568339943885803,0.430865615606308
1403902670235049987,negative,0.904536247253418,-0.06046741455793381,1.7077357769012451
1403902670327496707,neutral,1.2173994779586792,0.1836491823196411,1.204661250114441
1403902670713221126,neutral,2.298250198364258,0.19863072037696838,0.12577800452709198
1403902671107596295,negative,1.1811085939407349,0.0727272629737854,1.6746410131454468
1403902671321501696,neutral,2.6754703521728516,1.1542540788650513,-0.23154254257678986
1403902673590489090,positive,1.1328942775726318,1.1890838146209717,0.7210969924926758
1403902673754148865,neutral,2.069673538208008,0.07034614682197571,0.8303924202919006
1403902675582918656,negative,1.3916523456573486,0.024219028651714325,1.764966368675232
1403902676769951745,negative,1.3916523456573486,0.024219028651714325,1.764966368675232
1403902679143772160,negative,0.5232280492782593,0.5242739915847778,1.5061919689178467
1403902679412248576,negative,1.0883618593215942,-0.5602695345878601,1.9204556941986084
1403902680154611713,negative,0.3141598403453827,0.6219852566719055,1.3435180187225342
1403902680561500168,neutral,1.0572987794876099,0.2736329138278961,0.4609902501106262
1403902680720809984,negative,1.6427546739578247,-1.050371527671814,2.546316623687744
1403902681870073856,negative,1.0883618593215942,-0.5602695345878601,1.9204556941986084
1403902683589795844,negative,1.224915862083435,-0.9688088297843933,2.2292375564575195
1403902684046888964,negative,1.5016511678695679,-0.8024807572364807,1.5894004106521606
1403902684810420228,neutral,2.046754837036133,1.040099024772644,0.05188725143671036
1403902688698503169,positive,1.5552237033843994,1.9897491931915283,-0.7804765105247498
1403902690141216770,neutral,1.8630945682525635,-0.8419121503829956,1.5158802270889282
1403902690200072199,negative,1.0883618593215942,-0.5602695345878601,1.9204556941986084
1403902691483394048,negative,0.9627830982208252,-0.3869442045688629,1.8443217277526855
1403902691688927232,negative,0.9930722713470459,-0.7547319531440735,1.8698623180389404
1403902694209720323,neutral,1.6751916408538818,0.02679455652832985,1.141197919845581
1403902694268588035,neutral,1.8445197343826294,0.23661664128303528,0.8432996273040771
1403902694834774021,positive,1.496419072151184,2.4844603538513184,-0.48234206438064575
1403902694960492548,negative,0.6988013386726379,-0.31005653738975525,1.8511964082717896
1403902695757414403,neutral,1.8198760747909546,0.8568339943885803,0.430865615606308
1403902695786749952,neutral,1.6099246740341187,-0.34197279810905457,0.41448259353637695
1403902696394956802,neutral,2.0701541900634766,1.597553014755249,-0.18209874629974365
1403902698110468096,negative,0.45318153500556946,-0.12041810899972916,0.6296608448028564
1403902698924109826,positive,2.5266671180725098,3.826234817504883,-1.3479307889938354
1403902699066822656,neutral,2.0688953399658203,-0.5429195165634155,0.9904193878173828
1403902699133804552,negative,0.931581437587738,-0.4389590919017792,2.39197039604187
1403902699620372493,negative,1.212039828300476,-0.9052509069442749,2.0690996646881104
1403902705437872130,negative,1.0353490114212036,-1.2652437686920166,3.8529469966888428
1403902706247344132,negative,1.181307315826416,0.39784860610961914,1.3690813779830933
1403902706440294406,neutral,2.0382328033447266,-0.1844991147518158,0.6922811269760132
1403902707312758786,neutral,1.5498853921890259,0.7075878977775574,0.9406257271766663
1403902707342008322,neutral,1.8891879320144653,0.5245234966278076,0.560952365398407
1403902708046700544,negative,1.3916523456573486,0.024219028651714325,1.764966368675232
1403902708558532608,negative,0.9240877032279968,-1.1747676134109497,3.3573684692382812
1403902709388877827,negative,0.3883712887763977,0.4304251968860626,2.268505811691284
1403902709766311936,neutral,1.055356740951538,0.8293330073356628,0.7468229532241821
1403902710022295552,positive,1.0652272701263428,2.244779348373413,-0.2884071171283722
1403902710513078276,neutral,1.5824434757232666,0.2038956880569458,0.5083480477333069
1403902710894764035,negative,0.9091399312019348,-0.2559569180011749,1.8337440490722656
1403902713499422720,negative,1.2737969160079956,-0.7564876675605774,2.211355447769165
1403902714958995456,neutral,1.4043868780136108,0.34738871455192566,0.4107378423213959
1403902715453865984,neutral,1.1969548463821411,0.8843348622322083,0.8338322043418884
1403902715571228674,positive,0.9689724445343018,1.350106954574585,-0.27069026231765747
1403902715890077701,negative,1.1762375831604004,-0.9893057942390442,2.7843730449676514
1403902715999227904,neutral,1.6441446542739868,-0.5100816488265991,1.4364490509033203
1403902716225617925,negative,0.9332049489021301,-0.8243774175643921,2.8135881423950195
1403902716338966528,neutral,3.4536309242248535,2.5263540744781494,-1.8297415971755981
1403902716569587714,negative,1.2827833890914917,-0.6761819124221802,1.3995181322097778
1403902716741447680,neutral,3.530146598815918,1.6300077438354492,-1.0650410652160645
1403902717735497732,neutral,1.8034615516662598,-0.6097457408905029,1.4995843172073364
1403902721070178305,neutral,1.9842615127563477,-0.6380168795585632,1.508884310722351
1403902721233592324,negative,1.0012052059173584,-0.7474527955055237,2.1851418018341064
1403902722303221763,negative,1.3595622777938843,-1.1610808372497559,2.6232612133026123
1403902722802335751,neutral,2.4568967819213867,0.934338390827179,0.20977725088596344
1403902722902880259,positive,0.3727891147136688,1.5421339273452759,-0.1753469854593277
1403902723607564290,negative,1.0012052059173584,-0.7474527955055237,2.1851418018341064
1403902723716571136,neutral,1.594359278678894,-0.112026147544384,1.3583970069885254
1403902725864050688,neutral,2.079216480255127,1.9225530624389648,-0.3319595158100128
1403902726333890562,neutral,1.1294207572937012,0.5190712809562683,0.6805135607719421
1403902729693630469,positive,1.0652272701263428,2.244779348373413,-0.2884071171283722
1403902729735397382,negative,1.5016511678695679,-0.8024807572364807,1.5894004106521606
1403902730809360384,neutral,2.2915773391723633,0.832416832447052,-0.014600584283471107
1403902731539025924,negative,1.179978370666504,-0.7204530835151672,2.683948278427124
1403902734600974337,neutral,0.8778529167175293,0.7782127857208252,0.4238242506980896
1403902735129317381,negative,0.7795942425727844,0.620622456073761,1.5299644470214844
1403902737192939526,negative,1.0353490114212036,-1.2652437686920166,3.8529469966888428
1403902738912710659,negative,1.0250892639160156,-0.9134659767150879,2.3361549377441406
1403902739302731780,neutral,1.2379165887832642,-0.0013265907764434814,1.1420385837554932
1403902741882097667,negative,1.2667558193206787,-0.2920338809490204,1.761719822883606
1403902742326693896,negative,1.4286103248596191,-0.9739814400672913,2.449653148651123
1403902742989524992,neutral,3.530146598815918,1.6300078630447388,-1.0650410652160645
1403902745904488448,neutral,1.9063034057617188,-0.19060400128364563,1.6132076978683472
1403902746475048961,neutral,2.4435083866119385,-0.09789160639047623,0.24934013187885284
1403902748198772741,negative,1.2822479009628296,-0.45669862627983093,1.5339874029159546
1403902748723236868,negative,1.1818112134933472,-0.7169050574302673,1.4611098766326904
1403902749717143553,neutral,1.9239603281021118,0.8521580696105957,0.08820921182632446
1403902749742223365,positive,0.9559457898139954,1.0173283815383911,0.6752829551696777
1403902753366167561,negative,1.1933748722076416,-0.38290780782699585,1.363756537437439
1403902753580228609,positive,0.9779600501060486,1.9053521156311035,0.18815986812114716
1403902753756397572,neutral,2.0583808422088623,-0.018736250698566437,1.021752119064331
1403902754825949187,neutral,1.9776339530944824,-0.8590370416641235,1.4689377546310425
1403902756616753152,neutral,3.530146598815918,1.6300077438354492,-1.0650410652160645
1403902756969082883,positive,1.6851983070373535,3.039599895477295,-0.5585664510726929
1403902757531262980,negative,1.0883618593215942,-0.5602695345878601,1.9204556941986084
1403902757644374016,negative,1.221327781677246,-1.2218204736709595,3.12563419342041
1403902758130839552,neutral,1.5626722574234009,-0.03078524023294449,1.2850580215454102
1403902759104036864,negative,1.0254865884780884,-0.6115332245826721,2.2971067428588867
1403902759758299139,neutral,2.0574071407318115,0.10498326271772385,1.4736493825912476
1403902760240680961,positive,0.8614820241928101,4.620487689971924,-0.5422293543815613
1403902760886566916,negative,0.9093853235244751,0.31718942523002625,1.2865954637527466
1403902762669285377,positive,1.0564758777618408,1.444417119026184,0.1717466562986374
1403902763948445697,neutral,1.127166986465454,0.332976371049881,-0.40163764357566833
1403902764300705798,neutral,1.3597919940948486,-0.08003649860620499,0.9878328442573547
1403902764422471680,neutral,1.5824434757232666,0.2038956880569458,0.5083480477333069
1403902765752016899,negative,1.3916523456573486,0.024219028651714325,1.764966368675232
1403902765894713344,neutral,1.8445197343826294,0.23661664128303528,0.8432996273040771
1403902766372724737,negative,1.1188712120056152,-0.5353610515594482,2.0723114013671875
1403902767178031106,neutral,1.837786078453064,0.7957248687744141,0.15164148807525635
1403902768243351553,negative,1.3598676919937134,-1.1711071729660034,2.8847427368164062
1403902768453013510,neutral,1.8955224752426147,-0.6867144703865051,1.520538330078125
1403902768557871105,negative,0.868951678276062,-0.270965576171875,1.2727539539337158
1403902769438859264,negative,1.1564631462097168,-0.1942899227142334,2.099738359451294
1403902770487431168,neutral,2.010223627090454,0.31005552411079407,0.8314115405082703
1403902770931912705,neutral,1.054306149482727,1.0217208862304688,0.7050412893295288
1403902773851262978,neutral,1.980183720588684,0.676829993724823,0.47970715165138245
1403902774182436872,negative,1.0214234590530396,0.5666981339454651,1.4288856983184814
1403902774534758401,negative,1.2937169075012207,-0.10524379462003708,1.3721431493759155
1403902774572638208,neutral,1.4471620321273804,1.285084843635559,0.022250177338719368
1403902776325951495,neutral,3.4048023223876953,0.7540448307991028,-0.39189985394477844
1403902778167099392,negative,1.5277034044265747,-0.6450691819190979,2.3342041969299316
1403902779203198981,negative,0.8147459030151367,0.8830899596214294,1.032804012298584
1403902779467341825,negative,0.7840060591697693,-0.7009834051132202,1.988290786743164
1403902779777863682,neutral,2.022256851196289,-0.3437272012233734,0.5443872809410095
1403902781103083521,neutral,2.310502767562866,1.0204784870147705,0.24989044666290283
1403902781354774529,neutral,1.7361303567886353,1.3471790552139282,-0.20361652970314026
1403902782290153476,neutral,1.6905871629714966,0.25385144352912903,1.1053892374038696
1403902782596337668,negative,0.9293087124824524,-0.7154847979545593,2.525601387023926
1403902783154098180,neutral,2.1150765419006348,-0.6861427426338196,1.1743751764297485
1403902785582780416,negative,1.391652226448059,0.02421899139881134,1.7649662494659424
1403902787579154438,neutral,2.365736961364746,-0.10068512707948685,0.7749742865562439
1403902787885449218,positive,0.761646568775177,2.8931884765625,-0.5167924165725708
1403902792016838659,negative,1.0353490114212036,-1.2652437686920166,3.8529469966888428
1403902793912487937,neutral,1.6774605512619019,-0.5961165428161621,0.9751439690589905
1403902796978601988,negative,0.9934597015380859,0.5411084294319153,1.423951268196106
1403902797305847812,negative,1.181307315826416,0.39784860610961914,1.3690813779830933
1403902798526304258,neutral,0.23260748386383057,0.1763904094696045,0.14018523693084717
1403902800258498564,neutral,1.529746651649475,0.4484836161136627,0.5834035277366638
1403902804280807424,negative,1.3653026819229126,-0.2403641641139984,2.3678460121154785
1403902804591144964,neutral,3.530146598815918,1.6300077438354492,-1.0650410652160645
1403902805430005761,negative,1.340250849723816,-1.170627236366272,3.0786640644073486
1403902807003045888,positive,2.3686773777008057,3.3672335147857666,-0.9614863395690918
1403902808810831873,negative,1.7331552505493164,-0.39237740635871887,1.979001760482788
1403902808844238849,neutral,2.1374387741088867,-0.3386671543121338,1.074953556060791
1403902809813045251,neutral,2.235044002532959,0.9729810357093811,-0.1122853085398674
1403902810056380416,negative,1.2350144386291504,-0.1543426811695099,1.6994860172271729
1403902810605854723,neutral,0.6837402582168579,0.38145965337753296,0.18986238539218903
1403902810941542403,neutral,2.169309616088867,0.1710565686225891,1.2965402603149414
1403902812002525185,negative,1.0318316221237183,-0.6427058577537537,1.6042648553848267
1403902812979822593,negative,1.691731572151184,-0.7509752511978149,2.0442590713500977
1403902814343110659,negative,1.3683192729949951,-0.7666111588478088,2.1117663383483887
1403902815681003522,neutral,2.5938899517059326,0.3110746741294861,0.3784055709838867
1403902817954414592,negative,0.9943293333053589,-0.8112407326698303,2.478332757949829
1403902818826735626,negative,1.0910375118255615,-1.1740100383758545,3.372554302215576
1403902820185624578,negative,1.221327781677246,-1.2218204736709595,3.12563419342041
1403902821360148485,negative,1.2267986536026,-0.8981615304946899,2.0185441970825195
1403902822693752834,neutral,3.0300402641296387,1.7495306730270386,-0.8598861694335938
1403902823457165322,negative,1.3298671245574951,-0.6167056560516357,1.982214331626892
1403902823993987075,neutral,1.5537192821502686,0.37115269899368286,0.5080618262290955
1403902824547766275,positive,1.4143708944320679,2.3002004623413086,-0.187588632106781
1403902825411661825,neutral,1.6751916408538818,0.02679455652832985,1.141197919845581
1403902826720415745,neutral,1.8771545886993408,-0.23140931129455566,0.8341714143753052
1403902827013971972,neutral,1.769714593887329,-0.024844594299793243,0.8347852826118469
1403902829178220546,neutral,3.530146598815918,1.6300077438354492,-1.0650410652160645
1403902830998659074,negative,2.1112687587738037,-1.0838860273361206,2.2172744274139404
1403902835075469313,neutral,1.5559513568878174,0.9688065052032471,0.1871528923511505
1403902835083808773,negative,0.9420238137245178,-0.695655882358551,1.7309637069702148
1403902836010799107,negative,0.2640957236289978,-0.8369346857070923,2.7750790119171143
1403902836182642689,positive,0.6667008996009827,1.228050947189331,0.7168886065483093
1403902837646512138,neutral,1.229818344116211,-0.03233017772436142,1.0913666486740112
1403902839852699655,positive,1.8065481185913086,3.9963951110839844,-1.0970479249954224
1403902839861039105,neutral,1.6710026264190674,1.0443737506866455,-0.5519115328788757
1403902839953391618,negative,1.2667558193206787,-0.2920338809490204,1.761719822883606
1403902839974514689,negative,1.0969384908676147,-0.6841219067573547,2.251142740249634
1403902840150523905,negative,1.0257220268249512,-0.7076281309127808,2.3620526790618896
1403902840431529985,neutral,2.058189630508423,-0.8383657932281494,1.4405418634414673
1403902842335686657,neutral,1.9100215435028076,1.5029453039169312,0.07190008461475372
1403902844709654529,neutral,3.530146598815918,1.6300077438354492,-1.0650410652160645
1403902845254922243,negative,1.2667558193206787,-0.2920338809490204,1.761719822883606
1403902845280153600,negative,1.311780333518982,-1.3488848209381104,3.847764015197754
1403902847306014724,neutral,1.400123119354248,1.3838460445404053,-0.24940140545368195
1403902847842877440,neutral,2.071244239807129,1.4225049018859863,-0.2106265425682068
1403902852267872258,negative,1.3916523456573486,0.024219028651714325,1.764966368675232
1403902854750900226,neutral,1.2416117191314697,0.16468289494514465,0.5670780539512634
1403902856424353793,negative,1.3531675338745117,-0.8472785353660583,1.6947057247161865
1403902856508358657,negative,1.1933748722076416,-0.38290780782699585,1.363756537437439
1403902856550240259,negative,1.038985252380371,-0.48021551966667175,2.4484903812408447
1403902856780861442,negative,1.0967003107070923,-1.09264075756073,3.1334149837493896
1403902857472970755,neutral,3.0300402641296387,1.7495306730270386,-0.8598861694335938
1403902862120210433,negative,1.672927737236023,-0.9934981465339661,2.027182102203369
1403902864188219393,negative,1.0353490114212036,-1.2652437686920166,3.8529469966888428
1403902864209039364,positive,1.6851983070373535,3.039599895477295,-0.5585664510726929
1403902864276197383,positive,1.0564759969711304,1.4444172382354736,0.1717466115951538
1403902864582381571,neutral,2.6754703521728516,1.1542540788650513,-0.23154272139072418
1403902867057123330,neutral,1.8955224752426147,-0.6867144703865051,1.520538330078125
1403902867094790147,negative,1.405822515487671,-0.05525834113359451,1.928844690322876
1403902868038602754,neutral,2.506451368331909,1.4469834566116333,-0.5270968675613403
1403902868185260033,negative,1.1142884492874146,0.3604070246219635,1.308568000793457
1403902869804224513,neutral,2.222855806350708,0.2497064471244812,0.2266465723514557
1403902870320205829,neutral,2.6754703521728516,1.1542540788650513,-0.23154272139072418
1403902871721160711,neutral,1.2221852540969849,0.8503368496894836,0.5260177254676819
1403902878583042057,negative,0.8156048655509949,0.849968433380127,0.8942209482192993
1403902878989885440,neutral,1.8445197343826294,0.23661664128303528,0.8432996273040771
1403902879459467275,negative,1.323105812072754,-1.2230225801467896,2.717540979385376
1403902880529063937,neutral,1.0073494911193848,0.501737654209137,0.8821002244949341
1403902884920582144,negative,1.2752338647842407,-0.33406853675842285,2.3445751667022705
1403902886086549504,negative,0.6593255400657654,-0.0652962401509285,1.9593242406845093
1403902888695537667,negative,1.3787270784378052,-0.9933493733406067,2.2638981342315674
1403902891098787847,negative,1.389846682548523,-0.3545243442058563,1.569698691368103
1403902894609416198,neutral,1.3822152614593506,0.03997292369604111,1.2649227380752563
1403902894634680327,neutral,1.9853767156600952,0.11039773374795914,0.24147769808769226
1403902894718406663,negative,1.0406500101089478,-0.540916919708252,2.173410654067993
1403902894781263872,neutral,1.6245570182800293,0.7217553853988647,0.49659278988838196
1403902895699881985,neutral,1.5676321983337402,-0.5248143076896667,1.3224167823791504
1403902896572305411,neutral,1.622283697128296,-0.17455866932868958,1.0309914350509644
1403902896698060803,positive,0.4266442656517029,1.0471889972686768,0.7995455265045166
1403902896953978882,neutral,1.8891879320144653,0.5245234966278076,0.560952365398407
1403902897650384907,negative,1.1685295104980469,-1.1919218301773071,2.797386884689331
1403902897977315330,positive,2.261118173599243,2.3664309978485107,-0.37763646245002747
1403902898568798211,negative,1.5036892890930176,-0.8730363249778748,2.097874402999878
1403902898854105088,negative,1.1069564819335938,-0.48716381192207336,2.063549041748047
1403902899223248898,neutral,1.664562463760376,0.57457435131073,0.34727251529693604
1403902901999718404,neutral,1.7833341360092163,-0.273571640253067,1.362803339958191
1403902902427521027,neutral,1.6384438276290894,1.3267924785614014,0.1158185675740242
1403902903207743490,neutral,1.9592454433441162,0.8381249308586121,0.6508306264877319
1403902903585316866,neutral,1.8445197343826294,0.23661664128303528,0.8432996273040771
1403902904680038400,negative,1.2200335264205933,-0.20551329851150513,1.4111121892929077
1403902906185748482,negative,1.3916523456573486,0.024219028651714325,1.764966368675232
1403902906269671424,neutral,2.069673538208008,0.07034614682197571,0.8303924202919006
1403902906764468224,neutral,1.6456390619277954,0.208329975605011,1.558029294013977
1403902907838173184,negative,1.1645140647888184,-1.0597312450408936,3.000579833984375
1403902908400345094,negative,0.8310292363166809,-1.1673274040222168,3.214250087738037
1403902908886753288,negative,1.4937011003494263,-1.2051976919174194,3.207881212234497
1403902909855711234,negative,0.8555442690849304,-0.005813069641590118,1.138541340827942
1403902915044126731,neutral,1.6209299564361572,0.1698945313692093,1.050075650215149
1403902915740192770,neutral,2.1686487197875977,1.3696815967559814,-0.03173819184303284
1403902916524527624,neutral,1.8891879320144653,0.5245234966278076,0.560952365398407
1403902917279551488,negative,1.19339120388031,-0.5889127254486084,1.906925082206726
1403902920219787267,neutral,3.530146598815918,1.6300077438354492,-1.0650410652160645
1403902923080441859,negative,0.6895111799240112,0.0997280478477478,0.8727232217788696
1403902924640694275,neutral,1.7650130987167358,-0.7029991745948792,1.4997856616973877
1403902924665720836,negative,0.7972858548164368,0.848799467086792,0.9006895422935486
1403902924967845891,negative,1.3111854791641235,-0.6146934628486633,1.4559777975082397
1403902925747879943,negative,1.311780333518982,-1.3488848209381104,3.847764015197754
1403902926662242308,neutral,1.9336826801300049,0.3085152506828308,0.8164277076721191
1403902927643693058,positive,2.633991003036499,4.511340141296387,-1.489058256149292
1403902928335773699,neutral,1.91477632522583,-0.7280219197273254,1.6810382604599
1403902929816285190,negative,1.0012052059173584,-0.7474527955055237,2.1851418018341064
1403902929841577986,neutral,2.077286720275879,2.0228757858276367,-0.5559776425361633
1403902932991496196,negative,1.166877031326294,0.22547310590744019,1.5400410890579224
1403902934866354180,negative,1.477245807647705,-1.1057395935058594,2.374650478363037
1403902935252221954,neutral,1.3822152614593506,0.03997292369604111,1.2649227380752563
1403902936061812737,negative,0.7533397078514099,-1.0837548971176147,3.2508914470672607
1403902936359469058,negative,0.8809601664543152,0.37577515840530396,1.200926661491394
1403902937114365958,negative,0.9712803959846497,-1.1330993175506592,3.3315351009368896
1403902938011996171,neutral,2.3593223094940186,0.7755992412567139,0.18754072487354279
1403902938980962304,neutral,1.8341424465179443,-0.7452924251556396,1.1401646137237549
1403902941317185536,neutral,2.110060214996338,1.3681637048721313,0.1483171284198761
1403902942671949825,neutral,1.8891879320144653,0.5245234966278076,0.560952365398407
1403902942747545602,neutral,1.594359278678894,-0.112026147544384,1.3583970069885254
1403902942772547593,negative,1.221327781677246,-1.2218204736709595,3.12563419342041
1403902943296995331,negative,1.3916523456573486,0.024219028651714325,1.764966368675232
1403902944949329920,neutral,0.9240143895149231,0.6299899220466614,0.8740690350532532
1403902945217986561,neutral,0.23260748386383057,0.1763904094696045,0.14018523693084717
1403902945939410947,positive,1.470990777015686,1.6905685663223267,-0.519282877445221
1403902947457634304,negative,1.049437403678894,-0.15894585847854614,1.4622230529785156
1403902947533201411,neutral,2.4398207664489746,2.276357412338257,-0.38915926218032837
1403902948032323584,neutral,1.74347984790802,-0.3741884231567383,0.9578357338905334
1403902950796414977,negative,1.2623422145843506,-1.2370593547821045,2.973182201385498
1403902950892740612,positive,0.9587416052818298,1.0897016525268555,0.32074078917503357
1403902951517609987,neutral,2.428318977355957,0.36440208554267883,0.3779109716415405
1403902953572900865,neutral,2.9175734519958496,1.0086370706558228,-0.20201879739761353
1403902953845673987,negative,1.0867263078689575,-0.3394847810268402,2.012897491455078
1403902955846135808,positive,3.0469815731048584,3.9677743911743164,-1.2178895473480225
1403902956404150282,negative,1.6166800260543823,-1.2561655044555664,2.888909339904785
1403902957200961537,neutral,2.342907428741455,0.042418017983436584,0.9410718679428101
1403902957305974795,negative,1.191857933998108,-1.3733420372009277,3.709071636199951
1403902959440732160,negative,1.3916523456573486,0.024219028651714325,1.764966368675232
1403902961382694912,neutral,2.0026562213897705,0.24511966109275818,0.6241269111633301
1403902963345629192,neutral,3.530146598815918,1.6300077438354492,-1.0650410652160645
1403902964071387139,neutral,1.879719614982605,0.07353799790143967,0.7502173781394958
1403902964863963141,neutral,1.5434707403182983,0.7020353674888611,0.6402270197868347
1403902966000603136,negative,1.0621134042739868,-0.5805188417434692,2.0343196392059326
1403902966487080964,negative,0.9009653925895691,-0.7359654307365417,2.7964589595794678
1403902967170936834,negative,1.3916523456573486,0.024219028651714325,1.764966368675232
1403902967313358855,neutral,3.530146598815918,1.6300077438354492,-1.0650410652160645
1403902967636430851,negative,0.9932029843330383,0.53460294008255,1.400722622871399
1403902968039096321,neutral,0.9726789593696594,0.4259580075740814,0.9009019136428833
1403902969083424769,neutral,2.6191046237945557,1.2172598838806152,-0.6709921360015869
1403902969410695170,neutral,1.3212368488311768,1.2874034643173218,-0.015089428052306175
1403902970765320195,negative,1.0643671751022339,0.13772816956043243,1.523486852645874
1403902971650482185,neutral,2.543001890182495,1.0240801572799683,-0.16154251992702484
1403902973130989568,negative,1.0917972326278687,-0.5447668433189392,1.8926752805709839
1403902973248303104,positive,1.0154359340667725,1.6775542497634888,0.1849820762872696
1403902974590558210,neutral,2.74287486076355,0.7437349557876587,0.10274859517812729
1403902975433609217,negative,1.3231056928634644,-1.2230225801467896,2.717540979385376
1403902976096342022,neutral,1.8957023620605469,0.49880149960517883,0.2651660442352295
1403902976557830145,neutral,1.3635331392288208,0.47905269265174866,0.516029953956604
1403902976628903938,negative,1.0883618593215942,-0.5602695345878601,1.9204556941986084
1403902978361225219,neutral,2.601191997528076,1.7843331098556519,-0.6702147126197815
1403902978629664770,neutral,3.530146598815918,1.6300077438354492,-1.0650410652160645
1403902981330804736,negative,0.9369463920593262,-0.8945975303649902,2.935513496398926
1403902982492545030,neutral,2.169309616088867,0.1710565686225891,1.2965402603149414
1403902982647955460,negative,1.0883618593215942,-0.5602695345878601,1.9204556941986084
1403902982689755142,negative,0.6188213229179382,-0.2865886092185974,2.0065202713012695
1403902983423803392,negative,1.1173830032348633,-0.2978028953075409,1.956374168395996
1403902983440678922,negative,1.0883618593215942,-0.5602695941925049,1.9204556941986084
1403902983637774345,negative,0.7533397078514099,-1.0837548971176147,3.2508914470672607
1403902984279441408,neutral,2.789978504180908,1.931742787361145,-0.6305220127105713
1403902984321441793,neutral,3.047598361968994,2.772895097732544,-0.870719850063324
1403902984346640392,neutral,2.306674003601074,-0.3815867304801941,0.8096887469291687
1403902985248284672,neutral,2.019287586212158,0.5975055694580078,0.3812292516231537
1403902985260896256,neutral,1.8504389524459839,0.553970992565155,0.8115999102592468
1403902985327890433,neutral,2.0153071880340576,0.4585033655166626,0.5769575834274292
1403902989463523331,negative,1.1886110305786133,-0.2496701180934906,1.9452059268951416
1403902991652909057,negative,1.0990169048309326,-0.7306036353111267,2.218822956085205
1403902992336797723,negative,1.3916523456573486,0.024219028651714325,1.764966368675232
1403902993099939841,negative,1.311780333518982,-1.3488848209381104,3.847764015197754
1403902993578135552,negative,1.2156232595443726,-0.9086392521858215,2.6823418140411377
1403902993930633216,negative,0.8555442690849304,-0.005813069641590118,1.138541340827942
1403902994005979141,positive,1.4722399711608887,2.1565959453582764,-0.480255126953125
1403902994131849219,negative,1.1811085939407349,0.0727272629737854,1.6746410131454468
1403902994576412677,negative,1.5641707181930542,-0.9079983234405518,1.834072470664978
1403902996136685573,neutral,1.7924851179122925,0.5573154091835022,0.6983882188796997
1403902998003294209,negative,1.473955750465393,-0.7643097043037415,1.7393555641174316
1403902998200340480,neutral,2.061816692352295,0.27109697461128235,0.019507944583892822
1403902999093821445,neutral,2.5309994220733643,0.7896189093589783,0.13629961013793945
1403902999211114500,negative,0.7403097152709961,-0.4019233286380768,2.042513847351074
1403902999504863239,negative,1.8190058469772339,-1.0369819402694702,2.1519250869750977
1403903000033300482,negative,0.8834385275840759,-0.7417328357696533,1.7276250123977661
1403903000100229123,positive,1.5590038299560547,3.3970587253570557,-0.4062489867210388
1403903000800751617,neutral,1.1378804445266724,0.6127020716667175,1.000961422920227
1403903002998722564,neutral,1.3061246871948242,0.8049685955047607,1.119627833366394
1403903003912929280,negative,0.9202936887741089,-0.7902498841285706,1.9491122961044312
1403903004500119553,neutral,1.8445197343826294,0.23661664128303528,0.8432996273040771
1403903005016027146,positive,1.4580098390579224,1.6494261026382446,0.28683724999427795
1403903005955608577,neutral,0.9080965518951416,0.6356780529022217,0.5056260824203491
1403903006484148226,neutral,1.2870900630950928,-0.0186450257897377,1.1803333759307861
1403903010112118784,negative,1.5277034044265747,-0.6450691819190979,2.3342041969299316
1403903010422525952,negative,1.8611353635787964,-1.0378718376159668,2.1111643314361572
1403903011647373318,negative,1.4256197214126587,-0.7786533832550049,2.165693998336792
1403903012548988935,negative,1.0990169048309326,-0.7306036353111267,2.218822956085205
1403903013484482563,negative,1.0560399293899536,-0.20348262786865234,1.41563081741333
1403903013631168515,negative,1.353706955909729,-1.1088670492172241,2.904186725616455
1403903015912759299,negative,0.5093395113945007,-0.8359131217002869,2.979652166366577
1403903017028444164,negative,0.5530329942703247,0.9481126070022583,1.305663824081421
1403903017544519689,negative,0.9065199494361877,0.4278707802295685,1.3093606233596802
1403903018609827841,neutral,1.904744267463684,1.020995855331421,0.5150212645530701
1403903021730381824,negative,1.4962705373764038,-1.1303802728652954,2.6575570106506348
1403903022581751811,negative,1.0532729625701904,-0.5027941465377808,2.289698362350464
1403903024683053058,negative,1.336068034172058,-1.319144368171692,3.4060964584350586
1403903025559703554,negative,1.3972790241241455,-1.0940473079681396,2.6723084449768066
1403903027736625155,negative,1.1811083555221558,0.0727272555232048,1.6746411323547363
1403903028126646274,neutral,1.8179923295974731,1.1620765924453735,0.21287928521633148
1403903028260790278,neutral,2.1455202102661133,0.7719669342041016,-0.506666898727417
1403903028772720643,negative,2.1112687587738037,-1.0838860273361206,2.2172744274139404
1403903028810317830,neutral,2.105400562286377,1.4636499881744385,-0.3829324543476105
1403903030160891910,neutral,1.8786649703979492,-0.2428571879863739,1.5437231063842773
1403903030794211328,negative,1.7818498611450195,-0.8212741613388062,1.7911601066589355
1403903030802538497,negative,1.517153024673462,-0.34142255783081055,1.7446469068527222
1403903031331151872,negative,0.38623207807540894,0.624855101108551,3.046273708343506
1403903032975192066,negative,0.801079273223877,-0.7946383357048035,2.5863699913024902
1403903035454025730,positive,1.7465800046920776,3.7106921672821045,-1.187950611114502
1403903035525324801,negative,1.3916523456573486,0.024219028651714325,1.764966368675232
1403903038457212937,neutral,1.5522315502166748,0.4348011612892151,0.2220563441514969
1403903038687911938,negative,1.7662180662155151,-0.9365819096565247,2.7928953170776367
1403903039212199937,negative,0.995887041091919,-1.1690928936004639,3.3699331283569336
1403903039229026304,neutral,3.4682159423828125,0.08448464423418045,-0.08808551728725433
1403903040399233033,negative,1.0865070819854736,-0.6694229245185852,1.5375518798828125
1403903041166774273,positive,0.622042715549469,0.8405560851097107,0.5634763836860657
1403903041506471945,positive,0.9960823059082031,1.5235508680343628,0.48566198348999023
1403903041686827010,negative,1.6387070417404175,-0.8404439687728882,1.766706109046936
1403903042861207554,neutral,1.1690962314605713,1.1565933227539062,0.6226915121078491
1403903043670724610,negative,1.2757654190063477,-1.4581999778747559,3.97552752494812
1403903044480344066,negative,1.0883618593215942,-0.5602695345878601,1.9204556941986084
1403903046078238732,positive,1.1796743869781494,2.0178372859954834,-0.2071738988161087
1403903048393523202,neutral,1.594359278678894,-0.112026147544384,1.3583970069885254
1403903049446219778,negative,1.6634572744369507,-1.0234328508377075,2.36853289604187
1403903049588899846,negative,0.7283031940460205,-0.22058305144309998,1.775636076927185
1403903050004135936,neutral,1.7649954557418823,0.5904327034950256,0.5617753863334656
1403903050402598913,negative,1.1222060918807983,-1.239254117012024,2.8921380043029785
1403903051069493248,neutral,1.8955224752426147,-0.6867144703865051,1.520538330078125
1403903053070168070,neutral,1.711142897605896,-0.19934511184692383,1.113633632659912
1403903054802522112,neutral,1.9079734086990356,0.08113408833742142,1.0810929536819458
1403903055452467201,neutral,1.3274635076522827,-0.3650183081626892,1.142321228981018
1403903055561515011,negative,1.221327781677246,-1.2218204736709595,3.12563419342041
1403903056522186752,negative,1.304829716682434,-0.5528056025505066,2.3544061183929443
1403903056882720770,negative,0.27453330159187317,-0.8543756604194641,3.7593510150909424
1403903058040422405,neutral,2.169309616088867,0.1710565686225891,1.2965402603149414
1403903061236633600,neutral,1.8327511548995972,0.14273375272750854,0.7144150137901306
1403903062498963458,neutral,2.1827704906463623,0.5799306631088257,0.13069412112236023
1403903063086096387,negative,1.4070522785186768,-0.9250665307044983,1.9019062519073486
1403903064160059394,negative,0.9916449785232544,-1.3381162881851196,4.112020492553711
1403903064164077571,neutral,1.4724236726760864,0.41192978620529175,1.1655617952346802
1403903065254551559,neutral,2.0153071880340576,0.4585033655166626,0.5769575834274292
1403903066450051077,negative,1.38515305519104,-1.0751652717590332,2.3441336154937744
1403903066542280704,negative,1.3916523456573486,0.024219028651714325,1.764966368675232
1403903069004304386,negative,0.9026128053665161,0.2803806960582733,1.4002437591552734
1403903069239324672,neutral,2.4732766151428223,2.049830913543701,-0.6388832926750183
1403903069327220737,positive,1.1434686183929443,2.0126264095306396,-0.24142159521579742
1403903069939585031,positive,1.5458378791809082,1.7728381156921387,-0.25538215041160583
1403903070090715137,neutral,1.8288832902908325,1.4187253713607788,-0.15572942793369293
1403903070191472641,negative,1.2301822900772095,-0.5504745841026306,1.7504425048828125
1403903073702060035,neutral,1.8955224752426147,-0.6867144703865051,1.520538330078125
1403903074004082691,negative,1.500773310661316,-0.7543069124221802,2.3427791595458984
1403903077502001152,neutral,2.169309616088867,0.1710565686225891,1.2965402603149414
1403903077590130690,negative,1.4613295793533325,-0.9973997473716736,2.5998775959014893
1403903077988532227,negative,1.705331802368164,-0.9018414616584778,2.45780873298645
1403903083562684419,negative,1.4070522785186768,-0.9250665307044983,1.9019062519073486
1403903084120526857,neutral,2.075870990753174,-0.6418469548225403,1.5519226789474487
1403903084162551808,neutral,1.637675404548645,0.45437192916870117,0.5790775418281555
1403903085525700611,neutral,2.363513708114624,0.31487810611724854,0.3369843363761902
1403903085534093313,neutral,1.4470930099487305,-0.016866572201251984,1.0530389547348022
1403903086402236416,negative,1.2939651012420654,-0.5082730650901794,2.135753631591797
1403903086406426625,neutral,2.2769222259521484,-0.2967582046985626,0.9188205599784851
1403903087056769028,positive,0.24194465577602386,0.9218271374702454,0.6420593857765198
1403903087916601345,neutral,2.329826831817627,0.45490148663520813,0.548332691192627
1403903088281411588,neutral,1.750163197517395,-0.1407138705253601,0.6101891398429871
1403903088558186498,negative,1.0883618593215942,-0.5602694749832153,1.9204559326171875
1403903089107640322,neutral,1.6158134937286377,0.2562713921070099,0.6911342740058899
1403903090252681216,negative,1.0012052059173584,-0.7474527955055237,2.1851418018341064
1403903090282024960,neutral,1.2499035596847534,0.8205153346061707,0.9937493801116943
1403903090605056003,negative,0.6626914143562317,-0.19294258952140808,2.304506778717041
1403903090806312961,neutral,1.7792335748672485,0.4604825973510742,0.38533857464790344
1403903092190441472,neutral,1.2504335641860962,0.9204910397529602,0.9078404307365417
1403903093029294081,negative,0.94660484790802,-0.7996188998222351,2.5289080142974854
1403903094677721095,negative,1.251084566116333,-0.6692695617675781,1.728593349456787
1403903098024693761,neutral,1.6763032674789429,0.5464644432067871,0.3555118143558502
1403903098058199041,neutral,1.5167016983032227,0.7986373901367188,0.6455375552177429
1403903099811491841,negative,1.166877031326294,0.22547310590744019,1.5400410890579224
1403903100318978048,neutral,1.4470930099487305,-0.016866572201251984,1.0530389547348022
1403903100465954817,negative,1.0824861526489258,0.4833658039569855,1.2812108993530273
1403903101157871616,neutral,2.229983329772949,1.1287357807159424,-0.24810419976711273
1403903102118289409,neutral,1.8955224752426147,-0.6867144703865051,1.520538330078125
1403903102193917956,negative,1.5908018350601196,-0.38131383061408997,1.6988087892532349
1403903102630068228,negative,1.1811085939407349,0.0727272629737854,1.6746410131454468
1403903102869200896,negative,1.5016511678695679,-0.8024807572364807,1.5894004106521606
1403903103116660736,negative,1.0964136123657227,-0.1861725151538849,1.8657516241073608
1403903103305355266,neutral,1.9239603281021118,0.8521580696105957,0.08820921182632446
1403903103930454022,negative,1.4257487058639526,-0.185784250497818,1.7876757383346558
1403903103951261700,neutral,2.3253333568573,0.9547171592712402,-0.47086912393569946
1403903104572178437,neutral,2.306674003601074,-0.3815867304801941,0.8096887469291687
1403903105696026627,negative,0.7313718795776367,0.21931931376457214,1.2652864456176758
1403903105901555712,negative,0.555260419845581,-0.22841596603393555,2.592209577560425
1403903106060996609,negative,1.433020830154419,-0.7688815593719482,1.958038330078125
1403903108426698756,neutral,1.8955224752426147,-0.6867144703865051,1.520538330078125
1403903109022240773,neutral,1.5559513568878174,0.9688065052032471,0.1871528923511505
1403903109693263872,negative,1.6075479984283447,-0.6639649271965027,1.7507745027542114
1403903109932339200,negative,1.0407484769821167,0.4000968635082245,1.106549620628357
1403903110464954368,negative,1.221327781677246,-1.2218204736709595,3.12563419342041
1403903112830652425,negative,1.5003094673156738,-1.08436918258667,2.319007396697998
1403903113073995777,neutral,2.612525224685669,1.0980920791625977,-0.3629615604877472
1403903114277789697,negative,1.221327781677246,-1.2218204736709595,3.12563419342041
1403903115859042307,neutral,1.669283151626587,0.035268038511276245,0.5759364366531372
1403903116404166660,positive,1.6851983070373535,3.039599895477295,-0.5585664510726929
1403903116555128834,neutral,1.6751916408538818,0.02679455652832985,1.141197919845581
1403903117205413896,neutral,1.8955224752426147,-0.6867144703865051,1.520538330078125
1403903117599514624,negative,1.166877031326294,0.22547310590744019,1.5400410890579224
1403903117599686658,negative,1.221327781677246,-1.2218204736709595,3.12563419342041
1403903117960257537,negative,1.0990169048309326,-0.7306036353111267,2.218822956085205
1403903118530662402,neutral,1.8198760747909546,0.8568339943885803,0.430865615606308
1403903118849441799,neutral,1.8891879320144653,0.5245234966278076,0.560952365398407
1403903119356948480,neutral,2.5569887161254883,0.2946128845214844,0.4859161972999573
1403903119579299844,neutral,1.6763032674789429,0.5464644432067871,0.3555118143558502
1403903119742836736,negative,1.2772047519683838,-0.6629189848899841,2.0955357551574707
1403903120321613826,negative,1.0012052059173584,-0.7474527955055237,2.1851418018341064
1403903120388722689,neutral,1.2570569515228271,-0.3029814660549164,0.35650360584259033
1403903120959180810,negative,0.9784209728240967,0.3097434341907501,1.3573975563049316
1403903121227534336,negative,1.8949532508850098,-0.9711261987686157,2.0626251697540283
1403903121600827401,neutral,1.4470930099487305,-0.016866512596607208,1.0530389547348022
1403903122238365701,negative,1.340898036956787,-0.8645901679992676,1.812795639038086
1403903123442192384,negative,1.26300048828125,-0.2543841302394867,1.7335474491119385
1403903123484200962,negative,1.0627849102020264,-0.004294157028198242,1.7522211074829102
1403903124004212742,negative,1.3195860385894775,-0.702599287033081,1.994076132774353
1403903124146823170,positive,1.6851983070373535,3.039599895477295,-0.5585664510726929
1403903125753253888,negative,0.936116635799408,-1.047034740447998,3.4188432693481445
1403903126847901697,neutral,1.600205898284912,0.9929436445236206,0.53289395570755
1403903127560982530,negative,0.8263846635818481,-0.5033596158027649,2.371027708053589
1403903128353837057,neutral,2.6754703521728516,1.1542540788650513,-0.23154272139072418
1403903129792376839,negative,1.4112640619277954,-0.9316865801811218,2.230771780014038
1403903129972707335,neutral,0.9830307960510254,0.621898889541626,0.190873920917511
1403903131180732417,neutral,1.5824434757232666,0.2038956880569458,0.5083480477333069
1403903132694990849,neutral,2.256420373916626,-0.4994761049747467,0.9110322594642639
1403903132992786433,neutral,1.9592792987823486,1.8201779127120972,-0.003962738439440727
1403903133189820418,neutral,1.5201704502105713,1.3179523944854736,1.2043180465698242
1403903136117321728,neutral,2.5369904041290283,0.0439564473927021,0.5052167177200317
1403903136994107392,neutral,2.022512912750244,-0.07922516018152237,1.1852880716323853
1403903137644171264,neutral,2.077286720275879,2.022876024246216,-0.5559776425361633
1403903138659110913,negative,1.1102476119995117,-1.1738814115524292,3.223904848098755
1403903138776551425,negative,1.2720117568969727,-1.3896079063415527,3.609194755554199
1403903140865400835,neutral,2.306674003601074,-0.3815867304801941,0.8096887469291687
1403903141809172483,neutral,1.0737528800964355,0.6206245422363281,0.8772183060646057
1403903142224273408,negative,1.5048179626464844,-0.7736847996711731,1.6393139362335205
1403903142257963010,neutral,1.054306149482727,1.0217208862304688,0.7050412893295288
1403903143214260224,negative,1.3268760442733765,-1.2181531190872192,2.747913360595703
1403903144862437378,negative,1.1312181949615479,-0.8090580105781555,1.8008997440338135
1403903145206595590,neutral,2.6754703521728516,1.1542540788650513,-0.23154272139072418
1403903145437192195,negative,1.3916523456573486,0.024219028651714325,1.764966368675232
1403903145722486784,positive,0.8369482755661011,0.8719515800476074,0.1331690400838852
1403903145915437056,positive,1.8236932754516602,2.031595230102539,-0.3543674945831299
1403903148159340547,negative,1.099560260772705,-0.6983868479728699,2.550657272338867
1403903150008930310,negative,1.1738076210021973,0.5183055400848389,1.2793595790863037
1403903150164267008,negative,1.3916523456573486,0.024219028651714325,1.764966368675232
1403903151523127296,neutral,1.8375035524368286,1.4577993154525757,0.2747079133987427
1403903154241126405,neutral,1.2836847305297852,0.8742322325706482,0.5768332481384277
1403903154580717568,negative,1.3094537258148193,-0.3152199387550354,1.3259634971618652
1403903155021049859,neutral,2.063166379928589,1.9026203155517578,-0.5466517210006714
1403903156094791685,negative,1.5637716054916382,-0.8004036545753479,1.951215147972107
1403903156505907201,negative,1.567069411277771,-0.8229624032974243,1.7146711349487305
1403903157495685120,neutral,1.4470930099487305,-0.016866527497768402,1.0530389547348022
1403903157994881027,neutral,2.2347159385681152,0.5369108319282532,0.8031454086303711
1403903159295262721,negative,1.2468247413635254,-0.7050621509552002,2.3096394538879395
1403903159395774464,neutral,1.4051634073257446,-0.19663482904434204,0.8667081594467163
1403903160108859394,positive,1.8236932754516602,2.031595230102539,-0.3543674945831299
1403903160129921027,neutral,1.8782765865325928,1.2102903127670288,0.6836864948272705
1403903160628875278,negative,1.0943975448608398,-0.7923738360404968,1.9569153785705566
1403903162747179009,neutral,1.7823402881622314,-0.4557192027568817,0.44886934757232666
1403903162935779330,neutral,2.4789278507232666,0.6137328743934631,0.33189988136291504
1403903163489468418,negative,1.166877031326294,0.22547310590744019,1.5400410890579224
1403903164521148420,positive,1.448988676071167,1.6204354763031006,0.09375882893800735
1403903165934751747,negative,1.2394734621047974,-1.073486566543579,2.650541067123413
1403903166211510273,neutral,1.819875955581665,0.8568339943885803,0.43086564540863037
1403903166282936325,negative,1.361433506011963,0.049175117164850235,1.5213608741760254
1403903166559698944,neutral,1.10451078414917,1.0659438371658325,0.77787846326828
1403903167587180553,negative,0.9712803959846497,-1.1330993175506592,3.3315351009368896
1403903168682024961,negative,1.166877031326294,0.22547310590744019,1.5400410890579224
1403903168736464896,positive,0.2464960515499115,2.720296859741211,0.14071181416511536
1403903168891670528,negative,1.7245160341262817,-0.784385621547699,1.747024655342102
1403903170082869249,negative,1.3972790241241455,-1.0940473079681396,2.6723084449768066
1403903170296762369,negative,0.8248421549797058,-0.9300796389579773,2.675045967102051
1403903171051679750,negative,1.6634572744369507,-1.0234328508377075,2.36853289604187
1403903171802640386,neutral,1.2957432270050049,0.029400985687971115,0.7809592485427856
1403903172876320769,negative,1.5908018350601196,-0.38131383061408997,1.6988087892532349
1403903175158124548,negative,1.167500376701355,-0.8058457970619202,2.6428420543670654
1403903175170555907,neutral,2.6215062141418457,1.8814367055892944,-0.6578801870346069
1403903175212556295,neutral,1.8955224752426147,-0.6867144703865051,1.520538330078125
1403903177569673219,neutral,2.322033643722534,0.8155692219734192,0.12140562385320663
1403903177968082950,negative,0.8239428400993347,0.3771604895591736,1.6502293348312378
1403903178987298818,negative,1.3723924160003662,-0.51764315366745,1.9944376945495605
1403903179461255170,neutral,2.0574071407318115,0.10498326271772385,1.4736493825912476
1403903179465445377,negative,0.32252049446105957,0.1774795949459076,1.904909610748291
1403903180954640387,negative,1.1668771505355835,0.2254730761051178,1.540041208267212
1403903181298487299,negative,2.1112687587738037,-1.083885908126831,2.2172744274139404
1403903181998931968,negative,1.3916525840759277,0.024219132959842682,1.7649662494659424
1403903184762966016,neutral,1.0800796747207642,1.0306403636932373,1.026109218597412
1403903185136197632,negative,0.9112792611122131,0.7150863409042358,1.236546516418457
1403903186180608001,neutral,2.6754703521728516,1.1542540788650513,-0.23154272139072418
1403903186763722754,neutral,1.8445197343826294,0.23661664128303528,0.8432996273040771
1403903188810362881,neutral,1.4470930099487305,-0.016866572201251984,1.0530389547348022
1403903189804539910,negative,1.8217545747756958,-0.5537141561508179,1.975619912147522
1403903189905182722,negative,1.3916523456573486,0.024219028651714325,1.764966368675232
1403903191008169988,negative,1.4070522785186768,-0.9250665307044983,1.9019062519073486
1403903191436124161,neutral,1.779911756515503,0.06887773424386978,1.4733537435531616
1403903192602058752,negative,1.5367183685302734,-0.7181174755096436,2.059581995010376
1403903193160065026,negative,1.6753387451171875,-1.156880497932434,2.6346824169158936
1403903193503911937,neutral,1.8848800659179688,-0.7976000905036926,1.5763757228851318
1403903193956900871,negative,1.284617304801941,-1.124041199684143,2.786445379257202
1403903194695188481,neutral,1.7095973491668701,0.8819745779037476,0.27550026774406433
1403903195307548675,negative,1.4819881916046143,-1.2135556936264038,2.721841812133789
1403903197794562050,positive,1.6426349878311157,2.0531418323516846,-0.18654344975948334
1403903198000300034,neutral,1.9842615127563477,-0.6380168795585632,1.508884310722351
1403903198084145153,negative,0.6391933560371399,-0.08377956598997116,0.959758996963501
1403903198436397058,neutral,1.8251690864562988,0.4803881049156189,0.19323788583278656
1403903199191474183,negative,1.5908018350601196,-0.38131383061408997,1.6988087892532349
1403903199451439109,negative,0.5535120368003845,-0.2658514976501465,2.172093629837036
1403903200516665346,neutral,1.28175687789917,0.7557563185691833,1.0260200500488281
1403903202353889280,neutral,1.1690962314605713,1.1565933227539062,0.6226914525032043
1403903202764931076,negative,0.8585561513900757,-1.1697885990142822,3.6911704540252686
1403903204513910784,neutral,2.686922550201416,0.012738130986690521,0.6487725973129272
1403903205692436488,negative,1.1783992052078247,-0.12392608076334,1.9937442541122437
1403903207122771968,negative,0.9930722713470459,-0.7547319531440735,1.8698623180389404
1403903207978508288,negative,2.1112687587738037,-1.0838860273361206,2.2172744274139404
1403903208032976903,positive,0.8283216953277588,4.5715107917785645,-0.46282774209976196
1403903208494350341,neutral,2.2785937786102295,1.225203275680542,-0.2501445710659027
1403903209266159624,neutral,1.4683434963226318,-0.4889683425426483,1.4367963075637817
1403903209475776512,negative,1.430454134941101,-1.1549140214920044,2.6999385356903076
1403903209668681732,neutral,1.6960363388061523,-0.521061897277832,1.6945605278015137
1403903209765179395,neutral,2.21079158782959,0.9002576470375061,0.2100960612297058
1403903210062966790,neutral,1.5995352268218994,1.2398982048034668,0.32262754440307617
1403903211845701637,positive,1.0581748485565186,1.6799309253692627,-0.09826435893774033
1403903212877459462,neutral,1.0717263221740723,0.22850623726844788,0.7560484409332275
1403903214517293056,negative,1.3588486909866333,-0.9830581545829773,2.462784767150879
1403903215133855744,neutral,2.626272439956665,0.6276033520698547,0.1897728145122528
1403903217000345609,neutral,1.320565938949585,0.5306506156921387,0.4041135013103485
1403903217105244160,negative,1.0625581741333008,-0.7182016968727112,3.0125110149383545
1403903217390526468,negative,1.086726427078247,-0.339484840631485,2.0128977298736572
1403903217902112771,negative,1.1811085939407349,0.0727272629737854,1.6746410131454468
1403903218673987588,neutral,1.8445194959640503,0.23661667108535767,0.8432996273040771
1403903222423556098,neutral,1.8706096410751343,0.8714137673377991,0.14476840198040009
1403903222784225283,neutral,3.530146598815918,1.6300077438354492,-1.0650410652160645
1403903223216279552,negative,0.8876010179519653,-0.27496427297592163,2.2936127185821533
1403903223786737665,neutral,1.2996835708618164,-0.5295677781105042,1.1708214282989502
1403903223967145984,neutral,1.1886017322540283,0.45422622561454773,1.0168781280517578
1403903224189444096,negative,0.6815968155860901,-0.5874044895172119,1.6959233283996582
1403903224390643721,negative,1.1528513431549072,-0.8305126428604126,2.1635260581970215
1403903225078616071,neutral,1.8445197343826294,0.23661664128303528,0.8432996273040771
1403903227217776642,neutral,2.6450493335723877,-0.4047931432723999,1.0429224967956543
1403903229302251521,negative,1.5685374736785889,-1.029735803604126,2.1648993492126465
1403903229621059585,negative,0.9017916917800903,-0.07743018120527267,1.1221821308135986
1403903230384377862,negative,1.1811087131500244,0.07272720336914062,1.6746411323547363
1403903231198208003,negative,1.2394734621047974,-1.073486566543579,2.650541067123413
1403903232917839877,positive,2.009039878845215,2.078204870223999,-0.33285215497016907
1403903234268295170,negative,0.9009653925895691,-0.7359654307365417,2.7964589595794678
1403903234478116866,positive,1.448988676071167,1.6204354763031006,0.09375882893800735
1403903234926915589,positive,1.3597080707550049,1.4611239433288574,0.3319469690322876
1403903235186900993,neutral,1.8955224752426147,-0.6867144703865051,1.520538330078125
1403903235597881345,neutral,2.071244239807129,1.4225047826766968,-0.21062657237052917
1403903236894081030,negative,1.0627849102020264,-0.004294157028198242,1.7522211074829102
1403903238647078914,negative,0.9605686664581299,-0.741463840007782,2.587991237640381
1403903238873698305,neutral,2.077286720275879,2.0228757858276367,-0.5559776425361633
1403903239305654275,negative,0.981816291809082,-0.9271597266197205,2.6528754234313965
1403903240991805453,neutral,2.3335132598876953,0.7653636336326599,0.30102384090423584
1403903241826471936,negative,1.3675240278244019,-1.2436087131500244,3.0532639026641846
1403903242514223104,negative,1.184885025024414,-0.9979525208473206,2.346003770828247
1403903243114237957,neutral,2.5354878902435303,1.3428541421890259,0.19254297018051147
1403903243781087239,negative,0.96881502866745,0.7486181259155273,1.0218015909194946
1403903243919364097,neutral,3.0308899879455566,2.256897449493408,-0.9054902195930481
1403903244015788037,neutral,2.8860085010528564,0.6221282482147217,-0.0004200991243124008
1403903244158390272,positive,2.171963691711426,3.173004627227783,-0.6312180757522583
1403903246381420551,negative,1.3246394395828247,-0.031389400362968445,1.4181625843048096
1403903247669157889,neutral,2.1229188442230225,0.8771405816078186,-0.10087314993143082
1403903248486989830,neutral,2.6062228679656982,0.4105837345123291,0.19977566599845886
1403903251628527617,positive,1.6851983070373535,3.039599895477295,-0.5585664510726929
1403903252886953987,neutral,2.3042781352996826,1.5637571811676025,-0.2955225706100464
1403903253172035586,negative,1.1353949308395386,-1.0569021701812744,2.5767405033111572
1403903253306355717,neutral,1.4440804719924927,0.5542067289352417,0.24343626201152802
1403903254518386694,neutral,1.5073058605194092,0.6835131049156189,0.12004473060369492
1403903255629864962,negative,1.166877031326294,0.22547310590744019,1.5400410890579224
1403903256028487681,neutral,1.8326972723007202,-0.4965834319591522,1.2516762018203735
1403903256309293060,neutral,1.637675404548645,0.45437192916870117,0.5790775418281555
1403903257299152902,neutral,1.877737283706665,0.3318401575088501,0.8863770961761475
1403903257945182213,neutral,1.7764968872070312,0.04742750898003578,1.3400466442108154
1403903258230497280,neutral,1.779821753501892,0.7267109155654907,0.3014068901538849
1403903258591121415,positive,0.4079945981502533,1.116023063659668,0.8645220398902893
1403903259215941632,negative,1.2096806764602661,-0.8944794535636902,2.813408136367798
1403903259476062210,neutral,1.6600028276443481,-0.2853343188762665,1.4671162366867065
1403903259752996864,negative,0.7533397078514099,-1.0837548971176147,3.2508914470672607
1403903262340706311,neutral,1.6774605512619019,-0.5961165428161621,0.9751439690589905
1403903263917887490,negative,1.3451555967330933,-0.39125344157218933,1.972055196762085
1403903264047845383,neutral,1.7650130987167358,-0.7029991745948792,1.4997856616973877
1403903264454692865,negative,1.4417674541473389,-0.9264217019081116,2.277371406555176
1403903265285148675,negative,1.6530704498291016,-0.5325573682785034,1.9072858095169067
1403903266778456064,negative,1.3246394395828247,-0.031389400362968445,1.4181625843048096
1403903266841239555,neutral,1.8545254468917847,-0.8263784646987915,1.4891839027404785
1403903267285966852,neutral,1.7713124752044678,0.21768617630004883,0.33126217126846313
1403903271555649542,negative,0.9093853235244751,0.31718942523002625,1.2865954637527466
1403903274584100872,negative,1.254089117050171,0.11054226756095886,1.5542364120483398
1403903275485777921,negative,1.3503535985946655,-0.8688539266586304,2.296276092529297
1403903276781764618,negative,1.3193891048431396,-0.5073941946029663,1.6869430541992188
1403903279822639110,neutral,2.428318977355957,0.36440208554267883,0.3779109716415405
1403903281194176513,negative,0.4406379759311676,0.8173478245735168,1.1177560091018677
1403903281986904068,negative,1.2560505867004395,-1.2196756601333618,3.157547950744629
1403903284407058432,neutral,1.8955224752426147,-0.6867144703865051,1.520538330078125
1403903285396840453,negative,0.48078858852386475,0.24174273014068604,1.950081706047058
1403903286378434565,negative,1.2249159812927246,-0.9688088297843933,2.2292375564575195
1403903286512660481,positive,0.609369695186615,1.8001433610916138,0.6591627597808838
1403903288764878849,neutral,1.5666769742965698,-0.46918997168540955,1.4030778408050537
1403903289666596875,negative,1.1347780227661133,-0.7078061699867249,1.4029643535614014
1403903290098601988,negative,1.0506296157836914,-0.2704300582408905,1.1545230150222778
1403903291126423552,neutral,1.8044559955596924,0.4067688286304474,0.6183774471282959
1403903291809878019,positive,2.929593801498413,3.1180973052978516,-1.0954313278198242
1403903291847708676,negative,1.3641725778579712,-0.31791797280311584,1.4478532075881958
1403903293018025984,neutral,1.6682673692703247,0.5788004398345947,0.5153068900108337
1403903293651251201,neutral,1.5676321983337402,-0.5248143076896667,1.3224167823791504
1403903294406336516,negative,1.4451125860214233,-0.7863475680351257,1.7524665594100952
1403903294737629191,neutral,0.8663841485977173,-0.16894450783729553,0.4775365889072418
1403903295148675072,negative,1.4780247211456299,-0.20069530606269836,1.6898539066314697
1403903295714910208,neutral,1.3435356616973877,0.16916200518608093,0.4606737792491913
1403903296134320130,neutral,2.169309616088867,0.1710565686225891,1.2965402603149414
1403903297979834373,negative,1.1363425254821777,-0.2504180073738098,1.649017333984375
1403903298172751872,neutral,1.5001695156097412,0.9779748916625977,0.1684868484735489
1403903298495606788,negative,1.306888461112976,-0.9684343338012695,2.0331177711486816
1403903298810306563,neutral,2.8855886459350586,0.7729758620262146,-0.22053344547748566
1403903299196276738,negative,1.0940585136413574,-0.15891748666763306,1.3815035820007324
1403903302606024709,negative,1.221327781677246,-1.2218204736709595,3.12563419342041
1403903306888400896,neutral,2.0475244522094727,-0.26712214946746826,0.8595051169395447
1403903307022626823,neutral,1.5387476682662964,0.43703293800354004,0.6231604814529419
1403903307391721473,neutral,2.304828405380249,1.8811613321304321,-0.35965320467948914
1403903309870604293,neutral,1.9321773052215576,0.8320142030715942,0.572788417339325
1403903310374002694,negative,1.388581395149231,-0.47871682047843933,2.2375571727752686
1403903310852067336,positive,1.6851983070373535,3.039599895477295,-0.5585664510726929
1403903310973657091,neutral,3.530146598815918,1.6300077438354492,-1.0650410652160645
1403903311175061505,negative,1.2104108333587646,-0.8306505084037781,2.276968240737915
1403903312739672067,neutral,0.8126715421676636,0.5056255459785461,-0.23034192621707916
1403903313364537355,neutral,1.8096290826797485,1.1462944746017456,0.05733509361743927
1403903314371043331,neutral,2.235044002532959,0.9729810357093811,-0.1122853085398674
1403903315625271298,neutral,1.3832380771636963,0.22659987211227417,0.9415119290351868
1403903316510199816,negative,1.1092413663864136,-1.5788896083831787,4.423973560333252
1403903319341342721,negative,1.1818585395812988,-0.7201175093650818,2.064406156539917
1403903319622307843,neutral,1.8198760747909546,0.8568339943885803,0.430865615606308
1403903320780161031,negative,0.9528615474700928,-0.30346253514289856,1.2832282781600952
1403903321325199364,negative,0.9765450954437256,0.7057255506515503,1.2373602390289307
1403903321576939525,negative,0.9361165165901184,-1.047034502029419,3.4188430309295654
1403903322642210816,negative,1.2667558193206787,-0.2920338809490204,1.761719822883606
1403903322910822405,negative,2.1112687587738037,-1.0838860273361206,2.2172744274139404
1403903323527282690,positive,0.8376992344856262,0.9354707598686218,0.29425477981567383
1403903323577761794,negative,0.9091399312019348,-0.2559569180011749,1.8337440490722656
1403903325183954948,positive,1.6851983070373535,3.039599895477295,-0.5585664510726929
1403903325532196870,positive,0.509850025177002,4.639937877655029,-1.0790678262710571
1403903326459252739,negative,1.3503535985946655,-0.8688539266586304,2.296276092529297
1403903326610202626,neutral,1.3527580499649048,0.5807195901870728,0.727793276309967
1403903326677127169,neutral,2.549631357192993,0.5168194770812988,0.10533689707517624
1403903330254942218,negative,1.323105812072754,-1.223022699356079,2.717540979385376
1403903330687070211,neutral,1.8955224752426147,-0.6867144703865051,1.520538330078125
1403903331299438595,neutral,2.306674003601074,-0.3815867304801941,0.8096887469291687
1403903332893093896,negative,1.8265492916107178,-1.1229376792907715,2.309548854827881
1403903333065134086,negative,1.5419695377349854,-0.5711339116096497,1.5968888998031616
1403903333623025664,negative,1.086726427078247,-0.339484840631485,2.0128977298736572
1403903334646382593,neutral,1.5054457187652588,0.8947453498840332,0.17106954753398895
1403903334994563074,negative,1.224915862083435,-0.9688088297843933,2.2292375564575195
1403903335090978816,positive,1.6851983070373535,3.039599895477295,-0.5585664510726929
1403903335829233665,negative,1.896881341934204,-0.874433159828186,2.088477611541748
1403903337112608769,negative,1.2910492420196533,-0.37865790724754333,1.687205195426941
1403903339201327107,negative,0.8718939423561096,-0.4313223659992218,2.0937349796295166
1403903339478278144,neutral,1.642813801765442,0.14459915459156036,0.3841787874698639
1403903340447154177,negative,1.4002866744995117,-0.9679680466651917,2.339948892593384
1403903341323771908,negative,1.3916523456573486,0.024219028651714325,1.764966368675232
1403903342020018176,neutral,2.6754703521728516,1.1542540788650513,-0.23154272139072418
1403903342384861186,neutral,2.342576503753662,0.4675014913082123,0.32511594891548157
1403903343521566730,positive,0.24194465577602386,0.9218271374702454,0.6420593857765198
1403903346168131586,neutral,1.2819793224334717,-0.003551110625267029,1.242025375366211
1403903349062316037,neutral,1.4273481369018555,1.059066891670227,0.8433806300163269
1403903349452275719,neutral,1.7229253053665161,1.5121350288391113,-0.1366417557001114
1403903349766774786,neutral,1.7323949337005615,0.19162951409816742,1.1365575790405273
1403903350194642947,positive,1.5416189432144165,1.7106177806854248,0.11448270082473755
1403903352489054208,positive,1.6851983070373535,3.039599895477295,-0.5585664510726929
1403903355135557632,negative,1.0353490114212036,-1.2652437686920166,3.8529469966888428
1403903357845188611,neutral,2.012932062149048,0.750217080116272,0.29939785599708557
1403903358633615361,neutral,2.3160626888275146,0.4886230528354645,-0.22502674162387848
1403903359590060037,neutral,1.8445197343826294,0.23661664128303528,0.8432996273040771
1403903360344920070,negative,1.7645204067230225,-0.5196405649185181,1.8485827445983887
1403903360713977860,negative,1.2897977828979492,-0.5762706995010376,1.2909331321716309
1403903365122232327,neutral,2.306674003601074,-0.3815867304801941,0.8096887469291687
1403903365403365378,positive,0.8283215761184692,4.5715107917785645,-0.46282774209976196
1403903366825185282,neutral,2.038099765777588,-0.4535500109195709,0.9999269247055054
1403903367374532610,neutral,2.8651087284088135,2.3034069538116455,-0.8862003684043884
1403903369148723202,neutral,2.1359024047851562,-0.8258273005485535,1.3338955640792847
1403903369614405632,negative,0.7100692391395569,-0.17391431331634521,1.828624963760376
1403903370453164032,negative,1.3094538450241089,-0.3152199685573578,1.3259633779525757
1403903372357296134,neutral,2.176283121109009,-0.7185872197151184,1.526731252670288
1403903372705603589,negative,0.9629397392272949,-1.1213068962097168,2.9718739986419678
1403903373959593986,negative,1.150584101676941,-0.7098938822746277,2.6082029342651367
1403903374815227906,negative,1.311780333518982,-1.3488848209381104,3.847764015197754
1403903377193328642,neutral,1.0908905267715454,0.8414139747619629,0.365841805934906
1403903379718426630,positive,1.885688304901123,2.0157811641693115,-0.690828800201416
1403903380397850624,neutral,2.075870990753174,-0.6418469548225403,1.5519226789474487
1403903381672919040,neutral,1.6358697414398193,0.9645850658416748,-0.01623936928808689
1403903381995982857,negative,1.251084566116333,-0.6692695021629333,1.728593349456787
1403903382427897857,negative,1.311780333518982,-1.3488848209381104,3.847764015197754
1403903384822980611,negative,1.722193717956543,-1.3333653211593628,2.9449069499969482
1403903385036677122,neutral,2.105055570602417,-0.38983216881752014,0.944580078125
1403903385515040772,neutral,1.408955454826355,0.6477325558662415,1.178106427192688
1403903389491101698,negative,0.7070068120956421,-0.5143833756446838,2.610421657562256
1403903389860257792,neutral,1.5513978004455566,-0.20521605014801025,1.1754626035690308
1403903390187507713,positive,0.41522717475891113,0.9516369104385376,-0.09028895944356918
1403903390367633410,neutral,3.530146598815918,1.6300077438354492,-1.0650410652160645
1403903391189843973,neutral,1.7297412157058716,1.1225923299789429,0.1323663294315338
1403903393756684288,neutral,1.4993329048156738,1.4091699123382568,0.08224720507860184
1403903394297823238,neutral,1.2882648706436157,0.36291998624801636,-0.04551531374454498
1403903394935312389,neutral,1.054306149482727,1.0217208862304688,0.7050412893295288
1403903395166134273,negative,1.0883618593215942,-0.5602695345878601,1.9204556941986084
1403903395895799811,neutral,1.4933149814605713,0.2932390868663788,0.9806033968925476
1403903396076163076,negative,0.9361165165901184,-1.047034502029419,3.4188430309295654
1403903398387277825,neutral,1.7484827041625977,-0.5440704226493835,0.4910617768764496
1403903398663966721,neutral,1.4061862230300903,0.7172428965568542,0.4618445038795471
1403903398907420675,negative,1.6118799448013306,-0.7966359853744507,1.6197186708450317
1403903400375296002,neutral,3.3301937580108643,1.3809523582458496,-0.7768498063087463
1403903400643792900,neutral,3.530146598815918,1.6300077438354492,-1.0650410652160645
1403903401738391553,negative,1.4038872718811035,-0.5993197560310364,1.7745534181594849
1403903402225115136,negative,1.103783369064331,-1.3122390508651733,3.2378902435302734
1403903402380185602,neutral,1.418586015701294,0.7805994749069214,1.1896110773086548
1403903402447446016,neutral,1.5284405946731567,0.652568519115448,-0.19458059966564178
1403903405106647041,neutral,1.3475451469421387,0.17759644985198975,1.0727626085281372
1403903407421890561,neutral,2.6754703521728516,1.1542540788650513,-0.23154272139072418
1403903408281620482,neutral,2.1001267433166504,0.6136597990989685,0.036855995655059814
1403903408562573313,negative,1.0012052059173584,-0.7474527955055237,2.1851418018341064
1403903409032372231,neutral,3.530146598815918,1.6300077438354492,-1.0650410652160645
1403903411230318595,negative,1.8190058469772339,-1.0369819402694702,2.1519250869750977
1403903411695857669,negative,0.8992782235145569,-0.007270395755767822,1.510790228843689
1403903412064845824,neutral,1.9038022756576538,1.1262166500091553,0.006239341571927071
1403903412626857985,neutral,2.2577271461486816,1.0277011394500732,0.1739930957555771
1403903416036904963,negative,1.5908018350601196,-0.38131383061408997,1.6988087892532349
1403903418025009157,neutral,1.3467999696731567,0.8746136426925659,0.5600730776786804
1403903418536644608,neutral,1.687550663948059,-0.2824070453643799,1.409680724143982
1403903421673967625,neutral,3.530146598815918,1.6300077438354492,-1.0650410652160645
1403903422382936066,positive,0.24194465577602386,0.9218271374702454,0.6420593857765198
1403903423964139521,negative,1.568583607673645,-0.5700517892837524,1.626598834991455
1403903425419485186,negative,1.3675543069839478,-1.0488728284835815,2.4756903648376465
1403903425478287360,negative,0.9892311096191406,-0.12108417600393295,1.8870313167572021
1403903426170347520,neutral,2.3370494842529297,1.0099583864212036,0.17281824350357056
1403903426275147787,neutral,2.235044002532959,0.9729810357093811,-0.1122853085398674
1403903427575353344,negative,1.184190034866333,-0.9002751708030701,3.159508466720581
1403903429894832131,neutral,1.229072093963623,0.999780535697937,0.555871844291687
1403903430217781248,neutral,1.9239603281021118,0.8521580696105957,0.08820921182632446
1403903430607912962,negative,1.0811768770217896,-0.9354973435401917,2.7225472927093506
1403903431778123778,negative,1.2112360000610352,-0.5250993371009827,1.9920414686203003
1403903433321730053,negative,1.3640216588974,0.009652473032474518,2.371866226196289
1403903434042970114,neutral,2.2337121963500977,0.5797982811927795,0.19803887605667114
1403903434395357184,positive,2.264592170715332,3.634979009628296,-1.3059674501419067
1403903436471496704,negative,0.9380841255187988,-0.7681469917297363,2.568434715270996
1403903436572217349,neutral,1.4843101501464844,0.021681204438209534,0.4725773334503174
1403903436966359046,neutral,2.6754703521728516,1.1542540788650513,-0.23154272139072418
1403903437373263873,positive,1.3838471174240112,4.022651672363281,-0.29060444235801697
1403903438279299072,positive,0.5481663942337036,0.6267222166061401,0.47007110714912415
1403903439726428163,negative,1.0883618593215942,-0.5602695345878601,1.9204556941986084
1403903442050076674,negative,0.9930480718612671,-0.4619755446910858,2.347550392150879
1403903442142253060,negative,1.099560260772705,-0.6983868479728699,2.550657272338867
1403903442985177099,neutral,1.100229263305664,0.8663440346717834,0.31076207756996155
1403903443069251585,neutral,2.4694912433624268,1.0876433849334717,-0.1968553066253662
1403903443840892932,neutral,1.6885913610458374,0.7058066725730896,0.3871697187423706
1403903444084084737,neutral,3.530146598815918,1.6300077438354492,-1.0650410652160645
1403903444134633473,neutral,1.7659846544265747,-0.44653019309043884,1.4973394870758057
1403903449809383429,neutral,1.3886268138885498,0.524367094039917,0.6173573136329651
1403903452158300162,neutral,1.6441446542739868,-0.5100816488265991,1.4364490509033203
1403903452292464647,negative,1.299670934677124,-0.572593092918396,2.7034714221954346
1403903453286436865,negative,1.0353490114212036,-1.2652437686920166,3.8529469966888428
1403903456260263936,positive,3.4483816623687744,3.496692180633545,-1.638961672782898
1403903456499412995,negative,1.1811085939407349,0.0727272629737854,1.6746410131454468
1403903456688103426,neutral,1.9688228368759155,-0.7913211584091187,1.3885146379470825
1403903457048862721,negative,1.6095573902130127,-1.0689836740493774,2.397754192352295
1403903457149423621,neutral,2.21079158782959,0.9002576470375061,0.2100960612297058
1403903457430540293,negative,0.8975866436958313,-0.9539373517036438,3.0651230812072754
1403903457715625985,negative,0.4515495300292969,-0.9005796909332275,4.192025184631348
1403903459250872322,negative,0.6321884989738464,-0.5119614005088806,1.990925669670105
1403903460622450688,negative,0.8848035335540771,-0.980546772480011,2.874530792236328
1403903461285154820,neutral,2.306674003601074,-0.3815867304801941,0.8096887469291687
1403903462098849799,negative,1.086726427078247,-0.33948495984077454,2.0128977298736572
1403903464686641155,negative,0.936467707157135,-0.8184669613838196,2.5193493366241455
1403903465005326342,negative,1.221327781677246,-1.2218204736709595,3.12563419342041
1403903465110216707,negative,1.0012052059173584,-0.7474527955055237,2.1851418018341064
1403903465512787977,neutral,1.3822152614593506,0.03997292369604111,1.2649227380752563
1403903466481676291,negative,0.8639044761657715,-0.2142983078956604,0.9153814315795898
1403903466762764293,negative,0.9451261758804321,-1.0820262432098389,3.299900531768799
1403903467392061440,negative,1.4105072021484375,-1.1331056356430054,2.7884840965270996
1403903471737360384,neutral,0.7997292280197144,0.3358522653579712,0.6452957987785339
1403903473050013696,negative,0.5039728283882141,0.03735560551285744,2.0231428146362305
1403903475235405825,negative,1.7818498611450195,-0.8212741017341614,1.791160225868225
1403903475449155586,negative,0.9316208958625793,0.32155653834342957,1.2513326406478882
1403903476166451200,positive,1.19721519947052,1.7637360095977783,0.33276307582855225
1403903477659496452,neutral,1.8706401586532593,-0.2033010721206665,1.207134485244751
1403903477928153088,neutral,1.871429681777954,-0.6126322150230408,1.325539231300354
1403903479249129479,neutral,2.686922550201416,0.012738130986690521,0.6487725973129272
1403903479366701069,negative,1.386847972869873,-1.0449916124343872,2.314286708831787
1403903479903514627,negative,1.1099015474319458,-0.4175792634487152,1.7571136951446533
1403903481958879235,positive,0.944462776184082,3.0590896606445312,0.21888180077075958
1403903483363926022,positive,0.11399741470813751,0.722813069820404,0.0521230511367321
1403903484433371136,neutral,1.7849788665771484,-0.0908447876572609,1.5015944242477417
1403903484710166531,negative,1.0865070819854736,-0.6694229245185852,1.5375518798828125
1403903486064951297,negative,1.212039828300476,-0.9052510261535645,2.0690996646881104
1403903486216052742,negative,0.8474339842796326,-0.9071847796440125,2.1912710666656494
1403903486597730309,neutral,1.594359278678894,-0.112026147544384,1.3583970069885254
1403903487105187851,negative,1.307334542274475,-0.35271215438842773,1.7322827577590942
1403903487793152002,negative,1.224915862083435,-0.9688088297843933,2.2292375564575195
1403903490489950213,neutral,1.1266732215881348,0.37562623620033264,0.4763488471508026
1403903491236581377,neutral,2.686922550201416,0.012738130986690521,0.6487725973129272
1403903491681181700,negative,1.2802507877349854,-0.6624638438224792,1.7444665431976318
1403903495351062529,negative,0.9458792209625244,0.7448333501815796,1.3290488719940186
1403903495439273992,negative,1.1082115173339844,-0.7473554015159607,2.786807060241699
1403903495661658116,negative,1.4937009811401367,-1.205197811126709,3.207880973815918
1403903496617877504,negative,1.295737862586975,-0.6417357921600342,2.1119446754455566
1403903497779699719,neutral,1.6682673692703247,0.5788004398345947,0.5153068900108337
1403903498136309760,negative,0.9893821477890015,-0.618297278881073,1.6338967084884644
1403903501290414081,positive,1.0341538190841675,1.6285204887390137,-0.26318103075027466
1403903503278305281,negative,1.1811085939407349,0.0727272629737854,1.6746410131454468
1403903504482287619,negative,1.3916523456573486,0.024219028651714325,1.764966368675232
1403903504645705729,neutral,1.650725245475769,-0.11220750957727432,0.5538938641548157
1403903509154582534,neutral,3.530146598815918,1.6300077438354492,-1.0650410652160645
1403903509884329989,neutral,2.686922550201416,0.012738130986690521,0.6487725973129272
1403903512275083265,negative,1.166877031326294,0.22547310590744019,1.5400410890579224
1403903514623893505,negative,1.0012052059173584,-0.7474527955055237,2.1851418018341064
1403903515186012161,neutral,1.8445197343826294,0.23661664128303528,0.8432996273040771
1403903516243005441,neutral,1.6441446542739868,-0.5100816488265991,1.4364490509033203
1403903519631966209,negative,1.6724907159805298,-0.8726170659065247,1.7869101762771606
1403903520512806912,neutral,2.098174571990967,1.526731252670288,-0.4258043169975281
1403903521855086597,neutral,1.9127709865570068,0.3759583532810211,0.652336835861206
1403903524740628486,positive,2.929593801498413,3.1180973052978516,-1.0954313278198242
1403903525042765826,negative,1.0776511430740356,0.05889013409614563,1.5869306325912476
1403903525155921922,neutral,1.5559513568878174,0.9688065052032471,0.1871528923511505
1403903527055933447,negative,1.8571107387542725,-0.5604339241981506,2.202392578125
1403903529597636613,neutral,2.169309377670288,0.17105652391910553,1.2965402603149414
1403903530067324931,neutral,1.8341424465179443,-0.7452924251556396,1.1401646137237549
1403903530616901634,neutral,2.3964192867279053,1.914592981338501,-0.967291533946991
1403903530981683202,neutral,1.815971851348877,0.232142835855484,1.7599056959152222
1403903530981900289,negative,1.171212077140808,-0.5795729160308838,2.22633957862854
1403903531002654726,neutral,2.363513708114624,0.31487810611724854,0.3369843363761902
1403903534769213440,negative,1.0851843357086182,-1.0158333778381348,2.726022720336914
1403903536463855618,neutral,1.0417189598083496,0.4598528742790222,-0.2829800844192505
1403903536467824641,neutral,3.530146598815918,1.6300078630447388,-1.065040946006775
1403903539668152322,negative,0.8104233145713806,0.07261677831411362,2.0638785362243652
1403903540918046720,positive,1.6851983070373535,3.039599895477295,-0.5585664510726929
1403903542453182474,neutral,1.7794973850250244,0.29367685317993164,1.4305669069290161
1403903544210591744,negative,1.0344418287277222,-0.2551259994506836,1.6461460590362549
1403903546970439681,negative,1.1811085939407349,0.0727272629737854,1.6746410131454468
1403903547524075527,negative,1.3916523456573486,0.024219028651714325,1.764966368675232
1403903547930910721,neutral,1.6751916408538818,0.02679455652832985,1.141197919845581
1403903549575032835,positive,1.1745116710662842,1.835569143295288,-0.06520626693964005
1403903550162358272,neutral,1.7199064493179321,0.5118319392204285,0.3099401593208313
1403903551244357633,negative,1.311780333518982,-1.3488848209381104,3.847764015197754
1403903552255311874,neutral,1.1690962314605713,1.1565933227539062,0.6226915121078491
1403903553706594311,neutral,2.2171928882598877,0.030835095793008804,0.7684295177459717
1403903555237335040,negative,1.123307466506958,-0.2941519021987915,2.2439749240875244
1403903555476475906,negative,1.15182626247406,-0.7414224147796631,1.9844131469726562
1403903555556184064,positive,2.1112701892852783,3.3505656719207764,-1.0554659366607666
1403903556164501505,neutral,1.5376110076904297,-0.07840778678655624,0.9924055933952332
1403903556411965441,neutral,2.3441665172576904,-0.6458861231803894,1.183232307434082
1403903556571312129,positive,0.7112753391265869,2.4474472999572754,0.045724961906671524
1403903557426765827,neutral,2.6754703521728516,1.1542540788650513,-0.23154272139072418
1403903557590405123,neutral,1.5403761863708496,0.3073996901512146,1.5064221620559692
1403903558353756160,neutral,2.549631357192993,0.5168194770812988,0.10533689707517624
1403903559721271302,negative,1.3916523456573486,0.024219028651714325,1.764966368675232
1403903559960256518,neutral,1.1530221700668335,0.9108203053474426,0.5587660074234009
1403903560186798081,negative,0.8997587561607361,-0.9496175646781921,2.080739974975586
1403903560853643265,negative,0.8180141448974609,-0.35834476351737976,2.451444387435913
1403903561851977728,positive,0.24194465577602386,0.9218271374702454,0.6420593857765198
1403903563001126916,neutral,2.306674003601074,-0.3815867304801941,0.8096887469291687
1403903563261116416,neutral,2.942502975463867,1.8444427251815796,-0.8497793078422546
1403903564146036744,negative,1.7043719291687012,-0.7730907797813416,1.7347135543823242
1403903565593186307,negative,1.368584394454956,-0.509545624256134,1.8367644548416138
1403903567002583044,neutral,2.322033643722534,0.8155692219734192,0.12140562385320663
1403903568315301888,negative,1.1359124183654785,-0.39799731969833374,1.779201626777649
1403903568910831616,neutral,0.39403173327445984,0.13686829805374146,0.19608105719089508
1403903569422548992,negative,0.7564290761947632,0.24983778595924377,1.1663788557052612
1403903569598763008,neutral,2.0688953399658203,-0.5429195165634155,0.9904193878173828
1403903570840150020,negative,0.850636899471283,0.3709143400192261,0.950035572052002
1403903573491023881,negative,0.8408442735671997,-0.24010688066482544,1.3787676095962524
1403903574174683138,negative,1.2720059156417847,-1.3274480104446411,3.2076399326324463
1403903574661222402,negative,1.2675526142120361,-1.369356632232666,3.7000346183776855
1403903574858477576,neutral,1.6720200777053833,0.22507232427597046,1.0816534757614136
1403903575772876800,negative,1.0101202726364136,-0.2618052363395691,2.024545192718506
1403903577047724033,positive,1.3184603452682495,2.8528761863708496,-0.7126144170761108
1403903577785978883,neutral,2.193014144897461,0.9488492012023926,-0.1282244622707367
1403903577869864962,neutral,1.6751916408538818,0.02679455652832985,1.141197919845581
1403903581577617415,positive,0.2303774356842041,2.989224433898926,-0.027096102014183998
1403903581766385670,negative,1.0597693920135498,-0.7733303308486938,2.649876117706299
1403903582106230786,negative,1.3266066312789917,-1.1435155868530273,2.9635186195373535
1403903582844297220,neutral,2.3441665172576904,-0.6458861231803894,1.183232307434082
1403903584190742530,negative,1.3916761875152588,-0.8164407014846802,1.8229349851608276
1403903584316448772,negative,0.9712803959846497,-1.1330993175506592,3.3315351009368896
1403903585767804931,negative,0.9887567758560181,-1.3178472518920898,3.8151135444641113
1403903587126681606,neutral,2.6215062141418457,1.8814367055892944,-0.6578801870346069
1403903589420920833,neutral,2.4988155364990234,0.17772987484931946,0.10977842658758163
1403903589509177347,neutral,1.852590560913086,0.8015740513801575,0.482056587934494
1403903589706133506,neutral,1.4125880002975464,0.6762327551841736,1.028079628944397
1403903591497277441,negative,1.1643741130828857,-1.2495139837265015,3.15392804145813
1403903593799991301,neutral,1.8294494152069092,0.6130180954933167,0.498900830745697
1403903594374451200,neutral,1.9906021356582642,1.0469156503677368,0.15024231374263763
1403903594500288513,positive,0.24194465577602386,0.9218271374702454,0.6420593857765198
1403903594768732162,negative,1.323105812072754,-1.223022699356079,2.717540979385376
1403903594940751873,negative,0.29933321475982666,-0.6587240695953369,2.3660354614257812
1403903595213328384,neutral,1.5396713018417358,0.05674591287970543,0.9515193700790405
1403903596782133248,neutral,2.3370494842529297,1.0099583864212036,0.17281824350357056
1403903597004279812,negative,1.118967056274414,-0.6588056087493896,2.3530850410461426
1403903598463836164,neutral,1.7621878385543823,1.3095176219940186,0.21315902471542358
1403903598795407362,negative,0.9775899648666382,-0.5086654424667358,1.6517304182052612
1403903599084703751,neutral,1.8955224752426147,-0.6867142915725708,1.520538330078125
1403903599164411904,negative,1.3503535985946655,-0.8688539266586304,2.296276092529297
1403903599210426375,neutral,1.5660209655761719,0.6170669198036194,0.4656888246536255
1403903601487925252,neutral,1.5860422849655151,0.5898576378822327,0.13047672808170319
1403903603824340993,neutral,1.4045562744140625,0.6974175572395325,0.7066463232040405
1403903604868608000,negative,0.7363048791885376,0.2725667953491211,1.4450916051864624
1403903605032194048,neutral,2.4243807792663574,-0.05654970556497574,0.9011616110801697
1403903607485857795,neutral,1.8198760747909546,0.8568339943885803,0.430865615606308
1403903608601473024,neutral,1.5037059783935547,0.41374310851097107,0.5632199048995972
1403903610400874497,negative,1.7043719291687012,-0.7730907797813416,1.7347135543823242
1403903610631696385,neutral,1.6245570182800293,0.72175532579422,0.4965928792953491
1403903611999080448,negative,0.8898337483406067,-0.6176039576530457,2.8951737880706787
1403903612883931136,neutral,2.686922550201416,0.012738130986690521,0.6487725973129272
1403903613966114816,negative,1.221327781677246,-1.2218204736709595,3.12563419342041
1403903614150533122,neutral,1.886662483215332,0.797883152961731,0.7123442888259888
1403903614293315586,neutral,1.63356351852417,1.3519954681396484,0.5002707242965698
1403903614377086976,negative,1.5465786457061768,-0.8305068612098694,1.7781777381896973
1403903615849271299,neutral,2.9198524951934814,0.337819904088974,0.02316909097135067
1403903617376174083,negative,0.9667978882789612,-1.0928131341934204,2.84708833694458
1403903619317964803,negative,1.3129185438156128,-0.7249815464019775,2.5098702907562256
1403903622396534787,neutral,1.6384438276290894,1.3267924785614014,0.1158185675740242
1403903623151620100,negative,1.3916523456573486,0.024219028651714325,1.764966368675232
1403903624023920643,neutral,1.9260755777359009,-0.39457377791404724,1.0606414079666138
1403903624082870273,neutral,2.306674003601074,-0.3815867304801941,0.8096887469291687
1403903624368078852,neutral,2.4398207664489746,2.276357412338257,-0.38915926218032837
1403903624644759559,neutral,1.637675404548645,0.45437192916870117,0.5790775418281555
1403903625030619138,positive,1.6981616020202637,2.0388553142547607,-0.4019085466861725
1403903625118633992,negative,0.9556260108947754,-0.013231009244918823,1.6918429136276245
1403903625298997248,neutral,1.5682889223098755,0.24511119723320007,1.3192875385284424
1403903625542344705,negative,1.4772272109985352,-0.5802660584449768,1.6953738927841187
1403903628511956993,negative,1.3916523456573486,0.024219028651714325,1.764966368675232
1403903628801314819,neutral,2.169309616088867,0.1710565686225891,1.2965402603149414
1403903628981653507,negative,1.7128543853759766,-0.07774903625249863,1.9223065376281738
1403903629166211074,negative,1.212039828300476,-0.9052509069442749,2.0690996646881104
1403903629749280769,neutral,1.2825285196304321,0.9985551238059998,0.7702627778053284
1403903630114103305,neutral,2.359607458114624,0.1755291372537613,0.4626957178115845
1403903630579752965,positive,0.6283624172210693,2.102731227874756,-0.2988283336162567
1403903632039243778,negative,1.1861519813537598,-1.1040349006652832,2.4497714042663574
1403903632064450562,negative,1.0200250148773193,-0.8834100365638733,2.8323161602020264
1403903632743993345,negative,1.5759543180465698,-1.2479331493377686,3.060953140258789
1403903632941015041,negative,0.2544160783290863,-0.5890925526618958,2.514155387878418
1403903633184505861,neutral,0.23260748386383057,0.1763904094696045,0.14018523693084717
1403903633964650497,negative,0.7399306297302246,-1.026008129119873,3.1114020347595215
1403903634128072704,neutral,1.6485403776168823,-0.7656110525131226,1.4496203660964966
1403903634623062018,negative,1.740203857421875,-0.7286274433135986,1.7460767030715942
1403903635646341128,neutral,1.6751916408538818,0.02679455652832985,1.141197919845581
1403903635973541888,neutral,1.8955224752426147,-0.6867144703865051,1.520538330078125
1403903637538045953,neutral,1.637675404548645,0.45437192916870117,0.5790775418281555
1403903640285302789,positive,0.6802327036857605,1.4334232807159424,0.6018086671829224
1403903640444837895,negative,0.9066217541694641,-0.16579613089561462,1.9224880933761597
1403903640465817605,neutral,1.1569857597351074,0.11285371333360672,0.5801135897636414
1403903640570535939,negative,1.323105812072754,-1.223022699356079,2.717540979385376
1403903641090723841,neutral,2.04001522064209,1.1651102304458618,-0.30734798312187195
1403903644353777670,neutral,1.5744848251342773,-0.6330662965774536,1.004941701889038
1403903644580388867,neutral,1.8021379709243774,0.8579277992248535,0.23019258677959442
1403903648384438277,negative,1.1774448156356812,-0.4829165041446686,1.779103398323059
1403903648602673156,negative,1.041602611541748,0.3078575134277344,1.1697379350662231
1403903648866865154,neutral,2.9961605072021484,1.3535678386688232,-0.557176411151886
1403903650578247681,negative,1.022337555885315,-1.1429777145385742,2.700976848602295
1403903651265998848,neutral,1.703045129776001,0.30061742663383484,0.4177809953689575
1403903651459092483,neutral,1.8294494152069092,0.6130180954933167,0.498900830745697
1403903651643600897,positive,1.346902847290039,1.668914556503296,0.3933665454387665
1403903651924615171,positive,0.6411638855934143,4.065118789672852,-0.20195071399211884
1403903652767612930,negative,0.4757665693759918,-0.28153449296951294,2.911759614944458
1403903653099024387,negative,1.4748398065567017,-0.8821867108345032,1.8164947032928467
1403903653186981891,negative,0.9026128649711609,0.28038057684898376,1.400243878364563
1403903653933576195,neutral,1.5452203750610352,0.7134250402450562,1.3504692316055298
1403903655221379078,positive,1.0688890218734741,2.199049949645996,-0.020658256486058235
1403903655544168448,negative,1.311780333518982,-1.3488848209381104,3.847764015197754
1403903656039174144,negative,0.8107489347457886,-1.2307405471801758,3.445897102355957
1403903656060194817,neutral,2.543001890182495,1.0240801572799683,-0.16154251992702484
1403903656513003521,positive,1.6851983070373535,3.039599895477295,-0.5585664510726929
1403903660170620931,neutral,1.498782992362976,1.3313997983932495,1.1991060972213745
1403903660539666433,negative,1.1543433666229248,0.08257277309894562,1.5020558834075928
1403903661382717450,neutral,2.000227928161621,0.20976580679416656,0.3564481735229492
1403903663261712384,negative,0.7206436991691589,0.9485511779785156,1.401822805404663
1403903664570441732,negative,1.6968027353286743,-1.0413073301315308,2.173266887664795
1403903664859742218,positive,0.8179431557655334,1.0648115873336792,0.2658684551715851
1403903665556107264,negative,0.4876953959465027,-0.4811643064022064,2.8797342777252197
1403903666776641538,neutral,2.1640241146087646,-0.24619969725608826,0.7076443433761597
1403903667296620544,neutral,2.176283121109009,-0.7185872197151184,1.526731252670288
1403903667296772099,negative,0.5215266346931458,0.32274070382118225,1.5391017198562622
1403903667992989698,negative,1.2278286218643188,-0.7805602550506592,1.7537527084350586
1403903671029489665,neutral,2.6754703521728516,1.1542540788650513,-0.23154272139072418
1403903671637712896,positive,1.685198426246643,3.039599895477295,-0.5585664510726929
1403903671755214852,neutral,1.8708797693252563,0.25431427359580994,0.1549789160490036
1403903671897780228,neutral,2.0563058853149414,1.4168139696121216,-0.0316958874464035
1403903672648540164,neutral,1.8198760747909546,0.8568339943885803,0.430865615606308
1403903672803864582,negative,1.3916523456573486,0.024219028651714325,1.764966368675232
1403903673713840131,neutral,1.4380340576171875,-0.6912703514099121,1.3956562280654907
1403903673781129217,neutral,2.019059181213379,-0.029726654291152954,1.0396220684051514
1403903674242371585,neutral,1.712477207183838,-0.5612785816192627,1.2951686382293701
1403903674716352513,negative,1.7818498611450195,-0.8212741613388062,1.7911601066589355
1403903676343668745,neutral,1.6371614933013916,-0.420716255903244,1.4392434358596802
1403903676608139264,neutral,0.6230082511901855,-0.007425256073474884,0.1640397608280182
1403903679070019587,neutral,1.055476427078247,0.2585265338420868,0.7245966196060181
1403903679145689089,neutral,1.3021491765975952,0.12099386751651764,0.10923009365797043
1403903679699193861,neutral,1.4425073862075806,0.25197094678878784,1.2276819944381714
1403903680273920000,neutral,2.306674003601074,-0.3815867304801941,0.8096887469291687
1403903680559124483,negative,1.8190058469772339,-1.0369819402694702,2.1519250869750977
1403903681209135109,negative,1.2423046827316284,-0.8097944855690002,1.9963856935501099
1403903681632751624,neutral,1.8198760747909546,0.8568339943885803,0.430865615606308
1403903682756812806,negative,0.9451261758804321,-1.0820262432098389,3.299900531768799
1403903684027719688,neutral,1.7256861925125122,0.9473214745521545,0.030853858217597008
1403903685432725506,negative,1.2720117568969727,-1.3896079063415527,3.609194755554199
1403903685458075651,negative,1.0783179998397827,-0.3794035315513611,1.2024261951446533
1403903687269830670,negative,0.9009653925895691,-0.7359654307365417,2.7964589595794678
1403903687831920642,negative,0.6015499234199524,0.7984343767166138,2.1851723194122314
1403903688033202176,neutral,2.176283121109009,-0.7185871601104736,1.526731252670288
1403903688582832130,neutral,1.6444206237792969,0.9364546537399292,0.7370167970657349
1403903689681604609,negative,1.1774448156356812,-0.48291656374931335,1.779103398323059
1403903689987821571,neutral,2.497955322265625,1.3466113805770874,-0.3211008310317993
1403903690868723715,negative,1.4820290803909302,-0.28770652413368225,1.602576494216919
1403903691774742531,negative,1.284617304801941,-1.124041199684143,2.786445379257202
1403903694744080385,negative,1.221327781677246,-1.2218204736709595,3.12563419342041
1403903695553695746,negative,0.9605687260627747,-0.741463840007782,2.587991237640381
1403903695683604481,negative,1.286249041557312,-0.6364785432815552,1.9506030082702637
1403903697587822598,negative,1.0990169048309326,-0.7306036353111267,2.218822956085205
1403903697873039361,positive,1.5990246534347534,2.0087437629699707,-0.0070012714713811874
1403903698212904961,positive,1.6386367082595825,2.1378719806671143,-0.1469367891550064
1403903698657480709,negative,1.1069564819335938,-0.48716381192207336,2.063549041748047
1403903699320115206,neutral,1.2416117191314697,0.16468289494514465,0.5670779943466187
1403903699487903749,neutral,1.837786078453064,0.7957248687744141,0.15164148807525635
1403903699915771905,negative,2.1112687587738037,-1.0838860273361206,2.2172744274139404
1403903700083507207,neutral,2.497955799102783,1.3466112613677979,-0.3211008310317993
1403903703179010048,neutral,1.9853767156600952,0.11039772629737854,0.24147766828536987
1403903703891943425,negative,0.3925444483757019,-0.26654964685440063,2.2549967765808105
1403903704302907393,neutral,1.4263184070587158,-0.2183803915977478,0.8970862030982971
1403903705984864260,neutral,2.428318977355957,0.3644021153450012,0.37791094183921814
1403903706505023491,neutral,1.445405125617981,-0.5654825568199158,1.3894476890563965
1403903707759083523,neutral,1.5544770956039429,0.3420232832431793,0.5276007652282715
1403903708841267200,negative,0.8258658647537231,-0.6499894857406616,2.0659711360931396
1403903711223689218,neutral,1.6188156604766846,-0.023527145385742188,1.2854124307632446
1403903711433433088,negative,1.9760442972183228,-1.1435997486114502,2.0983781814575195
1403903712339402752,negative,0.9085673093795776,0.0225430428981781,1.3264979124069214
1403903712645447681,neutral,1.082768201828003,0.696496844291687,0.9221476912498474
1403903712737775620,positive,1.4401144981384277,1.7713419198989868,-0.06503984332084656
1403903713303941121,negative,1.086726427078247,-0.339484840631485,2.0128977298736572
1403903714889396224,negative,1.0975227355957031,-0.7655643820762634,2.487643241882324
1403903716210716678,positive,0.24194465577602386,0.9218271374702454,0.6420593857765198
1403903719490691073,neutral,1.034338116645813,-0.2784506678581238,0.7257720828056335
1403903720287522820,neutral,1.2411972284317017,0.05411822348833084,1.1739646196365356
1403903720497180673,neutral,1.8198760747909546,0.8568339943885803,0.430865615606308
1403903721445105667,neutral,1.5269556045532227,0.48821860551834106,0.5824435949325562
1403903721931689987,negative,0.8081671595573425,-0.5520936846733093,2.4342873096466064
1403903721931788289,neutral,0.5442213416099548,0.2955946922302246,0.1286831498146057
1403903723861123072,negative,1.9760442972183228,-1.1435997486114502,2.0983781814575195
1403903724917989380,negative,1.5908018350601196,-0.38131383061408997,1.6988087892532349
1403903725601763329,neutral,1.8891879320144653,0.5245234966278076,0.560952365398407
1403903726624993284,negative,0.4067584276199341,-1.2081897258758545,3.7179174423217773
1403903726910246912,neutral,2.0732452869415283,1.541130781173706,-0.16251540184020996
1403903727568777218,negative,0.9712803959846497,-1.1330993175506592,3.3315351009368896
1403903730924146691,negative,1.471879243850708,-0.836323082447052,1.7487907409667969
1403903732115382272,neutral,2.619354486465454,0.3218981623649597,0.05345836654305458
1403903732845322247,negative,1.2957277297973633,-0.7549206614494324,2.3331716060638428
1403903735101722629,neutral,1.554468035697937,0.22405803203582764,0.6410950422286987
1403903737198899204,neutral,2.1833279132843018,0.16584926843643188,0.5372801423072815
1403903737933008897,neutral,1.91477632522583,-0.7280219197273254,1.6810382604599
1403903738146738181,negative,1.1945794820785522,-1.1363805532455444,2.9911537170410156
1403903738390011906,neutral,1.6568759679794312,0.08745183050632477,0.5050107836723328
1403903739329540097,neutral,2.0574071407318115,0.10498326271772385,1.4736493825912476
1403903739489046529,negative,0.6100472211837769,-0.5578840970993042,2.1614809036254883
1403903739686121472,neutral,2.6754703521728516,1.1542540788650513,-0.23154272139072418
1403903741984751616,neutral,1.8445197343826294,0.23661664128303528,0.8432996273040771
1403903742680858628,neutral,1.8198760747909546,0.8568339943885803,0.430865615606308
1403903743842832384,neutral,1.8955224752426147,-0.6867144703865051,1.520538330078125
1403903746783035394,positive,1.4496946334838867,1.8758524656295776,0.2716482877731323
1403903747156230147,neutral,2.782238245010376,1.129993200302124,-0.4243341088294983
1403903750482411520,neutral,1.594359278678894,-0.112026147544384,1.3583970069885254
1403903750876516353,neutral,2.322033643722534,0.8155692219734192,0.12140562385320663
1403903755280519169,negative,1.2435015439987183,-0.9676334261894226,2.359360933303833
1403903755679059968,negative,0.905939519405365,-1.1865211725234985,3.150099754333496
1403903757621006341,positive,1.0564759969711304,1.4444172382354736,0.1717466115951538
1403903758061346816,positive,2.070596218109131,3.16374135017395,-1.1228032112121582
1403903758279475203,negative,1.5769575834274292,-1.1512384414672852,2.5429415702819824
1403903759214800901,neutral,1.886662483215332,0.797883152961731,0.7123442888259888
1403903760015843333,neutral,1.6885913610458374,0.7058066725730896,0.3871697187423706
1403903762171760641,neutral,1.8955224752426147,-0.6867144703865051,1.520538330078125
1403903762494754816,negative,1.5384262800216675,-1.116156816482544,2.832719564437866
1403903764789088262,neutral,2.306674003601074,-0.3815867304801941,0.8096887469291687
1403903765321814020,negative,1.1652404069900513,-0.12936848402023315,1.7851852178573608
1403903766730973189,neutral,1.5439170598983765,-0.058037541806697845,0.8612551689147949
1403903769251921921,neutral,1.9010165929794312,1.4352622032165527,-0.3083934783935547
1403903769289572352,neutral,2.0702335834503174,-0.13541358709335327,0.7008082866668701
1403903770141073411,negative,1.6055748462677002,-0.9603254199028015,2.045074701309204
1403903770598068224,neutral,3.530146598815918,1.6300077438354492,-1.0650410652160645
1403903770895863808,neutral,1.151452898979187,0.2393682599067688,0.10540033131837845
1403903774662422528,neutral,1.717751383781433,0.06165957450866699,1.0908039808273315
1403903774763143170,neutral,1.0407657623291016,-0.13288265466690063,0.0821681022644043
1403903775375388673,negative,1.5351065397262573,-0.469969779253006,1.8697428703308105
1403903775748853760,neutral,2.9767324924468994,0.8210660219192505,0.19261085987091064
1403903775752994817,negative,1.1231659650802612,-1.0837700366973877,3.2790465354919434
1403903776130441216,neutral,2.120673418045044,0.5385459065437317,0.049272701144218445
1403903776466030593,negative,1.5908018350601196,-0.38131383061408997,1.6988087892532349
1403903778525351937,neutral,1.3362253904342651,0.5294409990310669,0.5308375358581543
1403903778701692933,neutral,2.506451368331909,1.4469834566116333,-0.5270968675613403
1403903779397935107,neutral,1.8445197343826294,0.23661664128303528,0.8432996273040771
1403903780165406721,positive,2.6846351623535156,2.772189140319824,-1.2851271629333496
1403903781675409410,negative,1.1854851245880127,-0.7890951037406921,1.786562204360962
1403903781926998021,neutral,1.6324712038040161,-0.3047652840614319,1.5853686332702637
1403903782786850821,negative,1.3916524648666382,0.024219080805778503,1.7649661302566528
1403903784141660162,neutral,1.8287264108657837,-0.5227094888687134,1.578992486000061
1403903784250662912,negative,1.2003496885299683,-1.0113235712051392,2.2952747344970703
1403903784791646208,neutral,2.1137287616729736,1.2341548204421997,0.09903325140476227
1403903787543064580,negative,1.8190058469772339,-1.0369819402694702,2.1519250869750977
1403903789376196611,negative,1.6165248155593872,-0.8310895562171936,2.231607437133789
1403903791984902146,negative,0.9042158722877502,0.2783881425857544,1.315610647201538
1403903793176055808,negative,1.221327781677246,-1.2218204736709595,3.12563419342041
1403903793356435460,negative,0.3445999026298523,-0.9222103953361511,3.2920191287994385
1403903794103132160,negative,1.4211821556091309,-0.9032194018363953,2.257875680923462
1403903794958766085,negative,1.1811085939407349,0.0727272629737854,1.6746410131454468
1403903796078690315,negative,0.9005235433578491,-0.7470967769622803,1.8790873289108276
1403903798775537665,negative,0.9564541578292847,-0.3752194344997406,1.9688323736190796
1403903798985183234,neutral,2.123706817626953,1.7430912256240845,-0.5234017968177795
1403903799480049667,positive,0.9319987297058105,1.945416808128357,0.34754034876823425
1403903800184696832,negative,1.3277260065078735,-0.3844497501850128,1.3812175989151
1403903800595804162,neutral,3.5014896392822266,1.222364068031311,-0.9043996334075928
1403903800738553856,positive,1.8236932754516602,2.031595230102539,-0.3543674945831299
1403903801682235394,negative,0.26039624214172363,0.2292385697364807,0.5481626987457275
1403903802424500228,neutral,2.7692573070526123,1.734678864479065,-0.9014629125595093
1403903802533625857,negative,1.2720117568969727,-1.3896079063415527,3.609194755554199
1403903803770867719,neutral,1.8676331043243408,1.210631251335144,-0.08106673508882523
1403903806732181509,neutral,1.8545254468917847,-0.8263784646987915,1.4891839027404785
1403903807625469954,positive,2.0592246055603027,3.7037100791931152,-0.8232371807098389
1403903808439087111,neutral,1.594359278678894,-0.11202613264322281,1.3583968877792358
1403903809634537477,neutral,1.445405125617981,-0.5654825568199158,1.3894476890563965
1403903810959941632,negative,0.7779410481452942,-0.3733676075935364,2.268763780593872
1403903810968244225,negative,0.7290635108947754,0.575658917427063,0.8620989322662354
1403903811819692035,negative,0.797285795211792,0.848799467086792,0.9006895422935486
1403903812067233797,neutral,1.8955224752426147,-0.6867144703865051,1.520538330078125
1403903812977496065,neutral,1.5559513568878174,0.9688065052032471,0.1871528923511505
1403903815267491846,neutral,1.4165922403335571,-0.4137606918811798,0.8107149600982666
1403903816903319557,positive,1.0020205974578857,1.025679588317871,0.7281202673912048
1403903817314410506,negative,0.3101842403411865,-0.5146893262863159,1.552363395690918
1403903818396581888,neutral,1.8445197343826294,0.23661664128303528,0.8432996273040771
1403903818429997059,neutral,2.456897020339966,0.9343383312225342,0.20977720618247986
1403903819310899203,negative,1.5013011693954468,-1.0107123851776123,2.1887454986572266
1403903819822649350,neutral,1.6209299564361572,0.1698944866657257,1.050075650215149
1403903819851833350,negative,0.7640253901481628,-0.006157971918582916,1.6700372695922852
1403903819923087361,negative,0.43566885590553284,0.6678846478462219,1.4108527898788452
1403903821659660289,negative,1.3852683305740356,-0.9793556332588196,2.142399787902832
1403903822666383362,neutral,0.9556809067726135,0.725209653377533,0.867594838142395
1403903825933574145,neutral,3.0308899879455566,2.256897449493408,-0.9054902195930481
1403903827586211843,neutral,1.2049496173858643,0.8808397054672241,0.5969732403755188
1403903830849425408,neutral,1.8167301416397095,-0.7457254528999329,1.4744457006454468
1403903831033909250,neutral,1.445405125617981,-0.5654825568199158,1.3894476890563965
1403903831436578817,neutral,2.058189630508423,-0.8383657932281494,1.4405418634414673
1403903834167119873,negative,1.5908018350601196,-0.38131383061408997,1.6988087892532349
1403903838004862976,positive,1.448988676071167,1.6204354763031006,0.09375882893800735
1403903838839394312,negative,1.2667558193206787,-0.2920338809490204,1.761719822883606
1403903839053377537,neutral,1.2024811506271362,0.25370627641677856,0.7987797856330872
1403903839363690507,negative,1.2125617265701294,-1.299905776977539,3.5679099559783936
1403903840441696257,positive,2.0823299884796143,4.747779369354248,-1.4739106893539429
1403903840684888066,neutral,1.5202221870422363,0.002145238220691681,1.27605140209198
1403903842077450242,neutral,0.6916758418083191,0.3413376808166504,0.5103368163108826
1403903843876884486,negative,1.208233118057251,-0.4593375623226166,1.6324329376220703
1403903843977633793,positive,1.2974926233291626,1.4910399913787842,0.06502173095941544
1403903844149387266,negative,1.3191591501235962,-1.0599359273910522,2.637789487838745
1403903844938043392,negative,1.0990169048309326,-0.7306036353111267,2.218822956085205
1403903846783471622,neutral,1.6751916408538818,0.02679455652832985,1.141197919845581
1403903847354048514,neutral,2.8651256561279297,1.3366920948028564,-0.1784932017326355
1403903848440221696,negative,1.2113006114959717,-0.3602840304374695,1.5556230545043945
1403903849644003333,positive,1.5262954235076904,1.8755730390548706,0.29852280020713806
1403903850000515073,neutral,1.1568450927734375,0.2080857753753662,0.22171540558338165
1403903850021523463,negative,0.9660266041755676,-0.814565896987915,2.146399736404419
1403903850189180930,negative,0.1570931077003479,-0.062126003205776215,1.7582298517227173
1403903853347541000,neutral,1.9642431735992432,0.7766939401626587,-0.06103304773569107
1403903854228295680,neutral,1.9239603281021118,0.8521581292152405,0.08820919692516327
1403903855683833858,negative,0.3432222902774811,-0.2291412651538849,1.9938498735427856
1403903855826460673,negative,1.5142096281051636,-0.43836137652397156,1.9218717813491821
1403903856300359680,negative,1.1656157970428467,0.007508635520935059,1.5505034923553467
1403903856908591110,neutral,2.6450490951538086,-0.40479326248168945,1.0429224967956543
1403903857483161601,negative,1.461950421333313,-1.0033764839172363,2.5368540287017822
1403903859303587841,negative,1.6427546739578247,-1.050371527671814,2.546316623687744
1403903859680968712,neutral,1.9239603281021118,0.8521580696105957,0.08820921182632446
1403903860645765127,neutral,2.543001890182495,1.0240801572799683,-0.16154251992702484
1403903861975183360,neutral,2.686922550201416,0.012738130986690521,0.6487725973129272
1403903863984373765,neutral,2.2157480716705322,0.2441435158252716,0.0604105144739151
1403903864856739841,neutral,1.3539798259735107,-0.14256399869918823,0.9890040755271912
1403903865603297284,negative,1.250844955444336,-1.1498749256134033,2.705631732940674
1403903869797617676,neutral,1.3476976156234741,0.039629220962524414,0.8986057043075562
1403903870070312965,neutral,1.594359278678894,-0.112026147544384,1.3583970069885254
1403903870812626948,neutral,2.0376784801483154,0.08804803341627121,1.2734328508377075
1403903872914051085,neutral,1.174957513809204,0.17247575521469116,0.8025554418563843
1403903873077633024,negative,1.201066017150879,-0.5488305687904358,1.867993950843811
1403903874142924803,negative,1.1006965637207031,0.2616220712661743,1.319298505783081
1403903874386337798,neutral,1.4006214141845703,1.1512051820755005,1.1921415328979492
1403903875061407744,neutral,1.1891783475875854,-0.2635118067264557,0.7630718946456909
1403903876332507136,negative,1.3564118146896362,-0.5838230848312378,1.7109081745147705
1403903877003546626,positive,1.614512324333191,4.600213527679443,-1.5193533897399902
1403903877292773378,negative,0.8947703242301941,-0.21060413122177124,1.8376301527023315
1403903879142539264,neutral,2.6837236881256104,-0.08743249624967575,1.0221967697143555
1403903881738821632,neutral,2.2219443321228027,-0.15143528580665588,0.4561549127101898
1403903883034959875,negative,0.9605687260627747,-0.741463840007782,2.587991237640381
1403903884117041152,neutral,1.445405125617981,-0.5654825568199158,1.3894476890563965
1403903884439920643,negative,0.9645482897758484,-0.8084033131599426,1.8893882036209106
1403903886683869189,negative,1.514209508895874,-0.4383615553379059,1.9218717813491821
1403903886860161024,negative,2.1112687587738037,-1.0838860273361206,2.2172744274139404
1403903887069810688,negative,1.0994049310684204,0.19182932376861572,1.8598170280456543
1403903887547895808,negative,0.4478462338447571,-0.1499650776386261,2.612367868423462
1403903887636152320,positive,1.8236932754516602,2.031595230102539,-0.3543674945831299
1403903888856551426,negative,1.9760442972183228,-1.1435997486114502,2.0983781814575195
1403903889305489410,negative,1.3916523456573486,0.024219028651714325,1.764966368675232
1403903889473032192,negative,1.0318316221237183,-0.6427058577537537,1.6042648553848267
1403903889837989889,neutral,1.4341906309127808,0.5142650008201599,0.9735581278800964
1403903889980616706,neutral,2.686922788619995,0.012738168239593506,0.648772656917572
1403903890974679041,neutral,2.376952648162842,1.3636022806167603,-0.6743353605270386
1403903893436878852,negative,0.10781237483024597,0.6040883660316467,0.8103994131088257
1403903894523060224,negative,1.4070522785186768,-0.9250665307044983,1.9019062519073486
1403903894749650945,neutral,2.6754703521728516,1.1542540788650513,-0.23154272139072418
1403903897274572802,negative,1.3916523456573486,0.024219028651714325,1.764966368675232
1403903899333840896,neutral,1.6885913610458374,0.7058066725730896,0.3871697187423706
1403903899409391620,negative,0.6956232190132141,-0.8989554047584534,3.70180344581604
1403903900160192516,positive,1.637471079826355,3.663527250289917,-0.8087639212608337
1403903902479646721,negative,1.2720117568969727,-1.3896079063415527,3.609194755554199
1403903902517383178,neutral,3.530146598815918,1.6300077438354492,-1.0650410652160645
1403903902517497856,neutral,2.0134806632995605,1.1385287046432495,-0.010514592751860619
1403903902622224388,neutral,1.7901259660720825,-0.19823908805847168,0.9015010595321655
1403903902630699015,negative,0.5870445966720581,-1.4644304513931274,4.413552761077881
1403903902844522504,negative,1.2575093507766724,-0.4092436134815216,2.1192352771759033
1403903903050002432,negative,1.3916523456573486,0.024219028651714325,1.764966368675232
1403903903607914501,neutral,2.0044562816619873,-0.8092470765113831,1.8702152967453003
1403903903645589506,positive,0.6742917895317078,0.719788670539856,0.710364043712616
1403903903826165764,negative,1.8759371042251587,-0.7542041540145874,1.902337908744812
1403903903851155461,negative,0.7686842679977417,-0.1974092423915863,1.8489536046981812
1403903904627236865,negative,0.4601145386695862,-0.5523426532745361,2.6875123977661133
1403903904656420868,negative,1.1811085939407349,0.0727272629737854,1.6746410131454468
1403903906070122496,neutral,1.8955223560333252,-0.6867144703865051,1.5205382108688354
1403903906313392129,negative,1.6095575094223022,-1.0689836740493774,2.397754192352295
1403903909660344325,neutral,1.5502413511276245,0.1785125583410263,0.9664760231971741
1403903910021062662,negative,1.1811085939407349,0.0727272629737854,1.6746410131454468
1403903910327115778,neutral,1.602506160736084,-0.4992806613445282,1.1196844577789307
1403903911182979074,negative,1.262342095375061,-1.237059473991394,2.9731826782226562
1403903911199752195,neutral,1.6441446542739868,-0.5100817084312439,1.4364490509033203
1403903911656787971,neutral,1.5859081745147705,1.2193304300308228,0.2425605207681656
1403903912600510468,negative,1.6634572744369507,-1.0234328508377075,2.36853289604187
1403903913020071936,negative,1.0554523468017578,0.2322973608970642,1.3862138986587524
1403903916425764870,neutral,1.501346230506897,-0.0964498296380043,0.8111714124679565
1403903918896209920,neutral,1.8405708074569702,0.5707631707191467,0.36307668685913086
1403903919705628672,negative,1.1238206624984741,-0.0626448467373848,1.1941864490509033
1403903920716488706,negative,1.4865411520004272,-0.9939155578613281,2.185681104660034
1403903920729116673,neutral,1.7045834064483643,1.0603677034378052,0.36464157700538635
1403903921081315334,neutral,3.530146598815918,1.6300077438354492,-1.0650410652160645
1403903922025025540,neutral,2.0475244522094727,-0.26712214946746826,0.8595051169395447
1403903923367211012,neutral,2.521880865097046,0.3357152044773102,-0.785439670085907
1403903925913223171,negative,0.9841788411140442,-1.1126090288162231,3.2756505012512207
1403903927800811522,negative,1.3916523456573486,0.024219028651714325,1.764966368675232
1403903929134501890,negative,1.0824861526489258,0.4833658039569855,1.2812108993530273
1403903929180581892,negative,0.8316432237625122,-0.032882966101169586,1.073111891746521
1403903929897783307,positive,1.6851983070373535,3.039599895477295,-0.5585664510726929
1403903931412103170,negative,1.4211821556091309,-0.9032194018363953,2.257875680923462
1403903933295128577,negative,1.0245611667633057,-0.6785544157028198,1.8475492000579834
1403903935186882565,neutral,2.6754703521728516,1.1542540788650513,-0.23154272139072418
1403903936407519232,neutral,2.612525224685669,1.0980920791625977,-0.3629615604877472
1403903937250533381,neutral,0.7837392091751099,0.3215515613555908,0.7076785564422607
1403903937367924736,neutral,1.4497554302215576,-0.3064788281917572,1.110869288444519
1403903938286342147,neutral,1.732395052909851,0.1916295289993286,1.136557698249817
1403903939712458758,neutral,2.6754703521728516,1.1542540788650513,-0.23154272139072418
1403903940899446785,neutral,2.3658149242401123,0.8157715201377869,-0.21532219648361206
1403903941071491075,neutral,1.828550934791565,0.425702303647995,0.6387444734573364
1403903942472474625,neutral,1.589582920074463,0.3353410065174103,0.8973228931427002
1403903942577299461,positive,1.0564758777618408,1.4444172382354736,0.17174670100212097
1403903943185342466,neutral,1.5676321983337402,-0.5248143076896667,1.3224167823791504
1403903944615661569,negative,0.9126243591308594,-0.9349338412284851,2.8453543186187744
1403903945567789058,neutral,1.6867903470993042,0.7567650675773621,0.14344492554664612
1403903946029207565,negative,0.7203139662742615,-0.30784162878990173,1.8310153484344482
1403903948881207297,neutral,1.321930170059204,1.307690143585205,0.007991213351488113
1403903949250252801,positive,3.0038983821868896,3.2778279781341553,-1.6548587083816528
1403903950072389635,positive,1.6851983070373535,3.039599895477295,-0.5585664510726929
1403903950584127488,neutral,3.530146598815918,1.6300077438354492,-1.0650410652160645
1403903950647070722,negative,0.9091399312019348,-0.2559569180011749,1.8337440490722656
1403903951120916488,negative,1.311780333518982,-1.3488849401474,3.847763776779175
1403903953276964867,negative,1.8759371042251587,-0.7542042136192322,1.9023377895355225
1403903954736476161,negative,1.7761709690093994,-0.503219485282898,1.933265209197998
1403903954778431490,neutral,3.530146598815918,1.6300077438354492,-1.0650410652160645
1403903955424395266,negative,1.0526748895645142,-0.4854060113430023,1.9483730792999268
1403903956212875266,neutral,3.3773183822631836,2.8716578483581543,-1.3752902746200562
1403903958184194049,neutral,3.530146598815918,1.6300077438354492,-1.0650410652160645
1403903958398103559,negative,1.6452268362045288,-0.7774677872657776,2.0981571674346924
1403903958494552075,positive,1.6851983070373535,3.039599895477295,-0.5585664510726929
1403903958612017167,neutral,1.7576600313186646,-0.6597200632095337,1.1783896684646606
1403903960063385600,negative,0.758894681930542,-0.6048558354377747,2.254270315170288
1403903961455730689,neutral,2.071244239807129,1.4225049018859863,-0.2106265425682068
1403903961539649536,neutral,3.530146598815918,1.6300077438354492,-1.0650410652160645
1403903963427082242,negative,0.2825736403465271,-0.6687589287757874,3.0954270362854004
1403903964257607681,neutral,1.4977151155471802,0.6856327056884766,-0.4532952904701233
1403903964613996544,negative,1.3942443132400513,0.1796455681324005,1.9971054792404175
1403903964886700036,neutral,1.700582504272461,0.5636162161827087,0.36950773000717163
1403903967986286598,neutral,2.012491464614868,-0.6899302005767822,1.415040135383606
1403903968246304768,negative,0.9527857899665833,-0.5567322969436646,1.657536506652832
1403903972092612613,negative,1.218242883682251,-0.922846257686615,2.2991836071014404
1403903972885229568,neutral,1.8955224752426147,-0.6867144703865051,1.520538330078125
1403903975674421251,neutral,1.5522315502166748,0.4348011016845703,0.22205641865730286
1403903976563564549,neutral,1.6051366329193115,-0.20449906587600708,1.2115168571472168
1403903977045991428,positive,1.2863761186599731,2.9259612560272217,-0.2504628002643585
1403903980028055554,neutral,1.594359278678894,-0.112026147544384,1.3583970069885254
1403903980959264768,positive,1.6851983070373535,3.039599895477295,-0.5585664510726929
1403903981416452096,neutral,1.8676331043243408,1.210631251335144,-0.08106673508882523
1403903982192451592,negative,1.3275375366210938,-0.6827402710914612,2.030334234237671
1403903982213292037,neutral,2.686922550201416,0.012738130986690521,0.6487725973129272
1403903982871908352,negative,1.314186692237854,-0.7721619009971619,2.046449661254883
1403903983341670406,negative,1.166877031326294,0.22547310590744019,1.5400410890579224
1403903983429771265,neutral,1.9544997215270996,-0.8101680874824524,1.8701701164245605
1403903984495120389,neutral,1.9425569772720337,0.27754196524620056,0.6770303249359131
1403903984667185158,neutral,1.823756456375122,1.1142524480819702,-0.015860768035054207
1403903984818024449,neutral,1.8545254468917847,-0.8263784646987915,1.4891839027404785
1403903985325576196,negative,1.3569271564483643,-0.7153726816177368,1.4987996816635132
1403903986395090947,negative,1.5582213401794434,-0.9382306933403015,2.392683744430542
1403903986466541576,negative,0.8872830271720886,0.027576737105846405,1.5732901096343994
1403903988722847744,neutral,1.5676323175430298,-0.5248143076896667,1.3224166631698608
1403903989096140801,negative,1.4070521593093872,-0.9250664710998535,1.9019064903259277
1403903990895722499,negative,0.811205267906189,-0.9982882142066956,2.6071157455444336
1403903991021543433,negative,0.7533397078514099,-1.0837547779083252,3.2508914470672607
1403903991138852864,neutral,1.8445196151733398,0.23661667108535767,0.8432996869087219
1403903991285792773,negative,0.34514012932777405,0.37474149465560913,2.3855648040771484
1403903991294144517,neutral,1.714371681213379,0.477154403924942,0.19952963292598724
1403903993043034113,positive,1.3347543478012085,1.6714845895767212,0.26079434156417847
1403903993852534784,neutral,3.530146598815918,1.6300078630447388,-1.065041184425354
1403903994133549062,neutral,1.675191879272461,0.026794567704200745,1.1411980390548706
1403903994557349890,neutral,1.8445196151733398,0.23661667108535767,0.8432996869087219
1403903996096438274,neutral,1.5522316694259644,0.4348011016845703,0.22205635905265808
1403903996742471682,negative,1.1738077402114868,0.5183055996894836,1.2793595790863037
1403903997275222018,positive,0.24194468557834625,0.9218271970748901,0.6420594453811646
1403903997304475656,negative,1.3764821290969849,-1.121468186378479,3.075737476348877
1403903999321907210,neutral,1.594359278678894,-0.11202608793973923,1.3583968877792358
1403903999636561921,positive,0.706384003162384,2.4457461833953857,-0.4676230549812317
1403903999758147589,neutral,1.4165921211242676,-0.4137606918811798,0.8107149600982666
1403903999917518849,negative,1.3916523456573486,0.024219006299972534,1.7649662494659424
1403904001033261060,neutral,1.4421470165252686,0.24456244707107544,1.0558222532272339
1403904001611993091,negative,1.3231056928634644,-1.2230225801467896,2.717541217803955
1403904001951899654,neutral,1.4962544441223145,0.11732083559036255,0.5050767064094543
1403904002790547459,positive,1.6851983070373535,3.039599895477295,-0.5585664510726929
1403904003109425154,neutral,1.9877698421478271,1.0188699960708618,0.10282597690820694
1403904005739368448,neutral,1.2875598669052124,0.24020972847938538,0.9402807354927063
1403904006087266306,negative,0.9645482301712036,-0.8084032535552979,1.889388084411621
1403904006418747392,negative,1.3916523456573486,0.024219006299972534,1.7649662494659424
1403904006770991108,neutral,1.7730973958969116,-0.6476805210113525,1.4520089626312256
1403904007253348355,neutral,2.071244239807129,1.4225047826766968,-0.2106265425682068
1403904007907659783,negative,1.099217176437378,-1.0995700359344482,3.0814459323883057
1403904008029306881,negative,1.0012050867080688,-0.7474527955055237,2.1851418018341064
1403904008394219521,neutral,1.8891879320144653,0.5245234966278076,0.5609523057937622
1403904009585545222,neutral,2.299288511276245,1.5490624904632568,-0.4205448627471924
1403904009648283649,negative,1.281187891960144,-1.3326051235198975,3.4219493865966797
1403904010428506112,negative,1.1811085939407349,0.0727272555232048,1.6746410131454468
1403904010868776973,negative,0.8272408246994019,-0.48063382506370544,2.440463066101074
1403904011527495683,neutral,1.4176288843154907,0.09209688007831573,0.5632385015487671
1403904013586681863,positive,0.9359403848648071,1.828016996383667,0.5293660759925842
1403904014710759427,negative,0.9361165165901184,-1.0470346212387085,3.4188430309295654
1403904016514310147,negative,0.6486911773681641,-0.26633593440055847,1.5067027807235718
1403904017445666818,negative,0.8613359332084656,-0.2779969274997711,2.2851924896240234
1403904017546158089,negative,1.1449401378631592,-0.6366225481033325,1.3583984375
1403904019391651841,neutral,2.496997356414795,-0.8573763966560364,1.2336093187332153
1403904020004044807,neutral,1.570655345916748,-0.6117091178894043,0.961324155330658
1403904020356292619,neutral,1.7650130987167358,-0.7029991745948792,1.4997855424880981
1403904020784173057,negative,1.262342095375061,-1.237059235572815,2.973181962966919
1403904021228781575,negative,0.9009653925895691,-0.735965371131897,2.7964587211608887
1403904021451137027,neutral,2.5064516067504883,1.4469836950302124,-0.5270969271659851
1403904023401439238,neutral,2.2925117015838623,1.202815294265747,0.053772278130054474
1403904023732891648,neutral,1.5559515953063965,0.9688063859939575,0.1871529072523117
1403904023942500357,neutral,1.7650130987167358,-0.7029991745948792,1.4997855424880981
1403904026362597379,negative,1.2487062215805054,-0.7661128044128418,2.625056028366089
1403904026484301824,neutral,2.1248247623443604,-0.1068432405591011,0.9665763974189758
1403904027327295489,positive,0.24194468557834625,0.9218271970748901,0.6420594453811646
1403904028493246466,negative,0.936082661151886,0.0168740376830101,1.397966742515564
1403904028530991105,negative,1.4247792959213257,-0.2561013996601105,1.4777311086654663
1403904029797896195,neutral,1.8445196151733398,0.23661667108535767,0.8432996869087219
1403904029944467458,neutral,1.6527609825134277,-0.42226412892341614,0.8859457969665527
1403904029961330689,neutral,1.2017247676849365,1.1546332836151123,0.5426978468894958
1403904030925942790,negative,1.4554890394210815,-0.7389319539070129,1.75777006149292
1403904031563685892,negative,1.0340708494186401,0.08710494637489319,2.4026546478271484
1403904032452775943,negative,0.670817494392395,-0.5691058039665222,1.7031000852584839
1403904033106972677,neutral,1.7239986658096313,0.5157526135444641,0.36548423767089844
1403904035984269314,negative,1.5329539775848389,-0.9609076380729675,2.2108042240142822
1403904036970106882,neutral,1.445405125617981,-0.565482497215271,1.3894476890563965
1403904037813166081,neutral,1.1952223777770996,1.124554991722107,0.79298335313797
1403904040384163840,neutral,1.9660152196884155,0.6229872107505798,0.8208907246589661
1403904041026043907,neutral,2.0704591274261475,-0.03757160156965256,1.1906108856201172
1403904041143439362,neutral,2.019059181213379,-0.029726646840572357,1.0396220684051514
1403904042053431299,positive,2.266822576522827,2.4826066493988037,-0.7253361344337463
1403904043076841474,neutral,1.406497597694397,0.24675852060317993,-0.06167297810316086
1403904043148144643,positive,1.134533166885376,1.4156428575515747,0.09840662032365799
1403904043987132423,neutral,2.5064516067504883,1.4469836950302124,-0.5270969271659851
1403904044498931714,neutral,1.4390285015106201,-0.11207225173711777,0.8995785117149353
1403904045756997637,negative,1.313994288444519,-0.29931455850601196,2.216996669769287
1403904047178915844,negative,0.9361165761947632,-1.0470346212387085,3.4188430309295654
1403904048399585285,neutral,1.8955222368240356,-0.6867144703865051,1.5205382108688354
1403904048403652613,negative,1.1198723316192627,-0.629280686378479,2.115999937057495
1403904048680558592,neutral,1.8445196151733398,0.23661667108535767,0.8432996869087219
1403904049615757314,negative,1.3337152004241943,-1.0725457668304443,2.48653507232666
1403904049678753793,negative,0.9466047883033752,-0.7996188998222351,2.5289080142974854
1403904050135977987,negative,1.147589087486267,0.24312740564346313,1.2668304443359375
1403904051654320129,positive,0.7390187978744507,1.8676323890686035,0.20270074903964996
1403904052136710144,neutral,2.8231799602508545,2.7245588302612305,-1.0033317804336548
1403904052568543235,negative,0.9093853235244751,0.31718945503234863,1.2865955829620361
1403904052686037001,negative,1.7068240642547607,-0.34747713804244995,2.0448665618896484
1403904052702887943,neutral,1.486788034439087,1.2452102899551392,0.20337338745594025
1403904052824612871,neutral,1.675191879272461,0.026794567704200745,1.1411980390548706
1403904053306875905,negative,1.3916523456573486,0.024219006299972534,1.7649662494659424
1403904054925873162,negative,1.3916523456573486,0.024219006299972534,1.7649662494659424
1403904055521468417,negative,1.1874184608459473,-0.5362459421157837,2.262333631515503
1403904055550828549,neutral,1.9544997215270996,-0.8101680874824524,1.8701701164245605
1403904056511369217,neutral,1.8069519996643066,0.2086019217967987,0.19384931027889252
1403904059355013123,negative,1.4070521593093872,-0.9250664710998535,1.9019064903259277
1403904059665391628,neutral,1.6384437084197998,1.3267924785614014,0.11581853777170181
1403904060747501571,positive,2.2023653984069824,2.346116304397583,-0.2211185246706009
1403904060944756738,negative,1.2885453701019287,-0.5570515990257263,2.118605136871338
1403904061695430658,negative,1.5465785264968872,-0.8305068016052246,1.7781777381896973
1403904062190362634,positive,1.702440857887268,2.2367658615112305,-0.19056253135204315
1403904063020802049,negative,1.264020562171936,-1.3982950448989868,3.698974132537842
1403904063033520130,negative,0.7100505232810974,-0.0426894947886467,1.9377334117889404
1403904066737016837,negative,0.4159984290599823,0.2225351631641388,2.4181997776031494
1403904066980306944,neutral,1.8445196151733398,0.23661667108535767,0.8432996869087219
1403904067030691841,neutral,1.6302282810211182,0.4709961712360382,0.7569941282272339
1403904068045660163,negative,1.421821117401123,-0.635148823261261,1.7925827503204346
1403904068070805505,negative,1.2574299573898315,-0.37662526965141296,1.9239989519119263
1403904070872559616,positive,1.6851983070373535,3.039599895477295,-0.5585664510726929
1403904071095001088,neutral,2.0595569610595703,1.220658540725708,-0.46724966168403625
1403904072197885952,neutral,3.530146598815918,1.6300078630447388,-1.065041184425354
1403904072378355717,negative,1.1833751201629639,-0.9451281428337097,2.060715675354004
1403904072449769474,neutral,2.0013036727905273,0.3605331778526306,0.18671643733978271
1403904075238764545,positive,1.6851983070373535,3.039599895477295,-0.5585664510726929
1403904075314434051,negative,0.6817169785499573,-0.29258668422698975,2.4670729637145996
1403904075343613952,neutral,2.21079158782959,0.9002575278282166,0.21009601652622223
1403904075419193359,negative,1.0696669816970825,-0.381852924823761,2.1563756465911865
1403904076996255750,negative,1.4070521593093872,-0.9250664710998535,1.9019064903259277
1403904077508091907,neutral,2.5895423889160156,-0.09561697393655777,0.8276505470275879
1403904078200012801,neutral,1.9239603281021118,0.8521581292152405,0.08820924907922745
1403904078413844486,neutral,1.8445197343826294,0.2366166114807129,0.8432996869087219
1403904078468554754,neutral,1.3509626388549805,-0.32028231024742126,1.2213460206985474
1403904080074924039,positive,1.066795825958252,1.274395227432251,0.9133335947990417
1403904080313864199,neutral,2.1693098545074463,0.17105653882026672,1.2965402603149414
1403904080800489478,negative,1.1040080785751343,-1.1677136421203613,2.965968370437622
1403904082058821632,positive,1.9592663049697876,2.7739665508270264,-0.20607973635196686
1403904083811999744,negative,1.4356379508972168,-1.13905668258667,2.853330373764038
1403904085498089472,negative,1.4937009811401367,-1.205197811126709,3.207880973815918
1403904085720326148,neutral,1.1058682203292847,0.4845168888568878,0.6358059048652649
1403904086706098179,neutral,1.311562418937683,-0.2486582100391388,0.7393954396247864
1403904087104507905,negative,0.9834669232368469,-0.9347105622291565,2.3664309978485107
1403904087717040129,neutral,1.3822154998779297,0.03997288644313812,1.2649226188659668
1403904087737847808,negative,1.2898344993591309,-0.3453822433948517,2.265019178390503
1403904088312631296,negative,0.7533397078514099,-1.0837547779083252,3.2508914470672607
1403904088409088001,neutral,2.5309994220733643,0.7896189093589783,0.13629958033561707
1403904088589352962,negative,1.161251187324524,-1.3389651775360107,3.9495720863342285
1403904089768050692,negative,0.9382271766662598,-0.21052032709121704,1.8104183673858643
1403904089881296900,neutral,2.4568965435028076,0.9343382120132446,0.2097773402929306
1403904090262818816,neutral,2.5569887161254883,0.2946128249168396,0.4859161376953125
1403904090338480130,positive,0.24194468557834625,0.9218271970748901,0.6420594453811646
1403904090346725382,neutral,1.637675404548645,0.45437195897102356,0.5790775418281555
1403904091579842561,positive,1.3721731901168823,2.307112693786621,0.18422941863536835
1403904091663704066,neutral,2.164260149002075,0.3419821858406067,0.40984490513801575
1403904092246736902,positive,2.929593324661255,3.1180973052978516,-1.0954312086105347
1403904094360670210,neutral,2.0091428756713867,-0.5149001479148865,1.4981954097747803
1403904097611390982,neutral,1.9656733274459839,0.28876134753227234,0.023838911205530167
1403904100027228160,positive,0.9506955742835999,1.0571388006210327,0.17117708921432495
1403904100454961157,neutral,1.7650130987167358,-0.7029991745948792,1.4997855424880981
1403904100559855617,neutral,2.205153226852417,-0.9435437917709351,1.3572397232055664
1403904100966694915,negative,1.1861519813537598,-1.1040351390838623,2.4497716426849365
1403904102338207747,negative,0.7623004913330078,-0.3265840709209442,2.16023325920105
1403904102447292418,negative,1.3225696086883545,-1.0445438623428345,2.3145601749420166
1403904102774493184,neutral,1.9544997215270996,-0.8101680874824524,1.8701701164245605
1403904103084789762,neutral,1.6245570182800293,0.7217555642127991,0.4965929090976715
1403904103542136834,neutral,2.4939417839050293,1.8422455787658691,-0.02097265236079693
1403904104032702465,negative,1.034190058708191,-0.23227158188819885,1.7527817487716675
1403904104393367552,neutral,1.637675404548645,0.45437195897102356,0.5790775418281555
1403904106461380609,negative,2.1112687587738037,-1.0838860273361206,2.2172744274139404
1403904108898054148,negative,1.3231056928634644,-1.2230225801467896,2.717541217803955
1403904110991220739,negative,1.3916523456573486,0.024219006299972534,1.7649662494659424
1403904113096724484,negative,1.1723979711532593,-0.6344351768493652,1.8902029991149902
1403904115747561480,negative,0.4258052110671997,-1.3748480081558228,4.916723728179932
1403904116569653250,negative,1.3825973272323608,-0.7200693488121033,1.8118244409561157
1403904116942794757,neutral,1.1891783475875854,-0.2635117471218109,0.7630718946456909
1403904117379010566,neutral,0.7489487528800964,0.06811545789241791,0.5723540186882019
1403904117483839489,negative,1.2213279008865356,-1.2218204736709595,3.12563419342041
1403904118985461763,neutral,1.5824435949325562,0.20389574766159058,0.5083480477333069
1403904119870410753,neutral,1.70641028881073,1.2302345037460327,0.09139464795589447
1403904120239579140,neutral,1.5033025741577148,0.020463943481445312,1.1771621704101562
1403904120449339395,neutral,1.7849586009979248,0.10891114920377731,1.650792121887207
1403904123527852037,negative,1.4349061250686646,-0.5744181275367737,2.087073564529419
1403904126421979138,negative,1.3528342247009277,-0.11258790642023087,1.619157075881958
1403904126975578113,neutral,1.6588867902755737,1.4678552150726318,0.08123867958784103
1403904127135010817,neutral,1.897136926651001,-0.15716716647148132,1.0333061218261719
1403904128372207622,neutral,1.5029516220092773,-0.26979315280914307,1.4915187358856201
1403904128917508096,neutral,1.9840126037597656,0.5252679586410522,0.4535822570323944
1403904129517297665,negative,1.3388043642044067,-0.9460904002189636,2.4100756645202637
1403904129563566082,neutral,1.8957024812698364,0.4988015294075012,0.2651660144329071
1403904131316785157,positive,1.0652272701263428,2.244779348373413,-0.2884071469306946
1403904133254504456,neutral,1.8445196151733398,0.23661667108535767,0.8432996869087219
1403904134835625997,neutral,1.675191879272461,0.026794567704200745,1.1411980390548706
1403904134894526464,negative,0.21050667762756348,0.16855278611183167,0.32583698630332947
1403904135271833600,negative,1.016628384590149,-0.879838228225708,2.1967358589172363
1403904135582339072,negative,1.3614336252212524,0.04917510598897934,1.5213608741760254
1403904136404373506,positive,1.6851983070373535,3.039599895477295,-0.5585664510726929
1403904136668610560,negative,0.6562144756317139,-0.0752670094370842,1.5576775074005127
1403904137767567361,negative,1.0333764553070068,0.4568203389644623,1.1603437662124634
1403904141110386690,neutral,2.071244239807129,1.4225047826766968,-0.2106265425682068
1403904141676658688,neutral,2.117527723312378,-0.33211609721183777,1.1511930227279663
1403904143664640004,negative,1.0353491306304932,-1.2652440071105957,3.852947235107422
1403904144109363203,negative,0.8873330950737,-0.9841702580451965,2.9613289833068848
1403904146638610432,negative,1.3916523456573486,0.024219006299972534,1.7649662494659424
1403904146709782529,neutral,1.6751916408538818,0.026794541627168655,1.1411980390548706
1403904147381010439,neutral,1.8955223560333252,-0.6867144107818604,1.5205382108688354
1403904147611602951,neutral,1.2390106916427612,0.35968372225761414,1.1856141090393066
1403904148878340097,positive,1.383785367012024,2.3900883197784424,-0.23743940889835358
1403904149855506434,neutral,1.8233442306518555,-0.17496424913406372,1.5028456449508667
1403904150346162180,neutral,2.0585365295410156,-0.2638911008834839,1.016230821609497
1403904150748876813,neutral,3.654932737350464,1.9857516288757324,-1.2636535167694092
1403904151164055552,negative,1.0499845743179321,-1.3930599689483643,3.7789928913116455
1403904156306350080,negative,0.8895456790924072,-0.7151408791542053,1.842108130455017
1403904157900279808,neutral,1.8545254468917847,-0.8263784646987915,1.4891839027404785
1403904158328107008,negative,0.9289820194244385,-0.6832827925682068,2.714667797088623
1403904158701277187,neutral,3.530146598815918,1.6300078630447388,-1.0650413036346436
1403904158919544835,neutral,1.445405125617981,-0.5654825568199158,1.389447808265686
1403904159317852163,neutral,1.0314929485321045,0.14367298781871796,0.8171271085739136
1403904159351336965,positive,1.6851983070373535,3.039599895477295,-0.5585664510726929
1403904166729326597,neutral,1.5668015480041504,-0.5870777368545532,1.3828506469726562
1403904166972383232,neutral,1.8891879320144653,0.5245234966278076,0.5609523057937622
1403904167442190343,neutral,2.4650416374206543,-0.4478338658809662,0.8304079174995422
1403904170093006849,negative,1.158299446105957,0.014239296317100525,1.7243695259094238
1403904171007426563,negative,1.3916523456573486,0.024219006299972534,1.7649662494659424
1403904173532495874,neutral,1.9544997215270996,-0.8101680874824524,1.8701701164245605
1403904175033962498,neutral,2.3354530334472656,0.690414547920227,-0.0735015720129013
1403904179823906818,positive,0.8348274230957031,0.9228559732437134,0.72715163230896
1403904180637638659,neutral,1.445405125617981,-0.565482497215271,1.3894476890563965
1403904181111595012,neutral,2.3370494842529297,1.0099583864212036,0.1728181540966034
1403904181891747842,negative,1.1116211414337158,-0.044476039707660675,1.258657693862915
1403904182751424515,negative,1.1811085939407349,0.0727272555232048,1.6746410131454468
1403904182784983043,neutral,2.2040655612945557,-0.36181360483169556,0.9988811016082764
1403904185033236482,negative,1.3916523456573486,0.024219006299972534,1.7649662494659424
1403904185079418888,neutral,1.6245570182800293,0.7217555642127991,0.4965929090976715
1403904185767059459,negative,0.4781820774078369,-0.210410475730896,2.617934226989746
1403904186094342145,neutral,1.4015028476715088,0.5910767316818237,0.8697168231010437
1403904188329963520,positive,1.2037705183029175,2.7455477714538574,-0.6272842884063721
1403904188740952072,neutral,1.3908185958862305,0.15614065527915955,0.782299816608429
1403904188896190470,neutral,1.8955223560333252,-0.6867144107818604,1.5205382108688354
1403904188950712325,neutral,2.077286720275879,2.0228757858276367,-0.5559775233268738
1403904188996755456,neutral,1.9500528573989868,1.9417165517807007,-0.03817564249038696
1403904189865005057,neutral,1.8905603885650635,-0.6272006630897522,1.4046282768249512
1403904191161110529,negative,0.7533397078514099,-1.0837547779083252,3.2508914470672607
1403904191739797513,neutral,2.884984254837036,1.3633105754852295,-0.8240038752555847
1403904193526632448,negative,1.3916523456573486,0.024219006299972534,1.7649662494659424
1403904194688425984,negative,1.0200626850128174,-0.6428977251052856,2.5052077770233154
1403904195481178114,neutral,1.052980661392212,0.8267377018928528,0.8686457872390747
1403904196668100612,neutral,1.9485785961151123,0.03929322585463524,0.7629674077033997
1403904197993639941,negative,0.3695647716522217,0.3979026973247528,2.477512836456299
1403904198450679808,neutral,2.2830328941345215,0.6309080719947815,0.2157052755355835
1403904199012749313,positive,1.6851983070373535,3.039599895477295,-0.5585664510726929
1403904200292110341,negative,1.433020830154419,-0.768881618976593,1.9580384492874146
1403904200791236610,neutral,2.019059181213379,-0.029726646840572357,1.0396220684051514
1403904201047134208,negative,1.1079236268997192,-0.5386302471160889,1.7223842144012451
1403904201311330307,negative,0.24694222211837769,0.6303688883781433,1.9563400745391846
1403904202942947328,negative,1.2045122385025024,-0.603175699710846,1.5284029245376587
1403904203890757637,negative,1.3916523456573486,0.024219006299972534,1.7649662494659424
1403904205186736135,neutral,2.7215921878814697,-0.5623356103897095,1.4334313869476318
1403904205685854208,neutral,1.1535290479660034,0.37009215354919434,0.33754172921180725
1403904207304814594,negative,1.5353946685791016,-1.063674807548523,2.2086853981018066
1403904208550641664,negative,1.278706431388855,-0.501479983329773,1.919498324394226
1403904209364340736,neutral,2.2925117015838623,1.2028154134750366,0.05377225950360298
1403904209947435010,negative,0.5524353384971619,0.26466745138168335,1.2614128589630127
1403904210173784066,negative,0.8786118626594543,-1.089278221130371,3.2760891914367676
1403904210220077057,neutral,1.8891879320144653,0.5245234966278076,0.5609523057937622
1403904211126001664,positive,0.8348274230957031,0.9228559732437134,0.72715163230896
1403904211591565314,negative,0.9229394197463989,-0.6187519431114197,2.583767890930176
1403904211658502148,negative,0.9645482301712036,-0.8084032535552979,1.889388084411621
1403904212191248387,neutral,1.4983644485473633,0.14415620267391205,0.9016454219818115
1403904212346437633,neutral,2.2763354778289795,0.3754114508628845,0.2045023888349533
1403904212589854723,negative,0.9698049426078796,-0.74570232629776,2.2393171787261963
1403904213034303491,neutral,2.6215062141418457,1.8814365863800049,-0.6578801870346069
1403904213713920005,neutral,1.8955222368240356,-0.6867144703865051,1.5205382108688354
1403904216494755846,neutral,2.306674003601074,-0.3815867304801941,0.8096887469291687
1403904218956713985,neutral,1.1167958974838257,0.059540756046772,1.0453449487686157
1403904222958030849,negative,1.397279143333435,-1.0940473079681396,2.6723082065582275
1403904223046111234,negative,1.3231056928634644,-1.2230225801467896,2.717541217803955
1403904223163584512,negative,1.3916523456573486,0.024219006299972534,1.7649662494659424
1403904223465685001,neutral,1.0503227710723877,0.4130610227584839,-0.2818521559238434
1403904223595671553,neutral,2.3843111991882324,0.6797935366630554,-0.3508552610874176
1403904226581893121,negative,0.9916147589683533,-0.8773950934410095,2.2909023761749268
1403904226669957121,positive,1.347836971282959,1.8178297281265259,-0.030096327885985374
1403904227374616576,negative,1.0598820447921753,0.2582326829433441,1.1075541973114014
1403904227546591237,neutral,1.2416117191314697,0.16468289494514465,0.5670779943466187
1403904228058451978,negative,0.5946657657623291,0.8779563903808594,1.925768256187439
1403904229018771459,neutral,1.3730818033218384,-0.06666100770235062,0.5718841552734375
1403904229409017859,neutral,1.445405125617981,-0.565482497215271,1.3894476890563965
1403904232231743492,negative,1.2827833890914917,-0.6761818528175354,1.3995178937911987
1403904232617504768,positive,2.096416711807251,3.3154516220092773,-0.9729560613632202
1403904233200447491,neutral,1.5668015480041504,-0.5870776772499084,1.3828504085540771
1403904235603963912,neutral,1.9517364501953125,0.37092703580856323,0.7493981122970581
1403904235742236674,negative,0.9009653925895691,-0.735965371131897,2.7964587211608887
1403904237210374145,neutral,1.8294494152069092,0.6130180954933167,0.4989008903503418
1403904238548185092,negative,1.4937009811401367,-1.205197811126709,3.207880973815918
1403904238573408256,neutral,1.2639714479446411,-0.6007292866706848,1.0847374200820923
1403904239231856643,negative,1.2387999296188354,-0.272059828042984,1.789724349975586
1403904241572270091,neutral,1.9544999599456787,-0.8101680874824524,1.8701701164245605
1403904242243489794,neutral,1.1201435327529907,0.4443364441394806,0.2529602646827698
1403904244223250432,negative,0.8321072459220886,-1.149506688117981,3.7046947479248047
1403904244273528832,negative,1.3964447975158691,-0.41683849692344666,1.5477195978164673
1403904245397528579,neutral,0.770205020904541,0.15178197622299194,0.2911701500415802
1403904246764949504,negative,1.1693021059036255,-0.3522578477859497,2.417567491531372
1403904247276605447,negative,1.0305469036102295,-1.1295572519302368,2.773899555206299
1403904249512136707,negative,0.8589609265327454,-0.26556476950645447,1.8474758863449097
1403904254255927297,negative,0.8593899011611938,0.2728666365146637,1.4944850206375122
1403904254323019777,negative,0.8937315940856934,-0.23883691430091858,2.191516399383545
1403904259972767747,negative,0.9009653925895691,-0.735965371131897,2.7964587211608887
1403904260807430145,negative,1.0200626850128174,-0.6428977251052856,2.5052077770233154
1403904261696765955,neutral,1.6441446542739868,-0.5100817084312439,1.4364488124847412
1403904262036467716,neutral,1.5120339393615723,0.40128228068351746,0.8310577273368835
1403904262392983555,negative,0.7953863739967346,-0.5762760043144226,2.81243634223938
1403904262900305925,neutral,2.019287586212158,0.5975055694580078,0.3812292516231537
1403904263714230275,neutral,1.1891783475875854,-0.2635117471218109,0.7630718946456909
1403904264343277570,negative,1.0395506620407104,-1.061125636100769,2.7353034019470215
1403904265605709826,neutral,3.0300402641296387,1.7495306730270386,-0.8598858714103699
1403904265765097477,negative,0.8235204219818115,-0.3644312620162964,2.3354885578155518
1403904267753345029,neutral,1.3448070287704468,0.313446968793869,0.8781341314315796
1403904268176924672,negative,1.3640217781066895,0.009652487933635712,2.371866226196289
1403904269871292418,neutral,2.5498640537261963,1.3025635480880737,-0.5479931831359863
1403904272140423170,negative,1.3614336252212524,0.04917512461543083,1.5213607549667358
1403904272148754436,neutral,2.169309616088867,0.17105655372142792,1.296540379524231
1403904273000267779,neutral,1.9239603281021118,0.8521581292152405,0.08820923417806625
1403904273017040898,neutral,1.9260755777359009,-0.39457377791404724,1.0606412887573242
1403904273168146433,positive,0.3565395772457123,0.36040472984313965,0.12085337936878204
1403904273251934211,neutral,3.003366708755493,1.9543107748031616,-0.7274725437164307
1403904275160371205,negative,0.7096441984176636,-0.35506731271743774,2.243438959121704
1403904277974634496,neutral,1.5742875337600708,0.36558786034584045,0.596238911151886
1403904278121615364,positive,0.7999187111854553,2.7050986289978027,-0.10625123232603073
1403904279329624064,neutral,1.8891879320144653,0.5245234966278076,0.5609523057937622
1403904279987904515,negative,1.0542384386062622,-0.7561892867088318,2.8562676906585693
1403904281116356608,negative,1.3916523456573486,0.024219006299972534,1.7649662494659424
1403904282018029572,neutral,1.7844207286834717,0.3152015507221222,0.4750252366065979
1403904282445889537,negative,0.9009653925895691,-0.735965371131897,2.7964587211608887
1403904283746111490,positive,1.4979557991027832,1.786847710609436,-0.15094467997550964
1403904287139418113,negative,0.3730536997318268,0.3045366406440735,1.9292500019073486
1403904287357480963,positive,1.8174619674682617,1.942537546157837,-0.16043448448181152
1403904287889977349,neutral,2.176283121109009,-0.7185872793197632,1.5267311334609985
1403904289756618761,neutral,1.1201435327529907,0.4443364441394806,0.2529602646827698
1403904289886683136,neutral,1.2379165887832642,-0.0013265907764434814,1.1420387029647827
1403904290188673024,neutral,2.2707717418670654,0.12034789472818375,0.4894508719444275
1403904291627319298,negative,1.514209508895874,-0.4383614957332611,1.9218717813491821
1403904291711029251,negative,0.8216760158538818,-0.48507919907569885,1.9308443069458008
1403904293078450176,neutral,1.9544997215270996,-0.8101680874824524,1.8701701164245605
1403904293086777359,neutral,1.637675404548645,0.45437195897102356,0.5790775418281555
1403904293829177345,neutral,2.3441665172576904,-0.6458860635757446,1.183232307434082
1403904294546464770,negative,1.1041803359985352,-0.33721041679382324,1.6913225650787354
1403904294806560776,neutral,1.445405125617981,-0.565482497215271,1.3894476890563965
1403904296618401795,positive,0.9307775497436523,2.3575429916381836,-0.098627008497715
1403904296962433026,negative,1.2909064292907715,-0.9953578114509583,2.6084282398223877
1403904297142652929,neutral,1.5676323175430298,-0.5248143076896667,1.3224166631698608
1403904300309303297,neutral,2.222011089324951,0.9828922748565674,-0.5966966152191162
1403904300355575809,neutral,1.4354560375213623,0.36341923475265503,0.4201778471469879
1403904300955234307,neutral,1.734431505203247,-0.8534278273582458,1.6595269441604614
1403904301093765121,negative,1.4676976203918457,-0.9921743273735046,2.338758945465088
1403904301143969793,negative,1.1673359870910645,-1.3021759986877441,3.806314468383789
1403904301722963969,neutral,1.8445196151733398,0.23661667108535767,0.8432996869087219
1403904301886361601,negative,1.7065330743789673,-1.0402247905731201,2.119776487350464
1403904301949341705,neutral,1.920602560043335,0.27524495124816895,0.6106545329093933
1403904301991227395,neutral,0.8174624443054199,0.6367241144180298,0.747188150882721
1403904302456860678,positive,0.6742571592330933,0.7854927182197571,0.6739638447761536
1403904304767930368,positive,1.6851983070373535,3.039599895477295,-0.5585664510726929
1403904305271242755,neutral,1.8265811204910278,0.3327539563179016,0.6848521828651428
1403904305766141952,negative,1.4070521593093872,-0.9250664710998535,1.9019064903259277
1403904305850060800,neutral,1.445405125617981,-0.565482497215271,1.3894476890563965
1403904306055626752,neutral,2.306674003601074,-0.3815867304801941,0.8096887469291687
1403904306068164610,neutral,2.095438003540039,0.8461132049560547,-0.46955645084381104
1403904306105835524,negative,1.4564094543457031,-0.8847436904907227,2.223485231399536
1403904306391269377,negative,0.6470399498939514,-0.48376354575157166,1.488796591758728
1403904306689064962,negative,1.4937009811401367,-1.205197811126709,3.207880973815918
1403904307209011200,negative,0.6422646045684814,-0.05647724121809006,1.3547403812408447
1403904308446302211,neutral,0.9891577363014221,0.41948163509368896,0.4726187586784363
1403904309356498945,positive,1.0154359340667725,1.6775542497634888,0.1849820464849472
1403904309838766086,neutral,1.8198760747909546,0.8568341135978699,0.4308655858039856
1403904311588016128,neutral,1.8405706882476807,0.5707632303237915,0.36307671666145325
1403904311919321090,positive,1.0834872722625732,3.7366535663604736,-0.6119742393493652
1403904312623845378,neutral,2.0574069023132324,0.10498325526714325,1.473649263381958
1403904315094310914,neutral,1.7650130987167358,-0.7029991745948792,1.4997855424880981
1403904315266199556,negative,1.4070521593093872,-0.9250664710998535,1.9019064903259277
1403904315853443072,neutral,1.502951741218567,-0.26979315280914307,1.4915187358856201
1403904316600197122,negative,1.5048182010650635,-0.7736849188804626,1.6393139362335205
1403904317208158209,neutral,1.1201435327529907,0.4443364441394806,0.2529602646827698
1403904317573111811,negative,1.3785260915756226,-0.006624504923820496,1.9777253866195679
1403904317594095619,negative,1.1529829502105713,-0.8022887110710144,2.2296745777130127
1403904318470713346,negative,1.3848379850387573,-0.9178926348686218,2.44100022315979
1403904318516854788,negative,0.6586353778839111,-0.1809881329536438,2.5965075492858887
1403904319049539585,negative,1.5489951372146606,-1.0977798700332642,2.5853335857391357
1403904319997374465,neutral,1.622787356376648,0.010152317583560944,0.8607531189918518
1403904320832221185,negative,1.2862489223480225,-0.6364785432815552,1.9506031274795532
1403904322325213185,neutral,1.4971318244934082,1.0833895206451416,0.8448160886764526
1403904322891517954,neutral,2.3391129970550537,0.6033909916877747,0.45955953001976013
1403904323533381632,negative,1.3529822826385498,0.17049077153205872,1.8337836265563965
1403904323717939200,positive,1.8871278762817383,2.738543748855591,-0.3992961645126343
1403904325332635654,neutral,1.7728899717330933,-0.48934176564216614,1.5755772590637207
1403904327463456769,neutral,1.0301944017410278,-0.007536008954048157,1.00888991355896
1403904327857577986,negative,1.8611353635787964,-1.0378718376159668,2.1111643314361572
1403904329120063488,neutral,2.176283121109009,-0.7185872793197632,1.5267311334609985
1403904330013446148,negative,1.441767692565918,-0.9264218211174011,2.277371406555176
1403904330332131331,negative,0.4876954257488251,-0.48116418719291687,2.8797340393066406
1403904330642558978,negative,1.2454349994659424,-0.8565611243247986,2.3024890422821045
1403904330739052544,negative,1.191004753112793,0.09862460196018219,1.2045561075210571
1403904331431165952,negative,1.7818498611450195,-0.8212742209434509,1.791160225868225
1403904331963719687,negative,1.097615361213684,-0.8441685438156128,2.8191661834716797
1403904332010033153,negative,0.44784626364707947,-0.1499650478363037,2.612367868423462
1403904333066932224,negative,1.2423046827316284,-0.809794545173645,1.9963856935501099
1403904333112954882,positive,0.7624759674072266,2.0077366828918457,0.09489358961582184
1403904333150752769,negative,1.0459586381912231,-0.4130963981151581,1.9985361099243164
1403904335046529027,negative,1.1981538534164429,-0.49363353848457336,2.027796506881714
1403904336703496198,neutral,1.8891879320144653,0.5245234966278076,0.5609523057937622
1403904337672171521,negative,1.4380228519439697,-0.489218145608902,2.3709816932678223
1403904342688768003,neutral,2.0129318237304688,0.7502171397209167,0.2993977963924408
1403904342940393476,neutral,1.0160562992095947,0.6312178373336792,0.5688968300819397
1403904342986420228,negative,1.397279143333435,-1.0940473079681396,2.6723082065582275
1403904343401766914,neutral,1.0333815813064575,0.3268813192844391,0.00242503359913826
1403904344139915270,neutral,3.01023530960083,0.2039290964603424,0.18564371764659882
1403904344563486722,neutral,2.071244239807129,1.4225047826766968,-0.2106265425682068
1403904348287946753,neutral,1.8784005641937256,-0.3884126842021942,1.258602261543274
1403904349747564548,positive,0.3903656303882599,1.025837779045105,0.8987964391708374
1403904351022710784,positive,1.1438157558441162,1.4722954034805298,-0.0033288467675447464
1403904351425515522,neutral,1.537766933441162,0.7857088446617126,0.8035313487052917
1403904353564389388,positive,1.6851983070373535,3.039599895477295,-0.5585664510726929
1403904353740546055,neutral,1.9731110334396362,0.5826821327209473,0.3358699679374695
1403904353979797506,neutral,1.7616742849349976,-0.5502232909202576,1.5501457452774048
1403904355674193924,positive,1.6851983070373535,3.039599895477295,-0.5585664510726929
1403904356060180481,neutral,1.47401762008667,0.7444369792938232,0.5984879732131958
1403904356383068161,neutral,2.3169682025909424,0.8265959024429321,0.13629841804504395
1403904356500508672,neutral,2.549631118774414,0.516819417476654,0.10533685237169266
1403904357091979271,negative,1.049797534942627,-0.6046470403671265,1.7980879545211792
1403904357968588801,neutral,1.9700325727462769,-0.9000847339630127,1.7084516286849976
1403904359511957506,negative,1.1811085939407349,0.0727272555232048,1.6746410131454468
1403904360418062351,neutral,1.8955222368240356,-0.6867144107818604,1.520538330078125
1403904362468954116,neutral,2.2366507053375244,0.34336817264556885,0.3340262472629547
1403904363437899783,negative,0.3627448081970215,-0.25005218386650085,0.851463794708252
1403904364134076416,negative,1.3231056928634644,-1.2230225801467896,2.717541217803955
1403904364964679685,neutral,1.804655909538269,-0.8739544153213501,1.7751275300979614
1403904365384146946,negative,0.8167321085929871,-1.5312654972076416,4.817623615264893
1403904365816127489,negative,1.1209521293640137,-0.6165539622306824,1.2397085428237915
1403904366625492992,neutral,1.4341906309127808,0.5142648220062256,0.9735581874847412
1403904366650740736,positive,0.23551395535469055,2.217304229736328,-0.004667343571782112
1403904367003017222,negative,1.0415326356887817,-0.7830311059951782,3.082782745361328
1403904367212728325,neutral,2.6215062141418457,1.8814365863800049,-0.6578802466392517
1403904367468572676,neutral,2.686923027038574,0.01273820549249649,0.6487725973129272
1403904368454209537,neutral,2.359607458114624,0.17552907764911652,0.4626956880092621
1403904369997893637,neutral,1.445405125617981,-0.565482497215271,1.3894476890563965
1403904370803187712,neutral,2.1359024047851562,-0.8258272409439087,1.3338955640792847
1403904371104964608,negative,1.641344428062439,-0.9752402901649475,2.105151891708374
1403904371344121856,neutral,1.5676323175430298,-0.5248143076896667,1.3224166631698608
1403904371671371781,positive,1.808807134628296,1.9297056198120117,-0.3738862872123718
1403904372078039043,neutral,2.6827287673950195,1.2359906435012817,-0.5630191564559937
1403904373768409088,negative,1.5441091060638428,-1.0947937965393066,2.2888569831848145
1403904377023197187,negative,0.6615490913391113,-0.4709538519382477,1.359575629234314
1403904377778233345,negative,1.3457857370376587,-1.1128363609313965,2.6277127265930176
1403904380567310341,neutral,1.8545254468917847,-0.8263784646987915,1.4891839027404785
1403904381154590730,negative,0.5944281220436096,-0.49908068776130676,2.3910226821899414
1403904381469163527,neutral,3.530146598815918,1.6300078630447388,-1.065041184425354
1403904382547025923,positive,0.40951022505760193,1.343985915184021,0.6910774111747742
1403904383390294017,neutral,1.1891783475875854,-0.2635117471218109,0.7630718946456909
1403904384317149186,neutral,1.1891783475875854,-0.2635117471218109,0.7630718946456909
1403904385151684610,neutral,3.530146598815918,1.6300078630447388,-1.065041184425354
1403904385466261508,neutral,3.530146598815918,1.6300078630447388,-1.065041184425354
1403904386263175172,negative,1.167771816253662,-0.7819976210594177,2.23773455619812
1403904386451972101,negative,1.1061632633209229,-0.34893742203712463,1.8750996589660645
1403904388704333826,negative,1.441767692565918,-0.9264218211174011,2.277371406555176
1403904389383921665,positive,1.0564756393432617,1.444417119026184,0.17174667119979858
1403904389757112321,neutral,1.9732520580291748,0.37011978030204773,0.4561437964439392
1403904390801477637,neutral,3.530146598815918,1.6300078630447388,-1.065041184425354
1403904391560712192,positive,1.8236932754516602,2.031595468521118,-0.35436752438545227
1403904392550486016,positive,1.6851983070373535,3.039599895477295,-0.5585664510726929
1403904392726814720,neutral,1.1891783475875854,-0.2635117769241333,0.7630718946456909
1403904393490186241,neutral,1.513077974319458,-0.49061569571495056,1.3545632362365723
1403904394526007300,negative,1.1479440927505493,-0.027719460427761078,1.9094449281692505
1403904395046277126,negative,1.086726427078247,-0.3394848704338074,2.0128977298736572
1403904396241498113,negative,1.2720057964324951,-1.3274481296539307,3.2076399326324463
1403904397072023554,negative,0.33953407406806946,0.03978564217686653,0.4289899170398712
1403904398565199873,neutral,2.026001214981079,-0.10097772628068924,1.0955467224121094
1403904399328485381,neutral,1.8164474964141846,0.8416510224342346,0.27414125204086304
1403904401299808258,neutral,1.4428492784500122,0.8866636753082275,0.809216320514679
1403904402730078208,negative,1.1811085939407349,0.0727272555232048,1.6746410131454468
1403904402776154112,negative,1.621535301208496,-1.049905776977539,2.141597270965576
1403904404189683712,negative,1.6634571552276611,-1.023432970046997,2.368533134460449
1403904404193898496,neutral,2.071244239807129,1.4225047826766968,-0.2106265425682068
1403904406710587398,negative,1.1590814590454102,0.12968416512012482,1.576443076133728
1403904410770722817,neutral,1.445405125617981,-0.565482497215271,1.3894476890563965
1403904411152248836,negative,0.8814979195594788,-0.9277079701423645,2.5872445106506348
1403904413966561283,negative,0.998134434223175,-0.6053060293197632,2.426351308822632
1403904415518494727,neutral,1.675191879272461,0.02679455280303955,1.141197919845581
1403904416323817478,neutral,2.4658215045928955,1.123245120048523,0.0075790900737047195
1403904418341400577,negative,1.3916523456573486,0.024219006299972534,1.7649662494659424
1403904418945191941,neutral,1.7142606973648071,-0.5918564200401306,1.674134612083435
1403904419259994116,neutral,1.594359278678894,-0.11202608793973923,1.3583968877792358
1403904419750502401,neutral,2.6191048622131348,1.2172597646713257,-0.6709920763969421
1403904420748877824,neutral,1.239568829536438,0.4361627399921417,0.7104921340942383
1403904421579268100,negative,0.6609830856323242,-0.7813843488693237,2.3277359008789062
1403904422472609794,neutral,1.1891783475875854,-0.2635117471218109,0.7630718946456909
1403904423890407425,neutral,1.9223628044128418,-0.684958815574646,0.8932244777679443
1403904428831281154,negative,1.7674474716186523,-0.7389746904373169,1.9224973917007446
1403904429137424389,neutral,1.5638784170150757,1.170502781867981,-0.5232106447219849
1403904431985512453,negative,1.1069564819335938,-0.4871637523174286,2.063549041748047
1403904432161632265,neutral,2.1248538494110107,0.11432572454214096,0.521919310092926
1403904432278962176,negative,1.3231056928634644,-1.2230225801467896,2.717541217803955
1403904433218592768,neutral,2.8231799602508545,2.7245588302612305,-1.0033317804336548
1403904433428205569,neutral,0.6478946208953857,0.6378405690193176,0.15728479623794556
1403904435479273474,negative,1.3916523456573486,0.024219006299972534,1.7649662494659424
1403904435844128776,neutral,1.675191879272461,0.02679455280303955,1.1411980390548706
1403904436703883272,neutral,1.8545254468917847,-0.8263784646987915,1.4891839027404785
1403904438444576771,negative,1.1811085939407349,0.0727272555232048,1.6746410131454468
1403904438578806786,negative,0.5132730007171631,-0.4947657287120819,2.191343307495117
1403904438994030593,negative,1.1774448156356812,-0.48291662335395813,1.7791032791137695
1403904440059392002,negative,1.0353491306304932,-1.2652440071105957,3.852947235107422
1403904442827788292,negative,0.6399117708206177,-0.7366962432861328,3.132363796234131
1403904444996145153,neutral,1.3356245756149292,-0.1624351441860199,0.9823606610298157
1403904445671350274,negative,1.0324550867080688,-0.7997699975967407,2.5432682037353516
1403904445826711562,negative,0.2861623466014862,-0.2175445556640625,1.6916316747665405
1403904446283739142,negative,1.7143913507461548,-0.9848356246948242,2.122886896133423
1403904446858510337,negative,0.7548143863677979,0.22096630930900574,1.6331435441970825
1403904447722319876,positive,1.6851983070373535,3.039599895477295,-0.5585664510726929
1403904449316200449,neutral,3.530146598815918,1.6300078630447388,-1.065041184425354
1403904452164087811,negative,1.6264047622680664,-0.8733805418014526,1.9326282739639282
1403904452612956160,neutral,2.21297025680542,0.4040032625198364,0.39520934224128723
1403904452680028164,negative,0.969200611114502,0.9006375074386597,1.0347130298614502
1403904456769429508,neutral,1.445405125617981,-0.565482497215271,1.3894476890563965
1403904457658703872,negative,1.6634571552276611,-1.023432970046997,2.368533134460449
1403904458019336195,positive,1.3318939208984375,1.6056989431381226,-0.2644093930721283
1403904459114115076,negative,1.2186387777328491,-0.8187012672424316,2.2360622882843018
1403904460921921537,negative,1.5016510486602783,-0.8024808168411255,1.5894004106521606
1403904462146523137,neutral,1.6876903772354126,0.0954396054148674,0.8014839291572571
1403904463795068928,neutral,1.3868844509124756,-0.6089469790458679,1.0099045038223267
1403904463887343616,negative,1.3231056928634644,-1.2230225801467896,2.717541217803955
1403904464185180164,negative,0.7261171340942383,0.38885778188705444,1.6023194789886475
1403904464277413888,neutral,1.5861141681671143,-0.5780609846115112,1.4674445390701294
1403904465200160768,positive,0.6996298432350159,0.9656557440757751,0.9490752816200256
1403904465267093505,negative,1.39823579788208,-0.9572678208351135,2.098238229751587
1403904465644654595,neutral,2.4366700649261475,-0.19378551840782166,0.7660030722618103
1403904467716567044,neutral,1.414061427116394,-0.6693009734153748,1.197007417678833
1403904469532827650,positive,1.4892219305038452,2.6688055992126465,-0.4959278106689453
1403904470266925065,neutral,1.275459885597229,0.6394618153572083,0.6480556130409241
1403904471655198722,negative,1.2377583980560303,-0.6735838651657104,1.4655450582504272
1403904476239392771,neutral,1.3959312438964844,1.0429705381393433,0.7488155961036682
1403904476243652612,negative,0.6157033443450928,-0.43106916546821594,1.7001774311065674
1403904477476818944,negative,1.3323875665664673,-0.2926173806190491,1.5215338468551636
1403904477531283464,neutral,2.6754705905914307,1.1542541980743408,-0.2315426915884018
1403904477644705795,neutral,1.3393192291259766,0.8401926159858704,0.4444499611854553
1403904478693117957,neutral,3.530146598815918,1.6300078630447388,-1.065041184425354
1403904479733354499,negative,1.3916523456573486,0.024219006299972534,1.7649662494659424
1403904481243414533,neutral,1.7849788665771484,-0.09084475785493851,1.5015944242477417
1403904481348276224,negative,1.3916523456573486,0.024219006299972534,1.7649662494659424
1403904481847218184,negative,0.6231845021247864,-0.11874162405729294,2.1442127227783203
1403904483747377153,neutral,1.4014555215835571,-0.28485825657844543,0.3908598721027374
1403904484678553605,neutral,1.6035068035125732,-0.42821791768074036,1.426282525062561
1403904487081709575,neutral,3.530146598815918,1.6300078630447388,-1.065041184425354
1403904487320850432,negative,1.5908018350601196,-0.38131383061408997,1.6988087892532349
1403904489099300864,neutral,0.8305706977844238,0.23634731769561768,0.6053478121757507
1403904489363550210,neutral,0.853369414806366,-0.12927547097206116,0.10727954655885696
1403904489627602944,negative,1.3286820650100708,-0.5119046568870544,1.7599818706512451
1403904490088976384,neutral,1.594359278678894,-0.11202608793973923,1.3583968877792358
1403904491095617539,negative,1.0455431938171387,-0.13491478562355042,1.7301146984100342
1403904491548778496,neutral,1.594359278678894,-0.11202608793973923,1.3583968877792358
1403904492035141640,neutral,1.6748305559158325,-0.030343197286128998,1.280049204826355
1403904492525953024,neutral,1.5676323175430298,-0.5248143076896667,1.3224166631698608
1403904496326037504,negative,1.1774250268936157,-0.23347005248069763,1.284192681312561
1403904497378754563,negative,0.8925162553787231,-0.5809191465377808,1.8914204835891724
1403904500314738691,negative,1.410828948020935,-0.6452364921569824,1.8948228359222412
1403904500470063112,neutral,0.8051037788391113,0.11953798681497574,0.5441133379936218
1403904501728296963,negative,1.5637716054916382,-0.8004036545753479,1.9512152671813965
1403904502734802944,negative,1.2009124755859375,0.026947952806949615,2.0514073371887207
1403904504488026112,negative,1.191004753112793,0.09862460196018219,1.2045561075210571
1403904505696210944,neutral,0.8051037788391113,0.11953798681497574,0.5441133379936218
1403904506182709252,neutral,2.7361443042755127,1.6592530012130737,-0.003622421994805336
1403904507361128448,neutral,3.530146598815918,1.6300078630447388,-1.065041184425354
1403904508640460801,positive,1.3318939208984375,1.6056989431381226,-0.2644093930721283
1403904510221639680,neutral,1.8891879320144653,0.5245234966278076,0.5609523057937622
1403904510334947328,positive,0.2749848961830139,3.1125082969665527,-0.504766583442688
1403904510557364232,neutral,1.6631879806518555,-0.3707566559314728,0.7433724403381348
1403904511022927872,neutral,0.8051037788391113,0.11953798681497574,0.5441133379936218
1403904511362670594,neutral,1.4764460325241089,-0.3006478250026703,0.8369852304458618
1403904512440537092,positive,1.0858187675476074,1.0951954126358032,0.4964834153652191
1403904515296968711,negative,1.086300253868103,-1.2710696458816528,3.22053861618042
1403904515913359361,positive,1.326888084411621,1.7442511320114136,-0.1135353073477745
1403904515917635592,neutral,0.8051037788391113,0.11953798681497574,0.5441133379936218
1403904516429340675,negative,1.3323875665664673,-0.2926173806190491,1.5215338468551636
1403904517373005824,negative,0.44957244396209717,-0.6268628835678101,1.915282130241394
1403904517838569477,neutral,1.4990296363830566,0.06983170658349991,1.1731441020965576
1403904518438391809,negative,0.8493770360946655,0.3605620563030243,1.4283748865127563
1403904519411441669,negative,1.441767692565918,-0.9264218211174011,2.277371406555176
1403904520413868033,neutral,2.727379322052002,0.831110954284668,-0.4554162621498108
1403904520510377986,neutral,0.8051037788391113,0.11953798681497574,0.5441133379936218
1403904523370852352,neutral,1.594359278678894,-0.11202608793973923,1.3583968877792358
1403904524285136898,neutral,1.6826117038726807,0.6915930509567261,1.0223913192749023
1403904524654301189,negative,1.3916523456573486,0.024219006299972534,1.7649662494659424
1403904525078048768,neutral,1.445405125617981,-0.565482497215271,1.3894476890563965
1403904526168428546,negative,1.8899580240249634,-0.9928189516067505,2.1092302799224854
1403904526759841792,positive,1.035386323928833,3.9208080768585205,-0.9044817090034485
1403904528567656450,neutral,1.8955222368240356,-0.6867144703865051,1.5205382108688354
1403904530258055174,negative,1.1532313823699951,-0.5501235723495483,1.7814148664474487
1403904530509672449,neutral,1.7250139713287354,-0.3562730550765991,0.9400525093078613
1403904532602568704,negative,1.1811085939407349,0.0727272555232048,1.6746410131454468
1403904532975800326,negative,1.0324550867080688,-0.7997699975967407,2.5432682037353516
1403904534502514693,negative,0.9627830982208252,-0.3869442045688629,1.8443217277526855
1403904535282610177,negative,1.2213279008865356,-1.2218204736709595,3.12563419342041
1403904535945355264,negative,0.8613807559013367,-0.814630925655365,2.4551026821136475
1403904537501454337,neutral,2.351792812347412,-0.07308181375265121,0.6536835432052612
1403904540001259520,neutral,3.530146598815918,1.6300078630447388,-1.065041184425354
1403904540932403200,neutral,1.8054994344711304,0.6360992789268494,0.5466098785400391
1403904541683294208,neutral,0.8051037788391113,0.11953798681497574,0.5441133379936218
1403904541964136451,neutral,1.7747641801834106,0.46827566623687744,0.6924096345901489
1403904542496935937,neutral,1.8837984800338745,-0.4970647394657135,1.6890596151351929
1403904542769438723,neutral,2.092078924179077,-0.08728035539388657,0.7656036019325256
1403904544183050250,neutral,1.878203272819519,0.8032824397087097,0.12436970323324203
1403904544904388610,neutral,1.1726263761520386,1.0725704431533813,0.8128131628036499
1403904544971669508,neutral,2.6754705905914307,1.1542541980743408,-0.2315426915884018
1403904545277710337,neutral,1.185951828956604,0.9367227554321289,0.7909671068191528
1403904545537900545,neutral,1.5401986837387085,-0.7461442351341248,1.4573343992233276
1403904546594856960,negative,1.3194111585617065,-0.6428744196891785,1.3507717847824097
1403904557055287298,neutral,1.8955223560333252,-0.6867143511772156,1.520538330078125
1403904559798374402,negative,0.9009653925895691,-0.735965371131897,2.7964587211608887
1403904560289173508,neutral,2.5064516067504883,1.4469836950302124,-0.5270969271659851
1403904561048395778,neutral,2.4897191524505615,1.0847041606903076,-0.20135296881198883
1403904563749457925,neutral,2.543001890182495,1.0240801572799683,-0.16154247522354126
1403904564416319493,neutral,1.9423869848251343,-0.44457533955574036,1.412320852279663
1403904564462452736,negative,1.0816760063171387,-0.43734750151634216,1.6716021299362183
1403904565263495171,negative,1.1273620128631592,-0.639275074005127,2.158535957336426
1403904566215708675,neutral,1.1147252321243286,-0.2852100729942322,0.6453194618225098
1403904566316261379,neutral,3.530146598815918,1.6300078630447388,-1.065041184425354
1403904567968890882,negative,1.0309503078460693,-0.7336163520812988,2.359898090362549
1403904569445437449,neutral,1.8445196151733398,0.23661667108535767,0.8432996869087219
1403904571701817347,positive,0.24194468557834625,0.9218271970748901,0.6420594453811646
1403904572775665669,neutral,1.3720656633377075,-0.36520299315452576,1.1805170774459839
1403904572859449345,positive,1.017944574356079,1.6764262914657593,0.48392200469970703
1403904574050783233,negative,1.4336910247802734,-0.9594205617904663,1.7619868516921997
1403904574637805570,positive,1.6851983070373535,3.039599895477295,-0.5585664510726929
1403904575669772293,negative,1.3117800951004028,-1.3488850593566895,3.847764253616333
1403904576680607745,neutral,1.7522845268249512,0.5081195831298828,0.7237330675125122
1403904577229950982,neutral,1.7750478982925415,-0.21079587936401367,0.8182120323181152
1403904580002324480,negative,1.3580915927886963,-1.0147696733474731,2.6493747234344482
1403904580224647172,neutral,1.6550211906433105,0.15934890508651733,0.9476357698440552
1403904583785660419,neutral,1.6328414678573608,0.7559470534324646,0.3716975450515747
1403904587766009859,neutral,2.222855806350708,0.24970650672912598,0.2266465425491333
1403904588667711489,neutral,1.445094347000122,0.8365261554718018,-0.2650536000728607
1403904589787648002,neutral,2.2210299968719482,0.4936172068119049,-0.2758665382862091
1403904591180140548,negative,1.3916523456573486,0.024219006299972534,1.764966368675232
1403904592497176578,neutral,1.9260755777359009,-0.39457377791404724,1.0606412887573242
1403904592966946820,neutral,1.6120457649230957,-0.45506343245506287,1.1856780052185059
1403904593122103298,neutral,2.169309616088867,0.17105653882026672,1.2965402603149414
1403904593617068035,neutral,1.4032236337661743,0.7749719023704529,1.1105248928070068
1403904594644811781,neutral,1.445405125617981,-0.565482497215271,1.3894476890563965
1403904597152911363,neutral,1.4943268299102783,-0.06687150150537491,1.1193318367004395
1403904597467418624,neutral,2.123706579208374,1.743091106414795,-0.5234017372131348
1403904598968995840,negative,1.2213279008865356,-1.2218204736709595,3.12563419342041
1403904599921135619,neutral,1.879719614982605,0.07353797554969788,0.7502173781394958
1403904601611407367,negative,1.3368514776229858,-0.49844446778297424,2.628596544265747
1403904601640771585,neutral,2.650200605392456,0.6890185475349426,-0.1882001757621765
1403904602156658692,negative,1.5811359882354736,-0.8025959730148315,2.0609588623046875
1403904602869751809,negative,0.8875545859336853,-0.9676242470741272,2.4328556060791016
1403904603054297088,negative,1.3916523456573486,0.024219006299972534,1.7649662494659424
1403904603951964168,negative,1.655804991722107,-0.6479040384292603,1.7587615251541138
1403904608955600907,negative,1.2937167882919312,-0.10524379462003708,1.3721431493759155
1403904611619069957,neutral,2.5064516067504883,1.4469836950302124,-0.5270969271659851
1403904613074444291,negative,1.0876600742340088,-0.7963629961013794,1.9845649003982544
1403904614144135170,neutral,1.9053356647491455,-0.4159407317638397,0.9914838671684265
1403904614827655170,negative,0.7206437587738037,0.9485510587692261,1.401822805404663
1403904616232853510,neutral,1.879719614982605,0.07353797554969788,0.7502173781394958
1403904616702496768,neutral,1.3539798259735107,-0.14256390929222107,0.9890040755271912
1403904618388594688,neutral,1.7650130987167358,-0.7029991745948792,1.4997855424880981
1403904618627801088,negative,0.7420163154602051,-0.22406893968582153,2.4730794429779053
1403904619726602241,positive,2.7161455154418945,5.077417850494385,-1.5541878938674927
1403904620548657160,negative,1.1991270780563354,-0.6753467321395874,1.4481014013290405
1403904621542662147,neutral,1.6529295444488525,1.432615876197815,-0.33553779125213623
1403904623576969218,neutral,1.7022571563720703,-0.09175010770559311,1.1007468700408936
1403904623702802435,negative,0.9930720925331116,-0.7547318935394287,1.8698623180389404
1403904625535852548,neutral,1.5302186012268066,0.7609049081802368,-0.4234529435634613
1403904627167334404,negative,1.5328481197357178,-0.8982186913490295,2.03886342048645
1403904627653947393,neutral,1.9201964139938354,1.791080117225647,-0.15804842114448547
1403904627708362755,negative,0.798321545124054,-1.449389934539795,4.146123886108398
1403904629168017408,neutral,2.132115602493286,0.0812021940946579,0.6652222275733948
1403904629327294466,negative,1.039310097694397,-0.2016187310218811,2.0814008712768555
1403904629629362177,neutral,3.530146598815918,1.6300078630447388,-1.065041184425354
1403904630443057152,neutral,2.077599287033081,0.22177261114120483,0.3893819749355316
1403904631189610501,neutral,1.1880302429199219,0.08963564783334732,1.102402925491333
1403904631579627523,neutral,1.6550211906433105,0.15934890508651733,0.9476357698440552
1403904631592275972,negative,0.9602329134941101,1.0320441722869873,1.7421976327896118
1403904632099807235,negative,1.1977367401123047,-0.32015907764434814,1.4413347244262695
1403904632892452871,neutral,2.123706817626953,1.743091106414795,-0.5234017968177795
1403904633689579520,negative,1.1811085939407349,0.0727272555232048,1.6746410131454468
1403904634264047625,neutral,1.0073496103286743,0.501737654209137,0.8821002244949341
1403904634574487552,neutral,1.5887928009033203,-0.08906259387731552,1.1675952672958374
1403904635379892226,neutral,1.8955222368240356,-0.6867144703865051,1.5205382108688354
1403904636034166787,neutral,1.2870901823043823,-0.018644995987415314,1.1803333759307861
1403904639179771905,positive,1.6851983070373535,3.039599895477295,-0.5585664510726929
1403904643206369283,negative,0.2829485535621643,-0.45826539397239685,2.457693099975586
1403904644758138885,neutral,1.594359278678894,-0.11202608793973923,1.3583968877792358
1403904644871376900,neutral,2.6215062141418457,1.8814365863800049,-0.6578802466392517
1403904646683541504,negative,0.6431591510772705,-0.2809172570705414,1.5332775115966797
1403904647950073857,negative,1.3231056928634644,-1.2230225801467896,2.717541217803955
1403904648705048579,negative,1.4070521593093872,-0.9250664710998535,1.9019064903259277
1403904648717733891,neutral,0.9736520051956177,-0.32133546471595764,0.49643948674201965
1403904648990371844,neutral,2.6754705905914307,1.1542541980743408,-0.2315426915884018
1403904649061675015,negative,1.4335228204727173,-1.0303646326065063,2.9640371799468994
1403904649112043526,neutral,2.077286720275879,2.0228757858276367,-0.5559775233268738
1403904651645231109,negative,1.0012050867080688,-0.7474527955055237,2.1851418018341064
1403904651649556481,negative,1.5394883155822754,-1.1527345180511475,2.557756185531616
1403904652467310593,neutral,2.169309616088867,0.17105655372142792,1.2965401411056519
1403904653515845632,negative,1.191004753112793,0.09862460196018219,1.2045561075210571
1403904653557997570,negative,1.3873529434204102,-1.1072136163711548,2.7734086513519287
1403904654438670341,negative,1.2213279008865356,-1.2218204736709595,3.12563419342041
1403904655458025472,neutral,1.6274731159210205,-0.8749312162399292,1.471705675125122
1403904656229740545,negative,2.1112687587738037,-1.0838860273361206,2.2172744274139404
1403904656321908736,neutral,1.194495677947998,0.3101687431335449,0.8384825587272644
1403904656556888065,negative,1.2423046827316284,-0.809794545173645,1.9963856935501099
1403904658872078341,positive,1.7254221439361572,2.502074718475342,-0.33740511536598206
1403904660184788992,neutral,2.5967941284179688,1.1192482709884644,-0.22235049307346344
1403904661850046464,negative,1.2623422145843506,-1.2370593547821045,2.973182439804077
1403904662118539264,negative,1.0883618593215942,-0.5602694749832153,1.920455813407898
1403904662743306243,neutral,2.117527723312378,-0.332116037607193,1.1511931419372559
1403904663414468609,positive,0.9967364072799683,1.007431983947754,0.6348867416381836
1403904663615946752,neutral,1.445405125617981,-0.565482497215271,1.3894476890563965
1403904663632625664,neutral,1.496254324913025,0.11732082068920135,0.5050767064094543
1403904664702226442,neutral,1.2416117191314697,0.16468289494514465,0.5670779943466187
1403904665750687744,negative,1.4070521593093872,-0.9250664710998535,1.9019064903259277
1403904666375651328,negative,1.0139530897140503,-0.9528551697731018,3.0707709789276123
1403904666610540545,negative,0.8544278144836426,-0.9853518605232239,2.8730733394622803
1403904667025772544,negative,1.953349232673645,-1.118679404258728,2.3504490852355957
1403904669412376581,negative,0.44343477487564087,0.8896796703338623,1.274712324142456
1403904669609463817,positive,1.9239025115966797,5.440886497497559,-0.9639555215835571
1403904670687326212,neutral,1.4811581373214722,0.13052773475646973,1.124529480934143
1403904670968385542,positive,1.6851983070373535,3.039599895477295,-0.5585664510726929
1403904671568199683,negative,1.0324550867080688,-0.7997699975967407,2.5432682037353516
1403904673698959363,neutral,3.530146598815918,1.6300078630447388,-1.065041184425354
1403904675599065091,neutral,1.6302282810211182,0.4709961712360382,0.7569941282272339
1403904676731437058,neutral,1.6001657247543335,-0.3227926194667816,0.9905517101287842
1403904676815245313,negative,0.6507300138473511,0.765180230140686,1.2026195526123047
1403904677356314636,neutral,1.9425569772720337,0.27754196524620056,0.6770303249359131
1403904677499097093,neutral,1.8167301416397095,-0.7457255721092224,1.4744458198547363
1403904678665019400,neutral,2.306674003601074,-0.3815867304801941,0.8096887469291687
1403904679973634050,neutral,1.2379165887832642,-0.0013265907764434814,1.1420387029647827
1403904680099524610,negative,1.514209508895874,-0.4383614957332611,1.9218716621398926
1403904680279744514,negative,1.0705411434173584,-1.0454546213150024,2.798239231109619
1403904683400437762,negative,0.9645482301712036,-0.8084032535552979,1.889388084411621
1403904683492601861,neutral,1.675191879272461,0.026794567704200745,1.1411980390548706
1403904683597611010,negative,1.7528339624404907,-0.8805854320526123,1.7690346240997314
1403904683660525568,neutral,1.4015028476715088,0.5910767316818237,0.8697168231010437
1403904684612542471,neutral,1.6441446542739868,-0.5100817084312439,1.4364488124847412
1403904684830584832,neutral,1.8198760747909546,0.8568341135978699,0.4308655858039856
1403904684939628548,negative,1.1721187829971313,-0.7028480768203735,2.6196398735046387
1403904685103194112,positive,1.685198426246643,3.039599895477295,-0.5585664510726929
1403904685262577667,positive,0.6147972941398621,3.9457874298095703,-1.0352526903152466
1403904685463904260,neutral,1.445405125617981,-0.565482497215271,1.3894476890563965
1403904687259148288,negative,1.076833963394165,-0.9646478295326233,2.903752326965332
1403904687389151236,neutral,1.2333070039749146,0.13021957874298096,0.9478476047515869
1403904687443636225,negative,1.386926531791687,-0.10630596429109573,1.776936650276184
1403904688882393091,negative,1.286249041557312,-0.6364784836769104,1.9506028890609741
1403904689297498115,neutral,0.9923698306083679,-0.09188254922628403,0.9038187861442566
1403904690316742661,neutral,3.530146598815918,1.6300079822540283,-1.0650413036346436
1403904691373805570,neutral,2.725853443145752,1.123226284980774,-0.4429452419281006
1403904691814105089,negative,0.8718939423561096,-0.431322306394577,2.0937347412109375
1403904692644585473,negative,1.0883618593215942,-0.5602694749832153,1.920455813407898
1403904693357539328,negative,1.0685241222381592,-0.014239512383937836,1.1157115697860718
1403904693705707522,neutral,1.8955222368240356,-0.6867144703865051,1.5205382108688354
1403904693710032898,negative,0.895858645439148,-0.5176533460617065,1.737027645111084
1403904693999312897,negative,0.8326888680458069,-0.5287550091743469,2.2994863986968994
1403904694087528456,neutral,1.5232264995574951,1.0097527503967285,0.5673394799232483
1403904694565498884,neutral,2.5083606243133545,1.5255365371704102,-0.7411931157112122
1403904694800420866,negative,1.191004753112793,0.09862460196018219,1.2045561075210571
1403904694972473346,negative,1.3916524648666382,0.02421916276216507,1.7649661302566528
1403904695584894979,negative,1.5512641668319702,-0.675125241279602,1.7301477193832397
1403904696033570820,neutral,1.5202219486236572,0.0021452009677886963,1.27605140209198
1403904697828888577,neutral,1.522853970527649,0.6406739950180054,0.728238046169281
1403904698453798912,neutral,2.117527723312378,-0.33211609721183777,1.1511930227279663
1403904699624050692,positive,0.817943274974823,1.0648114681243896,0.2658684551715851
1403904700769050628,neutral,1.5015690326690674,-0.12771975994110107,1.2787460088729858
1403904701243011076,neutral,1.8545254468917847,-0.8263784646987915,1.4891839027404785
1403904702077624321,neutral,2.306674003601074,-0.3815867304801941,0.8096887469291687
1403904703776182273,negative,1.3916523456573486,0.024219006299972534,1.7649662494659424
1403904704048898048,neutral,1.621352195739746,1.4621163606643677,0.05813067406415939
1403904705185521666,negative,1.4937009811401367,-1.205197811126709,3.207880973815918
1403904705693052933,negative,1.3921726942062378,-1.2112410068511963,2.968672752380371
1403904706896752647,negative,1.7818498611450195,-0.8212742209434509,1.791160225868225
1403904707324678148,neutral,1.8955222368240356,-0.6867144107818604,1.520538330078125
1403904707546939395,negative,1.7005488872528076,-1.0113301277160645,2.3092949390411377
1403904707970486272,neutral,2.706808090209961,0.30804261565208435,-0.06977017223834991
1403904708201238529,neutral,2.23504376411438,0.9729810953140259,-0.11228529363870621
1403904710826807296,neutral,1.0649288892745972,0.5991291999816895,0.8366857767105103
1403904711242223616,negative,1.1614328622817993,-0.2695527672767639,1.2494139671325684
1403904713742065669,neutral,1.1201435327529907,0.4443364441394806,0.2529602646827698
1403904714211741698,negative,1.1811085939407349,0.0727272555232048,1.6746410131454468
1403904714408857602,negative,1.1189239025115967,-0.6092802882194519,2.6893248558044434
1403904716157833218,negative,1.0353490114212036,-1.2652438879013062,3.852947235107422
1403904716359282690,neutral,1.4811581373214722,0.13052773475646973,1.124529480934143
1403904716610756608,negative,1.433020830154419,-0.768881618976593,1.958038330078125
1403904716904353796,negative,1.318885087966919,0.1390363872051239,1.3230667114257812
1403904717713932291,neutral,1.7214359045028687,-0.3607977032661438,0.938400149345398
1403904717940355074,neutral,1.7737141847610474,-0.14233919978141785,1.184437870979309
1403904720411009026,negative,1.1811085939407349,0.0727272555232048,1.6746410131454468
1403904721157513219,positive,1.0301334857940674,1.1742002964019775,0.9547542929649353
1403904722449272836,neutral,2.4346587657928467,0.6345967054367065,0.1652924120426178
1403904723997007872,neutral,2.3305821418762207,0.28021132946014404,0.829812228679657
1403904724299100162,neutral,2.348229169845581,0.6195533275604248,-0.020587483420968056
1403904725100097536,negative,1.4070521593093872,-0.9250664710998535,1.9019064903259277
1403904725225938946,neutral,2.5064516067504883,1.4469836950302124,-0.5270969271659851
1403904725670674433,negative,0.9682519435882568,-0.4211452305316925,1.8017590045928955
1403904727860105216,negative,1.064818263053894,-1.633418083190918,4.876459121704102
1403904732255723522,neutral,1.5559515953063965,0.9688065052032471,0.18715284764766693
1403904732503187459,negative,1.1857396364212036,-0.5539483428001404,2.051891803741455
1403904735158018050,neutral,2.2683591842651367,-0.04006368666887283,0.45437976717948914
1403904735216910338,negative,1.3323875665664673,-0.2926173806190491,1.5215338468551636
1403904738538639365,positive,0.43598902225494385,2.123129367828369,0.09836926311254501
1403904740283404288,positive,1.0881351232528687,1.3276203870773315,0.7039865851402283
1403904740350595076,negative,1.157423973083496,-1.2003679275512695,3.2668490409851074
1403904740476416003,negative,1.0459586381912231,-0.4130963981151581,1.9985361099243164
1403904741051027457,negative,1.0257993936538696,0.36023807525634766,1.1275213956832886
1403904742993149958,negative,1.391652226448059,0.02421894669532776,1.7649664878845215
1403904744100409347,neutral,1.799674391746521,1.1719939708709717,0.017408203333616257
1403904747682344964,negative,1.0331103801727295,-0.2809516191482544,1.2251856327056885
1403904749200678914,neutral,1.707446575164795,0.7730361819267273,-0.21168705821037292
1403904749695488003,neutral,3.530146598815918,1.6300078630447388,-1.065041184425354
1403904750366638080,negative,1.4600406885147095,-0.5520933866500854,1.6180102825164795
1403904750706253827,neutral,3.530146598815918,1.6300078630447388,-1.065041184425354
1403904750786019332,neutral,1.675191879272461,0.026794567704200745,1.1411980390548706
1403904751239041024,neutral,1.8891879320144653,0.5245234966278076,0.5609523057937622
1403904751444561922,neutral,1.3212367296218872,1.2874034643173218,-0.0150893684476614
1403904753122299913,negative,1.4515920877456665,-1.4073342084884644,3.382753372192383
1403904753864749058,negative,0.6873952150344849,-0.5002209544181824,2.652284860610962
1403904753898192896,negative,1.0324550867080688,-0.7997699975967407,2.5432682037353516
1403904753906569217,negative,1.2213279008865356,-1.2218204736709595,3.12563419342041
1403904754984493059,neutral,2.222855806350708,0.24970650672912598,0.2266465425491333
1403904756393803780,neutral,1.675191879272461,0.026794567704200745,1.1411980390548706
1403904757648007170,neutral,2.306674003601074,-0.3815867304801941,0.8096887469291687
1403904757891317760,neutral,1.8445196151733398,0.23661667108535767,0.8432996869087219
1403904758293827585,neutral,1.621352195739746,1.4621163606643677,0.05813067406415939
1403904760575524866,negative,1.1329814195632935,-1.1126915216445923,3.1545803546905518
1403904761431093251,neutral,1.164561152458191,0.9157441258430481,0.6724358201026917
1403904761439653889,neutral,2.6754705905914307,1.1542541980743408,-0.2315426915884018
1403904761695391748,negative,0.696975827217102,-0.05185305327177048,1.825266718864441
1403904761997447171,neutral,1.8957024812698364,0.4988015294075012,0.2651660144329071
1403904763373047810,negative,0.8697097897529602,-0.45643749833106995,2.0476267337799072
1403904763570245639,neutral,2.176283359527588,-0.718587338924408,1.5267311334609985
1403904764300038149,neutral,1.9485785961151123,0.03929322585463524,0.7629674077033997
1403904765927383041,neutral,1.9643875360488892,0.8946054577827454,-0.10181238502264023
1403904769152913413,neutral,2.514705181121826,0.720589816570282,-0.7291591763496399
1403904770889355264,neutral,1.233528733253479,0.25209182500839233,0.658050000667572
1403904770931310592,neutral,1.1109079122543335,0.8464733362197876,0.37413114309310913
1403904771182972931,neutral,1.675191879272461,0.026794567704200745,1.1411980390548706
1403904774051823625,positive,2.652693033218384,2.8728792667388916,-1.218773365020752
1403904775909900296,neutral,1.4943268299102783,-0.06687150150537491,1.1193318367004395
1403904776853626885,neutral,3.530146598815918,1.6300078630447388,-1.065041184425354
1403904778959134720,positive,0.6671254634857178,1.4347171783447266,0.04777876287698746
1403904781647761409,neutral,1.9053356647491455,-0.4159407317638397,0.9914839863777161
1403904783468138501,neutral,1.594359278678894,-0.11202608793973923,1.3583968877792358
1403904783694639105,neutral,1.5160984992980957,0.1380510777235031,0.9144245982170105
1403904783996669953,neutral,1.6389211416244507,0.5579606294631958,0.139990895986557
1403904784474775554,negative,1.278706431388855,-0.501479983329773,1.919498324394226
1403904787427569666,negative,0.8196597099304199,-0.889318585395813,3.0746049880981445
1403904788442529792,negative,0.8232466578483582,-0.276754230260849,2.4087913036346436
1403904788585193477,negative,1.2289680242538452,-0.3729543089866638,1.5069572925567627
1403904789235126273,negative,1.770658016204834,-0.8028277158737183,2.027296304702759
1403904789860163584,neutral,1.8304104804992676,0.861423671245575,0.4215685725212097
1403904790434783232,neutral,1.505894660949707,0.15555155277252197,1.3942984342575073
1403904792699707395,neutral,1.8054994344711304,0.6360992789268494,0.5466098785400391
1403904795275108359,neutral,2.0248937606811523,1.5656412839889526,-0.3637976050376892
1403904795631554563,negative,1.537990689277649,-0.5636391639709473,1.5811121463775635
1403904796634009600,negative,1.299005150794983,-0.6071897149085999,1.3016985654830933
1403904797007286275,neutral,1.8955222368240356,-0.6867144703865051,1.5205382108688354
1403904797166555138,neutral,2.1964383125305176,2.119537830352783,0.11437584459781647
1403904797397372928,neutral,1.594359278678894,-0.11202607303857803,1.3583967685699463
1403904799129669635,neutral,1.8891879320144653,0.5245234966278076,0.5609523057937622
1403904799536553986,negative,0.9733449220657349,-0.7452208995819092,2.699554681777954
1403904799754514432,neutral,1.8153823614120483,0.9489379525184631,0.1080990582704544
1403904800811413507,negative,1.397279143333435,-1.0940473079681396,2.6723082065582275
1403904805685186563,neutral,1.7622371912002563,0.7463488578796387,0.3990340530872345
1403904807035867136,neutral,1.8957024812698364,0.4988015294075012,0.2651660144329071
1403904811582464000,negative,1.3231056928634644,-1.2230225801467896,2.717541217803955
1403904812786274305,neutral,1.445405125617981,-0.565482497215271,1.3894476890563965
1403904813096656898,negative,1.09768807888031,-1.0417306423187256,2.7877519130706787
1403904815285997574,neutral,1.4101531505584717,0.4980372190475464,0.5005144476890564
1403904817186197506,negative,1.2423046827316284,-0.809794545173645,1.9963856935501099
1403904817362259979,negative,0.8709577918052673,-0.33111754059791565,2.126811981201172
1403904821166366724,negative,1.1974538564682007,0.10939779132604599,2.137847423553467
1403904821166489600,negative,0.5683642625808716,0.14348895847797394,1.9870960712432861
1403904821846020098,neutral,1.6550211906433105,0.1593489646911621,0.9476357102394104
1403904822718369793,neutral,1.1891783475875854,-0.2635117471218109,0.7630718946456909
1403904822898618375,negative,1.2213279008865356,-1.2218204736709595,3.12563419342041
1403904823095930882,negative,1.0448564291000366,-0.42358294129371643,1.9569487571716309
1403904823628496897,positive,1.4108831882476807,2.1178958415985107,-0.08419394493103027
1403904823754375168,neutral,1.8955222368240356,-0.6867144703865051,1.5205382108688354
1403904823775285253,positive,1.3318939208984375,1.6056989431381226,-0.2644093930721283
1403904824983306240,negative,0.7852687239646912,-0.23645815253257751,2.030076265335083
1403904825050341376,neutral,1.594359278678894,-0.11202608793973923,1.3583968877792358
1403904828187856898,negative,1.062785029411316,-0.004294149577617645,1.7522209882736206
1403904828552667137,negative,0.8216760158538818,-0.48507919907569885,1.9308443069458008
1403904830318342145,neutral,1.8891879320144653,0.5245234966278076,0.5609523057937622
1403904830540713985,negative,1.221327781677246,-1.2218204736709595,3.125633955001831
1403904831505510409,neutral,2.11165189743042,1.6913864612579346,-0.4225894510746002
1403904833237696512,neutral,1.9147764444351196,-0.7280219793319702,1.6810382604599
1403904835179667460,neutral,1.8891879320144653,0.5245234966278076,0.5609523057937622
1403904835599147008,negative,1.3916523456573486,0.024219006299972534,1.7649662494659424
1403904835678703625,negative,1.3916523456573486,0.024219006299972534,1.7649662494659424
1403904835867471878,neutral,1.9328669309616089,-0.8332799673080444,1.3642282485961914
1403904836165242886,neutral,1.7650130987167358,-0.7029991745948792,1.4997855424880981
1403904839034183681,neutral,2.9425034523010254,1.8444427251815796,-0.8497793078422546
1403904840674250753,negative,1.3054800033569336,-0.11080580204725266,1.9181206226348877
1403904841026621440,neutral,1.2128888368606567,0.3600938618183136,1.1083903312683105
1403904841173196801,negative,0.9009653925895691,-0.7359654307365417,2.7964587211608887
1403904841470996480,neutral,2.2574949264526367,0.06917453557252884,-0.022729577496647835
1403904841894838272,positive,1.0564756393432617,1.444417119026184,0.17174667119979858
1403904842574204930,negative,1.0322513580322266,0.06947554647922516,1.2923330068588257
1403904842578399237,negative,1.3916523456573486,0.024219006299972534,1.7649662494659424
1403904842725273604,negative,1.3323875665664673,-0.2926173806190491,1.5215338468551636
1403904843346071554,positive,1.3568596839904785,2.7340545654296875,-1.0094574689865112
1403904843522088966,positive,1.3703755140304565,1.4197226762771606,0.2561447024345398
1403904844000239616,neutral,1.8198760747909546,0.8568341135978699,0.4308655858039856
1403904846013485061,negative,1.3916523456573486,0.024219006299972534,1.7649662494659424
1403904846667730945,neutral,1.5676323175430298,-0.5248143076896667,1.3224166631698608
1403904846726582273,positive,1.4143707752227783,2.3002004623413086,-0.18758858740329742
1403904850279034887,neutral,1.7298014163970947,0.2790423631668091,0.9550310373306274
1403904851776520196,positive,0.6289659738540649,1.1644072532653809,-0.07332351058721542
1403904852522983429,neutral,3.530146598815918,1.6300078630447388,-1.065041184425354
1403904852854403074,neutral,1.4165921211242676,-0.4137606918811798,0.8107149600982666
1403904854809006085,neutral,1.6203678846359253,0.3457764685153961,0.8623042702674866
1403904855551332353,negative,1.2667559385299683,-0.29203373193740845,1.7617199420928955
1403904857636020228,neutral,1.3080765008926392,0.3595675528049469,1.085274338722229
1403904858059526148,negative,1.0324550867080688,-0.7997699975967407,2.5432682037353516
1403904858831392773,neutral,1.369110107421875,1.1148016452789307,0.35051512718200684
1403904862757158916,negative,1.1811085939407349,0.0727272555232048,1.6746410131454468
1403904863445012481,neutral,2.310502767562866,1.020478367805481,0.24989037215709686
1403904863495364613,neutral,1.407090425491333,0.9704196453094482,0.16386564075946808
1403904863549804544,negative,1.589642882347107,-1.0690412521362305,2.2065751552581787
1403904863596015623,neutral,1.5859081745147705,1.2193303108215332,0.2425604611635208
1403904863918989316,neutral,3.530146598815918,1.6300078630447388,-1.065041184425354
1403904866498449412,neutral,2.0228922367095947,-0.4849041998386383,0.8508898615837097
1403904868641763331,negative,1.4879801273345947,-0.06620120257139206,1.827290415763855
1403904869644136451,neutral,2.1997923851013184,-0.18013271689414978,1.172467827796936
1403904870017609730,neutral,1.8545254468917847,-0.8263784646987915,1.4891839027404785
1403904871217065989,neutral,1.8955222368240356,-0.6867144703865051,1.5205382108688354
1403904874220167171,neutral,1.8548444509506226,0.2770336866378784,0.7125774025917053
1403904876594278405,neutral,2.3194215297698975,1.274439811706543,0.14127370715141296
1403904876933828611,neutral,1.800193428993225,1.2267545461654663,0.17534853518009186
1403904877844123648,negative,1.5908018350601196,-0.38131383061408997,1.6988087892532349
1403904879685369859,negative,1.2885453701019287,-0.5570515990257263,2.118605136871338
1403904879790264323,negative,1.3916523456573486,0.024219006299972534,1.7649662494659424
1403904881379917824,positive,0.5027292966842651,1.9391626119613647,0.6479281187057495
1403904881598119941,negative,1.1114838123321533,-0.5678900480270386,1.163209080696106
1403904882235555842,negative,0.8745810389518738,-1.0178308486938477,3.143676280975342
1403904882281697283,negative,1.1305752992630005,-1.0901321172714233,2.858095407485962
1403904882558468096,negative,1.2667559385299683,-0.2920338213443756,1.761719822883606
1403904883556716546,neutral,1.240616798400879,1.0315775871276855,0.3819848299026489
1403904884567511047,negative,1.1069564819335938,-0.4871637523174286,2.063549041748047
1403904885054078977,negative,1.258741021156311,-0.23299789428710938,1.6826273202896118
1403904889684639745,neutral,1.594359278678894,-0.11202608793973923,1.3583968877792358
1403904890577985540,negative,0.9361165761947632,-1.0470346212387085,3.4188430309295654
1403904890624045057,negative,1.2345364093780518,-1.2839422225952148,3.2174127101898193
1403904891135827970,neutral,1.6473497152328491,0.997256875038147,0.16259852051734924
1403904891429421057,positive,1.347836971282959,1.8178297281265259,-0.030096327885985374
1403904893719506947,positive,1.6851983070373535,3.039599895477295,-0.5585664510726929
1403904894478675972,positive,1.3809739351272583,4.675324440002441,-1.3341925144195557
1403904895011278855,neutral,2.686923027038574,0.01273820549249649,0.6487725973129272
1403904895971827718,neutral,3.530146598815918,1.6300078630447388,-1.065041184425354
1403904896168955911,neutral,1.445405125617981,-0.565482497215271,1.3894476890563965
1403904896957550598,negative,1.1533701419830322,-0.6366936564445496,1.9195879697799683
1403904899146870789,negative,1.049437403678894,-0.1589457392692566,1.462222695350647
1403904899545538562,negative,1.224915862083435,-0.9688088297843933,2.2292375564575195
1403904900812075010,negative,0.7563862800598145,0.30268070101737976,0.8031941652297974
1403904901084758018,neutral,2.3163836002349854,0.4703655540943146,0.23099160194396973
1403904901546221570,neutral,1.445405125617981,-0.565482497215271,1.3894476890563965
1403904902712201218,negative,1.0012050867080688,-0.7474527955055237,2.1851418018341064
1403904903265849344,negative,0.8207687735557556,-1.0101946592330933,2.6012275218963623
1403904903848857600,negative,1.525984764099121,-0.5232539772987366,2.0009055137634277
1403904904104755203,positive,1.0564756393432617,1.444417119026184,0.17174667119979858
1403904904314310668,neutral,1.9287413358688354,-0.44320711493492126,1.2424027919769287
1403904905417572362,negative,0.9660759568214417,-0.9290943741798401,2.418119192123413
1403904905505513472,neutral,2.0574069023132324,0.10498325526714325,1.473649263381958
1403904906185039876,negative,1.0867263078689575,-0.3394848704338074,2.0128977298736572
1403904907632005122,neutral,1.0458403825759888,0.7929001450538635,0.7832300662994385
1403904907652915204,neutral,1.6441446542739868,-0.5100817084312439,1.4364488124847412
1403904908131135494,neutral,2.1221890449523926,-0.33278101682662964,0.7623235583305359
1403904908382949390,neutral,2.0798120498657227,0.046825919300317764,1.1270251274108887
1403904909209214977,neutral,1.675191879272461,0.026794567704200745,1.1411980390548706
1403904909431513092,negative,1.212039828300476,-0.9052509069442749,2.0690996646881104
1403904910643531783,neutral,1.6557544469833374,0.07017102837562561,0.7301453948020935
1403904911839055875,negative,1.3186944723129272,-1.2208216190338135,3.128882884979248
1403904914024140807,negative,1.3916523456573486,0.02421899139881134,1.7649664878845215
1403904915672645633,neutral,1.887844443321228,1.036531686782837,-0.05659111589193344
1403904916113010694,negative,1.1609469652175903,-0.43180862069129944,2.0822300910949707
1403904917929041922,negative,0.7305336594581604,-0.9280171990394592,2.7622411251068115
1403904918885261316,neutral,1.6441446542739868,-0.5100817084312439,1.4364488124847412
1403904919942230019,negative,1.0630282163619995,-0.03795235604047775,1.876322627067566
1403904920147828736,negative,0.6016728281974792,-0.05837216228246689,2.497694969177246
1403904920248623105,neutral,2.3989641666412354,0.25806257128715515,0.41844692826271057
1403904920558788608,neutral,1.5474045276641846,0.08078016340732574,1.2302137613296509
1403904921288818688,negative,0.856182873249054,-1.1486551761627197,3.262082576751709
1403904922903404547,negative,1.3071550130844116,-0.854185163974762,1.9934269189834595
1403904923176144897,neutral,1.6682673692703247,0.5788005590438843,0.5153068900108337
1403904923591331843,negative,1.471879243850708,-0.8363230228424072,1.7487907409667969
1403904923834765314,positive,1.4979557991027832,1.786847710609436,-0.15094467997550964
1403904924463796232,negative,1.6427545547485352,-1.050371766090393,2.546316623687744
1403904924946100227,neutral,1.5315957069396973,-0.21874237060546875,1.1572452783584595
1403904927009751041,negative,0.44784626364707947,-0.1499650478363037,2.612367868423462
1403904927269744643,neutral,1.7691129446029663,-0.5601921081542969,1.1960420608520508
1403904928565792770,neutral,1.714827299118042,1.004346489906311,0.3295256197452545
1403904929329188864,negative,1.0477696657180786,-0.9545555710792542,2.708190441131592
1403904930201604098,negative,1.3916523456573486,0.024219006299972534,1.7649662494659424
1403904930281361409,neutral,2.077286720275879,2.0228757858276367,-0.5559775233268738
1403904930432360451,neutral,1.1891783475875854,-0.2635117471218109,0.7630718946456909
1403904935574609925,neutral,1.1103812456130981,0.13264618813991547,0.1033799797296524
1403904936102875138,negative,1.1231658458709717,-1.0837700366973877,3.2790467739105225
1403904937256357888,positive,0.42175647616386414,2.2195541858673096,0.19843481481075287
1403904939861049345,neutral,2.077286720275879,2.0228757858276367,-0.5559775233268738
1403904940133679111,negative,1.011682391166687,-0.8274932503700256,2.0736918449401855
1403904940976656386,negative,1.2336605787277222,-1.0055571794509888,3.03910231590271
1403904942197264390,negative,1.15459406375885,-0.6187858581542969,1.591005802154541
1403904942977527811,positive,0.246432363986969,0.4503978490829468,0.3672693073749542
1403904948203577345,negative,0.9383072853088379,0.8344056606292725,1.259104609489441
1403904949549879296,positive,2.168067455291748,2.2091336250305176,0.03437157720327377
1403904950040596489,negative,0.9009653925895691,-0.735965371131897,2.7964587211608887
1403904951961546755,negative,1.0314300060272217,-0.38207972049713135,1.4916664361953735
1403904953471537154,neutral,1.675191879272461,0.026794567704200745,1.1411980390548706
1403904954184568837,negative,1.4937009811401367,-1.205197811126709,3.207880973815918
1403904955367399432,neutral,2.1980721950531006,1.1931160688400269,0.02118084952235222
1403904956634075138,neutral,1.8891879320144653,0.5245234966278076,0.5609523057937622
1403904957917523969,positive,1.3347543478012085,1.6714845895767212,0.26079434156417847
1403904958156750852,neutral,1.4757871627807617,0.4077179431915283,0.5685398578643799
1403904959284842499,neutral,2.103529214859009,0.015704944729804993,0.5559322834014893
1403904960044048385,negative,1.397279143333435,-1.0940473079681396,2.6723082065582275
1403904961054855170,negative,1.526770830154419,0.07288660109043121,1.99658203125
1403904961289748482,positive,0.24194468557834625,0.9218271970748901,0.6420594453811646
1403904961889583107,neutral,1.8955222368240356,-0.6867144703865051,1.520538330078125
1403904964880224256,negative,1.4841768741607666,-0.5059457421302795,1.5896967649459839
1403904964892663809,neutral,1.594359278678894,-0.11202608793973923,1.3583968877792358
1403904965714743299,negative,1.397096037864685,0.08086417615413666,1.5600004196166992
1403904966515851264,negative,1.0012050867080688,-0.7474527359008789,2.1851418018341064
1403904966687866881,neutral,2.306674003601074,-0.3815867304801941,0.8096887469291687
1403904967417626624,negative,0.8408443331718445,-0.24010688066482544,1.378767728805542
1403904969984643074,negative,1.076833963394165,-0.9646478295326233,2.903752565383911
1403904972367015943,neutral,1.3000177145004272,0.012710988521575928,0.9261826276779175
1403904973256134658,neutral,1.4178407192230225,-0.15260517597198486,1.116875410079956
1403904974053003264,neutral,2.549631118774414,0.516819417476654,0.1053370013833046
1403904975021875206,neutral,2.3163836002349854,0.4703655540943146,0.23099160194396973
1403904975768543236,negative,1.1811085939407349,0.07272730022668839,1.6746408939361572
1403904975953035271,positive,1.3347543478012085,1.6714845895767212,0.26079434156417847
1403904976976502786,negative,1.008731484413147,-0.09499838203191757,1.5232043266296387
1403904978280845313,neutral,2.0636088848114014,-0.1029677465558052,0.7402452230453491
1403904980868812806,negative,0.7620012164115906,-0.872593343257904,2.9944233894348145
1403906096822067201,neutral,2.3950870037078857,1.3816546201705933,-0.4611119329929352
1403906097677701120,negative,0.9810935258865356,-1.210381031036377,3.2926290035247803
1403906103415435264,negative,1.3916761875152588,-0.8164407014846802,1.8229349851608276
1403906103595868162,negative,1.0200626850128174,-0.6428977251052856,2.5052077770233154
1403906104564797449,negative,1.5908018350601196,-0.38131383061408997,1.6988087892532349
1403906105877667845,negative,0.9078953862190247,-1.009751558303833,2.8731210231781006
1403906107349749763,neutral,1.637675404548645,0.45437195897102356,0.5790775418281555
1403906108440203265,negative,0.9141761064529419,-0.7468016743659973,2.834017276763916
1403906109275095045,negative,1.7326444387435913,-0.685921847820282,1.7368957996368408
1403906109451079690,positive,2.9864261150360107,3.143239974975586,-1.1002341508865356
1403906109941989378,negative,1.3186944723129272,-1.2208216190338135,3.128882884979248
1403906112181751814,negative,1.4140316247940063,-0.9511449933052063,2.419980049133301
1403906113473495042,negative,0.9541260004043579,0.1630755066871643,1.0862586498260498
1403906113691656192,negative,1.350353479385376,-0.8688541054725647,2.296276330947876
1403906114366869507,neutral,1.4943268299102783,-0.06687154620885849,1.1193318367004395
1403906114866003969,negative,1.062785029411316,-0.004294149577617645,1.7522209882736206
1403906116443062277,neutral,2.3510515689849854,-0.4512191712856293,0.9791753888130188
1403906117449617414,neutral,1.725153923034668,1.1292349100112915,0.1707642823457718
1403906117735006213,positive,1.568126916885376,2.91275691986084,-0.04915603995323181
1403906118963847168,negative,1.3916523456573486,0.024219006299972534,1.7649662494659424
1403906119312056320,positive,0.9933876395225525,1.1962143182754517,0.27720317244529724
1403906120964575245,negative,0.4211093485355377,-0.7567400932312012,2.3662912845611572
1403906121740521473,negative,0.5188239812850952,-0.5282995700836182,2.8407883644104004
1403906123896279042,negative,1.0816760063171387,-0.43734750151634216,1.6716021299362183
1403906124290543619,negative,0.6421397924423218,0.21649017930030823,0.8724203705787659
1403906124290662400,positive,1.06207275390625,1.1335889101028442,0.8173173666000366
1403906124336844806,negative,2.1112687587738037,-1.0838860273361206,2.2172744274139404
1403906124894523396,negative,2.1112687587738037,-1.0838860273361206,2.2172744274139404
1403906125385277441,negative,1.8589320182800293,-0.3743990361690521,2.286763906478882
1403906125985165313,neutral,2.4568965435028076,0.9343382120132446,0.2097773402929306
1403906126442209281,neutral,1.5630781650543213,0.25896239280700684,1.3407655954360962
1403906126861668356,negative,1.325342059135437,-0.8069419264793396,2.030940294265747
1403906127583186945,neutral,1.7540768384933472,0.8651862740516663,0.667416512966156
1403906129781006340,negative,1.300494909286499,-0.7775503993034363,2.3544580936431885
1403906131051745282,negative,1.2545881271362305,-1.059273362159729,2.416635751724243
1403906131307728896,neutral,1.0542633533477783,0.9968132972717285,0.7108240723609924
1403906133299892228,negative,1.4772272109985352,-0.580265998840332,1.6953740119934082
1403906133690097664,negative,1.4197561740875244,0.607988178730011,1.500551700592041
1403906133736275969,negative,1.1045866012573242,-0.8955612182617188,2.5280447006225586
1403906134621229058,neutral,1.1248968839645386,0.8226168751716614,0.5533493757247925
1403906135166312449,negative,1.1861521005630493,-1.1040350198745728,2.4497714042663574
1403906136319971328,neutral,2.3010401725769043,-0.00987795740365982,0.4987148642539978
1403906138853330951,negative,1.4286104440689087,-0.9739815592765808,2.449653148651123
1403906142145695755,negative,1.0357327461242676,-0.07177556306123734,1.5513650178909302
1403906143458447362,negative,1.2437446117401123,-0.9459221959114075,2.3908088207244873
1403906144578326533,positive,0.7483336925506592,0.89193195104599,0.5273799300193787
1403906144763002881,neutral,1.5559515953063965,0.9688063859939575,0.1871529072523117
1403906145262063622,neutral,2.0947179794311523,0.3136617839336395,0.6514492034912109
1403906145559908358,negative,1.6387994289398193,-0.8185981512069702,1.9962031841278076
1403906145794740225,positive,2.0592243671417236,3.7037100791931152,-0.8232370018959045
1403906147153809409,neutral,1.9325045347213745,0.8738986253738403,0.019976988434791565
1403906147346575365,neutral,2.11165189743042,1.6913864612579346,-0.4225894510746002
1403906147480870921,positive,2.1112701892852783,3.3505654335021973,-1.055465817451477
1403906148739141634,neutral,2.058189868927002,-0.8383658528327942,1.4405417442321777
1403906149498433544,negative,1.2392854690551758,-0.19195681810379028,1.7953097820281982
1403906149900963843,positive,1.9002264738082886,2.2174324989318848,-0.44727322459220886
1403906151381540865,positive,2.7161455154418945,5.077417850494385,-1.5541878938674927
1403906152732237825,positive,1.259078025817871,3.3367397785186768,-0.6341413259506226
1403906153784889346,positive,1.3347543478012085,1.6714845895767212,0.26079434156417847
1403906154661437441,positive,2.287677049636841,3.183546781539917,-0.9745771884918213
1403906155307470850,neutral,2.1542067527770996,1.5871350765228271,-0.008413197472691536
1403906156406272002,negative,1.5452383756637573,-0.3575116693973541,1.983449101448059
1403906156783800320,neutral,1.9760346412658691,0.4191933572292328,0.27794110774993896
1403906157639614470,negative,1.3916523456573486,0.024219006299972534,1.7649662494659424
1403906159132565510,negative,1.2213279008865356,-1.2218204736709595,3.12563419342041
1403906161024274434,neutral,1.0467087030410767,-0.3021874725818634,0.7714675068855286
1403906161536012289,neutral,1.4945679903030396,-0.03201581537723541,1.3987270593643188
1403906163154976774,negative,1.0353491306304932,-1.2652440071105957,3.852947235107422
1403906164677496834,neutral,1.445405125617981,-0.565482497215271,1.3894476890563965
1403906164975308805,neutral,1.675191879272461,0.026794567704200745,1.1411980390548706
1403906168767094784,negative,1.3265553712844849,0.2505647838115692,2.2100634574890137
1403906168922144770,neutral,2.570169448852539,-0.2895156741142273,0.5004926919937134
1403906171698761728,positive,2.2023653984069824,2.346116542816162,-0.22111840546131134
1403906172701184000,negative,0.9009653925895691,-0.735965371131897,2.7964587211608887
1403906176345993219,positive,1.1457103490829468,2.0804967880249023,0.27459436655044556
1403906176606085124,neutral,2.071244239807129,1.4225047826766968,-0.2106265425682068
1403906177306566656,negative,0.726107656955719,-0.01706831157207489,1.7455888986587524
1403906179135246336,neutral,3.530146598815918,1.6300078630447388,-1.065041184425354
1403906179143700491,neutral,1.3913630247116089,0.4190928339958191,0.8985757827758789
1403906179265286146,negative,0.8778854012489319,-1.0138500928878784,3.822360038757324
1403906181312229380,negative,1.343886375427246,-1.3124908208847046,3.28977370262146
1403906181513375750,neutral,1.8791043758392334,0.1687820851802826,0.7879395484924316
1403906182889148418,neutral,1.9053356647491455,-0.41594067215919495,0.9914839863777161
1403906183849598976,neutral,1.1980488300323486,0.5866292119026184,0.9134495854377747
1403906184583663617,negative,1.2035000324249268,-0.7340574860572815,1.7764737606048584
1403906184931807236,neutral,1.369110107421875,1.1148016452789307,0.35051512718200684
1403906186236235776,neutral,2.342576742172241,0.46750161051750183,0.3251158893108368
1403906186894774276,negative,1.541555643081665,-0.7616058588027954,1.640427589416504
1403906187322531840,negative,0.7793237566947937,-0.7051769495010376,1.691395878791809
1403906189558128640,negative,1.4070521593093872,-0.9250664710998535,1.9019064903259277
1403906189755400193,neutral,1.0409371852874756,0.8538469672203064,0.9784976243972778
1403906192439746562,positive,1.8236932754516602,2.031595468521118,-0.35436752438545227
1403906192544567298,neutral,1.7931013107299805,0.4371362626552582,0.477946400642395
1403906193291104259,neutral,2.4644052982330322,1.036562204360962,-0.11481105536222458
1403906193605623815,negative,0.9009653925895691,-0.735965371131897,2.7964587211608887
1403906194561921027,neutral,1.3993173837661743,0.3367149531841278,1.09920072555542
1403906194926886914,negative,1.317959189414978,-0.9002969861030579,1.995761513710022
1403906196495486980,neutral,1.8955222368240356,-0.6867144703865051,1.5205382108688354
1403906197619548162,neutral,1.8445196151733398,0.23661667108535767,0.8432996869087219
1403906197728620551,negative,1.4211821556091309,-0.9032192826271057,2.257875919342041
1403906198487797767,neutral,1.263150930404663,1.0305216312408447,-0.2594617009162903
1403906198668124166,negative,1.1811085939407349,0.0727272555232048,1.6746410131454468
1403906199213338625,negative,1.9584739208221436,-0.4506213366985321,2.1115005016326904
1403906200463314945,neutral,2.860196590423584,-0.2995823621749878,0.7368612885475159
1403906200530530307,negative,1.2211159467697144,-0.39336517453193665,1.8158349990844727
1403906201633497089,neutral,1.8955222368240356,-0.6867144107818604,1.520538330078125
1403906202224967685,negative,1.3323875665664673,-0.2926173806190491,1.5215338468551636
1403906205026701313,neutral,1.5522316694259644,0.4348011016845703,0.22205635905265808
1403906205160980488,positive,0.15431775152683258,0.7992904782295227,0.6390374898910522
1403906205655867394,neutral,1.886662483215332,0.797883152961731,0.7123443484306335
1403906205659983879,negative,1.2213279008865356,-1.2218204736709595,3.12563419342041
1403906207769710595,negative,1.0494372844696045,-0.15894585847854614,1.4622230529785156
1403906208843501568,neutral,1.5135490894317627,0.5190877318382263,0.5634918808937073
1403906208952631297,neutral,2.2925117015838623,1.2028154134750366,0.05377225950360298
1403906209564950529,negative,0.3201894760131836,0.4223208725452423,1.0516507625579834
1403906210185859074,negative,2.1112687587738037,-1.0838860273361206,2.2172744274139404
1403906210202460160,negative,0.3749188780784607,-0.7763880491256714,2.5129714012145996
1403906212555411458,positive,0.9148434996604919,3.0301718711853027,-0.006768116727471352
1403906213306372102,negative,1.472072958946228,-1.1306252479553223,2.8682377338409424
1403906214573051905,neutral,1.5171493291854858,-0.075639508664608,0.7209938168525696
1403906215420198919,negative,1.3916523456573486,0.024219006299972534,1.7649662494659424
1403906216418418688,neutral,1.6751916408538818,0.02679452672600746,1.1411980390548706
1403906217576128512,neutral,1.7574821710586548,0.6416906118392944,0.2083922177553177
1403906217626460163,neutral,2.590888261795044,2.024646282196045,-0.3828446567058563
1403906217634938880,neutral,1.3779339790344238,1.2272230386734009,-0.07639313489198685
1403906218012209152,positive,1.4902421236038208,1.5071204900741577,0.1280696541070938
1403906219509633024,negative,1.3194111585617065,-0.6428744196891785,1.3507717847824097
1403906221099212801,neutral,1.9776339530944824,-0.8590370416641235,1.468937873840332
1403906221107675140,negative,1.0990169048309326,-0.7306036353111267,2.218822956085205
1403906222978338819,negative,1.0012052059173584,-0.7474527359008789,2.1851418018341064
1403906223531978755,neutral,3.530146598815918,1.6300078630447388,-1.065041184425354
1403906223997472768,neutral,2.47216534614563,1.027438759803772,-0.5057953596115112
1403906225306210305,positive,2.2430014610290527,3.176701784133911,-0.8321202993392944
1403906230293131271,neutral,2.1443679332733154,0.398881196975708,0.5228678584098816
1403906230574329858,neutral,2.1248247623443604,-0.1068432405591011,0.9665763974189758
1403906230846771204,positive,0.2749848961830139,3.1125082969665527,-0.504766583442688
1403906230863683587,negative,1.1777487993240356,-0.25522422790527344,1.8453785181045532
1403906231421472771,neutral,1.5824435949325562,0.20389574766159058,0.5083480477333069
1403906232398667780,negative,1.1811085939407349,0.0727272555232048,1.6746410131454468
1403906232495321091,negative,0.8240745067596436,-0.3013170063495636,1.8396824598312378
1403906233694703616,neutral,1.9176331758499146,1.1614125967025757,0.03638874739408493
1403906234311331843,neutral,1.6751916408538818,0.026794657111167908,1.141197919845581
1403906235078873092,negative,1.2212353944778442,-0.7027828693389893,2.6884448528289795
1403906236576378885,neutral,1.459710955619812,-0.14670267701148987,-0.051645226776599884
1403906237897527302,neutral,1.8955222368240356,-0.6867144703865051,1.5205382108688354
1403906238266560512,neutral,1.8397698402404785,1.1821531057357788,-0.05675990879535675
1403906240044965888,neutral,2.0736260414123535,1.6481958627700806,-0.5819864869117737
1403906242746085377,neutral,1.953971028327942,0.8023828864097595,0.190297931432724
1403906242808934401,positive,1.9062554836273193,3.1640515327453613,-0.46758130192756653
1403906242993700866,positive,1.4892219305038452,2.6688055992126465,-0.4959278106689453
1403906243207389191,neutral,1.637675404548645,0.45437195897102356,0.5790775418281555
1403906243861704709,negative,1.223268985748291,-0.25975289940834045,1.43392014503479
1403906244000182277,neutral,1.636164903640747,0.22668752074241638,0.9933246970176697
1403906244377645059,negative,1.1751298904418945,0.05123643949627876,1.4814376831054688
1403906244566339584,neutral,1.7747641801834106,0.46827566623687744,0.6924096345901489
1403906245057204228,negative,1.0751579999923706,0.8381140828132629,1.2169301509857178
1403906245078044679,negative,0.7147862315177917,0.7986564040184021,1.2129337787628174
1403906245308956676,negative,1.0012050867080688,-0.7474527955055237,2.1851418018341064
1403906245359112194,negative,1.3117804527282715,-1.3488850593566895,3.847764015197754
1403906247364018184,negative,0.9009653925895691,-0.735965371131897,2.7964587211608887
1403906247758319616,negative,1.1811085939407349,0.0727272555232048,1.6746410131454468
1403906248022581253,negative,1.333760142326355,-1.0342800617218018,2.801053285598755
1403906248374841349,positive,1.6851983070373535,3.039599895477295,-0.5585664510726929
1403906250606202884,negative,1.1593477725982666,-0.7521567344665527,1.752207636833191
1403906250744627200,neutral,1.3809362649917603,-0.24313560128211975,0.8064519762992859
1403906251428302848,negative,1.4286104440689087,-0.9739815592765808,2.449653148651123
1403906253617725442,neutral,1.8653793334960938,-0.7673307061195374,1.3515477180480957
1403906253907103746,neutral,1.7395427227020264,0.02790086343884468,0.643428385257721
1403906255261941765,neutral,1.8353439569473267,1.7649073600769043,0.0701255053281784
1403906255605751811,neutral,1.7659846544265747,-0.44653013348579407,1.4973394870758057
1403906256662761474,negative,1.1593477725982666,-0.7521567344665527,1.752207636833191
1403906256834678786,negative,1.1390851736068726,-0.7409601807594299,2.5771148204803467
1403906256859979778,positive,2.1614153385162354,2.65769624710083,-0.9337893128395081
1403906257279504387,negative,0.8972961902618408,-0.6940796971321106,2.3414454460144043
1403906258927820804,neutral,1.3648943901062012,-0.26864954829216003,0.8274451494216919
1403906259825299456,neutral,2.29004168510437,0.6116049289703369,0.23305822908878326
1403906260777390081,neutral,2.439624309539795,2.423003911972046,-0.5182453989982605
1403906261423255557,negative,1.3094537258148193,-0.3152199387550354,1.3259633779525757
1403906263293972488,neutral,2.408759832382202,1.2500030994415283,-0.03624632954597473
1403906263646363648,negative,0.6620957255363464,-0.860990047454834,2.7751901149749756
1403906263935823872,neutral,2.6754705905914307,1.1542541980743408,-0.2315426915884018
1403906265152061440,neutral,1.9898364543914795,1.0823479890823364,0.10298677533864975
1403906266242682883,negative,1.0012050867080688,-0.7474527955055237,2.1851418018341064
1403906267438006273,neutral,1.9078781604766846,0.5951962471008301,0.5056585073471069
1403906268188794884,negative,1.1811085939407349,0.0727272555232048,1.6746410131454468
1403906270839513093,negative,1.0012050867080688,-0.7474527955055237,2.1851418018341064
1403906272190255106,neutral,1.7477272748947144,0.9420235753059387,0.678179144859314
1403906272802467846,neutral,1.9718023538589478,-0.2723861038684845,1.441565752029419
1403906273662300165,positive,1.954211711883545,2.770787239074707,-0.8087531924247742
1403906276132855808,neutral,1.7473424673080444,0.16600513458251953,1.5857311487197876
1403906277089021956,neutral,3.530146598815918,1.6300078630447388,-1.065041184425354
1403906277479108608,positive,0.32326680421829224,1.1765577793121338,0.35470694303512573
1403906277684752387,negative,1.3011399507522583,-1.0271085500717163,2.4155821800231934
1403906277827252230,neutral,1.5396673679351807,0.42405980825424194,0.6387897729873657
1403906278242623488,negative,0.5590708255767822,-0.47488489747047424,2.958763360977173
1403906280515936258,neutral,2.306674003601074,-0.3815867304801941,0.8096887469291687
1403906280683606018,negative,1.3916523456573486,0.024219006299972534,1.7649662494659424
1403906282143113216,neutral,2.363513708114624,0.3148781359195709,0.3369842767715454
1403906284882042881,neutral,1.562774658203125,0.47601398825645447,0.5401991605758667
1403906286631022592,neutral,1.5651416778564453,1.2681668996810913,-0.03492247313261032
1403906288153546752,neutral,1.9260755777359009,-0.39457377791404724,1.0606412887573242
1403906288166215680,negative,1.2827833890914917,-0.6761818528175354,1.3995178937911987
1403906289600655360,neutral,1.675191879272461,0.026794567704200745,1.1411980390548706
1403906289911144449,negative,1.1811085939407349,0.0727272555232048,1.6746410131454468
1403906290083004419,positive,1.6851983070373535,3.039599895477295,-0.5585664510726929
1403906292637442055,neutral,0.5349922776222229,0.2879924476146698,-0.026065876707434654
1403906293090324493,neutral,2.3228743076324463,-0.22321006655693054,0.9584611058235168
1403906293262209024,positive,2.264592170715332,3.634978771209717,-1.3059673309326172
1403906293421592578,neutral,2.0344021320343018,-0.43806931376457214,1.514631748199463
1403906294524698624,neutral,1.8198760747909546,0.8568341135978699,0.4308655858039856
1403906297108516864,neutral,1.4962544441223145,0.11732083559036255,0.5050767064094543
1403906297968353283,neutral,0.23260748386383057,0.1763903796672821,0.14018523693084717
1403906299218186254,negative,1.397279143333435,-1.0940473079681396,2.6723082065582275
1403906299964788739,neutral,1.474812388420105,0.2351079285144806,0.9820423722267151
1403906300321296388,neutral,1.5015690326690674,-0.12771975994110107,1.2787460088729858
1403906300933664771,neutral,3.530146598815918,1.6300078630447388,-1.065041184425354
1403906303102181376,neutral,1.445405125617981,-0.565482497215271,1.3894476890563965
1403906303110565891,neutral,1.9776339530944824,-0.8590370416641235,1.468937873840332
1403906303185940484,neutral,3.530146598815918,1.6300078630447388,-1.065041184425354
1403906303571935233,neutral,2.077286720275879,2.0228757858276367,-0.5559776425361633
1403906303609692160,negative,1.5270682573318481,-0.5656229257583618,1.5396983623504639
1403906305442693122,negative,1.5003093481063843,-1.08436918258667,2.319007396697998
1403906305539067905,positive,1.3609802722930908,1.6712464094161987,-0.0657951608300209
1403906305610457093,neutral,1.4940577745437622,1.4766169786453247,0.18464189767837524
1403906307669770244,neutral,1.0301944017410278,-0.007536008954048157,1.00888991355896
1403906308961677315,neutral,2.6754705905914307,1.1542541980743408,-0.2315426915884018
1403906309284524038,positive,1.101456880569458,3.3801939487457275,-0.731903076171875
1403906310127583236,negative,1.3706611394882202,-1.3996778726577759,3.2871205806732178
1403906310689673217,negative,1.3916523456573486,0.024219006299972534,1.7649662494659424
1403906310916165635,neutral,2.1248247623443604,-0.1068432405591011,0.9665763974189758
1403906311084032000,neutral,1.3648943901062012,-0.26864954829216003,0.8274451494216919
1403906311423770624,neutral,1.375912070274353,0.08112061023712158,0.8315590620040894
1403906311792644097,negative,1.3916523456573486,0.024219006299972534,1.7649662494659424
1403906312010797056,negative,0.7357475161552429,0.38860756158828735,2.1176254749298096
1403906312090619912,negative,1.017256498336792,-0.3738103210926056,2.199263095855713
1403906313067843594,positive,1.4143710136413574,2.3002004623413086,-0.187588632106781
1403906315123007491,negative,1.6934432983398438,-0.9206299781799316,1.8681364059448242
1403906315529773056,neutral,1.9468942880630493,0.039308685809373856,0.8207461833953857
1403906315768909825,negative,0.50010746717453,-0.37432193756103516,2.4287540912628174
1403906316544974855,negative,1.1671490669250488,-0.8865808248519897,2.844322443008423
1403906316628856835,neutral,1.5158030986785889,0.27413588762283325,0.3931497037410736
1403906316800651265,neutral,1.5713622570037842,0.8439404964447021,0.09665575623512268
1403906319292248072,positive,1.3782458305358887,1.4357177019119263,0.16605140268802643
1403906319422132227,neutral,1.3959312438964844,1.0429705381393433,0.7488155961036682
1403906319552159745,neutral,1.9260755777359009,-0.39457377791404724,1.0606412887573242
1403906321410412545,neutral,2.6754705905914307,1.1542541980743408,-0.2315426915884018
1403906323377377282,neutral,1.6324712038040161,-0.3047652542591095,1.5853686332702637
1403906323389898752,neutral,1.9425569772720337,0.27754196524620056,0.6770303249359131
1403906324967141383,neutral,1.8891879320144653,0.5245234966278076,0.5609523057937622
1403906325113831426,negative,1.1833751201629639,-0.9451281428337097,2.060715675354004
1403906325696978947,negative,1.3916523456573486,0.024219006299972534,1.7649662494659424
1403906326493728770,neutral,2.4568965435028076,0.9343382120132446,0.2097773402929306
1403906327735246853,neutral,1.9260755777359009,-0.39457377791404724,1.0606412887573242
1403906328817332230,positive,0.8226541876792908,1.4320460557937622,0.400752991437912
1403906329496936451,negative,1.2859023809432983,-0.4607042372226715,1.7909882068634033
1403906329685610501,positive,1.7465800046920776,3.7106921672821045,-1.1879507303237915
1403906330360877056,negative,0.7984359264373779,-0.4328199326992035,2.2125911712646484
1403906330948030467,neutral,1.8294494152069092,0.6130180954933167,0.4989008903503418
1403906330985861124,positive,0.949812650680542,2.6156606674194336,0.1258152425289154
1403906331715805185,negative,1.2086150646209717,-1.098804235458374,2.814321994781494
1403906332000854018,neutral,2.5667307376861572,1.779677152633667,-0.5174140930175781
1403906333380841473,neutral,1.488336443901062,0.5217578411102295,0.635805070400238
1403906334433546242,neutral,1.6384437084197998,1.3267924785614014,0.11581854522228241
1403906336048484354,positive,1.4892219305038452,2.6688058376312256,-0.4959278106689453
1403906337516359686,neutral,3.530146598815918,1.6300078630447388,-1.065041184425354
1403906338183421953,neutral,1.5348377227783203,-0.10852984338998795,1.32639479637146
1403906338250440707,neutral,1.3439202308654785,0.1290436089038849,0.7865470051765442
1403906338300710917,negative,1.0537109375,-0.23179581761360168,1.6694923639297485
1403906339965833221,negative,0.696031928062439,-0.8576232194900513,2.75502872467041
1403906340209238024,neutral,1.8955222368240356,-0.6867144703865051,1.5205382108688354
1403906340683014144,negative,1.0482182502746582,-0.7029873728752136,2.9241137504577637
1403906341593362432,negative,1.188208818435669,0.15162789821624756,1.408833622932434
1403906342293700610,neutral,1.372523546218872,0.3708284795284271,0.39731258153915405
1403906342478225409,neutral,1.4810526371002197,0.5904985666275024,0.7307055592536926
1403906343585517568,neutral,1.356887936592102,0.20409980416297913,0.9387344717979431
1403906344185339908,positive,2.757951021194458,6.254703044891357,-2.119971990585327
1403906344785047553,negative,1.1069564819335938,-0.4871637523174286,2.063549041748047
1403906345598861315,neutral,1.1682769060134888,0.35477036237716675,0.8944436311721802
1403906345909338112,neutral,0.7403897643089294,0.19801267981529236,0.47091153264045715
1403906346894958598,negative,1.3916523456573486,0.024219006299972534,1.7649662494659424
1403906346898976772,negative,1.6634571552276611,-1.023432970046997,2.368533134460449
1403906347117252614,neutral,2.543001890182495,1.0240801572799683,-0.16154247522354126
1403906349667393536,neutral,1.8445196151733398,0.23661667108535767,0.8432996869087219
1403906349855961088,neutral,3.530146598815918,1.6300078630447388,-1.065041184425354
1403906352431386630,negative,1.5003093481063843,-1.0843690633773804,2.319007158279419
1403906352540311553,negative,0.6562144756317139,-0.0752670094370842,1.5576775074005127
1403906353148530689,neutral,1.9053356647491455,-0.4159407317638397,0.9914839863777161
1403906353425379329,neutral,1.3648943901062012,-0.26864954829216003,0.8274451494216919
1403906354905976834,neutral,1.353092908859253,0.05218103155493736,0.931880533695221
1403906355224666112,negative,0.961503803730011,-0.2592937648296356,2.2481987476348877
1403906355342290947,negative,1.3804497718811035,-1.077378749847412,2.649075984954834
1403906355694432256,neutral,2.629290819168091,1.4963188171386719,-0.4417940378189087
1403906356424286212,neutral,1.6661499738693237,0.5678746700286865,0.10007020086050034
1403906356487262212,negative,1.0230827331542969,-0.7613829970359802,2.086832046508789
1403906359314186245,negative,0.44784626364707947,-0.1499650478363037,2.612367868423462
1403906359972679684,neutral,1.3461428880691528,0.8313227295875549,0.40158724784851074
1403906363592429568,negative,0.9701626300811768,-0.788361668586731,2.4710254669189453
1403906363844009984,neutral,2.3441665172576904,-0.6458860039710999,1.183232307434082
1403906365668560898,negative,0.3432222604751587,-0.2291412651538849,1.993849754333496
1403906365765132291,neutral,2.47216534614563,1.0274388790130615,-0.505795419216156
1403906366230523904,neutral,1.8034615516662598,-0.6097457408905029,1.499584436416626
1403906366629154824,neutral,2.3865931034088135,-0.11849270015954971,0.7987328767776489
1403906367413362688,neutral,2.506075620651245,1.0861577987670898,-0.28255802392959595
1403906369510469642,negative,1.4070521593093872,-0.9250664710998535,1.9019064903259277
1403906370244644866,neutral,1.8167301416397095,-0.7457255721092224,1.4744458198547363
1403906370466951170,neutral,2.6754705905914307,1.1542541980743408,-0.2315426915884018
1403906371372920835,neutral,1.8891879320144653,0.5245234966278076,0.5609523057937622
1403906371729321988,negative,0.3955303728580475,0.1126880869269371,1.7415988445281982
1403906372455047169,neutral,0.9830308556556702,0.6218988299369812,0.1908738762140274
1403906372576575490,negative,1.2145129442214966,-0.8037517070770264,2.3396356105804443
1403906373524488194,negative,1.672927975654602,-0.9934981465339661,2.0271823406219482
1403906374614978565,negative,1.3117804527282715,-1.3488850593566895,3.847764253616333
1403906376464805888,negative,1.1876170635223389,-0.1814287006855011,1.2885265350341797
1403906377035051014,neutral,3.530146598815918,1.6300077438354492,-1.0650410652160645
1403906379585187844,negative,1.062785029411316,-0.004294149577617645,1.7522209882736206
1403906379673313283,negative,1.3916523456573486,0.024219006299972534,1.7649662494659424
1403906380474556417,negative,1.3916523456573486,0.024219006299972534,1.7649662494659424
1403906380713664512,negative,1.2240079641342163,-0.863716185092926,2.3255016803741455
1403906380935933955,neutral,1.898069977760315,0.5701464414596558,1.8313907384872437
1403906381812404229,neutral,1.7650130987167358,-0.7029991745948792,1.4997855424880981
1403906382919733249,positive,1.6851983070373535,3.039599895477295,-0.5585664510726929
1403906383880220673,negative,0.9230169057846069,0.7858308553695679,0.9806303381919861
1403906387109847043,positive,1.0564756393432617,1.444417119026184,0.17174667119979858
1403906388246634498,neutral,1.6909023523330688,-0.8452684879302979,1.4933611154556274
1403906389034999812,neutral,2.772385358810425,2.0156216621398926,-0.37782353162765503
1403906389156810752,negative,1.1013059616088867,-0.786137580871582,2.023902416229248
1403906389240532993,neutral,1.1151418685913086,0.6178317666053772,0.9177941679954529
1403906389316153347,negative,0.9091400504112244,-0.2559569180011749,1.8337438106536865
1403906390545027075,neutral,1.3648943901062012,-0.26864954829216003,0.8274451494216919
1403906390641545220,negative,1.0867263078689575,-0.3394848704338074,2.0128977298736572
1403906392055025666,neutral,0.23260748386383057,0.1763903796672821,0.14018523693084717
1403906392990240771,negative,1.1282660961151123,-0.19944801926612854,1.69265615940094
1403906393673900036,negative,0.9009653925895691,-0.735965371131897,2.7964587211608887
1403906393912995846,neutral,2.0153071880340576,0.4585033059120178,0.576957643032074
1403906393955094534,negative,0.5452496409416199,-0.9560417532920837,2.9030604362487793
1403906394043072516,neutral,2.5064516067504883,1.4469836950302124,-0.5270969271659851
1403906394814697478,neutral,1.5135492086410522,0.5190877318382263,0.5634920001029968
1403906396899446792,neutral,1.2870901823043823,-0.018644995987415314,1.1803333759307861
1403906397386022919,negative,1.389940857887268,-0.3396793007850647,1.6312304735183716
1403906400846237702,negative,1.062785029411316,-0.004294149577617645,1.7522209882736206
1403906404704948226,negative,1.3231056928634644,-1.2230225801467896,2.717541217803955
1403906406982447107,negative,1.1565589904785156,-0.8944554328918457,2.0041821002960205
1403906407439605763,positive,0.24194467067718506,0.9218271970748901,0.6420594453811646
1403906407737434112,negative,1.3094537258148193,-0.3152199387550354,1.3259633779525757
1403906408131686402,negative,1.6634571552276611,-1.023432970046997,2.368533134460449
1403906408173555720,negative,0.9009653925895691,-0.735965371131897,2.7964587211608887
1403906408349843458,negative,1.3090291023254395,-1.308099627494812,3.288559675216675
1403906409457192961,negative,0.6820245385169983,-0.2053932249546051,2.080109119415283
1403906409742409729,positive,1.3022959232330322,1.710048794746399,-0.04765055328607559
1403906410383962113,negative,0.6562144756317139,-0.0752670094370842,1.5576775074005127
1403906411424276486,positive,1.2064590454101562,4.052791595458984,-1.2010674476623535
1403906412506497028,negative,0.581555962562561,-1.2330561876296997,3.9304375648498535
1403906413383106563,negative,1.5453616380691528,-0.5782603621482849,1.9370180368423462
1403906414981025798,negative,1.0744847059249878,-0.9597271084785461,2.4353816509246826
1403906414989377537,neutral,1.623145580291748,1.3153420686721802,0.4591883420944214
1403906415060656130,positive,0.837699294090271,0.9354707598686218,0.29425475001335144
1403906415954067460,negative,1.23027503490448,-1.2330948114395142,3.0590739250183105
1403906416566542338,neutral,1.594359278678894,-0.11202608793973923,1.3583968877792358
1403906416721555459,negative,1.3231056928634644,-1.2230225801467896,2.717541217803955
1403906416922882051,negative,0.8327944278717041,-0.2500250041484833,1.598629117012024
1403906417145257984,negative,1.0604227781295776,-0.3562011122703552,1.257163405418396
1403906417627570176,neutral,2.316802740097046,0.170019268989563,0.659497082233429
1403906418411933698,neutral,2.8849637508392334,0.09956641495227814,0.5539771914482117
1403906419636588549,neutral,1.8891879320144653,0.5245234966278076,0.5609523057937622
1403906419682811908,negative,0.7609172463417053,1.015588402748108,1.2292842864990234
1403906419993157633,neutral,2.1423227787017822,-0.11405441910028458,0.9149993658065796
1403906420014080003,neutral,2.6754705905914307,1.1542541980743408,-0.2315426915884018
1403906421373034505,neutral,2.8366219997406006,0.13183751702308655,-0.025643514469265938
1403906421381533699,neutral,1.8374080657958984,0.24439749121665955,0.47404736280441284
1403906424858722306,neutral,2.306674003601074,-0.3815867304801941,0.8096887469291687
1403906425164759045,neutral,2.0228922367095947,-0.4849041998386383,0.8508898615837097
1403906425445777410,neutral,2.1693098545074463,0.17105653882026672,1.2965402603149414
1403906426309914626,negative,1.567069411277771,-0.8229624032974243,1.7146711349487305
1403906427228327940,negative,1.2213279008865356,-1.2218204736709595,3.12563419342041
1403906427362545671,neutral,2.6754705905914307,1.1542541980743408,-0.2315426915884018
1403906428595757064,negative,0.811205267906189,-0.9982882142066956,2.6071157455444336
1403906428641947656,negative,1.1062226295471191,-0.8950791954994202,2.4937965869903564
1403906428784418818,neutral,1.9815703630447388,0.632115364074707,0.1684393286705017
1403906429086572547,neutral,2.306674003601074,-0.3815867304801941,0.8096887469291687
1403906429971533825,neutral,2.0979487895965576,-0.6035428047180176,1.0862663984298706
1403906430407786502,neutral,1.3648943901062012,-0.26864954829216003,0.8274451494216919
1403906430575415298,negative,1.6634571552276611,-1.023432970046997,2.368533134460449
1403906432009920514,negative,1.68289053440094,-1.1654540300369263,2.6397714614868164
1403906432697765889,neutral,1.3636537790298462,-0.6174948811531067,1.255692958831787
1403906432844500994,neutral,1.5559515953063965,0.9688063859939575,0.1871529072523117
1403906433955991552,neutral,2.0570735931396484,0.7532289028167725,0.11681428551673889
1403906435088490500,positive,1.6851983070373535,3.039599895477295,-0.5585664510726929
1403906436346781698,neutral,1.736266851425171,-0.32738903164863586,1.323185682296753
1403906438351798272,negative,1.3815377950668335,-1.1605868339538574,2.6029374599456787
1403906440234930179,negative,1.2762014865875244,-0.8753897547721863,2.140279769897461
1403906440411054084,negative,0.5655698776245117,0.6182180643081665,0.8911947011947632
1403906441421877256,neutral,2.1248247623443604,-0.1068432405591011,0.9665763974189758
1403906444215283716,negative,1.042436122894287,-0.5793793797492981,1.5944761037826538
1403906444328529923,neutral,3.9973092079162598,2.506751537322998,-1.812295913696289
1403906445872177155,negative,1.3323875665664673,-0.2926173806190491,1.5215338468551636
1403906449290321922,positive,0.28900063037872314,1.9731332063674927,0.6493576765060425
1403906449697169409,neutral,1.2819360494613647,0.22020968794822693,0.8756140470504761
1403906453627228164,negative,1.6634571552276611,-1.0234330892562866,2.368532657623291
1403906453774082050,negative,1.0353491306304932,-1.2652440071105957,3.852947235107422
1403906454164230144,neutral,1.8955222368240356,-0.6867144703865051,1.5205382108688354
1403906455506354183,negative,1.0012050867080688,-0.7474527955055237,2.1851418018341064
1403906456743645186,neutral,1.055476427078247,0.2585265040397644,0.7245965600013733
1403906456995332100,positive,1.6851983070373535,3.039599895477295,-0.5585664510726929
1403906457565765632,negative,1.1811085939407349,0.0727272555232048,1.6746410131454468
1403906459440717824,negative,1.3916523456573486,0.024219006299972534,1.7649662494659424
1403906460606631942,negative,1.099217176437378,-1.0995700359344482,3.0814459323883057
1403906460690444291,neutral,2.5660400390625,0.3775314390659332,0.5220233798027039
1403906461273632770,neutral,1.3546463251113892,-0.014196008443832397,1.3103410005569458
1403906463807029249,neutral,1.6371614933013916,-0.420716255903244,1.4392434358596802
1403906464805277699,negative,1.0904430150985718,-0.8393533229827881,2.3101933002471924
1403906468093468674,neutral,3.530146598815918,1.6300078630447388,-1.065041184425354
1403906468823416834,neutral,1.369110107421875,1.1148016452789307,0.35051512718200684
1403906469771231233,neutral,1.594359278678894,-0.11202608793973923,1.3583968877792358
1403906469955768320,negative,1.51356041431427,-0.8715835809707642,2.0003814697265625
1403906470215749632,neutral,1.874110460281372,1.1720722913742065,0.16305720806121826
1403906470652039168,neutral,1.9074931144714355,-0.8521654605865479,1.533244252204895
1403906473747439616,negative,0.5879279971122742,-1.2440471649169922,3.3810760974884033
1403906475404279808,neutral,1.6206053495407104,0.014189839363098145,0.9324802756309509
1403906475886616576,negative,1.3427149057388306,-1.1990678310394287,2.8659555912017822
1403906477299884038,negative,1.3858706951141357,-1.3286088705062866,3.6368274688720703
1403906478637977601,neutral,1.711751937866211,-0.4882984459400177,0.6708740592002869
1403906480064004098,negative,1.4713956117630005,-0.7641388773918152,1.946227788925171
1403906481779462144,negative,1.5988236665725708,-0.9546471834182739,1.9636880159378052
1403906482714800135,positive,1.6851983070373535,3.039599895477295,-0.5585664510726929
1403906483880878080,neutral,1.8283058404922485,-0.6700337529182434,1.468531847000122
1403906484023435265,neutral,1.9077236652374268,0.3613013029098511,0.3500640094280243
1403906484665257986,negative,1.09477698802948,-0.34677618741989136,1.7400720119476318
1403906485042692101,negative,0.5882898569107056,0.6590036153793335,0.9553844332695007
1403906485579563010,negative,0.9437967538833618,0.6566218137741089,1.0052276849746704
1403906486141550596,neutral,1.383682131767273,0.12088052928447723,1.0775554180145264
1403906486489686016,neutral,1.9260755777359009,-0.39457377791404724,1.0606412887573242
1403906486691008514,neutral,1.5211058855056763,1.5192664861679077,0.42796266078948975
1403906487311749121,neutral,3.530146598815918,1.6300078630447388,-1.065041184425354
1403906488653860865,neutral,2.686923027038574,0.01273820549249649,0.6487725973129272
1403906489807429635,positive,1.448988676071167,1.6204357147216797,0.09375876933336258
1403906490600247300,neutral,1.895522117614746,-0.6867144703865051,1.5205382108688354
1403906491677954051,neutral,1.5135490894317627,0.5190877318382263,0.563491940498352
1403906492068155394,neutral,1.501346230506897,-0.09644988924264908,0.8111714124679565
1403906492663693314,neutral,1.9078781604766846,0.5951962471008301,0.5056585073471069
1403906493607518208,negative,1.243909478187561,-0.4581185281276703,2.126847505569458
1403906493636882432,neutral,1.8891879320144653,0.5245234966278076,0.5609523057937622
1403906493804470274,negative,1.1799784898757935,-0.7204530835151672,2.683948278427124
1403906494324776963,neutral,2.43902587890625,0.35846295952796936,0.6590323448181152
1403906495817867265,neutral,2.1877708435058594,0.3576723635196686,0.3605818450450897
1403906496270721031,negative,1.1668771505355835,0.22547310590744019,1.540041208267212
1403906496585342979,negative,1.17715322971344,-0.2184543013572693,1.401485800743103
1403906496769839108,neutral,1.3648943901062012,-0.26864954829216003,0.8274451494216919
1403906496899997697,negative,1.7455875873565674,-1.1683098077774048,2.887272596359253
1403906498825236490,neutral,1.1880302429199219,0.08963564783334732,1.102402925491333
1403906499198418945,neutral,1.7223881483078003,-0.2086389660835266,1.344605803489685
1403906499878035458,positive,0.35732755064964294,1.635729432106018,0.49381813406944275
1403906506068725762,negative,0.29400521516799927,-0.8630042672157288,3.2615418434143066
1403906506450522113,negative,1.1811085939407349,0.0727272555232048,1.6746410131454468
1403906506937020418,neutral,0.849328875541687,0.4478192627429962,0.4052830636501312
1403906507129823236,neutral,1.5313154458999634,0.09729015082120895,1.0703321695327759
1403906507268259844,neutral,1.8955222368240356,-0.6867144703865051,1.5205382108688354
1403906507352182788,neutral,2.47216534614563,1.0274388790130615,-0.505795419216156
1403906509491216385,neutral,1.421741247177124,-0.27784043550491333,0.9727910161018372
1403906510774624260,neutral,2.133171558380127,0.03781100735068321,0.6006467342376709
1403906512179929093,neutral,1.5824435949325562,0.20389574766159058,0.5083480477333069
1403906512934739971,negative,1.3231056928634644,-1.223022699356079,2.717541217803955
1403906513354117120,negative,1.0682368278503418,-0.7545936703681946,2.676137685775757
1403906513396109312,negative,0.9080553650856018,-0.9142158627510071,2.7222745418548584
1403906515149463552,neutral,1.3760137557983398,0.14153608679771423,0.7152835726737976
1403906516273483777,neutral,2.221555471420288,1.9209705591201782,-0.3927595615386963
1403906516554379270,neutral,1.4570426940917969,-0.31436672806739807,1.1825628280639648
1403906518412521472,positive,0.8886141180992126,2.050321578979492,0.13054491579532623
1403906519557677056,neutral,1.2173993587493896,0.18364927172660828,1.2046613693237305
1403906520262352905,neutral,1.7914716005325317,0.3034902513027191,1.0121766328811646
1403906522376200193,negative,1.5826725959777832,-0.8553725481033325,1.8643478155136108
1403906523479232519,neutral,1.3876208066940308,0.42002376914024353,0.4449510872364044
1403906525245095937,negative,0.7193232178688049,-0.28380087018013,1.9228572845458984
1403906525396045824,positive,1.6851983070373535,3.039599895477295,-0.5585664510726929
1403906526872444928,neutral,1.4153245687484741,-0.22716602683067322,0.7482749819755554
1403906526939602944,negative,0.684627115726471,-0.735209584236145,2.0188498497009277
1403906527610556426,negative,1.2803605794906616,-0.6383175253868103,1.9887971878051758
1403906528067870724,negative,1.1811085939407349,0.0727272555232048,1.6746410131454468
1403906529120694275,negative,1.3916523456573486,0.024219006299972534,1.7649662494659424
1403906529321897993,positive,1.0564756393432617,1.444417119026184,0.17174667119979858
1403906531662438413,neutral,1.6697508096694946,-0.20276033878326416,0.6359966993331909
1403906536162807808,negative,0.9009653925895691,-0.735965371131897,2.7964587211608887
1403906536615731204,negative,0.9784510731697083,0.2258281707763672,1.660050868988037
1403906537098137600,neutral,2.095695734024048,0.43256375193595886,0.14762254059314728
1403906537341390848,neutral,1.3918129205703735,0.9857058525085449,0.05967197194695473
1403906537966342145,neutral,1.2606611251831055,-0.28545674681663513,0.8793894052505493
1403906538591469571,neutral,1.7683703899383545,-0.245815247297287,1.1137531995773315
1403906539967041537,neutral,1.3931747674942017,0.04255713149905205,1.244361162185669
1403906540051046403,positive,0.24194465577602386,0.9218271970748901,0.6420594453811646
1403906540336152576,negative,0.3432222604751587,-0.2291412651538849,1.993849754333496
1403906540550037507,neutral,1.8445196151733398,0.23661667108535767,0.8432996869087219
1403906541808283653,neutral,1.8459807634353638,-0.43821725249290466,1.4585453271865845
1403906542760607747,neutral,2.428318977355957,0.36440205574035645,0.3779109716415405
1403906545264386051,neutral,2.543001890182495,1.0240802764892578,-0.16154250502586365
1403906546900287488,negative,1.3916523456573486,0.024219006299972534,1.7649662494659424
1403906547013488643,negative,1.3916523456573486,0.024219006299972534,1.7649662494659424
1403906548003442690,negative,0.667104184627533,-0.11322259157896042,1.5296001434326172
1403906548091416577,negative,1.433247685432434,-0.9732065200805664,2.2649288177490234
1403906549139996674,neutral,1.8957024812698364,0.4988015294075012,0.2651660144329071
1403906549827858432,neutral,1.6074916124343872,0.36939311027526855,-0.01674165017902851
1403906550306013189,positive,1.0652272701263428,2.244779348373413,-0.2884071469306946
1403906552176648196,neutral,1.8963992595672607,-0.5737842321395874,1.0171023607254028
1403906560124985350,negative,1.3122193813323975,-0.9411097764968872,2.1457111835479736
1403906560452034562,neutral,2.686923027038574,0.01273820549249649,0.6487725973129272
1403906561739612166,negative,0.8989612460136414,-0.19019776582717896,2.329738140106201
1403906562842783744,negative,1.535623550415039,-0.8559596538543701,2.4182088375091553
1403906563379716096,negative,1.3916523456573486,0.024219006299972534,1.7649662494659424
1403906563702624256,neutral,1.2416117191314697,0.16468289494514465,0.5670779943466187
1403906565170728961,neutral,1.8328135013580322,1.1148947477340698,-0.018679114058613777
1403906565258637317,negative,1.4070521593093872,-0.9250664710998535,1.9019064903259277
1403906565984460801,neutral,2.282501220703125,-0.7227512001991272,0.8236712217330933
1403906567477489672,negative,1.3231056928634644,-1.2230225801467896,2.717541217803955
1403906569088143360,positive,0.24194468557834625,0.9218271970748901,0.6420594453811646
1403906569230708738,neutral,2.071244239807129,1.4225047826766968,-0.2106265425682068
1403906570594000896,negative,1.065962314605713,-0.8266986012458801,2.3911218643188477
1403906572225499139,neutral,1.5339164733886719,0.3019491732120514,-0.04385343939065933
1403906575589281798,neutral,3.530146598815918,1.6300078630447388,-1.065041184425354
1403906576612839429,neutral,1.106603980064392,0.6028608679771423,0.08662498742341995
1403906577959206914,negative,1.2861900329589844,-0.6725813150405884,1.97769296169281
1403906578206662661,negative,0.8947704434394836,-0.21060410141944885,1.837630033493042
1403906578659561475,neutral,1.4408466815948486,1.2163282632827759,-0.047518789768218994
1403906578911318023,negative,0.2551058828830719,0.0032596439123153687,2.1761891841888428
1403906579154444288,neutral,1.671087384223938,-0.025786548852920532,1.1486274003982544
1403906579859132416,negative,1.0940585136413574,-0.15891742706298828,1.3815035820007324
1403906580001673216,negative,1.7057161331176758,-1.1531100273132324,2.7151899337768555
1403906580341395457,negative,1.3549647331237793,-0.8255888223648071,1.9135549068450928
1403906581025021952,neutral,3.530146598815918,1.6300079822540283,-1.065041184425354
1403906581453062147,positive,1.2564462423324585,3.0873401165008545,-0.3797929883003235
1403906582036062212,negative,0.9696668386459351,-0.6724604368209839,1.9635683298110962
1403906582811971591,neutral,2.285130262374878,-0.2950381934642792,0.7437025308609009
1403906584980324353,neutral,3.530146598815918,1.6300078630447388,-1.065041184425354
1403906585693405189,neutral,1.8891879320144653,0.5245234966278076,0.5609523057937622
1403906588096663557,neutral,1.7986801862716675,-0.43457040190696716,1.6959112882614136
1403906588222558209,negative,0.8908126354217529,-1.3653260469436646,3.9200477600097656
1403906588382044164,negative,0.8947704434394836,-0.21060410141944885,1.837630033493042
1403906589917122561,negative,0.6923049688339233,-1.0325678586959839,3.1520938873291016
1403906590122516481,negative,1.3231056928634644,-1.2230225801467896,2.717541217803955
1403906591422926848,neutral,3.3628251552581787,1.3894904851913452,-1.094089388847351
1403906592064507905,negative,1.9760442972183228,-1.1435997486114502,2.0983784198760986
1403906593188577282,negative,0.45193979144096375,-0.7782471179962158,2.314157247543335
1403906593654132740,negative,1.0012050867080688,-0.7474527955055237,2.1851418018341064
1403906595113820165,neutral,1.1299848556518555,0.21275298297405243,0.816991925239563
1403906595340406784,neutral,1.5537192821502686,0.3711526393890381,0.5080618262290955
1403906601593892869,negative,0.838534951210022,-0.9445033669471741,3.1808152198791504
1403906601631711238,positive,0.5512036085128784,1.7641775608062744,0.3860350549221039
1403906602357374977,neutral,1.3832379579544067,0.22659984230995178,0.9415119290351868
1403906603376541696,neutral,1.7677057981491089,0.14757031202316284,0.8977246880531311
1403906604337176576,neutral,1.3648942708969116,-0.26864954829216003,0.8274451494216919
1403906604353736704,negative,1.1656157970428467,0.007508695125579834,1.5505036115646362
1403906604915888130,neutral,1.5559515953063965,0.9688063859939575,0.1871529072523117
1403906606165864449,negative,1.1106460094451904,-0.8274047374725342,2.317096710205078
1403906607809974274,negative,0.6433058977127075,0.5833478569984436,0.9116357564926147
1403906608006979592,neutral,1.0766581296920776,-0.06437049061059952,0.8254948854446411
1403906608686538754,negative,0.8947704434394836,-0.21060410141944885,1.837630033493042
1403906609529511937,negative,1.3117804527282715,-1.3488850593566895,3.847764015197754
1403906612776116225,neutral,1.369110107421875,1.1148016452789307,0.35051512718200684
1403906613459755012,negative,1.350353479385376,-0.8688541054725647,2.296276330947876
1403906614877298688,neutral,2.168107509613037,1.9193609952926636,-0.41981595754623413
1403906615238180864,neutral,2.1651766300201416,0.16852876543998718,0.33285632729530334
1403906615485468672,negative,1.3323875665664673,-0.29261744022369385,1.5215338468551636
1403906615900880900,negative,0.7236858010292053,-0.8149741291999817,3.1296699047088623
1403906617008037894,negative,0.933975100517273,-0.7586674690246582,2.7443084716796875
1403906617503006727,negative,1.5908018350601196,-0.38131383061408997,1.6988087892532349
1403906622624260096,negative,0.7023702263832092,-0.7049406170845032,3.123368978500366
1403906623563702277,neutral,1.6245570182800293,0.7217555642127991,0.4965929090976715
1403906624184459267,neutral,0.9183769822120667,0.8335270881652832,0.7963861227035522
1403906626931761186,negative,1.2183064222335815,-0.48105713725090027,1.934949517250061
1403906627116449797,neutral,2.306674003601074,-0.3815867304801941,0.8096887469291687
1403906627728781318,neutral,3.288548707962036,0.14742419123649597,0.10716388374567032
1403906629657980930,neutral,2.222855806350708,0.24970650672912598,0.2266465425491333
1403906630912069634,negative,1.6634571552276611,-1.023432970046997,2.368533134460449
1403906633600835585,negative,0.8947704434394836,-0.21060410141944885,1.837630033493042
1403906634062217227,negative,1.0867263078689575,-0.3394848704338074,2.0128977298736572
1403906634561343492,neutral,2.47216534614563,1.0274388790130615,-0.5057953596115112
1403906634586464257,negative,1.917733073234558,-1.275268793106079,2.813920259475708
1403906635748188161,neutral,1.0894877910614014,0.1760985404253006,0.7672120332717896
1403906636331241474,neutral,1.7323949337005615,0.191629558801651,1.1365575790405273
1403906637820088320,negative,1.0012050867080688,-0.7474527955055237,2.1851418018341064
1403906637836980224,neutral,1.9902465343475342,0.40708622336387634,0.5141583681106567
1403906637941837827,negative,1.3237451314926147,-1.3075743913650513,3.1214451789855957
1403906639799930887,neutral,0.6958552598953247,0.4830177128314972,0.05977465957403183
1403906640886132737,neutral,1.9462802410125732,0.016488127410411835,0.6017143726348877
1403906641792180228,positive,1.6851983070373535,3.039599895477295,-0.5585664510726929
1403906643616702464,negative,1.2937167882919312,-0.10524379462003708,1.3721431493759155
1403906644447223813,negative,1.1811085939407349,0.0727272555232048,1.6746410131454468
1403906644698800129,neutral,1.8676331043243408,1.2106311321258545,-0.08106668293476105
1403906644908515331,neutral,1.1892932653427124,0.9134833812713623,0.8817527890205383
1403906644950519816,neutral,1.5401986837387085,-0.7461442351341248,1.4573343992233276
1403906646041006080,negative,1.6634571552276611,-1.023432970046997,2.368533134460449
1403906646200356865,negative,1.5020842552185059,-0.9419754147529602,2.0128707885742188
1403906650252234753,neutral,1.7790539264678955,-0.15367847681045532,0.7501311898231506
1403906651631939585,negative,1.1912890672683716,-0.9929558634757996,2.884690523147583
1403906652227710977,negative,1.3886184692382812,-0.16186711192131042,1.5295941829681396
1403906652265324548,negative,1.1811085939407349,0.0727272555232048,1.6746410131454468
1403906652462628866,negative,1.3916523456573486,0.024219006299972534,1.7649662494659424
1403906653142016001,negative,1.5003093481063843,-1.08436918258667,2.319007396697998
1403906653448130566,positive,1.103433609008789,1.5900418758392334,0.23690660297870636
1403906653695610881,negative,1.3231056928634644,-1.2230225801467896,2.717540979385376
1403906653888598021,negative,1.849378228187561,-0.4734381139278412,1.8937636613845825
1403906653913706499,negative,2.04335355758667,-0.8899518251419067,2.2606306076049805
1403906653947367425,neutral,1.5559515953063965,0.9688063859939575,0.1871529072523117
1403906654064705536,neutral,1.6478488445281982,-0.24993020296096802,1.6384494304656982
1403906654400286721,neutral,2.6754705905914307,1.1542541980743408,-0.2315426915884018
1403906655197143042,positive,1.876848816871643,3.6203343868255615,-0.9328544735908508
1403906655738241029,neutral,3.530146598815918,1.6300078630447388,-1.065041184425354
1403906655792754688,neutral,2.522991895675659,0.28846728801727295,0.27617818117141724
1403906655926947840,neutral,1.920257806777954,-0.27524012327194214,1.333644151687622
1403906655947923460,negative,1.8293386697769165,-1.00862455368042,1.8655365705490112
1403906655952072706,negative,1.3661925792694092,-0.5962480306625366,1.8382235765457153
1403906656224808960,neutral,1.8867384195327759,-0.5776154398918152,0.8244273662567139
1403906656329732098,neutral,1.6550211906433105,0.15934890508651733,0.9476357698440552
1403906656388456448,negative,1.1398323774337769,-0.8165671825408936,2.5761420726776123
1403906661685727233,negative,0.8947704434394836,-0.21060410141944885,1.837630033493042
1403906662289707014,neutral,2.4293746948242188,0.5440946221351624,-0.02139168791472912
1403906662755454979,negative,1.3916523456573486,0.024219006299972534,1.7649662494659424
1403906662797348864,neutral,1.5559515953063965,0.9688063859939575,0.1871529072523117
1403906663795539970,neutral,2.592388153076172,2.110107183456421,-0.606621503829956
1403906664328155136,negative,1.5908018350601196,-0.38131383061408997,1.6988087892532349
1403906665582411778,neutral,1.5844203233718872,0.7523866891860962,0.5818822383880615
1403906665942900743,negative,1.7818498611450195,-0.8212742209434509,1.791160225868225
1403906666186174473,negative,0.8701881766319275,0.26585853099823,1.2198454141616821
1403906669621415936,neutral,3.594813346862793,1.3135745525360107,-0.7331047058105469
1403906669675880450,neutral,1.8198760747909546,0.8568341135978699,0.4308655858039856
1403906670342950912,neutral,1.2750136852264404,1.0306980609893799,0.6518651843070984
1403906671412494336,neutral,1.3648943901062012,-0.26864954829216003,0.8274451494216919
1403906671940866052,neutral,1.6087381839752197,1.314376950263977,0.018019558861851692
1403906672238620676,negative,1.272011637687683,-1.3896079063415527,3.609194755554199
1403906672695779330,neutral,1.74347984790802,-0.3741883635520935,0.9578357338905334
1403906674356854785,negative,1.5826653242111206,-1.276128888130188,3.0717217922210693
1403906674520248320,neutral,1.8955222368240356,-0.6867144703865051,1.5205382108688354
1403906674935611393,negative,1.1614328622817993,-0.2695527672767639,1.2494139671325684
1403906679066939395,neutral,1.8103821277618408,-0.25677043199539185,0.5994969010353088
1403906679649955841,neutral,1.1435245275497437,0.4665333926677704,0.6474634408950806
1403906681952686081,negative,0.8947704434394836,-0.21060410141944885,1.837630033493042
1403906682212679681,neutral,1.6875507831573486,-0.2824070155620575,1.409680724143982
1403906682237820931,neutral,1.956541657447815,1.1022292375564575,0.15070804953575134
1403906682896400389,neutral,1.6209299564361572,0.16989454627037048,1.0500755310058594
1403906683307544578,negative,1.0294724702835083,-0.4203636944293976,2.067504644393921
1403906685844869120,negative,1.0990169048309326,-0.7306036353111267,2.218822956085205
1403906686377619457,neutral,1.3648943901062012,-0.26864954829216003,0.8274451494216919
1403906687442980869,neutral,2.342576742172241,0.46750161051750183,0.3251158893108368
1403906688437014532,positive,1.954211711883545,2.770787239074707,-0.8087531924247742
1403906688596557824,neutral,2.7796359062194824,0.2369154989719391,0.030325889587402344
1403906690643279875,negative,1.235337257385254,0.22039362788200378,1.5192656517028809
1403906691461120004,neutral,2.1892807483673096,0.04152962937951088,0.8201949596405029
1403906692203438088,neutral,2.075870990753174,-0.6418469548225403,1.5519227981567383
1403906692274917377,negative,0.9672217965126038,0.7448433637619019,1.0556610822677612
1403906693034131461,negative,1.4855091571807861,-0.7413187026977539,1.859505295753479
1403906694879514627,neutral,2.141436815261841,-0.5080995559692383,1.0275301933288574
1403906695752003587,neutral,1.5559515953063965,0.9688063859939575,0.1871529072523117
1403906696192270338,neutral,1.8198760747909546,0.8568339943885803,0.4308655858039856
1403906696821448705,negative,1.0921517610549927,-0.419102281332016,1.5373320579528809
1403906698226454530,negative,1.4070521593093872,-0.9250664710998535,1.9019064903259277
1403906699224915969,neutral,3.654932737350464,1.9857516288757324,-1.2636535167694092
1403906700579639296,negative,1.0603808164596558,-0.4797941744327545,1.3497874736785889
1403906700957032448,positive,1.3347543478012085,1.6714845895767212,0.26079434156417847
1403906701137387520,neutral,2.3289599418640137,1.227951169013977,-0.24499113857746124
1403906701502435331,positive,1.448988676071167,1.6204357147216797,0.09375876933336258
1403906701737271299,neutral,1.445405125617981,-0.565482497215271,1.3894476890563965
1403906705285550084,neutral,2.1943109035491943,0.9729403257369995,-0.052994005382061005
1403906706925576194,neutral,1.8891879320144653,0.5245234966278076,0.5609523057937622
1403906707357679616,negative,0.7791236639022827,-0.03435492515563965,1.890388011932373
1403906707378511872,negative,0.6562144756317139,-0.0752670094370842,1.5576775074005127
1403906708137725953,neutral,1.8955222368240356,-0.6867144703865051,1.5205382108688354
1403906711182790656,neutral,2.226889133453369,0.15420109033584595,0.7892783880233765
1403906711992160264,neutral,2.176283121109009,-0.7185872793197632,1.5267311334609985
1403906712294264840,negative,1.3988945484161377,-0.9461323618888855,1.9692434072494507
1403906713355538433,neutral,1.524444580078125,0.33586862683296204,0.9551231265068054
1403906713510576129,negative,0.8380189538002014,-0.8991238474845886,2.2254905700683594
1403906714718674951,neutral,2.4596590995788574,1.1702162027359009,-0.1264846920967102
1403906716253646849,neutral,1.486788034439087,1.2452102899551392,0.20337338745594025
1403906717180518400,negative,1.774839997291565,-0.5806451439857483,2.501214027404785
1403906719781212161,negative,0.6412790417671204,-0.8137547969818115,2.2407689094543457
1403906720938790914,negative,0.8947704434394836,-0.21060410141944885,1.837630033493042
1403906721538396163,negative,1.3961800336837769,-0.3790481984615326,2.1352274417877197
1403906722238918656,negative,1.7030848264694214,-0.726582407951355,1.9036675691604614
1403906724231204865,negative,1.3117804527282715,-1.3488850593566895,3.847764015197754
1403906726114496512,positive,1.089038610458374,1.7881008386611938,0.3810381293296814
1403906726135418882,neutral,1.594359278678894,-0.1120261624455452,1.3583968877792358
1403906727674671104,negative,1.3145530223846436,-0.6921146512031555,1.7418465614318848
1403906727892844545,neutral,2.176283121109009,-0.7185872793197632,1.5267311334609985
1403906728207339523,negative,0.44784626364707947,-0.1499650478363037,2.612367868423462
1403906728639569930,negative,0.5590708255767822,-0.47488489747047424,2.958763360977173
1403906729977565185,neutral,1.6441446542739868,-0.5100817084312439,1.4364488124847412
1403906730652749824,neutral,2.077286720275879,2.0228757858276367,-0.5559775233268738
1403906734058582016,neutral,2.1975343227386475,1.9756735563278198,-0.08919335156679153
1403906735924924422,neutral,2.2847185134887695,0.7743095755577087,0.09120997786521912
1403906736113831938,negative,1.1173828840255737,-0.2978028953075409,1.9563740491867065
1403906738168897539,neutral,1.7994118928909302,0.584302544593811,0.9328722357749939
1403906738206687235,positive,1.0564756393432617,1.444417119026184,0.17174667119979858
1403906738621861894,negative,0.3381335139274597,-0.10822875052690506,3.0729939937591553
1403906739003486211,negative,1.420192003250122,-0.5864747166633606,1.548405647277832
1403906741625102337,negative,1.8949533700942993,-0.9711263179779053,2.0626251697540283
1403906743755759620,negative,1.126905918121338,-1.1269381046295166,3.217179775238037
1403906743873118217,negative,1.0012050867080688,-0.7474527955055237,2.1851418018341064
1403906744452067330,negative,1.1173828840255737,-0.2978028953075409,1.9563740491867065
1403906747090173955,negative,1.2014451026916504,-0.3267347812652588,1.466962218284607
1403906749053112324,neutral,2.3486695289611816,0.10976724326610565,0.3405386805534363
1403906750072373249,neutral,1.6909023523330688,-0.8452684879302979,1.4933611154556274
1403906750395285505,negative,1.0353491306304932,-1.2652440071105957,3.852947235107422
1403906750907142144,neutral,3.0300402641296387,1.7495306730270386,-0.8598858714103699
1403906751062102018,positive,1.2942241430282593,4.665983200073242,-0.782272458076477
1403906751313891335,negative,0.9556260108947754,-0.013230964541435242,1.6918429136276245
1403906751611633664,negative,0.8230651021003723,-0.6807454824447632,2.089998483657837
1403906752328998914,neutral,1.5668015480041504,-0.5870777368545532,1.3828506469726562
1403906754186858496,negative,0.6764822006225586,-0.35698387026786804,2.1297531127929688
1403906754774114304,neutral,2.398998260498047,-0.7233919501304626,1.1868816614151
1403906757752233984,neutral,1.897136926651001,-0.15716716647148132,1.0333061218261719
1403906757785620480,negative,1.3916523456573486,0.024219006299972534,1.7649662494659424
1403906759228411907,negative,1.0728765726089478,-0.7915651798248291,2.8105602264404297
1403906759333384196,negative,0.8947704434394836,-0.21060410141944885,1.837630033493042
1403906760474128390,neutral,2.3163836002349854,0.4703655540943146,0.23099160194396973
1403906762151915521,neutral,1.285188913345337,0.596337616443634,0.723225474357605
1403906762231607303,negative,0.2825736403465271,-0.6687589883804321,3.0954272747039795
1403906762797768706,positive,1.3347543478012085,1.6714845895767212,0.26079434156417847
1403906762827206657,negative,1.224915862083435,-0.9688088297843933,2.2292375564575195
1403906764848844800,negative,0.6845095157623291,-0.9856303334236145,3.0908970832824707
1403906765104762882,neutral,0.7403897643089294,0.19801267981529236,0.47091153264045715
1403906765721374720,positive,1.3034566640853882,1.414935827255249,0.2064850777387619
1403906766639882242,positive,0.6373015642166138,1.5763506889343262,0.366533100605011
1403906766866370560,neutral,2.5309994220733643,0.7896189093589783,0.13629958033561707
1403906767470444549,neutral,1.9260755777359009,-0.39457377791404724,1.0606412887573242
1403906768128724999,positive,3.0908961296081543,3.4780917167663574,-1.4149373769760132
1403906769026387974,neutral,1.5253939628601074,0.4428541362285614,0.3748527467250824
1403906769210859525,positive,2.1112704277038574,3.3505654335021973,-1.0554659366607666
1403906769420697605,negative,1.181307315826416,0.39784857630729675,1.3690812587738037
1403906770540527619,positive,0.8019900918006897,0.922641396522522,0.495880126953125
1403906771035561984,neutral,1.5543463230133057,0.3418828547000885,0.5728306770324707
1403906771878440962,negative,1.0353491306304932,-1.2652440071105957,3.852947235107422
1403906772612661255,positive,1.3347543478012085,1.6714847087860107,0.26079437136650085
1403906774583873542,negative,1.0000828504562378,-0.9506555199623108,2.990934133529663
1403906776710459392,negative,0.8947704434394836,-0.21060410141944885,1.837630033493042
1403906776974737410,positive,0.8320690989494324,3.8221099376678467,-0.8473063707351685
1403906777461100546,neutral,2.428318977355957,0.36440205574035645,0.3779109716415405
1403906778841051143,neutral,2.2062315940856934,1.378055453300476,0.8979983925819397
1403906779872862208,neutral,1.3402801752090454,-0.46655264496803284,1.2709511518478394
1403906779956715524,neutral,3.4020121097564697,-0.04637489467859268,0.23360680043697357
1403906780355194881,negative,1.3337152004241943,-1.0725457668304443,2.48653507232666
1403906780434862081,neutral,1.9555927515029907,-0.0018091127276420593,1.290804386138916
1403906783119233032,negative,0.44784626364707947,-0.1499650478363037,2.612367868423462
1403906784587309056,negative,1.3842848539352417,-0.7912506461143494,2.5302038192749023
1403906784646025221,negative,1.3916523456573486,0.024219006299972534,1.7649662494659424
1403906784897781765,negative,1.407807469367981,-0.14314845204353333,2.247457981109619
1403906786403385344,neutral,1.8955222368240356,-0.6867144703865051,1.5205382108688354
1403906789914120195,neutral,1.8445196151733398,0.23661667108535767,0.8432996869087219
1403906790350282753,neutral,1.3648943901062012,-0.26864954829216003,0.8274451494216919
1403906790526361602,negative,1.1874185800552368,-0.5362459421157837,2.262333869934082
1403906790790664196,positive,0.7644598484039307,0.9626367092132568,-0.08547452092170715
1403906791470080005,negative,1.6634571552276611,-1.023432970046997,2.368533134460449
1403906794339057667,negative,0.9884883165359497,-1.15043044090271,3.0571343898773193
1403906795811196939,negative,1.0012052059173584,-0.7474526762962341,2.1851418018341064
1403906795987406850,neutral,0.5655980110168457,0.06724970042705536,0.10611521452665329
1403906799275855878,neutral,2.5309994220733643,0.7896189093589783,0.13629956543445587
1403906799724605449,negative,1.567792534828186,-0.8703038692474365,1.8421944379806519
1403906799997235202,neutral,0.9240809082984924,0.6179538369178772,0.8056572675704956
1403906800429248514,neutral,2.073601722717285,1.6150622367858887,0.5313774943351746
1403906800844480512,negative,1.3323875665664673,-0.2926173806190491,1.5215338468551636
1403906802513760257,negative,1.3916524648666382,0.02421901375055313,1.7649664878845215
1403906802626924544,neutral,3.530146598815918,1.6300078630447388,-1.065041184425354
1403906806003425283,negative,0.8947704434394836,-0.21060410141944885,1.837630033493042
1403906808113242132,neutral,1.594359278678894,-0.11202608793973923,1.3583968877792358
1403906808704548865,neutral,1.8309266567230225,0.39100924134254456,0.36041486263275146
1403906808897486848,negative,1.1069564819335938,-0.4871637523174286,2.063549041748047
1403906809765629955,neutral,2.7692573070526123,1.7346789836883545,-0.9014630913734436
1403906810285899778,neutral,1.680234432220459,-0.3873175084590912,1.1588951349258423
1403906811359424519,neutral,1.28175687789917,0.7557564377784729,1.0260201692581177
1403906811611140096,negative,1.099217176437378,-1.0995700359344482,3.0814459323883057
1403906812278194176,positive,0.7352501153945923,1.0233243703842163,0.15527671575546265
1403906812844384263,negative,1.1833751201629639,-0.9451281428337097,2.060715675354004
1403906814089973762,negative,0.42412060499191284,-0.20273473858833313,2.1186041831970215
1403906815692357632,negative,0.8166983723640442,-0.4854356348514557,2.663821220397949
1403906816967389185,negative,0.7326249480247498,0.6849954128265381,1.0548549890518188
1403906817571262469,neutral,3.530146598815918,1.6300078630447388,-1.065041184425354
1403906817751621633,negative,1.2213279008865356,-1.2218204736709595,3.12563419342041
1403906819001511940,neutral,1.675191879272461,0.026794567704200745,1.1411980390548706
1403906820565979137,negative,0.44784626364707947,-0.14996495842933655,2.612367868423462
1403906820884910082,neutral,1.9842616319656372,-0.6380167603492737,1.5088841915130615
1403906821056700416,negative,0.48244044184684753,-0.033039242029190063,0.7973878383636475
1403906821589458960,negative,1.0627849102020264,-0.004294209182262421,1.7522209882736206
1403906822721921027,negative,1.3520493507385254,0.2365850806236267,1.4687377214431763
1403906822809993221,positive,2.0671498775482178,3.7879278659820557,-1.0349825620651245
1403906823493537795,neutral,1.637675404548645,0.45437195897102356,0.5790775418281555
1403906823850180617,negative,1.3916523456573486,0.024219006299972534,1.7649662494659424
1403906825037230084,neutral,2.002587080001831,0.6150766015052795,0.20476840436458588
1403906826215821312,positive,0.27965646982192993,3.2958927154541016,-0.25982755422592163
1403906826266103816,negative,0.8947704434394836,-0.21060410141944885,1.837630033493042
1403906826349912068,negative,1.503689169883728,-0.8730363845825195,2.097874164581299
1403906826505113604,negative,0.1564701497554779,-0.32767772674560547,1.58971107006073
1403906826928721920,negative,0.6759667992591858,-0.16642683744430542,2.3244516849517822
1403906827364880390,negative,0.3445999324321747,-0.9222103953361511,3.2920186519622803
1403906828090544130,neutral,1.365983247756958,-0.026248760521411896,1.3223856687545776
1403906828258496513,negative,1.251084566116333,-0.6692695617675781,1.728593349456787
1403906829298528257,neutral,1.5295369625091553,-0.3852045238018036,0.9648287296295166
1403906829890076673,negative,0.8947704434394836,-0.21060410141944885,1.837630033493042
1403906832054341632,neutral,1.3805243968963623,0.619023859500885,1.043759822845459
1403906835665637378,neutral,1.6550211906433105,0.15934890508651733,0.9476357698440552
1403906836907057152,neutral,1.3928853273391724,0.26085591316223145,1.3314228057861328
1403906838551171072,neutral,1.6109673976898193,0.9426055550575256,0.0276815053075552
1403906839146860544,neutral,1.0038974285125732,0.7860484719276428,0.7175871729850769
1403906839352205314,negative,1.711729645729065,-0.9016523361206055,1.86415696144104
1403906840904273921,positive,2.3314168453216553,2.4863431453704834,-0.8575662970542908
1403906841491431424,positive,0.6861302852630615,1.0631413459777832,0.6510894298553467
1403906841629843462,neutral,1.0810420513153076,0.7976791262626648,0.5013002753257751
1403906841914925056,neutral,2.123706817626953,1.743091106414795,-0.5234017968177795
1403906843701882880,neutral,2.1877706050872803,0.3576723039150238,0.3605818450450897
1403906845291343877,neutral,2.6881070137023926,0.9846223592758179,0.009202856570482254
1403906845295665154,neutral,1.1810531616210938,0.6112588047981262,-0.30765047669410706
1403906845945712642,negative,0.924087643623352,-1.1747677326202393,3.3573684692382812
1403906846046359553,negative,0.9028708934783936,-0.36625492572784424,1.8749768733978271
1403906846117695492,positive,1.9431958198547363,3.6965625286102295,-1.088581919670105
1403906846461763587,negative,0.8947704434394836,-0.21060410141944885,1.837630033493042
1403906847380148225,neutral,1.6384437084197998,1.3267924785614014,0.11581854522228241
1403906850773508097,neutral,1.3218425512313843,0.004848256707191467,0.9428017735481262
1403906850836340736,positive,1.4892219305038452,2.6688055992126465,-0.4959278106689453
1403906851251556352,negative,1.1173828840255737,-0.2978028953075409,1.9563740491867065
1403906851536781321,neutral,1.9612022638320923,1.1465108394622803,0.8582596778869629
1403906851813486593,negative,1.6273490190505981,-1.356502890586853,3.1596553325653076
1403906852274982915,negative,1.6565238237380981,-0.47013726830482483,1.659297227859497
1403906854179192833,positive,0.49950090050697327,2.5621438026428223,-0.28875818848609924
1403906854481141763,negative,1.4311847686767578,-1.404982328414917,3.3574578762054443
1403906855630430210,negative,1.5003093481063843,-1.08436918258667,2.319007396697998
1403906856234401798,neutral,2.077286720275879,2.0228757858276367,-0.5559775233268738
1403906856720998402,negative,0.8947704434394836,-0.21060410141944885,1.837630033493042
1403906857186430976,negative,1.5770857334136963,-1.1250102519989014,2.4432339668273926
1403906857790476290,neutral,1.879719614982605,0.07353797554969788,0.7502173781394958
1403906861196361732,neutral,1.516916275024414,-0.6000638008117676,1.2057750225067139
1403906861351374852,neutral,2.2251343727111816,0.8178153038024902,0.37423402070999146
1403906864316928000,negative,1.265419840812683,-1.3163350820541382,3.8514387607574463
1403906865289859074,positive,2.2023653984069824,2.346116542816162,-0.22111843526363373
1403906865709256710,neutral,2.012491464614868,-0.6899301409721375,1.4150402545928955
1403906867747774467,negative,1.0660409927368164,-0.9052770733833313,3.3393568992614746
1403906868993482753,neutral,2.2040860652923584,0.3982422649860382,0.33440616726875305
1403906870234865669,negative,0.9967146515846252,-1.373278260231018,4.285815238952637
1403906871346360326,negative,1.1430937051773071,-0.2120867371559143,1.2593573331832886
1403906871677927425,negative,1.389940857887268,-0.3396793007850647,1.6312304735183716
1403906871849721858,positive,0.36660370230674744,2.458582878112793,0.5468889474868774
1403906872722132999,negative,1.6634571552276611,-1.023432970046997,2.368533134460449
1403906874156650496,positive,1.8236932754516602,2.031595468521118,-0.35436752438545227
1403906876195098626,neutral,1.3793638944625854,0.9525611400604248,0.1876702606678009
1403906877633744898,neutral,2.8012421131134033,1.1196881532669067,0.1011144369840622
1403906879525318656,neutral,3.530146598815918,1.6300078630447388,-1.065041184425354
1403906880007778307,negative,0.3423667848110199,-0.8589655160903931,3.3932485580444336
1403906880607453190,neutral,2.1693098545074463,0.17105653882026672,1.2965402603149414
1403906881316429828,positive,2.0787670612335205,2.3625824451446533,-0.39463815093040466
1403906882297815041,negative,1.1811085939407349,0.0727272555232048,1.6746410131454468
1403906884952752128,positive,2.2023653984069824,2.346116542816162,-0.22111840546131134
1403906886374608899,neutral,1.8891879320144653,0.5245234966278076,0.5609523057937622
1403906888324968450,negative,1.3683873414993286,-0.8488675355911255,2.286067008972168
1403906891273498633,neutral,1.5676323175430298,-0.5248143076896667,1.3224166631698608
1403906891592441856,neutral,1.6944183111190796,0.44072437286376953,0.6531435251235962
1403906892511035392,negative,1.5048182010650635,-0.7736849188804626,1.6393139362335205
1403906893375025152,neutral,2.244769811630249,-0.5011020302772522,1.369676113128662
1403906895291719681,negative,1.3015350103378296,-0.856967031955719,2.1863327026367188
1403906895346388997,negative,1.3916523456573486,0.024219006299972534,1.7649662494659424
1403906895811776512,positive,0.3336542546749115,3.0530457496643066,-0.31541556119918823
1403906896147451905,negative,0.8947704434394836,-0.21060410141944885,1.837630033493042
1403906896382382088,negative,1.445829153060913,-0.7125237584114075,1.4818373918533325
1403906896868909056,negative,0.8947704434394836,-0.21060410141944885,1.837630033493042
1403906900605952005,negative,0.8968749642372131,-0.7501087784767151,2.4619126319885254
1403906900773818370,positive,0.4596632719039917,2.236945390701294,0.8339679837226868
1403906900970803202,negative,0.5947427749633789,-1.1927629709243774,3.839217185974121
1403906901117702145,positive,3.203963041305542,3.271062135696411,-1.2108254432678223
1403906902845710336,neutral,1.1378804445266724,0.6127021312713623,1.0009615421295166
1403906906238951425,neutral,2.157869815826416,1.4381492137908936,-0.10859251767396927
1403906908117942273,negative,0.8251940011978149,0.19228385388851166,1.525418758392334
1403906909791342593,negative,1.1480720043182373,0.03399656340479851,1.360483169555664
1403906912329076739,negative,1.3916523456573486,0.024219006299972534,1.7649662494659424
1403906912509304834,neutral,0.853369414806366,-0.12927547097206116,0.10727954655885696
1403906915328004096,negative,1.3079395294189453,0.3277371823787689,1.363407850265503
1403906917156720645,positive,1.0564756393432617,1.444417119026184,0.17174667119979858
1403906918561820675,neutral,1.7914716005325317,0.3034902513027191,1.0121766328811646
1403906919052431361,negative,1.0012050867080688,-0.7474527955055237,2.1851418018341064
1403906919840894977,neutral,2.304572820663452,0.3966132402420044,0.16285856068134308
1403906920738664451,neutral,2.4897191524505615,1.0847041606903076,-0.20135296881198883
1403906921661288451,negative,0.8947704434394836,-0.21060410141944885,1.837630033493042
1403906922252750852,negative,0.5452496409416199,-0.9560417532920837,2.9030604362487793
1403906924345704449,negative,1.259231686592102,-0.602996826171875,1.8719687461853027
1403906924794421253,neutral,1.4224352836608887,0.4647752344608307,0.6609458327293396
1403906926199525380,neutral,1.675191879272461,0.026794567704200745,1.1411980390548706
1403906926803447808,negative,1.1841310262680054,-0.585294246673584,1.9797344207763672
1403906928250523658,neutral,1.3028477430343628,0.03300529718399048,1.0894513130187988
1403906931526352904,neutral,1.6324712038040161,-0.3047653138637543,1.5853686332702637
1403906932386185217,negative,0.9065197110176086,0.4278707802295685,1.309360384941101
1403906932428066817,neutral,2.686923027038574,0.01273820549249649,0.6487725973129272
1403906933631819779,positive,1.0588641166687012,1.2791876792907715,0.33850371837615967
1403906934218973187,negative,0.8947704434394836,-0.21060410141944885,1.837630033493042
1403906936744013825,neutral,1.7064104080200195,1.2302345037460327,0.09139461815357208
1403906937339580423,neutral,3.530146598815918,1.6300078630447388,-1.065041184425354
1403906938258149377,neutral,1.7747641801834106,0.46827566623687744,0.6924096345901489
1403906938585313282,neutral,2.046359062194824,0.37876132130622864,0.45632046461105347
1403906938631491590,neutral,2.470909833908081,-0.668045163154602,0.7441389560699463
1403906938740654080,neutral,1.6851609945297241,0.2649228870868683,1.260259747505188
1403906939487150082,negative,1.5568151473999023,-0.8931783437728882,2.1276373863220215
1403906939856228353,neutral,1.8234992027282715,0.3675670623779297,0.6951518654823303
1403906940233785345,neutral,1.528645396232605,0.7981775999069214,-0.18073508143424988
1403906940271431685,neutral,1.1880302429199219,0.08963564783334732,1.102402925491333
1403906941517058048,neutral,1.8891878128051758,0.5245234370231628,0.5609524846076965
1403906942209347584,positive,0.6493604779243469,1.7928025722503662,0.06419087946414948
1403906943736061952,neutral,2.077286720275879,2.0228757858276367,-0.5559775233268738
1403906944004288517,neutral,2.3426356315612793,1.0540896654129028,-0.14171403646469116
1403906944369311746,negative,0.621364414691925,-1.1943440437316895,3.7314670085906982
1403906944524447749,neutral,3.0300402641296387,1.7495306730270386,-0.8598858714103699
1403906945015332864,neutral,1.7323949337005615,0.191629558801651,1.1365575790405273
1403906946596585475,neutral,1.3350257873535156,0.751451313495636,1.033612847328186
1403906946843906048,neutral,1.9985716342926025,-0.7891642451286316,1.8167610168457031
1403906948018311175,neutral,1.486788034439087,1.2452102899551392,0.20337338745594025
1403906948622286850,negative,1.0028232336044312,-0.277457594871521,2.044782876968384
1403906949784031236,negative,0.8527659177780151,-0.5080768465995789,1.6001625061035156
1403906951138795521,positive,1.6520956754684448,2.1984176635742188,-0.6652572154998779
1403906952158121984,neutral,2.549631118774414,0.516819417476654,0.10533685237169266
1403906953483415552,negative,1.441767692565918,-0.9264218211174011,2.277371406555176
1403906954066595840,negative,1.2145129442214966,-0.8037517070770264,2.3396356105804443
1403906954410528768,negative,0.8176703453063965,-0.8187177777290344,2.51952862739563
1403906955320647683,positive,1.4029465913772583,1.4121829271316528,0.2422294169664383
1403906955387670532,negative,1.0939662456512451,-0.20578140020370483,1.7210866212844849
1403906958021873664,neutral,1.6494094133377075,0.4408632516860962,0.2407979518175125
1403906959720415237,negative,1.0012050867080688,-0.7474527955055237,2.1851418018341064
1403906961498808323,negative,0.7706003785133362,0.20151391625404358,1.0653783082962036
1403906962715295745,negative,0.7209383249282837,-1.196362018585205,3.4229624271392822
1403906963952463875,neutral,2.071244239807129,1.4225047826766968,-0.2106265425682068
1403906966964084740,neutral,2.034193515777588,0.22916150093078613,0.5239163041114807
1403906969103077376,negative,1.1974538564682007,0.10939779132604599,2.137847423553467
1403906969295933443,neutral,1.365983247756958,-0.026248760521411896,1.3223856687545776
1403906969556205570,neutral,2.306673765182495,-0.3815867304801941,0.8096887469291687
1403906969820303361,negative,0.8252857327461243,-0.7001830339431763,1.9722237586975098
1403906972378873857,negative,1.306414008140564,-0.6000111699104309,1.702760934829712
1403906972466905094,positive,1.685198426246643,3.039599895477295,-0.5585664510726929
1403906972584333313,neutral,1.6477818489074707,0.2421521544456482,0.5635859966278076
1403906974404825091,negative,1.468860387802124,-0.7302379608154297,2.3234448432922363
1403906977361588234,negative,1.4070521593093872,-0.9250664710998535,1.9019064903259277
1403906978242572288,neutral,2.543001890182495,1.0240801572799683,-0.16154247522354126
1403906978783514627,neutral,1.9815703630447388,0.632115364074707,0.1684393286705017
1403906978921914372,neutral,1.2569876909255981,0.15255814790725708,0.9621940851211548
1403906979056205824,neutral,1.0542633533477783,0.9968132972717285,0.7108240723609924
1403906980935200770,negative,1.1925774812698364,-0.8304470777511597,2.3460044860839844
1403906983154044934,neutral,1.1891783475875854,-0.2635117471218109,0.7630718946456909
1403906983699222530,neutral,1.8236784934997559,-0.681917667388916,1.564833402633667
1403906985783742467,neutral,2.075870990753174,-0.6418469548225403,1.5519227981567383
1403906985863512075,neutral,1.8108152151107788,0.22980037331581116,0.8212063312530518
1403906986555568136,negative,1.239471673965454,-0.8841824531555176,3.231548547744751
1403906987260321792,negative,1.4818295240402222,-0.5693681240081787,2.0805275440216064
1403906987511984129,negative,1.2246001958847046,-0.3624783158302307,1.2969332933425903
1403906988694667267,positive,1.4892219305038452,2.6688055992126465,-0.4959278106689453
1403906988828942340,positive,0.37300461530685425,2.0333571434020996,-0.043182387948036194
1403906988959059968,negative,1.3885812759399414,-0.4787167012691498,2.2375574111938477
1403906990838063109,neutral,1.4962544441223145,0.11732083559036255,0.5050767064094543
1403906991605510147,positive,2.1112704277038574,3.3505654335021973,-1.0554659366607666
1403906992524070912,negative,0.8138328194618225,-0.5235153436660767,3.0292956829071045
1403906996080840708,negative,0.9624784588813782,-0.9241072535514832,2.6660308837890625
1403906996722622469,negative,1.3916523456573486,0.024219006299972534,1.7649662494659424
1403906996991037443,negative,1.2376224994659424,-1.1269323825836182,2.433189868927002
1403906997821448192,neutral,2.008270263671875,0.2935032844543457,0.6006941199302673
1403906998282883073,negative,1.1833752393722534,-0.9451281428337097,2.060715675354004
1403906999662809089,negative,0.8947703838348389,-0.21060416102409363,1.837630033493042
1403907001650982917,neutral,1.165126085281372,-0.37902501225471497,0.7491270899772644
1403907001822834689,negative,1.3838862180709839,-0.4837966859340668,1.8671432733535767
1403907005098512387,neutral,1.6204566955566406,0.8248215317726135,0.5395190715789795
1403907005555822596,neutral,1.8541972637176514,-0.3585105240345001,1.2642292976379395
1403907005757071360,negative,1.391652226448059,0.024219021201133728,1.764966368675232
1403907007648776192,negative,0.9854575395584106,-1.1281801462173462,3.103701114654541
1403907007858368515,negative,0.831835150718689,-1.1577602624893188,3.035208225250244
1403907008760147970,negative,1.0353491306304932,-1.2652440071105957,3.8529467582702637
1403907012468019206,negative,1.391652226448059,0.024219021201133728,1.764966368675232
1403907014074449924,negative,2.111268997192383,-1.083885908126831,2.2172744274139404
1403907015580164100,negative,1.272011637687683,-1.3896079063415527,3.609194755554199
1403907015613767681,neutral,2.50645112991333,1.4469834566116333,-0.5270969271659851
1403907016502833152,negative,0.794063925743103,0.7201140522956848,1.01429283618927
1403907016553234436,positive,1.2863759994506836,2.925961494445801,-0.2504628300666809
1403907016750354432,neutral,1.3886268138885498,0.5243670344352722,0.6173573136329651
1403907018218479617,negative,2.111268997192383,-1.083885908126831,2.2172744274139404
1403907018230882306,negative,1.397279143333435,-1.0940473079681396,2.6723082065582275
1403907018302267393,negative,1.2437446117401123,-0.9459221959114075,2.3908088207244873
1403907020583968773,neutral,2.686922788619995,0.012738160789012909,0.6487727761268616
1403907021104205827,neutral,1.979089379310608,-0.6693852543830872,1.2017886638641357
1403907021770997762,negative,0.49792972207069397,-1.0169732570648193,3.2638585567474365
1403907023809417216,negative,0.8947702646255493,-0.21060416102409363,1.837630033493042
1403907024572780546,negative,0.44328024983406067,-0.04875687509775162,2.518531322479248
1403907025055059968,neutral,1.2738304138183594,0.7454001903533936,0.7119917273521423
1403907025382297606,negative,0.8947702646255493,-0.21060413122177124,1.8376301527023315
1403907026976079880,negative,0.8942181468009949,-1.32571542263031,3.7537317276000977
1403907028859461634,neutral,1.2038060426712036,0.015975214540958405,0.5371224284172058
1403907029849235457,negative,2.111268997192383,-1.083885908126831,2.2172744274139404
1403907030092378118,neutral,1.4732900857925415,0.1906258761882782,1.2234245538711548
1403907030390394885,neutral,1.8353439569473267,1.7649073600769043,0.07012558728456497
1403907031229026304,negative,1.2427988052368164,0.04847632348537445,1.461153507232666
1403907032214687746,neutral,2.012491226196289,-0.6899301409721375,1.415040135383606
1403907034135867392,negative,1.391652226448059,0.024219021201133728,1.764966368675232
1403907034358091779,negative,0.7963860630989075,-1.0709012746810913,3.1275453567504883
1403907035805093900,neutral,1.3809362649917603,-0.24313557147979736,0.8064520359039307
1403907038711738371,negative,1.1767197847366333,-0.9948058724403381,2.396723508834839
1403907039827464193,negative,0.8947702646255493,-0.21060419082641602,1.8376301527023315
1403907043011014661,negative,0.8947703838348389,-0.21060416102409363,1.837630033493042
1403907044189433861,negative,1.2213279008865356,-1.2218204736709595,3.125633716583252
1403907046068559875,neutral,2.0420382022857666,0.7579549551010132,0.55672687292099
1403907048740294661,negative,1.118967056274414,-0.6588056683540344,2.3530848026275635
1403907048748748803,neutral,1.0415600538253784,0.39653512835502625,0.5874145030975342
1403907048878788613,neutral,1.0615668296813965,0.6903038620948792,0.7265913486480713
1403907048916635648,positive,0.24194462597370148,0.9218271970748901,0.6420595049858093
1403907049839235073,negative,0.6452463865280151,0.9571055769920349,1.1205309629440308
1403907051823063040,neutral,2.1059834957122803,-0.8393848538398743,1.3616998195648193
1403907053479989249,neutral,2.306673765182495,-0.38158661127090454,0.8096886277198792
1403907053534523393,neutral,2.2308969497680664,-0.5213263034820557,0.5244013071060181
1403907055115812868,negative,1.2623422145843506,-1.2370593547821045,2.9731826782226562
1403907057367982080,negative,1.251084566116333,-0.6692696213722229,1.7285934686660767
1403907057376444417,neutral,1.4341906309127808,0.5142650008201599,0.9735581278800964
1403907058152493062,negative,1.315800428390503,-1.0020769834518433,2.7757506370544434
1403907061516169221,negative,1.1974537372589111,0.10939779132604599,2.137847661972046
1403907062006833160,negative,1.5007132291793823,-0.9113867878913879,2.6892902851104736
1403907062552203268,negative,0.8947703242301941,-0.21060419082641602,1.8376301527023315
1403907063516831747,neutral,1.391812801361084,0.9857057929039001,0.05967198312282562
1403907063890186250,negative,1.2623422145843506,-1.2370593547821045,2.9731826782226562
1403907064124956673,negative,0.6562144756317139,-0.07526697963476181,1.5576775074005127
1403907065999941633,neutral,2.686922788619995,0.012738160789012909,0.6487727761268616
1403907066998276100,neutral,1.8891880512237549,0.5245234370231628,0.5609524250030518
1403907067497250817,negative,1.3310917615890503,-0.17828083038330078,1.3980369567871094
1403907068440940546,positive,1.866205096244812,2.015514612197876,0.05003516376018524
1403907070366081029,neutral,1.8891879320144653,0.5245234370231628,0.5609524250030518
1403907072224382982,neutral,1.5824434757232666,0.20389558374881744,0.5083480477333069
1403907073532956681,negative,1.307334542274475,-0.35271212458610535,1.7322828769683838
1403907074392825858,negative,0.3432222604751587,-0.2291412055492401,1.9938498735427856
1403907075617574914,negative,1.3111854791641235,-0.6146934628486633,1.4559777975082397
1403907075751641091,negative,1.0012052059173584,-0.7474526762962341,2.1851418018341064
1403907077731348483,neutral,1.90370774269104,0.8353392481803894,0.20662438869476318
1403907078524002305,negative,0.9930721521377563,-0.7547318935394287,1.8698623180389404
1403907081955069959,neutral,0.8991388082504272,0.8085598945617676,0.26520559191703796
1403907086816137217,negative,1.6585686206817627,0.23976954817771912,1.9168853759765625
1403907087189495808,negative,1.4831444025039673,-0.5778328776359558,2.2629663944244385
1403907087394951168,negative,1.1283297538757324,-0.8084520101547241,2.2982230186462402
1403907087642492928,neutral,1.5698541402816772,0.9281110167503357,0.052552517503499985
1403907087743307776,negative,1.4520832300186157,-0.9253005385398865,1.8771528005599976
1403907088452096000,neutral,2.30055832862854,1.6505284309387207,-0.5756452679634094
1403907089097891842,neutral,1.8482356071472168,0.40543630719184875,0.5697736740112305
1403907089290825733,neutral,2.2171928882598877,0.0308351069688797,0.7684295177459717
1403907090607968257,negative,1.8338027000427246,-1.0253121852874756,2.0167016983032227
1403907090704441348,neutral,2.0205109119415283,-0.060486890375614166,0.9711730480194092
1403907092843532290,positive,0.3207955062389374,0.6171036958694458,0.19308389723300934
1403907092944244737,negative,1.6660271883010864,-0.5896930694580078,1.838155746459961
1403907093707603968,positive,0.4568847715854645,2.4870643615722656,-0.029959863051772118
1403907093841825797,positive,0.24194462597370148,0.9218271970748901,0.6420595049858093
1403907095703916544,negative,1.498518943786621,-1.4396535158157349,3.3000259399414062
1403907099701104640,negative,1.3403728008270264,-0.17752894759178162,1.5026404857635498
1403907100393226245,positive,0.24194462597370148,0.9218271970748901,0.6420595049858093
1403907102104449027,neutral,1.365983247756958,-0.026248790323734283,1.3223859071731567
1403907102205169669,positive,0.9943588972091675,1.5932488441467285,1.0186071395874023
1403907102876258307,negative,0.8947703838348389,-0.21060416102409363,1.837630033493042
1403907103002071040,negative,1.0627849102020264,-0.004294171929359436,1.7522209882736206
1403907104599994373,neutral,2.062509775161743,-0.9642226696014404,1.7582310438156128
1403907104893661185,neutral,1.5980998277664185,-0.16287130117416382,0.7609492540359497
1403907105967411202,negative,0.8216760754585266,-0.48507919907569885,1.9308443069458008
1403907106399567878,neutral,1.8445197343826294,0.2366166114807129,0.8432996869087219
1403907106441334791,negative,1.1244583129882812,-0.3402324318885803,1.2262752056121826
1403907107737460738,neutral,1.3648943901062012,-0.26864954829216003,0.8274450898170471
1403907107955507206,negative,1.0570429563522339,-1.0576074123382568,3.07317852973938
1403907108894957568,negative,1.2213279008865356,-1.2218204736709595,3.125633716583252
1403907111386554373,negative,1.6432441473007202,-0.8772105574607849,2.6316208839416504
1403907112242016257,neutral,1.8744007349014282,-0.02935725450515747,1.35662841796875
1403907112418177029,neutral,1.555951476097107,0.9688064455986023,0.18715286254882812
1403907115794661380,negative,1.4070522785186768,-0.9250665307044983,1.9019064903259277
1403907116688199681,negative,1.650043249130249,-0.9479246139526367,2.067081928253174
1403907119519260672,negative,1.0012052059173584,-0.7474526762962341,2.1851418018341064
1403907119594676231,neutral,1.7362669706344604,-0.32738903164863586,1.3231855630874634
1403907119657541640,negative,1.7788605690002441,-1.052414894104004,2.1756503582000732
1403907119665991681,negative,1.1989589929580688,-1.1750202178955078,3.0270347595214844
1403907120001478659,neutral,1.2934616804122925,1.1218936443328857,-0.12502799928188324
1403907120588677122,negative,0.9009653925895691,-0.735965371131897,2.7964584827423096
1403907120886595588,negative,0.8947703838348389,-0.21060416102409363,1.837630033493042
1403907121050120195,positive,0.24194462597370148,0.9218271970748901,0.6420595049858093
1403907121087926273,neutral,1.7728899717330933,-0.48934176564216614,1.5755771398544312
1403907123336069123,positive,0.24194462597370148,0.9218271970748901,0.6420595049858093
1403907123361185798,neutral,1.3655421733856201,-0.4406469166278839,0.8131161332130432
1403907123625566210,negative,1.2069017887115479,-0.5529958009719849,1.3496253490447998
1403907124564873218,neutral,3.530146837234497,1.6300079822540283,-1.0650413036346436
1403907125110247426,negative,1.0274826288223267,-0.963310182094574,2.3222920894622803
1403907125311541260,positive,2.360013723373413,3.277137517929077,-0.9417600631713867
1403907126704046080,neutral,3.530146598815918,1.6300079822540283,-1.0650413036346436
1403907128776032261,neutral,1.5668015480041504,-0.5870777368545532,1.3828506469726562
1403907129438736386,neutral,1.7195998430252075,0.2932654619216919,0.37199848890304565
1403907129715560451,neutral,1.1133310794830322,-0.16962751746177673,0.9913202524185181
1403907132118863872,neutral,2.9175734519958496,1.0086373090744019,-0.2020188421010971
1403907132924194819,neutral,3.530146598815918,1.6300079822540283,-1.0650413036346436
1403907135675666435,neutral,2.686922788619995,0.012738160789012909,0.6487727761268616
1403907135822569476,negative,1.1949243545532227,-0.9631043076515198,2.665071725845337
1403907137839980546,neutral,2.2573578357696533,0.5543057918548584,0.3704254925251007
1403907139035230210,negative,0.981237530708313,-1.0986824035644531,2.829792022705078
1403907139253542912,neutral,2.010223627090454,0.31005552411079407,0.8314117193222046
1403907140163497988,neutral,2.456815481185913,1.3582788705825806,-0.7531219720840454
1403907141925150725,neutral,1.7650130987167358,-0.7029990553855896,1.4997855424880981
1403907143040835587,neutral,2.170074701309204,0.16211414337158203,0.9091840386390686
1403907143577702407,negative,0.981237530708313,-1.0986824035644531,2.829791784286499
1403907144114659336,negative,1.391652226448059,0.024219021201133728,1.764966368675232
1403907144211001355,neutral,0.8019270896911621,0.1310456395149231,-0.09264972805976868
1403907145620365319,negative,0.8120529055595398,0.29500812292099,2.2850844860076904
1403907146308333569,neutral,1.2367724180221558,1.1938159465789795,0.3746940791606903
1403907148032135171,neutral,1.7367898225784302,-0.34137609601020813,1.528131365776062
1403907148560621570,neutral,2.306673765182495,-0.38158661127090454,0.8096886277198792
1403907149965651968,negative,1.0768204927444458,-1.0315382480621338,2.652010917663574
1403907151068766213,neutral,1.2505486011505127,0.4708732068538666,0.7849740982055664
1403907152603844611,neutral,1.1569857597351074,0.11285369098186493,0.5801135897636414
1403907152830353408,neutral,1.7650130987167358,-0.7029990553855896,1.4997855424880981
1403907154046701568,negative,1.6634571552276611,-1.0234330892562866,2.36853289604187
1403907156433321986,negative,0.2551059126853943,0.0032595768570899963,2.1761891841888428
1403907156550709248,neutral,2.491611957550049,0.7472039461135864,0.04327121004462242
1403907157016285189,negative,1.4417675733566284,-0.9264219403266907,2.277371406555176
1403907157901201418,neutral,1.3787890672683716,-0.04372834414243698,1.03594970703125
1403907157939036161,neutral,1.4776678085327148,0.0013075098395347595,1.076210856437683
1403907158194802691,neutral,1.6723721027374268,0.4508253037929535,0.039381563663482666
1403907158283112453,neutral,1.7367898225784302,-0.34137609601020813,1.528131365776062
1403907159700643842,neutral,2.368528366088867,-0.3189209997653961,0.9370459318161011
1403907161416101888,neutral,1.725492000579834,1.03733491897583,-0.006083173677325249
1403907162036973569,neutral,1.1891783475875854,-0.2635117471218109,0.7630718350410461
1403907165207756807,neutral,2.439624071121216,2.423003673553467,-0.518245279788971
1403907165941768195,neutral,1.5676323175430298,-0.5248143076896667,1.32241690158844
1403907168299106306,positive,1.4892218112945557,2.6688058376312256,-0.49592769145965576
1403907169611829248,negative,2.0254080295562744,-1.163713812828064,2.379531145095825
1403907169636864004,neutral,1.3886268138885498,0.5243670344352722,0.6173573136329651
1403907170194792454,neutral,1.6706141233444214,-0.22735145688056946,1.2911900281906128
1403907171633356809,neutral,1.6751916408538818,0.02679453417658806,1.141197919845581
1403907172493365250,neutral,1.2969287633895874,0.37634214758872986,0.6075456738471985
1403907173093154817,negative,1.0984710454940796,-0.6987592577934265,1.6709327697753906
1403907174376644608,negative,1.3098459243774414,-1.1471675634384155,3.1955857276916504
1403907175294980098,positive,1.2264784574508667,1.473998785018921,0.20722495019435883
1403907175341199360,neutral,1.1579235792160034,0.8409087657928467,0.43611887097358704
1403907175999852545,negative,1.0975028276443481,-0.9892129898071289,2.3431456089019775
1403907176339427328,negative,0.8531802296638489,0.04325201362371445,1.8681097030639648
1403907178893910017,negative,1.378019094467163,-1.0489877462387085,2.4462921619415283
1403907179095105541,neutral,1.5135490894317627,0.5190877914428711,0.563491940498352
1403907182467424257,negative,0.8216760754585266,-0.48507919907569885,1.9308443069458008
1403907184040321025,neutral,1.2569878101348877,0.15255817770957947,0.9621940851211548
1403907184874819590,neutral,1.474812388420105,0.2351078987121582,0.9820424318313599
1403907185025880067,neutral,0.8795915842056274,0.40081024169921875,0.620015561580658
1403907185457893381,negative,1.0012052059173584,-0.7474526762962341,2.1851418018341064
1403907185541668867,negative,1.1099016666412354,-0.41757920384407043,1.7571138143539429
1403907189094465541,negative,1.4619503021240234,-1.0033764839172363,2.5368540287017822
1403907189878755330,neutral,1.5525784492492676,-0.17758142948150635,0.9666624665260315
1403907191237713933,negative,0.5041740536689758,-0.9139479994773865,4.035482406616211
1403907191355035653,neutral,2.071244239807129,1.4225049018859863,-0.21062661707401276
1403907191518625792,neutral,1.505053162574768,1.2993659973144531,0.2988450825214386
1403907192693026817,positive,1.004917860031128,2.1929688453674316,0.16740728914737701
1403907193741537286,negative,0.7972857356071472,0.848799467086792,0.9006894826889038
1403907194769219586,negative,1.2574633359909058,-0.9811450839042664,2.535769462585449
1403907196845322242,neutral,1.9263354539871216,0.34107863903045654,0.7180876135826111
1403907197046644740,positive,0.7618265748023987,1.1245783567428589,0.8664703965187073
1403907197143236609,positive,0.8869104385375977,2.431258201599121,-0.3846430480480194
1403907197382369280,negative,1.3932132720947266,-0.03543264418840408,1.4404717683792114
1403907199441596418,neutral,2.6754705905914307,1.1542541980743408,-0.23154278099536896
1403907199773024258,negative,1.4070522785186768,-0.9250664710998535,1.9019063711166382
1403907199848501251,neutral,1.5676323175430298,-0.5248143076896667,1.32241690158844
1403907200532295681,negative,1.1856528520584106,-0.7799403667449951,2.7697908878326416
1403907201220087809,neutral,1.594359278678894,-0.11202613264322281,1.3583966493606567
1403907201954201600,neutral,1.5985978841781616,-0.7025387287139893,1.2886409759521484
1403907202843295744,negative,2.111268997192383,-1.083885908126831,2.2172744274139404
1403907202855866368,negative,0.9968714118003845,-0.3885084390640259,1.5330088138580322
1403907203191427072,negative,1.1516902446746826,-0.556122899055481,1.7205532789230347
1403907204487385090,positive,0.3631102740764618,1.373405933380127,0.46107640862464905
1403907205397549057,neutral,2.6881070137023926,0.9846224784851074,0.00920286774635315
1403907205506637824,neutral,1.4239109754562378,-0.051042504608631134,1.4193272590637207
1403907205745856512,negative,1.478581190109253,-1.2356950044631958,3.0750322341918945
1403907206249160707,negative,1.478581190109253,-1.2356950044631958,3.0750322341918945
1403907209524809732,negative,1.0627849102020264,-0.004294171929359436,1.7522209882736206
1403907210950766592,neutral,1.198048710823059,0.5866292119026184,0.9134495854377747
1403907213089935367,neutral,1.7697147130966187,-0.024844586849212646,0.8347852230072021
1403907213857464321,neutral,1.9239603281021118,0.8521580100059509,0.08820924162864685
1403907215010852866,negative,1.2213279008865356,-1.2218204736709595,3.125633716583252
1403907217288478721,neutral,1.594359278678894,-0.11202611774206161,1.3583968877792358
1403907218446204928,neutral,2.3402528762817383,1.20793616771698,-0.10978621989488602
1403907220396408834,negative,0.8947703838348389,-0.21060413122177124,1.837630271911621
1403907220484526086,neutral,1.2285728454589844,0.00683111697435379,1.0444347858428955
1403907221126365185,neutral,1.3648943901062012,-0.26864954829216003,0.8274450898170471
1403907222380285953,positive,1.685198426246643,3.039599895477295,-0.5585665106773376
1403907222707617793,neutral,1.928483486175537,0.52923583984375,0.43217113614082336
1403907226033700865,positive,1.5980302095413208,1.8833181858062744,-0.41508784890174866
1403907228759851008,negative,1.3094538450241089,-0.3152199387550354,1.3259634971618652
1403907229871341570,negative,1.397279143333435,-1.0940473079681396,2.6723082065582275
1403907232924770304,negative,0.8688800930976868,-0.7924988269805908,2.246561288833618
1403907233390366721,negative,1.567057490348816,-1.096937656402588,2.3501968383789062
1403907233814126592,positive,1.9119294881820679,2.1421351432800293,-0.04554449021816254
1403907235495878666,negative,1.099016785621643,-0.7306037545204163,2.218822956085205
1403907235688943626,neutral,1.3648943901062012,-0.2686495780944824,0.8274451494216919
1403907236515115015,neutral,1.7559735774993896,-0.43646684288978577,1.2726414203643799
1403907236640935937,neutral,1.8891880512237549,0.5245234370231628,0.5609524250030518
1403907237135798272,neutral,1.2871301174163818,0.6542916297912598,0.7752224206924438
1403907239694401536,neutral,2.549631357192993,0.516819417476654,0.10533689707517624
1403907240327847940,neutral,1.7098920345306396,0.2848033607006073,1.2503083944320679
1403907240592134144,negative,0.4388555586338043,-0.5017268061637878,1.861564040184021
1403907241519075331,positive,0.5162418484687805,4.377521514892578,-1.1219674348831177
1403907242722664450,negative,0.8947703838348389,-0.21060416102409363,1.837630033493042
1403907243217764357,neutral,1.2917410135269165,1.2577683925628662,0.5792474746704102
1403907243314008068,negative,0.44784629344940186,-0.1499651074409485,2.612367868423462
1403907244811591682,positive,1.3617607355117798,2.0816731452941895,0.6550329327583313
1403907245356707851,neutral,2.215545892715454,1.0255792140960693,-0.21767129004001617
1403907246073864193,negative,0.9375007748603821,-0.5641821622848511,2.6649622917175293
1403907246480887812,negative,1.3079007863998413,-0.7837610840797424,1.8332535028457642
1403907247156068356,neutral,2.0563061237335205,1.4168140888214111,-0.031695976853370667
1403907247290290182,neutral,1.7649956941604614,0.5904327630996704,0.5617753863334656
1403907248582189059,positive,0.24194462597370148,0.9218271970748901,0.6420595049858093
1403907249077166084,neutral,1.9631916284561157,1.0697523355484009,0.16005617380142212
1403907249227976704,negative,0.8189306855201721,0.4008527994155884,1.0238584280014038
1403907250037477379,neutral,2.3913073539733887,1.5542325973510742,-0.3049810230731964
1403907250335387655,negative,0.8947703838348389,-0.21060419082641602,1.8376301527023315
1403907252742877184,neutral,2.5134713649749756,1.6720664501190186,0.5200266242027283
1403907253770485760,neutral,2.3581700325012207,2.123112440109253,-0.5780640244483948
1403907253841715200,neutral,1.2831748723983765,0.5227466821670532,0.7745713591575623
1403907254357827588,negative,1.3323875665664673,-0.29261744022369385,1.5215339660644531
1403907254567460867,negative,1.1685295104980469,-1.1919218301773071,2.797386646270752
1403907256643620866,neutral,1.6739346981048584,1.0195788145065308,0.5749104022979736
1403907256865988610,negative,1.086726427078247,-0.339484840631485,2.0128977298736572
1403907258082152451,negative,0.8272406458854675,-0.48063382506370544,2.4404633045196533
1403907258094952450,neutral,1.700705647468567,-0.18509531021118164,0.5929375290870667
1403907259470655490,negative,0.8947703838348389,-0.21060416102409363,1.837630033493042
1403907259596476417,negative,1.251662015914917,-0.5746605396270752,2.326594591140747
1403907261328670726,neutral,1.9226818084716797,-0.1409928798675537,0.6714478731155396
1403907262553280513,positive,0.822654128074646,1.4320461750030518,0.400752991437912
1403907262964539397,neutral,1.7473424673080444,0.16600504517555237,1.5857309103012085
1403907263501258759,neutral,1.6751916408538818,0.02679453417658806,1.141197919845581
1403907264659046405,negative,0.18142381310462952,0.16785083711147308,1.5473452806472778
1403907264818290693,negative,1.0012052059173584,-0.7474526762962341,2.1851418018341064
1403907265426382855,neutral,2.071244239807129,1.4225047826766968,-0.21062657237052917
1403907266898694147,negative,1.464069128036499,-0.7156118154525757,1.982604742050171
1403907268161064964,positive,0.5696130990982056,1.358680248260498,0.8762919902801514
1403907269457321984,negative,1.0012052059173584,-0.7474526762962341,2.1851418018341064
1403907270438789125,negative,1.1671572923660278,-0.8930104374885559,2.0834341049194336
1403907271743004672,negative,1.3298661708831787,-0.9653990864753723,2.4217355251312256
1403907272355434497,negative,0.9114477634429932,-1.1587879657745361,3.262824058532715
1403907272863059968,neutral,1.5857139825820923,0.05053805187344551,0.6981317400932312
1403907273630564357,negative,0.8947703838348389,-0.21060416102409363,1.837630033493042
1403907274142359553,neutral,2.543001890182495,1.0240801572799683,-0.16154247522354126
1403907276004462596,neutral,1.7064101696014404,1.2302343845367432,0.09139475971460342
1403907277308977165,neutral,2.543001890182495,1.0240801572799683,-0.16154247522354126
1403907277501968384,neutral,1.1619477272033691,0.4912901222705841,0.48416218161582947
1403907278688903169,negative,0.676367461681366,-0.01594189554452896,0.6779314875602722
1403907280198782981,neutral,2.200235605239868,1.239457130432129,-0.3101297616958618
1403907281645830144,negative,1.5826725959777832,-0.8553724884986877,1.8643476963043213
1403907283172696072,neutral,1.9425501823425293,0.23195815086364746,0.173587828874588
1403907284523126792,neutral,1.9769213199615479,0.24374911189079285,0.3351520597934723
1403907284556607491,neutral,1.3648943901062012,-0.26864954829216003,0.8274450898170471
1403907287173849089,negative,1.186686396598816,-0.4075251817703247,1.4209821224212646
1403907287433945088,negative,0.6474342942237854,0.35227271914482117,0.8746550679206848
1403907290076307460,neutral,1.865716576576233,0.04106903821229935,0.9702680706977844
1403907290307076097,neutral,2.3050267696380615,-0.7358918190002441,1.0607918500900269
1403907291078877187,neutral,1.8445197343826294,0.2366166114807129,0.8432996869087219
1403907291154427907,positive,1.129483938217163,1.9121915102005005,0.05031623691320419
1403907291259174916,neutral,1.9783936738967896,1.4114185571670532,0.491956889629364
1403907292928516099,neutral,1.8198760747909546,0.8568340539932251,0.4308655858039856
1403907294258139138,neutral,2.0005381107330322,-0.6413477063179016,1.3583537340164185
1403907294782377984,neutral,2.0391762256622314,-0.4722777307033539,0.957503616809845
1403907295801614336,neutral,1.4454050064086914,-0.5654826164245605,1.3894476890563965
1403907295927492608,negative,1.1543433666229248,0.08257279545068741,1.5020558834075928
1403907297231790080,negative,1.1516902446746826,-0.556122899055481,1.7205532789230347
1403907297588416516,neutral,2.874648332595825,1.476049780845642,-0.4601960778236389
1403907299211722757,negative,1.2268658876419067,-0.8500989675521851,2.1073195934295654
1403907299958210561,neutral,1.9425569772720337,0.2775419354438782,0.6770303845405579
1403907300226572288,neutral,1.2992488145828247,0.38296252489089966,1.1232866048812866
1403907300562194436,negative,1.391652226448059,0.024219021201133728,1.764966368675232
1403907302592323586,positive,0.8348274230957031,0.9228559732437134,0.7271513938903809
1403907303406030850,positive,1.3861947059631348,2.957709789276123,-0.4913460612297058
1403907304156807181,negative,0.9739557504653931,-0.40674394369125366,2.215101480484009
1403907308933959680,negative,1.3231056928634644,-1.2230225801467896,2.717540979385376
1403907309751869440,negative,0.3381335139274597,-0.10822881013154984,3.0729944705963135
1403907310523621379,negative,0.44784629344940186,-0.1499650478363037,2.612368106842041
1403907311945404421,negative,1.167336106300354,-1.3021759986877441,3.806314468383789
1403907313375727620,negative,1.45693039894104,-1.0758424997329712,2.9888339042663574
1403907314806099971,neutral,1.3648943901062012,-0.26864954829216003,0.8274450898170471
1403907315053449222,neutral,3.9973092079162598,2.506751537322998,-1.8122960329055786
1403907317289029632,negative,0.37893009185791016,0.8360157608985901,0.9125739932060242
1403907319189082115,positive,1.0564758777618408,1.444417119026184,0.17174668610095978
1403907319902179330,neutral,1.6550211906433105,0.15934890508651733,0.9476357698440552
1403907320006942725,neutral,1.871752381324768,0.5100890398025513,0.503189206123352
1403907320699097099,positive,1.4241567850112915,1.7312599420547485,0.06435314565896988
1403907323639123974,neutral,1.8114262819290161,0.12027755379676819,0.7208269834518433
1403907325883207681,negative,0.56220942735672,-0.36748889088630676,2.5251197814941406
1403907326482948106,neutral,1.637675404548645,0.45437195897102356,0.5790775418281555
1403907326789160963,neutral,1.594359278678894,-0.11202611774206161,1.3583968877792358
1403907327212802048,neutral,1.6441446542739868,-0.5100817084312439,1.4364486932754517
1403907327238021127,negative,1.5984159708023071,-0.8143539428710938,1.9816824197769165
1403907327296622602,neutral,1.8158390522003174,-0.0008235648274421692,1.04253351688385
1403907327548301312,positive,0.4957718849182129,1.8346152305603027,0.7982097864151001
1403907328454258688,negative,0.9627830386161804,-0.3869442045688629,1.8443217277526855
1403907331037925378,negative,0.6507300138473511,0.7651802897453308,1.2026194334030151
1403907333399269379,negative,1.1099016666412354,-0.41757920384407043,1.7571138143539429
1403907333793542144,negative,0.9009653925895691,-0.735965371131897,2.7964584827423096
1403907335559561218,negative,0.6749165654182434,-0.3955264687538147,1.329755187034607
1403907335840583684,negative,0.7682965993881226,0.5749145746231079,1.3352514505386353
1403907335962218501,negative,1.7528338432312012,-0.8805854320526123,1.769034743309021
1403907336129847300,negative,0.9797974824905396,-0.35565510392189026,1.341865062713623
1403907336457003008,neutral,1.9084508419036865,0.3735230267047882,-0.09012366086244583
1403907338369654787,positive,0.6435736417770386,0.8095501065254211,0.7415933609008789
1403907339078545411,positive,1.8088068962097168,1.9297055006027222,-0.3738862872123718
1403907339497922560,neutral,1.6441446542739868,-0.5100817084312439,1.4364488124847412
1403907341997817857,negative,1.5016511678695679,-0.8024807572364807,1.5894005298614502
1403907342249336832,positive,2.2196900844573975,3.553145408630371,-0.7515071630477905
1403907343927152645,neutral,1.594359278678894,-0.11202611774206161,1.3583968877792358
1403907344384266249,neutral,1.5899423360824585,0.5315123200416565,0.7666201591491699
1403907345927843840,neutral,1.9070959091186523,-0.5124921798706055,0.741265594959259
1403907346083061762,negative,1.7455874681472778,-1.1683098077774048,2.887272596359253
1403907346108010496,positive,2.0001065731048584,2.2721900939941406,-0.5241605639457703
1403907348284928003,negative,1.1344375610351562,-0.9021222591400146,2.0192360877990723
1403907349610385411,neutral,1.0342649221420288,0.335556298494339,0.8657033443450928
1403907350570934272,negative,0.8948529958724976,-0.5400731563568115,2.2312991619110107
1403907351694954496,positive,1.2512142658233643,2.0982823371887207,-0.2778569161891937
1403907352227717120,negative,1.391652226448059,0.024219021201133728,1.764966368675232
1403907354379259908,negative,1.3503535985946655,-0.8688540458679199,2.296276330947876
1403907354400215042,neutral,1.6751916408538818,0.02679453045129776,1.1411980390548706
1403907355104878592,neutral,1.5135492086410522,0.5190877318382263,0.5634920597076416
1403907355209728005,positive,2.6180694103240967,2.6275851726531982,-0.424224853515625
1403907355490848772,negative,1.3429367542266846,0.044150687754154205,2.375509262084961
1403907355721359364,positive,1.685198426246643,3.039599895477295,-0.5585664510726929
1403907356681904133,neutral,2.522991895675659,0.2884671986103058,0.2761782109737396
1403907358359699464,neutral,1.8581808805465698,-0.2185782492160797,1.6725069284439087
1403907359114551296,negative,0.9028709530830383,-0.366254985332489,1.8749768733978271
1403907359475437574,neutral,2.3662948608398438,0.7364298105239868,-0.23055435717105865
1403907360750440449,neutral,1.15774667263031,0.1637144386768341,1.0662201642990112
1403907360964308992,negative,0.46717533469200134,-0.8046296238899231,3.451765775680542
1403907360989478916,negative,1.3641724586486816,-0.31791794300079346,1.4478532075881958
1403907361115410433,negative,1.391652226448059,0.024219021201133728,1.764966368675232
1403907361748697089,negative,1.4619152545928955,-0.7880905270576477,1.7546862363815308
1403907362356858880,negative,0.6697967052459717,-0.36133500933647156,2.3487186431884766
1403907363153661957,negative,1.7818498611450195,-0.8212741017341614,1.791160225868225
1403907364961624065,neutral,1.8671050071716309,-0.41141119599342346,0.9659568071365356
1403907365016059904,negative,1.5340510606765747,-0.8350435495376587,1.757287621498108
1403907365053755392,positive,0.605500340461731,2.310473918914795,-0.3185195326805115
1403907365062135814,neutral,2.686922788619995,0.012738160789012909,0.6487727761268616
1403907365531906051,neutral,1.8958946466445923,0.5751168727874756,0.146406888961792
1403907366580408321,negative,1.0361610651016235,-0.9404555559158325,2.160238027572632
1403907366978920449,negative,0.9009653925895691,-0.735965371131897,2.7964584827423096
1403907369881325568,negative,1.7043718099594116,-0.7730907201766968,1.7347136735916138
1403907371571679237,negative,1.3094537258148193,-0.3152199685573578,1.3259634971618652
1403907371856842756,positive,1.685198426246643,3.039599895477295,-0.5585664510726929
1403907372817391618,neutral,1.764020323753357,0.6188238859176636,1.2005739212036133
1403907373492748290,neutral,2.077286720275879,2.0228757858276367,-0.5559775829315186
1403907373568192518,negative,0.3749188482761383,-0.7763880491256714,2.5129714012145996
1403907375191396352,neutral,1.198048710823059,0.5866292119026184,0.9134495854377747
1403907375417806854,neutral,1.8198760747909546,0.8568340539932251,0.4308655261993408
1403907376122523650,neutral,3.530146598815918,1.6300079822540283,-1.0650413036346436
1403907378991431680,negative,1.153380274772644,-0.7618255615234375,1.8695273399353027
1403907378991439874,negative,1.6286115646362305,0.25582435727119446,1.907486081123352
1403907379192762380,neutral,1.2750959396362305,0.1667303740978241,0.6679022908210754
1403907380652486658,negative,1.391652226448059,0.024219021201133728,1.764966368675232
1403907381155692546,negative,1.214085578918457,-1.0585743188858032,2.7443106174468994
1403907381818368007,neutral,3.530146598815918,1.6300079822540283,-1.0650413036346436
1403907381868724224,negative,1.5896430015563965,-1.0690412521362305,2.206575393676758
1403907382980222978,neutral,1.2608931064605713,0.37781551480293274,-0.5030880570411682
1403907383349288970,negative,1.0469942092895508,-0.5321439504623413,1.7579851150512695
1403907383877832711,neutral,2.384631872177124,1.5837055444717407,0.0894269198179245
1403907384049733635,negative,1.1811084747314453,0.0727272555232048,1.6746411323547363
1403907384259629056,neutral,1.1332985162734985,0.5253023505210876,0.9400753974914551
1403907385274429446,negative,1.3037410974502563,-0.23934093117713928,1.32917320728302
1403907385668866048,negative,1.4085354804992676,-0.8135827779769897,1.6682496070861816
1403907386226614272,positive,1.507633090019226,1.6837000846862793,-0.1265643686056137
1403907386566447104,neutral,1.630228042602539,0.4709961414337158,0.7569940090179443
1403907387178823684,neutral,2.058189868927002,-0.8383658528327942,1.4405418634414673
1403907387958890498,neutral,1.2511990070343018,-0.1728079617023468,0.4375283420085907
1403907389653463042,negative,0.36034727096557617,-0.6239014267921448,3.404270887374878
1403907390496329734,negative,1.0012052059173584,-0.7474526762962341,2.1851418018341064
1403907394716024834,positive,1.2590779066085815,3.3367397785186768,-0.6341413855552673
1403907400877449216,negative,0.8723548650741577,-0.1573036015033722,1.8351496458053589
1403907401162452993,neutral,1.6751916408538818,0.02679453417658806,1.141197919845581
1403907402655748096,negative,0.8947703838348389,-0.21060416102409363,1.837630033493042
1403907404778065921,negative,0.7309699654579163,0.2812727093696594,1.6252059936523438
1403907405272928256,negative,1.3231056928634644,-1.2230225801467896,2.717540979385376
1403907405734313986,negative,1.5896430015563965,-1.0690412521362305,2.206575393676758
1403907407357431810,neutral,1.6751917600631714,0.026794493198394775,1.1411980390548706
1403907407638458370,negative,1.0023431777954102,-0.024171195924282074,1.346352458000183
1403907409798524931,neutral,1.594359278678894,-0.11202611774206161,1.3583968877792358
1403907410373251074,neutral,2.4403817653656006,1.013176441192627,-0.2754155397415161
1403907410645954560,positive,1.4892218112945557,2.6688058376312256,-0.49592769145965576
1403907410998173697,negative,0.11246983706951141,0.1276971399784088,1.7139060497283936
1403907411598098433,negative,1.284617304801941,-1.124041199684143,2.7864456176757812
1403907411904143362,positive,1.685198426246643,3.039599895477295,-0.5585664510726929
1403907413439246338,neutral,2.543001890182495,1.0240801572799683,-0.16154247522354126
1403907414374719489,neutral,1.3648943901062012,-0.26864954829216003,0.8274450898170471
1403907419143503874,neutral,2.169309616088867,0.17105650901794434,1.296540379524231
1403907419491639302,negative,1.2667557001113892,-0.2920339107513428,1.761719822883606
1403907419671912451,positive,0.5236541628837585,2.3446176052093506,0.26863086223602295
1403907422117269507,neutral,1.7142606973648071,-0.5918563604354858,1.674134612083435
1403907422230650880,neutral,1.6820073127746582,0.8991657495498657,0.325413316488266
1403907425531531265,negative,0.5695987939834595,0.012166552245616913,1.6532783508300781
1403907425913217031,neutral,1.8141487836837769,-0.6818490028381348,1.203883409500122
1403907426794065924,neutral,2.50645112991333,1.4469834566116333,-0.5270969271659851
1403907426974306312,negative,1.1532924175262451,-0.3718302547931671,1.2481229305267334
1403907428027035652,neutral,1.4732900857925415,0.1906258761882782,1.2234245538711548
1403907428719104001,negative,1.8239589929580688,-0.8464726805686951,2.1721243858337402
1403907430044606468,negative,1.2023378610610962,-0.7699242234230042,1.8362776041030884
1403907430069776388,neutral,1.8971368074417114,-0.15716713666915894,1.0333062410354614
1403907430254202888,negative,1.3979496955871582,-1.0663096904754639,2.905078887939453
1403907431827116032,negative,0.8947703838348389,-0.21060416102409363,1.837630033493042
1403907433253199874,neutral,1.3475450277328491,0.17759646475315094,1.0727622509002686
1403907434486263814,neutral,1.43927800655365,-0.10450524836778641,0.7600976228713989
1403907436608696321,negative,1.5003093481063843,-1.0843689441680908,2.319007396697998
1403907436919017477,negative,1.527573823928833,-1.1629489660263062,2.407512664794922
1403907438231703562,neutral,2.0563061237335205,1.4168140888214111,-0.031695976853370667
1403907438428839939,neutral,1.4510326385498047,0.1961536705493927,1.270896553993225
1403907440719114242,neutral,2.4293746948242188,0.5440945029258728,-0.0213917326182127
1403907441528651783,negative,0.8947703838348389,-0.21060416102409363,1.837630033493042
1403907443231391744,negative,0.7755268216133118,-0.4975574314594269,2.3077950477600098
1403907443462066176,neutral,1.4835052490234375,-0.4750845730304718,1.079187273979187
1403907443734683651,negative,0.6684586405754089,-0.5630550384521484,2.138225793838501
1403907444045062151,negative,0.8947703838348389,-0.21060416102409363,1.837630033493042
1403907444397334528,neutral,2.598996639251709,0.5829424858093262,0.22034232318401337
1403907444615548931,negative,1.3874657154083252,-0.9806444048881531,2.2824106216430664
1403907444665815044,neutral,2.626272201538086,0.6276033520698547,0.18977278470993042
1403907446700183552,negative,0.8145790696144104,-0.2666205167770386,1.930001974105835
1403907446758723585,neutral,1.9731926918029785,-0.7729026675224304,1.410161018371582
1403907447828455428,neutral,1.6891123056411743,0.9105894565582275,1.071708083152771
1403907448306495491,negative,0.7853361368179321,-0.5350239872932434,2.337441921234131
1403907448440774658,neutral,1.6480211019515991,0.5421599745750427,0.3681317865848541
1403907449443209219,neutral,1.7609080076217651,1.7113250494003296,-0.4469054937362671
1403907451024445441,negative,0.9091399312019348,-0.25595685839653015,1.8337440490722656
1403907451309543426,negative,1.4315763711929321,0.14303618669509888,1.461706280708313
1403907454006554629,neutral,1.9070959091186523,-0.5124921798706055,0.741265594959259
1403907455231442945,negative,1.391652226448059,0.024218976497650146,1.7649662494659424
1403907455927476231,negative,1.3513683080673218,-0.9072220325469971,2.1209261417388916
1403907456082661377,neutral,1.754133939743042,0.7650970220565796,0.3940746784210205
1403907456384876544,neutral,1.6909162998199463,-0.34299612045288086,1.225618600845337
1403907456644771840,negative,0.9458792805671692,0.7448332905769348,1.329048991203308
1403907457110454280,neutral,0.999822199344635,0.498564749956131,0.7488349676132202
1403907457336844289,negative,1.3254315853118896,-0.7639461755752563,1.6894875764846802
1403907458599329798,neutral,1.508031964302063,-0.5889589190483093,1.4381476640701294
1403907459056472066,neutral,1.8257869482040405,-0.042847923934459686,0.7892181277275085
1403907459564113921,neutral,1.5274914503097534,-0.29948121309280396,1.3920528888702393
1403907459673063428,negative,1.4070522785186768,-0.9250665307044983,1.9019064903259277
1403907459870343171,neutral,2.306673765182495,-0.38158661127090454,0.8096886277198792
1403907461384269827,positive,1.685198426246643,3.039599895477295,-0.5585664510726929
1403907462269390857,neutral,1.3648943901062012,-0.26864954829216003,0.8274450898170471
1403907464098062341,negative,1.2782602310180664,0.17680388689041138,1.4850659370422363
1403907464177721347,positive,0.8426914811134338,2.2923269271850586,0.02499362826347351
1403907464723156997,negative,0.2551059126853943,0.0032595768570899963,2.1761891841888428
1403907466585382920,neutral,1.3653113842010498,1.3058419227600098,0.349498450756073
1403907467868884992,positive,1.3598039150238037,3.075669288635254,-0.789592981338501
1403907468829155335,neutral,1.4123785495758057,0.15744155645370483,0.7761102914810181
1403907470414712836,positive,0.9540479183197021,2.2765052318573,0.09390619397163391
1403907471811383296,neutral,2.163404941558838,-0.34950312972068787,1.3012667894363403
1403907471832281097,negative,1.1998454332351685,0.43743592500686646,1.6683231592178345
1403907472042205184,neutral,1.6441446542739868,-0.5100817084312439,1.4364488124847412
1403907476764778503,negative,0.45735421776771545,1.2202650308609009,1.4361519813537598
1403907478090182659,negative,1.2172777652740479,-1.1694751977920532,2.910379648208618
1403907480489541634,neutral,1.352136254310608,-0.0004587322473526001,0.948127806186676
1403907481659604992,negative,0.5733381509780884,-0.9509454369544983,2.696288585662842
1403907482527797251,positive,1.981812834739685,2.3295464515686035,-0.4212232828140259
1403907484130201600,neutral,2.679049015045166,0.42413780093193054,0.760026752948761
1403907485283635205,negative,0.43674778938293457,0.7378743290901184,0.8378256559371948
1403907486030045188,positive,1.9280714988708496,2.0803048610687256,-0.7971891164779663
1403907486931775494,neutral,2.4476449489593506,1.2700492143630981,-0.10597314685583115
1403907487435157505,negative,1.3231056928634644,-1.2230225801467896,2.717540979385376
1403907488546627584,negative,1.397279143333435,-1.0940473079681396,2.6723082065582275
1403907489259671552,neutral,1.9275660514831543,-0.3984537720680237,1.0333733558654785
1403907490077560836,positive,2.020846366882324,2.068474054336548,-0.3651356101036072
1403907493546401794,negative,1.0096989870071411,-0.836033821105957,2.907571315765381
1403907494510956545,negative,0.8947703838348389,-0.21060416102409363,1.837630033493042
1403907494817144833,neutral,1.5676323175430298,-0.5248143076896667,1.32241690158844
1403907495211388933,negative,1.0353491306304932,-1.2652440071105957,3.8529467582702637
1403907496402685954,neutral,1.6914397478103638,-0.3786208927631378,1.2824809551239014
1403907496952041475,neutral,2.1782307624816895,-0.1028658077120781,0.6074708104133606
1403907496977174530,positive,1.3218015432357788,1.7010611295700073,0.09896627813577652
1403907498906578944,positive,1.5887329578399658,1.9893231391906738,-0.37865838408470154
1403907499082792961,negative,1.386847972869873,-1.0449916124343872,2.314286470413208
1403907499300835329,negative,0.6562144756317139,-0.07526697963476181,1.5576775074005127
1403907502937460736,negative,0.9165181517601013,-1.3544613122940063,4.044442653656006
1403907504266960898,negative,0.9636345505714417,-0.5416726469993591,2.5039846897125244
1403907506372554753,negative,1.404495358467102,-0.9932406544685364,2.1938693523406982
1403907506439557120,negative,1.8577475547790527,-0.7456443905830383,1.9645198583602905
1403907507156779012,neutral,2.363513469696045,0.3148781955242157,0.3369843363761902
1403907510927605762,positive,0.822654128074646,1.4320461750030518,0.400752991437912
1403907512030564357,neutral,2.1188507080078125,0.8374278545379639,0.5307507514953613
1403907512634544128,positive,0.8383536338806152,1.2985371351242065,0.8693841099739075
1403907513389518853,negative,0.3969702124595642,-0.3673947751522064,2.5752079486846924
1403907513758584832,neutral,2.176283121109009,-0.7185871601104736,1.526731252670288
1403907515973136390,neutral,1.7022572755813599,-0.09175009280443192,1.100746989250183
1403907517244182528,negative,1.2623422145843506,-1.2370593547821045,2.9731826782226562
1403907517625868288,neutral,2.0002281665802,0.20976586639881134,0.3564482033252716
1403907518145912832,neutral,1.8699562549591064,1.1124953031539917,0.05000748112797737
1403907518460436483,positive,0.8226540684700012,1.4320461750030518,0.400752991437912
1403907519106498562,negative,1.238027811050415,-0.8576004505157471,2.3463873863220215
1403907519278428162,positive,0.24194462597370148,0.9218271970748901,0.6420595049858093
1403907519316041732,positive,1.417600393295288,1.8264517784118652,0.04200626164674759
1403907521027350533,neutral,2.0028440952301025,1.1198322772979736,-0.08637125790119171
1403907521442578432,neutral,2.686922788619995,0.012738160789012909,0.6487727761268616
1403907521874587649,neutral,1.3527727127075195,0.6494715213775635,0.4847518801689148
1403907523191611392,negative,1.7043718099594116,-0.7730907201766968,1.7347136735916138
1403907523472543748,negative,1.1253509521484375,-0.39688971638679504,1.728917121887207
1403907525418930179,negative,0.9490330219268799,-0.8956537842750549,3.073047161102295
1403907525607444487,neutral,1.3381024599075317,0.34433895349502563,0.6401327848434448
1403907526689759233,negative,1.2759342193603516,-1.3031455278396606,3.1665830612182617
1403907526727376898,negative,0.9458792805671692,0.7448332905769348,1.329048991203308
1403907526748475396,neutral,1.5149818658828735,0.4072307348251343,1.3084934949874878
1403907527188877322,negative,1.5675981044769287,-1.2482017278671265,2.936673402786255
1403907527436242944,neutral,1.6958260536193848,-0.356828898191452,1.0844460725784302
1403907527847211020,positive,1.1962823867797852,1.9226633310317993,-0.0022208038717508316
1403907527860002816,positive,1.8032276630401611,1.8071480989456177,-0.12443403154611588
1403907528140939264,neutral,1.475922703742981,0.8697353601455688,0.3939427137374878
1403907530367987715,neutral,2.342576742172241,0.46750155091285706,0.3251158893108368
1403907530523246593,negative,1.52556312084198,-1.2377121448516846,2.7623562812805176
1403907530770681862,neutral,1.5314139127731323,0.7444269061088562,0.4333242177963257
1403907532054142977,neutral,2.50645112991333,1.4469834566116333,-0.5270969271659851
1403907534906224640,neutral,1.4589653015136719,-0.066922627389431,0.632573127746582
1403907535724183553,positive,0.69253009557724,0.973720908164978,0.9681348204612732
1403907539234922496,negative,2.111268997192383,-1.083885908126831,2.2172744274139404
1403907540442697730,neutral,2.166311502456665,0.1041942909359932,0.7972021102905273
1403907541768151043,negative,1.5836424827575684,-0.9078701734542847,1.743936538696289
1403907543005495298,negative,1.311780333518982,-1.3488850593566895,3.847764015197754
1403907543504723970,negative,0.8947703838348389,-0.21060416102409363,1.837630033493042
1403907543580114950,negative,0.776522696018219,-0.44195422530174255,1.6060941219329834
1403907544074964993,neutral,3.530146598815918,1.6300079822540283,-1.0650413036346436
1403907544339279874,negative,0.5215266942977905,0.322740763425827,1.5391018390655518
1403907544888844292,negative,1.3674776554107666,-0.7395879626274109,1.8477661609649658
1403907546436575232,neutral,1.208058476448059,0.6674908399581909,1.0673240423202515
1403907546566381573,negative,0.6316505670547485,-0.13239511847496033,2.5578534603118896
1403907547870998532,negative,1.8735040426254272,-1.099098563194275,2.1328930854797363
1403907548399480833,neutral,2.5651707649230957,1.280921220779419,-0.18783017992973328
1403907548713873409,neutral,2.0701539516448975,1.597553014755249,-0.18209882080554962
1403907548990738434,neutral,1.1858582496643066,0.08192862570285797,1.1681301593780518
1403907549716439044,negative,0.5389198660850525,-1.2540303468704224,4.071871757507324
1403907550379089928,negative,0.7364301085472107,0.19755005836486816,1.4822438955307007
1403907550911897608,neutral,2.5547778606414795,0.8733479976654053,-0.3507625460624695
1403907551586971656,positive,1.6851985454559326,3.039599895477295,-0.5585665106773376
1403907551897415682,negative,1.1262218952178955,-1.2672141790390015,3.534989595413208
1403907552396472324,negative,1.4144287109375,-1.3249348402023315,3.1160264015197754
1403907554569199620,neutral,1.397328495979309,0.2548094093799591,0.538339376449585
1403907555470954498,negative,1.5908018350601196,-0.3813137710094452,1.6988086700439453
1403907555739324420,negative,1.0042461156845093,-0.8942656517028809,2.8498988151550293
1403907555814957056,neutral,1.8950655460357666,-0.30019474029541016,0.9640233516693115
1403907556469317632,neutral,1.4146618843078613,1.1020764112472534,0.22874635457992554
1403907557320663042,negative,0.6209473609924316,0.05383531376719475,0.7501355409622192
1403907557668782083,neutral,2.686922788619995,0.012738160789012909,0.6487727761268616
1403907558323015689,neutral,1.4702808856964111,0.13994567096233368,1.277796983718872
1403907562332819458,neutral,1.6751916408538818,0.02679453417658806,1.141197919845581
1403907563364794370,neutral,2.3229095935821533,0.8396323919296265,0.09216288477182388
1403907565868617728,negative,1.2213279008865356,-1.2218204736709595,3.125633716583252
1403907567550611460,neutral,1.594359278678894,-0.11202611774206161,1.3583968877792358
1403907569177927681,neutral,1.6209300756454468,0.1698944866657257,1.050075650215149
1403907570713055232,negative,0.7786172032356262,-0.411408931016922,2.0526421070098877
1403907571614945280,neutral,2.328599691390991,0.6647218465805054,0.11427494883537292
1403907573250768898,positive,0.5384153723716736,1.4693834781646729,1.372348427772522
1403907573267537930,negative,1.8836538791656494,-1.0071758031845093,2.134551763534546
1403907573682642946,neutral,1.6371614933013916,-0.42071619629859924,1.4392434358596802
1403907575725412359,positive,0.9861145615577698,1.0091631412506104,0.7716196775436401
1403907576475967488,neutral,2.352863311767578,0.36697569489479065,0.12766920030117035
1403907576937340928,negative,1.1453319787979126,-0.16711175441741943,1.854055404663086
1403907578447368193,neutral,2.0336594581604004,-0.2897998094558716,1.253320574760437
1403907579089145859,neutral,2.077286720275879,2.0228757858276367,-0.5559775829315186
1403907579772866560,negative,1.4417675733566284,-0.9264219403266907,2.277371406555176
1403907580666122241,negative,1.2017742395401,-1.19075345993042,3.7403528690338135
1403907582046064641,neutral,1.8198760747909546,0.8568340539932251,0.4308655858039856
1403907582251597825,neutral,1.690385103225708,0.412009596824646,0.2800849974155426
1403907582364770307,positive,1.0564758777618408,1.444417119026184,0.17174668610095978
1403907583249838080,neutral,2.592388153076172,2.110107183456421,-0.606621503829956
1403907585233899524,neutral,1.9842615127563477,-0.6380167603492737,1.508884310722351
1403907587179954183,negative,1.3916524648666382,0.024218998849391937,1.764966368675232
1403907587934810124,neutral,1.5202221870422363,0.0021452829241752625,1.2760512828826904
1403907589000335361,neutral,2.2122325897216797,0.9307381510734558,0.32658934593200684
1403907589142769664,neutral,1.3595805168151855,0.6346868276596069,0.10535477846860886
1403907589180727300,neutral,2.3657145500183105,0.17241309583187103,0.24679780006408691
1403907589738405890,neutral,1.816447377204895,0.8416510820388794,0.27414122223854065
1403907592011890688,neutral,1.989836573600769,1.0823479890823364,0.1029869094491005
1403907592124997634,neutral,1.7650130987167358,-0.7029990553855896,1.4997855424880981
1403907593039495169,neutral,1.895522117614746,-0.6867144703865051,1.520538330078125
1403907593052069891,neutral,1.5240306854248047,0.20130109786987305,0.2976337671279907
1403907593563787268,negative,0.6507300138473511,0.7651802897453308,1.2026194334030151
1403907595010646017,negative,1.1069566011428833,-0.4871637523174286,2.0635488033294678
1403907595639791617,neutral,1.2819793224334717,-0.0035510212182998657,1.2420254945755005
1403907596168220674,neutral,3.530146598815918,1.6300079822540283,-1.0650413036346436
1403907596218740739,neutral,1.6914397478103638,-0.3786208927631378,1.2824809551239014
1403907596512378885,negative,1.2657198905944824,-0.5931071639060974,2.063445806503296
1403907597850222592,negative,1.610695481300354,-0.0020190924406051636,1.9059120416641235
1403907598315933697,neutral,2.50645112991333,1.4469834566116333,-0.5270969271659851
1403907599658012675,negative,1.088296890258789,-0.3776528537273407,2.121879816055298
1403907600484212737,neutral,2.6887388229370117,2.6689302921295166,-0.5042494535446167
1403907600865849350,neutral,2.8996498584747314,0.4505086839199066,-0.10041417926549911
1403907601495068673,neutral,1.9239603281021118,0.8521580100059509,0.08820924162864685
1403907603281813507,positive,2.5130650997161865,3.2559947967529297,-1.1457133293151855
1403907603617484801,negative,1.391652226448059,0.024219021201133728,1.764966368675232
1403907604523401216,negative,1.3175640106201172,-0.8838344216346741,2.2058677673339844
1403907607245385734,negative,0.9458792805671692,0.7448332905769348,1.329048991203308
1403907608352751616,neutral,2.549631357192993,0.516819417476654,0.10533689707517624
1403907609565044739,negative,1.499396800994873,-1.2634050846099854,2.9297842979431152
1403907610475118597,negative,1.3886767625808716,-0.8042809963226318,1.6800615787506104
1403907613251620864,neutral,3.530146598815918,1.6300079822540283,-1.0650413036346436
1403907614992371713,neutral,3.247523784637451,2.2186331748962402,-0.9914848804473877
1403907616070320128,neutral,1.9783936738967896,1.4114185571670532,0.491956889629364
1403907617181687812,negative,1.4070522785186768,-0.9250665307044983,1.9019064903259277
1403907617202843649,negative,0.9716974496841431,-0.20210346579551697,1.7073479890823364
1403907621120323586,neutral,2.1903064250946045,0.40200555324554443,0.686008870601654
1403907621149712384,neutral,1.5458624362945557,-0.27901333570480347,1.4856772422790527
1403907623322259457,negative,1.259231686592102,-0.602996826171875,1.8719688653945923
1403907623968133125,positive,1.1962823867797852,1.9226633310317993,-0.0022208038717508316
1403907626509889537,negative,1.2213279008865356,-1.2218204736709595,3.125633716583252
1403907626614681603,neutral,3.530146598815918,1.6300079822540283,-1.0650413036346436
1403907628380557315,positive,1.1962823867797852,1.9226633310317993,-0.0022208038717508316
1403907630733529088,neutral,1.4635478258132935,0.37603291869163513,1.2231608629226685
1403907631643729920,positive,1.3268882036209106,1.7442512512207031,-0.11353535205125809
1403907632876847108,positive,1.8481898307800293,2.3364222049713135,0.2672429084777832
1403907633816379395,positive,1.1962823867797852,1.9226633310317993,-0.0022208038717508316
1403907633841467392,neutral,1.9421625137329102,-0.3959754407405853,0.9790698289871216
1403907634147770370,positive,1.770677089691162,2.553537368774414,-0.8548249006271362
1403907635787698176,negative,1.391652226448059,0.024219021201133728,1.764966368675232
1403907636513366021,neutral,1.594359278678894,-0.112026147544384,1.3583968877792358
1403907636534255619,negative,1.2437446117401123,-0.9459221959114075,2.3908088207244873
1403907638665125894,negative,0.5211151242256165,0.23885557055473328,2.144871473312378
1403907638719660036,negative,1.2027528285980225,-1.001460075378418,2.548900604248047
1403907639822622723,negative,0.6022552251815796,-1.0140870809555054,2.950401782989502
1403907640611282945,neutral,1.1427907943725586,-0.029311463236808777,0.6038957834243774
1403907640787226627,negative,1.4336907863616943,-0.9594206213951111,1.7619868516921997
1403907640867135489,negative,1.391652226448059,0.024219021201133728,1.764966368675232
1403907641521311751,negative,0.8608542084693909,-0.6308254599571228,2.7350258827209473
1403907642729193475,negative,1.0627849102020264,-0.004294171929359436,1.7522209882736206
1403907643333251072,negative,1.0383996963500977,-0.5461529493331909,1.9288910627365112
1403907643689820162,neutral,1.9425569772720337,0.2775419354438782,0.6770303845405579
1403907643870048259,neutral,1.593031883239746,-0.7526664733886719,1.5503712892532349
1403907651218685953,negative,1.428014874458313,-1.351269006729126,3.469774007797241
1403907651688222721,neutral,2.071244239807129,1.4225049018859863,-0.21062661707401276
1403907652338343938,negative,1.2213279008865356,-1.2218204736709595,3.125633716583252
1403907652682399744,positive,0.24194462597370148,0.9218271970748901,0.6420595049858093
1403907653575708680,negative,0.7116442918777466,0.7049480676651001,1.539663314819336
1403907654423044098,positive,1.6561285257339478,2.343806028366089,-0.2767302691936493
1403907654771216384,neutral,2.0701539516448975,1.5975531339645386,-0.182098850607872
1403907655597400069,negative,1.3503535985946655,-0.8688540458679199,2.296276330947876
1403907656524480515,neutral,1.8445197343826294,0.2366166114807129,0.8432996869087219
1403907658718093320,neutral,1.6982825994491577,0.23500952124595642,1.6530818939208984
1403907660487938049,negative,1.1041803359985352,-0.33721044659614563,1.6913225650787354
1403907661427482626,negative,1.0992170572280884,-1.0995700359344482,3.0814456939697266
1403907661805113346,neutral,1.5824434757232666,0.20389562845230103,0.5083480477333069
1403907663587528704,neutral,1.1690962314605713,1.1565934419631958,0.6226914525032043
1403907663738593286,neutral,2.0677542686462402,0.886951744556427,-0.004149945452809334
1403907664455798794,neutral,1.594359278678894,-0.11202611774206161,1.3583968877792358
1403907664569044993,neutral,1.2875597476959229,0.240209698677063,0.9402807354927063
1403907668905840644,negative,1.420192003250122,-0.5864747166633606,1.548405647277832
1403907669727989766,negative,1.049437403678894,-0.15894591808319092,1.4622230529785156
1403907671477137411,negative,1.088296890258789,-0.3776528537273407,2.121879816055298
1403907672026583042,neutral,1.7775543928146362,-0.040560267865657806,0.896683394908905
1403907672047509515,positive,1.69879150390625,1.825084924697876,-0.17532339692115784
1403907672110374918,neutral,2.8113205432891846,0.8371056318283081,-0.3084073066711426
1403907672940834818,neutral,2.5836281776428223,0.8456993103027344,-0.09516403824090958
1403907674060722177,negative,1.0353491306304932,-1.2652440071105957,3.8529467582702637
1403907675436486656,neutral,1.8955222368240356,-0.6867144703865051,1.520538330078125
1403907676925353987,negative,1.3231056928634644,-1.2230225801467896,2.717540979385376
1403907678758260738,neutral,1.8891880512237549,0.5245234370231628,0.5609524250030518
1403907678942998532,neutral,2.3133320808410645,-0.2682011127471924,0.5956277251243591
1403907679198879749,negative,1.3330152034759521,-0.5793872475624084,2.323648452758789
1403907680209555458,negative,0.9789859652519226,-0.8240041136741638,2.2486257553100586
1403907680868220931,neutral,2.117527961730957,-0.33211609721183777,1.1511929035186768
1403907681119653888,positive,2.0001065731048584,2.2721900939941406,-0.5241605639457703
1403907681543413764,neutral,2.5836281776428223,0.8456993103027344,-0.09516403824090958
1403907681656705026,neutral,1.6209300756454468,0.1698944866657257,1.050075650215149
1403907682176798720,neutral,2.5836281776428223,0.8456993103027344,-0.09516403824090958
1403907682365411328,neutral,2.686922788619995,0.012738160789012909,0.6487727761268616
1403907683099373578,negative,0.8947703838348389,-0.21060416102409363,1.837630033493042
1403907685972545536,neutral,1.1697646379470825,0.6116050481796265,0.26277559995651245
1403907689198014469,neutral,1.5891209840774536,-0.5160779356956482,1.5606328248977661
1403907690066292736,negative,1.5536513328552246,-1.0428228378295898,2.308077096939087
1403907690791948295,negative,0.9983435273170471,-1.1311976909637451,2.916456460952759
1403907691072737287,neutral,1.825804352760315,-0.3165917992591858,0.8276174068450928
1403907691123204101,negative,1.1628566980361938,-0.08983508497476578,1.5319116115570068
1403907692868083715,negative,1.272011637687683,-1.3896079063415527,3.609194755554199
1403907693082038272,neutral,1.5825916528701782,0.5217200517654419,0.6959550976753235
1403907693224599553,neutral,1.9351364374160767,0.26819759607315063,0.5195210576057434
1403907693258194946,neutral,1.8891880512237549,0.5245234370231628,0.5609524250030518
1403907693669089280,negative,1.1729551553726196,-0.7387373447418213,1.9464083909988403
1403907694667329536,negative,0.6544356942176819,0.6620094776153564,0.9131094813346863
1403907694977712129,neutral,1.8955222368240356,-0.6867144703865051,1.520538330078125
1403907695044972549,neutral,1.719739317893982,-0.5972579717636108,1.6492223739624023
1403907695212568581,neutral,1.8019113540649414,0.9813653826713562,0.04426730051636696
1403907696403701767,negative,1.1900842189788818,-0.8088506460189819,1.826991081237793
1403907699314593792,neutral,3.530146598815918,1.6300079822540283,-1.0650413036346436
1403907700745031680,neutral,1.8996450901031494,1.426132082939148,-0.280071496963501
1403907706314973184,neutral,1.3130210638046265,0.22183260321617126,1.2378573417663574
1403907707703267329,negative,0.8947703838348389,-0.21060416102409363,1.837630033493042
1403907708198195200,neutral,2.5836281776428223,0.8456993103027344,-0.09516403824090958
1403907711884955652,negative,1.3587987422943115,-0.4945161044597626,1.4157540798187256
1403907712740646913,neutral,1.2875597476959229,0.240209698677063,0.9402807354927063
1403907714607030273,neutral,1.3890663385391235,0.46275442838668823,-0.46275681257247925
1403907714800140289,negative,1.3323875665664673,-0.29261741042137146,1.5215339660644531
1403907716813365248,negative,0.11732229590415955,-0.2898828387260437,1.7399054765701294
1403907722223910913,negative,1.3669933080673218,-1.1270499229431152,2.82962703704834
1403907723121500166,neutral,2.2423782348632812,1.6842235326766968,-0.03303610533475876
1403907726946799619,neutral,1.572622299194336,-0.2261621654033661,1.0613069534301758
1403907728024784896,neutral,2.2644357681274414,2.1104466915130615,-0.7098878026008606
1403907728268005382,neutral,2.543001890182495,1.0240801572799683,-0.16154247522354126
1403907728641253382,neutral,1.9780439138412476,-0.6228824853897095,1.7637841701507568
1403907729731637249,neutral,1.825786828994751,-0.04284784942865372,0.7892180681228638
1403907730247766016,neutral,2.514373540878296,1.071725606918335,-0.2064458429813385
1403907730746789890,neutral,0.961303174495697,0.9412568807601929,-0.04039492458105087
1403907731623456769,neutral,1.631001353263855,1.252103567123413,-0.15023821592330933
1403907731682115584,negative,0.5717136263847351,-0.1106690987944603,1.4383647441864014
1403907732143497217,negative,1.251084566116333,-0.6692696213722229,1.7285934686660767
1403907732273614849,neutral,1.5255955457687378,0.7805841565132141,0.34798094630241394
1403907733657591808,negative,1.0012052059173584,-0.7474526762962341,2.1851418018341064
1403907734282461186,neutral,1.7650130987167358,-0.7029990553855896,1.4997855424880981
1403907734324588544,negative,1.0995601415634155,-0.6983869075775146,2.550657033920288
1403907735956213760,positive,1.4842946529388428,2.3568410873413086,-0.4888618588447571
1403907737742835718,negative,1.3299967050552368,-0.66777104139328,1.39303719997406
1403907738342596608,positive,1.1962823867797852,1.9226633310317993,-0.0022208038717508316
1403907738489352196,negative,1.7243825197219849,-0.754857063293457,2.3819990158081055
1403907738632028162,neutral,2.071244239807129,1.4225049018859863,-0.21062658727169037
1403907741408579585,neutral,1.7689250707626343,-0.6652876734733582,1.5192629098892212
1403907741610037252,neutral,1.4392781257629395,-0.1045052632689476,0.7600976824760437
1403907742901751809,negative,0.9028709530830383,-0.366254985332489,1.8749768733978271
1403907744092999683,neutral,2.6754705905914307,1.1542541980743408,-0.23154278099536896
1403907744105705473,negative,1.4123525619506836,-1.2210718393325806,2.979815721511841
1403907744529321984,neutral,1.137880563735962,0.6127020716667175,1.000961422920227
1403907745728942081,neutral,1.3359870910644531,0.2393013834953308,1.045243501663208
1403907746341195776,neutral,1.594359278678894,-0.11202611774206161,1.3583968877792358
1403907747368751105,negative,0.8947703838348389,-0.21060416102409363,1.837630033493042
1403907747486134273,negative,0.9055278301239014,-0.615312397480011,3.3583030700683594
1403907748471967753,negative,1.28131103515625,-0.6982461810112,1.6885292530059814
1403907749474279431,negative,1.2778595685958862,-0.7142622470855713,1.5202032327651978
1403907750527074305,neutral,2.3041439056396484,1.0788042545318604,-0.1774899959564209
1403907751072329729,neutral,2.549631118774414,0.5168192982673645,0.10533691197633743
1403907751131058177,negative,1.1602091789245605,-0.9374420046806335,2.8060452938079834
1403907751764369415,negative,1.0570429563522339,-1.0576072931289673,3.073179006576538
1403907754087968775,negative,1.0942927598953247,-0.2537577748298645,1.5074541568756104
1403907754834673668,negative,1.0977404117584229,0.12950721383094788,1.8085108995437622
1403907755304390657,negative,1.286249041557312,-0.6364784836769104,1.9506028890609741
1403907756789092352,positive,1.1962823867797852,1.9226633310317993,-0.0022208038717508316
1403907756873158657,positive,0.8320691585540771,3.8221099376678467,-0.8473063707351685
1403907757342928898,negative,1.166877031326294,0.22547310590744019,1.540041208267212
1403907758265495554,negative,0.6246071457862854,-0.8417454361915588,2.8708739280700684
1403907760899584001,negative,1.0012052059173584,-0.7474526762962341,2.1851418018341064
1403907761155366922,neutral,1.1690962314605713,1.1565934419631958,0.6226914525032043
1403907761457434624,positive,1.713273286819458,2.3917200565338135,-0.4405863583087921
1403907762774413319,neutral,2.0701539516448975,1.5975531339645386,-0.182098850607872
1403907762984308737,neutral,2.0255134105682373,1.5218650102615356,0.1433909386396408
1403907763097378819,positive,1.1962823867797852,1.9226633310317993,-0.0022208038717508316
1403907763114184705,neutral,2.071244239807129,1.4225049018859863,-0.21062661707401276
1403907765530071041,negative,1.259231686592102,-0.602996826171875,1.8719688653945923
1403907766121492482,negative,1.5601917505264282,-0.920825183391571,1.8033841848373413
1403907767266590720,negative,0.2551059126853943,0.0032595768570899963,2.1761891841888428
1403907769988681734,negative,1.0396097898483276,-1.0733857154846191,2.6914899349212646
1403907770684887041,neutral,1.9218486547470093,-0.8556991219520569,1.5793817043304443
1403907770911502339,negative,0.8431398868560791,-1.0850557088851929,2.8538663387298584
1403907772626849795,positive,1.1962823867797852,1.9226633310317993,-0.0022208038717508316
1403907773679779841,neutral,1.719739317893982,-0.5972579717636108,1.6492223739624023
1403907773943980033,positive,0.24194462597370148,0.9218271970748901,0.6420595049858093
1403907774812020743,negative,0.9009653925895691,-0.735965371131897,2.7964584827423096
1403907776225497089,neutral,1.107886552810669,-0.04955219477415085,1.0351077318191528
1403907776678486021,neutral,1.8198760747909546,0.8568340539932251,0.4308655858039856
1403907777630724099,neutral,2.5836281776428223,0.8456993103027344,-0.09516403824090958
1403907780247834632,neutral,2.5836284160614014,0.8456992506980896,-0.09516412764787674
1403907780658991105,positive,1.4892218112945557,2.6688058376312256,-0.49592769145965576
1403907781879533568,neutral,1.8167301416397095,-0.7457255125045776,1.4744458198547363
1403907784110915589,negative,0.9240877032279968,-1.1747676134109497,3.3573684692382812
1403907784299716608,negative,1.1811083555221558,0.07272729277610779,1.6746410131454468
1403907784500936706,neutral,2.9175734519958496,1.0086373090744019,-0.2020188421010971
1403907785851510786,neutral,3.530146598815918,1.6300079822540283,-1.0650413036346436
1403907786237415430,negative,1.391652226448059,0.024219021201133728,1.764966368675232
1403907787315290112,negative,1.2329200506210327,-0.7590693831443787,2.1600475311279297
1403907787889934337,negative,1.240563988685608,-0.8490549921989441,2.178093910217285
1403907788544385029,neutral,1.8891878128051758,0.5245234370231628,0.560952365398407
1403907789471326212,positive,1.3597081899642944,1.4611239433288574,0.33194687962532043
1403907790767263744,negative,0.9091399312019348,-0.25595685839653015,1.8337440490722656
1403907791220260868,negative,0.3508099317550659,-0.7834691405296326,3.0643787384033203
1403907792461721604,neutral,3.3773181438446045,2.8716578483581543,-1.3752902746200562
1403907792868712450,negative,1.162027359008789,-0.04437192529439926,1.5585510730743408
1403907793078435843,negative,1.242453932762146,-0.22270426154136658,2.054286003112793
1403907793216630784,negative,1.1260405778884888,0.20290952920913696,1.176661729812622
1403907793548189698,negative,0.7607825994491577,0.26658833026885986,0.8684874176979065
1403907793611014145,neutral,1.6550211906433105,0.15934890508651733,0.9476357698440552
1403907793766162432,neutral,2.307462453842163,0.9114862680435181,-0.006231511011719704
1403907796723191816,negative,1.4286103248596191,-0.9739815592765808,2.449653148651123
1403907797058605061,negative,1.5407657623291016,-0.6433165669441223,1.6637554168701172
1403907799025786881,negative,1.3186944723129272,-1.220821499824524,3.128882646560669
1403907799264862212,neutral,3.530146598815918,1.6300079822540283,-1.0650413036346436
1403907799461994496,negative,1.1738076210021973,0.5183055400848389,1.2793595790863037
1403907800309325824,negative,0.6680071353912354,-0.2250937819480896,2.7301061153411865
1403907801320071172,neutral,3.530146598815918,1.6300079822540283,-1.0650413036346436
1403907802997739520,neutral,1.4224352836608887,0.4647752344608307,0.6609458923339844
1403907803220041735,neutral,1.2416115999221802,0.16468286514282227,0.5670780539512634
1403907803727601667,neutral,2.436741828918457,0.6265039443969727,0.39304399490356445
1403907804763758596,neutral,2.3192458152770996,1.4325766563415527,-0.14636248350143433
1403907805329956867,neutral,1.387128233909607,0.4450317919254303,0.9123464226722717
1403907805573173249,negative,0.5766329169273376,-1.081107497215271,3.92429780960083
1403907807267549184,neutral,2.077286720275879,2.0228757858276367,-0.5559775829315186
1403907807490068481,neutral,2.1532227993011475,-0.3738725483417511,0.8950988054275513
1403907807938744322,neutral,2.4738619327545166,1.6053005456924438,-0.3550594747066498
1403907807951261705,positive,1.753281831741333,3.1768858432769775,-0.8427643775939941
1403907808387645441,neutral,1.4385548830032349,-0.2711038589477539,1.233019471168518
1403907808555319299,negative,1.6567432880401611,-1.0887362957000732,2.2641079425811768
1403907808970616834,neutral,2.1051135063171387,0.6563209295272827,0.691685676574707
1403907810459635713,neutral,1.5122648477554321,-0.30031290650367737,1.3299974203109741
1403907810891644930,neutral,1.4471620321273804,1.285084843635559,0.022250231355428696
1403907811092799490,neutral,1.486788034439087,1.2452102899551392,0.20337344706058502
1403907811214385154,neutral,2.32804799079895,0.8555125594139099,0.2549325227737427
1403907811894083589,negative,0.8947703838348389,-0.21060416102409363,1.837630033493042
1403907813886279680,negative,1.391652226448059,0.024219021201133728,1.764966368675232
1403907814213361665,negative,1.3622090816497803,-1.2497317790985107,2.755141258239746
1403907814288932872,negative,0.9065081477165222,-0.060929544270038605,1.4259469509124756
1403907814586609665,neutral,1.5273760557174683,0.649255633354187,0.19906707108020782
1403907815350038534,neutral,2.234025478363037,1.1300568580627441,-0.39407315850257874
1403907815530405894,positive,1.685198426246643,3.039599895477295,-0.5585664510726929
1403907816599932930,neutral,2.3999643325805664,1.73880934715271,-0.52907395362854
1403907816604061697,negative,0.7591385245323181,-0.09693647176027298,2.0241036415100098
1403907816830771210,neutral,2.101672410964966,-0.055320002138614655,0.7706729769706726
1403907816851574787,neutral,3.0765271186828613,0.5620991587638855,0.07555066794157028
1403907817849958406,neutral,2.579604148864746,1.0149352550506592,0.20421791076660156
1403907817938034691,neutral,2.514373540878296,1.071725606918335,-0.2064458429813385
1403907818986475524,negative,0.9645483493804932,-0.8084033727645874,1.8893882036209106
1403907819343056897,neutral,1.6245570182800293,0.7217553853988647,0.4965929687023163
1403907824275668993,neutral,1.2875598669052124,0.24020972847938538,0.9402807950973511
1403907824980267015,neutral,1.879719614982605,0.07353800535202026,0.7502173185348511
1403907826376970243,positive,0.9437273144721985,1.1894725561141968,0.9375275373458862
1403907828037820419,negative,1.391652226448059,0.024219021201133728,1.764966368675232
1403907828473946114,neutral,1.963482141494751,-0.499712198972702,1.0693345069885254
1403907829082189825,negative,1.0476502180099487,-1.1160961389541626,3.187943458557129
1403907831674384385,negative,1.3083453178405762,-0.8450838327407837,2.5062758922576904
1403907832748154882,neutral,1.5122648477554321,-0.30031290650367737,1.3299974203109741
1403907833943498752,negative,1.391652226448059,0.024219021201133728,1.764966368675232
1403907834358730755,neutral,2.181605100631714,0.3870478868484497,0.30689576268196106
1403907835411369986,neutral,2.187086343765259,0.7712247371673584,0.7436114549636841
1403907835436711936,negative,1.238027811050415,-0.8576004505157471,2.3463873863220215
1403907836271370240,negative,1.259231686592102,-0.602996826171875,1.8719688653945923
1403907836413976580,negative,1.3364512920379639,-1.450999140739441,3.386152505874634
1403907836761952261,neutral,3.530146598815918,1.6300079822540283,-1.0650413036346436
1403907836862734337,negative,1.3323875665664673,-0.29261741042137146,1.5215339660644531
1403907838750101505,neutral,1.8643683195114136,0.22792044281959534,0.5607424974441528
1403907839538700295,neutral,1.594359278678894,-0.11202613264322281,1.3583968877792358
1403907840465571845,positive,1.1427096128463745,1.587222695350647,0.011784050613641739
1403907842852093954,neutral,2.5836281776428223,0.8456993103027344,-0.09516403824090958
1403907844722855937,negative,1.1499913930892944,0.4217909872531891,1.1620463132858276
1403907844890497024,neutral,1.594359278678894,-0.11202611774206161,1.3583968877792358
1403907845054091268,neutral,3.116283655166626,1.1959278583526611,-0.45118823647499084
1403907845574193152,negative,1.391652226448059,0.024219021201133728,1.764966368675232
1403907845817466881,neutral,1.3825763463974,0.013496436178684235,1.1845680475234985
1403907847235072008,neutral,2.012491226196289,-0.6899301409721375,1.415040135383606
1403907849290457093,negative,1.2078721523284912,-1.0100873708724976,2.8005011081695557
1403907849575550980,neutral,2.4451868534088135,-0.301714152097702,0.8404132723808289
1403907850208960512,negative,0.8356598615646362,-0.3382604420185089,2.0937702655792236
1403907850645221380,negative,1.224915862083435,-0.9688088297843933,2.2292377948760986
1403907851127603201,negative,1.3278025388717651,-0.4442639648914337,1.781044363975525
1403907851702071298,negative,1.14103364944458,-0.7241106033325195,2.2143898010253906
1403907852339757059,neutral,1.555951476097107,0.9688064455986023,0.18715286254882812
1403907852566110211,positive,2.107511520385742,2.1092689037323,-0.26176655292510986
1403907852662677504,negative,1.0032535791397095,-0.9409978985786438,3.6583120822906494
1403907853015044102,negative,1.5516529083251953,-0.8786385655403137,1.879793643951416
1403907853232984069,negative,1.1430113315582275,-0.3952552080154419,1.5972062349319458
1403907854537428999,negative,1.391652226448059,0.024219021201133728,1.764966368675232
1403907854667448326,neutral,2.727379560470581,0.8311108350753784,-0.45541641116142273
1403907855497850881,neutral,2.6754705905914307,1.1542541980743408,-0.23154278099536896
1403907856429203458,negative,0.9784460663795471,-1.1186621189117432,2.849490165710449
1403907856487886851,neutral,1.895522117614746,-0.6867144703865051,1.520538330078125
1403907856835903499,negative,1.191004753112793,0.0986245721578598,1.2045561075210571
1403907860174618625,neutral,1.6314855813980103,0.49779582023620605,-0.20673522353172302
1403907861537767427,neutral,1.1650580167770386,0.7365825772285461,0.39895954728126526
1403907862099685378,neutral,1.9432430267333984,0.37777581810951233,0.3780023157596588
1403907864226418699,neutral,1.555977463722229,0.12324855476617813,0.8651607036590576
1403907864947675138,neutral,2.0026564598083496,0.2451196312904358,0.6241268515586853
1403907868701585419,negative,0.9950928092002869,-0.11090254038572311,1.0100740194320679
1403907869574012932,negative,1.2215113639831543,-0.7308064103126526,2.166889190673828
1403907869750304771,positive,1.390924096107483,4.833767414093018,-1.4208074808120728
1403907871713136640,negative,0.6507300138473511,0.7651802897453308,1.2026194334030151
1403907872027676672,negative,1.4070522785186768,-0.9250665307044983,1.9019064903259277
1403907873361465347,negative,1.3916760683059692,-0.8164407014846802,1.8229349851608276
1403907873470484481,neutral,1.365983247756958,-0.026248805224895477,1.3223859071731567
1403907874259148805,neutral,1.7432249784469604,0.14833343029022217,0.8194809556007385
1403907876364513280,neutral,3.530146598815918,1.6300079822540283,-1.0650413036346436
1403907877186768899,neutral,1.2870901823043823,-0.018645085394382477,1.1803334951400757
1403907877903949831,neutral,3.684999942779541,2.485286235809326,-1.0508142709732056
1403907877996220417,neutral,1.8327511548995972,0.14273379743099213,0.7144150137901306
1403907878956589057,positive,1.3945157527923584,2.1242551803588867,-0.4533323049545288
1403907879023919104,negative,1.2623422145843506,-1.2370593547821045,2.9731826782226562
1403907879975981059,neutral,2.6754705905914307,1.1542541980743408,-0.23154278099536896
1403907882140286978,negative,0.7741621136665344,-0.25764113664627075,1.5385715961456299
1403907882182119424,negative,1.425748586654663,-0.185784250497818,1.7876758575439453
1403907882542723072,negative,1.2933272123336792,0.2667681574821472,1.5749058723449707
1403907882714906625,neutral,1.6209300756454468,0.1698944866657257,1.050075650215149
1403907884652527621,neutral,1.5676323175430298,-0.5248143076896667,1.32241690158844
1403907884732194818,negative,0.8070407509803772,-0.5685260891914368,1.7291041612625122
1403907890755387392,neutral,1.3691102266311646,1.1148018836975098,0.35051506757736206
1403907891216752641,negative,1.1046594381332397,0.25438931584358215,1.4562627077102661
1403907891942154243,neutral,1.5042113065719604,0.9492843747138977,0.21227920055389404
1403907892600659969,neutral,3.530146598815918,1.6300079822540283,-1.0650413036346436
1403907892797837312,negative,1.2213279008865356,-1.2218204736709595,3.125633716583252
1403907893930328064,neutral,1.5548920631408691,1.3897467851638794,-0.4209086298942566
1403907895029207043,negative,1.260987639427185,0.0018828287720680237,2.1560471057891846
1403907897143169027,positive,1.1962823867797852,1.9226634502410889,-0.0022208411246538162
1403907897268920320,neutral,2.3590595722198486,1.0905143022537231,-0.2741197347640991
1403907897600315392,positive,1.6184121370315552,1.6187851428985596,0.0750914067029953
1403907898263097346,neutral,2.389080047607422,1.1860265731811523,-1.0317414999008179
1403907898980257794,negative,1.3535683155059814,-0.11944342404603958,1.8305312395095825
1403907899039100932,negative,1.1811085939407349,0.0727272629737854,1.6746410131454468
1403907899982848000,negative,0.8861480355262756,-1.0351577997207642,3.68896746635437
1403907900641140740,negative,1.3147251605987549,-0.32938024401664734,2.387050151824951
1403907900704137218,neutral,2.6754703521728516,1.1542541980743408,-0.2315426915884018
1403907902046294018,positive,1.7854235172271729,2.673910617828369,-0.7099721431732178
1403907902763536384,negative,1.0992170572280884,-1.0995700359344482,3.0814456939697266
1403907903031963649,positive,1.0178351402282715,1.43932044506073,0.1424005776643753
1403907904437166080,neutral,2.5836284160614014,0.8456993699073792,-0.09516402333974838
1403907907498876932,neutral,1.6751916408538818,0.02679453417658806,1.141197919845581
1403907907767484416,neutral,1.4362839460372925,0.755046010017395,0.46864309906959534
1403907908262240256,neutral,1.399945616722107,-0.42919155955314636,1.3019341230392456
1403907908622983169,negative,0.8883509039878845,-0.0038021132349967957,1.4297627210617065
1403907908778266626,neutral,1.594359278678894,-0.11202608793973923,1.3583967685699463
1403907910036381696,positive,1.685198426246643,3.039599895477295,-0.5585664510726929
1403907910430859265,negative,1.1842385530471802,-1.0876374244689941,2.5539402961730957
1403907913064747009,neutral,2.4799609184265137,0.5016931295394897,0.1392359882593155
1403907914314645504,neutral,1.6550211906433105,0.15934890508651733,0.9476357698440552
1403907915279257604,negative,1.472486138343811,-1.0126250982284546,2.1913833618164062
1403907916726374400,negative,1.2355066537857056,-0.28033363819122314,1.3017135858535767
1403907917326159872,neutral,2.012491226196289,-0.6899301409721375,1.415040135383606
1403907917347049474,negative,0.9605687260627747,-0.7414638996124268,2.587991237640381
1403907919108845572,neutral,2.6450490951538086,-0.404793381690979,1.0429224967956543
1403907920216027137,negative,0.760922908782959,0.5753948092460632,1.0389477014541626
1403907921142980610,negative,1.1186381578445435,-0.9296377897262573,2.2858612537384033
1403907923718262784,neutral,1.5697033405303955,0.129606693983078,1.0873126983642578
1403907924490031107,neutral,2.549631357192993,0.516819417476654,0.10533689707517624
1403907924808720393,neutral,2.3230652809143066,-0.2532515525817871,1.2237235307693481
1403907926180253698,negative,1.8239589929580688,-0.8464726805686951,2.1721243858337402
1403907926452887558,negative,1.78184974193573,-0.8212740421295166,1.7911601066589355
1403907927283486720,negative,0.8947703838348389,-0.21060416102409363,1.837630033493042
1403907930286477313,neutral,1.541127324104309,0.19630587100982666,0.9973028898239136
1403907931054260225,neutral,1.6550211906433105,0.15934890508651733,0.9476357698440552
1403907931163095040,neutral,1.8445197343826294,0.2366166114807129,0.8432996869087219
1403907931267948544,neutral,2.0947179794311523,0.3136618733406067,0.6514492034912109
1403907933310754816,neutral,1.5240306854248047,0.20130109786987305,0.2976337671279907
1403907933537128452,negative,1.629645824432373,-0.8305992484092712,1.6794260740280151
1403907934116007939,neutral,2.6881070137023926,0.9846224784851074,0.00920286774635315
1403907935881793539,positive,1.042963981628418,1.3469994068145752,0.37661927938461304
1403907935894388739,positive,1.2354943752288818,1.2459735870361328,0.4730316996574402
1403907936330522624,neutral,1.5418540239334106,0.5490372180938721,0.8067532777786255
1403907936963858434,neutral,1.63606595993042,1.0367742776870728,0.2549653947353363
1403907937018552320,negative,1.2732700109481812,-0.3873980641365051,1.342519760131836
1403907938171772932,neutral,1.7659846544265747,-0.44653019309043884,1.4973394870758057
1403907938519961604,negative,1.3916523456573486,0.024218976497650146,1.764966607093811
1403907938641661958,negative,1.3707419633865356,-0.3254077732563019,1.523650884628296
1403907940222898179,neutral,1.7914713621139526,0.3034902513027191,1.0121766328811646
1403907941275738113,positive,0.8226541876792908,1.4320461750030518,0.4007529020309448
1403907941615296517,positive,0.8600216507911682,1.574070692062378,0.40138980746269226
1403907942731194369,neutral,1.6643736362457275,0.33298084139823914,0.36781200766563416
1403907943226134528,negative,0.8807203769683838,-0.27197930216789246,1.9455091953277588
1403907944467603457,negative,1.2596187591552734,-0.8773537874221802,2.2828218936920166
1403907944509370368,negative,1.031258463859558,-0.6420953273773193,2.402681589126587
1403907945125990402,negative,0.9009653925895691,-0.735965371131897,2.7964584827423096
1403907945822294016,neutral,1.8549262285232544,1.788304328918457,-0.42179736495018005
1403907946694598660,negative,1.1986054182052612,-0.5843173265457153,2.0607099533081055
1403907946870755332,neutral,3.530146598815918,1.6300079822540283,-1.0650413036346436
1403907948313722881,neutral,1.4424796104431152,-0.05076514929533005,1.010056495666504
1403907950075281411,neutral,1.8283060789108276,-0.6700338125228882,1.4685320854187012
1403907951354650627,negative,1.391795039176941,-0.29284194111824036,2.4058096408843994
1403907951564312577,neutral,1.3212368488311768,1.2874035835266113,-0.015089413151144981
1403907960938586117,negative,0.8947703838348389,-0.21060416102409363,1.837630033493042
1403907962301788160,negative,1.391652226448059,0.024219021201133728,1.764966368675232
1403907963371151364,positive,1.9878771305084229,3.089458703994751,-0.8700538873672485
1403907966026223618,neutral,2.436741828918457,0.6265038251876831,0.3930439352989197
1403907966059700224,neutral,2.6881070137023926,0.9846224784851074,0.00920286774635315
1403907966210772997,positive,1.1962823867797852,1.9226633310317993,-0.0022208038717508316
1403907968605773825,negative,1.4619503021240234,-1.0033764839172363,2.5368540287017822
1403907970392465411,neutral,1.8445197343826294,0.2366166114807129,0.8432996869087219
1403907973320122374,neutral,3.530146598815918,1.6300079822540283,-1.0650413036346436
1403907973408194560,neutral,2.076320171356201,0.28397953510284424,0.39963164925575256
1403907973890514950,neutral,1.6751916408538818,0.02679453417658806,1.141197919845581
1403907973898850305,neutral,2.099456310272217,0.13862623274326324,0.6843537092208862
1403907976658767872,neutral,1.79129159450531,0.8064801096916199,0.8144351243972778
1403907980102414341,positive,1.4489885568618774,1.6204357147216797,0.09375883638858795
1403907980500684801,negative,0.8133317828178406,-1.2925500869750977,3.561915159225464
1403907980760797186,positive,1.685198426246643,3.039599895477295,-0.5585664510726929
1403907981301985282,neutral,2.169309616088867,0.17105650901794434,1.296540379524231
1403907981524320258,positive,0.6840466260910034,0.8729891180992126,-0.15138623118400574
1403907981570347009,negative,0.6185116767883301,-0.5865206718444824,3.0255191326141357
1403907981914279936,negative,0.8992781043052673,-0.007270410656929016,1.510790228843689
1403907982249791491,negative,1.2667557001113892,-0.2920339107513428,1.761719822883606
1403907983118057473,neutral,1.4561560153961182,-0.7286320328712463,1.3531742095947266
1403907986322608128,neutral,1.8558752536773682,-0.6239904165267944,1.5250625610351562
1403907986909646848,neutral,3.530146598815918,1.6300079822540283,-1.0650413036346436
1403907990634250242,negative,1.4520832300186157,-0.9253005385398865,1.8771528005599976
1403907992244867081,positive,1.0789008140563965,1.1029431819915771,0.8244478702545166
1403907992378953734,neutral,3.530146598815918,1.6300079822540283,-1.0650413036346436
1403907992991387653,neutral,1.7650130987167358,-0.7029990553855896,1.4997855424880981
1403907993574412288,neutral,1.3380610942840576,-0.27398326992988586,1.108021855354309
1403907996397232129,negative,0.7244133949279785,0.10482397675514221,1.7647387981414795
1403907996753666048,positive,1.334754467010498,1.6714845895767212,0.26079434156417847
1403907998561538050,neutral,1.4627364873886108,1.4488041400909424,0.3358224630355835
1403908000801198082,positive,1.6499046087265015,4.058252811431885,-0.9200567007064819
1403908000813772801,neutral,1.9720666408538818,1.4459565877914429,0.12521056830883026
1403908002143510532,negative,1.2184216976165771,0.27119290828704834,1.248372197151184
1403908002252353538,negative,0.920079231262207,-1.2956750392913818,3.7806737422943115
1403908003250704384,neutral,1.0512385368347168,0.5331445336341858,0.12458562105894089
1403908004420849664,negative,1.1972912549972534,0.3014422357082367,1.5270863771438599
1403908005330972673,neutral,1.660071849822998,-0.5616735219955444,1.3234951496124268
1403908005905711107,negative,1.2446165084838867,-0.312629371881485,1.4702305793762207
1403908006178299906,positive,1.685198426246643,3.039599895477295,-0.5585664510726929
1403908006887182340,positive,1.0564758777618408,1.444417119026184,0.17174668610095978
1403908006924886021,neutral,2.2578392028808594,-0.7540339827537537,0.9918026924133301
1403908007935811591,neutral,1.2916942834854126,1.01752769947052,-0.20796717703342438
1403908008308998155,negative,0.699127197265625,-0.19515827298164368,2.2493178844451904
1403908011106594817,negative,1.2839469909667969,-0.29598474502563477,2.111675977706909
1403908013291835393,negative,1.1127424240112305,-0.11102110892534256,1.172279715538025
1403908013367324681,neutral,2.5836281776428223,0.8456993103027344,-0.09516403824090958
1403908013526700032,neutral,1.6895992755889893,0.47044697403907776,1.0495656728744507
1403908013891616769,neutral,2.999417543411255,2.5841312408447266,-0.9527353644371033
1403908014772531205,neutral,1.137995719909668,0.8867666721343994,-0.06549141556024551
1403908018429841416,negative,1.1656157970428467,0.0075086504220962524,1.5505036115646362
1403908018975117317,negative,1.3604220151901245,-0.6569849848747253,1.9547966718673706
1403908019323289603,positive,2.2921502590179443,6.037067413330078,-2.264310359954834
1403908020296314880,positive,1.0564758777618408,1.4444172382354736,0.17174671590328217
1403908020426350592,negative,2.111268997192383,-1.083885908126831,2.2172744274139404
1403908020581670912,neutral,1.7421828508377075,0.1114787682890892,0.7767464518547058
1403908021109989379,negative,1.2213279008865356,-1.2218204736709595,3.125633716583252
1403908021256802304,neutral,2.3662948608398438,0.7364298105239868,-0.23055435717105865
1403908021546332162,negative,0.7489191293716431,-0.2733510434627533,2.2142717838287354
1403908021747597313,neutral,2.4218757152557373,-0.10233251005411148,0.7690434455871582
1403908021802221571,neutral,1.895522117614746,-0.6867144703865051,1.520538330078125
1403908022385119232,negative,1.0977404117584229,0.1295071542263031,1.8085113763809204
1403908023614017542,neutral,1.9447441101074219,-0.039939261972904205,0.956520140171051
1403908024490733571,positive,1.8088068962097168,1.9297055006027222,-0.3738862872123718
1403908024700489733,neutral,1.7501630783081055,-0.1407139003276825,0.6101891398429871
1403908024893206533,negative,1.3125836849212646,-0.7183367609977722,2.1979761123657227
1403908025212018696,neutral,1.6324712038040161,-0.3047652840614319,1.5853686332702637
1403908025669193733,positive,2.2023653984069824,2.346116304397583,-0.2211185246706009
1403908026478710789,negative,1.1738076210021973,0.5183055400848389,1.2793595790863037
1403908026956976132,neutral,1.3648943901062012,-0.26864954829216003,0.8274450898170471
1403908027657330696,positive,1.3210835456848145,1.8240880966186523,-0.23454119265079498
1403908027858624514,negative,1.2205229997634888,-0.915720522403717,2.231069564819336
1403908028613771269,negative,1.2150462865829468,-0.649084746837616,2.0413801670074463
1403908030069018624,neutral,2.381389617919922,1.4797824621200562,-0.5918550491333008
1403908030740111360,negative,1.147186517715454,0.057199832051992416,1.661120057106018
1403908031113359363,neutral,1.445405125617981,-0.565482497215271,1.3894476890563965
1403908032233234434,positive,0.8063238859176636,0.810920774936676,0.6861058473587036
1403908033025953801,neutral,1.43927800655365,-0.10450524836778641,0.7600976824760437
1403908033403441154,positive,1.735992193222046,3.328082799911499,-0.930597722530365
1403908034531938305,negative,0.9225044250488281,-0.8562207221984863,2.099886894226074
1403908034821251074,neutral,1.6763226985931396,0.17155176401138306,1.2490477561950684
1403908035689410562,negative,0.47406625747680664,0.6661984920501709,1.5746062994003296
1403908037258092544,negative,1.0994079113006592,-0.32625433802604675,1.7494679689407349
1403908037572665347,neutral,1.5001468658447266,-0.3186923563480377,1.415311336517334
1403908037803274243,neutral,2.307462453842163,0.9114862084388733,-0.006231555715203285
1403908037803315202,neutral,2.890138626098633,1.691551685333252,-0.8679400682449341
1403908039548280835,neutral,2.5836281776428223,0.8456993103027344,-0.09516403824090958
1403908039653089280,neutral,0.838645875453949,0.5154494047164917,0.5838631987571716
1403908040756105221,negative,1.0174620151519775,-1.379631757736206,3.7236528396606445
1403908042907951108,neutral,1.594359278678894,-0.112026147544384,1.3583967685699463
1403908042962309122,neutral,1.594359278678894,-0.1120261624455452,1.3583968877792358
1403908043650134017,negative,1.0012052059173584,-0.7474526762962341,2.1851418018341064
1403908044233318403,negative,0.5388932824134827,-0.08408632129430771,1.1254112720489502
1403908044384194561,neutral,1.3648943901062012,-0.26864954829216003,0.8274450898170471
1403908046061854729,neutral,3.0954792499542236,1.504306674003601,-0.5626687407493591
1403908046141771777,neutral,1.895522117614746,-0.6867144703865051,1.520538330078125
1403908047257411586,neutral,1.075618028640747,0.40278562903404236,1.019139051437378
1403908049115312131,negative,1.272011637687683,-1.3896079063415527,3.609194755554199
1403908050998550530,negative,1.9760444164276123,-1.1435997486114502,2.0983781814575195
1403908051761913856,negative,1.2145130634307861,-0.8037516474723816,2.3396356105804443
1403908053775306752,neutral,2.6754705905914307,1.1542541980743408,-0.23154278099536896
1403908054501019649,neutral,1.7659844160079956,-0.44653013348579407,1.4973394870758057
1403908054953779207,negative,0.7074268460273743,-0.8749136924743652,2.3961234092712402
1403908055209693190,negative,1.0675121545791626,0.6715149283409119,1.2268794775009155
1403908056598024198,neutral,2.009561061859131,-0.5326072573661804,1.496212124824524
1403908057369767943,negative,1.1813074350357056,0.39784860610961914,1.3690812587738037
1403908059106209792,positive,2.1112701892852783,3.3505656719207764,-1.0554656982421875
1403908059966042114,negative,0.7235172986984253,0.5189856290817261,1.1424643993377686
1403908062713237510,neutral,2.362335681915283,-0.018540702760219574,0.864435076713562
1403908062918832128,negative,0.5772498250007629,0.7021394371986389,0.8968451619148254
1403908065372426240,positive,1.9847230911254883,4.31626033782959,-1.488273024559021
1403908067238895620,neutral,1.374516487121582,-0.18713641166687012,1.2033274173736572
1403908067448614912,negative,1.2213279008865356,-1.2218204736709595,3.125633716583252
1403908067897479169,neutral,1.042447805404663,-0.15395158529281616,0.5752248764038086
1403908068455247876,positive,1.685198426246643,3.039599895477295,-0.5585664510726929
1403908069088583684,negative,0.7104068398475647,-0.7153922915458679,1.999464511871338
1403908069675913218,negative,1.1811085939407349,0.0727272629737854,1.6746410131454468
1403908070250455041,neutral,1.637675404548645,0.45437195897102356,0.5790775418281555
1403908070699274247,neutral,2.1423227787017822,-0.11405441910028458,0.9149994254112244
1403908071743758336,negative,1.3024911880493164,-1.2609578371047974,2.90960431098938
1403908072263675905,positive,1.3113293647766113,3.716261863708496,-0.5974729061126709
1403908073337540610,negative,1.3151606321334839,-0.2663532495498657,1.4869532585144043
1403908076156108800,neutral,2.5836281776428223,0.8456993103027344,-0.09516403824090958
1403908077485576200,negative,1.3337152004241943,-1.0725456476211548,2.48653507232666
1403908080698638336,negative,1.224600076675415,-0.36247843503952026,1.2969332933425903
1403908084490178565,negative,1.391652226448059,0.024219021201133728,1.764966368675232
1403908085169549315,negative,0.9984425902366638,-0.6138758063316345,2.4291832447052
1403908085895163907,negative,0.8137018084526062,0.17929144203662872,1.6847718954086304
1403908085966512130,negative,1.1656157970428467,0.0075086504220962524,1.5505036115646362
1403908086545338376,negative,1.4751019477844238,-1.2067731618881226,2.9240221977233887
1403908086549532681,positive,0.7327502369880676,1.1370759010314941,0.23116229474544525
1403908087493193732,neutral,2.164260149002075,0.3419821560382843,0.40984490513801575
1403908088130772992,negative,0.9117758870124817,-1.0141557455062866,2.625262975692749
1403908089762385923,neutral,3.530146598815918,1.6300079822540283,-1.0650413036346436
1403908090865623045,neutral,1.3822154998779297,0.039972931146621704,1.2649226188659668
1403908092220219392,neutral,2.4257383346557617,0.18466773629188538,0.3467384874820709
1403908092270583816,positive,0.24194462597370148,0.9218271970748901,0.6420595049858093
1403908093046452232,neutral,3.014608383178711,1.1760292053222656,-0.5262573957443237
1403908094061514759,neutral,2.122028112411499,0.21724092960357666,0.3909994661808014
1403908094451585027,neutral,1.4257129430770874,-0.6496440172195435,1.2980788946151733
1403908098046185476,negative,1.1140713691711426,-0.04103655368089676,1.4329825639724731
1403908098402754560,neutral,1.2359064817428589,-0.2743396759033203,0.28690966963768005
1403908098771849220,positive,0.64460289478302,0.7216508388519287,0.17016738653182983
1403908099153539077,negative,1.2582910060882568,-0.7103613018989563,2.002568244934082
1403908099203911680,negative,0.5981670618057251,-1.2214032411575317,3.8914382457733154
1403908099895746561,negative,0.9844107627868652,-0.3212084472179413,1.7299878597259521
1403908102559305728,positive,0.24194462597370148,0.9218271970748901,0.6420595049858093
1403908103393923072,negative,1.5789872407913208,-0.4324898421764374,1.7984488010406494
1403908104278839303,negative,1.391652226448059,0.024219021201133728,1.764966368675232
1403908106430648321,negative,1.514209508895874,-0.4383614957332611,1.9218716621398926
1403908106841587713,negative,0.5185803771018982,-0.5486605763435364,2.6399500370025635
1403908107030368256,negative,1.5003093481063843,-1.0843689441680908,2.319007396697998
1403908107244244993,negative,1.538426160812378,-1.116156816482544,2.832719564437866
1403908108229955585,neutral,1.8445197343826294,0.2366165816783905,0.8432997465133667
1403908108720689154,positive,1.8236933946609497,2.031595468521118,-0.3543674945831299
1403908109765169155,negative,1.391652226448059,0.024219021201133728,1.764966368675232
1403908110801014786,negative,1.0269943475723267,-0.30437272787094116,2.202965497970581
1403908111681925121,positive,0.9072463512420654,2.05057692527771,0.11166095733642578
1403908112667447296,neutral,1.648800015449524,-0.1785365641117096,1.050427794456482
1403908114873675780,negative,1.0012052059173584,-0.7474526762962341,2.1851418018341064
1403908115964203008,neutral,2.0666186809539795,-0.14168387651443481,1.0293915271759033
1403908116647972867,neutral,1.7072522640228271,-0.09100594371557236,0.9625937938690186
1403908117679640579,negative,1.0748860836029053,-0.24465712904930115,1.965253472328186
1403908118153596931,negative,1.0353491306304932,-1.2652440071105957,3.8529467582702637
1403908123585236996,negative,0.5865145921707153,-0.12006551772356033,1.7191849946975708
1403908124067594242,neutral,2.1239442825317383,1.7020485401153564,-0.32931095361709595
1403908124466110465,negative,1.425748586654663,-0.185784250497818,1.7876758575439453
1403908125053366272,negative,0.8947703838348389,-0.21060416102409363,1.837630033493042
1403908125242105863,neutral,1.9715583324432373,0.910291850566864,0.39021581411361694
1403908126391390210,negative,1.391652226448059,0.024219021201133728,1.764966368675232
1403908127326674946,negative,1.4937011003494263,-1.2051976919174194,3.207880973815918
1403908129658753029,neutral,1.895522117614746,-0.6867144703865051,1.520538330078125
1403908132678430724,neutral,2.0195538997650146,0.5650235414505005,0.5862074494361877
1403908138189824002,negative,1.391652226448059,0.024219021201133728,1.764966368675232
1403908141478150155,negative,1.0353491306304932,-1.2652440071105957,3.8529467582702637
1403908142455394313,neutral,2.3623578548431396,-0.501113772392273,1.0053831338882446
1403908142845497348,neutral,3.530146360397339,1.6300075054168701,-1.0650410652160645
1403908143491452929,neutral,1.4987831115722656,1.3313997983932495,1.199106216430664
1403908143822802945,negative,0.846579372882843,-0.6709871888160706,2.9206058979034424
1403908144057753601,neutral,2.5836284160614014,0.8456993699073792,-0.09516405314207077
1403908144351301632,neutral,2.5448522567749023,2.4144184589385986,-1.0901169776916504
1403908144384790531,neutral,1.6193499565124512,0.6096640229225159,0.3195377588272095
1403908144858730498,negative,0.6726751327514648,-0.06962812691926956,2.090850830078125
1403908145177452544,negative,1.0012052059173584,-0.7474526762962341,2.1851418018341064
1403908145240367108,neutral,1.9235754013061523,0.33928653597831726,-0.2279772013425827
1403908145630650373,neutral,1.8957022428512573,0.49880144000053406,0.2651660442352295
1403908146545008640,negative,1.391652226448059,0.024219021201133728,1.764966368675232
1403908147425669123,negative,1.3496973514556885,-0.7677763104438782,1.6425378322601318
1403908148360925184,negative,1.5637716054916382,-0.8004037141799927,1.9512150287628174
1403908148566573067,neutral,3.311377763748169,1.3037000894546509,-1.0316120386123657
1403908149183008776,neutral,2.285017728805542,1.5488380193710327,-0.6150910258293152
1403908149417967617,negative,0.5764267444610596,-1.3594039678573608,5.090942859649658
1403908149736787974,negative,1.1811085939407349,0.0727272629737854,1.6746410131454468
1403908153234784256,negative,1.0332292318344116,-0.005665116012096405,1.4128543138504028
1403908155629707266,negative,1.1656157970428467,0.0075086504220962524,1.5505036115646362
1403908156594524163,negative,1.4070522785186768,-0.9250665307044983,1.9019064903259277
1403908158053969926,neutral,1.6411781311035156,0.22022497653961182,1.0521163940429688
1403908158452502532,neutral,2.252612829208374,-0.8143556714057922,1.207482933998108
1403908158636974083,neutral,1.165126085281372,-0.37902501225471497,0.7491270899772644
1403908159228448776,positive,1.1962823867797852,1.9226633310317993,-0.0022208038717508316
1403908159484407808,negative,1.0883618593215942,-0.5602695345878601,1.920455813407898
1403908160960618497,negative,0.23963215947151184,0.9020295143127441,1.391356348991394
1403908161224941571,neutral,2.306673765182495,-0.38158661127090454,0.8096886277198792
1403908162722308100,neutral,1.8891880512237549,0.5245234370231628,0.5609524250030518
1403908163729072134,negative,1.391652226448059,0.024219021201133728,1.764966368675232
1403908165297532938,negative,0.9866892695426941,-0.3726559579372406,2.3679018020629883
1403908165918507009,neutral,2.6754705905914307,1.1542541980743408,-0.23154278099536896
1403908166354493442,negative,1.5876938104629517,-0.829102098941803,2.14081072807312
1403908166417518597,positive,2.398479700088501,3.810936212539673,-0.4081118106842041
1403908167411585024,neutral,1.4943267107009888,-0.0668715313076973,1.1193318367004395
1403908167931727883,positive,1.1250120401382446,3.1453592777252197,-0.5172603130340576
1403908168770596864,negative,0.8699873685836792,0.4603428244590759,1.6604399681091309
1403908169085063180,negative,0.8023045659065247,-0.39527708292007446,2.0200557708740234
1403908169403826176,negative,1.0385158061981201,-0.9590341448783875,2.2978899478912354
1403908171954012164,negative,0.9884580373764038,-0.07257776707410812,1.4904625415802002
1403908172222328832,negative,1.3675543069839478,-1.048872947692871,2.4756901264190674
1403908172381933570,negative,1.1811085939407349,0.0727272480726242,1.6746410131454468
1403908172637609988,negative,0.44789576530456543,-0.2984711229801178,2.813276529312134
1403908173862371330,neutral,2.086430311203003,1.4971832036972046,-0.3814409375190735
1403908174026055681,negative,1.238027811050415,-0.8576004505157471,2.3463873863220215
1403908175087108102,neutral,1.6751917600631714,0.026794519275426865,1.1411980390548706
1403908175435239427,negative,1.3060728311538696,-1.0059758424758911,2.538287878036499
1403908176768999431,positive,1.8709020614624023,3.832406759262085,-0.7204595804214478
1403908177150636032,negative,1.0353491306304932,-1.2652440071105957,3.8529467582702637
1403908177624588288,negative,1.2778594493865967,-0.7142621874809265,1.5202033519744873
1403908177939222531,neutral,2.120673656463623,0.5385459661483765,0.049272675067186356
1403908178199289856,negative,1.0627849102020264,-0.004294171929359436,1.7522209882736206
1403908178262196227,negative,1.4417675733566284,-0.9264219403266907,2.277371406555176
1403908179952652300,negative,1.0863003730773926,-1.2710696458816528,3.220538377761841
1403908180644671491,negative,2.111268997192383,-1.083885908126831,2.2172744274139404
1403908181387055106,negative,1.3815377950668335,-1.1605868339538574,2.6029374599456787
1403908181558919168,negative,1.3231056928634644,-1.2230225801467896,2.717540979385376
1403908181680693255,neutral,3.530146598815918,1.6300079822540283,-1.0650413036346436
1403908183345741831,neutral,2.077286720275879,2.0228757858276367,-0.5559775829315186
1403908183744159748,positive,1.6851983070373535,3.039599657058716,-0.5585665106773376
1403908185472311298,neutral,1.594359278678894,-0.1120261624455452,1.3583967685699463
1403908189024784385,neutral,1.879719614982605,0.07353800535202026,0.7502173185348511
1403908194397609984,negative,1.6394271850585938,-1.1830512285232544,2.862013578414917
1403908196675227649,positive,0.31696563959121704,4.276607036590576,-0.9115275740623474
1403908197530939396,neutral,1.7062865495681763,-0.1361711621284485,1.3678144216537476
1403908197732143104,neutral,1.4153245687484741,-0.22716602683067322,0.7482749819755554
1403908199355408384,positive,0.24194462597370148,0.9218271970748901,0.6420595049858093
1403908200311705604,negative,1.4108288288116455,-0.6452364921569824,1.8948229551315308
1403908200445923328,negative,1.391652226448059,0.024219021201133728,1.764966368675232
1403908202408951809,negative,1.3186944723129272,-1.220821499824524,3.128882646560669
1403908202484350978,neutral,1.032930850982666,0.38829147815704346,0.5578645467758179
1403908202727579649,negative,1.7362514734268188,-0.9875600934028625,1.9354106187820435
1403908202974961666,negative,1.3578331470489502,-0.9509803652763367,2.0428414344787598
1403908203008589826,neutral,3.530146598815918,1.6300079822540283,-1.0650413036346436
1403908203994177541,neutral,2.334120750427246,1.1951420307159424,-0.40561041235923767
1403908204363350026,neutral,2.2222964763641357,0.536217987537384,0.2074470967054367
1403908204547870725,neutral,1.989836573600769,1.0823479890823364,0.1029869094491005
1403908204661202951,negative,1.234167456626892,-1.1873867511749268,2.5810303688049316
1403908205378424838,neutral,1.8445197343826294,0.2366166114807129,0.8432996869087219
1403908205432999942,neutral,0.9422115683555603,0.4804089069366455,0.9169902205467224
1403908206208843779,negative,1.086667776107788,-0.5601249933242798,2.0910582542419434
1403908207458897922,negative,0.9114477634429932,-1.1587879657745361,3.262824058532715
1403908211002859523,neutral,2.991743564605713,1.3736613988876343,-0.24487490952014923
1403908211728547843,positive,1.685198426246643,3.039599895477295,-0.5585664510726929
1403908213393661954,neutral,1.5824434757232666,0.20389562845230103,0.5083480477333069
1403908213502844928,neutral,1.6885912418365479,0.7058066725730896,0.3871696889400482
1403908214127677441,neutral,1.662239670753479,-0.3598819077014923,1.299464225769043
1403908214706475008,positive,1.6546895503997803,1.794121503829956,-0.29500553011894226
1403908214865874951,neutral,1.985167384147644,-0.10418600589036942,0.5439060926437378
1403908217927704578,neutral,1.5811394453048706,0.1746697723865509,1.0595204830169678
1403908218850615299,negative,1.4780247211456299,-0.20069530606269836,1.6898539066314697
1403908220817604609,neutral,2.3477094173431396,2.264045238494873,-0.513579249382019
1403908222424023041,negative,1.1738076210021973,0.5183055400848389,1.2793595790863037
1403908223103430661,negative,1.8974928855895996,-1.0427480936050415,1.9752020835876465
1403908223288045575,negative,1.1810493469238281,-0.9285940527915955,2.3917016983032227
1403908223388712965,neutral,2.280869483947754,-0.03616564720869064,0.7185708284378052
1403908224122724356,negative,1.391652226448059,0.024219021201133728,1.764966368675232
1403908224496005120,negative,1.2623422145843506,-1.2370593547821045,2.9731826782226562
1403908224701640706,negative,1.7748401165008545,-0.580644965171814,2.501214027404785
1403908225301319684,neutral,2.686922788619995,0.012738160789012909,0.6487727761268616
1403908226844745731,neutral,1.3514211177825928,1.1293190717697144,0.7589212656021118
1403908227192983552,negative,0.8947703838348389,-0.21060416102409363,1.837630033493042
1403908228459630594,negative,1.2640842199325562,-1.2775005102157593,3.5641090869903564
1403908229369716740,neutral,1.6869122982025146,1.0567045211791992,0.464560329914093
1403908229394944009,positive,1.685198426246643,3.039599895477295,-0.5585664510726929
1403908229407649792,neutral,1.8649402856826782,-0.5210043787956238,1.5143173933029175
1403908229772595205,neutral,2.306673765182495,-0.38158661127090454,0.8096886277198792
1403908230028398602,neutral,1.1891783475875854,-0.2635117471218109,0.7630718350410461
1403908230942691333,neutral,1.4454050064086914,-0.5654826164245605,1.3894476890563965
1403908231370575874,negative,0.6170254945755005,0.5373015403747559,1.475677728652954
1403908232356237314,negative,1.391652226448059,0.024219021201133728,1.764966368675232
1403908233157177345,negative,0.7121323943138123,-0.7636768221855164,2.025475263595581
1403908235342475267,neutral,1.0087039470672607,0.7366978526115417,0.9847946166992188
1403908235371827205,positive,2.261118173599243,2.36643123626709,-0.37763655185699463
1403908235594285056,neutral,1.877214789390564,-0.21846172213554382,0.8703382015228271
1403908236252782593,neutral,1.284552812576294,-0.2725766599178314,1.2102117538452148
1403908237309579268,negative,0.5251255035400391,-1.1373648643493652,3.4032533168792725
1403908238010032130,negative,1.2218669652938843,-1.6512454748153687,4.410811424255371
1403908240547606531,negative,1.2460805177688599,-1.0748183727264404,2.4946720600128174
1403908241147326467,negative,0.9984425902366638,-0.6138758063316345,2.4291832447052
1403908244146470918,neutral,1.8445197343826294,0.2366166114807129,0.8432996869087219
1403908244842573827,neutral,2.322033643722534,0.8155692219734192,0.12140557914972305
1403908245501083651,negative,0.8699447512626648,0.14272183179855347,1.58208429813385
1403908247124267010,negative,1.261688470840454,0.49354973435401917,1.4352120161056519
1403908247447216131,neutral,1.0073494911193848,0.5017377734184265,0.8821002244949341
1403908247455559681,neutral,1.6958260536193848,-0.356828898191452,1.0844461917877197
1403908247720009729,negative,0.46963855624198914,-0.18560627102851868,1.7831226587295532
1403908247799537664,negative,0.8885917663574219,-0.3350411355495453,1.6350998878479004
1403908249212973058,neutral,2.3243608474731445,0.626278281211853,0.11936397105455399
1403908249519366147,positive,1.4489885568618774,1.6204357147216797,0.09375883638858795
1403908249850626050,negative,0.8180141448974609,-0.3583448827266693,2.451444625854492
1403908250798485504,neutral,1.9063032865524292,-0.19060400128364563,1.6132078170776367
1403908251595546629,negative,0.5654578804969788,-1.2350871562957764,3.8505005836486816
1403908254648864772,neutral,3.530146598815918,1.6300079822540283,-1.0650413036346436
1403908255827611652,negative,1.070541262626648,-1.045454502105713,2.798239231109619
1403908257656315911,positive,0.24194462597370148,0.9218271970748901,0.6420595049858093
1403908258054623237,neutral,1.5960177183151245,1.1891884803771973,-0.0217683557420969
1403908259409367048,neutral,3.530146598815918,1.6300079822540283,-1.0650413036346436
1403908264023101440,negative,1.391652226448059,0.024219021201133728,1.764966368675232
1403908264857804803,neutral,1.2252744436264038,0.5368102192878723,0.7226259112358093
1403908267814789127,neutral,2.2925117015838623,1.2028154134750366,0.0537722073495388
1403908269551259648,negative,0.537055253982544,-1.1033695936203003,3.2695841789245605
1403908271300218881,negative,0.9277234077453613,-0.9092780351638794,2.5826165676116943
1403908272143360007,negative,1.1900047063827515,-1.1465204954147339,3.0972177982330322
1403908273493925889,positive,1.0564758777618408,1.444417119026184,0.17174668610095978
1403908273863020548,negative,0.3190416395664215,-0.16396597027778625,2.345104455947876
1403908275255476225,positive,1.5634655952453613,2.048743724822998,-0.5060175657272339
1403908275616325633,negative,1.3674776554107666,-0.7395879626274109,1.8477661609649658
1403908276455194628,neutral,1.9242905378341675,0.6845967173576355,-0.01609930209815502
1403908278808051716,neutral,1.6337698698043823,1.0212371349334717,0.1312326192855835
1403908279764353024,neutral,2.363513469696045,0.3148781955242157,0.3369843363761902
1403908280733274114,positive,1.9431957006454468,3.6965625286102295,-1.088581919670105
1403908280884281348,neutral,1.631922721862793,0.1055450290441513,1.1904537677764893
1403908280922017796,negative,1.945348858833313,0.11593745648860931,1.964815616607666
1403908281597239304,negative,0.9216888546943665,0.07663991302251816,1.5846694707870483
1403908281785995270,negative,1.391652226448059,0.024219021201133728,1.764966368675232
1403908282486607873,positive,0.9943275451660156,3.4117085933685303,-0.8583465814590454
1403908284843655170,negative,1.6461719274520874,-0.5379042625427246,1.8156408071517944
1403908286164856842,neutral,2.543001890182495,1.0240801572799683,-0.16154249012470245
1403908287091855361,negative,1.130751371383667,-0.09893252700567245,1.1722421646118164
1403908287465091073,positive,0.7434297800064087,1.108276605606079,0.5584771633148193
1403908288224415747,neutral,2.6754705905914307,1.1542541980743408,-0.23154278099536896
1403908289616912384,neutral,1.2677370309829712,0.6817254424095154,0.24554607272148132
1403908290694639626,neutral,1.895522117614746,-0.6867144703865051,1.520538330078125
1403908290954805248,neutral,1.2493358850479126,-0.316906601190567,0.8346359729766846
1403908291751682053,neutral,1.637675404548645,0.45437195897102356,0.5790775418281555
1403908291881705472,neutral,1.8167301416397095,-0.7457255125045776,1.4744458198547363
1403908292129210372,negative,1.5003093481063843,-1.0843689441680908,2.319007396697998
1403908292359897090,neutral,2.5836281776428223,0.8456993103027344,-0.09516403824090958
1403908292464701449,negative,0.9604772329330444,-0.012378253042697906,1.5089999437332153
1403908292611506180,negative,1.1884268522262573,-0.008082844316959381,1.9376983642578125
1403908293290983431,neutral,2.071244239807129,1.4225049018859863,-0.21062661707401276
1403908294310170626,neutral,1.9260755777359009,-0.39457377791404724,1.0606412887573242
1403908294620553216,positive,2.2839677333831787,3.216187000274658,-1.4155155420303345
1403908294725357572,neutral,1.870299220085144,-0.07179637998342514,1.0503251552581787
1403908294821912579,positive,1.685198426246643,3.039599895477295,-0.5585664510726929
1403908294884921345,neutral,1.9278180599212646,-0.6190723776817322,1.4845837354660034
1403908295140708353,neutral,1.5188301801681519,0.3375166654586792,0.21402885019779205
1403908295509807110,negative,1.0704851150512695,-0.6075500845909119,2.6201822757720947
1403908295568486401,neutral,2.727379560470581,0.8311108350753784,-0.45541641116142273
1403908296394805249,negative,1.3561664819717407,0.0527619794011116,1.6604758501052856
1403908296965251075,neutral,2.5651707649230957,1.280921220779419,-0.18783017992973328
1403908297229488131,negative,1.4001067876815796,-0.40825381875038147,1.4586459398269653
1403908298991038464,negative,1.347381353378296,0.0688365250825882,1.6422327756881714
1403908299527950342,negative,0.3751735985279083,-0.22733402252197266,2.0773372650146484
1403908302128529408,negative,1.251084566116333,-0.6692696213722229,1.7285934686660767
1403908303189594115,negative,1.086726427078247,-0.339484840631485,2.0128977298736572
1403908303676137478,neutral,1.896965742111206,0.23191362619400024,-0.29197627305984497
1403908304229785600,negative,1.3537070751190186,-1.1088670492172241,2.904186725616455
1403908304858873856,neutral,1.6227874755859375,0.010152354836463928,0.860753059387207
1403908305370505218,neutral,1.4872814416885376,-0.2668420374393463,1.2103800773620605
1403908306066821124,neutral,3.530146598815918,1.6300079822540283,-1.0650413036346436
1403908308235395076,neutral,1.4776352643966675,0.7405768632888794,-0.10595426708459854
1403908308294045696,neutral,2.8269166946411133,0.8289393782615662,0.08943124860525131
1403908308319232007,neutral,2.8269166946411133,0.8289393782615662,0.08943124860525131
1403908308319313922,neutral,2.8269166946411133,0.8289393782615662,0.08943124860525131
1403908308323422214,neutral,2.8269166946411133,0.8289393782615662,0.08943124860525131
1403908308336001025,neutral,2.8269166946411133,0.8289393782615662,0.08943124860525131
1403908308352839683,neutral,2.8269166946411133,0.8289393782615662,0.08943124860525131
1403908308357033986,neutral,2.8269166946411133,0.8289393782615662,0.08943124860525131
1403908308566740993,neutral,2.8269166946411133,0.8289393782615662,0.08943124860525131
1403908308608733186,neutral,2.8269166946411133,0.8289393782615662,0.08943124860525131
1403908308621221892,neutral,2.8269166946411133,0.8289393782615662,0.08943124860525131
1403908308914802695,neutral,2.8269166946411133,0.8289393782615662,0.08943124860525131
1403908308914814977,neutral,2.8269166946411133,0.8289393782615662,0.08943124860525131
1403908310558855171,neutral,1.621352195739746,1.4621163606643677,0.0581306591629982
1403908311083278340,negative,1.272011637687683,-1.3896079063415527,3.609194755554199
1403908311469146113,negative,0.1171073168516159,-0.49228695034980774,1.7941057682037354
1403908311972388864,negative,1.2579071521759033,0.09720899164676666,1.2603843212127686
1403908312006115330,negative,1.1572308540344238,-0.12770521640777588,1.5046359300613403
1403908312559624193,neutral,1.6337698698043823,1.0212371349334717,0.1312326192855835
1403908312765124611,positive,1.1962823867797852,1.9226633310317993,-0.0022208038717508316
1403908313750769666,positive,1.685198426246643,3.039599895477295,-0.5585664510726929
1403908313977290754,neutral,1.7950117588043213,-0.30341798067092896,1.1712946891784668
1403908314363219968,positive,0.24194462597370148,0.9218271970748901,0.6420595049858093
1403908315399163905,positive,0.2398623824119568,1.2385494709014893,0.7442998886108398
1403908316644868104,negative,1.0462836027145386,-1.2791415452957153,3.2695186138153076
1403908317588697088,neutral,1.4945679903030396,-0.032015830278396606,1.3987270593643188
1403908318561771520,neutral,1.8957024812698364,0.49880144000053406,0.2651660442352295
1403908319991898113,positive,1.685198426246643,3.039599895477295,-0.5585664510726929
1403908321233494017,neutral,1.6337698698043823,1.0212371349334717,0.1312326192855835
1403908322269425665,neutral,1.555951476097107,0.9688064455986023,0.18715286254882812
1403908323548667907,positive,0.7884119153022766,1.1242568492889404,0.9686806201934814
1403908323829813251,neutral,1.895522117614746,-0.6867144703865051,1.520538330078125
1403908323896868864,neutral,2.110060214996338,1.3681635856628418,0.1483171135187149
1403908324282802177,positive,2.091139554977417,3.437018871307373,-1.0283236503601074
1403908327600377856,negative,0.9984425902366638,-0.6138758063316345,2.4291832447052
1403908328254754820,neutral,1.6337698698043823,1.0212371349334717,0.1312326192855835
1403908328519090177,neutral,1.788496971130371,-0.1338678002357483,0.8935247659683228
1403908329613795331,neutral,2.6037333011627197,-0.2230156660079956,0.7505197525024414
1403908330632880135,neutral,1.637675404548645,0.45437195897102356,0.5790775418281555
1403908330834345986,neutral,1.6337698698043823,1.0212371349334717,0.1312326192855835
1403908330968469506,negative,0.350199818611145,-0.07817312330007553,1.2169311046600342
1403908330993684480,negative,0.8947703838348389,-0.21060416102409363,1.837630033493042
1403908331480043520,negative,1.4295215606689453,-1.0581673383712769,2.1507678031921387
1403908331941601286,negative,1.4034911394119263,-1.0434868335723877,2.290365695953369
1403908333992648704,negative,0.8243194222450256,0.2355402112007141,1.3715760707855225
1403908334122536961,negative,1.4751019477844238,-1.2067731618881226,2.9240221977233887
1403908335263379457,neutral,2.2925117015838623,1.2028154134750366,0.0537722073495388
1403908335410106368,negative,1.328080177307129,-0.733262836933136,1.9546393156051636
1403908336379064324,neutral,1.7650130987167358,-0.7029990553855896,1.4997855424880981
1403908336546992139,negative,1.1045864820480347,-0.8955612182617188,2.5280447006225586
1403908337163390977,negative,1.5896430015563965,-1.0690412521362305,2.206575393676758
1403908337742204929,neutral,1.4755859375,0.775367796421051,0.7157827615737915
1403908337863823365,negative,1.3094538450241089,-0.31522002816200256,1.3259634971618652
1403908338635608068,negative,0.5294532179832458,0.14658144116401672,1.4968141317367554
1403908339197636609,negative,1.2667557001113892,-0.2920339107513428,1.761719822883606
1403908341500239879,positive,1.685198426246643,3.039599895477295,-0.5585664510726929
1403908345476665348,neutral,1.282496690750122,-0.0495108887553215,0.8056638240814209
1403908345765978113,positive,0.6743922829627991,1.3003777265548706,0.4245329201221466
1403908347816984579,negative,1.3916524648666382,0.02421906590461731,1.7649662494659424
1403908348043567108,neutral,1.4822185039520264,-0.04116707295179367,0.6848713755607605
1403908348852977673,neutral,1.53621244430542,0.07966068387031555,1.4084185361862183
1403908352019558402,neutral,1.3597919940948486,-0.0800364539027214,0.9878328442573547
1403908352371937283,negative,1.4751019477844238,-1.2067731618881226,2.9240221977233887
1403908355744309251,negative,1.3205052614212036,0.5695820450782776,1.4079960584640503
1403908355945607169,neutral,1.819055438041687,0.2500450909137726,1.2846708297729492
1403908356230815748,negative,0.40755483508110046,0.024056993424892426,3.190255880355835
1403908360395755525,neutral,1.6209299564361572,0.16989454627037048,1.0500755310058594
1403908361360330757,neutral,1.6337698698043823,1.0212371349334717,0.1312326192855835
1403908361511346177,neutral,2.9767324924468994,0.8210659027099609,0.19261088967323303
1403908363746902025,neutral,1.2617417573928833,0.2947685420513153,0.667489230632782
1403908363767930881,neutral,1.4867881536483765,1.2452102899551392,0.20337343215942383
1403908364971610114,positive,1.6646844148635864,1.6977198123931885,0.07970824837684631
1403908365881802754,negative,1.4751019477844238,-1.2067731618881226,2.9240221977233887
1403908366569590795,neutral,3.530146598815918,1.6300078630447388,-1.0650410652160645
1403908367467237376,neutral,1.2416115999221802,0.16468286514282227,0.5670780539512634
1403908369535049733,negative,0.6899845004081726,-0.762636125087738,2.298280715942383
1403908372743655429,neutral,2.3441665172576904,-0.6458861231803894,1.1832324266433716
1403908374144585739,neutral,1.5992746353149414,0.4023008942604065,0.9245603680610657
1403908375805521920,negative,1.4070522785186768,-0.9250665307044983,1.9019064903259277
1403908376204132356,negative,1.086726427078247,-0.339484840631485,2.0128977298736572
1403908376438972416,negative,1.1449401378631592,-0.6366225481033325,1.3583984375
1403908377437036548,negative,1.1844487190246582,-1.0058664083480835,2.7575197219848633
1403908378183667714,negative,1.2145130634307861,-0.8037516474723816,2.3396356105804443
1403908378825347076,negative,0.9009653925895691,-0.735965371131897,2.7964584827423096
1403908378854924293,neutral,1.2824968099594116,-0.0495108887553215,0.8056637048721313
1403908379190435842,negative,1.391652226448059,0.024219021201133728,1.764966368675232
1403908379253174274,negative,1.2247003316879272,-0.8085115551948547,3.1755526065826416
1403908379349762050,negative,1.4702303409576416,-0.9872311949729919,1.9548040628433228
1403908380792528897,negative,0.6688739657402039,-0.6785181164741516,1.9678699970245361
1403908383628050433,neutral,1.6337698698043823,1.0212371349334717,0.1312326192855835
1403908384848596996,neutral,1.4224352836608887,0.4647752344608307,0.6609458923339844
1403908385834209284,neutral,2.5309994220733643,0.7896188497543335,0.1362995058298111
1403908387096600588,neutral,3.530146598815918,1.6300079822540283,-1.0650413036346436
1403908388363411457,neutral,1.2824968099594116,-0.0495108887553215,0.8056637048721313
1403908388602343427,negative,0.8483225107192993,-0.4735722243785858,2.4345078468322754
1403908388854005762,neutral,1.6751916408538818,0.02679453417658806,1.141197919845581
1403908391571886088,negative,1.0527290105819702,-0.8223196268081665,2.1652417182922363
1403908392855375872,positive,1.685198426246643,3.039599895477295,-0.5585664510726929
1403908393597915138,negative,1.1514183282852173,-0.9452119469642639,2.5870583057403564
1403908394067677184,negative,0.8947703838348389,-0.21060416102409363,1.837630033493042
1403908394675851267,neutral,1.1844511032104492,0.3127518594264984,0.7452511787414551
1403908395543973893,neutral,1.8545255661010742,-0.8263785243034363,1.4891839027404785
1403908396777033734,negative,1.4751019477844238,-1.2067731618881226,2.9240221977233887
1403908397985001473,negative,0.9027955532073975,-0.6557036638259888,2.8653080463409424
1403908398064619520,negative,1.3588486909866333,-0.9830581545829773,2.462784767150879
1403908400212234252,neutral,1.8445197343826294,0.2366166114807129,0.8432996869087219
1403908401361342464,neutral,1.6337698698043823,1.0212371349334717,0.1312326192855835
1403908402070265858,neutral,2.324610710144043,0.04871828854084015,-0.03931174427270889
1403908402229678085,neutral,2.6754705905914307,1.1542541980743408,-0.23154278099536896
1403908403248906241,negative,1.3284741640090942,0.0374908447265625,2.3968255519866943
1403908405501202433,neutral,1.9260755777359009,-0.39457377791404724,1.0606412887573242
1403908406818181127,neutral,1.35972261428833,0.2920339107513428,1.1971969604492188
1403908408906960896,negative,1.522810935974121,-0.4213932454586029,1.8308334350585938
1403908410404327425,negative,1.4751019477844238,-1.2067731618881226,2.9240221977233887
1403908411041976324,neutral,1.8891880512237549,0.5245234966278076,0.5609524250030518
1403908412107214852,negative,1.4937011003494263,-1.2051976919174194,3.207880973815918
1403908412371439617,neutral,2.322033643722534,0.8155692219734192,0.12140557914972305
1403908413562703872,negative,1.2468246221542358,-0.7050620913505554,2.3096394538879395
1403908415454339076,neutral,1.6337698698043823,1.0212371349334717,0.1312326192855835
1403908416133754880,negative,1.4070522785186768,-0.9250665307044983,1.9019064903259277
1403908417413124098,neutral,2.5836281776428223,0.8456993103027344,-0.09516403824090958
1403908417899667456,neutral,1.3274635076522827,-0.3650183379650116,1.1423214673995972
1403908420160278531,neutral,1.5705972909927368,0.9289454817771912,0.5879043340682983
1403908421120925699,negative,0.8947703838348389,-0.21060416102409363,1.837630033493042
1403908422228230148,negative,0.601277768611908,-1.4634665250778198,4.350089073181152
1403908423599620097,neutral,1.6337698698043823,1.0212371349334717,0.1312326192855835
1403908425155710980,negative,0.4750804901123047,-1.0125787258148193,3.237657070159912
1403908425642254336,neutral,2.322033643722534,0.8155692219734192,0.12140557914972305
1403908427668144128,negative,0.24624955654144287,-0.4807039201259613,1.9865683317184448
1403908429681463297,neutral,1.7370771169662476,1.2071788311004639,0.2740311622619629
1403908431136935936,neutral,1.6528376340866089,-0.6454908847808838,1.0322269201278687
1403908432839778304,neutral,1.7707798480987549,0.7040500044822693,0.007988257333636284
1403908433410105345,neutral,1.5585691928863525,0.4455115795135498,0.3724822402000427
1403908433473159173,negative,1.5685374736785889,-1.029735803604126,2.1648993492126465
1403908434001502208,neutral,1.2252744436264038,0.5368102192878723,0.7226259112358093
1403908435742101505,negative,1.4070522785186768,-0.9250665307044983,1.9019064903259277
1403908435834380289,neutral,1.2824968099594116,-0.0495108887553215,0.8056637048721313
1403908436518084613,neutral,2.47216534614563,1.027438998222351,-0.5057953596115112
1403908436539097089,neutral,0.23260751366615295,0.1763904094696045,0.14018520712852478
1403908437281415173,neutral,1.4217413663864136,-0.2778405249118805,0.9727910161018372
1403908438418198535,negative,1.1813254356384277,-0.7697675228118896,1.8073768615722656
1403908438892089344,neutral,1.6337699890136719,1.0212372541427612,0.13123257458209991
1403908441354035205,neutral,1.6751916408538818,0.02679453417658806,1.141197919845581
1403908441517789186,neutral,0.8606223464012146,0.7666082382202148,0.625633180141449
1403908444407672833,neutral,1.6337698698043823,1.0212371349334717,0.1312326192855835
1403908446458552328,neutral,3.530146598815918,1.6300079822540283,-1.0650413036346436
1403908447435821059,neutral,2.6003243923187256,1.7342089414596558,-0.5561704039573669
1403908447951798272,neutral,2.1359024047851562,-0.8258273005485535,1.3338956832885742
1403908448828346373,neutral,1.6973381042480469,0.3206196129322052,1.2112464904785156
1403908449151430661,neutral,1.6337698698043823,1.0212371349334717,0.1312326192855835
1403908450732683264,neutral,1.3886268138885498,0.5243670344352722,0.6173573136329651
1403908451462385666,negative,0.9015655517578125,-0.5223676562309265,2.6404495239257812
1403908451638530050,negative,1.2213279008865356,-1.2218204736709595,3.125633716583252
1403908452733259777,neutral,2.3477094173431396,2.264045238494873,-0.513579249382019
1403908452779532288,neutral,1.3648943901062012,-0.26864954829216003,0.8274450898170471
1403908453853138944,negative,1.4646233320236206,-0.6369054913520813,1.6682684421539307
1403908456243859457,neutral,1.5262746810913086,0.3728044331073761,0.6297694444656372
1403908456264966144,neutral,1.8891880512237549,0.5245234370231628,0.5609524250030518
1403908456826818561,neutral,3.530146598815918,1.6300079822540283,-1.0650413036346436
1403908458064355331,neutral,1.9425569772720337,0.2775419354438782,0.6770303845405579
1403908458294824967,neutral,3.530146598815918,1.6300079822540283,-1.0650413036346436
1403908458521448449,neutral,1.1218535900115967,0.023288674652576447,0.7522909045219421
1403908462032027650,neutral,1.1880302429199219,0.08963560312986374,1.1024028062820435
1403908463151882247,neutral,1.1116515398025513,0.025834977626800537,1.1098909378051758
1403908463999160324,neutral,1.6337698698043823,1.0212371349334717,0.1312326192855835
1403908464636661760,negative,0.979245662689209,-0.34808096289634705,2.8804585933685303
1403908465286733825,neutral,1.7650130987167358,-0.7029990553855896,1.4997855424880981
1403908466209693697,neutral,1.6284993886947632,0.36302873492240906,0.853669285774231
1403908466545102855,negative,1.0441030263900757,0.09233085066080093,1.6067880392074585
1403908467002265601,negative,1.4751019477844238,-1.2067731618881226,2.9240221977233887
1403908467740446734,neutral,1.6337698698043823,1.0212371349334717,0.1312326192855835
1403908468306632706,neutral,2.209230899810791,0.42139264941215515,0.34763774275779724
1403908468327727108,neutral,2.6037333011627197,-0.2230156660079956,0.7505197525024414
1403908468529115138,neutral,1.5267627239227295,0.33805474638938904,1.0207722187042236
1403908468826775553,neutral,1.1061455011367798,0.243385910987854,0.6992403864860535
1403908469879492613,neutral,1.5676323175430298,-0.5248143076896667,1.32241690158844
1403908470806507527,neutral,1.6337698698043823,1.0212371349334717,0.1312326192855835
1403908471716814850,neutral,1.1853501796722412,0.4926944971084595,0.9039998054504395
1403908471880310791,neutral,2.1992292404174805,-0.1848236620426178,0.7374948859214783
1403908472408784898,neutral,1.4593886137008667,0.6028293967247009,0.7088117599487305
1403908475768381441,neutral,1.8198760747909546,0.8568340539932251,0.430865615606308
1403908478872309771,neutral,1.8891879320144653,0.5245234966278076,0.560952365398407
1403908479052517378,negative,1.0976665019989014,-0.5014562010765076,2.073308229446411
1403908480918904832,negative,1.2423046827316284,-0.809794545173645,1.9963856935501099
1403908482038894593,neutral,1.2569878101348877,0.15255817770957947,0.9621940851211548
1403908484421152770,negative,0.8813048601150513,-0.5040313601493835,1.1886157989501953
1403908485020938243,neutral,1.7351462841033936,-0.27042627334594727,0.6700801849365234
1403908486249988097,neutral,1.8729863166809082,-0.09524419158697128,1.1588397026062012
1403908487864803329,neutral,1.4331573247909546,-0.5609915256500244,0.9978612065315247
1403908488481316866,neutral,1.6751916408538818,0.02679453417658806,1.141197919845581
1403908488804323329,negative,1.064818263053894,-1.633418083190918,4.87645959854126
1403908489596919812,neutral,1.69361412525177,0.030972860753536224,1.1366279125213623
1403908490427604995,neutral,1.9842615127563477,-0.6380167603492737,1.508884310722351
1403908491027288069,negative,1.0819761753082275,-0.9537166953086853,3.10832142829895
1403908495544504320,negative,0.7463709712028503,-1.3706456422805786,4.220098972320557
1403908496626573317,neutral,1.8034615516662598,-0.6097457408905029,1.4995843172073364
1403908498027696129,neutral,1.382668137550354,-0.061781324446201324,1.3339351415634155
1403908498346450945,negative,0.6450169682502747,-0.9176823496818542,2.597717046737671
1403908499235614721,negative,1.4799896478652954,-0.3542773425579071,1.5137269496917725
1403908503698214913,negative,1.1843379735946655,-0.5558009147644043,2.128446102142334
1403908505883402243,negative,1.0455431938171387,-0.13491475582122803,1.730114459991455
1403908506340757506,negative,0.8947703838348389,-0.21060416102409363,1.837630033493042
1403908506378555394,negative,1.311780333518982,-1.3488850593566895,3.847764015197754
1403908506692964354,negative,1.1933602094650269,0.18133974075317383,1.295130968093872
1403908506709680129,negative,1.0619529485702515,-0.6219480633735657,2.6022074222564697
1403908507896664066,negative,1.2213279008865356,-1.2218204736709595,3.125633716583252
1403908508576149508,negative,1.088819146156311,-1.0283576250076294,2.655456304550171
1403908508639064067,negative,1.191004753112793,0.0986245721578598,1.2045562267303467
1403908509079687170,neutral,2.50645112991333,1.4469834566116333,-0.5270969271659851
1403908512736956417,negative,1.0012052059173584,-0.7474526762962341,2.1851418018341064
1403908513005510661,negative,1.2285858392715454,-0.7661476731300354,1.8512035608291626
1403908513856954379,negative,1.5329540967941284,-0.9609077572822571,2.210803985595703
1403908514808958981,positive,1.1962823867797852,1.9226633310317993,-0.0022208038717508316
1403908517723971589,neutral,1.054306149482727,1.0217210054397583,0.705041229724884
1403908519020044293,neutral,1.8445197343826294,0.2366166114807129,0.8432996869087219
1403908519183753220,neutral,1.8445197343826294,0.2366166114807129,0.8432996869087219
1403908524485210119,negative,1.311780333518982,-1.3488850593566895,3.847764015197754
1403908524573265928,neutral,2.306673765182495,-0.38158661127090454,0.8096886277198792
1403908525202477059,neutral,1.6966252326965332,0.737285852432251,0.1995820552110672
1403908526079086594,neutral,1.6337698698043823,1.0212371349334717,0.1312326192855835
1403908526653677572,negative,0.3028964400291443,-0.016625896096229553,0.8649303317070007
1403908527345733636,neutral,2.597214698791504,1.2493007183074951,-0.592707633972168
1403908528603992065,neutral,3.530146598815918,1.6300077438354492,-1.0650410652160645
1403908528788557825,negative,1.1862599849700928,-1.1985821723937988,2.81500506401062
1403908528872464387,negative,0.7121323943138123,-0.7636768221855164,2.025475263595581
1403908528985812998,neutral,1.6337698698043823,1.0212371349334717,0.1312326192855835
1403908529560469504,neutral,2.016623020172119,0.6413302421569824,-0.22777147591114044
1403908532173344776,neutral,2.111894369125366,0.17410624027252197,0.07061559706926346
1403908533675036675,neutral,1.8445197343826294,0.23661664128303528,0.8432996273040771
1403908535046471680,neutral,2.7685275077819824,0.4370792508125305,0.03756146878004074
1403908535201771520,negative,0.6644449234008789,-0.7282314896583557,1.9882307052612305
1403908535369539594,positive,1.2609341144561768,4.444948673248291,-1.0949057340621948
1403908537453989895,negative,1.3588486909866333,-0.9830581545829773,2.462784767150879
1403908537592422405,negative,1.5254405736923218,-0.8400151133537292,2.2397613525390625
1403908537944707077,neutral,2.889956474304199,2.7587597370147705,-1.403480887413025
1403908538775203842,negative,1.0555176734924316,-1.3079293966293335,3.750742197036743
1403908540398510084,negative,0.8947703838348389,-0.21060416102409363,1.837630033493042
1403908541912551427,neutral,1.6337698698043823,1.0212371349334717,0.1312326192855835
1403908542482980866,neutral,3.530146598815918,1.6300079822540283,-1.0650413036346436
1403908542927605760,neutral,1.6337698698043823,1.0212371349334717,0.1312326192855835
1403908542994604036,negative,0.6102591156959534,-0.31161364912986755,2.167590618133545
1403908546383785988,positive,3.448381185531616,3.4966917037963867,-1.6389614343643188
1403908546459103237,neutral,2.603733539581299,-0.22301563620567322,0.7505196928977966
1403908546681470978,neutral,1.7805067300796509,-0.00590234249830246,1.1859158277511597
1403908547918848001,neutral,2.117527961730957,-0.33211609721183777,1.1511929035186768
1403908547935625220,neutral,1.6337698698043823,1.0212371349334717,0.1312326192855835
1403908548711518212,negative,0.6856307983398438,-0.37793686985969543,1.795431137084961
1403908549235789824,negative,0.84195876121521,0.13909026980400085,1.8010929822921753
1403908549646995458,neutral,2.6754705905914307,1.1542541980743408,-0.23154278099536896
1403908550426980354,neutral,2.373126983642578,1.3595912456512451,-0.5415748357772827
1403908550607347713,positive,1.629017949104309,4.790473461151123,-1.52325439453125
1403908550934634497,neutral,1.6337698698043823,1.0212371349334717,0.1312326192855835
1403908551849005058,neutral,1.352136254310608,-0.0004587322473526001,0.948127806186676
1403908552129859589,neutral,1.391812801361084,0.9857057929039001,0.05967198312282562
1403908553916571648,neutral,0.999822199344635,0.498564749956131,0.7488349676132202
1403908553979707395,neutral,1.8971368074417114,-0.15716713666915894,1.0333062410354614
1403908554939985922,neutral,1.6751916408538818,0.02679453417658806,1.141197919845581
1403908555036663808,neutral,1.201493263244629,0.436390221118927,1.0860581398010254
1403908555946696704,negative,1.0012052059173584,-0.7474526762962341,2.1851418018341064
1403908557410496512,neutral,1.594359278678894,-0.11202613264322281,1.3583968877792358
1403908557674717185,negative,1.4070521593093872,-0.9250665903091431,1.9019064903259277
1403908559910408201,positive,2.730241298675537,3.465266704559326,-1.5442582368850708
1403908560166297600,neutral,2.5895423889160156,-0.0956168845295906,0.8276504874229431
1403908561818689538,neutral,2.621506452560425,1.8814365863800049,-0.6578801274299622
1403908562129145857,negative,1.425805687904358,-0.3524371087551117,1.4511783123016357
1403908563572084736,neutral,2.1963932514190674,0.6134332418441772,0.036387331783771515
1403908564104617986,negative,1.0012052059173584,-0.7474526762962341,2.1851418018341064
1403908565899821058,neutral,1.6337699890136719,1.0212370157241821,0.13123257458209991
1403908568642895873,negative,1.3731147050857544,-0.32843339443206787,1.5350514650344849
1403908570622664704,neutral,2.094326972961426,0.8975887894630432,-0.1285741627216339
1403908572631687170,neutral,1.67632257938385,0.17155173420906067,1.249047875404358
1403908573671792642,negative,1.6677922010421753,-1.1030031442642212,2.545545816421509
1403908574259130372,negative,0.6577894687652588,-1.023828387260437,3.147425651550293
1403908576830050304,neutral,3.530146598815918,1.6300079822540283,-1.0650413036346436
1403908578012852224,positive,2.2865757942199707,3.128039836883545,-0.5982576608657837
1403908578449125379,neutral,3.530146598815918,1.6300079822540283,-1.0650413036346436
1403908578856026114,negative,1.1160211563110352,-1.1558822393417358,3.168332576751709
1403908579560730629,neutral,1.6337698698043823,1.0212371349334717,0.1312326192855835
1403908580953116672,neutral,1.9164544343948364,-0.07089083641767502,1.159143328666687
1403908581049737216,neutral,2.514373540878296,1.071725606918335,-0.2064458429813385
1403908581179670536,neutral,1.6337698698043823,1.0212371349334717,0.1312326192855835
1403908581947154433,neutral,2.5836281776428223,0.8456993103027344,-0.09516403824090958
1403908582219739139,negative,1.7818498611450195,-0.8212741017341614,1.791160225868225
1403908583629246465,negative,1.391652226448059,0.024219021201133728,1.764966368675232
1403908584836976641,neutral,1.907878041267395,0.5951962471008301,0.5056584477424622
1403908585952788484,neutral,1.3648943901062012,-0.26864954829216003,0.8274450898170471
1403908587043315715,positive,1.6085374355316162,1.7969956398010254,0.08169911801815033
1403908588205076480,neutral,1.7144769430160522,-0.9459776282310486,1.6675505638122559
1403908589102657540,negative,1.191004753112793,0.098624587059021,1.2045561075210571
1403908589140520963,negative,1.5406874418258667,-0.8531143069267273,1.8070833683013916
1403908590172319746,neutral,2.6037333011627197,-0.2230156660079956,0.7505197525024414
1403908590998626311,neutral,1.282496690750122,-0.0495108887553215,0.8056638836860657
1403908591535357954,negative,1.1656157970428467,0.0075086504220962524,1.5505036115646362
1403908591619248130,negative,1.3323875665664673,-0.29261744022369385,1.5215339660644531
1403908591925399556,neutral,1.8445197343826294,0.2366166114807129,0.8432996869087219
1403908592558915594,negative,1.4024728536605835,0.09702745079994202,1.8524123430252075
1403908592848314369,negative,1.391652226448059,0.024219021201133728,1.764966368675232
1403908592877465600,neutral,1.775415301322937,0.03347387537360191,0.72105473279953
1403908593590624258,neutral,1.6337698698043823,1.0212371349334717,0.1312326192855835
1403908593695412226,negative,1.181280493736267,0.41687190532684326,1.2889326810836792
1403908595100520454,negative,1.370442509651184,-0.4737897217273712,2.4307780265808105
1403908596279046154,neutral,2.43924880027771,0.5045525431632996,-0.12200913578271866
1403908598481129475,negative,0.5106862783432007,0.2055036872625351,1.7486672401428223
1403908599374487559,positive,0.24194462597370148,0.9218271970748901,0.6420595049858093
1403908602058874880,neutral,1.6337698698043823,1.0212371349334717,0.1312326192855835
1403908602918707202,negative,1.8190057277679443,-1.0369818210601807,2.1519250869750977
1403908602922942464,neutral,1.6337698698043823,1.0212371349334717,0.1312326192855835
1403908602998398977,neutral,1.3886268138885498,0.5243670344352722,0.6173573136329651
1403908603287769091,neutral,3.4847540855407715,1.029504656791687,-0.6420618295669556
1403908604130910208,negative,1.3537070751190186,-1.1088670492172241,2.904186725616455
1403908604428787715,neutral,1.8891880512237549,0.5245234370231628,0.5609524250030518
1403908605733048321,negative,1.3916523456573486,0.024219021201133728,1.7649662494659424
1403908605817110532,neutral,1.5647163391113281,-0.5973560810089111,1.5601774454116821
1403908607142465536,neutral,2.010223627090454,0.31005552411079407,0.8314117193222046
1403908607993782274,neutral,1.5824434757232666,0.20389562845230103,0.5083480477333069
1403908608480272385,positive,1.1962823867797852,1.9226633310317993,-0.0022208038717508316
1403908609285799940,neutral,1.6550211906433105,0.15934890508651733,0.9476357698440552
1403908610107662341,negative,0.3922765851020813,0.7052112817764282,1.9565719366073608
1403908610871205890,negative,1.0083485841751099,0.02751649171113968,1.4544286727905273
1403908611340972034,positive,0.9650322198867798,1.3596135377883911,-0.19280660152435303
1403908611521363969,neutral,1.6209300756454468,0.1698944866657257,1.050075650215149
1403908612397752326,neutral,1.6337698698043823,1.0212371349334717,0.1312326192855835
1403908613014310913,neutral,1.2043894529342651,0.31624066829681396,0.34675467014312744
1403908613362520066,neutral,1.6337699890136719,1.0212371349334717,0.1312325894832611
1403908613576536065,neutral,0.9955326914787292,0.26843658089637756,0.9761020541191101
1403908615027757059,neutral,2.3258819580078125,0.26267337799072266,0.1716029793024063
1403908616826937347,neutral,2.169309616088867,0.17105650901794434,1.296540379524231
1403908617246498817,neutral,1.594359278678894,-0.11202611774206161,1.3583968877792358
1403908617317748740,negative,1.6212384700775146,-1.0181907415390015,2.4884557723999023
1403908617342963712,negative,0.906519889831543,0.4278707802295685,1.3093605041503906
1403908617380630530,neutral,1.8891880512237549,0.5245234370231628,0.5609524250030518
1403908617473036294,neutral,1.6337698698043823,1.0212371349334717,0.1312326192855835
1403908620715053061,positive,0.8226540684700012,1.4320464134216309,0.4007529020309448
1403908622136995842,neutral,1.2272281646728516,1.0418449640274048,0.9518629908561707
1403908622137008128,neutral,2.19231915473938,2.1118004322052,-0.8527849912643433
1403908622606901250,negative,1.4223473072052002,0.23788344860076904,1.475142478942871
1403908622900293632,negative,1.3265461921691895,-0.7462461590766907,1.579533338546753
1403908623131160576,neutral,1.860093116760254,-0.4338933527469635,0.9156677722930908
1403908623797919745,positive,2.0602383613586426,2.4514336585998535,-0.27022233605384827
1403908624032813061,neutral,1.8955222368240356,-0.6867144703865051,1.520538330078125
1403908626545209351,negative,0.6876237988471985,0.12136707454919815,2.171264171600342
1403908626901716998,negative,1.567057490348816,-1.096937656402588,2.3501968383789062
1403908628780916737,neutral,1.9610252380371094,0.5018970966339111,0.4735971987247467
1403908628835299328,negative,1.3231056928634644,-1.2230225801467896,2.717540979385376
1403908629900808193,neutral,2.4042317867279053,0.6169883608818054,0.15869681537151337
1403908629992853507,neutral,1.6337698698043823,1.0212371349334717,0.1312326192855835
1403908631251271683,positive,1.4601829051971436,2.9887640476226807,-0.3261833190917969
1403908632043950080,negative,1.3461765050888062,-0.6457414031028748,1.7098686695098877
1403908632144535556,neutral,1.8286001682281494,1.1162967681884766,-0.308839350938797
1403908632555638789,negative,1.2213279008865356,-1.2218204736709595,3.125633716583252
1403908637194522624,positive,1.9350078105926514,4.594921588897705,-1.093409538269043
1403908637337083905,neutral,2.686922788619995,0.012738160789012909,0.6487727761268616
1403908637521743875,negative,1.0012052059173584,-0.7474526762962341,2.1851418018341064
1403908638763216897,neutral,2.472151517868042,0.4728184640407562,-0.16533797979354858
1403908639165931520,neutral,1.6337698698043823,1.0212371349334717,0.1312326192855835
1403908639241359360,positive,1.6614253520965576,3.847477912902832,-1.0994290113449097
1403908639346376704,neutral,1.3959290981292725,0.9150276184082031,0.18194937705993652
1403908639467921408,negative,1.2069132328033447,-0.0490303561091423,1.3034440279006958
1403908640700960768,negative,1.129626989364624,0.40401774644851685,1.2867475748062134
1403908641992839171,negative,1.5769575834274292,-1.1512384414672852,2.5429415702819824
1403908644530364418,positive,2.2023653984069824,2.346116304397583,-0.2211185246706009
1403908648448008195,neutral,1.8185478448867798,0.4015519917011261,0.63321453332901
1403908649475399685,neutral,1.6751916408538818,0.02679453417658806,1.141197919845581
1403908651530653696,negative,1.9760442972183228,-1.1435998678207397,2.0983781814575195
1403908651971137538,negative,0.6311083436012268,-0.34114816784858704,2.15604829788208
1403908652373737473,neutral,1.2416115999221802,0.16468286514282227,0.5670780539512634
1403908652705013766,negative,1.4751019477844238,-1.2067731618881226,2.9240221977233887
1403908652902150144,neutral,2.6570494174957275,0.8282932639122009,-0.12596608698368073
1403908653615304708,neutral,1.7616742849349976,-0.5502232909202576,1.5501456260681152
1403908654420488192,positive,0.980328381061554,1.3774985074996948,0.36656689643859863
1403908654764466176,negative,1.47433602809906,-1.0917917490005493,2.2758681774139404
1403908655217512457,negative,0.7987907528877258,0.029337968677282333,1.3936450481414795
1403908656375156736,neutral,1.8957024812698364,0.49880144000053406,0.2651660442352295
1403908658266845188,negative,1.3884830474853516,-1.0680711269378662,2.762256145477295
1403908658296070145,neutral,1.540347933769226,-0.36437082290649414,1.2615406513214111
1403908658489143296,negative,0.3833649456501007,-0.7005576491355896,2.223740816116333
1403908659386609670,negative,1.4751019477844238,-1.2067731618881226,2.9240221977233887
1403908659504058372,neutral,1.4963606595993042,0.4306867718696594,0.8375415205955505
1403908659726499841,negative,1.391652226448059,0.024219021201133728,1.764966368675232
1403908660909068290,positive,1.685198426246643,3.039599895477295,-0.5585664510726929
1403909894739152901,neutral,1.6337698698043823,1.0212371349334717,0.1312326192855835
1403909895955570688,neutral,1.6449466943740845,-0.3455857038497925,1.483425259590149
1403909900510498821,neutral,2.0122241973876953,0.4582044780254364,0.0924866646528244
1403909900627939329,neutral,1.5855520963668823,0.6967438459396362,1.2502460479736328
1403909900963483649,neutral,1.535505771636963,0.5365825295448303,0.2022528499364853
1403909900980289536,negative,1.0322513580322266,0.06947551667690277,1.2923330068588257
1403909902964346881,neutral,1.4302185773849487,0.888339102268219,0.2979525923728943
1403909904125992967,neutral,2.2636351585388184,1.681739330291748,-0.7060145735740662
1403909904214155267,negative,1.7153420448303223,-1.1780645847320557,2.4111125469207764
1403909906374090759,neutral,1.085094928741455,0.4620491862297058,1.0115159749984741
1403909909540864000,neutral,1.757325291633606,0.6344298124313354,0.33404117822647095
1403909911185039366,negative,1.3961800336837769,-0.3790481984615326,2.1352274417877197
1403909912409755649,neutral,3.530146598815918,1.6300079822540283,-1.0650413036346436
1403909912619413506,neutral,2.6754705905914307,1.1542541980743408,-0.23154278099536896
1403909913391345667,neutral,1.0366644859313965,0.6771581172943115,0.9684314727783203
1403909914183958533,neutral,1.8283060789108276,-0.6700338125228882,1.4685320854187012
1403909914188148738,neutral,2.47216534614563,1.027438998222351,-0.5057953596115112
1403909914355929095,positive,2.7290117740631104,6.023943901062012,-1.988972783088684
1403909915047915520,neutral,3.321773052215576,0.7042719125747681,-0.27376312017440796
1403909917094776833,negative,1.391652226448059,0.024219021201133728,1.764966368675232
1403909918088966149,neutral,1.780840516090393,0.4178667962551117,0.48577678203582764
1403909919321989122,positive,0.45482945442199707,2.0737977027893066,0.871787965297699
1403909920097902599,neutral,1.594359278678894,-0.11202613264322281,1.3583968877792358
1403909920232292353,negative,1.3503535985946655,-0.8688540458679199,2.296276330947876
1403909920995483648,neutral,1.9621914625167847,0.5065337419509888,0.23594827950000763
1403909922216026115,negative,1.4751019477844238,-1.2067731618881226,2.9240221977233887
1403909922463567874,negative,0.5956969261169434,0.7763509750366211,1.0815858840942383
1403909922778058753,neutral,1.6751916408538818,0.02679453417658806,1.141197919845581
1403909923730124803,negative,1.2105377912521362,-0.4233040511608124,2.365757703781128
1403909924275384324,neutral,3.3217732906341553,0.7042718529701233,-0.27376317977905273
1403909924778881026,neutral,2.3276426792144775,0.740543007850647,0.49504056572914124
1403909925781139463,negative,0.8947703838348389,-0.21060416102409363,1.837630033493042
1403909926972497930,positive,1.4489885568618774,1.6204357147216797,0.09375883638858795
1403909927089934337,neutral,2.115283727645874,0.025905609130859375,0.7371402978897095
1403909927236784130,neutral,1.7728899717330933,-0.48934176564216614,1.5755771398544312
1403909927769313282,negative,1.5647392272949219,-1.2900527715682983,2.8580069541931152
1403909927903580163,negative,1.6369060277938843,-1.1716604232788086,2.4638113975524902
1403909929250050048,positive,1.0849111080169678,1.3313841819763184,0.2127779722213745
1403909930873020423,negative,0.5623828768730164,-0.7647004723548889,2.508427143096924
1403909931527335943,neutral,1.520043969154358,0.3780229091644287,0.8549444079399109
1403909931929980930,negative,1.3954789638519287,-0.8631388545036316,1.8702367544174194
1403909933435924487,neutral,0.6631025075912476,0.16398194432258606,-0.03473809361457825
1403909933544853506,negative,1.2574633359909058,-0.9811450839042664,2.535769462585449
1403909933687508998,neutral,1.8445197343826294,0.2366166114807129,0.8432996869087219
1403909935126044674,negative,1.0353491306304932,-1.2652440071105957,3.8529467582702637
1403909936208297985,negative,0.9180054664611816,-0.14781266450881958,1.913346290588379
1403909937999187970,negative,1.4549390077590942,-0.524933397769928,2.1174681186676025
1403909941379977218,neutral,1.0301942825317383,-0.007535979151725769,1.00888991355896
1403909942763954177,neutral,2.6754703521728516,1.1542541980743408,-0.23154278099536896
1403909944005611524,negative,0.7533397078514099,-1.0837547779083252,3.2508914470672607
1403909944378675200,neutral,1.9425569772720337,0.2775419354438782,0.6770303845405579
1403909944416497666,neutral,1.2824968099594116,-0.0495108887553215,0.8056637048721313
1403909946786287618,negative,2.111268997192383,-1.083885908126831,2.2172744274139404
1403909947314905089,negative,0.6311083436012268,-0.34114816784858704,2.15604829788208
1403909949697134596,negative,0.8825034499168396,0.07885517179965973,0.9859960079193115
1403909949890068486,negative,1.38129723072052,-0.816509485244751,2.3979249000549316
1403909950070427652,neutral,1.6925071477890015,0.8317885398864746,0.11772459000349045
1403909950234140673,negative,1.0013980865478516,-1.1942371129989624,3.0197296142578125
1403909950385098756,negative,1.391652226448059,0.024219021201133728,1.764966368675232
1403909950514946050,negative,1.391652226448059,0.024219021201133728,1.764966368675232
1403909950800236546,positive,0.334380179643631,0.4339798390865326,0.0591181255877018
1403909951265722373,neutral,2.3561551570892334,2.2389538288116455,-0.49256080389022827
1403909951957864456,neutral,3.530146598815918,1.6300079822540283,-1.0650413036346436
1403909953501368324,neutral,1.6751916408538818,0.02679453417658806,1.141197919845581
1403909954164166658,negative,1.0705411434173584,-1.045454502105713,2.798239231109619
1403909954768191494,negative,1.3954789638519287,-0.8631388545036316,1.8702367544174194
1403909955648843779,neutral,1.17320716381073,0.6498783826828003,0.2452823966741562
1403909957016244234,negative,0.2549649477005005,0.04669838771224022,2.0700690746307373
1403909957666344960,negative,1.3323875665664673,-0.29261744022369385,1.5215339660644531
1403909958026993670,neutral,1.6883747577667236,-0.6220036745071411,1.1964190006256104
1403909959209738244,negative,1.3725907802581787,-0.6823453903198242,1.3990538120269775
1403909959323033605,neutral,2.363513469696045,0.3148781955242157,0.3369843363761902
1403909959675305991,neutral,2.686922788619995,0.012738160789012909,0.6487727761268616
1403909959797166082,neutral,1.2824968099594116,-0.0495108887553215,0.8056637048721313
1403909960291950592,neutral,1.6751916408538818,0.02679453417658806,1.141197919845581
1403909960585539584,negative,1.3231056928634644,-1.2230225801467896,2.717540979385376
1403909963328626691,negative,1.2051092386245728,-1.0548324584960938,2.824289321899414
1403909964566048772,negative,1.1370818614959717,-0.6017014980316162,1.3992595672607422
1403909965002121216,neutral,1.8198760747909546,0.8568340539932251,0.4308655858039856
1403909965304238085,negative,0.9751992225646973,-0.5602071285247803,1.9345412254333496
1403909966134534144,neutral,1.7871710062026978,0.18971101939678192,0.9425322413444519
1403909966491271168,positive,1.7969024181365967,2.1345062255859375,-0.4683232605457306
1403909967157989382,negative,1.0977404117584229,0.1295071542263031,1.8085113763809204
1403909967363575814,positive,2.0785887241363525,2.1160728931427,-0.46231088042259216
1403909968235884544,negative,1.6369060277938843,-1.1716604232788086,2.4638113975524902
1403909969020391424,neutral,1.594359278678894,-0.11202611774206161,1.3583968877792358
1403909970911891468,neutral,3.5065670013427734,1.381019949913025,-0.5866552591323853
1403909971046248449,neutral,2.5982367992401123,1.0059188604354858,-0.37349092960357666
1403909973726224390,negative,0.8947703838348389,-0.21060416102409363,1.837630033493042
1403909974598766593,negative,0.9306401014328003,-0.6602965593338013,2.7505407333374023
1403909976259661826,negative,0.7445836663246155,-1.147673487663269,3.8138554096221924
1403909976964231175,positive,1.7465801239013672,3.7106921672821045,-1.1879507303237915
1403909977438314496,negative,1.1811087131500244,0.072727270424366,1.6746410131454468
1403909978310709256,neutral,2.543001890182495,1.0240801572799683,-0.16154247522354126
1403909979078201345,neutral,2.2162837982177734,0.7772313952445984,0.06576602905988693
1403909980005167107,negative,1.6634571552276611,-1.0234330892562866,2.36853289604187
1403909980118425600,neutral,2.024608612060547,1.5005333423614502,0.07506420463323593
1403909980948811777,neutral,2.6182215213775635,2.31624698638916,-1.0129200220108032
1403909981464825856,neutral,0.9083685278892517,0.5227550864219666,0.6671786308288574
1403909982521761795,neutral,1.9842615127563477,-0.6380167603492737,1.508884310722351
1403909982660161545,neutral,1.8167301416397095,-0.7457255125045776,1.4744458198547363
1403909983268388864,neutral,1.9350472688674927,-0.47720393538475037,0.9684427380561829
1403909983679303683,negative,1.0816760063171387,-0.43734750151634216,1.6716021299362183
1403909983717126145,neutral,1.6337698698043823,1.0212371349334717,0.1312326192855835
1403909983817768962,neutral,3.321773052215576,0.7042719125747681,-0.27376312017440796
1403909984056922112,neutral,1.6337698698043823,1.0212371349334717,0.1312326192855835
1403909986862833665,neutral,1.807466745376587,-0.38177490234375,1.1598114967346191
1403909987286482947,neutral,1.8277688026428223,0.6861883997917175,0.4950188994407654
1403909987659882500,neutral,1.6337698698043823,1.0212371349334717,0.1312326192855835
1403909988649742337,neutral,2.47216534614563,1.027438998222351,-0.5057953596115112
1403909990222483458,negative,1.5036463737487793,-0.7842859625816345,2.0220742225646973
1403909990692261890,neutral,1.198048710823059,0.5866292119026184,0.9134495854377747
1403909991321456640,negative,0.7711887955665588,-0.5521079897880554,2.246335506439209
1403894891977973765,neutral,2.287262201309204,0.3462592363357544,0.21366675198078156
1403894892250779654,neutral,1.083364486694336,1.07630455493927,0.705480694770813
1403894892946931715,positive,0.34579774737358093,4.115910530090332,-0.6673318147659302
1403894894347829248,positive,0.8879384994506836,3.365058183670044,-0.9325878024101257
1403894895086080003,positive,1.8396587371826172,3.5236942768096924,-1.0937713384628296
1403894905316032519,negative,1.0582903623580933,-1.2944999933242798,3.5238888263702393
1403894907010420736,neutral,1.3065775632858276,0.7379014492034912,0.1895376592874527
1403894908251820035,negative,1.4314416646957397,-1.0483880043029785,2.3978028297424316
1403894914635677700,negative,1.1682517528533936,0.07320767641067505,1.2723761796951294
1403894915667476482,negative,1.4314416646957397,-1.0483880043029785,2.3978028297424316
1403894918628712452,negative,0.706247866153717,-0.4132070243358612,1.9220592975616455
1403894923343110146,neutral,2.3789496421813965,0.4514157772064209,-0.41356050968170166
1403894933166202880,neutral,2.290067195892334,-0.11279628425836563,0.6509624719619751
1403894939004682243,neutral,2.7439210414886475,1.4038653373718262,-0.6538171172142029
1403894946256490499,negative,1.2912635803222656,-0.8398036956787109,2.1811373233795166
1403894949700046856,negative,0.9064667224884033,-0.07548902183771133,1.6347839832305908
1403894951226707969,neutral,2.172677755355835,1.4598052501678467,0.026541341096162796
1403894952745213952,negative,0.47545480728149414,0.7118520140647888,1.1963324546813965
1403894955211464712,neutral,1.285753846168518,0.6312969923019409,0.29008451104164124
1403894955928604675,neutral,2.2426304817199707,0.7866049408912659,0.16143068671226501
1403894958130712585,neutral,1.1855394840240479,0.5138117074966431,0.4088643491268158
1403894960248795136,negative,1.3248720169067383,-0.20613649487495422,1.6099340915679932
1403894960835809284,neutral,1.3583258390426636,0.11497953534126282,1.2725497484207153
1403894976992272390,negative,1.1682517528533936,0.07320766150951385,1.2723761796951294
1403894978850398215,positive,1.525778889656067,5.317582130432129,-1.7143601179122925
1403894981895639043,negative,0.7055714130401611,-0.6770667433738708,2.8967885971069336
1403894984328241153,neutral,1.0947643518447876,0.8374603986740112,0.7270249724388123
1403894984433041409,neutral,1.3360753059387207,-0.009119860827922821,0.12483395636081696
1403894985385156608,negative,0.556911051273346,-0.184065580368042,2.782855987548828
1403894989265031171,negative,1.4314416646957397,-1.0483880043029785,2.3978028297424316
1403894990376374272,positive,2.137608528137207,5.978252410888672,-1.5492494106292725
1403894991773212672,negative,0.5562392473220825,-1.2149791717529297,3.716585636138916
1403894994293903361,positive,2.1557250022888184,2.4854071140289307,-0.5755311846733093
1403894995636133888,positive,0.9917709231376648,1.3970394134521484,0.19154639542102814
1403894996571283459,positive,2.137608528137207,5.978252410888672,-1.5492494106292725
1403895000421879813,positive,1.4327962398529053,1.9286415576934814,-0.08929578959941864
1403895001503969282,neutral,2.36970853805542,2.007373094558716,-0.5446951985359192
1403895004620230656,positive,2.137608528137207,5.978252410888672,-1.5492494106292725
1403895007724068867,negative,1.4314416646957397,-1.0483880043029785,2.3978030681610107
1403895014221099008,neutral,1.310585618019104,-0.012192055583000183,1.1946697235107422
1403895014514737153,neutral,2.3534445762634277,1.2158253192901611,-0.555133044719696
1403895019082190848,positive,2.137608528137207,5.978252410888672,-1.5492494106292725
1403895026367680522,positive,2.137608528137207,5.978252410888672,-1.5492494106292725
1403895030977384453,neutral,1.3531986474990845,0.5288006067276001,0.8198568224906921
1403895031296151556,positive,0.9476184844970703,2.7731196880340576,-0.6908974051475525
1403895035817463809,positive,2.137608528137207,5.978252410888672,-1.5492494106292725
1403895037860007936,negative,1.0582903623580933,-1.2944999933242798,3.5238888263702393
1403895040016007172,negative,0.7055714130401611,-0.6770667433738708,2.8967885971069336
1403895040733220867,negative,1.1682517528533936,0.07320766150951385,1.2723761796951294
1403895040951336967,negative,0.48900651931762695,0.8874915838241577,1.095895528793335
1403895042603900929,positive,1.0009453296661377,1.9624885320663452,-0.05765040963888168
1403895050392772608,positive,1.2731961011886597,2.4292924404144287,0.08375190198421478
1403895052569497601,negative,1.1432403326034546,-1.1188974380493164,3.0213844776153564
1403895053026738179,neutral,1.1399518251419067,0.12641409039497375,0.5562928915023804
1403895053509140480,neutral,1.294850468635559,0.4557477533817291,0.29245439171791077
1403895060576366595,negative,1.4314416646957397,-1.048388123512268,2.3978030681610107
1403895061448900610,neutral,2.068850517272949,1.6010977029800415,-0.7309500575065613
1403895062103269376,negative,0.7144095301628113,-0.4973422586917877,1.6193368434906006
1403895064267563009,neutral,1.2870560884475708,0.7046855688095093,0.47987908124923706
1403895071947243522,neutral,2.070312976837158,-0.45778682827949524,1.2582319974899292
1403895074510024706,neutral,1.0845146179199219,0.7658616900444031,0.18919450044631958
1403895080499490818,negative,0.9390446543693542,0.013924919068813324,2.147310256958008
1403895085582913543,negative,1.0582904815673828,-1.2944999933242798,3.5238888263702393
1403895087164276738,negative,1.4314416646957397,-1.0483880043029785,2.3978028297424316
1403895087478697984,negative,0.5163883566856384,-0.4361015260219574,3.3455681800842285
1403895092541202434,neutral,1.616063117980957,0.0046798065304756165,1.1600502729415894
1403895096085524480,negative,1.4906578063964844,0.0025056377053260803,1.6486120223999023
1403895101424910337,neutral,2.4916861057281494,0.33815011382102966,0.03673570603132248
1403895101865152513,neutral,3.3491809368133545,2.535480499267578,-0.5016376376152039
1403895104532664321,negative,1.1554505825042725,-0.3882216513156891,1.7552173137664795
1403895104612405248,positive,1.3538755178451538,2.22295880317688,-0.008588435128331184
1403895107481489410,neutral,2.1524202823638916,1.2700278759002686,-0.16825683414936066
1403895112992706560,positive,0.8698875308036804,2.4193344116210938,0.21169929206371307
1403895113714110466,positive,1.087174654006958,2.188676118850708,-0.16954874992370605
1403895121800667140,neutral,2.7227883338928223,1.7542171478271484,-0.762808084487915
1403895123826597889,negative,1.0166007280349731,-0.7717850208282471,2.869218349456787
1403895124401197063,neutral,0.9266600012779236,0.6088793873786926,0.8994913101196289
1403895131086934016,negative,1.315758228302002,-0.738452136516571,1.5611268281936646
1403895133272121346,neutral,1.6173207759857178,-0.5526551008224487,1.4150745868682861
1403895138355757059,neutral,2.1148083209991455,0.3328953981399536,0.6221018433570862
1403895142247960580,neutral,1.7813390493392944,-0.512294590473175,1.7608243227005005
1403895152159166470,neutral,1.8513513803482056,-0.02469319850206375,0.8300933241844177
1403895154298306566,neutral,0.8764758110046387,0.6967461109161377,0.6189325451850891
1403895161562804228,negative,1.6191051006317139,-0.9611464142799377,1.941595435142517
1403895162674221056,negative,1.2700436115264893,-0.44260725378990173,2.4171788692474365
1403895171905773577,neutral,2.150414228439331,-0.1401808261871338,1.06210196018219
1403895178914680836,neutral,1.2855349779129028,1.1956753730773926,1.1426724195480347
1403895180525199363,negative,1.1682517528533936,0.07320766150951385,1.2723761796951294
1403895192000753674,positive,2.137608528137207,5.978252410888672,-1.5492494106292725
1403895192357421056,negative,1.184829592704773,-0.2660455107688904,2.2552196979522705
1403895199273783300,neutral,0.9509479999542236,0.9448739886283875,0.793546736240387
1403895203371655171,neutral,2.142714738845825,0.13805997371673584,0.6056631803512573
1403895203891605508,neutral,2.290067195892334,-0.11279628425836563,0.6509624719619751
1403895228637978625,positive,2.8817672729492188,5.226366996765137,-1.6673972606658936
1403895232358461448,negative,0.8008224368095398,0.07372090220451355,1.2827988862991333
1403895239283249154,neutral,1.4050198793411255,0.8185515999794006,0.5092297792434692
1403895239778222082,negative,0.40262672305107117,0.7351487874984741,1.3746408224105835
1403895242353414146,neutral,1.7448796033859253,-0.6363257169723511,1.262033462524414
1403895243511152645,positive,0.9917709231376648,1.3970394134521484,0.19154639542102814
1403895248003158016,negative,1.0582903623580933,-1.2944999933242798,3.5238888263702393
1403895249588658186,neutral,4.358008861541748,1.7581857442855835,-1.0029985904693604
1403895250641432580,positive,1.5606440305709839,1.5710901021957397,0.021284110844135284
1403895251408928769,neutral,2.298316240310669,0.37286147475242615,-0.8797470331192017
1403895254466564101,negative,1.5999760627746582,-1.068811058998108,2.5066230297088623
1403895255016128514,negative,0.7055714130401611,-0.6770667433738708,2.8967885971069336
1403895270891409411,positive,2.390641689300537,2.488579511642456,-0.5467348694801331
1403895283780571144,neutral,1.3656859397888184,0.8708546757698059,0.33315911889076233
1403895287286992899,negative,1.4314416646957397,-1.0483880043029785,2.3978028297424316
1403895289094709250,negative,1.1684235334396362,0.14246846735477448,1.312986969947815
1403895293540765699,negative,1.4314416646957397,-1.0483880043029785,2.3978028297424316
1403895296153817095,negative,1.6191051006317139,-0.961146354675293,1.9415953159332275
1403895299316146183,neutral,1.462720513343811,-0.3431406021118164,1.4224237203598022
1403895301228744705,neutral,1.4441758394241333,0.6792256832122803,0.470915824174881
1403895312058654724,negative,0.683479368686676,0.13191978633403778,1.28151273727417
1403895318651949058,negative,1.7123491764068604,-1.0009065866470337,2.0631349086761475
1403895319495122948,negative,0.7055714130401611,-0.6770667433738708,2.8967885971069336
1403895319516024840,negative,0.4409938156604767,0.16168195009231567,1.3599945306777954
1403895324427440128,negative,1.1212074756622314,0.01578398048877716,1.642693042755127
1403895336196661252,negative,0.6841767430305481,0.21857109665870667,1.6186128854751587
1403895336746164225,negative,0.9570556282997131,-1.0193514823913574,3.0157649517059326
1403895337107001346,positive,1.2413302659988403,2.992124557495117,-0.2966172695159912
1403895340193943553,neutral,2.0012450218200684,1.0995012521743774,0.10789851099252701
1403895342047895554,neutral,2.290067195892334,-0.11279628425836563,0.6509625911712646
1403895344417619970,negative,0.830604612827301,0.057273536920547485,1.4229214191436768
1403895356421808131,negative,0.270418643951416,0.08894121646881104,1.7746368646621704
1403895366815203334,negative,0.7923243045806885,-0.5297009944915771,2.3610284328460693
1403895367670829060,neutral,1.3640973567962646,0.21215640008449554,0.49288684129714966
1403895374616698881,negative,1.2378063201904297,-0.4937439262866974,2.203066110610962
1403895377133289475,negative,0.8434741497039795,-0.05767691880464554,2.3530149459838867
1403895380534693889,positive,0.21516045928001404,3.076517105102539,-0.5414984822273254
1403895384758538240,positive,1.4448707103729248,2.4916303157806396,-0.16838429868221283
1403895386654134273,negative,1.3075294494628906,-0.7188569903373718,2.027050495147705
1403895388608811009,neutral,1.3065775632858276,0.7379014492034912,0.1895376592874527
1403895388663320581,neutral,1.8887131214141846,1.3196542263031006,0.12396950274705887
1403895391750402059,negative,1.2019739151000977,-1.3025060892105103,3.280897617340088
1403895399946067971,neutral,2.290067434310913,-0.11279623955488205,0.6509624719619751
1403895418514116609,negative,0.7055714130401611,-0.6770667433738708,2.8967885971069336
1403895431541800962,neutral,1.8584047555923462,-0.1160740777850151,1.0900198221206665
1403895437858385922,negative,1.6191051006317139,-0.9611464142799377,1.941595435142517
1403895446716751883,negative,1.7933857440948486,-1.1788098812103271,2.6719789505004883
1403895449078185989,neutral,1.995172142982483,0.47632381319999695,-0.045532628893852234
1403895453654130689,negative,1.0582906007766724,-1.2944999933242798,3.5238888263702393
1403895455726063618,neutral,2.290067434310913,-0.11279623955488205,0.6509624719619751
1403895457902780416,neutral,2.3972268104553223,2.0237696170806885,-0.17166514694690704
1403895458288787457,negative,0.9841381907463074,-0.014940842986106873,1.9692755937576294
1403895473535176704,neutral,2.208667516708374,0.6837190389633179,0.20481884479522705
1403895475846225922,negative,1.1682517528533936,0.07320767641067505,1.2723761796951294
1403895477029027842,negative,0.8434742093086243,-0.057676948606967926,2.3530147075653076
1403895480354951176,negative,1.4314417839050293,-1.0483882427215576,2.3978030681610107
1403895484780093446,neutral,2.7227883338928223,1.7542170286178589,-0.7628082036972046
1403895486361313281,neutral,1.9705719947814941,0.4568772614002228,0.49334341287612915
1403895491541274626,negative,1.4314417839050293,-1.0483882427215576,2.3978030681610107
1403895493151936514,negative,1.1682517528533936,0.07320767641067505,1.2723761796951294
1403895493806206978,negative,0.7055714726448059,-0.6770667433738708,2.8967885971069336
1403895494724698112,negative,1.1682517528533936,0.07320767641067505,1.2723761796951294
1403895495152517121,neutral,1.6728956699371338,0.4518178701400757,0.8639442920684814
1403895495676731394,negative,0.49504393339157104,0.09693677723407745,1.5892081260681152
1403895499988537346,neutral,2.290067434310913,-0.11279623955488205,0.6509624719619751
1403895500017864707,neutral,1.6152610778808594,0.8276526927947998,0.24383579194545746
1403895502907887617,positive,0.5550342202186584,2.5961945056915283,-0.371559202671051
1403895504283607047,negative,1.2322144508361816,-1.000233769416809,2.143556833267212
1403895520272142342,negative,0.44490960240364075,-0.491950124502182,2.3138978481292725
1403895527570280452,neutral,2.2388412952423096,-0.9938942193984985,1.9011105298995972
1403895528199491594,negative,1.1682517528533936,0.07320771366357803,1.2723761796951294
1403895535044497413,positive,2.2645883560180664,2.4163451194763184,-0.8249158263206482
1403895548227227655,negative,0.8434742093086243,-0.057676903903484344,2.3530147075653076
1403895548864835590,neutral,1.3591086864471436,0.22848862409591675,1.2104090452194214
1403895549128941571,negative,1.4253891706466675,-0.5428515076637268,1.8815627098083496
1403895550693552129,neutral,1.4913686513900757,-0.20112234354019165,1.1740351915359497
1403895556041281537,negative,1.0582906007766724,-1.2944998741149902,3.5238890647888184
1403895556313960449,positive,1.3753138780593872,1.4183193445205688,0.14327198266983032
1403895561191792649,negative,1.2019739151000977,-1.3025060892105103,3.280897617340088
1403895575255388160,positive,1.4225642681121826,2.559952974319458,-0.9750102758407593
1403895576765272067,negative,1.4314417839050293,-1.0483882427215576,2.3978030681610107
1403895579290202116,neutral,2.7227883338928223,1.7542170286178589,-0.7628082036972046
1403895585254563841,negative,1.2322144508361816,-1.000233769416809,2.143556833267212
1403895585443254275,negative,0.8193559646606445,-0.6928897500038147,1.7446538209915161
1403895586093424643,neutral,1.0831408500671387,-0.13810503482818604,0.9880569577217102
1403895590119903234,positive,2.3649661540985107,2.699191093444824,-0.9368975162506104
1403895590946324482,negative,1.162406325340271,-0.3083361089229584,1.366128921508789
1403895597879369733,neutral,1.376272201538086,0.6348593235015869,-0.06684610992670059
1403895602895798275,neutral,2.142714738845825,0.13806000351905823,0.6056631207466125
1403895606439989248,neutral,1.7155979871749878,0.6161317825317383,0.7171759605407715
1403895612857221121,neutral,1.6703656911849976,1.2584446668624878,0.16800585389137268
1403895620075606018,neutral,2.0757241249084473,0.2247433066368103,0.2345004826784134
1403895623317921792,neutral,1.3148447275161743,0.06233491748571396,1.1408872604370117
1403895623972175872,neutral,2.3972268104553223,2.0237696170806885,-0.17166514694690704
1403895625251438593,negative,1.031749963760376,-0.3733443021774292,1.6604235172271729
1403895630150488066,negative,1.4314417839050293,-1.0483882427215576,2.3978030681610107
1403895631698092036,negative,1.0582906007766724,-1.2944998741149902,3.5238890647888184
1403895640627707908,negative,1.2666950225830078,-0.33269134163856506,1.7834937572479248
1403895643257511937,negative,1.3715029954910278,-0.40519747138023376,1.7610961198806763
1403895645719568387,neutral,1.083364486694336,1.07630455493927,0.705480694770813
1403895657325232129,negative,1.2770438194274902,-0.05047666281461716,1.485963225364685
1403895659862716417,neutral,1.7927137613296509,-0.009534172713756561,0.353990763425827
1403895661444145152,neutral,2.2426304817199707,0.7866048216819763,0.16143077611923218
1403895667395813379,neutral,1.432140588760376,-0.33306825160980225,0.8056573867797852
1403895669841006596,positive,0.5976018309593201,1.0562971830368042,0.909744918346405
1403895670340259843,neutral,1.456584095954895,-0.16948899626731873,1.154048204421997
1403895683619475461,negative,0.7055714726448059,-0.6770667433738708,2.8967885971069336
1403895685573926921,neutral,1.9915037155151367,0.6663607954978943,0.6117178797721863
1403895686643339266,negative,0.36187517642974854,-0.5831485390663147,3.2602627277374268
1403895687067078656,neutral,0.7837391495704651,0.3215515613555908,0.707678496837616
1403895692079284224,neutral,1.6926381587982178,0.04303106665611267,0.7747558951377869
1403895693882925060,negative,1.124749779701233,-0.7657866477966309,2.3582992553710938
1403895694071566339,positive,0.5284479856491089,5.311195373535156,-1.1680757999420166
1403895697955459076,neutral,1.4297213554382324,0.13055352866649628,0.8980494737625122
1403895708432977927,negative,0.9716470241546631,0.04881765693426132,1.2217137813568115
1403895712233005060,negative,1.0582906007766724,-1.2944998741149902,3.5238890647888184
1403895712455274497,positive,0.925692617893219,1.6070530414581299,-0.0887686163187027
1403895713453395969,negative,0.4391714334487915,0.8421099185943604,1.3504770994186401
1403895715953209346,negative,1.2770439386367798,-0.05047667771577835,1.4859631061553955
1403895728112504832,negative,1.3133970499038696,-0.06179482489824295,1.819754719734192
1403895728422981637,negative,0.7055714726448059,-0.6770667433738708,2.8967885971069336
1403895730553593858,neutral,1.4060752391815186,0.5456109046936035,0.0642750933766365
1403895731195424771,neutral,1.169958472251892,-0.07904749363660812,1.0548962354660034
1403895731560222724,neutral,0.862568736076355,0.277744323015213,0.2616581618785858
1403895732290084866,negative,1.1682517528533936,0.07320767641067505,1.2723761796951294
1403895733615423488,negative,1.1803573369979858,-0.9481819272041321,3.0414345264434814
1403895736618688512,negative,1.437208890914917,-0.25890403985977173,2.0922462940216064
1403895750770167812,neutral,1.938907504081726,0.8772923946380615,0.02941247448325157
1403895752183586817,negative,0.9306440949440002,0.5553379058837891,0.9830366373062134
1403895753282629633,positive,1.001731514930725,1.1066551208496094,-0.08579448610544205
1403895755698540544,neutral,1.9242794513702393,-0.4162273705005646,0.15621420741081238
1403895757002903552,negative,1.0582906007766724,-1.2944998741149902,3.5238890647888184
1403895761469726720,neutral,1.7108949422836304,-0.09891749173402786,0.46639955043792725
1403895775025901573,neutral,1.7108949422836304,-0.09891749173402786,0.46639955043792725
1403895780264583168,negative,0.5541284680366516,-1.022405743598938,3.7605438232421875
1403895785175928833,negative,1.1682517528533936,0.07320767641067505,1.2723761796951294
1403895785759154180,negative,0.7250656485557556,0.3952253460884094,0.8628374338150024
1403895791874416643,negative,1.4314417839050293,-1.0483882427215576,2.3978030681610107
1403895797599571970,neutral,1.3731619119644165,0.6927802562713623,0.1414823979139328
1403895803064750082,negative,0.5579683184623718,-0.14102929830551147,0.7538713216781616
1403895807984607234,negative,1.302128791809082,-0.27142706513404846,1.4493581056594849
1403895828121534465,neutral,1.5229988098144531,0.2552468478679657,0.10637865215539932
1403895829363101700,neutral,2.2827706336975098,0.09409419447183609,0.5725166201591492
1403895844642852866,neutral,1.3065775632858276,0.7379014492034912,0.1895376294851303
1403895847260241922,neutral,0.8428910374641418,0.7888121008872986,0.03760785609483719
1403895848602423297,negative,1.2019739151000977,-1.3025060892105103,3.280897617340088
1403895855946534919,negative,0.17259518802165985,-0.3432350754737854,1.890127420425415
1403895860405018627,neutral,1.842354416847229,0.2547461986541748,0.42472419142723083
1403895863382974466,positive,2.2645883560180664,2.4163451194763184,-0.8249158263206482
1403895865735999488,positive,1.4120105504989624,2.6491053104400635,-0.434500515460968
1403895867690688513,positive,0.9156333804130554,1.3559832572937012,0.48682236671447754
1403895867992690695,neutral,0.7993578314781189,0.788283109664917,0.7751441597938538
1403895868588138496,neutral,2.1449971199035645,-0.08741585165262222,0.3903439939022064
1403895869892546562,neutral,0.9304385185241699,-0.3039877414703369,0.5791804194450378
1403895873642369031,neutral,2.290067434310913,-0.11279626935720444,0.6509624719619751
1403895874258800643,positive,2.137608528137207,5.978252410888672,-1.549249529838562
1403895880512544771,neutral,2.6153576374053955,2.2499659061431885,-0.7932081818580627
1403895880986415108,negative,1.4314417839050293,-1.0483882427215576,2.3978030681610107
1403895882983084035,neutral,1.2174497842788696,0.3352823853492737,1.052437663078308
1403895894798389256,positive,1.0514470338821411,1.7248320579528809,-0.31586581468582153
1403895895305773056,neutral,1.9705719947814941,0.4568772614002228,0.49334341287612915
1403895898850082816,negative,0.36187517642974854,-0.5831485390663147,3.2602627277374268
1403895902146793481,positive,1.0012385845184326,1.3131707906723022,0.9048964381217957
1403895902964752384,neutral,1.5680105686187744,-0.19729429483413696,1.258042335510254
1403895905208520712,negative,1.244818925857544,-0.26699525117874146,1.3030121326446533
1403895908610154502,negative,1.1212507486343384,-0.6363992691040039,1.6693989038467407
1403895915073531904,negative,1.4314417839050293,-1.0483882427215576,2.3978030681610107
1403895920232697862,neutral,1.4152960777282715,1.152173399925232,0.540650486946106
1403895924644990978,neutral,3.186821699142456,2.3361856937408447,-0.7373371124267578
1403895926905880580,negative,1.9496126174926758,-1.1339592933654785,2.4230051040649414
1403895930244509696,negative,0.48510870337486267,-1.2127659320831299,3.994302272796631
1403895931725041665,negative,0.47199079394340515,-0.9814162254333496,3.092172145843506
1403895937773228033,negative,0.9677378535270691,-1.0785154104232788,2.764707326889038
1403895943028637697,negative,1.2912636995315552,-0.8398036956787109,2.1811373233795166
1403895954072289281,neutral,1.4508551359176636,-0.13731053471565247,1.1794555187225342
1403895954823020548,neutral,2.070312976837158,-0.45778676867485046,1.2582318782806396
1403895957117292544,negative,1.1112914085388184,-0.6450939774513245,1.9553594589233398
1403895963907813382,neutral,1.9855204820632935,-0.8832018971443176,1.8987685441970825
1403895965640237060,neutral,1.4299767017364502,0.2770217955112457,0.5007042288780212
1403895975857508354,negative,1.4182761907577515,-0.6263560056686401,1.5923240184783936
1403895979678502917,positive,2.575953483581543,3.516756772994995,-1.2548540830612183
1403895986087337988,neutral,1.9705719947814941,0.4568772614002228,0.49334341287612915
1403895989950287872,neutral,1.2528042793273926,0.3245268762111664,0.8026517629623413
1403895993427496972,neutral,1.2345174551010132,-0.057659246027469635,1.0597862005233765
1403896002780618753,positive,1.394895076751709,2.9754281044006348,-0.5550028681755066
1403896011521761280,neutral,1.1415382623672485,0.015522204339504242,0.7564643621444702
1403896023253094401,neutral,1.3591086864471436,0.22848862409591675,1.2104090452194214
1403896023941009409,negative,1.0582906007766724,-1.2944998741149902,3.5238890647888184
1403896026918969349,neutral,2.070312976837158,-0.45778676867485046,1.2582318782806396
1403896030144303107,neutral,1.3065775632858276,0.7379014492034912,0.1895376294851303
1403896034921639946,negative,1.1682517528533936,0.07320767641067505,1.2723761796951294
1403896036943450115,negative,0.635184645652771,-0.40678173303604126,2.5748767852783203
1403896040894341121,positive,2.9555327892303467,3.6548256874084473,-1.3011631965637207
1403896044224663554,negative,1.2268413305282593,-0.307860404253006,1.701180338859558
1403896045034213377,neutral,1.4322713613510132,0.4848262071609497,1.0028427839279175
1403896048137945094,neutral,1.4669034481048584,0.40730607509613037,0.8721528053283691
1403896049865986048,neutral,1.9208909273147583,1.0284467935562134,0.49298596382141113
1403896050318970883,negative,1.4314417839050293,-1.0483882427215576,2.3978030681610107
1403896051703156742,neutral,2.290067434310913,-0.11279623955488205,0.6509624719619751
1403896053657649152,neutral,2.290067434310913,-0.11279623955488205,0.6509624719619751
1403896054714494977,neutral,2.408041000366211,2.3720507621765137,-0.6953230500221252
1403896056920805376,negative,0.8434742093086243,-0.05767687410116196,2.3530147075653076
1403896058090983425,neutral,1.6618975400924683,0.0723796859383583,0.5179897546768188
1403896060066467844,negative,0.7722763419151306,-0.15976989269256592,1.9778159856796265
1403896065330401282,neutral,2.140056610107422,0.3316640555858612,0.559573769569397
1403896068711014401,neutral,2.290067434310913,-0.11279623955488205,0.6509624719619751
1403896080379547649,negative,0.8731116056442261,-0.24298414587974548,1.4547042846679688
1403896084091518980,negative,1.090460181236267,-0.9045818448066711,2.085294723510742
1403896095944609793,neutral,2.290067434310913,-0.11279623955488205,0.6509624719619751
1403896107676094471,negative,0.7055714726448059,-0.6770667433738708,2.8967885971069336
1403896107734872067,neutral,2.1517059803009033,0.83746337890625,-0.22771809995174408
1403896110939136000,positive,2.2645883560180664,2.4163451194763184,-0.8249158263206482
1403896115351625728,neutral,1.9567742347717285,0.704328179359436,-0.26126986742019653
1403896116744232961,negative,0.9776164293289185,-0.830863356590271,3.0358870029449463
1403896117251784707,neutral,1.8074077367782593,0.7544408440589905,-0.16974878311157227
1403896117369225220,neutral,2.070312976837158,-0.45778676867485046,1.2582318782806396
1403896117394239488,negative,1.2912636995315552,-0.8398036956787109,2.1811373233795166
1403896118761725965,negative,1.4314417839050293,-1.0483882427215576,2.3978030681610107
1403896119051104258,neutral,2.290067434310913,-0.11279623955488205,0.6509624719619751
1403896132858691584,negative,0.9685950875282288,-0.19514960050582886,1.5326669216156006
1403896134515544065,negative,1.4314417839050293,-1.0483882427215576,2.3978030681610107
1403896136243482629,neutral,1.1947513818740845,1.0463659763336182,-0.2306896597146988
1403896139217182721,negative,1.3451322317123413,-1.184715747833252,2.834808111190796
1403896140223766534,neutral,2.5348682403564453,2.0249853134155273,-0.6414156556129456
1403896142471913472,neutral,1.5614609718322754,0.7086991667747498,0.0821642205119133
1403896148411174914,negative,0.7055714726448059,-0.6770667433738708,2.8967885971069336
1403896156061683713,neutral,1.250726342201233,0.5492954850196838,-0.0791439414024353
1403896161384251396,neutral,1.0530996322631836,0.695402979850769,0.3221874535083771
1403896167927214083,negative,0.9382163882255554,0.6968571543693542,0.9467874765396118
1403896170360053762,neutral,2.017120838165283,-0.12998488545417786,0.9112377762794495
1403896173056847876,negative,0.8434743285179138,-0.05767691880464554,2.3530147075653076
1403896176668286976,negative,0.9064380526542664,-0.38879770040512085,1.3436472415924072
1403896177297440778,negative,0.8172330856323242,-0.08676662296056747,1.4378340244293213
1403896182074535937,positive,2.059281826019287,5.751904010772705,-1.63373601436615
1403896190471659524,neutral,1.4926764965057373,-0.47628459334373474,1.2084646224975586
1403896194024103936,neutral,1.2686117887496948,0.8719227910041809,0.6157460808753967
1403896200584105989,negative,1.4314417839050293,-1.0483882427215576,2.3978030681610107
1403896203645964290,neutral,1.5901010036468506,0.20372627675533295,0.46664711833000183
1403896203973206017,neutral,2.962127685546875,1.6777037382125854,-1.2465943098068237
1403896220607815680,neutral,1.310585618019104,-0.012192107737064362,1.1946698427200317
1403896221220016129,neutral,1.7091562747955322,0.8935661315917969,0.02508377470076084
1403896221585006597,neutral,1.6601076126098633,1.149720311164856,-0.10432858020067215
1403896224097390593,positive,1.6831660270690918,4.901881694793701,-1.0314863920211792
1403896225926160394,negative,0.7055714726448059,-0.6770667433738708,2.8967885971069336
1403896227301781506,negative,0.7055714726448059,-0.6770667433738708,2.8967885971069336
1403896229810089987,neutral,0.9970763921737671,0.10645237565040588,0.5112852454185486
1403896236667805699,negative,1.3406522274017334,-0.0868993028998375,1.54012131690979
1403896243282120704,neutral,1.7010846138000488,-0.33805325627326965,1.2011232376098633
1403896249271558145,negative,1.2338087558746338,-0.10125520080327988,1.571967363357544
1403896257534251009,negative,0.8890722393989563,-0.021810412406921387,1.550275206565857
1403896264073285642,negative,1.269161581993103,-0.6639984250068665,2.2427868843078613
1403896264933130245,positive,0.804375171661377,1.4051018953323364,0.32756832242012024
1403896267441332226,neutral,1.4913686513900757,-0.20112234354019165,1.1740350723266602
1403896272109457412,neutral,1.723738431930542,0.5737795829772949,0.6430924534797668
1403896277516144641,neutral,2.290067434310913,-0.11279623955488205,0.6509624719619751
1403896292221194242,negative,1.4030598402023315,-0.520464301109314,1.5610984563827515
1403896299032698880,positive,2.137608528137207,5.978252410888672,-1.549249529838562
1403896299833937920,negative,1.4314417839050293,-1.0483882427215576,2.3978030681610107
1403896306079174658,negative,0.7055714726448059,-0.6770667433738708,2.8967885971069336
1403896310680391681,neutral,1.5786669254302979,0.15792956948280334,0.6809839606285095
1403896310890176517,positive,0.7778711915016174,3.038619041442871,-0.4938158392906189
1403896311510863876,negative,1.4492188692092896,-1.0781540870666504,3.039498805999756
1403896315273265152,negative,1.4492188692092896,-1.0781540870666504,3.039499044418335
1403896323175194627,neutral,1.6703656911849976,1.2584446668624878,0.16800585389137268
1403896324802584576,neutral,1.7367011308670044,-0.7247045040130615,1.6545106172561646
1403896325956063236,negative,1.1303461790084839,-0.6110981702804565,1.5698705911636353
1403896328313245699,positive,0.8290530443191528,1.3951375484466553,0.25385820865631104
1403896331710566401,positive,1.0170632600784302,1.3085476160049438,0.789653480052948
1403896334017572866,neutral,1.4827195405960083,-0.6942790746688843,1.4511202573776245
1403896340166348801,negative,0.7055714726448059,-0.6770667433738708,2.8967885971069336
1403896349700001794,negative,0.9053019285202026,-1.2171434164047241,3.2949271202087402
1403896359204265984,positive,2.095327138900757,2.120972156524658,-0.5857835412025452
1403896363138437124,negative,1.4314417839050293,-1.0483882427215576,2.3978030681610107
1403896363151245316,neutral,2.4468159675598145,0.9291907548904419,-0.012007614597678185
1403896366477176839,neutral,1.1411746740341187,0.7747860550880432,-0.07696240395307541
1403896374303727617,negative,0.9381808042526245,-1.3565523624420166,4.010726451873779
1403896374857510913,neutral,1.575387716293335,0.04799763485789299,0.7240335941314697
1403896377067855877,negative,1.4047905206680298,-0.34404754638671875,1.4328930377960205
1403896379425103878,neutral,2.290067434310913,-0.11279623955488205,0.6509624719619751
1403896385192165380,neutral,1.7166900634765625,-0.6305842995643616,1.1380215883255005
1403896389176684550,neutral,1.9705719947814941,0.4568772614002228,0.49334341287612915
1403896391387074570,positive,2.390641450881958,2.488579750061035,-0.5467348098754883
1403896394008698882,positive,1.647303581237793,2.6854817867279053,-0.5690715909004211
1403896397712220161,neutral,1.415296196937561,1.152173399925232,0.5406504273414612
1403896399297585155,neutral,2.8349790573120117,1.7084563970565796,-0.8121069669723511
1403896413306515457,neutral,1.9705719947814941,0.4568772614002228,0.49334341287612915
1403896417807130624,neutral,1.425203800201416,0.5153457522392273,0.9945268630981445
1403896420101283843,negative,1.090330958366394,0.2195408046245575,1.3996944427490234
1403896426032254977,neutral,1.7174824476242065,0.5742363929748535,-0.5419496297836304
1403896431170277377,positive,0.8283147215843201,1.1102962493896484,0.38265901803970337
1403896448903647233,negative,1.5175154209136963,-1.0432168245315552,2.282209634780884
1403896453844582400,positive,1.4343329668045044,1.6077406406402588,0.2660112977027893
1403896455870418949,neutral,2.6175763607025146,1.6149266958236694,-0.6007600426673889
1403896456008851458,negative,1.4492188692092896,-1.0781540870666504,3.039498805999756
1403896464435187714,negative,0.47199079394340515,-0.9814162254333496,3.092172145843506
1403896468390518788,neutral,1.3105854988098145,-0.01219208538532257,1.1946698427200317
1403896473117413376,neutral,1.158522129058838,0.8635499477386475,0.3556102216243744
1403896474103132161,negative,1.1682517528533936,0.07320767641067505,1.2723761796951294
1403896490687401985,neutral,2.1641736030578613,0.6775902509689331,-0.4843598008155823
1403896493581426690,negative,0.843474268913269,-0.05767688900232315,2.3530147075653076
1403896494219005955,neutral,2.607696056365967,1.4095371961593628,-0.3915170729160309
1403896496261586949,neutral,1.723447561264038,0.19423004984855652,0.1305631846189499
1403896497255501825,negative,1.0582906007766724,-1.2944998741149902,3.5238890647888184
1403896502137757697,neutral,1.9705719947814941,0.4568772614002228,0.49334341287612915
1403896517631655940,negative,0.5013951063156128,-0.42443081736564636,0.845609188079834
1403896520634777609,negative,0.843474268913269,-0.05767693370580673,2.3530147075653076
1403896521687404548,negative,1.9496126174926758,-1.1339592933654785,2.4230051040649414
1403896522240974850,neutral,1.366729974746704,-0.7042025923728943,1.22151517868042
1403896528209653762,negative,1.3343068361282349,-0.7912403345108032,1.61234712600708
1403896532659810305,neutral,2.140106201171875,-0.3635793924331665,0.5620502829551697
1403896551005507584,neutral,2.09852933883667,0.6431969404220581,-0.2805907428264618
1403896551026561029,neutral,2.6456844806671143,1.7950481176376343,-0.3606582581996918
1403896553987743747,positive,2.7452127933502197,3.757079839706421,-1.4513533115386963
1403896558723162114,negative,0.49233055114746094,-0.4437985122203827,1.782820463180542
1403896559259906051,positive,1.4725896120071411,1.9306515455245972,-0.7127354741096497
1403896559906050049,neutral,1.1734063625335693,0.522411584854126,0.3461377024650574
1403896561063497730,negative,0.843474268913269,-0.05767693370580673,2.3530147075653076
1403896565597556738,neutral,1.083364486694336,1.07630455493927,0.705480694770813
1403896577551384577,neutral,2.290067434310913,-0.11279626935720444,0.6509625315666199
1403896577593389057,neutral,1.8486838340759277,0.166237473487854,-0.03004889003932476
1403896578029408256,negative,1.6191051006317139,-0.9611464142799377,1.941595435142517
1403896583234613250,neutral,1.331164002418518,0.6553316116333008,0.9225770831108093
1403896585021317125,negative,0.9084242582321167,-1.0056037902832031,2.4977259635925293
1403896589245042697,neutral,1.6309492588043213,0.4637558162212372,0.6816269755363464
1403896592285982722,negative,0.9210618138313293,-1.0125746726989746,2.625678777694702
1403896599869276160,neutral,2.2448477745056152,1.6678637266159058,0.7692669630050659
1403896602515890188,neutral,2.7227883338928223,1.7542171478271484,-0.7628082633018494
1403896602662780930,neutral,2.1465115547180176,-0.03407952934503555,0.639212965965271
1403896604042563584,positive,1.809765338897705,2.7077198028564453,-0.8504529595375061
1403896604503928835,negative,1.0582906007766724,-1.2944998741149902,3.5238890647888184
1403896609566605312,neutral,1.724918007850647,0.08050532639026642,0.2875683009624481
1403896613945307136,neutral,1.3065775632858276,0.7379014492034912,0.1895376294851303
1403896621369331712,neutral,1.915003776550293,0.8820958137512207,-0.22525469958782196
1403896621927211012,neutral,2.290067434310913,-0.11279628425836563,0.6509624123573303
1403896622572990464,negative,1.0557299852371216,-0.0559622123837471,1.784723162651062
1403896623248384000,positive,0.25334176421165466,2.5677638053894043,-0.27901071310043335
1403896625156825090,negative,1.1682517528533936,0.07320767641067505,1.2723761796951294
1403896626335424512,negative,1.6191051006317139,-0.9611464142799377,1.9415955543518066
1403896628596023297,neutral,2.408041000366211,2.3720507621765137,-0.6953230500221252
1403896641493647364,neutral,1.5312869548797607,0.020736396312713623,0.9595498442649841
1403896643834023936,negative,1.168251633644104,0.07320766150951385,1.2723760604858398
1403896646501494786,neutral,0.9272382259368896,0.2667430341243744,0.2077786773443222
1403896648649089028,positive,1.5727654695510864,2.418776750564575,-0.615125834941864
1403896653824905219,neutral,1.1673544645309448,0.5232768654823303,0.946696400642395
1403896654785400836,negative,1.3375451564788818,-0.966654360294342,2.1160218715667725
1403896655657668611,neutral,1.6150802373886108,-0.6902475357055664,1.1714370250701904
1403896659164110850,positive,0.777587890625,1.0045357942581177,0.9333544373512268
1403896662318370822,neutral,1.9180867671966553,0.2399716079235077,0.512604296207428
1403896665832972291,negative,1.2912636995315552,-0.8398036956787109,2.1811373233795166
1403896666189668359,neutral,0.8895248770713806,-0.09808825701475143,0.6231505274772644
1403896672242053121,negative,0.8946008682250977,-0.2640845477581024,1.3314566612243652
1403896677107392512,neutral,1.325561285018921,0.49048852920532227,0.8335297703742981
1403896677535076356,neutral,2.7227883338928223,1.7542170286178589,-0.7628082036972046
1403896678734651394,negative,1.6191051006317139,-0.9611464142799377,1.941595435142517
1403896679414341633,neutral,1.985520601272583,-0.8832018971443176,1.898768424987793
1403897425434087424,neutral,1.924842357635498,0.05384395271539688,1.2445746660232544
1403897425656434693,neutral,2.0282082557678223,0.6019315719604492,-0.08032333105802536
1403897426214219780,neutral,1.478858470916748,0.11350816488265991,0.383056640625
1403897432350539782,neutral,1.985520601272583,-0.8832018971443176,1.8987683057785034
1403897433839456260,neutral,1.9705719947814941,0.4568772614002228,0.49334341287612915
1403897436062437384,positive,1.8289183378219604,1.9009006023406982,-0.5516653656959534
1403897440328105991,negative,0.4904046654701233,0.3828302025794983,1.2733534574508667
1403897442093916162,neutral,1.4925074577331543,-0.5645747184753418,1.185836911201477
1403897445499736066,negative,0.8434742093086243,-0.057676903903484344,2.3530147075653076
1403897448532123648,neutral,1.9705719947814941,0.4568772614002228,0.49334338307380676
1403897451619262469,negative,0.7055714726448059,-0.6770667433738708,2.8967885971069336
1403897455985500165,positive,1.6716482639312744,1.6809877157211304,-0.10151251405477524
1403897460200808449,negative,1.1395033597946167,-0.4478966295719147,1.3819432258605957
1403897469658972161,positive,0.6895252466201782,0.879270613193512,0.8460917472839355
1403897474054455303,negative,1.0582906007766724,-1.2944998741149902,3.5238890647888184
1403897475191222277,negative,0.9393947720527649,-0.6358798146247864,1.4671523571014404
1403897475803619330,neutral,1.8433804512023926,-0.03407520055770874,0.7682921886444092
1403897491033100290,positive,0.5763923525810242,2.2028462886810303,0.012758897617459297
1403897491859324932,neutral,2.290067434310913,-0.11279623955488205,0.6509624719619751
1403897498746359809,positive,0.882591962814331,3.311711549758911,-0.37558695673942566
1403897499723735050,negative,0.3333609998226166,-0.36174577474594116,2.4742064476013184
1403897506774372356,neutral,1.415296196937561,1.152173399925232,0.540650486946106
1403897509714481157,negative,0.8434742093086243,-0.057676903903484344,2.3530147075653076
1403897510628790272,negative,0.9505872130393982,-0.1486581265926361,2.4543263912200928
1403897513778855939,negative,0.5801296234130859,-0.4005676507949829,2.542445182800293
1403897516668571648,negative,0.814424455165863,-0.7544670701026917,3.2144339084625244
1403897520317624325,negative,0.7055714726448059,-0.6770667433738708,2.8967885971069336
1403897520892399621,negative,1.0582906007766724,-1.2944998741149902,3.5238890647888184
1403897521517203461,neutral,1.9169985055923462,-0.005517780780792236,1.0947881937026978
1403897524415393793,negative,1.6191051006317139,-0.9611464142799377,1.941595435142517
1403897524566564868,neutral,1.4689061641693115,0.8593667149543762,-0.3129328489303589
1403897528341389312,neutral,2.7227883338928223,1.7542170286178589,-0.7628082036972046
1403897529117380609,negative,1.096474289894104,0.48079726099967957,1.8591748476028442
1403897532061650947,negative,1.234927773475647,-0.20489919185638428,1.50859534740448
1403897543751315459,neutral,2.290067434310913,-0.11279623955488205,0.6509624719619751
1403897544984432642,negative,0.8700535297393799,-0.0004127770662307739,1.107372760772705
1403897548469936131,negative,1.09607994556427,-0.31172066926956177,1.722604751586914
1403897564282294272,negative,1.0120885372161865,0.38462576270103455,1.0468103885650635
1403897568266887174,negative,0.5044651627540588,-0.2268766164779663,1.9605557918548584
1403897571840569345,negative,1.082222819328308,-0.7970700263977051,1.8392053842544556
1403897576647139328,negative,1.0582906007766724,-1.2944998741149902,3.5238890647888184
1403897580082372610,negative,0.7055714726448059,-0.6770667433738708,2.8967885971069336
1403897580891815937,negative,1.2019739151000977,-1.3025060892105103,3.280897617340088
1403897592484827139,neutral,1.9705719947814941,0.4568772614002228,0.49334341287612915
1403897596129820675,negative,1.5179399251937866,-0.8292117714881897,1.8463311195373535
1403897596532322304,neutral,1.4361133575439453,0.9741256833076477,0.5847207903862
1403897600416239624,positive,2.2645883560180664,2.4163448810577393,-0.8249158263206482
1403897615381577730,neutral,2.491271734237671,0.8581621050834656,0.12090378999710083
1403897621496872965,negative,1.2187496423721313,-1.170295238494873,2.9280893802642822
1403897628077838343,neutral,1.5019623041152954,0.09283670783042908,0.22043241560459137
1403897644108369921,negative,0.8167320489883423,-1.5312654972076416,4.817623615264893
1403897651318464515,negative,0.47199079394340515,-0.9814162254333496,3.092172145843506
1403897661246345216,negative,0.7055714726448059,-0.6770667433738708,2.8967885971069336
1403897666409406465,negative,0.7055714726448059,-0.6770667433738708,2.8967885971069336
1403897667227242498,negative,1.1682517528533936,0.07320767641067505,1.2723761796951294
1403897671677534209,neutral,2.2098851203918457,1.2832578420639038,-0.18421559035778046
1403897672294141954,negative,1.6191049814224243,-0.9611462950706482,1.9415955543518066
1403897673141284864,negative,1.452570915222168,-0.8130477666854858,2.4666922092437744
1403897678858113025,negative,0.7543008327484131,-0.7443994879722595,2.811321973800659
1403897683425869825,positive,1.1761125326156616,4.155120372772217,-1.1811349391937256
1403897685443112962,neutral,1.4913686513900757,-0.20112234354019165,1.1740351915359497
1403897689096396800,neutral,1.678835153579712,0.11202788352966309,1.2888721227645874
1403897695270490118,negative,1.0779564380645752,-1.0499494075775146,2.298062562942505
1403897697711443969,neutral,2.290067434310913,-0.11279623955488205,0.6509624719619751
1403897700236632066,negative,1.1682517528533936,0.07320767641067505,1.2723761796951294
1403897702010691586,negative,1.1404001712799072,-0.9997642636299133,2.799861192703247
1403897706137886722,neutral,1.568621039390564,-0.41158410906791687,0.9768143892288208
1403897707664715778,neutral,2.290067434310913,-0.11279623955488205,0.6509624719619751
1403897710168612867,neutral,1.9705719947814941,0.4568772614002228,0.49334341287612915
1403897711976349696,negative,1.5270705223083496,-1.0779223442077637,3.1530141830444336
1403897714341986310,positive,0.6241189241409302,2.3870503902435303,-0.11807242780923843
1403897716627939328,neutral,1.6666889190673828,0.23464706540107727,0.4226236939430237
1403897725599420417,neutral,1.574344515800476,1.225046992301941,-0.04755018651485443
1403897732348014596,neutral,3.3773181438446045,2.8716578483581543,-1.3752902746200562
1403897747183484929,negative,0.6989582180976868,-0.1843322515487671,2.0674383640289307
1403897748127031305,positive,0.18389873206615448,2.682309865951538,-0.4284299314022064
1403897759996993539,positive,1.2209800481796265,1.2821482419967651,0.39418333768844604
1403897760798195715,negative,0.8167320489883423,-1.5312654972076416,4.817623615264893
1403897761158762500,negative,0.7087280750274658,-0.4100494384765625,1.6725531816482544
1403897770419703820,negative,1.0086981058120728,-1.3650017976760864,3.654726982116699
1403897776010792964,neutral,1.2059465646743774,0.5299673676490784,0.48723554611206055
1403897778015715340,neutral,1.204940676689148,0.18907231092453003,0.603506863117218
1403897778472902657,positive,1.647303581237793,2.6854820251464844,-0.5690716505050659
1403897779341115397,positive,1.5144248008728027,4.272721290588379,-0.958307683467865
1403897783426318337,negative,1.1404001712799072,-0.9997643828392029,2.799861192703247
1403897788727955460,neutral,2.1737546920776367,-0.05540146678686142,0.7249011397361755
1403897788761477130,neutral,1.1255491971969604,0.6824175715446472,0.8517676591873169
1403897791647080449,neutral,1.0951199531555176,0.7129290103912354,0.06938285380601883
1403897792624435203,neutral,1.329533576965332,-0.041208021342754364,0.940610408782959
1403897794100928512,negative,0.7055714726448059,-0.6770667433738708,2.8967885971069336
1403897801801564161,neutral,1.2918909788131714,0.6174755096435547,0.34107741713523865
1403897818717163524,neutral,1.8496028184890747,-0.336252897977829,1.047793984413147
1403897822953414661,negative,1.2912636995315552,-0.8398036956787109,2.1811373233795166
1403897826388611073,neutral,2.0946764945983887,-0.12915784120559692,0.5885187983512878
1403897827898671104,neutral,2.876871109008789,1.832700490951538,-0.8384350538253784
1403897828167008259,negative,0.8868409991264343,-0.5309653282165527,2.677685499191284
1403897828926279683,neutral,1.0557758808135986,0.7865058183670044,0.5688145160675049
1403897831828738049,negative,0.7055714726448059,-0.6770667433738708,2.8967885971069336
1403897831883149318,negative,0.6054600477218628,-0.9781010746955872,3.7279860973358154
1403897832847949824,neutral,3.3458940982818604,1.4867351055145264,-0.5405269861221313
1403897835834150917,negative,1.2912636995315552,-0.8398036956787109,2.1811373233795166
1403897845514711046,positive,1.3135812282562256,2.0180981159210205,0.4390282928943634
1403897849398628356,neutral,1.6413224935531616,1.4169412851333618,-0.28310754895210266
1403897850455498759,negative,1.1682517528533936,0.07320767641067505,1.2723761796951294
1403897854129627139,negative,1.6191051006317139,-0.9611464142799377,1.941595435142517
1403897855530704905,negative,0.7055714726448059,-0.6770667433738708,2.8967885971069336
1403897856126185476,negative,1.1328397989273071,-1.0904088020324707,3.1920135021209717
1403897856545669121,neutral,1.6728956699371338,0.4518177807331085,0.8639442920684814
1403897863218761730,neutral,1.955055594444275,0.47846487164497375,0.6206426024436951
1403897865114640384,neutral,1.2128887176513672,0.3600938618183136,1.1083904504776
1403897871053643780,positive,1.4732093811035156,1.5475817918777466,-0.10798531025648117
1403897872744075265,negative,1.22795569896698,-1.0935944318771362,2.535057544708252
1403897876263100416,negative,1.1838656663894653,-0.3715076744556427,1.554305911064148
1403897876950945793,negative,1.0954456329345703,0.21041026711463928,1.1609508991241455
1403897881891852289,neutral,2.153740644454956,0.4450170695781708,-0.22701241075992584
1403897886505508868,neutral,2.592388153076172,2.110107183456421,-0.606621503829956
1403897887126298624,neutral,2.1934406757354736,1.2684251070022583,-0.5915320515632629
1403897890838306820,neutral,2.290067434310913,-0.11279623955488205,0.6509624719619751
1403897893497585671,neutral,2.290067434310913,-0.11279623955488205,0.6509624719619751
1403897894264971265,positive,0.6413752436637878,1.6236152648925781,-0.024570735171437263
1403897896597180416,neutral,2.290067434310913,-0.11279623955488205,0.6509624719619751
1403897903605633034,neutral,1.9705719947814941,0.4568772614002228,0.49334341287612915
1403897909360349185,negative,0.7055714726448059,-0.6770667433738708,2.8967885971069336
1403897917753102336,neutral,1.3065775632858276,0.7379014492034912,0.1895376294851303
1403897918646415360,neutral,2.7806735038757324,1.711378574371338,-0.45602425932884216
1403897920081088512,neutral,1.9705719947814941,0.4568772614002228,0.49334341287612915
1403897922400436229,negative,1.0680912733078003,-0.3957059383392334,2.028074026107788
1403897930407424000,negative,0.8434742093086243,-0.057676903903484344,2.3530147075653076
1403897936128315394,positive,1.6453192234039307,1.960018277168274,-0.28214550018310547
1403897939945209858,negative,1.3406522274017334,-0.0868993028998375,1.54012131690979
1403897945947209729,neutral,2.5531036853790283,0.9935369491577148,0.31604424118995667
1403897948614844418,neutral,1.2918909788131714,0.6174755096435547,0.34107741713523865
1403897961931812869,negative,1.4643739461898804,-0.864557147026062,2.288670063018799
1403897962955223040,positive,0.6207587718963623,2.271378517150879,-0.6076646447181702
1403897963013840900,neutral,0.7478795051574707,-0.14173674583435059,0.38064879179000854
1403897963651420163,negative,1.2402063608169556,-0.5506178140640259,1.3920955657958984
1403897964972683265,negative,1.325219988822937,-0.727083683013916,2.683385133743286
1403897965207506945,positive,0.4221751093864441,2.0401976108551025,0.28131866455078125
1403897968189706246,positive,1.0739041566848755,3.550086736679077,-0.48911523818969727
1403897969804513283,neutral,1.3105854988098145,-0.01219208538532257,1.1946698427200317
1403897975127134212,negative,0.17240630090236664,0.3520244061946869,1.3269522190093994
1403897975575920640,positive,2.376120090484619,4.507579803466797,-1.5524054765701294
1403897975701532672,neutral,1.0142544507980347,0.7059791684150696,0.9853919148445129
1403897976347574273,neutral,1.580074429512024,0.4406205117702484,0.2704050838947296
1403897987659673601,neutral,1.692538857460022,0.7602670192718506,0.005919199436903
1403897994840322050,negative,0.6812509894371033,-1.0308544635772705,2.9242751598358154
1403898014897426433,positive,1.4327961206436157,1.9286415576934814,-0.08929584175348282
1403898015690244099,negative,1.056519865989685,-1.4104100465774536,3.7914369106292725
1403898020719218688,neutral,2.201892852783203,1.30143404006958,-0.690475344657898
1403898025068666880,neutral,1.3065775632858276,0.7379014492034912,0.1895376294851303
1403898025378865153,negative,1.6191051006317139,-0.9611464142799377,1.941595435142517
1403898027215974406,positive,2.137608528137207,5.978252410888672,-1.549249529838562
1403898027455156224,neutral,1.3208775520324707,0.8012064695358276,-0.03976108133792877
1403898029132988416,positive,1.1150070428848267,1.4565629959106445,0.41642847657203674
1403898033247457284,neutral,1.3485926389694214,-0.08815786987543106,0.8131284713745117
1403898036418404360,neutral,2.286750078201294,0.8029230833053589,-0.6530998349189758
1403898040621146122,negative,0.7055714726448059,-0.6770667433738708,2.8967885971069336
1403898046199459840,neutral,1.5135493278503418,0.5190877914428711,0.563491940498352
1403898061479243777,negative,0.9494592547416687,-0.33525675535202026,1.9070985317230225
1403898064658743296,neutral,2.290067434310913,-0.11279623955488205,0.6509624719619751
1403898068626558982,neutral,1.1307348012924194,0.19075284898281097,0.7253978252410889
1403898070220247042,neutral,1.2419278621673584,0.46312618255615234,0.7395646572113037
1403898072015441925,neutral,1.6450600624084473,0.6100327372550964,0.062084950506687164
1403898075618283521,negative,0.8434742093086243,-0.057676903903484344,2.3530147075653076
1403898079816810499,neutral,1.054892897605896,0.717444121837616,0.5925114154815674
1403898084028039169,neutral,1.7934327125549316,0.765827476978302,0.6632509827613831
1403898085118398464,negative,1.1544880867004395,-0.8333561420440674,2.2120420932769775
1403898092362022912,negative,0.8708400130271912,-0.38540664315223694,2.147974729537964
1403898094547357701,negative,1.244818925857544,-0.2669953405857086,1.3030120134353638
1403898098724790272,neutral,1.149051547050476,0.5562299489974976,0.4858396351337433
1403898101417529345,neutral,2.040133476257324,0.02385783940553665,0.5192868113517761
1403898103153967106,positive,0.5462005138397217,2.318476676940918,0.422763854265213
1403898105460760576,negative,0.7055714726448059,-0.6770667433738708,2.8967885971069336
1403898105666457606,positive,0.9020934700965881,5.084123134613037,-0.7718982100486755
1403898113786515460,negative,0.40589025616645813,-0.8454856872558594,2.477815628051758
1403898115644665860,neutral,2.070312976837158,-0.45778676867485046,1.2582318782806396
1403898117293019138,negative,0.6693734526634216,-0.343198299407959,3.05847430229187
1403898118169665540,negative,1.1682517528533936,0.07320767641067505,1.2723761796951294
1403898119876755458,neutral,1.9502919912338257,0.28387442231178284,0.17270371317863464
1403898122841989120,positive,2.137608528137207,5.978252410888672,-1.549249529838562
1403898123920068608,negative,0.7055714726448059,-0.6770667433738708,2.8967885971069336
1403898126084108291,neutral,1.5653610229492188,-0.4464389383792877,1.2729624509811401
1403898132497416196,positive,0.953801691532135,1.5714521408081055,0.029943719506263733
1403898138453229571,neutral,1.4832899570465088,0.1901443898677826,0.9104275703430176
1403898142005907458,neutral,1.7102806568145752,1.3428291082382202,0.0922960638999939
1403898143872360452,negative,0.47199079394340515,-0.9814162254333496,3.092172145843506
1403898145210257410,negative,0.7490948438644409,0.2923554480075836,1.3112964630126953
1403898147038846981,neutral,1.631995439529419,-0.13876590132713318,0.8868342041969299
1403898150885150720,positive,1.3076443672180176,1.7349529266357422,-0.15160463750362396
1403898160884420609,positive,0.08487091958522797,0.8330294489860535,0.4376736283302307
1403898162134372353,negative,0.9963205456733704,-0.6319323182106018,2.7637767791748047
1403898164394926083,neutral,1.3695454597473145,0.5064759254455566,0.6878551840782166
1403898165313490947,neutral,1.320839524269104,-0.4356299340724945,1.194566249847412
1403898172594868226,negative,1.0979746580123901,-0.10978368669748306,2.08601975440979
1403898173328875520,negative,1.6191051006317139,-0.9611464142799377,1.941595435142517
1403898173400227843,negative,1.1682517528533936,0.07320767641067505,1.2723761796951294
1403898174851457027,positive,1.1055293083190918,1.7902154922485352,0.525103747844696
1403898176579452928,neutral,2.6773452758789062,0.22431215643882751,0.04075778275728226
1403898176994746372,neutral,2.070312976837158,-0.45778676867485046,1.2582318782806396
1403898179280642048,positive,1.0252948999404907,3.6949472427368164,-1.1016899347305298
1403898181063086082,negative,0.7055714726448059,-0.6770667433738708,2.8967885971069336
1403898188373925895,negative,1.2404813766479492,-0.8627148866653442,2.4580585956573486
1403898189091016707,negative,0.9474210739135742,-0.05583209544420242,1.528088092803955
1403898189648850944,neutral,1.740784764289856,0.5990617275238037,0.6847907304763794
1403898193616670723,positive,2.2645883560180664,2.4163451194763184,-0.8249158263206482
1403898195160276997,negative,1.1030807495117188,-1.5400532484054565,4.247653007507324
1403898202059857926,negative,0.9024065136909485,0.39502573013305664,1.1243938207626343
1403898205088088071,neutral,2.100748062133789,0.7605750560760498,0.06529488414525986
1403898205629206532,negative,1.3568319082260132,-1.0549975633621216,2.478855848312378
1403898208384815115,positive,1.8342472314834595,2.9297802448272705,-0.8752851486206055
1403898210653978629,neutral,2.290067434310913,-0.11279623955488205,0.6509624719619751
1403898215334912005,negative,0.7055714726448059,-0.6770667433738708,2.8967885971069336
1403898216861646849,negative,1.3879271745681763,-1.0601730346679688,2.2524571418762207
1403898217398423554,negative,1.0582906007766724,-1.2944998741149902,3.5238890647888184
1403898221714411521,positive,1.160215973854065,1.2607280015945435,0.7683998346328735
1403898223719292928,negative,1.6191051006317139,-0.9611464142799377,1.941595435142517
1403898224717541377,negative,1.2144787311553955,-0.20996147394180298,1.671248435974121
1403898224805511170,neutral,2.1667001247406006,0.32488444447517395,0.6996336579322815
1403898228072910848,neutral,0.7125121355056763,0.37741023302078247,0.27142462134361267
1403898229154926592,neutral,1.0942078828811646,0.3724396824836731,0.9017062187194824
1403898229209460736,negative,1.1682517528533936,0.07320775091648102,1.2723760604858398
1403898233601015812,negative,1.0682061910629272,-0.7439427971839905,2.30334734916687
1403898239041089538,neutral,2.290067434310913,-0.11279623955488205,0.6509624719619751
1403898246985093120,negative,1.231323003768921,0.19508332014083862,1.337308406829834
1403898247823855622,neutral,1.7992182970046997,0.22784274816513062,0.44904133677482605
1403898247832211460,neutral,1.8496028184890747,-0.3362528383731842,1.0477938652038574
1403898258523570178,neutral,1.8348661661148071,-0.4254588782787323,0.9993886947631836
1403898260104744967,neutral,2.4461095333099365,1.0252028703689575,-0.05442950129508972
1403898260327120896,negative,0.5668164491653442,-0.8497313261032104,3.105964183807373
1403898260708753410,negative,1.0582906007766724,-1.2944998741149902,3.5238890647888184
1403898261467918340,neutral,1.5091723203659058,0.5420814752578735,0.005303708836436272
1403898264655564810,neutral,1.4686815738677979,0.2581436336040497,0.4954778850078583
1403898265716862978,negative,0.573327898979187,-1.1931647062301636,3.829735040664673
1403898265964322824,negative,0.45929744839668274,-0.007733002305030823,2.0668210983276367
1403898272909955076,positive,1.060380458831787,1.4454821348190308,-0.1050083115696907
1403898273165766656,positive,0.47311142086982727,3.0772812366485596,-0.4408264458179474
1403898280149401608,neutral,1.6197304725646973,0.09552021324634552,0.8283407688140869
1403898280392630277,positive,1.8342472314834595,2.9297802448272705,-0.8752851486206055
1403898282536022019,neutral,1.4466644525527954,0.4988076984882355,0.5816826820373535
1403898284163452935,neutral,2.1148083209991455,0.3328953981399536,0.6221018433570862
1403898285551542279,negative,1.1682517528533936,0.07320767641067505,1.2723761796951294
1403898291406913540,neutral,2.653224229812622,-0.24498343467712402,0.5566433072090149
1403898293088829441,negative,1.244818925857544,-0.2669953405857086,1.3030120134353638
1403898302681305088,neutral,2.346031665802002,0.5818535089492798,0.6853736639022827
1403898302920159242,negative,1.0582906007766724,-1.2944998741149902,3.5238890647888184
1403898305868963844,neutral,1.067613959312439,-0.07734660059213638,0.8188495635986328
1403898315285045249,negative,1.6191051006317139,-0.9611464142799377,1.941595435142517
1403898317403156483,negative,1.1682517528533936,0.07320767641067505,1.2723761796951294
1403898317491298304,negative,1.3406522274017334,-0.0868993028998375,1.54012131690979
1403898318103580672,negative,1.1997978687286377,-0.23217922449111938,1.776025414466858
1403898322004316162,neutral,1.5806728601455688,-0.24349555373191833,1.2902659177780151
1403898322260090882,negative,1.1089906692504883,-1.0337995290756226,3.4180960655212402
1403898322465660928,neutral,2.290067434310913,-0.11279623955488205,0.6509624719619751
1403898326261579779,negative,1.6191051006317139,-0.9611464142799377,1.941595435142517
1403898330673934340,negative,1.1212074756622314,0.01578403264284134,1.6426928043365479
1403898331244400641,neutral,0.8352661728858948,0.6529086828231812,0.5856493711471558
1403898332783677444,negative,0.7435013055801392,-1.133492350578308,3.4019370079040527
1403898339775729670,negative,0.7055714726448059,-0.6770667433738708,2.8967885971069336
1403898345526018050,neutral,1.8532692193984985,0.706446647644043,0.6674580574035645
1403898351184007172,negative,0.8434742093086243,-0.057676903903484344,2.3530147075653076
1403898360390582272,neutral,2.4465184211730957,1.896132469177246,0.8349759578704834
1403898366715699205,negative,1.6955965757369995,-0.905362069606781,2.0732533931732178
1403898370050203652,positive,1.5851106643676758,2.5725719928741455,-0.7245244979858398
1403898371673309185,negative,1.1682517528533936,0.07320767641067505,1.2723761796951294
1403898381966184449,negative,0.8256869316101074,-0.4149055778980255,3.023602247238159
1403898384948371456,neutral,1.8432749509811401,-0.9397651553153992,1.5658936500549316
1403898397900382208,neutral,1.8329567909240723,0.07971116900444031,0.37430617213249207
1403898400337121280,negative,1.2912636995315552,-0.8398036956787109,2.1811373233795166
1403898406754476036,negative,1.7446081638336182,-0.9653419852256775,1.8722212314605713
1403898416833388545,negative,1.1682517528533936,0.07320767641067505,1.2723761796951294
1403898421879189504,neutral,1.476738691329956,0.6876218318939209,1.3884406089782715
1403898428413906946,negative,1.0737206935882568,-0.9915757775306702,2.6081583499908447
1403898435099525122,negative,1.057319164276123,-0.5272984504699707,2.7991819381713867
1403898440380301315,neutral,2.051084280014038,1.8911914825439453,-0.5096433758735657
1403898440648646663,neutral,1.4152960777282715,1.152173399925232,0.540650486946106
1403898441076379651,negative,1.6191051006317139,-0.9611464142799377,1.941595435142517
1403898444348014595,neutral,1.4163572788238525,0.8634071946144104,-0.28180739283561707
1403898447430754306,negative,1.520046591758728,-0.5653175711631775,1.6034564971923828
1403898447950974976,neutral,1.3065775632858276,0.7379014492034912,0.1895376294851303
1403898454921859072,neutral,1.985520601272583,-0.8832018971443176,1.8987683057785034
1403898454976327680,negative,1.5390595197677612,-0.8309629559516907,1.5956802368164062
1403898455790129161,negative,1.1682517528533936,0.07320767641067505,1.2723761796951294
1403898459770343426,negative,1.6191051006317139,-0.9611464142799377,1.941595435142517
1403898463859924994,negative,1.3406522274017334,-0.0868993028998375,1.54012131690979
1403898470923112448,negative,0.7055714726448059,-0.6770667433738708,2.8967885971069336
1403898472894537731,negative,0.7055714726448059,-0.6770667433738708,2.8967885971069336
1403898476195373057,negative,1.1682517528533936,0.07320767641067505,1.2723761796951294
1403898479198425088,positive,1.1616142988204956,1.171051025390625,0.14285527169704437
1403898486156718082,positive,1.2718087434768677,2.209074020385742,-0.4863796830177307
1403898495774474244,neutral,1.982521653175354,-0.6565214395523071,1.0108979940414429
1403898498794278915,negative,0.9544019103050232,0.4312868118286133,1.0921621322631836
1403898499305988102,neutral,1.3065775632858276,0.7379014492034912,0.1895376294851303
1403898509569540101,neutral,1.740784764289856,0.5990617275238037,0.6847907304763794
1403898517345771520,negative,0.7055714726448059,-0.6770667433738708,2.8967885971069336
1403898524178128904,negative,1.2322144508361816,-1.000233769416809,2.143556833267212
1403898525583392771,negative,1.7933857440948486,-1.1788098812103271,2.6719789505004883
1403898528720723968,neutral,1.083364486694336,1.0763041973114014,0.7054807543754578
1403898530620530688,negative,0.47199079394340515,-0.9814162254333496,3.092172145843506
1403898535876124674,negative,1.1374526023864746,-0.6983137130737305,2.673206090927124
1403898538547888132,negative,1.4314417839050293,-1.0483882427215576,2.3978030681610107
1403898543715368961,neutral,1.7448794841766357,-0.6363257169723511,1.2620335817337036
1403898552057618435,negative,1.2074403762817383,-0.7064223289489746,2.172719955444336
1403898556260487172,negative,1.3406522274017334,-0.0868993028998375,1.54012131690979
1403898557606678531,positive,0.8097548484802246,1.8574447631835938,0.43017148971557617
1403898563436843011,negative,1.1466023921966553,-0.7550836205482483,2.6745553016662598
1403898569027993601,negative,0.536144495010376,-0.1527063548564911,1.9484883546829224
1403898574983905282,neutral,1.4152960777282715,1.152173399925232,0.540650486946106
1403898576460263425,negative,1.2402063608169556,-0.5506178140640259,1.3920955657958984
1403898578200764422,positive,1.4327961206436157,1.9286415576934814,-0.08929584175348282
1403898582441369604,neutral,1.3295849561691284,-0.383389413356781,1.2990623712539673
1403898587981832202,neutral,1.6679545640945435,1.6057195663452148,-0.2640146017074585
1403898588560650241,positive,0.5099540948867798,2.019791841506958,-0.5532661080360413
1403898589001269258,neutral,2.607696056365967,1.4095371961593628,-0.3915170729160309
1403898597981097987,neutral,1.3378214836120605,0.46349647641181946,0.11576654762029648
1403898602439729152,neutral,2.290067434310913,-0.11279623955488205,0.6509624719619751
1403898605006581761,positive,1.4298683404922485,3.0531089305877686,-0.5142890214920044
1403898607988883462,negative,0.47199079394340515,-0.9814162254333496,3.092172145843506
1403898619829309440,negative,1.4314417839050293,-1.0483882427215576,2.3978030681610107
1403898621897150467,negative,1.8562285900115967,-0.6749505400657654,1.9049856662750244
1403898622719107081,neutral,1.51844322681427,0.03416271135210991,0.9008609056472778
1403898629866213386,neutral,1.875190019607544,-0.011274740099906921,1.3099007606506348
1403898631678304256,negative,1.0582906007766724,-1.2944998741149902,3.5238890647888184
1403898631720165377,negative,1.3406522274017334,-0.0868993028998375,1.54012131690979
1403898633561518086,negative,1.3406522274017334,-0.0868993028998375,1.54012131690979
1403898635868200960,neutral,1.9210134744644165,0.7721366882324219,0.4802437424659729
1403898636300390401,neutral,1.8681085109710693,-0.0772315189242363,0.8546456694602966
1403898636795211779,negative,0.7055714726448059,-0.6770667433738708,2.8967885971069336
1403898637046984704,positive,0.6536470651626587,2.603510856628418,-0.47351741790771484
1403898645087506437,negative,1.1684235334396362,0.14246845245361328,1.3129868507385254
1403898647360643076,positive,1.7990003824234009,2.5904746055603027,-0.3827904164791107
1403898649113817092,neutral,2.4621315002441406,0.010886132717132568,0.2916153073310852
1403898651668357120,neutral,1.4152960777282715,1.152173399925232,0.540650486946106
1403898652683235331,negative,1.2144787311553955,-0.20996147394180298,1.671248435974121
1403898658400083969,negative,0.9562797546386719,0.3484486937522888,1.3070898056030273
1403898661776490500,negative,1.543035864830017,-1.1418704986572266,2.702918529510498
1403898667694653445,positive,0.7879120707511902,1.0385209321975708,0.1152339056134224
1403898667770204162,negative,1.0537763833999634,-0.9062612056732178,2.471097469329834
1403898671108919296,neutral,1.436376929283142,0.48607975244522095,0.7120711803436279
1403898671536787457,negative,1.070872187614441,-1.0583423376083374,2.353877544403076
1403898674309181446,negative,1.268688678741455,-1.1990185976028442,2.9195094108581543
1403898679170256905,neutral,1.9705719947814941,0.4568772614002228,0.49334341287612915
1403898684660584450,neutral,1.2784241437911987,1.174387812614441,0.16641946136951447
1403898691048546306,negative,1.4492188692092896,-1.0781540870666504,3.039498805999756
1403898693238013959,negative,1.4665855169296265,-0.9345611333847046,1.8970028162002563
1403898696845213698,neutral,2.217711925506592,0.6019275784492493,0.13396728038787842
1403898698539675648,negative,1.252639651298523,-1.1498295068740845,2.76123046875
1403898699160424449,negative,1.4314417839050293,-1.0483882427215576,2.3978030681610107
1403898701412769794,neutral,1.605258584022522,1.0549601316452026,-0.18697892129421234
1403898704357101568,negative,1.072741985321045,-0.06198004633188248,1.278881311416626
1403898704432615428,negative,1.3002889156341553,-1.0046762228012085,2.758490562438965
1403898707997769728,negative,1.3568319082260132,-1.0549975633621216,2.478855848312378
1403898708262014978,negative,1.240883231163025,-0.444234162569046,2.462702989578247
1403898709776105475,neutral,1.9705719947814941,0.4568772614002228,0.49334341287612915
1403898710493433859,positive,1.967013955116272,4.322643756866455,-0.9165228605270386
1403898722254159879,neutral,2.1726744174957275,0.6016703844070435,0.0007581152021884918
1403898725546659842,negative,0.36187517642974854,-0.5831485390663147,3.2602627277374268
1403898729334247429,negative,0.7055714726448059,-0.6770667433738708,2.8967885971069336
1403898731850735616,neutral,1.9036009311676025,0.8758219480514526,0.5546020865440369
1403898738544947202,negative,0.8772217631340027,0.07095564901828766,0.9621164798736572
1403898743099822083,neutral,2.1726746559143066,0.6016703844070435,0.0007581394165754318
1403898744689541124,negative,1.2074087858200073,-0.9293883442878723,3.13834810256958
1403898747625541633,neutral,1.1279475688934326,0.5811938643455505,0.8149176836013794
1403898747893944325,neutral,1.4152960777282715,1.152173399925232,0.540650486946106
1403898761533743105,neutral,1.7108949422836304,-0.09891749173402786,0.46639955043792725
1403898762054057988,negative,0.7256325483322144,-0.8879832029342651,3.14443039894104
1403898762771288064,negative,0.9767412543296814,0.012524634599685669,1.8146179914474487
1403898764272754695,negative,0.87274169921875,0.0062224119901657104,1.0551486015319824
1403898765522587648,neutral,2.1726744174957275,0.6016704440116882,0.0007580947130918503
1403898765803720705,neutral,1.513156533241272,-0.5273193717002869,1.2260974645614624
1403898767087079429,negative,1.4314417839050293,-1.0483882427215576,2.3978030681610107
1403898768697614339,neutral,1.8433804512023926,-0.03407520055770874,0.7682921886444092
1403898776931078146,neutral,2.290067434310913,-0.11279623955488205,0.6509624719619751
1403898778042523651,positive,1.3167146444320679,1.5299025774002075,0.26380297541618347
1403898781284941824,neutral,1.5607010126113892,1.168265461921692,-0.1693803071975708
1403898786909343744,neutral,2.1726746559143066,0.6016703844070435,0.0007581394165754318
1403898788343955459,neutral,2.290067434310913,-0.11279623955488205,0.6509624719619751
1403898789434363905,neutral,2.3972268104553223,2.0237696170806885,-0.17166514694690704
1403898794266275840,negative,1.3676782846450806,-0.7921437621116638,1.4620773792266846
1403898796753391621,negative,1.489722728729248,-0.3564679026603699,1.7539081573486328
1403898800423550981,negative,1.1617324352264404,-1.120780110359192,3.2324252128601074
1403898803242012673,neutral,1.921013593673706,0.7721366882324219,0.4802437424659729
1403898804743643144,neutral,1.5214564800262451,0.44889500737190247,0.7046346068382263
1403898816823058432,negative,1.2912636995315552,-0.8398036956787109,2.1811373233795166
1403898821294399497,negative,1.288234829902649,-0.9509240984916687,2.3514373302459717
1403898828453863427,neutral,1.9705719947814941,0.4568772614002228,0.49334341287612915
1403898830584782852,neutral,1.8140208721160889,0.525640606880188,0.3179835379123688
1403898830937116672,neutral,1.985520601272583,-0.8832018971443176,1.898768424987793
1403898832459636744,negative,1.0078028440475464,-1.1703523397445679,3.121958017349243
1403898836863512581,positive,2.2645883560180664,2.4163451194763184,-0.8249158263206482
1403898840718184448,negative,1.1504437923431396,0.22192919254302979,1.2585277557373047
1403898850075627520,negative,0.7328894138336182,-0.1665371060371399,0.9898464679718018
1403898854018215936,negative,0.8215609788894653,0.7158102989196777,0.9262105226516724
1403898854731354112,negative,1.4314417839050293,-1.0483882427215576,2.3978030681610107
1403898857679994882,neutral,1.0482593774795532,-0.045753203332424164,0.2922261357307434
1403898861924630531,neutral,1.8348660469055176,-0.4254589378833771,0.9993888139724731
1403898862885081090,negative,0.9064380526542664,-0.38879770040512085,1.3436472415924072
1403898869465899008,neutral,1.955055594444275,0.47846487164497375,0.6206426024436951
1403898873303736327,negative,0.7055714726448059,-0.6770667433738708,2.8967885971069336
1403898880513642499,neutral,1.5531139373779297,0.9117860198020935,-0.48978573083877563
1403898882959069185,negative,0.7258440256118774,-0.5086460709571838,1.990050196647644
1403898889090994177,neutral,1.1539338827133179,0.4999251961708069,0.5956459045410156
1403898897756561409,negative,1.0684006214141846,-0.9426480531692505,2.2105462551116943
1403898900709138432,negative,1.2322144508361816,-1.000233769416809,2.143556833267212
1403898902789697540,negative,1.3406522274017334,-0.08689934760332108,1.5401211977005005
1403898902793838594,neutral,0.7694358825683594,0.31084588170051575,0.759615421295166
1403898912197459969,negative,1.4314417839050293,-1.0483882427215576,2.3978030681610107
1403898915372507149,neutral,1.3022128343582153,0.7805231809616089,1.1564422845840454
1403898915468967939,positive,1.3818751573562622,1.8959029912948608,-0.09458963572978973
1403898916790284293,negative,0.7055714726448059,-0.6770667433738708,2.8967885971069336
1403898921680769029,negative,1.0210964679718018,-1.250589370727539,3.561595916748047
1403898923182342148,negative,0.9423049688339233,1.1117331981658936,1.2115458250045776
1403898925707317248,negative,1.1283416748046875,-0.6712846755981445,2.6603944301605225
1403898930811731972,negative,0.8305460214614868,-0.6411482691764832,1.664703130722046
1403898933903081473,neutral,1.4528658390045166,0.24485400319099426,0.23943176865577698
1403898934783668226,negative,1.2019739151000977,-1.3025060892105103,3.280897617340088
1403898937745027072,neutral,2.0066123008728027,-0.37401941418647766,1.2049973011016846
1403898940139872262,positive,2.1857852935791016,5.50855827331543,-1.993055820465088
1403898949421916161,negative,1.1682517528533936,0.07320767641067505,1.2723761796951294
1403898951472975872,neutral,1.7108949422836304,-0.09891749173402786,0.46639955043792725
1403898953243021316,neutral,1.8532692193984985,0.706446647644043,0.6674580574035645
1403898953788182531,neutral,1.1597648859024048,0.506519079208374,0.08863195031881332
1403898959307943937,negative,1.094727873802185,-0.5791335701942444,2.2002007961273193
1403898959328956423,negative,0.9077723622322083,-0.10678812116384506,2.046772003173828
1403898959475716096,negative,0.7055714726448059,-0.6770667433738708,2.8967885971069336
1403898961715511296,negative,0.9435140490531921,-0.5852375030517578,2.7132647037506104
1403898962130636805,neutral,1.4797834157943726,0.35003146529197693,0.22492074966430664
1403898967167885319,neutral,1.369814395904541,-0.343830406665802,0.8872988224029541
1403898968770293763,negative,0.7055714726448059,-0.6770667433738708,2.8967885971069336
1403898972087881733,negative,1.1682517528533936,0.07320767641067505,1.2723761796951294
1403898972427718656,neutral,0.7239895462989807,0.5733446478843689,0.6350116729736328
1403898980027748354,neutral,2.290067434310913,-0.11279623955488205,0.6509624719619751
1403898983253262340,negative,1.4936374425888062,-0.5801222324371338,1.977278709411621
1403898988806410243,neutral,1.8679578304290771,0.07174813747406006,0.8150581121444702
1403898992497283080,positive,1.656571626663208,1.9865437746047974,-0.7470059394836426
1403898993365590019,neutral,2.3534445762634277,1.2158255577087402,-0.555133044719696
1403898996670693379,neutral,1.9705719947814941,0.4568772614002228,0.49334341287612915
1403899002597281792,positive,1.2621994018554688,1.5697181224822998,0.22686350345611572
1403899010184798210,negative,1.4169913530349731,-0.2551676332950592,1.5049092769622803
1403899015662551040,negative,0.21965323388576508,-0.38379597663879395,2.303025722503662
1403899020272050178,negative,1.2912636995315552,-0.8398036956787109,2.1811373233795166
1403899023434600453,neutral,1.1819870471954346,0.42416346073150635,0.4816719889640808
1403899026454450181,neutral,1.7089743614196777,0.8835752606391907,0.7522986531257629
1403899028174159872,negative,0.7055714726448059,-0.6770667433738708,2.8967885971069336
1403899029528981504,neutral,1.9180867671966553,0.2399716079235077,0.512604296207428
1403899031911272452,neutral,1.7089743614196777,0.8835752606391907,0.7522986531257629
1403899032032845828,neutral,1.7892104387283325,0.5680583119392395,0.023277513682842255
1403899036818579460,negative,0.7666272521018982,0.3273550868034363,1.9223746061325073
1403899038794235905,neutral,1.8348660469055176,-0.4254589378833771,0.9993888139724731
1403899039209250818,negative,1.2912636995315552,-0.8398036956787109,2.1811373233795166
1403899039628906498,neutral,1.4152960777282715,1.152173399925232,0.540650486946106
1403899041822306305,negative,1.674383521080017,-0.800955057144165,1.70908522605896
1403899041969225728,positive,2.587162733078003,3.806255340576172,-1.2399964332580566
1403899042233405442,negative,1.1682517528533936,0.07320767641067505,1.2723761796951294
1403899044213186562,negative,1.234927773475647,-0.20489919185638428,1.50859534740448
1403899046167785475,neutral,1.740784764289856,0.5990617275238037,0.6847907304763794
1403899055936204808,neutral,2.0290756225585938,-0.21663114428520203,1.2209553718566895
1403899058914201605,neutral,1.2918909788131714,0.6174755096435547,0.34107741713523865
1403899066459754500,neutral,1.7251580953598022,1.1465463638305664,0.7238587141036987
1403899067055419401,neutral,1.149051547050476,0.5562299489974976,0.4858396351337433
1403899067059613698,neutral,2.2240288257598877,1.6491796970367432,-0.5448128581047058
1403899070662467589,neutral,1.149051547050476,0.5562299489974976,0.4858396351337433
1403899071891341313,neutral,2.8501534461975098,2.5285632610321045,-1.1557810306549072
1403899077331402752,neutral,1.2409775257110596,0.5514952540397644,0.40463021397590637
1403899077771763716,negative,1.1312122344970703,-0.6638965010643005,2.3292975425720215
1403899078795268097,neutral,2.7439212799072266,1.4038652181625366,-0.6538170576095581
1403899082175811584,neutral,1.6830347776412964,-0.23783156275749207,1.2821906805038452
1403899086537998339,neutral,2.7227883338928223,1.7542170286178589,-0.7628082036972046
1403899087901102083,negative,1.072741985321045,-0.06198004633188248,1.278881311416626
1403899088144408578,neutral,1.7139838933944702,0.04626219719648361,0.809525728225708
1403899091143184386,positive,0.9917709827423096,1.3970394134521484,0.19154629111289978
1403899091600433152,negative,0.5202839374542236,-0.6964913010597229,2.868447780609131
1403899096050585602,neutral,1.2059166431427002,-0.24891626834869385,0.8865447640419006
1403899111804260352,negative,0.7355229258537292,0.5985265970230103,0.8817979097366333
1403899123170910208,neutral,1.0142544507980347,0.7059791684150696,0.9853919148445129
1403899124777357313,neutral,2.290067434310913,-0.11279623955488205,0.6509624719619751
1403899124823568385,positive,2.413909912109375,2.6305432319641113,-1.1059328317642212
1403899128866820102,neutral,1.738451600074768,0.08542375266551971,0.5856728553771973
1403899139008593921,neutral,2.290067434310913,-0.11279623955488205,0.6509624719619751
1403899140170563588,neutral,2.0340471267700195,0.2971893846988678,0.3609684407711029
1403899141881745413,negative,0.5229557156562805,-0.49192044138908386,2.3832852840423584
1403899142993285120,neutral,2.7227883338928223,1.7542170286178589,-0.7628082036972046
1403899144369061888,negative,1.1682517528533936,0.07320767641067505,1.2723761796951294
1403899144935292929,neutral,1.740784764289856,0.5990617275238037,0.6847907304763794
1403899161225822227,negative,1.2912636995315552,-0.8398036956787109,2.1811373233795166
1403899163037683717,negative,1.1682517528533936,0.07320767641067505,1.2723761796951294
1403899164539248642,neutral,1.7005683183670044,0.9847290515899658,-0.2720066010951996
1403899167387365380,negative,1.8944175243377686,-0.750820517539978,1.994171142578125
1403899170981879811,positive,0.3449667692184448,1.4666239023208618,0.9418935179710388
1403899182151258115,negative,1.1682517528533936,0.07320767641067505,1.2723761796951294
1403899182478508033,neutral,1.2381963729858398,0.977677047252655,0.5684239268302917
1403899183749230592,neutral,1.4858547449111938,0.5381422638893127,1.0164498090744019
1403899193714950148,negative,0.7055714130401611,-0.6770668029785156,2.8967883586883545
1403899198014210049,neutral,2.040133476257324,0.02385783940553665,0.5192868113517761
1403899199205384192,positive,0.913794219493866,1.036934494972229,0.9225802421569824
1403899204028743692,neutral,2.153512954711914,-0.10031024366617203,0.424927681684494
1403899210810859527,neutral,1.7801389694213867,1.2505093812942505,0.1119515597820282
1403899211813298176,negative,0.8434742093086243,-0.057676903903484344,2.3530147075653076
1403899218952028160,neutral,1.570239782333374,-0.09489855915307999,1.4289993047714233
1403899221586087937,negative,1.0281810760498047,-0.5635684132575989,1.905889630317688
1403899225490956289,neutral,1.667954444885254,1.6057195663452148,-0.2640146017074585
1403899226065616896,neutral,2.290067434310913,-0.11279623955488205,0.6509624719619751
1403899228456243202,negative,1.2912636995315552,-0.8398036956787109,2.1811373233795166
1403899241479688201,negative,1.4922544956207275,-1.120099663734436,2.2544867992401123
1403899246772846600,neutral,1.5570588111877441,0.41390618681907654,0.4109608232975006
1403899250245877761,neutral,1.7448794841766357,-0.6363257169723511,1.2620335817337036
1403899251185311750,negative,0.7055714726448059,-0.6770667433738708,2.8967885971069336
1403899252271583237,negative,1.2488515377044678,-0.5225016474723816,2.0327296257019043
1403899254721204227,neutral,2.0635035037994385,1.8414528369903564,-1.0864927768707275
1403899255379660801,negative,1.0582906007766724,-1.2944998741149902,3.5238890647888184
1403899256029822982,neutral,1.8589138984680176,-0.7505443096160889,1.189528226852417
1403899261817921538,neutral,2.290067434310913,-0.11279623955488205,0.6509624719619751
1403899263558602756,neutral,1.3105854988098145,-0.01219208538532257,1.1946698427200317
1403899264061906949,neutral,2.286522626876831,1.016574740409851,0.8323501944541931
1403899264229691395,neutral,2.290067434310913,-0.11279623955488205,0.6509624719619751
1403899267949993991,negative,0.6441718339920044,0.6616974472999573,1.648905873298645
1403899277298921474,neutral,1.8100411891937256,1.071250319480896,0.3126603364944458
1403899277626146816,positive,1.4069632291793823,1.5242671966552734,0.009216859936714172
1403899280570650624,neutral,1.985520601272583,-0.8832018971443176,1.8987683057785034
1403899283582160899,neutral,1.8955315351486206,0.8546727895736694,0.32375025749206543
1403899284341329925,negative,1.0665552616119385,-0.7525933384895325,2.494345188140869
1403899284899106820,negative,0.7055714726448059,-0.6770667433738708,2.8967885971069336
1403899285620543491,neutral,1.7127772569656372,-0.3285042643547058,0.6907063722610474
1403899288850161664,neutral,1.2996906042099,0.7510465979576111,0.6030367612838745
1403899289772859394,negative,0.7843425273895264,0.654446005821228,1.1704485416412354
1403899302070476801,neutral,1.5089119672775269,0.6097182035446167,-0.07991967350244522
1403899303584804867,negative,1.3406522274017334,-0.0868993028998375,1.54012131690979
1403899314947203073,negative,1.014128565788269,-0.5463510155677795,1.4117587804794312
1403899319544016901,neutral,1.944543719291687,-0.31588661670684814,1.3857448101043701
1403899322429702146,negative,1.4314417839050293,-1.0483882427215576,2.3978030681610107
1403899323482476544,negative,1.1181538105010986,0.44924476742744446,1.7413692474365234
1403899325747384320,positive,1.3015047311782837,1.3258997201919556,0.4746369421482086
1403899328838635521,negative,1.3568319082260132,-1.0549975633621216,2.478855848312378
1403899330440794112,negative,1.5917479991912842,-0.5490713715553284,1.9497209787368774
1403899336128446472,positive,0.19656658172607422,0.5198800563812256,0.26433777809143066
1403899336652587012,negative,1.6191051006317139,-0.9611464142799377,1.941595435142517
1403899339437752322,negative,0.3884959816932678,-0.4631299674510956,2.488980531692505
1403899343350996995,neutral,1.4322713613510132,0.4848262071609497,1.0028427839279175
1403899344433168390,neutral,1.3105854988098145,-0.01219208538532257,1.1946698427200317
1403899353924870149,neutral,1.83939528465271,-0.11475922912359238,1.5389690399169922
1403899354478436353,negative,1.2772856950759888,-0.721458911895752,1.9449036121368408
1403899365878599690,neutral,1.5989161729812622,-0.4627303183078766,1.3656511306762695
1403899370437754884,negative,0.8434742093086243,-0.057676903903484344,2.3530147075653076
1403899370450214924,neutral,1.8348660469055176,-0.4254589378833771,0.9993888139724731
1403899372501413896,neutral,2.290067434310913,-0.11279623955488205,0.6509624719619751
1403899372996202497,positive,1.0847479104995728,1.590758204460144,0.2413259893655777
1403899374804115459,negative,0.7055714726448059,-0.6770667433738708,2.8967885971069336
1403899381753868288,neutral,2.290067434310913,-0.11279623955488205,0.6509624719619751
1403899389731426304,neutral,2.397226572036743,2.0237696170806885,-0.17166505753993988
1403899395171565568,negative,1.2402063608169556,-0.5506178140640259,1.3920955657958984
1403899396136308740,neutral,2.290067434310913,-0.11279623955488205,0.6509624719619751
1403899398266920963,negative,1.3002889156341553,-1.0046762228012085,2.758490562438965
1403899408752668673,neutral,1.5818804502487183,0.6959689855575562,-0.10500019043684006
1403899410988290049,negative,1.0582906007766724,-1.2944998741149902,3.5238890647888184
1403899412116504576,neutral,1.4840478897094727,-0.363386869430542,1.480216383934021
1403899421763440641,neutral,1.5701383352279663,-0.5163052678108215,1.2540230751037598
1403899422996668416,negative,0.7722527980804443,-1.5018727779388428,4.329538345336914
1403899423688695811,neutral,2.290067434310913,-0.11279623955488205,0.6509624719619751
1403899427769647105,positive,2.2645883560180664,2.4163451194763184,-0.8249158263206482
1403899450930745346,negative,0.7861125469207764,-0.5326551198959351,2.3857154846191406
1403899451408846849,negative,1.3406522274017334,-0.0868993028998375,1.54012131690979
1403899452591595526,negative,0.7055714726448059,-0.6770667433738708,2.8967885971069336
1403899453539454976,neutral,2.290067434310913,-0.11279623955488205,0.6509624719619751
1403899456731312129,neutral,1.68744695186615,-0.15362951159477234,1.3294907808303833
1403899457490415616,neutral,1.9705719947814941,0.4568772614002228,0.49334341287612915
1403899458950242311,neutral,2.8257229328155518,0.7274150252342224,0.6943069100379944
1403899461001166850,neutral,1.513727068901062,0.2928193211555481,0.868327796459198
1403899462507020295,negative,0.47199079394340515,-0.9814162254333496,3.092172145843506
1403899466197909508,negative,1.072741985321045,-0.06198004633188248,1.278881311416626
1403899468219568132,negative,1.4314417839050293,-1.0483882427215576,2.3978030681610107
1403899468760686592,neutral,2.2294440269470215,0.5378475189208984,0.20799948275089264
1403899470920654849,neutral,2.065375804901123,0.33200448751449585,-0.3956570327281952
1403899472296480775,neutral,1.615291953086853,0.8547649383544922,0.17126673460006714
1403899473957433360,neutral,1.9810696840286255,0.8846644759178162,-0.39093321561813354
1403899475832328194,negative,1.5673701763153076,-0.8981213569641113,1.875108242034912
1403899476511625218,negative,0.49233055114746094,-0.4437985122203827,1.782820463180542
1403899476964638727,negative,1.2049223184585571,0.159369558095932,1.5227179527282715
1403899480534138880,neutral,1.743025541305542,1.4171757698059082,-0.5964127779006958
1403899481049948162,negative,1.242397665977478,-0.3788723647594452,1.51938796043396
1403899488427773957,positive,1.2926738262176514,2.427259683609009,0.24941696226596832
1403899492194160642,neutral,2.697157859802246,2.0539371967315674,-0.7451716661453247
1403899493234319370,positive,1.1863911151885986,3.197601079940796,-0.9668708443641663
1403899495973146626,positive,1.2010798454284668,1.3418461084365845,0.4633466899394989
1403899498112471041,negative,1.3500311374664307,-0.7938899397850037,1.9701584577560425
1403899510917681152,negative,1.1283416748046875,-0.6712846755981445,2.6603944301605225
1403899522863058944,neutral,1.4197289943695068,-0.372276246547699,1.3571138381958008
1403899523534045185,negative,0.7055714726448059,-0.6770667433738708,2.8967885971069336
1403899529846460419,neutral,1.568621039390564,-0.41158410906791687,0.9768143892288208
1403899537375186956,positive,1.1013810634613037,2.4828197956085205,-0.47578155994415283
1403899538272751619,positive,1.3005555868148804,2.694671630859375,-0.41255903244018555
1403899544622960643,neutral,1.4707767963409424,1.102388620376587,0.1941232830286026
1403899554253217794,neutral,1.985520601272583,-0.8832018971443176,1.8987683057785034
1403899554592747532,negative,0.9651777744293213,-0.11271721869707108,1.776755690574646
1403899560607371266,negative,0.7316969633102417,-0.10128691047430038,2.2734694480895996
1403899568316682240,negative,1.234927773475647,-0.20489919185638428,1.50859534740448
1403899572271865858,negative,1.005066156387329,-0.18333712220191956,1.744139552116394
1403899574033469443,neutral,1.692538857460022,0.7602670192718506,0.005919199436903
1403899575602237444,neutral,2.290067195892334,-0.11279631406068802,0.6509624719619751
1403899579574202370,neutral,1.740784764289856,0.5990617275238037,0.6847907304763794
1403899585341186054,negative,1.1682517528533936,0.07320767641067505,1.2723761796951294
1403899599992016902,neutral,1.9597935676574707,0.7192761301994324,0.20872624218463898
1403899607004766212,negative,0.7055714726448059,-0.6770667433738708,2.8967885971069336
1403899617096343554,neutral,1.560829758644104,0.5219980478286743,1.1707968711853027
1403899618350469121,neutral,1.3796831369400024,0.08861172944307327,0.4922633767127991
1403899634636836868,negative,1.168251633644104,0.07320766150951385,1.2723761796951294
1403899635698130947,positive,2.175316572189331,6.6799726486206055,-2.132007598876953
1403899640718766083,negative,1.0655512809753418,-0.12436870485544205,1.4192754030227661
1403899641687650307,negative,1.0582906007766724,-1.2944998741149902,3.5238890647888184
1403899642727714820,negative,0.8383497595787048,-0.7692912817001343,1.6004310846328735
1403899649950248966,neutral,1.9705719947814941,0.4568772614002228,0.49334341287612915
1403899657583951873,neutral,1.9705719947814941,0.4568772614002228,0.49334341287612915
1403899666320609280,negative,0.565855085849762,-0.31852883100509644,1.8070214986801147
1403899666882760706,negative,0.7211481928825378,0.039331864565610886,2.3228204250335693
1403899672612249603,neutral,1.315025806427002,-0.11766821891069412,0.933911919593811
1403899674000560129,neutral,1.7662910223007202,0.02253148704767227,0.7936902642250061
1403899676470910978,negative,1.0582906007766724,-1.2944998741149902,3.5238890647888184
1403899680635768836,negative,1.29329252243042,-0.009412243962287903,1.8115739822387695
1403899681420218368,negative,0.651402473449707,0.05017683655023575,2.0240318775177
1403899684725444611,neutral,1.4504027366638184,-0.49569711089134216,1.280412197113037
1403899685836705799,neutral,1.5249251127243042,0.6932535171508789,0.34395480155944824
1403899688198234114,negative,1.5613657236099243,-0.16518595814704895,1.819524884223938
1403899692858101761,negative,1.168251633644104,0.07320766896009445,1.272376298904419
1403899695290884096,negative,1.4314417839050293,-1.0483882427215576,2.3978030681610107
1403899704719679490,negative,0.7055714726448059,-0.6770667433738708,2.8967885971069336
1403899705613066242,negative,1.5999760627746582,-1.0688109397888184,2.506622791290283
1403899706271535109,neutral,1.5786669254302979,0.15792956948280334,0.6809839606285095
1403899707496321025,negative,1.0930700302124023,-0.8616232872009277,1.911412239074707
1403899709429792768,negative,0.7055714726448059,-0.6770667433738708,2.8967885971069336
1403899711484874756,negative,1.2912636995315552,-0.8398036956787109,2.1811373233795166
1403899714488176648,neutral,1.1552307605743408,0.6264681220054626,0.5971723794937134
1403899716379844608,neutral,2.070312976837158,-0.45778676867485046,1.2582318782806396
1403899716996190213,positive,2.137608528137207,5.978252410888672,-1.549249529838562
1403899720712470528,negative,0.8434742093086243,-0.057676903903484344,2.3530147075653076
1403899728006369284,negative,1.4175413846969604,-0.7187994122505188,1.5077769756317139
1403899729650630656,negative,1.0582906007766724,-1.2944998741149902,3.5238890647888184
1403899733291196422,neutral,2.290067434310913,-0.11279623955488205,0.6509624719619751
1403899741755301889,negative,1.1682517528533936,0.07320767641067505,1.2723761796951294
1403899750919905280,neutral,1.4152960777282715,1.152173399925232,0.540650486946106
1403899751066525699,neutral,1.3065775632858276,0.7379014492034912,0.1895376294851303
1403899751213408262,neutral,1.327070951461792,0.019716449081897736,1.1604647636413574
1403899751255347202,negative,1.1422330141067505,-0.10855267196893692,1.313157558441162
1403899753071472642,neutral,2.290067434310913,-0.11279623955488205,0.6509624719619751
1403899755265134597,neutral,1.1843252182006836,0.9625769257545471,1.177582025527954
1403899758889025548,positive,0.6867889761924744,1.370633602142334,-0.06700663268566132
1403899759887151106,neutral,1.6728956699371338,0.45181775093078613,0.863944411277771
1403899761430724608,negative,1.2912636995315552,-0.8398036956787109,2.1811373233795166
1403899770012418052,neutral,1.3718242645263672,0.22773000597953796,0.5246779918670654
1403899772738719744,negative,0.7928239703178406,-0.6622025370597839,2.292607545852661
1403899783375429635,neutral,2.3351476192474365,1.6815229654312134,-0.30480560660362244
1403899788832169985,neutral,2.021243095397949,0.43640753626823425,-0.08785098791122437
1403899791206191106,neutral,0.8963515758514404,0.5052863955497742,0.6199385523796082
1403899792745545729,positive,0.9917709827423096,1.3970394134521484,0.19154636561870575
1403899793164976129,negative,1.0582906007766724,-1.2944998741149902,3.5238890647888184
1403899793873817600,neutral,1.6402829885482788,1.0925549268722534,-0.4516424834728241
1403899793965944832,negative,1.4268174171447754,-0.45463111996650696,1.7882282733917236
1403899794049974276,positive,1.2926738262176514,2.427259683609009,0.24941696226596832
1403899795496910855,negative,1.0278266668319702,-0.3323614001274109,2.1607041358947754
1403899805768769539,negative,1.0600448846817017,-0.8299353718757629,2.4581997394561768
1403899806960033797,neutral,1.5089119672775269,0.6097182035446167,-0.07991967350244522
1403899809971511298,neutral,2.0153610706329346,0.293778657913208,0.2872297465801239
1403899811737137153,negative,0.9898642301559448,-0.30023396015167236,1.8388776779174805
1403899813998088197,neutral,2.349702835083008,0.9319357872009277,-0.15558476746082306
1403899825037455369,neutral,1.5249251127243042,0.6932535171508789,0.34395480155944824
1403899831723114497,negative,1.082222819328308,-0.7970700263977051,1.8392053842544556
1403899833971249152,neutral,1.740784764289856,0.5990617275238037,0.6847907304763794
1403899837964193795,neutral,1.9705719947814941,0.4568772614002228,0.49334341287612915
1403899844658352131,neutral,1.8441252708435059,0.4902823269367218,0.2687413692474365
1403899844826001411,neutral,1.3591086864471436,0.22848862409591675,1.2104090452194214
1403899852350627844,negative,1.1283416748046875,-0.6712846755981445,2.6603944301605225
1403899854397472772,neutral,1.3583259582519531,0.11497954279184341,1.2725496292114258
1403899854498238466,neutral,1.985520601272583,-0.8832018971443176,1.8987683057785034
1403899862349930497,neutral,2.1849145889282227,1.5627914667129517,-0.834579586982727
1403899862878408708,neutral,1.257727861404419,-0.1832413375377655,1.1816399097442627
1403899862995722241,neutral,1.5702922344207764,0.7027724385261536,0.8904082179069519
1403899867177619456,neutral,1.7253063917160034,1.2272528409957886,0.09772127866744995
1403899878791598082,neutral,1.2072402238845825,1.07755446434021,0.28082114458084106
1403899881173839872,positive,1.8342472314834595,2.9297802448272705,-0.8752851486206055
1403899885401919490,negative,1.0194939374923706,-0.9887366890907288,2.683499336242676
1403899885846503426,negative,1.4314417839050293,-1.0483882427215576,2.3978030681610107
1403899887700246532,negative,0.9930979013442993,0.2925313711166382,1.1437819004058838
1403899887809335297,neutral,1.3065775632858276,0.7379014492034912,0.1895376294851303
1403899899729485827,neutral,2.290067434310913,-0.11279623955488205,0.6509624719619751
1403899901239386118,neutral,1.8480303287506104,0.4663901925086975,0.8608278036117554
1403899922437623810,negative,1.2144787311553955,-0.20996147394180298,1.671248435974121
1403899925763592192,positive,1.8396589756011963,3.5236940383911133,-1.0937713384628296
1403899935578202115,negative,1.6191051006317139,-0.9611464142799377,1.941595435142517
1403899939231576071,neutral,2.290067434310913,-0.11279623955488205,0.6509624719619751
1403899939273560067,negative,0.7055714726448059,-0.6770667433738708,2.8967885971069336
1403899940410118146,neutral,2.2312355041503906,1.2107259035110474,0.09336768090724945
1403899942570233858,positive,0.6324162483215332,2.7626466751098633,-0.48080724477767944
1403899947494301705,negative,1.0582906007766724,-1.2944998741149902,3.5238890647888184
1403899949000151040,neutral,1.231634497642517,-0.3619794547557831,0.5495297312736511
1403899949406846976,negative,1.0911121368408203,-0.27138108015060425,1.947469711303711
1403899955077550081,neutral,2.290067434310913,-0.11279623955488205,0.6509624719619751
1403899963319504899,negative,1.2144787311553955,-0.20996147394180298,1.671248435974121
1403899968042188802,neutral,2.7227883338928223,1.7542170286178589,-0.7628082036972046
1403899970260979715,negative,0.7761603593826294,0.46614837646484375,1.0086361169815063
1403899978142031876,neutral,1.3583259582519531,0.11497954279184341,1.2725496292114258
1403899981543743490,neutral,2.290067434310913,-0.11279623955488205,0.6509624719619751
1403899983884034050,neutral,1.3264038562774658,0.3147278428077698,0.8636460900306702
1403899987591901188,positive,0.8378402590751648,1.8715001344680786,0.2966309189796448
1403899992205627393,neutral,1.3417434692382812,0.18469953536987305,0.9020174145698547
1403899997486125061,positive,2.0034072399139404,4.2940802574157715,-0.8058563470840454
1403900003890909184,negative,0.8437480926513672,-1.2805655002593994,3.9236648082733154
1403900012333977605,neutral,1.5217845439910889,0.23059818148612976,-0.17842800915241241
1403900013252464640,neutral,2.0245542526245117,0.8975672125816345,0.4944540858268738
1403900015844773888,neutral,2.7227883338928223,1.7542170286178589,-0.7628082036972046
1403900022949781508,neutral,1.4983583688735962,0.3982395529747009,0.8684923648834229
1403900050514890755,negative,1.7933857440948486,-1.1788098812103271,2.6719789505004883
1403900053014691847,neutral,1.4978933334350586,0.04121209681034088,1.1928794384002686
1403900053681487874,negative,0.7829993963241577,-1.0612998008728027,3.7324414253234863
1403900059658244100,neutral,1.3065775632858276,0.7379014492034912,0.1895376294851303
1403900062846001153,positive,1.8342472314834595,2.9297802448272705,-0.8752851486206055
1403900063269605376,positive,1.490752100944519,2.5747792720794678,-0.36202844977378845
1403900063525621760,neutral,2.50539231300354,2.047974109649658,-1.2290974855422974
1403900066268594176,negative,1.1283416748046875,-0.6712846755981445,2.6603944301605225
1403900073457635332,neutral,1.5581600666046143,1.2991260290145874,0.0804404690861702
1403900073973583872,neutral,2.1254372596740723,1.2443166971206665,-0.5234968066215515
1403900074007031809,positive,1.2623380422592163,2.274320602416992,-0.3273114860057831
1403900077739937797,negative,0.7846561670303345,-0.31467288732528687,2.4464168548583984
1403900081242312709,positive,1.8396589756011963,3.5236940383911133,-1.0937713384628296
1403900088942952451,positive,1.5699399709701538,3.413321018218994,-1.2388479709625244
1403900090331262978,negative,1.3406522274017334,-0.0868993028998375,1.54012131690979
1403900095607631872,negative,1.1619826555252075,-0.4381561577320099,1.7267162799835205
1403900097683984384,neutral,1.9995192289352417,-0.8106150031089783,1.6722564697265625
1403900107200905217,neutral,2.290067195892334,-0.11279619485139847,0.6509624719619751
1403900108421308418,neutral,2.040133476257324,0.02385783940553665,0.5192868113517761
1403900114561814532,neutral,2.0866599082946777,0.8092713952064514,0.07109981030225754
1403900118269530113,positive,1.2623380422592163,2.274320602416992,-0.3273114860057831
1403900119553040384,negative,0.8002290725708008,1.0655345916748047,1.0807276964187622
1403900120857407490,negative,1.2912638187408447,-0.8398036956787109,2.1811373233795166
1403900121566224392,neutral,1.4152960777282715,1.152173399925232,0.540650486946106
1403900121897746435,negative,0.7055714726448059,-0.6770667433738708,2.8967885971069336
1403900122493337602,negative,1.305163025856018,-0.733393669128418,2.07624888420105
1403900124410089476,negative,1.1283416748046875,-0.6712846755981445,2.6603944301605225
1403900133885022209,negative,1.1682517528533936,0.07320767641067505,1.2723761796951294
1403900140163903491,positive,1.2926738262176514,2.427259683609009,0.24941696226596832
1403900145285042178,neutral,1.7421483993530273,0.9163215160369873,0.31481340527534485
1403900152721649667,neutral,1.9310775995254517,1.2963039875030518,0.33677053451538086
1403900159671554050,negative,1.1682517528533936,0.07320767641067505,1.2723761796951294
1403900163186376708,negative,1.0864683389663696,0.3496367037296295,1.2296950817108154
1403900165904285701,negative,1.0582904815673828,-1.2944998741149902,3.5238893032073975
1403900171294027789,positive,1.441062092781067,2.0831520557403564,-0.10035663098096848
1403900172468461574,negative,1.1682517528533936,0.07320767641067505,1.2723761796951294
1403900172665556993,neutral,2.070312976837158,-0.45778676867485046,1.2582318782806396
1403900172980076545,negative,1.1682517528533936,0.07320767641067505,1.2723761796951294
1403900179082891273,negative,1.3021308183670044,-0.22014951705932617,1.3035414218902588
1403900179921711110,neutral,1.6728956699371338,0.4518177807331085,0.8639442920684814
1403900183109271556,neutral,3.6238749027252197,3.25186824798584,-1.8709619045257568
1403900183549599744,neutral,2.070312976837158,-0.45778676867485046,1.2582318782806396
1403900186775130113,neutral,1.8315085172653198,1.1360430717468262,-0.8864362835884094
1403900199253250051,negative,0.7055714726448059,-0.6770667433738708,2.8967885971069336
1403900200528367616,negative,1.1682517528533936,0.07320767641067505,1.2723761796951294
1403900200784125955,neutral,2.040133476257324,0.02385783940553665,0.5192868113517761
1403900203871113218,neutral,1.1638258695602417,0.23491495847702026,0.3977994918823242
1403900209604841474,negative,1.1283416748046875,-0.6712846755981445,2.6603944301605225
1403900215166341121,negative,1.075793981552124,-1.2588515281677246,3.9541537761688232
1403900225622663171,neutral,1.4913686513900757,-0.20112234354019165,1.1740351915359497
1403900226478424071,neutral,1.2542537450790405,0.6510217785835266,0.45031341910362244
1403900229011771392,neutral,1.2760460376739502,0.30174678564071655,1.1491814851760864
1403900229863153677,negative,0.9227603077888489,0.48729705810546875,1.0783283710479736
1403900233319337992,negative,1.1283416748046875,-0.6712846755981445,2.6603944301605225
1403900234145558533,negative,1.1283416748046875,-0.6712846755981445,2.6603944301605225
1403900236364496906,neutral,0.7236185669898987,0.4423263967037201,0.43974408507347107
1403900236842639362,negative,1.1682517528533936,0.07320767641067505,1.2723761796951294
1403900245956759558,neutral,1.5434285402297974,0.013656757771968842,1.1324200630187988
1403900249844830209,negative,0.8434742093086243,-0.057676903903484344,2.3530147075653076
1403900254643236866,neutral,3.186680316925049,2.1207594871520996,-1.5841177701950073
1403900257558319105,negative,1.244818925857544,-0.2669953405857086,1.3030120134353638
1403900257772179457,positive,2.2695369720458984,3.3898236751556396,-0.5511586666107178
1403900269885214724,negative,0.49233055114746094,-0.4437985122203827,1.782820463180542
1403900282141036548,neutral,2.221193552017212,2.0164976119995117,-0.6646350026130676
1403900283227316226,positive,1.2926738262176514,2.427259683609009,0.24941696226596832
1403900287178493954,negative,0.9064667820930481,-0.07548899203538895,1.6347839832305908
1403900289015504898,neutral,1.7762116193771362,1.449010968208313,-0.2630310356616974
1403900290034769921,neutral,1.3105854988098145,-0.01219208538532257,1.1946698427200317
1403900290294767621,neutral,1.740784764289856,0.5990617275238037,0.6847907304763794
1403900310989463557,negative,0.7055714726448059,-0.6770667433738708,2.8967885971069336
1403900314189762560,neutral,1.505152702331543,1.1628464460372925,-0.6881361603736877
1403900319336124418,negative,0.7862690091133118,0.06421452015638351,1.2029138803482056
1403900319935913985,neutral,2.290067434310913,-0.11279623955488205,0.6509624719619751
1403900320158154754,negative,1.4314417839050293,-1.0483882427215576,2.3978030681610107
1403900321865375744,negative,1.3338598012924194,-0.3669223487377167,1.4228250980377197
1403900332015562756,neutral,2.921461820602417,0.5657414197921753,-0.4325805604457855
1403900333160534019,neutral,1.205296277999878,0.20330876111984253,0.46970152854919434
1403900336826376193,negative,0.5284457802772522,0.7170222997665405,1.173148512840271
1403900339779215361,negative,1.4314416646957397,-1.048388123512268,2.3978028297424316
1403900344032239617,negative,1.199087381362915,-1.0423270463943481,2.94036602973938
1403900347773562881,negative,1.455324411392212,0.03019304946064949,1.4848016500473022
1403900348515893250,negative,1.196037769317627,-1.1250569820404053,2.7894482612609863
1403900351133192194,negative,1.048913598060608,0.346893310546875,1.0526199340820312
1403900351753953283,neutral,2.290067434310913,-0.11279623955488205,0.6509624719619751
1403900355423862784,neutral,2.290067434310913,-0.11279623955488205,0.6509624719619751
1403900359966400514,negative,0.5444313883781433,0.2751981317996979,1.461089849472046
1403900373417476098,negative,0.7843344211578369,-0.32876822352409363,2.934314489364624
1403900380619194375,negative,1.234927773475647,-0.20489919185638428,1.50859534740448
1403900386017120258,negative,1.5421350002288818,-0.47409626841545105,1.8835605382919312
1403900387703234562,negative,0.4138053357601166,0.8366596102714539,1.1113276481628418
1403900391612469248,negative,0.5533630847930908,-0.1824030876159668,1.644792079925537
1403900394598772738,positive,1.611382007598877,6.021088600158691,-1.8059685230255127
1403900405453672453,neutral,1.740784764289856,0.5990617275238037,0.6847907304763794
1403900407814885377,positive,1.479598045349121,1.6080703735351562,-0.6028696298599243
1403900412353150979,neutral,2.1517059803009033,0.83746337890625,-0.22771809995174408
1403900412550340610,positive,1.5456347465515137,1.8018769025802612,-0.3921236991882324
1403900415364583428,positive,0.7081074118614197,1.487458348274231,0.2990124225616455
1403900415566045184,neutral,1.9705719947814941,0.45687729120254517,0.493343323469162
1403900419508772872,neutral,1.735429286956787,0.15767107903957367,0.23577365279197693
1403900428140617737,neutral,1.2808643579483032,0.8592067360877991,0.8671445846557617
1403900437410033670,negative,1.072741985321045,-0.06198004633188248,1.278881311416626
1403900438198423554,negative,0.8146240711212158,0.6315972208976746,0.9395128488540649
1403900445064638464,negative,0.8855973482131958,0.088416688144207,1.4487451314926147
1403900449506398214,neutral,1.2006208896636963,0.6035711169242859,0.6991499662399292
1403900462999429124,negative,1.1682517528533936,0.07320767641067505,1.2723761796951294
1403900463590875136,negative,1.0572168827056885,0.10423661023378372,1.561013102531433
1403901255970402304,positive,0.9755933880805969,2.8108417987823486,-0.1817782074213028
1403901257513791490,neutral,1.6797394752502441,-0.39067351818084717,1.1190452575683594
1403901261162811395,positive,0.7159582376480103,1.1840858459472656,0.4849961996078491
1403901261846622211,positive,0.5520466566085815,3.014862298965454,0.4246252179145813
1403901265084502021,negative,0.5579325556755066,0.38959574699401855,1.1743700504302979
1403901266930114561,negative,0.8434742093086243,-0.057676903903484344,2.3530147075653076
1403901266972102659,negative,1.1682517528533936,0.07320767641067505,1.2723761796951294
1403901268687568900,neutral,1.3470489978790283,0.6853138208389282,-0.49597710371017456
1403901269597691904,neutral,2.2312355041503906,1.2107259035110474,0.09336768090724945
1403901274563641350,negative,1.8435931205749512,-0.8930971622467041,1.9204370975494385
1403901274718760960,neutral,1.5996648073196411,0.5731633305549622,0.49292317032814026
1403901275520049153,positive,0.6546436548233032,6.467181205749512,-1.230430006980896
1403901277747154947,neutral,1.6148288249969482,1.1248470544815063,-0.08524495363235474
1403901280670584832,neutral,1.8797194957733154,0.07353799045085907,0.7502173781394958
1403901289084428290,negative,0.9512029886245728,-0.787050724029541,2.840334415435791
1403901291781312517,neutral,1.4125016927719116,-0.29057440161705017,0.3341811001300812
1403901292989366273,neutral,2.070312976837158,-0.45778676867485046,1.2582318782806396
1403901307191271429,negative,1.4665855169296265,-0.9345611333847046,1.8970028162002563
1403901313125998594,negative,0.7055714726448059,-0.6770667433738708,2.8967885971069336
1403901324844933122,neutral,1.8348660469055176,-0.4254589378833771,0.9993888139724731
1403901332285689857,negative,1.216465711593628,-1.1367442607879639,3.001000165939331
1403901338338033665,negative,1.2912636995315552,-0.8398036956787109,2.1811373233795166
1403901338724016132,positive,1.3696317672729492,1.4854012727737427,-0.33177703619003296
1403901341483798529,positive,1.529703974723816,2.010891914367676,0.1290443390607834
1403901341852913665,neutral,1.692538857460022,0.7602670192718506,0.005919199436903
1403901342687637504,positive,0.6037518382072449,1.7811152935028076,0.21285702288150787
1403901343077572608,neutral,1.3065775632858276,0.7379014492034912,0.1895376294851303
1403901343706894338,positive,1.046790361404419,1.2227011919021606,0.8368072509765625
1403901344046530567,negative,0.7661074995994568,0.7715165615081787,1.016859531402588
1403901357996789762,neutral,1.7059869766235352,0.3054948151111603,0.4274924397468567
1403901360219865099,neutral,1.257727861404419,-0.1832413375377655,1.1816399097442627
1403901377022238724,neutral,1.3885737657546997,0.6012346744537354,-0.4956737756729126
1403901386811715584,neutral,2.3940112590789795,1.2578140497207642,-0.4986911416053772
1403901392704708620,neutral,1.7815780639648438,-0.07884875684976578,0.3938555419445038
1403901393862238218,negative,1.6191051006317139,-0.9611464142799377,1.941595435142517
1403901399931363332,neutral,1.3301223516464233,0.6803797483444214,0.7979520559310913
1403901400434851840,negative,1.1682517528533936,0.07320767641067505,1.2723761796951294
1403901401324036101,neutral,2.5012600421905518,-0.12811461091041565,0.3265638053417206
1403901401932222464,neutral,1.6825038194656372,0.32876187562942505,0.5584196448326111
1403901405828550657,negative,1.5097392797470093,-0.5660346746444702,2.269970178604126
1403901406902296576,positive,1.0358887910842896,2.414250373840332,-0.3316118121147156
1403901410685693952,negative,0.706247866153717,-0.4132070243358612,1.922059178352356
1403901413898469383,negative,1.6934208869934082,-0.8503812551498413,2.322661876678467
1403901415366533121,neutral,2.7227883338928223,1.7542170286178589,-0.7628082036972046
1403901418696806400,neutral,1.7892104387283325,0.5680583119392395,0.023277513682842255
1403901421452398602,negative,0.8953494429588318,0.03268469125032425,0.9728057980537415
1403901425537585153,positive,0.9709393382072449,3.548213243484497,-0.1783139854669571
1403901426934423554,neutral,1.7407846450805664,0.5990617275238037,0.6847907304763794
1403901436434554881,neutral,1.9180867671966553,0.2399716079235077,0.512604296207428
1403901440838410244,neutral,1.3583259582519531,0.11497954279184341,1.2725496292114258
1403901441522208769,negative,1.4314417839050293,-1.0483882427215576,2.3978030681610107
1403901443455717378,neutral,1.464699149131775,0.9092750549316406,-0.22363479435443878
1403901444013572096,negative,0.7055714726448059,-0.6770667433738708,2.8967885971069336
1403901446555410434,negative,1.0963048934936523,0.7571753859519958,1.1835881471633911
1403901447603904513,negative,0.3664394021034241,0.4206262528896332,1.2900913953781128
1403901449034092546,negative,0.36187517642974854,-0.5831485390663147,3.2602627277374268
1403901453975097344,negative,0.663548469543457,0.24240171909332275,1.3508403301239014
1403901457246662660,negative,0.6121764779090881,0.6457024216651917,2.2643346786499023
1403901465241006084,negative,0.9814088940620422,-0.06756646186113358,2.0598976612091064
1403901468277673990,negative,0.7055714726448059,-0.6770667433738708,2.8967885971069336
1403901470974496769,neutral,1.612363338470459,0.719265341758728,-0.08252016454935074
1403901473558237185,negative,0.8199465870857239,-0.3087366819381714,1.5316706895828247
1403901474531282947,neutral,1.1395695209503174,0.5352336764335632,0.6549240350723267
1403901475617607681,negative,0.6302524209022522,0.43667078018188477,1.077469825744629
1403901480348827651,negative,0.7055714726448059,-0.6770667433738708,2.8967885971069336
1403901494114586627,positive,0.8119038939476013,1.8897207975387573,0.07792307436466217
1403901497046278144,neutral,1.6002200841903687,1.2063114643096924,0.4026229977607727
1403901497360871425,neutral,2.290067434310913,-0.11279623955488205,0.6509624719619751
1403901499202224132,negative,0.8856266140937805,-0.41171255707740784,1.799614667892456
1403901513437691913,negative,0.7055714726448059,-0.6770667433738708,2.8967885971069336
1403901521171988480,negative,1.0720932483673096,-0.4070846140384674,1.7648752927780151
1403901522681925634,neutral,1.7726863622665405,0.3938572108745575,0.3812022805213928
1403901527178158081,negative,1.0582906007766724,-1.2944998741149902,3.5238890647888184
1403901528432328713,neutral,1.4627206325531006,-0.34314051270484924,1.4224237203598022
1403901528696557570,neutral,2.290067434310913,-0.11279623955488205,0.6509624719619751
1403901530730795008,neutral,1.415296196937561,1.1521735191345215,0.5406504273414612
1403901537450041345,negative,0.7516593933105469,-0.23662534356117249,2.1024088859558105
1403901538980958210,positive,1.1793476343154907,1.4321238994598389,0.19978313148021698
1403901539056553989,negative,1.1316759586334229,-1.0994789600372314,2.9224586486816406
1403901541984178181,neutral,2.194265604019165,-0.10961637645959854,0.1340906023979187
1403901548766195713,positive,0.8225986361503601,1.3077927827835083,0.5608929395675659
1403901551933071361,negative,1.1313271522521973,-0.2528513967990875,1.9150853157043457
1403901555628072960,neutral,1.8532692193984985,0.706446647644043,0.6674580574035645
1403901557545095169,positive,2.310220956802368,3.830268383026123,-1.1200439929962158
1403901562771148801,neutral,1.5405412912368774,0.5101965069770813,0.7165567874908447
1403901563089850370,negative,0.5106019973754883,0.4006368815898895,1.8845773935317993
1403901563140075523,neutral,1.3537328243255615,1.1679404973983765,-0.09958071261644363
1403901564956266501,neutral,1.0308796167373657,0.4514506757259369,0.8137693405151367
1403901566638182403,negative,1.2912636995315552,-0.8398036956787109,2.1811373233795166
1403901567263150089,neutral,1.8049919605255127,-0.22646737098693848,0.9650153517723083
1403901571075870722,neutral,1.667077660560608,-0.10958337038755417,1.2319127321243286
1403901571180625921,neutral,2.2426304817199707,0.7866048216819763,0.16143077611923218
1403901576188727299,positive,1.1210384368896484,4.625884056091309,-1.4592115879058838
1403901578973745153,neutral,1.4003055095672607,0.6430279016494751,0.9729247093200684
1403901581687365635,neutral,1.8528921604156494,-0.36085227131843567,1.0103774070739746
1403901582077435907,positive,2.2645883560180664,2.4163451194763184,-0.8249158263206482
1403901583050543109,negative,1.0041245222091675,-0.57033771276474,2.404550790786743
1403901587651588099,neutral,1.7569429874420166,-0.5183713436126709,1.3738365173339844
1403901592898736132,negative,1.0687981843948364,-0.4546779692173004,2.1372201442718506
1403901602495401986,negative,1.58320152759552,-0.34215235710144043,1.6636875867843628
1403901607117430786,neutral,1.4510562419891357,-0.3190051019191742,0.9753729701042175
1403901607281057795,negative,0.8552916049957275,-1.2103896141052246,3.4644675254821777
1403901607801131008,negative,0.7055714726448059,-0.6770667433738708,2.8967885971069336
1403901610624000001,positive,1.0860445499420166,2.021275043487549,0.060913607478141785
1403901611995435013,negative,0.723232626914978,0.2966020107269287,1.6673816442489624
1403901615388692483,negative,1.7785398960113525,-0.8319032788276672,1.8121873140335083
1403901615979974656,negative,1.2641546726226807,-1.0902446508407593,2.807433605194092
1403901625228533765,neutral,1.7108949422836304,-0.09891749173402786,0.46639955043792725
1403901629720666112,negative,0.8434742093086243,-0.057676903903484344,2.3530147075653076
1403901629963845643,positive,0.4926692247390747,1.864961862564087,0.06375912576913834
1403901631016718341,neutral,1.9130767583847046,0.29506438970565796,0.05042871832847595
1403901631595429899,neutral,1.5333352088928223,-0.19920679926872253,1.251908779144287
1403901634355163139,neutral,1.2875598669052124,0.24020972847938538,0.9402807354927063
1403901638188929034,positive,1.064262866973877,1.3425452709197998,0.05733855813741684
1403901641905029121,neutral,1.740784764289856,0.5990617275238037,0.6847907304763794
1403901643343728644,negative,0.9603128433227539,-0.7515649199485779,2.573277473449707
1403901646145560578,positive,1.1413065195083618,1.727537989616394,0.12889377772808075
1403901652403433475,negative,0.5884081125259399,0.09956476092338562,1.847287893295288
1403901657822416899,positive,0.7188595533370972,0.955804169178009,0.7998149991035461
1403901665900642306,positive,0.6179723143577576,6.352352619171143,-0.9396619200706482
1403901668119367681,neutral,1.3583259582519531,0.11497954279184341,1.2725496292114258
1403901671571288066,neutral,1.9705719947814941,0.4568772614002228,0.49334341287612915
1403901673341440004,negative,0.9222730398178101,-1.084518313407898,2.9126434326171875
1403901674540834817,negative,0.8856266140937805,-0.41171255707740784,1.799614667892456
1403901676763770882,neutral,1.7179006338119507,1.431938648223877,-0.1735733300447464
1403901677585899520,neutral,1.8528921604156494,-0.36085227131843567,1.0103774070739746
1403901686716895237,neutral,1.774499773979187,0.1583966314792633,0.2548772096633911
1403901690965860360,neutral,2.141152858734131,1.3792297840118408,-0.7434046268463135
1403901694488895488,neutral,1.8479621410369873,0.23835206031799316,1.109418272972107
1403901699811577857,neutral,1.6304941177368164,-0.13156935572624207,1.4293688535690308
1403901701598240772,neutral,2.592388153076172,2.110107183456421,-0.606621503829956
1403901709454282755,negative,1.2850401401519775,0.5761808753013611,1.449751377105713
1403901712927137793,neutral,1.8906596899032593,-0.2340637743473053,0.8610517978668213
1403901713992413184,negative,1.1682517528533936,0.07320767641067505,1.2723761796951294
1403901715280142338,neutral,1.5234044790267944,0.4692932963371277,0.3326896131038666
1403901716311859203,positive,1.8342472314834595,2.9297802448272705,-0.8752851486206055
1403901723488436224,negative,0.9288901686668396,-0.8108692765235901,2.4500205516815186
1403901728462831618,neutral,1.3583259582519531,0.11497955769300461,1.2725496292114258
1403901729813385220,neutral,1.5333352088928223,-0.19920679926872253,1.251908779144287
1403901729826086913,negative,0.9041207432746887,-0.9995505213737488,2.767198324203491
1403901730245464065,negative,1.1682517528533936,0.07320767641067505,1.2723761796951294
1403901738386608128,neutral,2.5012600421905518,-0.12811461091041565,0.3265638053417206
1403901739430907905,negative,1.1283416748046875,-0.6712846755981445,2.6603944301605225
1403901740081053697,neutral,2.4704394340515137,0.6768126487731934,0.0011764895170927048
1403901740131536904,negative,1.3797928094863892,-1.2747676372528076,2.975496292114258
1403901752034922503,neutral,2.290067434310913,-0.11279623955488205,0.6509624719619751
1403901752810823685,neutral,1.401524543762207,0.36788231134414673,0.27369633316993713
1403901758712123395,negative,1.2218754291534424,0.2612780034542084,1.2582143545150757
1403901762977906695,negative,1.5036892890930176,-0.8730363249778748,2.0978739261627197
1403901765834227715,neutral,1.6017764806747437,0.04042632877826691,0.7303900122642517
1403901766652071939,neutral,1.16254460811615,0.44605347514152527,0.132620170712471
1403901772125544451,neutral,2.070312976837158,-0.45778676867485046,1.2582318782806396
1403901774390431746,negative,1.4492188692092896,-1.0781540870666504,3.039498805999756
1403901775095205891,negative,0.9493128061294556,-0.7948002219200134,2.7668168544769287
1403901775699185670,neutral,2.286750078201294,0.8029230833053589,-0.6530998349189758
1403901777565470727,negative,1.4714627265930176,-1.2277873754501343,3.0261096954345703
1403901784540680201,neutral,1.5135490894317627,0.5190877914428711,0.5634918212890625
1403901786809851904,negative,0.9891248345375061,-0.1127462163567543,1.6642756462097168
1403901787518742530,neutral,1.5941733121871948,0.6148809194564819,0.3825931251049042
1403901790505127938,negative,1.6191051006317139,-0.9611464142799377,1.941595435142517
1403901791394271237,positive,1.2926738262176514,2.427259683609009,0.24941696226596832
1403901796335161347,negative,0.6951793432235718,-0.3965989947319031,1.6038072109222412
1403901796507131907,neutral,1.6853716373443604,0.5280920267105103,0.3943072557449341
1403901800852328450,neutral,1.2786983251571655,0.8861367106437683,-0.3607850670814514
1403901802962165762,neutral,1.2481305599212646,0.6402310729026794,0.8751754760742188
1403901812961284098,neutral,2.1813502311706543,0.10958132147789001,0.7387080192565918
1403901818728497152,negative,0.17259518802165985,-0.3432350754737854,1.890127420425415
1403901819122716674,positive,2.129213333129883,3.5776617527008057,-0.7784250378608704
1403901828626927616,neutral,1.3065775632858276,0.7379014492034912,0.1895376294851303
1403901833479741440,negative,1.5999760627746582,-1.0688109397888184,2.506622791290283
1403901833685340160,neutral,1.9705719947814941,0.4568772614002228,0.49334341287612915
1403901837548437505,negative,0.7055714726448059,-0.6770667433738708,2.8967885971069336
1403901840065019912,negative,1.0582906007766724,-1.2944998741149902,3.5238890647888184
1403901844217204742,neutral,1.6918529272079468,0.03254733979701996,0.8055304884910583
1403901849921634310,neutral,2.290067434310913,-0.11279623955488205,0.6509624719619751
1403901854195535872,neutral,1.7745347023010254,0.3840367794036865,-0.391446977853775
1403901858507264001,negative,1.0582906007766724,-1.2944998741149902,3.5238890647888184
1403901858737971201,negative,0.8856266140937805,-0.41171255707740784,1.799614667892456
1403901861862678535,neutral,1.3065775632858276,0.7379014492034912,0.1895376294851303
1403901862634459136,negative,1.6191051006317139,-0.9611464142799377,1.941595435142517
1403901864324833280,negative,0.7464944124221802,-0.4023749530315399,2.1487200260162354
1403901865042092033,neutral,1.1349620819091797,0.3372870981693268,0.7356522679328918
1403901865969041411,negative,1.3568319082260132,-1.0549975633621216,2.478855848312378
1403901886105796618,positive,1.5399339199066162,1.635564923286438,0.4841066598892212
1403901893588492289,negative,1.0665552616119385,-0.7525933384895325,2.494345188140869
1403901903860285443,neutral,2.070312976837158,-0.45778676867485046,1.2582318782806396
1403901905181589512,negative,0.8529715538024902,-0.4527198374271393,2.2858829498291016
1403901909199556611,neutral,1.7252683639526367,0.08298207819461823,0.4834621548652649
1403901910961119232,negative,1.163765549659729,-0.13313820958137512,1.722036361694336
1403901913918148618,neutral,1.8083096742630005,0.3080579936504364,0.45257773995399475
1403901922210373633,neutral,2.290067434310913,-0.11279623955488205,0.6509624719619751
1403901923363901450,neutral,1.2481305599212646,0.6402310729026794,0.8751754760742188
1403901923535863811,neutral,2.0219688415527344,-0.23557037115097046,0.7708207368850708
1403901926186553346,neutral,2.0551085472106934,0.21228983998298645,0.08310697227716446
1403901936043282438,neutral,2.1009390354156494,-0.5707188248634338,1.8843944072723389
1403901946168152065,negative,0.8434742093086243,-0.057676903903484344,2.3530147075653076
1403901947426521089,neutral,1.972773790359497,0.44635865092277527,0.37231841683387756
1403901955647283204,neutral,1.6207013130187988,1.5642156600952148,-0.5435870289802551
1403901957568348163,neutral,2.300595283508301,1.3948594331741333,0.40993165969848633
1403901959569031170,positive,1.5560073852539062,3.07623291015625,-1.1111255884170532
1403901961167065089,neutral,2.1162898540496826,1.1922848224639893,-0.36003628373146057
1403901968041582601,neutral,2.008591413497925,0.831917405128479,0.9013243317604065
1403901968775467012,negative,0.4888134300708771,0.35946157574653625,1.8435417413711548
1403901970411188225,neutral,0.8465832471847534,0.7281842827796936,0.29149091243743896
1403901972105814016,negative,1.4314417839050293,-1.0483882427215576,2.3978030681610107
1403901980775432196,negative,1.7760204076766968,0.4885788857936859,1.9218658208847046
1403901981639548932,negative,1.1682517528533936,0.07320767641067505,1.2723761796951294
1403901982079807490,neutral,1.970571756362915,0.45687729120254517,0.4933433532714844
1403901982428045313,neutral,1.8797194957733154,0.07353799045085907,0.7502173781394958
1403901984797720579,negative,1.2144787311553955,-0.20996147394180298,1.671248435974121
1403901985963745280,positive,2.2695369720458984,3.3898236751556396,-0.5511586666107178
1403901986622296071,neutral,2.290067434310913,-0.11279623955488205,0.6509624719619751
1403901988438478852,neutral,2.290067434310913,-0.11279623955488205,0.6509624719619751
1403901991919751169,neutral,1.1887975931167603,0.26627883315086365,-0.03954590857028961
1403901991953178625,neutral,2.290067434310913,-0.11279623955488205,0.6509624719619751
1403901993026998273,negative,0.47199079394340515,-0.9814162254333496,3.092172145843506
1403901995468132354,neutral,0.7099964618682861,0.618534505367279,0.7008742690086365
1403902004297142273,neutral,2.8257229328155518,0.7274150252342224,0.6943069100379944
1403902004477394946,neutral,1.9239603281021118,0.8521581292152405,0.08820921927690506
1403902005387481090,negative,1.6191051006317139,-0.9611464142799377,1.941595435142517
1403902020566753281,negative,0.8891188502311707,0.30763810873031616,1.476654052734375
1403902024119246848,negative,0.6705997586250305,-0.02807452529668808,2.1149628162384033
1403902027101446149,negative,0.3419593870639801,0.7092724442481995,1.6261276006698608
1403902028410241032,neutral,1.7108949422836304,-0.09891749173402786,0.46639955043792725
1403902029836214274,neutral,2.155447483062744,0.5779493451118469,-0.7208617925643921
1403902034475208711,negative,1.4874382019042969,-0.24146568775177002,1.5978238582611084
1403902037331480576,neutral,2.070312976837158,-0.45778676867485046,1.2582318782806396
1403902037427994626,neutral,1.2542537450790405,0.6510218977928162,0.45031341910362244
1403902037922779140,neutral,1.2797198295593262,0.9051207304000854,-0.07190750539302826
1403902038728138753,negative,1.0708236694335938,-0.6812092065811157,1.6468465328216553
1403902045627768838,negative,1.4314417839050293,-1.0483882427215576,2.3978030681610107
1403902048505110532,neutral,1.6853188276290894,-0.0898483470082283,1.2465296983718872
1403902048769241095,neutral,1.2139873504638672,-0.5622800588607788,1.199782371520996
1403902053437427715,negative,1.1682517528533936,0.07320765405893326,1.2723761796951294
1403902057237520391,neutral,1.627960443496704,0.5511806011199951,0.6073718667030334
1403902061427802112,negative,1.3965470790863037,0.0477093830704689,1.4591761827468872
1403902063524810752,neutral,1.9400774240493774,0.6129918098449707,1.2750054597854614
1403902066410475521,negative,1.0934475660324097,-0.07245033234357834,1.4537168741226196
1403902069321474052,neutral,2.290067434310913,-0.11279623955488205,0.6509624719619751
1403902069627670530,neutral,2.2570059299468994,0.823768138885498,-0.5740706324577332
1403902071347220481,neutral,1.3492265939712524,0.451876163482666,0.7834022641181946
1403902074035703813,negative,1.2912636995315552,-0.8398036956787109,2.1811373233795166
1403902077416378369,neutral,2.6811842918395996,2.3686001300811768,-0.8422947525978088
1403902079047933953,negative,1.0750963687896729,0.22032222151756287,1.4371254444122314
1403902090708201472,neutral,1.190664291381836,0.13671043515205383,1.1430180072784424
1403902091878449159,neutral,1.4299806356430054,0.8531991243362427,0.12611711025238037
1403902093291933701,neutral,1.9313639402389526,1.3934376239776611,-0.009726481512188911
1403902097830158344,negative,0.7899094223976135,-0.5474039316177368,1.9344544410705566
1403902106730438656,negative,0.8434742093086243,-0.057676903903484344,2.3530147075653076
1403902106797498375,negative,1.4314417839050293,-1.0483882427215576,2.3978030681610107
1403902109578301442,neutral,1.865339756011963,1.657267451286316,-0.40407994389533997
1403902110647848962,neutral,1.4925074577331543,-0.5645747184753418,1.185836911201477
1403902113386696709,negative,1.243293285369873,-0.3732059895992279,1.6283694505691528
1403902113852370947,neutral,1.5630733966827393,0.7627151608467102,0.5245679616928101
1403902115706142725,neutral,2.290067434310913,-0.11279623955488205,0.6509624719619751
1403902126095360001,negative,1.6191051006317139,-0.9611464142799377,1.941595435142517
1403902126275837954,negative,0.7055714726448059,-0.6770667433738708,2.8967885971069336
1403902128855388163,neutral,0.509014904499054,0.41145479679107666,0.3711716830730438
1403902142314860554,negative,0.8259093165397644,-0.8917466998100281,2.1956005096435547
1403902148581146631,neutral,2.4104886054992676,-0.33658406138420105,0.5958771109580994
1403902153891196929,neutral,0.9230866432189941,-0.04554424434900284,0.5221604108810425
1403902155191459842,neutral,1.8175007104873657,1.4475734233856201,-0.0386732816696167
1403902156311171073,negative,0.47199079394340515,-0.9814162254333496,3.092172145843506
1403902158907625473,negative,0.47199079394340515,-0.9814162254333496,3.092172145843506
1403902159058440197,neutral,1.9705719947814941,0.4568772614002228,0.49334341287612915
1403902164913864704,neutral,1.606595754623413,0.21221661567687988,0.402876079082489
1403902165064859648,negative,1.5999760627746582,-1.0688109397888184,2.506622791290283
1403902168302645250,positive,1.3785920143127441,2.8394010066986084,-0.5902026891708374
1403902168923467782,neutral,1.9239603281021118,0.8521581292152405,0.08820921927690506
1403902181808295942,negative,1.4211822748184204,-0.9032194018363953,2.25787615776062
1403902181825126400,negative,1.6191051006317139,-0.9611464142799377,1.941595435142517
1403902189454696454,neutral,1.149051547050476,0.5562299489974976,0.4858396351337433
1403902192390529028,negative,1.2019739151000977,-1.3025060892105103,3.280897617340088
1403902193057533952,negative,1.1187421083450317,-0.910358190536499,2.3657031059265137
1403902194735366144,neutral,1.2128887176513672,0.3600938618183136,1.1083904504776
1403902195292983299,neutral,1.9705719947814941,0.4568772614002228,0.49334341287612915
1403902196639404041,neutral,2.2691762447357178,0.28087136149406433,0.22016042470932007
1403902199722250243,negative,1.1682517528533936,0.07320762425661087,1.2723759412765503
1403902201907453953,positive,1.3954936265945435,4.94523286819458,-1.1688072681427002
1403902201995567112,positive,1.1870077848434448,2.0531904697418213,0.2565836012363434
1403902202670772228,neutral,1.3105854988098145,-0.012192077934741974,1.1946697235107422
1403902204990349315,positive,1.2297680377960205,1.3868283033370972,-0.41379785537719727
1403902212666019843,negative,1.1682517528533936,0.07320767641067505,1.2723761796951294
1403902214406561794,neutral,1.6211187839508057,1.484364628791809,0.32853731513023376
1403902222497464321,neutral,1.1952319145202637,0.5534360408782959,0.7974251508712769
1403902230852423680,negative,0.8434742093086243,-0.057676903903484344,2.3530147075653076
1403902236107943942,negative,1.168251872062683,0.07320766896009445,1.2723761796951294
1403902237886320642,neutral,1.3669135570526123,0.21942463517189026,0.16996027529239655
1403902239542898690,neutral,2.290067434310913,-0.11279623955488205,0.6509624719619751
1403902239727656960,neutral,1.436376929283142,0.48607975244522095,0.7120711803436279
1403902248388808707,negative,0.19220851361751556,0.09077011793851852,1.9552291631698608
1403902250783752199,positive,0.708951473236084,1.1655584573745728,-0.3438299298286438
1403902251828191234,negative,1.3604207038879395,-0.591042160987854,1.849212646484375
1403902255162556416,neutral,1.9355448484420776,1.147696614265442,-0.3036113977432251
1403902267082825728,negative,1.1682517528533936,0.07320767641067505,1.2723761796951294
1403902268177518595,neutral,0.8576350212097168,0.2525476813316345,0.7347891330718994
1403902268253126656,negative,0.8434742093086243,-0.057676903903484344,2.3530147075653076
1403902271067414531,negative,0.9992032647132874,-0.715133011341095,2.600907325744629
1403902273328058373,neutral,1.5346720218658447,1.4763377904891968,0.06230567395687103
1403902274515083270,neutral,1.9705719947814941,0.4568772614002228,0.49334341287612915
1403902277451141124,neutral,2.7227883338928223,1.754217267036438,-0.7628082036972046
1403902279317663746,neutral,1.7253063917160034,1.2272528409957886,0.09772133827209473
1403902282677178374,negative,1.0815948247909546,-0.8279873728752136,2.2758255004882812
1403902283490992129,negative,0.74397212266922,0.49543577432632446,1.3042598962783813
1403902285743230978,negative,0.3686593770980835,0.5915936827659607,1.1390974521636963
1403902291317456902,neutral,1.703413724899292,0.32835501432418823,0.40539905428886414
1403902291791470593,negative,1.1682517528533936,0.07320767641067505,1.2723761796951294
1403902294685634561,negative,0.7757850885391235,0.5904406905174255,1.2000534534454346
1403902296170196997,negative,0.8856266140937805,-0.41171255707740784,1.799614667892456
1403902298196217856,positive,0.4364646077156067,2.3587214946746826,-0.35241931676864624
1403902299282579456,neutral,2.070312976837158,-0.45778676867485046,1.2582318782806396
1403902303023906819,negative,0.8362110257148743,-0.7665593028068542,2.75750470161438
1403902305221722120,negative,0.7284745573997498,0.3063287138938904,2.051743984222412
1403902305410428929,neutral,1.6036279201507568,0.5499716997146606,1.046627163887024
1403902305670287363,negative,1.1283416748046875,-0.6712846755981445,2.6603944301605225
1403902311806562307,negative,0.3099218010902405,-0.37596866488456726,2.5058109760284424
1403902313522253830,neutral,1.4107367992401123,0.8279605507850647,0.9271174073219299
1403902322661543936,neutral,1.3649907112121582,-0.030823945999145508,0.1614973396062851
1403902325077417984,neutral,0.7837391495704651,0.3215515613555908,0.707678496837616
1403902329200410624,neutral,2.490403652191162,1.4922834634780884,-1.1211832761764526
1403902331041857536,neutral,1.8348660469055176,-0.4254589378833771,0.9993888139724731
1403902350016790530,positive,1.1587648391723633,1.306778073310852,0.3408888578414917
1403902352944353282,neutral,1.8528921604156494,-0.36085227131843567,1.0103774070739746
1403902374826045445,positive,1.7586843967437744,2.840233564376831,-0.7296615839004517
1403902381516070915,neutral,1.9258924722671509,-0.6390045881271362,1.3840171098709106
1403902382694621184,negative,1.4314417839050293,-1.0483882427215576,2.3978030681610107
1403902385055952897,neutral,1.8175007104873657,1.4475734233856201,-0.0386732816696167
1403902399949987840,neutral,1.6102725267410278,0.5781273245811462,-0.5527843236923218
1403902408296570881,positive,1.3309271335601807,2.296128511428833,0.11096706986427307
1403902419772321795,neutral,1.049880027770996,-0.2917449474334717,0.5630333423614502
1403902419864588290,negative,0.8434742093086243,-0.057676903903484344,2.3530147075653076
1403902432665505796,neutral,0.4034385085105896,0.018704384565353394,0.3388139009475708
1403902436885082114,neutral,1.7153146266937256,-0.3220463991165161,1.3633795976638794
1403902440580128769,negative,1.2114617824554443,-1.2900835275650024,3.4688827991485596
1403902443193311237,neutral,1.5908076763153076,1.3231898546218872,0.37473297119140625
1403902446364209156,neutral,1.4152960777282715,1.152173399925232,0.540650486946106
1403902462818463749,negative,1.5152603387832642,-0.45775535702705383,1.8695255517959595
1403902465506889732,neutral,1.9061378240585327,1.432112455368042,-0.11041349917650223
1403902465754468353,positive,0.6027489304542542,5.431664943695068,-0.7923892140388489
1403902469898477568,neutral,1.655342698097229,-0.0987534299492836,0.42845261096954346
1403902474931499010,neutral,0.9503690004348755,0.019762247800827026,0.30898311734199524
1403902476219301890,neutral,1.8532692193984985,0.706446647644043,0.6674580574035645
1403902478035427328,neutral,2.290067434310913,-0.11279623955488205,0.6509624719619751
1403902480228880384,neutral,1.3057639598846436,-0.702909529209137,1.2540206909179688
1403902487711694852,negative,1.281632661819458,-0.5894185900688171,2.4181435108184814
1403902489099792388,negative,0.8895847201347351,0.06170179694890976,1.4556220769882202
1403902493625511936,negative,0.8895847201347351,0.06170179694890976,1.4556220769882202
1403902493663313920,negative,0.30949172377586365,0.37432703375816345,1.7387968301773071
1403902493973651458,neutral,1.9955296516418457,1.2351136207580566,0.7125740647315979
1403902498532958211,negative,1.298668622970581,-0.057836808264255524,1.5476632118225098
1403902504656572418,negative,1.6191051006317139,-0.9611464142799377,1.941595435142517
1403902507672211462,neutral,1.703413724899292,0.32835501432418823,0.40539905428886414
1403902509375115266,negative,0.8895847201347351,0.06170179694890976,1.4556220769882202
1403902512126627843,neutral,2.290067434310913,-0.11279623955488205,0.6509624719619751
1403902513036861444,neutral,2.6773452758789062,0.22431215643882751,0.04075778275728226
1403902517071814657,positive,1.254736065864563,1.344565749168396,0.22198966145515442
1403902517759578116,negative,1.4314417839050293,-1.0483882427215576,2.3978028297424316
1403902518229405696,positive,0.8561796545982361,1.0672651529312134,0.32184091210365295
1403902522176290822,negative,0.7055714726448059,-0.6770667433738708,2.8967885971069336
1403902522373382145,neutral,1.3152364492416382,0.06642501056194305,0.9753013253211975
1403902522834575361,negative,0.8895847201347351,0.06170179694890976,1.4556220769882202
1403902522838843393,negative,0.8895847201347351,0.06170179694890976,1.4556220769882202
1403902529541443586,neutral,1.6242828369140625,0.2746565043926239,0.6122063398361206
1403902533572120578,neutral,2.306295156478882,1.9954407215118408,-0.021417642012238503
1403902535971360769,negative,0.7434344291687012,0.398108571767807,1.7244398593902588
1403902536138985479,neutral,2.7227883338928223,1.7542170286178589,-0.7628082036972046
1403902560168259584,negative,0.8474804759025574,-0.9156971573829651,2.5056843757629395
1403902560185073665,negative,1.4368194341659546,-0.9568674564361572,1.9532389640808105
1403902563985018883,neutral,2.290067434310913,-0.11279623955488205,0.6509624719619751
1403902566258327557,negative,0.447934091091156,0.7996752262115479,1.116862416267395
1403902575888551939,neutral,1.3065775632858276,0.7379014492034912,0.1895376294851303
1403902582540713984,neutral,2.290067434310913,-0.11279623955488205,0.6509624719619751
1403902585925427212,negative,1.6191051006317139,-0.9611464142799377,1.941595435142517
1403902587653423110,positive,1.4890859127044678,1.4909136295318604,0.12325604259967804
1403902592233578499,negative,0.9934635758399963,0.12121663987636566,2.319157123565674
1403902592283987969,negative,1.3242332935333252,-0.6341779828071594,2.004242181777954
1403902593936527366,negative,1.1187421083450317,-0.910358190536499,2.3657031059265137
1403902613330960385,neutral,1.235351800918579,0.34485122561454773,0.5183811187744141
1403902614027317249,neutral,1.2035279273986816,0.20386187732219696,0.7117518186569214
1403902617764384768,positive,0.4154522716999054,1.5259839296340942,0.5811957716941833
1403902618838081540,neutral,2.240062713623047,0.5546470284461975,0.20807839930057526
1403902622818615296,positive,0.9175515174865723,3.241600751876831,-0.39945188164711
1403902625351884805,negative,1.4314417839050293,-1.0483882427215576,2.3978030681610107
1403902626509504513,neutral,1.4361134767532349,0.9741257429122925,0.5847207903862
1403902629156118530,negative,1.6191051006317139,-0.9611464142799377,1.941595435142517
1403902638547107844,neutral,1.8603776693344116,-0.6090413928031921,0.8661313652992249
1403902648512749569,negative,0.8434742093086243,-0.057676903903484344,2.3530147075653076
1403902655831937026,negative,1.6191051006317139,-0.9611464142799377,1.941595435142517
1403902656305840128,neutral,1.5701382160186768,-0.5163053274154663,1.2540229558944702
1403902661649391617,negative,1.2846382856369019,-0.9670268893241882,2.797842502593994
1403902663687688193,neutral,1.32725989818573,0.12401001155376434,0.8569405674934387
1403902666569310210,neutral,1.398053765296936,0.20704403519630432,0.6233384609222412
1403902668788146177,neutral,2.153968095779419,0.3253753185272217,0.9563398957252502
1403902671107526661,negative,1.6079429388046265,-0.990795910358429,1.9480571746826172
1403902675297525760,negative,0.8434742093086243,-0.057676903903484344,2.3530147075653076
1403902678007107586,neutral,2.8079628944396973,1.2286478281021118,-0.694217324256897
1403902679697534981,negative,0.7055714726448059,-0.6770667433738708,2.8967885971069336
1403902680850960384,negative,1.6012859344482422,-0.8710448741912842,1.806033968925476
1403902683304562689,neutral,1.7917834520339966,1.0439130067825317,-0.2781297564506531
1403902685401673731,negative,1.6079429388046265,-0.990795910358429,1.9480571746826172
1403902686760603648,positive,1.2641112804412842,2.3203680515289307,-0.17651426792144775
1403902687863705600,neutral,1.9705719947814941,0.4568772614002228,0.49334341287612915
1403902697539981316,neutral,1.3065775632858276,0.7379014492034912,0.1895376294851303
1403902701788819458,neutral,1.8285624980926514,0.11004531383514404,0.522068977355957
1403902705270018049,negative,0.8434742093086243,-0.057676903903484344,2.3530147075653076
1403902710521475072,neutral,1.412347674369812,-0.19683542847633362,1.358103632926941
1403902711385391107,neutral,1.6323257684707642,0.2996445596218109,0.6782379150390625
1403902713004388354,positive,0.14109233021736145,2.0152170658111572,-0.1757158786058426
1403902719480406019,negative,0.8856266140937805,-0.41171255707740784,1.799614667892456
1403902721418162181,negative,1.0582906007766724,-1.2944998741149902,3.5238890647888184
1403902723511181313,neutral,2.009523391723633,1.4164154529571533,-0.06781663000583649
1403902726870683649,negative,1.6079429388046265,-0.990795910358429,1.9480571746826172
1403902727722242049,neutral,1.4767388105392456,0.6876217722892761,1.388440489768982
1403902729420947462,neutral,1.3262090682983398,0.6516607999801636,0.34772390127182007
1403902734164795392,neutral,1.5371085405349731,-0.09462840110063553,0.8786596655845642
1403902736505004044,neutral,2.290067434310913,-0.11279623955488205,0.6509624719619751
1403902740418334725,negative,1.6384739875793457,-0.688704252243042,2.164421319961548
1403902741152473088,neutral,1.3974335193634033,0.4898560047149658,0.22956542670726776
1403902744596041738,neutral,2.290067434310913,-0.11279623955488205,0.6509624719619751
1403902747297017858,neutral,1.7421483993530273,0.9163215160369873,0.31481340527534485
1403902747867496448,neutral,1.2542537450790405,0.6510219573974609,0.45031341910362244
1403902748723224577,positive,1.7928895950317383,3.976900815963745,-1.3871557712554932
1403902751827021827,neutral,1.4152960777282715,1.152173399925232,0.540650486946106
1403902758135029761,neutral,2.127133846282959,-0.7658136487007141,1.3288072347640991
1403902763063418882,negative,1.1449627876281738,-1.0745177268981934,2.465075731277466
1403902764191604742,negative,1.0582906007766724,-1.2944998741149902,3.5238890647888184
1403902765403807748,positive,1.0025562047958374,1.3567731380462646,0.7213093042373657
1403902771259006983,neutral,1.3307005167007446,0.6826047897338867,0.14045071601867676
1403902783439310862,positive,1.1893779039382935,1.1967196464538574,0.11155052483081818
1403902795711873025,negative,1.4492188692092896,-1.0781540870666504,3.039498805999756
1403902796164780033,neutral,2.240062713623047,0.5546469688415527,0.20807842910289764
1403902796462583810,neutral,1.551862359046936,0.010962240397930145,0.6099567413330078
1403902810890981376,negative,0.47199079394340515,-0.9814162254333496,3.092172145843506
1403902812522700807,negative,0.7812936305999756,-0.5585695505142212,2.7742044925689697
1403902823687876614,neutral,1.985520601272583,-0.8832018971443176,1.8987683057785034
1403902824635940866,neutral,2.070312976837158,-0.45778676867485046,1.2582318782806396
1403902824988225542,positive,0.7737143635749817,1.338531494140625,0.49291256070137024
1403902825797718017,neutral,1.4152960777282715,1.152173399925232,0.5406503677368164
1403902830419795969,negative,1.1682517528533936,0.07320767641067505,1.2723761796951294
1403902831157985283,neutral,2.290067195892334,-0.11279628425836563,0.6509625315666199
1403902835389984775,negative,0.7740446329116821,0.4997369050979614,1.3258979320526123
1403902835599851520,positive,0.31874436140060425,2.5874526500701904,-0.3511645495891571
1403902838267432964,neutral,1.8098037242889404,0.05757805332541466,1.0990724563598633
1403902839080951808,neutral,2.3375797271728516,1.699171543121338,-1.1059883832931519
1403902843212374016,negative,1.6191051006317139,-0.9611464142799377,1.941595435142517
1403902845724729353,neutral,2.7227883338928223,1.7542170286178589,-0.7628082036972046
1403902846139912192,neutral,1.9705719947814941,0.4568772614002228,0.49334341287612915
1403902852683141126,positive,0.4824677109718323,2.3031013011932373,0.13009081780910492
1403902854360756225,neutral,2.070312976837158,-0.45778676867485046,1.2582318782806396
1403902863949013001,negative,0.8895847201347351,0.06170179694890976,1.4556220769882202
1403902865840746496,negative,0.8898130059242249,0.09878486394882202,1.3854237794876099
1403902870282326016,neutral,1.6227115392684937,-0.42666998505592346,1.144768476486206
1403902871486275585,neutral,1.9705719947814941,0.4568772614002228,0.49334341287612915
1403902874145460227,negative,1.0498343706130981,0.012135587632656097,1.218420386314392
1403902875001147392,neutral,2.039548397064209,0.8227896094322205,0.14784793555736542
1403902875974000641,negative,1.2912636995315552,-0.8398036956787109,2.1811373233795166
1403902876192174082,negative,0.7055714726448059,-0.6770667433738708,2.8967885971069336
1403902882760511488,negative,1.244818925857544,-0.2669953405857086,1.3030120134353638
1403902890431946752,neutral,1.4978933334350586,0.04121209681034088,1.1928794384002686
1403902897377718282,neutral,1.436376929283142,0.48607975244522095,0.7120711803436279
1403902898489237510,neutral,1.4873627424240112,1.1149406433105469,0.9006000757217407
1403902907406196739,neutral,1.9173369407653809,1.0183573961257935,-0.2675064504146576
1403902910644301826,negative,0.9809619188308716,-0.38657549023628235,1.7534228563308716
1403902921583046656,neutral,2.290067434310913,-0.11279623955488205,0.6509624719619751
1403902923373891587,positive,1.394895076751709,2.9754281044006348,-0.5550028681755066
1403902931175309312,neutral,1.7720292806625366,0.01465827226638794,0.44468986988067627
1403902939937136641,negative,1.2912636995315552,-0.8398036956787109,2.1811373233795166
1403902946174242824,neutral,1.7662910223007202,0.02253148704767227,0.7936902642250061
1403902947059064835,positive,1.1638880968093872,1.787235140800476,-0.44823864102363586
1403902948212674560,neutral,1.2617199420928955,1.054485559463501,0.1769971400499344
1403902952444555264,negative,0.8038508296012878,0.4526098072528839,1.7246448993682861
1403902953870688258,positive,0.6528663635253906,1.2915880680084229,0.3587760925292969
1403902961508663296,negative,0.7055714726448059,-0.6770667433738708,2.8967885971069336
1403902964192796674,negative,1.05736243724823,-0.31328004598617554,1.900460958480835
1403902964683530242,neutral,1.5277085304260254,0.4851546287536621,0.06309793144464493
1403902965748994049,positive,0.32995080947875977,0.6969912052154541,0.22685368359088898
1403902967871275012,negative,1.1997053623199463,-0.8639112114906311,2.305638074874878
1403902973109997571,neutral,2.2294440269470215,0.5378475189208984,0.20799948275089264
1403902980492038145,negative,1.6079429388046265,-0.990795910358429,1.9480571746826172
1403902991627808773,negative,1.671937108039856,-0.9459889531135559,2.2613182067871094
1403902995624906753,positive,0.6685562133789062,1.5272226333618164,0.6214637756347656
1403903002050768896,positive,1.319231629371643,2.459263801574707,-0.8253951668739319
1403903005179535365,neutral,2.290067434310913,-0.11279623955488205,0.6509624719619751
1403903015606657025,neutral,1.7388792037963867,1.2416877746582031,-0.1234171912074089
1403903016831434754,negative,1.0819092988967896,-0.17181485891342163,1.4042073488235474
1403903021151514626,negative,0.8694484829902649,-0.32806405425071716,1.850771427154541
1403903024544759814,neutral,2.0062389373779297,0.29550260305404663,-0.45614728331565857
1403903025605918720,positive,1.4327961206436157,1.9286415576934814,-0.08929584175348282
1403903026025271300,negative,1.099385142326355,-0.0404595211148262,1.5413641929626465
1403903027174690825,neutral,2.464816093444824,0.27656668424606323,0.8154113292694092
1403903029347176448,positive,0.5139903426170349,2.7876291275024414,0.5824253559112549
1403903036301348870,negative,0.5293897390365601,0.03269254043698311,1.6282992362976074
1403903036536213511,negative,1.4314417839050293,-1.0483882427215576,2.3978030681610107
1403903039056924674,negative,1.2472740411758423,-0.7544658184051514,2.465069532394409
1403903039715610628,neutral,2.0602519512176514,-0.8811589479446411,1.6232584714889526
1403903040411799554,negative,1.6191051006317139,-0.9611464142799377,1.941595435142517
1403903042861383684,neutral,1.7861318588256836,0.9929214119911194,0.22771607339382172
1403903046946545673,neutral,1.436376929283142,0.48607975244522095,0.7120711803436279
1403903047546322945,negative,1.1682517528533936,0.07320767641067505,1.2723761796951294
1403903052893937664,positive,1.4729394912719727,1.9460432529449463,-0.21430616080760956
1403903054617923597,neutral,1.5989161729812622,-0.4627303183078766,1.3656511306762695
1403903058606706696,negative,1.0250201225280762,-0.4143674075603485,1.8206318616867065
1403903066227806210,negative,1.5999760627746582,-1.0688109397888184,2.506622791290283
1403903066286350345,neutral,2.070312976837158,-0.45778676867485046,1.2582318782806396
1403903066319982598,neutral,1.6797394752502441,-0.39067351818084717,1.1190452575683594
1403903075874578437,negative,0.42556220293045044,-0.49035224318504333,2.6445367336273193
1403903075983806470,negative,1.6191051006317139,-0.9611464142799377,1.941595435142517
1403903076340178950,neutral,1.9229201078414917,-0.8940965533256531,1.5427340269088745
1403903078831583234,negative,0.7754091024398804,-0.15852999687194824,1.7143300771713257
1403903083600437248,negative,1.6191051006317139,-0.9611464142799377,1.941595435142517
1403903087987810309,positive,0.7830882668495178,4.779058456420898,-1.1915345191955566
1403903092542824452,negative,1.1682517528533936,0.07320767641067505,1.2723761796951294
1403903093423718400,neutral,1.4925074577331543,-0.5645747184753418,1.185836911201477
1403903095940141058,neutral,1.4513888359069824,0.21827960014343262,0.8807768225669861
1403903098343415816,neutral,1.6499576568603516,0.34419727325439453,0.7266433835029602
1403903101216559106,neutral,1.9180867671966553,0.23997154831886292,0.512604296207428
1403903118585122816,negative,1.1283416748046875,-0.6712846159934998,2.6603944301605225
1403903121579937798,positive,2.1386237144470215,2.3337113857269287,-0.8670845627784729
1403903129138073600,negative,1.1875678300857544,-1.1052806377410889,2.925154447555542
1403903131465838593,negative,1.136763095855713,0.5802533030509949,1.1495968103408813
1403903131587690501,neutral,2.290067434310913,-0.11279623955488205,0.6509624719619751
1403903131809988609,negative,0.47199079394340515,-0.9814162254333496,3.092172145843506
1403903134976647177,negative,1.1682517528533936,0.07320767641067505,1.2723761796951294
1403903135446355969,negative,0.5775514245033264,-0.1902870237827301,2.668182373046875
1403903150294175745,neutral,2.16229510307312,0.5838082432746887,0.2721374034881592
1403903160142368769,negative,1.6191051006317139,-0.9611464142799377,1.941595435142517
1403903167864180738,negative,0.4478047788143158,-0.2517574429512024,1.722123384475708
1403903175275384832,negative,1.3906747102737427,-1.1672067642211914,2.7972500324249268
1403903182984552450,positive,0.8060638904571533,0.8408414721488953,0.5508312582969666
1403903190312140803,neutral,2.142714738845825,0.13806000351905823,0.6056631207466125
1403903193692753923,negative,0.6047447323799133,-0.8538720011711121,2.8001439571380615
1403903194078535683,neutral,1.844739317893982,-0.9349223375320435,1.5809088945388794
1403903194246307845,negative,1.2144787311553955,-0.20996147394180298,1.671248435974121
1403903203125628930,negative,1.6191051006317139,-0.9611464142799377,1.941595435142517
1403903204140589057,neutral,1.9705719947814941,0.4568772614002228,0.49334341287612915
1403903204941721600,neutral,1.9705719947814941,0.4568772614002228,0.49334341287612915
1403903207756156930,neutral,1.310585618019104,-0.012191973626613617,1.1946697235107422
1403903208192348163,positive,2.575953483581543,3.516756772994995,-1.2548539638519287
1403903212663545857,negative,1.1682517528533936,0.07320767641067505,1.2723761796951294
1403903218074066944,neutral,1.4066630601882935,0.6270042061805725,-0.14823706448078156
1403903219663835137,negative,1.4314417839050293,-1.0483882427215576,2.3978030681610107
1403903221832298499,positive,0.7943750619888306,1.1088380813598633,-0.07872086763381958
1403903224701079552,negative,1.5218759775161743,-1.0490968227386475,2.2599050998687744
1403903232242446339,negative,1.2912636995315552,-0.8398036956787109,2.1811373233795166
1403903233525907457,positive,2.129213333129883,3.5776617527008057,-0.7784250378608704
1403903237841993730,negative,0.8434742093086243,-0.057676903903484344,2.3530147075653076
1403903240220119041,negative,1.1682517528533936,0.07320767641067505,1.2723761796951294
1403903240404553728,neutral,1.4978933334350586,0.04121209681034088,1.1928794384002686
1403903242417938440,negative,1.412295937538147,-0.9781336188316345,2.171928882598877
1403903248847810563,neutral,1.703413724899292,0.32835501432418823,0.40539905428886414
1403903249749532678,negative,1.0665552616119385,-0.7525933384895325,2.494345188140869
1403903254480654342,neutral,1.30747652053833,0.843622624874115,0.4945405125617981
1403903258264064000,neutral,1.6768075227737427,0.21262162923812866,0.6658859252929688
1403903263519412224,negative,1.6079429388046265,-0.990795910358429,1.9480571746826172
1403903264983175168,neutral,1.9680789709091187,-0.05422484129667282,1.2118910551071167
1403903266992316418,neutral,1.7291165590286255,0.6890774965286255,0.8302087187767029
1403903268049330186,neutral,1.7155979871749878,0.6161317825317383,0.7171759605407715
1403903269835984896,neutral,3.6238749027252197,3.25186824798584,-1.8709619045257568
1403903273971568646,neutral,1.6797394752502441,-0.39067351818084717,1.1190452575683594
1403903282423025666,neutral,1.6249256134033203,0.5901241898536682,-0.34842485189437866
1403903283429875714,negative,1.0582906007766724,-1.2944998741149902,3.5238890647888184
1403903286776848386,neutral,1.793678879737854,0.694625735282898,0.08366885781288147
1403903294381039617,neutral,3.6238749027252197,3.25186824798584,-1.8709619045257568
1403903296188919808,negative,1.002625584602356,0.07659482955932617,2.258824110031128
1403903298596392961,negative,1.3406522274017334,-0.0868993028998375,1.54012131690979
1403903300664242177,negative,0.9248279929161072,-0.713898777961731,2.536987543106079
1403903302899752960,positive,0.8561906814575195,1.9856935739517212,-0.41723009943962097
1403903308784357376,negative,0.8434742093086243,-0.057676903903484344,2.3530147075653076
1403903313540792322,negative,1.1682517528533936,0.07320767641067505,1.2723761796951294
1403903323741114370,negative,1.4314417839050293,-1.0483882427215576,2.3978030681610107
1403903328388517892,negative,0.7055714726448059,-0.6770667433738708,2.8967885971069336
1403903331110559744,negative,0.8434742093086243,-0.057676903903484344,2.3530147075653076
1403903332293431299,neutral,1.1085621118545532,0.632547914981842,0.793434739112854
1403903335791480832,neutral,1.8786700963974,0.4286653995513916,0.8235986828804016
1403903343349567496,neutral,1.8348660469055176,-0.4254589378833771,0.9993888139724731
1403903344691777536,neutral,1.1548881530761719,0.2538975477218628,0.17220871150493622
1403903347187499012,negative,1.4665855169296265,-0.9345611333847046,1.8970028162002563
1403903348206571524,negative,1.1682517528533936,0.07320767641067505,1.2723761796951294
1403903351004164096,negative,1.0582906007766724,-1.2944998741149902,3.5238890647888184
1403903352778469378,negative,1.4314417839050293,-1.0483882427215576,2.3978030681610107
1403903354397356032,neutral,2.290067434310913,-0.11279623955488205,0.6509624719619751
1403903354842013697,negative,0.8280097246170044,0.41986656188964844,1.6219475269317627
1403903356779864072,negative,1.3824647665023804,-1.249773383140564,3.2243707180023193
1403903361095659522,negative,1.6191051006317139,-0.9611464142799377,1.941595435142517
1403903363872342019,neutral,1.6934384107589722,0.9765047430992126,0.9254655241966248
1403903372495892480,neutral,2.290067434310913,-0.11279623955488205,0.6509624719619751
1403903374819532800,negative,1.6191051006317139,-0.9611462950706482,1.941595435142517
1403903381064851461,positive,1.1546497344970703,6.717353820800781,-1.330012559890747
1403903385095618562,negative,1.234927773475647,-0.20489919185638428,1.50859534740448
1403903387515592704,positive,1.321170449256897,3.336472511291504,-0.6601138710975647
1403903390522900480,negative,0.9798895716667175,-0.539335310459137,2.212860107421875
1403903400459255817,negative,0.7055714726448059,-0.6770667433738708,2.8967885971069336
1403903401419759619,negative,1.246688961982727,-0.41644296050071716,1.445391058921814
1403903401637859328,negative,0.6245014071464539,-0.5763162970542908,2.596776008605957
1403903403189620737,neutral,2.7439212799072266,1.4038652181625366,-0.6538170576095581
1403903404804435975,negative,1.0868679285049438,-0.6955550312995911,2.222107172012329
1403903417253310464,negative,0.8694483041763306,-0.32806411385536194,1.850771427154541
1403903418461134856,neutral,1.5038509368896484,0.6459003686904907,0.6234243512153625
1403903426568806410,positive,0.9648711681365967,1.7317367792129517,0.4746953248977661
1403903428485545984,negative,0.6554915308952332,-0.03970397263765335,1.6866791248321533
1403903431790653442,negative,1.6191051006317139,-0.9611464142799377,1.941595435142517
1403903438434545667,negative,1.1682517528533936,0.07320767641067505,1.2723761796951294
1403903439600381954,negative,1.6079429388046265,-0.990795910358429,1.9480571746826172
1403903440770699267,negative,0.5571032762527466,0.02766469493508339,1.732313871383667
1403903441773252610,negative,0.5882774591445923,-0.2723070979118347,1.447079062461853
1403903441848647680,negative,1.0582906007766724,-1.2944998741149902,3.5238890647888184
1403903443563995137,negative,1.2912636995315552,-0.8398036956787109,2.1811373233795166
1403903447020281859,neutral,1.7892104387283325,0.5680583119392395,0.023277513682842255
1403903447607300102,neutral,1.7158657312393188,-0.6739358901977539,0.9394458532333374
1403903450811797506,neutral,2.138718605041504,1.5453909635543823,-0.7450902462005615
1403903451734573056,neutral,1.3065775632858276,0.7379014492034912,0.1895376294851303
1403903451936038912,neutral,2.290067434310913,-0.11279623955488205,0.6509624719619751
1403903470864830465,neutral,2.290067434310913,-0.11279623955488205,0.6509624719619751
1403903473800794117,positive,0.24240420758724213,1.671855092048645,0.311628133058548
1403903475788902400,neutral,1.772313117980957,0.040001895278692245,1.3784509897232056
1403903476892147713,negative,1.072741985321045,-0.06198004633188248,1.278881311416626
1403903477236051969,neutral,1.9258925914764404,-0.6390045881271362,1.3840171098709106
1403903480692187143,neutral,1.556965708732605,-0.20564895868301392,1.0599935054779053
1403903481526722560,positive,1.9455435276031494,3.5263519287109375,-1.2355303764343262
1403903484131426310,negative,1.6881933212280273,-0.8734161853790283,1.972099781036377
1403903489227493378,neutral,1.3105854988098145,-0.01219208538532257,1.1946698427200317
1403903489529421826,negative,1.6079429388046265,-0.990795910358429,1.9480571746826172
1403903490724827138,neutral,1.6933293342590332,0.8839631080627441,0.16834628582000732
1403903492159414274,neutral,2.014878034591675,-0.5244317650794983,0.7272289991378784
1403903494403379202,negative,1.1682517528533936,0.07320767641067505,1.2723761796951294
1403903499079806979,negative,1.0678614377975464,0.29531577229499817,1.4288477897644043
1403903501139337219,negative,1.0582906007766724,-1.2944998741149902,3.5238890647888184
1403903502284472320,negative,0.804826021194458,0.6214268803596497,1.298240065574646
1403903503312076801,negative,1.4314416646957397,-1.048388123512268,2.3978028297424316
1403903504096321536,neutral,1.740784764289856,0.5990617275238037,0.6847907304763794
1403903505056899072,neutral,2.311995029449463,1.0893186330795288,-0.6555309295654297
1403903506709291010,neutral,3.6238749027252197,3.25186824798584,-1.8709619045257568
1403903509771194368,negative,1.038783073425293,-1.1159112453460693,3.2211620807647705
1403903509901332484,positive,1.1520823240280151,2.0081350803375244,0.566169261932373
1403903511398584320,neutral,1.7448794841766357,-0.6363257169723511,1.2620335817337036
1403903513952935937,neutral,1.6797394752502441,-0.39067351818084717,1.1190452575683594
1403903518063296519,neutral,1.8681570291519165,-0.16930165886878967,0.4243506193161011
1403903525004869633,neutral,1.6728956699371338,0.4518177807331085,0.8639442920684814
1403903527974412293,negative,0.7824305295944214,0.004596419632434845,1.328635573387146
1403903529941704705,negative,1.6079429388046265,-0.990795910358429,1.9480571746826172
1403903534404452352,negative,1.2712150812149048,-0.37625864148139954,1.9196659326553345
1403903535729635330,neutral,3.6238749027252197,3.25186824798584,-1.8709619045257568
1403903542256029696,neutral,1.7421483993530273,0.9163215160369873,0.31481340527534485
1403903542830665730,negative,1.6191051006317139,-0.9611464142799377,1.941595435142517
1403903544311181313,neutral,3.6238749027252197,3.25186824798584,-1.8709619045257568
1403903544990834688,neutral,1.4973305463790894,-0.14099904894828796,1.02849543094635
1403903550372130823,neutral,1.5555332899093628,0.9095345139503479,0.4061086177825928
1403903552276373517,neutral,1.9021092653274536,0.7105469107627869,0.41844308376312256
1403903558022434820,positive,1.0948688983917236,3.0316426753997803,-0.9536545276641846
1403903561096892418,negative,0.6370011568069458,-0.8697124123573303,2.840430974960327
1403903561206013953,neutral,1.5863456726074219,-0.4067283570766449,0.8998943567276001
1403903563286286336,negative,1.1682517528533936,0.07320767641067505,1.2723761796951294
1403903564922097668,negative,1.4314417839050293,-1.0483882427215576,2.3978030681610107
1403903570102026245,negative,1.3814241886138916,-1.0990008115768433,2.6053316593170166
1403903572018745344,negative,0.3006853461265564,0.8647521734237671,0.8686960339546204
1403903572404801540,neutral,2.397226572036743,2.0237693786621094,-0.17166508734226227
1403903574170648578,negative,1.6079429388046265,-0.990795910358429,1.9480571746826172
1403903574766141443,positive,0.9022879600524902,5.802118301391602,-1.1807087659835815
1403903575118417920,positive,0.6009059548377991,1.017106056213379,0.18663449585437775
1403903581015605254,neutral,2.311155080795288,0.28705620765686035,0.36305922269821167
1403903584178147329,neutral,1.985520601272583,-0.8832018971443176,1.8987683057785034
1403903591635722240,neutral,0.9113112092018127,0.8631945252418518,0.874593198299408
1403903596459028491,neutral,1.2582882642745972,-0.1016862615942955,1.2130632400512695
1403903596480040962,negative,1.6079429388046265,-0.990795910358429,1.9480571746826172
1403903596878610434,negative,0.7055714726448059,-0.6770667433738708,2.8967885971069336
1403903599554478084,negative,1.390543818473816,-0.7164539694786072,1.9887123107910156
1403903602196811779,negative,0.8898403644561768,-1.013998031616211,2.9727656841278076
1403903603044061189,positive,1.5081231594085693,2.175670623779297,-0.5273271203041077
1403903604185047041,neutral,2.290067434310913,-0.11279623955488205,0.6509624719619751
1403903615526313984,negative,1.6079429388046265,-0.990795910358429,1.9480571746826172
1403903617040478210,negative,1.1272835731506348,0.09945040941238403,1.8403890132904053
1403903619632664582,neutral,0.9466381072998047,-0.08586587756872177,0.727107048034668
1403903621100544004,neutral,1.2288302183151245,-0.196355402469635,1.1457040309906006
1403903628491042816,negative,0.2818451225757599,0.641506016254425,1.287436842918396
1403903629397012480,negative,1.0582906007766724,-1.2944998741149902,3.5238890647888184
1403903632098185217,negative,1.1682517528533936,0.07320768386125565,1.2723761796951294
1403903632295305221,neutral,1.6772775650024414,0.015012100338935852,0.7025371193885803
1403903633029206017,neutral,0.8787811398506165,0.36695125699043274,0.42179569602012634
1403903633171779584,negative,1.1002516746520996,-1.1363334655761719,3.253777027130127
1403903636565078019,negative,1.4314417839050293,-1.0483882427215576,2.3978030681610107
1403903641581408261,neutral,0.9492343068122864,0.6691074967384338,0.4131750762462616
1403903641694609409,negative,1.0023552179336548,0.07262659072875977,1.16326105594635
1403903643267452929,positive,1.0523680448532104,3.6503052711486816,-0.4861851930618286
1403903647113744393,negative,0.7568561434745789,0.5440426468849182,1.6777201890945435
1403903648351068170,negative,1.1682517528533936,0.07320767641067505,1.2723761796951294
1403903662540431364,neutral,2.039548397064209,0.8227896094322205,0.14784793555736542
1403903664268341252,negative,1.6191051006317139,-0.9611464142799377,1.941595435142517
1403903666814398471,negative,1.1682517528533936,0.07320767641067505,1.2723761796951294
1403903674284400640,negative,0.5043147206306458,-0.283841997385025,2.3835413455963135
1403903676855488512,negative,1.0057467222213745,0.06058076024055481,1.3844881057739258
1403903679124721665,negative,0.8694484829902649,-0.32806405425071716,1.850771427154541
1403903679195975685,neutral,2.2884740829467773,0.2759626805782318,0.5573325753211975
1403903687827673090,neutral,2.070312976837158,-0.45778676867485046,1.2582318782806396
1403903688251424768,neutral,1.24675452709198,0.6610739231109619,0.1947946548461914
1403903689857765381,negative,1.4492188692092896,-1.0781540870666504,3.039498805999756
1403903691216850947,negative,1.2325435876846313,-1.1851726770401,2.7825539112091064
1403903696786841601,negative,0.8434742093086243,-0.057676903903484344,2.3530147075653076
1403903697185292289,neutral,2.287262439727783,0.3462592661380768,0.21366676688194275
1403903699714547714,negative,0.9543447494506836,-1.0270750522613525,2.850186347961426
1403903703044661252,negative,1.3797833919525146,-1.0628377199172974,2.5778064727783203
1403903705834049540,neutral,2.290067434310913,-0.11279623955488205,0.6509624719619751
1403903707650068484,neutral,2.290067434310913,-0.11279623955488205,0.6509624719619751
1403903714004377604,neutral,1.918816328048706,-0.4340493381023407,0.8110278248786926
1403903727401013256,neutral,1.4713783264160156,-0.11140035837888718,1.40738844871521
1403903728453836800,negative,0.663548469543457,0.24240171909332275,1.3508403301239014
1403903735080787975,neutral,1.9705719947814941,0.4568772614002228,0.49334341287612915
1403903738084007945,negative,1.1682517528533936,0.07320767641067505,1.2723761796951294
1403903739547762690,negative,0.7055714726448059,-0.6770667433738708,2.8967885971069336
1403903742391373825,neutral,1.3188780546188354,0.46526750922203064,0.7560499310493469
1403903748498288642,neutral,2.2197866439819336,-0.6120337247848511,1.2465245723724365
1403903751023259651,neutral,1.3492481708526611,0.24420201778411865,0.5488013029098511
1403903752436785158,neutral,1.3583259582519531,0.11497954279184341,1.2725496292114258
1403903755935010816,neutral,2.290067434310913,-0.11279623955488205,0.6509624719619751
1403903756899655681,negative,1.6079429388046265,-0.990795910358429,1.9480571746826172
1403903757377708032,positive,1.3749710321426392,2.7035911083221436,-0.9057420492172241
1403903762750529536,negative,1.6079429388046265,-0.990795910358429,1.9480571746826172
1403903763581079552,neutral,1.703413724899292,0.32835501432418823,0.40539905428886414
1403903770111754240,neutral,1.5405412912368774,0.5101965069770813,0.7165567874908447
1403903771906822152,neutral,1.3876920938491821,1.1510568857192993,-0.18953979015350342
1403903772334698498,negative,1.2322144508361816,-1.000233769416809,2.143556833267212
1403903774054240256,neutral,1.2061378955841064,0.20222356915473938,0.8013332486152649
1403903780245082114,neutral,1.9705719947814941,0.4568772614002228,0.49334341287612915
1403903782963101703,neutral,2.4860942363739014,0.7872180342674255,0.4671441912651062
1403903784430931970,neutral,1.6173207759857178,-0.552655041217804,1.4150745868682861
1403903785131339776,negative,1.4051052331924438,-1.110021948814392,2.364170551300049
1403903786230427648,neutral,1.8175007104873657,1.4475734233856201,-0.0386732816696167
1403903787128008705,negative,0.5724946856498718,-0.1637662947177887,2.0285251140594482
1403903794455457792,negative,1.3122940063476562,-1.2296364307403564,3.247581958770752
1403903794686070793,negative,0.6299059987068176,-0.7228659987449646,2.9146928787231445
1403903795738857475,neutral,2.290067434310913,-0.11279623955488205,0.6509624719619751
1403903797404000257,neutral,1.3591086864471436,0.22848862409591675,1.2104090452194214
1403903798876254227,positive,1.076159119606018,3.788790464401245,-0.3688710927963257
1403903802936336386,neutral,1.692538857460022,0.7602670192718506,0.005919199436903
1403903805578788864,neutral,1.9552758932113647,0.6776645183563232,0.4514026641845703
1403903805779894272,positive,1.2623380422592163,2.274320602416992,-0.3273114860057831
1403903807843602434,negative,1.1682517528533936,0.07320767641067505,1.2723761796951294
1403903808992731140,neutral,1.4827914237976074,0.9945360422134399,-0.18365700542926788
1403903816890736646,negative,0.4719907343387604,-0.9814162254333496,3.0921716690063477
1403903832556544000,neutral,1.4152960777282715,1.152173399925232,0.540650486946106
1403903836754960386,negative,0.2315560281276703,-0.3776983320713043,2.437424898147583
1403903838503903236,neutral,2.408041000366211,2.3720507621765137,-0.6953230500221252
1403903840584224768,neutral,1.667954444885254,1.6057195663452148,-0.2640146017074585
1403903842949820417,neutral,1.6946567296981812,1.0541716814041138,-0.14011259377002716
1403903843700707332,negative,0.9244955778121948,-0.5081031322479248,1.7443909645080566
1403903847144189956,neutral,3.6238749027252197,3.25186824798584,-1.8709619045257568
1403903856552067075,neutral,2.070312976837158,-0.45778676867485046,1.2582318782806396
1403903859299213314,neutral,1.485587239265442,0.8105515241622925,-0.4926565885543823
1403903862520623104,positive,0.8160557150840759,1.3164278268814087,0.3636440336704254
1403903885417357316,negative,1.1682517528533936,0.07320767641067505,1.2723761796951294
1403903889636790272,neutral,2.290067434310913,-0.11279623955488205,0.6509624719619751
1403903891700334593,negative,1.3439762592315674,-0.825643002986908,2.082069158554077
1403903893831143427,neutral,1.7892104387283325,0.5680583119392395,0.023277513682842255
1403903895005499392,negative,1.0939934253692627,-0.6308702230453491,1.7127002477645874
1403903896263794688,neutral,2.290067434310913,-0.11279623955488205,0.6509624719619751
1403903896766992388,neutral,1.059550404548645,0.36726945638656616,0.97273188829422
1403903902215380992,neutral,1.8348660469055176,-0.4254589378833771,0.9993888139724731
1403903912172793857,neutral,1.9258925914764404,-0.6390045881271362,1.3840171098709106
1403903922138460168,negative,0.8434742093086243,-0.057676903903484344,2.3530147075653076
1403903926282317824,negative,0.47199079394340515,-0.9814161658287048,3.0921716690063477
1403903929440784384,negative,0.8181367516517639,0.24620157480239868,1.3708198070526123
1403903929717444610,neutral,1.4756503105163574,1.4253716468811035,0.13196991384029388
1403903932892520448,neutral,1.1790961027145386,0.40831443667411804,0.027710257098078728
1403903937326026752,neutral,1.985520601272583,-0.8832018971443176,1.8987683057785034
1403903943109906438,negative,1.4314417839050293,-1.0483882427215576,2.3978030681610107
1403903943147757570,negative,1.1682517528533936,0.07320767641067505,1.2723761796951294
1403903949854457858,neutral,1.544524073600769,-0.24241220951080322,0.43219879269599915
1403903956422627330,negative,0.7055714726448059,-0.6770667433738708,2.8967885971069336
1403903959442526208,negative,0.7843344211578369,-0.32876822352409363,2.934314489364624
1403903961283760131,negative,1.4314417839050293,-1.0483882427215576,2.3978030681610107
1403903961770258434,positive,1.625206470489502,3.8937911987304688,-0.8327654600143433
1403903964496732165,negative,1.1807738542556763,0.2595312297344208,1.468926191329956
1403903964580569092,neutral,1.5745000839233398,1.2749649286270142,0.06354987621307373
1403903968976248836,neutral,2.7227883338928223,1.7542170286178589,-0.7628082036972046
1403903969563402241,neutral,1.5799894332885742,1.2582987546920776,0.07871198654174805
1403903969672327173,neutral,2.290067195892334,-0.11279631406068802,0.6509625911712646
1403903971467608072,negative,0.7720592021942139,-0.8638585805892944,2.568336248397827
1403903974567297026,negative,1.1682517528533936,0.07320767641067505,1.2723761796951294
1403903976249118720,neutral,2.290067434310913,-0.11279623955488205,0.6509624719619751
1403903979919130628,neutral,1.8070541620254517,0.31025972962379456,0.3796249330043793
1403903986802073601,neutral,1.8912746906280518,0.7991534471511841,0.24695688486099243
1403903986940342274,positive,3.0472347736358643,3.920201063156128,-1.5740262269973755
1403903988408492036,neutral,1.9705719947814941,0.4568772614002228,0.49334341287612915
1403903988957843456,neutral,1.8680170774459839,0.8035023808479309,-0.45776644349098206
1403903989981212677,neutral,2.070312976837158,-0.45778676867485046,1.2582318782806396
1403903990253772806,negative,0.3687862455844879,-0.8232364058494568,3.076704263687134
1403903992296624128,neutral,2.290067434310913,-0.11279623955488205,0.6509624719619751
1403903995643564034,negative,1.1214308738708496,-1.3541146516799927,3.4315543174743652
1403903996381835265,neutral,1.4489126205444336,-0.055024050176143646,0.6083726286888123
1403903997866647553,negative,1.2676026821136475,-0.7824059128761292,1.6739462614059448
1403903998843777027,negative,1.2912636995315552,-0.8398036956787109,2.1811373233795166
1403903999049338880,neutral,2.3124756813049316,1.2521510124206543,-0.32501426339149475
1403904003524677633,negative,0.7055714726448059,-0.6770667433738708,2.8967885971069336
1403904007278514176,positive,0.37044477462768555,3.541491746902466,-0.25180384516716003
1403904012768792577,negative,0.7391647100448608,0.21838313341140747,1.5048967599868774
1403904014966788099,neutral,1.2767080068588257,0.26264819502830505,1.1461803913116455
1403904019131682819,neutral,1.0579607486724854,0.048365309834480286,0.525149405002594
1403904022789201929,neutral,2.464816093444824,0.27656668424606323,0.8154113292694092
1403904027956453377,neutral,1.2977699041366577,-0.11228916794061661,1.1697614192962646
1403904035246256129,negative,0.567113995552063,0.19973427057266235,1.5615121126174927
1403904037154701314,neutral,1.2381508350372314,0.3365619480609894,0.7834323048591614
1403904044536459265,positive,0.5956991314888,1.4093952178955078,-0.25707221031188965
1403904048223469571,negative,0.8856266140937805,-0.41171255707740784,1.799614667892456
1403904055634653188,neutral,1.2266327142715454,0.25379613041877747,0.6621274352073669
1403904056813309953,positive,1.8400555849075317,3.4699809551239014,-1.2300485372543335
1403904061657714691,neutral,1.7448796033859253,-0.6363257765769958,1.2620335817337036
1403904066657259531,neutral,1.3535521030426025,0.7018978595733643,0.7066947221755981
1403904068695695360,negative,0.8895847201347351,0.06170179694890976,1.4556220769882202
1403904070813900801,positive,1.0937188863754272,3.04805850982666,-0.37124374508857727
1403904079907201025,negative,0.9120460748672485,-0.4499256908893585,2.215439558029175
1403904080641073155,negative,0.19784455001354218,-0.7994425296783447,2.6981799602508545
1403904089071644679,negative,1.367457389831543,-1.033828616142273,2.968075752258301
1403904103433097217,neutral,2.3426427841186523,1.56346595287323,-0.2875077426433563
1403904104888418305,negative,1.1682517528533936,0.07320767641067505,1.2723761796951294
1403904112027082754,neutral,1.4733092784881592,-0.7437945008277893,1.4542073011398315
1403904113927196674,negative,0.8536471128463745,0.3115070164203644,0.9411826729774475
1403904114036133892,neutral,1.2850812673568726,-0.25951439142227173,0.7500836253166199
1403904114325540868,neutral,1.5423940420150757,0.7750535011291504,-0.33175721764564514
1403904140493963266,negative,1.1682517528533936,0.07320767641067505,1.2723761796951294
1403904145984299017,negative,1.3568319082260132,-1.0549975633621216,2.478855848312378
1403904149490737152,negative,0.47199079394340515,-0.9814162254333496,3.092172145843506
1403904153441689601,negative,0.7055714726448059,-0.6770667433738708,2.8967885971069336
1403904154205097992,negative,1.1682517528533936,0.07320767641067505,1.2723761796951294
1403904156281233408,neutral,1.8111414909362793,0.8392400741577148,0.10129139572381973
1403904156935487492,neutral,1.7190544605255127,1.308683156967163,-0.32114022970199585
1403904157245792256,positive,1.2623380422592163,2.274320602416992,-0.3273114860057831
1403904159007444997,negative,0.909521222114563,0.060029201209545135,1.1410666704177856
1403904164493611008,neutral,1.1790961027145386,0.40831443667411804,0.027710257098078728
1403904166225977345,neutral,2.7227883338928223,1.7542170286178589,-0.7628082036972046
1403904173196943360,neutral,1.1887975931167603,0.26627883315086365,-0.03954590857028961
1403904174882971654,neutral,2.2044143676757812,0.49113959074020386,-0.09795188158750534
1403904175621169153,negative,0.8457455635070801,0.35485732555389404,0.9761424660682678
1403904182403407874,neutral,1.2918909788131714,0.6174755096435547,0.34107741713523865
1403904185217605637,neutral,1.203909158706665,0.6476545333862305,0.19213679432868958
1403904201390837761,negative,0.6858008503913879,-0.11145231872797012,1.765536904335022
1403904201781125122,negative,0.7211481928825378,0.039331864565610886,2.3228204250335693
1403904209204899848,negative,0.8626704812049866,0.4551696181297302,0.8695440292358398
1403904209213349889,neutral,1.3065775632858276,0.7379014492034912,0.1895376294851303
1403904213030166528,positive,2.175316572189331,6.6799726486206055,-2.132007598876953
1403904213235630081,neutral,0.9756531715393066,-0.11149207502603531,0.5744836926460266
1403904214414229508,neutral,1.212084174156189,0.37414172291755676,0.9307271838188171
1403904215307587584,positive,1.4645864963531494,2.067511558532715,-0.6213968992233276
1403904217140666375,neutral,1.3105854988098145,-0.01219208538532257,1.1946698427200317
1403904220584099840,negative,1.2036693096160889,-1.2472232580184937,3.4189066886901855
1403904231715835905,positive,1.6453192234039307,1.960018277168274,-0.28214550018310547
1403904236321230853,negative,1.4314417839050293,-1.0483880043029785,2.3978030681610107
1403904243120021508,negative,0.7055714726448059,-0.6770667433738708,2.8967885971069336
1403904247205220355,neutral,2.6852707862854004,0.95522141456604,-0.623258113861084
1403904255958859778,negative,1.0582904815673828,-1.2944999933242798,3.5238890647888184
1403904260006350849,negative,0.7055714130401611,-0.6770668029785156,2.8967885971069336
1403905091107762177,negative,1.2322144508361816,-1.000233769416809,2.143556833267212
1403905094320492545,neutral,1.8028696775436401,1.2116364240646362,0.3755491077899933
1403905113161228290,negative,0.7055714726448059,-0.6770667433738708,2.8967885971069336
1403905118504902660,negative,1.3564716577529907,-0.5146985054016113,1.4385042190551758
1403905118848708611,neutral,1.9705719947814941,0.4568772614002228,0.49334341287612915
1403905122007076870,neutral,1.8335754871368408,0.3166179060935974,0.2996601164340973
1403905122443436034,neutral,2.290067434310913,-0.11279628425836563,0.6509625315666199
1403905122845986821,neutral,3.3773179054260254,2.8716578483581543,-1.3752902746200562
1403905129506504709,negative,0.588413655757904,0.3630140721797943,0.9699356555938721
1403905131087867908,neutral,1.864206314086914,0.5469507575035095,-0.09573256224393845
1403905143104360448,positive,2.129213333129883,3.5776617527008057,-0.7784250974655151
1403905148317958147,negative,1.607942819595337,-0.9907958507537842,1.9480571746826172
1403905149257592839,negative,1.4314416646957397,-1.048387885093689,2.3978025913238525
1403905154236174336,neutral,2.285130262374878,-0.29503822326660156,0.7437025308609009
1403905154722631680,positive,0.5747031569480896,1.0354841947555542,0.9282681941986084
1403905155892858880,neutral,1.0880498886108398,0.34165117144584656,0.03639776632189751
1403905156593430528,neutral,2.7055163383483887,-0.4566885530948639,0.4051303565502167
1403905164793184266,negative,1.3679441213607788,-0.9850119948387146,2.2417333126068115
1403905165674090499,negative,0.7055714726448059,-0.6770668625831604,2.8967883586883545
1403905165736878085,neutral,1.796837568283081,1.2602006196975708,0.27327364683151245
1403905165783035905,negative,1.2912635803222656,-0.8398036956787109,2.1811373233795166
1403905172472881154,positive,0.654657781124115,1.219848871231079,0.3679455518722534
1403905172817039360,neutral,2.169740676879883,0.735658586025238,0.36894360184669495
1403905174960181256,negative,1.3955148458480835,-0.4743797481060028,1.5825495719909668
1403905177464180737,negative,0.7055714726448059,-0.6770668625831604,2.8967883586883545
1403905181905997824,negative,1.4937251806259155,-0.5778605341911316,2.300048589706421
1403905183180939271,neutral,1.968078851699829,-0.05422482639551163,1.2118910551071167
1403905184451862528,neutral,2.0703132152557373,-0.45778682827949524,1.25823175907135
1403905185622245378,neutral,1.2918909788131714,0.6174755096435547,0.3410774767398834
1403905186377072644,neutral,2.655632734298706,0.965117335319519,-0.586834728717804
1403905186767282176,positive,1.1839098930358887,3.6600730419158936,-0.894162118434906
1403905191208910854,neutral,1.139569640159607,0.5352334976196289,0.6549240350723267
1403905191498305536,negative,1.2266614437103271,-0.16644036769866943,1.6482274532318115
1403905201141129222,negative,0.7055714726448059,-0.6770668625831604,2.8967883586883545
1403905204978741251,neutral,1.920492172241211,1.4999243021011353,-0.8358007669448853
1403905205150703621,positive,1.9967856407165527,2.83444881439209,-0.9456186294555664
1403905206191067142,neutral,2.290067434310913,-0.11279628425836563,0.6509625315666199
1403905206446813187,positive,0.4364015758037567,1.172563910484314,0.6830694675445557
1403905207722024965,neutral,3.2016029357910156,2.6820011138916016,-1.460318684577942
1403905212977451009,negative,0.6879466772079468,-0.05016680806875229,1.4153132438659668
1403905215569477633,negative,0.47199082374572754,-0.9814162254333496,3.0921716690063477
1403905216475435009,neutral,2.290067434310913,-0.11279628425836563,0.6509625315666199
1403905217276481541,negative,0.6072126030921936,0.11522838473320007,1.881123661994934
1403905217972768770,neutral,1.9239603281021118,0.8521581292152405,0.08820921927690506
1403905220178890754,negative,1.1283416748046875,-0.6712846159934998,2.6603944301605225
1403905222267838464,positive,1.2185089588165283,1.495613932609558,-0.30542296171188354
1403905222729142276,neutral,1.985520601272583,-0.8832018971443176,1.898768424987793
1403905223802855437,negative,1.0263190269470215,-0.49385491013526917,2.4510655403137207
1403905225375760392,neutral,1.1490514278411865,0.5562298893928528,0.48583969473838806
1403905227330244613,neutral,2.040133476257324,0.023857899010181427,0.5192868709564209
1403905228576071680,negative,1.2169383764266968,-1.240067720413208,3.325514554977417
1403905231247740929,neutral,2.290067434310913,-0.11279628425836563,0.6509625315666199
1403905232489287683,neutral,2.7227883338928223,1.7542173862457275,-0.7628081440925598
1403905235681165315,negative,1.0582904815673828,-1.2944998741149902,3.5238888263702393
1403905237857947648,negative,0.47199082374572754,-0.9814162254333496,3.0921716690063477
1403905240198529025,neutral,1.5892245769500732,0.5252673625946045,0.24179010093212128
1403905247760633857,neutral,2.0157458782196045,0.18114754557609558,0.3968232274055481
1403905251749597187,neutral,2.290067434310913,-0.11279628425836563,0.6509625315666199
1403905252076707844,neutral,1.4560046195983887,0.07657625526189804,0.6692977547645569
1403905255616573445,neutral,1.529246211051941,1.3123759031295776,0.2634088397026062
1403905261299847170,neutral,2.073483943939209,1.1071362495422363,-0.12632986903190613
1403905264491839490,neutral,1.4152960777282715,1.1521732807159424,0.5406505465507507
1403905265359998986,neutral,2.0758774280548096,0.7095852494239807,0.25093770027160645
1403905267113267205,negative,1.5253061056137085,0.7451832294464111,1.667984962463379
1403905273794752516,neutral,3.3773179054260254,2.8716578483581543,-1.3752902746200562
1403905276525244420,neutral,1.9705721139907837,0.4568772614002228,0.49334338307380676
1403905277024509958,neutral,1.3757963180541992,-0.2902868390083313,0.8409557342529297
1403905277108404224,neutral,1.083364486694336,1.076304316520691,0.705480694770813
1403905283735408646,neutral,1.35493803024292,0.6024273037910461,-0.4335939884185791
1403905287128498189,negative,0.7055714726448059,-0.6770668625831604,2.8967883586883545
1403905287820566528,neutral,1.415295958518982,1.1521732807159424,0.540650486946106
1403905290450259969,neutral,2.240062713623047,0.5546469688415527,0.20807839930057526
1403905291956088839,negative,1.110066533088684,-0.321537047624588,2.3986074924468994
1403905292312604681,neutral,2.0703132152557373,-0.45778682827949524,1.25823175907135
1403905292660846594,negative,1.0582904815673828,-1.2944998741149902,3.5238888263702393
1403905293885624321,neutral,2.212705373764038,1.341745138168335,-0.3678985834121704
1403905294501961734,negative,1.4314416646957397,-1.048388123512268,2.3978028297424316
1403905316098555911,neutral,2.290067434310913,-0.11279628425836563,0.6509625315666199
1403905316450881538,positive,1.0955930948257446,3.0808515548706055,-0.6235223412513733
1403905320309698562,neutral,1.7892104387283325,0.5680583119392395,0.023277491331100464
1403905322096357377,negative,1.2144787311553955,-0.20996153354644775,1.671248435974121
1403905323136651270,negative,1.4211821556091309,-0.9032194018363953,2.25787615776062
1403905331780931584,negative,1.8099886178970337,-1.1641833782196045,2.513820171356201
1403905332880068612,negative,1.0727782249450684,-1.2365599870681763,3.2883377075195312
1403905332976308230,positive,1.3948951959609985,2.9754281044006348,-0.5550028681755066
1403905334146633729,positive,0.9699978828430176,1.7381254434585571,0.19746525585651398
1403905334368890881,negative,0.9471006393432617,0.6028370261192322,1.3033498525619507
1403905339280433156,negative,0.4364348351955414,0.822704017162323,1.036489725112915
1403905340643627010,neutral,2.290067434310913,-0.11279628425836563,0.6509625315666199
1403905343063658506,negative,1.2912635803222656,-0.8398036956787109,2.1811373233795166
1403905349137190912,neutral,1.985520601272583,-0.8832018971443176,1.898768424987793
1403905360432410624,negative,0.7563186287879944,0.5462976098060608,0.8583911061286926
1403905362936446984,negative,1.1283416748046875,-0.6712846159934998,2.6603944301605225
1403905366623240195,negative,1.6191051006317139,-0.9611462950706482,1.941595435142517
1403905368804179971,negative,0.7905678749084473,-0.5118066072463989,2.3234288692474365
1403905369559216131,negative,1.1187421083450317,-0.9103581309318542,2.3657033443450928
1403905375707942913,negative,1.4975839853286743,-0.7119786143302917,1.9014662504196167
1403905379965177865,negative,1.503689169883728,-0.8730363845825195,2.097874402999878
1403905382309941248,negative,1.1079236268997192,-0.5386301875114441,1.7223842144012451
1403905387284271105,neutral,1.8915060758590698,0.7675778865814209,0.21844030916690826
1403905389020712967,negative,1.3561762571334839,-0.3203214406967163,1.6644971370697021
1403905393160564741,neutral,2.6434454917907715,2.588599920272827,-0.9845149517059326
1403905402220199941,negative,1.607942819595337,-0.9907958507537842,1.9480571746826172
1403905410612989952,neutral,1.1477876901626587,1.0998940467834473,0.5625476241111755
1403905425469153288,positive,1.485398530960083,2.325608015060425,-0.8950924873352051
1403905428375941121,negative,0.47199082374572754,-0.9814162254333496,3.0921716690063477
1403905441319448585,positive,2.4417896270751953,2.5671396255493164,-0.3961995840072632
1403905444893151233,negative,1.6191051006317139,-0.9611462950706482,1.941595435142517
1403905447980044289,negative,1.6191051006317139,-0.9611462950706482,1.9415953159332275
1403905451494936576,positive,0.23777243494987488,0.9852230548858643,0.7769224643707275
1403905454464454660,negative,1.0321540832519531,-0.07125253230333328,1.410107135772705
1403905462601388034,negative,1.41029953956604,-1.0099763870239258,2.765801429748535
1403905469102530562,neutral,1.7892104387283325,0.5680583119392395,0.023277491331100464
1403905476631306241,positive,0.5311077833175659,3.0016555786132812,-0.4210835099220276
1403905476933263365,negative,1.6191051006317139,-0.9611462950706482,1.941595435142517
1403905480842481666,negative,1.1187421083450317,-0.9103581309318542,2.3657033443450928
1403905487989624835,negative,0.7055714726448059,-0.6770668625831604,2.8967883586883545
1403905490380148736,neutral,1.2757220268249512,1.083060622215271,0.4419548511505127
1403905492385157120,negative,0.30709969997406006,-0.15961375832557678,1.6221829652786255
1403905497133060098,negative,1.3561762571334839,-0.3203214406967163,1.6644971370697021
1403905497221189634,neutral,1.3642354011535645,1.2568936347961426,0.05828840285539627
1403905501537128450,neutral,1.0825128555297852,0.6070513129234314,0.8561270236968994
1403905504666165250,neutral,1.985520601272583,-0.8832018971443176,1.898768424987793
1403905508159930370,negative,1.1682517528533936,0.07320769131183624,1.2723761796951294
1403905508965195780,negative,1.2322708368301392,0.23573920130729675,1.6964962482452393
1403905511691489282,neutral,2.0703132152557373,-0.45778682827949524,1.25823175907135
1403905516015923200,negative,1.607942819595337,-0.9907958507537842,1.9480571746826172
1403905521892089859,positive,1.781958818435669,7.14119291305542,-2.0189924240112305
1403905528321937409,neutral,1.2977700233459473,-0.11228916794061661,1.1697614192962646
1403905529110417408,negative,1.5036892890930176,-0.8730363249778748,2.097874402999878
1403905537264259074,neutral,1.8797194957733154,0.07353797554969788,0.7502173185348511
1403905538690277382,negative,0.7976574897766113,-1.4737424850463867,4.3659892082214355
1403905539269136386,negative,0.9837608337402344,-0.18609309196472168,2.0088555812835693
1403905543908085761,positive,0.4635879695415497,3.8991055488586426,-0.4318694472312927
1403905554439819267,positive,0.7201137542724609,0.9826292395591736,0.2750551998615265
1403905559389114379,neutral,1.4152960777282715,1.1521732807159424,0.5406505465507507
1403905560035037185,neutral,1.4825878143310547,0.47764426469802856,0.1604921519756317
1403905560202792963,neutral,1.6745542287826538,0.34745943546295166,-0.10440995544195175
1403905561805176839,neutral,1.9778876304626465,0.08403070271015167,0.30308768153190613
1403905563260428294,negative,1.0582904815673828,-1.2944998741149902,3.5238888263702393
1403905568054693890,negative,1.1682517528533936,0.07320769131183624,1.2723761796951294
1403905576548147201,neutral,1.5651235580444336,-0.24850395321846008,1.3423100709915161
1403905584114528257,neutral,2.290067434310913,-0.11279625445604324,0.6509624719619751
1403905592209649664,neutral,2.175229549407959,0.16925866901874542,0.5847823619842529
1403905609192427527,negative,0.7055714726448059,-0.6770668625831604,2.8967883586883545
1403905611759341570,negative,1.1682517528533936,0.07320769131183624,1.2723761796951294
1403905618843369472,neutral,1.9705721139907837,0.4568772614002228,0.49334338307380676
1403905631241728000,negative,1.2912635803222656,-0.8398036956787109,2.1811373233795166
1403905633204637704,negative,0.47199082374572754,-0.9814162254333496,3.0921716690063477
1403905634538463233,negative,0.7055714726448059,-0.6770667433738708,2.8967885971069336
1403905642155319296,neutral,1.875190258026123,-0.011274635791778564,1.3099008798599243
1403905643375902721,positive,1.0568965673446655,1.2747201919555664,0.6307265758514404
1403905648568328197,neutral,2.2127933502197266,2.0858519077301025,-0.42241185903549194
1403905649075920898,negative,0.8694484233856201,-0.32806405425071716,1.850771427154541
1403905652649390083,positive,0.9917711019515991,1.3970392942428589,0.19154630601406097
1403905654947938307,negative,1.1682517528533936,0.07320769131183624,1.2723761796951294
1403905658173411329,positive,1.3630112409591675,4.147481918334961,-0.9822444915771484
1403905658970329089,negative,0.7055714726448059,-0.6770668625831604,2.8967883586883545
1403905662669639680,positive,1.168588638305664,1.5029431581497192,0.18925000727176666
1403905666960461826,positive,1.3824516534805298,1.4775466918945312,0.11087419837713242
1403905671897157637,neutral,1.5701382160186768,-0.5163054466247559,1.2540231943130493
1403905673042165761,neutral,1.6148247718811035,1.2519993782043457,0.3724555969238281
1403905682659692546,neutral,1.703413724899292,0.3283551037311554,0.40539905428886414
1403905684035440644,neutral,2.5327625274658203,1.1441911458969116,0.528162956237793
1403905691178438658,neutral,1.3256078958511353,0.05513188987970352,0.73518306016922
1403905692843581441,neutral,1.4130725860595703,0.271234393119812,0.48099032044410706
1403905696937168896,positive,1.0816842317581177,1.7702593803405762,0.7360266447067261
1403905698237386752,negative,0.9354100227355957,-0.25406068563461304,2.250927448272705
1403905702515535874,negative,1.2912635803222656,-0.8398036956787109,2.1811373233795166
1403905702838640640,neutral,1.401524543762207,0.36788228154182434,0.27369633316993713
1403905710249766912,neutral,2.290067434310913,-0.11279628425836563,0.6509625315666199
1403905711956893703,neutral,1.4282845258712769,0.5018666982650757,0.9073938131332397
1403905715576659972,negative,0.8434741497039795,-0.05767688900232315,2.3530147075653076
1403905722283216897,negative,0.7937545776367188,-0.0985611155629158,2.4366493225097656
1403905723168288769,negative,0.7055714726448059,-0.6770668625831604,2.8967883586883545
1403905724137213952,neutral,1.7108948230743408,-0.09891744703054428,0.46639958024024963
1403905724292505602,neutral,2.2171926498413086,0.030835039913654327,0.7684295177459717
1403905724296491011,neutral,1.8111413717269897,0.8392402529716492,0.10129137337207794
1403905724703383552,negative,1.1682517528533936,0.07320769131183624,1.2723761796951294
1403905731024326656,neutral,2.290067434310913,-0.11279628425836563,0.6509625315666199
1403905734077788163,negative,1.4046434164047241,-0.9969136118888855,2.0764756202697754
1403905736590114816,negative,0.8434742093086243,-0.057676903903484344,2.3530147075653076
1403905738205024258,negative,0.42241671681404114,0.6272504925727844,1.1671502590179443
1403905739198853125,positive,1.857171893119812,1.9423435926437378,0.41370633244514465
1403905749160452100,negative,0.49233055114746094,-0.44379857182502747,1.782820224761963
1403905752574705664,neutral,1.8797194957733154,0.07353797554969788,0.7502173185348511
1403905755695050757,neutral,1.5983028411865234,-0.3281853199005127,0.8710127472877502
1403905757603667976,neutral,2.653223991394043,-0.24498340487480164,0.5566433668136597
1403905759511973890,neutral,2.290067434310913,-0.11279628425836563,0.6509625315666199
1403905760124362760,neutral,1.3068184852600098,1.169334888458252,0.5187246799468994
1403905760187330561,neutral,2.87680983543396,0.3753504753112793,-0.05837670713663101
1403905764377432064,neutral,2.7227883338928223,1.7542173862457275,-0.7628081440925598
1403905764637478915,neutral,2.467729330062866,0.9107169508934021,-0.09424420446157455
1403905769628708866,negative,0.9922163486480713,-0.15203869342803955,1.2307533025741577
1403905773558800389,neutral,1.4913686513900757,-0.20112234354019165,1.1740351915359497
1403905776712929280,neutral,0.7407053112983704,0.031003102660179138,0.1580601930618286
1403905782886903809,neutral,1.428791880607605,0.23322713375091553,0.9227275252342224
1403905785852203011,neutral,1.740784764289856,0.5990617871284485,0.6847907304763794
1403905786674171913,negative,0.20931409299373627,0.2564896047115326,1.360517978668213
1403905790839341058,neutral,2.4461095333099365,1.025202989578247,-0.0544295459985733
1403905796501610496,neutral,1.7676806449890137,1.304132342338562,0.7645127177238464
1403905806643482625,negative,1.0344758033752441,0.8528885245323181,1.286706566810608
1403905811282280449,positive,2.2487754821777344,3.2070424556732178,-0.5691472291946411
1403905814482460679,negative,1.2912635803222656,-0.8398036956787109,2.1811373233795166
1403905816034373634,neutral,1.427794098854065,1.2961366176605225,-0.2772800028324127
1403905820744728578,negative,1.2912635803222656,-0.8398036956787109,2.1811373233795166
1403905832539013124,neutral,1.2542537450790405,0.6510219573974609,0.45031335949897766
1403905834375991300,positive,2.129213333129883,3.5776617527008057,-0.7784250974655151
1403905839539404800,neutral,1.7992182970046997,0.227842777967453,0.44904136657714844
1403905844824231936,negative,1.4314416646957397,-1.048387885093689,2.3978025913238525
1403905844949909504,neutral,2.290067434310913,-0.11279628425836563,0.6509625315666199
1403905845621145601,negative,1.607942819595337,-0.9907958507537842,1.9480571746826172
1403905847063891970,negative,1.2387138605117798,-0.20442259311676025,1.685546636581421
1403905848309596162,negative,1.3568320274353027,-1.0549975633621216,2.478855848312378
1403905854244634625,neutral,2.040133476257324,0.023857899010181427,0.5192868709564209
1403905854668099584,positive,1.699326753616333,2.541684150695801,-0.17188724875450134
1403905861429379077,negative,1.1682517528533936,0.07320769131183624,1.2723761796951294
1403905866835791875,neutral,1.9061375856399536,1.4321123361587524,-0.11041358858346939
1403905868631089153,neutral,1.4592982530593872,0.7778411507606506,0.7737703323364258
1403905883176947716,neutral,2.212333917617798,-0.10150831192731857,0.8000880479812622
1403905888323211264,neutral,1.703413724899292,0.3283551037311554,0.40539905428886414
1403905898922184705,positive,1.0079994201660156,1.8623859882354736,-0.1600770205259323
1403905901304631296,negative,1.1113802194595337,-0.3123224675655365,1.6138473749160767
1403905902177099776,negative,0.9195963144302368,-0.13107216358184814,1.677289605140686
1403905913291956227,neutral,1.7223912477493286,-0.3848484456539154,1.7151310443878174
1403905918824333318,neutral,1.1853868961334229,0.6798085570335388,1.0313409566879272
1403905920707416066,positive,1.3586785793304443,1.7405176162719727,-0.38170886039733887
1403905927288340483,neutral,1.3179768323898315,0.23477771878242493,0.8773139715194702
1403905929632944131,positive,0.6766140460968018,1.6837066411972046,0.4235921800136566
1403905931096756228,negative,0.8434742093086243,-0.057676903903484344,2.3530147075653076
1403905933110124544,negative,0.7055714726448059,-0.6770668625831604,2.8967883586883545
1403905944166219777,negative,1.3568320274353027,-1.0549975633621216,2.478855848312378
1403905948167675906,negative,1.2074437141418457,-1.27625572681427,3.278705596923828
1403905952831606786,negative,1.1682517528533936,0.07320769131183624,1.2723761796951294
1403905956086431745,negative,1.3002889156341553,-1.0046762228012085,2.758490562438965
1403905959559323652,neutral,1.646392822265625,1.1138182878494263,-0.1501648873090744
1403905967037820940,neutral,1.7155979871749878,0.6161317825317383,0.7171759009361267
1403905970137227265,negative,1.0635591745376587,0.39812660217285156,1.896733045578003
1403905973371256834,neutral,1.8348660469055176,-0.4254589378833771,0.9993887543678284
1403905983387115521,neutral,1.6853188276290894,-0.08984830230474472,1.2465298175811768
1403905986981683202,neutral,1.7253062725067139,1.2272528409957886,0.09772133082151413
1403905989632397319,positive,1.6508022546768188,2.6902267932891846,-0.17946581542491913
1403906004211879938,neutral,1.287879467010498,0.2342284917831421,0.9452623724937439
1403906004434112514,negative,1.2912635803222656,-0.8398036956787109,2.1811373233795166
1403906016186667012,neutral,1.2918909788131714,0.6174755096435547,0.3410774767398834
1403906016530599936,negative,0.6954775452613831,0.05003264918923378,1.2779450416564941
1403906020662026240,negative,0.7055714726448059,-0.6770668625831604,2.8967883586883545
1403906022440280066,neutral,1.4873629808425903,1.1149405241012573,0.9005999565124512
1403906025598619649,negative,1.1134954690933228,-0.979118287563324,2.4583585262298584
1403906029935640585,neutral,2.0779638290405273,0.030550502240657806,-0.05148489028215408
1403906037850296323,neutral,1.0308797359466553,0.4514506757259369,0.8137693405151367
1403906041029480455,neutral,2.157992124557495,-0.09439938515424728,0.2187025249004364
1403906042946375684,neutral,2.2294440269470215,0.5378475189208984,0.20799946784973145
1403906047513821186,neutral,1.646392822265625,1.1138182878494263,-0.1501648873090744
1403906048067469319,negative,0.3618752062320709,-0.5831485390663147,3.2602627277374268
1403906051838074882,negative,1.168251872062683,0.07320767641067505,1.2723761796951294
1403906052643491843,neutral,2.7227883338928223,1.7542173862457275,-0.7628081440925598
1403906052882669570,neutral,2.290067434310913,-0.11279628425836563,0.6509625315666199
1403906060738437121,neutral,1.985520601272583,-0.8832018971443176,1.898768424987793
1403906073497522176,positive,1.4144026041030884,2.7867207527160645,-0.21636997163295746
1403906077608091651,negative,0.9031934142112732,-0.5435459613800049,2.0737056732177734
1403906078216052743,positive,1.6113818883895874,6.021088600158691,-1.8059685230255127
1403906086189428737,neutral,2.2171926498413086,0.030835039913654327,0.7684295177459717
1403906092128686081,negative,1.1682517528533936,0.07320769131183624,1.2723761796951294
1403906095261753346,negative,1.843592882156372,-0.8930971622467041,1.9204370975494385
1403906098592030727,negative,1.242397665977478,-0.37887242436408997,1.51938796043396
1403906099313451010,neutral,1.8996751308441162,0.7973948121070862,0.14167660474777222
1403906100634828800,negative,1.2336411476135254,-1.1296272277832031,2.8115787506103516
1403906108494729220,neutral,2.464816093444824,0.2765667736530304,0.8154114484786987
1403906108947849217,neutral,1.4898910522460938,1.154069185256958,0.09867419302463531
1403906110784946176,neutral,1.317765235900879,0.46909546852111816,0.09483631700277328
1403906112135520257,negative,1.1134953498840332,-0.979118287563324,2.4583585262298584
1403906112437604355,negative,1.7933858633041382,-1.1788097620010376,2.671978712081909
1403906126421315589,negative,1.232214331626892,-1.000233769416809,2.143557071685791
1403906136852496386,neutral,1.2068198919296265,0.6414217352867126,0.6338594555854797
1403906139033587714,negative,1.214478611946106,-0.2099614441394806,1.671248435974121
1403906139268403201,negative,1.1682517528533936,0.07320769131183624,1.2723761796951294
1403906142351335425,negative,0.7055714726448059,-0.6770668625831604,2.8967883586883545
1403906143139680257,negative,1.5999763011932373,-1.068811058998108,2.5066230297088623
1403906149410394113,neutral,1.1490514278411865,0.5562299489974976,0.4858396649360657
1403906151767449601,neutral,1.3667298555374146,-0.7042026519775391,1.2215150594711304
1403906152241373189,neutral,2.7227883338928223,1.7542173862457275,-0.7628081440925598
1403906153738772480,negative,0.8889390230178833,-1.0449506044387817,2.884108781814575
1403906159271088133,neutral,1.9299439191818237,-0.03126826882362366,-0.3456798195838928
1403906168695754764,neutral,1.310585618019104,-0.012192070484161377,1.1946698427200317
1403906169740005381,neutral,1.2345173358917236,-0.05765935033559799,1.0597862005233765
1403906170314653699,negative,0.8434742093086243,-0.057676903903484344,2.3530147075653076
1403906170713083909,positive,0.8748933672904968,1.2445361614227295,0.5438621044158936
1403906171186995203,neutral,1.624940276145935,-0.49816790223121643,0.5800955891609192
1403906176077737984,negative,1.3044164180755615,-0.5332239866256714,1.4132459163665771
1403906176887230467,negative,1.1682517528533936,0.07320769131183624,1.2723761796951294
1403906178652987394,neutral,1.5784828662872314,0.6748343706130981,0.36857864260673523
1403906178787201025,positive,2.574474811553955,4.394867420196533,-1.741784930229187
1403906183488888833,neutral,1.6637552976608276,0.1602540910243988,0.3919760286808014
1403906187595161603,negative,0.9661329388618469,-0.7924450039863586,3.0088412761688232
1403906187968630786,negative,0.8824549913406372,-0.5976704359054565,2.668792724609375
1403906188245303307,negative,1.6105684041976929,-0.7037297487258911,1.9761765003204346
1403906195631620098,positive,0.9855778217315674,2.8766744136810303,-0.8750463724136353
1403906202598350848,neutral,2.2917723655700684,1.0036985874176025,0.12568610906600952
1403906208285691904,neutral,1.3065775632858276,0.7379014492034912,0.1895376294851303
1403906210689163269,negative,1.222548246383667,-0.970642626285553,2.3038415908813477
1403906210777153541,negative,1.2188786268234253,0.046650271862745285,1.2641091346740723
1403906210802421762,negative,1.1682517528533936,0.07320770621299744,1.2723761796951294
1403906211167178752,neutral,1.8917970657348633,0.582378625869751,0.45423421263694763
1403906213662822400,negative,1.4314416646957397,-1.048387885093689,2.3978025913238525
1403906214325624838,positive,1.3149431943893433,1.3505908250808716,0.10372515767812729
1403906214367485960,negative,1.6191051006317139,-0.9611462950706482,1.941595435142517
1403906216003358720,neutral,2.0703132152557373,-0.45778682827949524,1.25823175907135
1403906217337098245,negative,0.9469401836395264,-0.40394628047943115,1.2166626453399658
1403906217643331585,negative,1.1059643030166626,-0.7907397747039795,1.9147051572799683
1403906221954977795,negative,1.4665855169296265,-0.9345611333847046,1.8970026969909668
1403906230792372226,neutral,1.2345173358917236,-0.05765935033559799,1.0597862005233765
1403906232050540546,neutral,2.1122891902923584,1.7308212518692017,-0.2681928873062134
1403906235045273602,positive,1.834247350692749,2.9297800064086914,-0.8752850890159607
1403906235594911744,positive,0.9695248007774353,1.189675211906433,0.021423019468784332
1403906237444493313,negative,1.6191051006317139,-0.961146354675293,1.941595435142517
1403906247808536578,positive,1.6453193426132202,1.960018277168274,-0.2821454405784607
1403906248886550534,neutral,1.3105857372283936,-0.012192025780677795,1.1946698427200317
1403906248970489857,positive,1.3749711513519287,2.7035913467407227,-0.9057420492172241
1403906249499029508,negative,1.1682517528533936,0.07320769131183624,1.2723761796951294
1403906256352464902,negative,1.607942819595337,-0.9907958507537842,1.9480571746826172
1403906261238927361,negative,1.03638756275177,-1.1834365129470825,3.1679422855377197
1403906266917920772,neutral,1.8011521100997925,1.2358180284500122,-0.7355032563209534
1403906269891764225,neutral,1.5908149480819702,-0.269118070602417,1.5160930156707764
1403906273553354752,negative,1.150940179824829,-0.5566588044166565,1.6133580207824707
1403906282835394560,negative,1.4665855169296265,-0.9345611333847046,1.8970026969909668
1403906286870089736,neutral,1.1490514278411865,0.5562299489974976,0.4858396649360657
1403906301470535683,negative,1.0476404428482056,-0.42246684432029724,2.206136465072632
1403906307166511105,negative,0.7055714726448059,-0.6770668625831604,2.8967883586883545
1403906307304812544,negative,1.168251633644104,0.07320767641067505,1.2723761796951294
1403906309087371267,negative,0.6347149610519409,-0.4629765450954437,3.265594482421875
1403906320361680899,negative,1.4314416646957397,-1.048387885093689,2.3978025913238525
1403906321167142915,negative,0.29563868045806885,-0.2740575671195984,2.8245437145233154
1403906324665180160,neutral,1.2481307983398438,0.6402310132980347,0.8751755356788635
1403906329480204289,neutral,1.3709903955459595,0.17409124970436096,0.2826057970523834
1403906339781414916,neutral,2.290067434310913,-0.11279628425836563,0.6509625315666199
1403906346957873156,neutral,1.3591086864471436,0.22848853468894958,1.2104090452194214
1403906349516394498,neutral,2.5679361820220947,0.4452193081378937,0.6242852210998535
1403906350405459971,neutral,2.677344799041748,0.22431215643882751,0.040757838636636734
1403906352133509120,neutral,2.290067195892334,-0.11279625445604324,0.6509625315666199
1403906358567575559,neutral,2.0703132152557373,-0.45778682827949524,1.25823175907135
1403906365081464836,neutral,2.268625020980835,1.4546067714691162,-1.1610857248306274
1403906366649946116,neutral,1.308301329612732,0.4912620186805725,0.6687344312667847
1403906369988698121,neutral,1.753632664680481,1.176304817199707,0.2565387189388275
1403906380109475841,neutral,2.850153923034668,2.5285634994506836,-1.1557810306549072
1403906386778525698,negative,1.1309682130813599,-0.055104829370975494,1.549330472946167
1403906391446900739,negative,1.4314416646957397,-1.048387885093689,2.3978025913238525
1403906398090522627,negative,1.12932288646698,-0.1531112790107727,1.383101463317871
1403906399566843908,neutral,1.9845696687698364,0.8845678567886353,0.7519422173500061
1403906412527431680,negative,0.8994771838188171,0.009345203638076782,1.7626932859420776
1403906417505955840,negative,0.7055714726448059,-0.6770668625831604,2.8967883586883545
1403906421440323585,negative,1.1889216899871826,-0.4223179519176483,1.4410711526870728
1403906422769848320,neutral,1.6728956699371338,0.45181789994239807,0.8639443516731262
1403906423088627720,negative,0.7055714726448059,-0.6770668625831604,2.8967883586883545
1403906428855898115,neutral,1.3591086864471436,0.22848853468894958,1.2104090452194214
1403906429334007814,negative,0.7055714726448059,-0.6770668625831604,2.8967883586883545
1403906433733869568,neutral,1.3591086864471436,0.22848853468894958,1.2104090452194214
1403906436325953540,positive,2.575953483581543,3.516756534576416,-1.25485360622406
1403906437760262149,positive,1.8635058403015137,2.866084575653076,-0.4461008906364441
1403906441233174529,negative,0.6661196351051331,-0.5788916945457458,2.209739923477173
1403906443464564739,negative,0.8856265544891357,-0.4117126166820526,1.799614667892456
1403906447562330115,positive,1.383270263671875,2.8952672481536865,-0.5686336159706116
1403906455586082821,neutral,1.6720796823501587,0.38608258962631226,0.6611611247062683
1403906459188948995,neutral,2.230339527130127,2.0511999130249023,-0.9385892748832703
1403906461495746560,neutral,2.0923521518707275,1.3490432500839233,0.03867928683757782
1403906463873998851,negative,0.8929753303527832,-0.8597802519798279,2.3807826042175293
1403906474896609282,negative,1.2912635803222656,-0.8398036956787109,2.1811373233795166
1403906476129886209,neutral,0.6755658984184265,0.27326053380966187,0.6102486252784729
1403906476226273281,neutral,2.0703132152557373,-0.45778682827949524,1.25823175907135
1403906480416432128,neutral,1.692538857460022,0.7602670192718506,0.00591927208006382
1403906486284156930,negative,1.2737226486206055,-0.5434566140174866,1.8805413246154785
1403906487139770373,neutral,2.677344799041748,0.22431215643882751,0.040757838636636734
1403906490612678657,negative,1.3561762571334839,-0.3203214406967163,1.6644972562789917
1403906496983937027,neutral,1.7892104387283325,0.5680583119392395,0.023277491331100464
1403906498573520896,positive,1.1147605180740356,1.4180418252944946,0.07394496351480484
1403906498649104387,negative,0.7055714726448059,-0.6770668625831604,2.8967883586883545
1403906508786601986,negative,1.7335727214813232,-0.9888356328010559,1.7925487756729126
1403906510900514818,negative,0.7055714726448059,-0.6770668029785156,2.8967885971069336
1403906510950830084,neutral,3.6238749027252197,3.25186824798584,-1.8709620237350464
1403906515946246144,positive,0.9301444888114929,1.7013769149780273,-0.18398869037628174
1403906517821177856,neutral,3.2016029357910156,2.6820011138916016,-1.460318684577942
1403906518567710721,neutral,1.6679543256759644,1.6057196855545044,-0.2640146017074585
1403906519087861762,negative,1.066555380821228,-0.7525933384895325,2.4943454265594482
1403906520182497286,negative,0.35942965745925903,-0.3832000195980072,2.3185391426086426
1403906526620766208,neutral,1.0231022834777832,0.9941834211349487,0.4246225357055664
1403906537500839937,negative,0.7055714726448059,-0.6770668625831604,2.8967885971069336
1403906542500552704,negative,1.607942819595337,-0.9907958507537842,1.9480571746826172
1403906543108587525,negative,0.7827671766281128,0.7120559215545654,1.6345161199569702
1403906544228605955,neutral,2.7461822032928467,2.246840000152588,-1.48342764377594
1403906545461739520,neutral,1.4962080717086792,-0.05888954550027847,0.9745635390281677
1403906549555290113,negative,0.7055714726448059,-0.6770668625831604,2.8967883586883545
1403906554605101058,negative,1.0582904815673828,-1.2944998741149902,3.5238888263702393
1403906561257377792,neutral,1.4152960777282715,1.1521732807159424,0.5406505465507507
1403906567280418817,negative,1.2378536462783813,-0.9563226103782654,3.03316593170166
1403906567645323266,neutral,1.2496428489685059,-0.45058777928352356,0.9551073908805847
1403906576633716736,neutral,2.040133476257324,0.023857899010181427,0.5192868709564209
1403906580437946370,negative,1.142232894897461,-0.10855262726545334,1.313157558441162
1403906584770539523,negative,1.232214331626892,-1.000233769416809,2.143557071685791
1403906587824164865,neutral,1.6158956289291382,0.7882150411605835,0.3816116750240326
1403906589485010949,neutral,1.004589319229126,0.6009721159934998,0.8839733600616455
1403906598515453952,negative,1.1682517528533936,0.07320772856473923,1.2723761796951294
1403906603615592454,positive,1.0982825756072998,1.8446863889694214,-0.6350265145301819
1403906607621316610,neutral,1.024168848991394,0.5112459659576416,0.7215959429740906
1403906608137183232,negative,1.573391079902649,-0.3867402672767639,1.7314538955688477
1403906614176985088,negative,1.1682517528533936,0.07320769131183624,1.2723761796951294
1403906623647715328,positive,0.9541040658950806,1.1892086267471313,0.577515721321106
1403906628588490755,neutral,0.961452841758728,0.2094516158103943,0.6612213850021362
1403906630513836034,negative,1.0582906007766724,-1.2944998741149902,3.5238893032073975
1403906635949613060,neutral,1.1490514278411865,0.5562299489974976,0.4858396649360657
1403906642458988547,positive,2.137608528137207,5.978252410888672,-1.549249291419983
1403906643914547201,neutral,1.9852862358093262,-0.030820854008197784,0.4319092333316803
1403906655830495232,neutral,1.4363770484924316,0.4860798716545105,0.7120712399482727
1403906659332673539,positive,1.4144026041030884,2.7867207527160645,-0.21636997163295746
1403906661035634694,negative,1.0582904815673828,-1.2944998741149902,3.5238888263702393
1403906662847565830,negative,1.1682517528533936,0.07320769131183624,1.2723761796951294
1403906668656615426,neutral,1.4873629808425903,1.1149405241012573,0.9005999565124512
1403906671123042308,neutral,2.290067434310913,-0.11279628425836563,0.6509625315666199
1403906671957536773,positive,1.8165676593780518,2.7289257049560547,-0.8493509888648987
1403906674390405122,positive,1.7062710523605347,1.8802820444107056,-0.25227707624435425
1403906689116643330,negative,0.802764892578125,-0.4321172535419464,2.2196505069732666
1403906689624117249,negative,1.1682517528533936,0.07320769131183624,1.2723761796951294
1403906693746987010,neutral,1.7443238496780396,0.056056734174489975,1.0876400470733643
1403906693860311044,neutral,1.4913686513900757,-0.20112234354019165,1.1740351915359497
1403906695978307587,positive,1.623537302017212,2.189953565597534,-0.33774441480636597
1403906698767527938,negative,1.0582904815673828,-1.2944998741149902,3.5238890647888184
1403906704689942541,negative,1.4430354833602905,-0.584605872631073,1.8617979288101196
1403906711115677696,negative,0.9981168508529663,0.9166684746742249,1.2075386047363281
1403906714160750594,neutral,2.0153141021728516,0.8167739510536194,-0.22688518464565277
1403906717495201792,neutral,2.3124611377716064,-0.06109289079904556,0.7569329142570496
1403906719613399044,negative,1.0582904815673828,-1.2944998741149902,3.5238888263702393
1403906721353924609,positive,1.5952802896499634,2.9789927005767822,-0.9557688236236572
1403906729738387460,negative,1.0582904815673828,-1.2944998741149902,3.5238888263702393
1403906737598570498,neutral,1.1952316761016846,0.5534360408782959,0.7974250316619873
1403906739552935936,neutral,1.5184431076049805,0.03416275605559349,0.9008607864379883
1403906743093002243,negative,1.0582904815673828,-1.2944998741149902,3.5238888263702393
1403906743424278532,neutral,1.6679543256759644,1.6057196855545044,-0.2640146315097809
1403906745966108673,neutral,1.3433860540390015,0.7532361745834351,1.2073572874069214
1403906747287453697,negative,1.232214331626892,-1.000233769416809,2.143557071685791
1403906750915481600,neutral,1.4898910522460938,1.154069185256958,0.09867417812347412
1403906751284625410,neutral,1.4152960777282715,1.1521732807159424,0.5406505465507507
1403906752186306561,negative,0.7627970576286316,-0.09506724029779434,2.392815589904785
1403906753947897859,neutral,1.8329566717147827,0.07971113920211792,0.37430617213249207
1403906760533020677,negative,1.0732439756393433,-0.02493172138929367,1.3263964653015137
1403906760591609856,neutral,1.0963380336761475,0.3840612769126892,0.8974994421005249
1403906760738443264,negative,0.48040857911109924,0.7944403290748596,1.3402665853500366
1403906771358523395,neutral,1.7909419536590576,-0.5488139390945435,1.2590091228485107
1403906773099053060,neutral,2.0923521518707275,1.3490432500839233,0.03867928683757782
1403906775070412805,negative,1.232214331626892,-1.000233769416809,2.143557071685791
1403906779684220931,negative,0.7055714726448059,-0.6770668625831604,2.8967883586883545
1403906784864047104,negative,1.4822132587432861,-0.957958996295929,1.9613714218139648
1403906789209481216,neutral,2.290067434310913,-0.11279628425836563,0.6509625315666199
1403906790904012802,negative,0.6994587779045105,0.3922540843486786,1.526107668876648
1403906791122030592,negative,1.0582904815673828,-1.2944998741149902,3.5238888263702393
1403906792480940033,negative,1.168251872062683,0.07320769131183624,1.2723761796951294
1403906803310731265,neutral,2.290067434310913,-0.11279628425836563,0.6509625315666199
1403906810717818880,negative,0.7055714726448059,-0.6770668625831604,2.8967883586883545
1403906824894550018,neutral,1.502964973449707,0.037343550473451614,1.0181622505187988
1403906827981520904,positive,2.129213333129883,3.5776617527008057,-0.7784250974655151
1403906835736711170,neutral,3.6238749027252197,3.25186824798584,-1.8709620237350464
1403906838035415040,negative,1.0321054458618164,0.43034061789512634,1.4710253477096558
1403906847552282627,neutral,1.3972666263580322,-0.394156813621521,1.3776565790176392
1403906854854533120,negative,0.9064668416976929,-0.07548902183771133,1.6347841024398804
1403906857379549185,negative,1.6191051006317139,-0.9611462950706482,1.941595435142517
1403906868490211332,neutral,1.4898910522460938,1.154069185256958,0.09867417812347412
1403906870688063488,positive,1.5291202068328857,2.312753677368164,-0.4007796347141266
1403906872617357312,negative,0.6883989572525024,-1.062453031539917,2.9405152797698975
1403906873808637953,neutral,2.0852506160736084,-0.06652265042066574,0.782742977142334
1403906881043718149,negative,0.8027650117874146,-0.43211719393730164,2.2196502685546875
1403906884051116033,negative,0.8874789476394653,-0.5910589694976807,2.0397891998291016
1403906884936024067,neutral,1.698049783706665,-0.21934393048286438,1.554092526435852
1403906888715194368,negative,1.0582904815673828,-1.2944998741149902,3.5238888263702393
1403906891781218304,positive,1.370668649673462,2.030463457107544,-0.0902671068906784
1403906899247042561,neutral,2.290067434310913,-0.11279628425836563,0.6509625911712646
1403906899892834306,neutral,1.8111413717269897,0.8392402529716492,0.10129137337207794
1403906903613186055,neutral,1.5333352088928223,-0.19920676946640015,1.251908779144287
1403906907413254145,negative,1.2912635803222656,-0.8398036956787109,2.1811373233795166
1403906909158002688,negative,1.449218988418579,-1.0781540870666504,3.039498805999756
1403906911364321283,neutral,1.9770153760910034,1.8502439260482788,-0.2504110336303711
1403906911372824577,neutral,1.7892104387283325,0.5680583119392395,0.023277491331100464
1403906914124107778,neutral,1.1497197151184082,0.05602465197443962,0.6110737919807434
1403906920180633606,neutral,1.7892104387283325,0.5680583119392395,0.023277491331100464
1403906924119216130,neutral,0.9375295639038086,0.7248567342758179,0.6363008618354797
1403906924966400002,neutral,3.6238749027252197,3.25186824798584,-1.8709620237350464
1403906928539934721,neutral,1.450829267501831,0.25688761472702026,0.687301516532898
1403906929567539204,negative,1.214478611946106,-0.2099614441394806,1.671248435974121
1403906929638916096,negative,1.6191051006317139,-0.9611462950706482,1.941595435142517
1403906930926665731,neutral,3.247215986251831,1.2850382328033447,-1.4326694011688232
1403906931299864577,neutral,2.0424647331237793,-0.4550255835056305,1.0147062540054321
1403906940716077056,negative,1.232214331626892,-1.0002338886260986,2.143556833267212
1403906943341654018,negative,1.1682517528533936,0.07320769131183624,1.2723761796951294
1403906943375364105,negative,1.0582904815673828,-1.2944998741149902,3.5238888263702393
1403906943501094918,positive,1.2350746393203735,1.2913293838500977,0.41054657101631165
1403906945493475333,neutral,2.127134084701538,-0.7658135890960693,1.3288072347640991
1403906948504985604,neutral,2.0711729526519775,0.67923504114151,-0.47593337297439575
1403906950677426179,positive,0.31532809138298035,1.5223894119262695,0.13248983025550842
1403906951642222593,negative,1.0582904815673828,-1.2944998741149902,3.5238888263702393
1403906956348203017,positive,2.2487754821777344,3.2070424556732178,-0.5691472291946411
1403906957090734085,neutral,1.9107505083084106,1.0689427852630615,-0.055608682334423065
1403906959183581187,negative,0.605358362197876,-0.4408569037914276,3.4857306480407715
1403906959368081409,neutral,1.8111413717269897,0.8392402529716492,0.10129137337207794
1403906960274169856,negative,1.2102057933807373,0.10331913083791733,1.4379531145095825
1403906965512798209,negative,1.4029403924942017,-0.18928572535514832,1.915993571281433
1403906967656140802,negative,1.3464246988296509,-0.014959745109081268,1.4163727760314941
1403906973544980480,negative,0.7055714726448059,-0.6770668625831604,2.8967883586883545
1403906974350258178,neutral,1.8303894996643066,-0.17065957188606262,1.063841462135315
1403906977567330305,negative,0.7055714726448059,-0.6770668625831604,2.8967883586883545
1403906986572451842,neutral,1.8111413717269897,0.8392402529716492,0.10129137337207794
1403906987864346629,neutral,1.4363770484924316,0.4860798716545105,0.7120712399482727
1403906997095780352,neutral,1.3583259582519531,0.11497952044010162,1.2725496292114258
1403907000736661504,neutral,1.529299259185791,0.783788800239563,-0.2338758260011673
1403907001713844224,neutral,2.677344799041748,0.22431215643882751,0.040757838636636734
1403907004045922307,neutral,0.8277724981307983,-0.25975069403648376,0.7345397472381592
1403907005052555264,negative,0.8015189170837402,-0.14184901118278503,1.013542890548706
1403907007271297024,negative,1.607942819595337,-0.9907958507537842,1.9480571746826172
1403907010857295872,negative,0.9917120933532715,-0.6196903586387634,2.378554582595825
1403907010945380355,negative,1.2912635803222656,-0.8398036956787109,2.1811373233795166
1403907017060749315,neutral,2.290067434310913,-0.11279628425836563,0.6509625315666199
1403907017945714688,negative,0.24018594622612,0.13827574253082275,1.7544292211532593
1403907022509182977,negative,1.3522979021072388,-0.6471558809280396,1.7609397172927856
1403907025679970312,negative,0.47199076414108276,-0.9814162254333496,3.0921716690063477
1403907026162487296,neutral,1.5701382160186768,-0.5163053274154663,1.2540230751037598
1403907028263661570,neutral,1.3065775632858276,0.7379014492034912,0.1895376294851303
1403907031124283392,negative,1.0582904815673828,-1.2944998741149902,3.5238888263702393
1403907036044169218,neutral,1.6274689435958862,1.0754555463790894,-0.7963024973869324
1403907047494672390,negative,0.7055714726448059,-0.6770668625831604,2.8967883586883545
1403907050212519939,neutral,1.3065775632858276,0.7379014492034912,0.1895376294851303
1403907055296073734,negative,1.1682517528533936,0.07320769131183624,1.2723761796951294
1403907062275444737,negative,0.7055714726448059,-0.6770668625831604,2.8967883586883545
1403907063810494467,negative,1.0582904815673828,-1.2944998741149902,3.5238888263702393
1403907065630932996,negative,1.232214331626892,-1.000233769416809,2.143557071685791
1403907067237208068,positive,0.911917507648468,1.5283807516098022,0.07950090616941452
1403907072362795011,neutral,0.9768080711364746,-0.13459455966949463,0.9542058110237122
1403907074375966721,neutral,2.290067434310913,-0.11279625445604324,0.6509625911712646
1403907074921095175,neutral,1.0882245302200317,0.6307437419891357,0.6756356358528137
1403907079383957507,neutral,2.7439212799072266,1.4038653373718262,-0.6538170576095581
1403907083712581632,negative,1.6191051006317139,-0.9611462950706482,1.941595435142517
1403907086812073987,negative,1.3002889156341553,-1.0046762228012085,2.758490562438965
1403907089525706752,positive,1.6199661493301392,2.36098575592041,-0.3016144335269928
1403907091081793537,negative,1.2770438194274902,-0.050476618111133575,1.485963225364685
1403907093049004032,neutral,1.1490514278411865,0.5562299489974976,0.4858396649360657
1403907102943424514,neutral,2.290067434310913,-0.11279628425836563,0.6509625315666199
1403907107317968900,negative,1.2912635803222656,-0.8398037552833557,2.1811375617980957
1403907116889374722,negative,1.2912635803222656,-0.8398036956787109,2.1811373233795166
1403907118386888704,neutral,2.290067434310913,-0.11279628425836563,0.6509625315666199
1403907121696096261,neutral,1.2918909788131714,0.6174755096435547,0.3410774767398834
1403907124590174208,negative,0.5900167226791382,-0.2590944766998291,3.492032051086426
1403907124678168581,neutral,1.5196987390518188,0.8507068753242493,-0.3192140758037567
1403907129011052554,neutral,1.4363770484924316,0.4860798716545105,0.7120712399482727
1403907129996500994,negative,0.4584443271160126,0.49442997574806213,1.0592849254608154
1403907135625302017,negative,1.242397665977478,-0.37887242436408997,1.51938796043396
1403907141577019397,negative,0.3659727871417999,-0.5614941716194153,2.8344004154205322
1403907142311104516,neutral,1.8945916891098022,1.1567695140838623,-0.11246230453252792
1403907143380750339,negative,0.7055714726448059,-0.6770668029785156,2.8967885971069336
1403907143640621061,neutral,1.9857158660888672,0.7139252424240112,-0.463885635137558
1403907145200898048,negative,1.1682517528533936,0.07320769131183624,1.2723761796951294
1403907145687519236,negative,0.5611392259597778,0.2735682427883148,0.985251784324646
1403907146295791616,negative,1.1682517528533936,0.07320772111415863,1.2723761796951294
1403907151899287554,negative,0.7055714726448059,-0.6770668625831604,2.8967883586883545
1403907152125870082,neutral,2.290067434310913,-0.11279628425836563,0.6509625315666199
1403907154831200266,positive,0.6986396312713623,1.881373643875122,0.2139739692211151
1403907163836329990,neutral,1.8373267650604248,-0.48696956038475037,1.0075924396514893
1403907165631430659,positive,1.3948951959609985,2.9754281044006348,-0.5550028681755066
1403907170048086020,negative,0.8434742093086243,-0.057676903903484344,2.3530147075653076
1403907171176300551,neutral,1.5813242197036743,-0.07324648648500443,1.4170596599578857
1403907179954982913,neutral,2.290067434310913,-0.11279628425836563,0.6509625315666199
1403907183167905796,neutral,1.2668877840042114,0.9588985443115234,0.5711998343467712
1403907184510046210,negative,0.7737082839012146,-1.1761678457260132,3.388840436935425
1403907191460007941,neutral,2.290067434310913,-0.11279628425836563,0.6509625315666199
1403907193812963332,neutral,1.2481307983398438,0.6402310132980347,0.8751755356788635
1403907195247464448,neutral,1.6728956699371338,0.45181789994239807,0.8639443516731262
1403907197344661505,positive,1.6134059429168701,3.7237956523895264,-1.29805326461792
1403907197453717513,neutral,1.1490514278411865,0.5562299489974976,0.48583969473838806
1403907198338600961,negative,0.4313881993293762,-0.5879369378089905,2.4205048084259033
1403907199253073924,neutral,2.2294440269470215,0.5378475189208984,0.20799946784973145
1403907202612596741,negative,1.2152221202850342,-0.42262110114097595,2.0861921310424805
1403907206307852288,negative,1.607942819595337,-0.9907958507537842,1.9480571746826172
1403907212393816065,neutral,1.181872010231018,-0.053755782544612885,0.08690940588712692
1403907213941305345,negative,0.6601328253746033,-0.43640944361686707,1.8216784000396729
1403907222988419074,neutral,1.9705721139907837,0.45687729120254517,0.49334338307380676
1403907224372613122,positive,2.938194990158081,3.0392658710479736,-1.0730574131011963
1403907224926294023,positive,1.3774374723434448,3.2963545322418213,-1.2292149066925049
1403907226092331008,neutral,1.1490514278411865,0.5562299489974976,0.4858396649360657
1403907236590665734,neutral,2.343500852584839,-0.4127940833568573,0.4949546158313751
1403907237005828099,positive,3.106975793838501,5.338232517242432,-1.9426401853561401
1403907237496643584,neutral,1.2918909788131714,0.6174755096435547,0.3410774767398834
1403907238369112068,positive,1.2980746030807495,2.641481876373291,-1.034450650215149
1403907239333617670,neutral,1.9705721139907837,0.4568772614002228,0.49334338307380676
1403907243150483462,neutral,1.8111413717269897,0.8392402529716492,0.10129137337207794
1403907249962029059,neutral,2.0395302772521973,0.12380491197109222,-0.2960106134414673
1403907250025078788,negative,0.9934635758399963,0.12121662497520447,2.319157123565674
1403907250918412289,negative,1.1682517528533936,0.07320769131183624,1.2723761796951294
1403907254118539266,neutral,2.4621315002441406,0.010886169970035553,0.29161524772644043
1403907258178752513,neutral,1.66281259059906,-0.012709178030490875,0.5801593065261841
1403907259625787395,negative,0.7055714726448059,-0.6770668625831604,2.8967883586883545
1403907260313751552,negative,1.1682517528533936,0.07320770621299744,1.2723761796951294
1403907266353385479,neutral,0.8368985652923584,0.1513597071170807,-0.26710325479507446
1403907276616855553,positive,1.0020560026168823,2.6366710662841797,-0.06805913150310516
1403907281884913667,negative,1.4345405101776123,-1.313283085823059,2.9896085262298584
1403907283403231233,negative,1.1914682388305664,-0.0168503075838089,1.5392307043075562
1403907283428515850,neutral,2.0703132152557373,-0.45778682827949524,1.25823175907135
1403907287391997954,neutral,1.9705721139907837,0.4568772614002228,0.49334338307380676
1403907288579063810,negative,1.607942819595337,-0.9907958507537842,1.9480571746826172
1403907308162330625,neutral,2.7227883338928223,1.7542173862457275,-0.7628081440925598
1403907310976598022,negative,0.6598554253578186,0.26915469765663147,0.7011184692382812
1403907311949602816,negative,0.9357611536979675,0.0984562411904335,1.4222770929336548
1403907313367453700,neutral,1.6728956699371338,0.45181789994239807,0.8639443516731262
1403907323282796549,positive,0.2686005234718323,3.6639294624328613,-0.8260268568992615
1403907328164843524,negative,1.3136532306671143,-0.9717777371406555,2.5860440731048584
1403907330597658625,neutral,3.351139783859253,2.3493196964263916,-1.1245594024658203
1403907335706263552,negative,0.4166938066482544,-0.7190581560134888,3.2658748626708984
1403907342274646018,negative,0.8434742093086243,-0.057676903903484344,2.3530147075653076
1403907344535146500,negative,1.0582904815673828,-1.2944998741149902,3.5238888263702393
1403907346502504451,neutral,2.224785566329956,0.11292742192745209,-0.2810004949569702
1403907352147935238,negative,0.663548469543457,0.24240174889564514,1.3508403301239014
1403907353431330819,negative,1.1842231750488281,0.09982560575008392,1.1846743822097778
1403907356094836740,neutral,1.7891037464141846,0.576107382774353,-0.360895574092865
1403907363698925570,negative,1.2912635803222656,-0.8398036956787109,2.1811373233795166
1403907365263523840,negative,1.3568320274353027,-1.0549975633621216,2.478855848312378
1403907370183450626,neutral,1.2918909788131714,0.6174755096435547,0.3410774767398834
1403907371185831939,negative,1.2912635803222656,-0.8398036956787109,2.1811373233795166
1403907371483615236,negative,1.232214331626892,-1.000233769416809,2.143557071685791
1403907384255283201,negative,1.2677161693572998,-0.4247933328151703,1.2844219207763672
1403907388067835906,neutral,1.475574254989624,0.5467504858970642,0.10288156569004059
1403907388420202501,negative,1.1682517528533936,0.07320769131183624,1.2723761796951294
1403907396435578882,neutral,1.2918909788131714,0.6174755096435547,0.3410774767398834
1403907402802532352,neutral,1.6754955053329468,0.24968776106834412,-0.38776037096977234
1403907403968659458,negative,0.7055714726448059,-0.6770668029785156,2.8967883586883545
1403907407508557826,neutral,1.3732013702392578,0.20859193801879883,0.7127705216407776
1403907412315164672,neutral,2.290067434310913,-0.11279628425836563,0.6509625315666199
1403907414991192078,positive,1.203680157661438,4.976419925689697,-1.17940354347229
1403907416568340489,negative,1.0686652660369873,-1.0037866830825806,3.3451197147369385
1403907418090885121,negative,0.9634314179420471,-0.5600332617759705,2.051248788833618
1403907421270122500,negative,1.4314416646957397,-1.048387885093689,2.3978025913238525
1403907425237798913,neutral,2.0660417079925537,0.17126625776290894,0.42499032616615295
1403907425955106818,neutral,1.0897986888885498,0.6781448721885681,0.7325663566589355
1403907426169069568,negative,0.8027650117874146,-0.43211719393730164,2.2196502685546875
1403907435002138626,neutral,1.692538857460022,0.7602670192718506,0.00591927208006382
1403907442568613888,negative,1.843592882156372,-0.8930971622467041,1.9204370975494385
1403907449359265792,neutral,1.478865146636963,0.7328012585639954,0.23008641600608826
1403907453385940996,negative,1.2452319860458374,-0.4618857204914093,2.0436675548553467
1403907462562861058,neutral,1.277770757675171,0.6542169451713562,0.4429437220096588
1403907469936664579,negative,1.4492188692092896,-1.0781537294387817,3.039498805999756
1403907489582645251,neutral,2.681105375289917,2.3254284858703613,-1.0183600187301636
1403907496155041792,negative,0.7055714726448059,-0.6770668625831604,2.8967883586883545
1403907496599855104,neutral,2.0147109031677246,0.16142208874225616,0.6278852224349976
1403907499967848448,negative,1.232214331626892,-1.000233769416809,2.143557071685791
1403907504187211776,neutral,2.338437557220459,0.9208539128303528,-0.7034645676612854
1403907504556462080,neutral,1.7892104387283325,0.5680583119392395,0.023277491331100464
1403907508935217152,negative,1.4314416646957397,-1.048387885093689,2.3978025913238525
1403907513171464201,negative,1.570098638534546,-0.9845667481422424,2.578993320465088
1403907516740870148,negative,0.7055714726448059,-0.6770668625831604,2.8967883586883545
1403907516761743361,negative,1.1682517528533936,0.07320769131183624,1.2723761796951294
1403907517609095174,negative,0.8434742093086243,-0.057676903903484344,2.3530149459838867
1403907518103949316,neutral,2.0703132152557373,-0.45778682827949524,1.25823175907135
1403907521597755392,positive,1.1793476343154907,1.4321238994598389,0.1997831165790558
1403907526773690373,negative,0.4584443271160126,0.49442997574806213,1.0592849254608154
1403907534696718339,negative,0.659345269203186,-0.019577771425247192,1.5934938192367554
1403907536558952451,neutral,2.380359172821045,0.03111756592988968,0.09001389145851135
1403907539251593224,neutral,1.5701382160186768,-0.5163053274154663,1.2540230751037598
1403907540065345540,negative,1.232214331626892,-1.000233769416809,2.143557071685791
1403907542585991170,neutral,1.6703656911849976,1.2584445476531982,0.1680058240890503
1403907549586362368,negative,1.391139268875122,-0.9508456587791443,2.136101484298706
1403907554288230405,neutral,1.4363770484924316,0.4860798716545105,0.7120712399482727
1403907554498039808,neutral,1.3627285957336426,0.07592684775590897,0.47136950492858887
1403907576128053250,negative,1.1682517528533936,0.07320766150951385,1.2723761796951294
1403907591147724801,neutral,1.2856489419937134,0.6138969659805298,0.5651568174362183
1403907593026916352,neutral,1.9822291135787964,-0.23317107558250427,0.49750059843063354
1403907593563688965,negative,0.7055714726448059,-0.6770668625831604,2.8967883586883545
1403907594587082754,negative,0.7055714726448059,-0.6770668625831604,2.8967883586883545
1403907596327604230,negative,0.7678766846656799,-0.4109884798526764,2.3778743743896484
1403907597430771713,positive,0.6464086174964905,2.1041603088378906,-0.3117609918117523
1403907599368663040,neutral,1.0200904607772827,0.39785629510879517,0.41815388202667236
1403907609615384576,negative,1.3568320274353027,-1.0549975633621216,2.478855848312378
1403907612429754372,negative,0.9670027494430542,-0.4063863456249237,2.248824119567871
1403907612777795586,negative,0.4584443271160126,0.49442997574806213,1.0592849254608154
1403907615105638404,negative,1.6079429388046265,-0.9907959699630737,1.9480570554733276
1403907617320275969,negative,1.0382145643234253,-1.2956452369689941,3.695526123046875
1403907619144753156,negative,1.1682517528533936,0.07320769131183624,1.2723761796951294
1403907619660705793,negative,1.3568321466445923,-1.0549975633621216,2.478855848312378
1403907622370217989,neutral,1.620570421218872,1.4393805265426636,-0.8922123312950134
1403907623590797313,negative,1.692293405532837,-1.1376874446868896,2.2811782360076904
1403907625494880257,neutral,1.6173207759857178,-0.5526551008224487,1.4150748252868652
1403907626266681348,neutral,1.1657249927520752,0.8138405680656433,0.9100925326347351
1403907638883192837,negative,0.5924115777015686,0.05811706930398941,0.8174273371696472
1403907643580715013,neutral,1.436376929283142,0.4860798418521881,0.7120711207389832
1403907646927917057,negative,1.0582904815673828,-1.2944998741149902,3.5238888263702393
1403907647615602691,neutral,1.3667298555374146,-0.7042026519775391,1.2215150594711304
1403907654024577025,negative,1.072741985321045,-0.061980076134204865,1.278881311416626
1403907659691143168,negative,0.9473502039909363,-0.7380657196044922,2.2971038818359375
1403907663944196097,neutral,1.8228952884674072,-0.4156635105609894,0.8097357153892517
1403907668130009090,neutral,2.2294440269470215,0.5378475189208984,0.20799946784973145
1403907668738203654,neutral,2.145958423614502,-0.6028485894203186,1.002410888671875
1403907670747357188,neutral,1.643572211265564,0.950998067855835,0.10488107800483704
1403907678619963394,neutral,1.6853188276290894,-0.08984830230474472,1.2465298175811768
1403907682063601667,negative,1.3406521081924438,-0.0868992879986763,1.54012131690979
1403907683158269952,neutral,1.6728956699371338,0.45181789994239807,0.8639443516731262
1403907684970029060,neutral,1.8111413717269897,0.8392402529716492,0.10129137337207794
1403907689617362944,neutral,1.3583259582519531,0.11497952044010162,1.2725496292114258
1403907698706595841,neutral,1.4152960777282715,1.1521732807159424,0.5406505465507507
1403907714791653382,negative,1.6420375108718872,-0.9749101996421814,1.7847291231155396
1403907722580422659,negative,1.2912635803222656,-0.8398036956787109,2.1811373233795166
1403907725654908930,negative,1.6191051006317139,-0.9611462950706482,1.941595435142517
1403907729563914241,neutral,1.4298635721206665,-0.03688903898000717,1.2572267055511475
1403907733183557639,neutral,1.7108948230743408,-0.09891744703054428,0.46639958024024963
1403907736878858241,negative,0.7055714726448059,-0.6770668625831604,2.8967883586883545
1403907740360192007,neutral,2.290067195892334,-0.11279625445604324,0.6509624719619751
1403907740469239814,neutral,2.0723657608032227,1.1052449941635132,-0.1560279130935669
1403907742633496582,neutral,1.8650200366973877,0.851756751537323,-0.2689029574394226
1403907745976229889,negative,1.0164052248001099,0.6736417412757874,1.0476263761520386
1403907746228064260,negative,1.3051629066467285,-0.7333935499191284,2.076249122619629
1403907749533077510,neutral,1.8348660469055176,-0.4254589378833771,0.9993887543678284
1403907752787726344,positive,2.2487754821777344,3.2070424556732178,-0.5691472291946411
1403907753496645636,positive,2.2645883560180664,2.41634464263916,-0.8249159455299377
1403907761662988290,positive,0.5852652192115784,2.6169891357421875,-0.5428013801574707
1403907764494159874,negative,0.7055714726448059,-0.6770668625831604,2.8967883586883545
1403907775491624960,negative,1.1682517528533936,0.07320769131183624,1.2723761796951294
1403907779430170626,neutral,1.6345769166946411,-0.598343551158905,1.5151475667953491
1403907781267116033,neutral,0.6914758086204529,-0.36657485365867615,0.6692473292350769
1403907784773619714,neutral,1.740784764289856,0.5990617871284485,0.6847907304763794
1403907793195716608,neutral,1.4779093265533447,-0.20524626970291138,0.6486790180206299
1403907794915364867,neutral,1.853269100189209,0.706446647644043,0.6674580574035645
1403907796492460037,negative,1.0582904815673828,-1.2944998741149902,3.5238888263702393
1403907796941164545,positive,0.5513454675674438,2.503145933151245,-0.7357773184776306
1403907797562105856,negative,0.8618025183677673,-0.2929293215274811,1.527826189994812
1403907797985775617,positive,1.1572145223617554,2.452888011932373,-0.33123552799224854
1403907801521471488,negative,0.7055714726448059,-0.6770668625831604,2.8967883586883545
1403907803421552640,negative,0.7055714726448059,-0.6770668625831604,2.8967883586883545
1403907806072352769,negative,1.0582904815673828,-1.2944998741149902,3.5238888263702393
1403907807372451841,neutral,2.2287349700927734,0.32547566294670105,-0.084848552942276
1403907811285909507,positive,0.8679548501968384,2.092759847640991,-0.3034255802631378
1403907811570946048,negative,0.7055714726448059,-0.6770668625831604,2.8967883586883545
1403907813508718593,neutral,1.2381609678268433,-0.541388750076294,1.018351435661316
1403907813798187016,negative,1.607942819595337,-0.9907958507537842,1.9480571746826172
1403907815228465155,negative,1.0582904815673828,-1.2944999933242798,3.5238888263702393
1403907816683880451,negative,1.2448190450668335,-0.2669954001903534,1.3030121326446533
1403907819632484354,neutral,1.7821816205978394,1.4288263320922852,-0.7178725600242615
1403907830294495234,neutral,1.9750902652740479,-0.44369158148765564,0.6538955569267273
1403907833855463425,neutral,1.8102941513061523,-0.888591468334198,1.7429956197738647
1403907838800506882,neutral,1.737827181816101,-0.016550667583942413,0.5228832364082336
1403907839727308805,negative,1.1283416748046875,-0.6712846159934998,2.6603944301605225
1403907840079798273,neutral,1.3688726425170898,0.6152306795120239,0.6866337060928345
1403907841514217475,neutral,1.3583259582519531,0.11497952044010162,1.2725496292114258
1403907843074494465,negative,0.8434742093086243,-0.057676903903484344,2.3530147075653076
1403907857226084352,negative,0.9164813756942749,0.7431986927986145,1.5648802518844604
1403907858400481287,negative,1.0582904815673828,-1.2944998741149902,3.5238888263702393
1403907861223292928,neutral,2.040133476257324,0.023857899010181427,0.5192868709564209
1403907862167015428,neutral,1.7451504468917847,0.726815402507782,-0.4401375651359558
1403907864813395968,negative,1.2187496423721313,-1.170295238494873,2.9280893802642822
1403907864901689348,neutral,1.5274392366409302,0.23500144481658936,1.4057656526565552
1403907865589452802,neutral,2.290067434310913,-0.11279628425836563,0.6509625315666199
1403907870991687681,neutral,1.9705721139907837,0.4568772614002228,0.49334338307380676
1403907873701175299,neutral,1.4840480089187622,-0.36338695883750916,1.480216383934021
1403907875563393024,negative,1.4744240045547485,0.0709155946969986,1.86322021484375
1403907876884713473,neutral,1.840409278869629,0.1409415602684021,1.168474555015564
1403907883738218498,neutral,1.3065775632858276,0.7379014492034912,0.1895376294851303
1403907888331038721,negative,1.4412305355072021,-0.6636712551116943,1.614210605621338
1403907888968503301,negative,0.13177432119846344,-0.2953301668167114,2.016564130783081
1403907892219154440,neutral,1.8111413717269897,0.8392402529716492,0.10129137337207794
1403907898858688512,negative,1.072741985321045,-0.061980076134204865,1.278881311416626
1403907898946764807,negative,1.0582903623580933,-1.2944998741149902,3.5238888263702393
1403907900968300547,negative,1.6191051006317139,-0.9611462950706482,1.941595435142517
1403907909344452610,neutral,2.0703132152557373,-0.45778682827949524,1.25823175907135
1403907910732767236,positive,1.2926738262176514,2.4272594451904297,0.24941708147525787
1403907919498907652,negative,0.8434742093086243,-0.057676903903484344,2.3530147075653076
1403907922493464581,positive,1.5172873735427856,2.3190557956695557,-0.16028368473052979
1403907932782223360,positive,1.6113818883895874,6.021088123321533,-1.8059684038162231
1403907937974763524,neutral,2.040133476257324,0.023857899010181427,0.5192868709564209
1403907939023327235,neutral,2.2294440269470215,0.5378475785255432,0.20799948275089264
1403907940281729032,negative,0.3887106776237488,-0.2005229890346527,2.350285291671753
1403907940617265154,negative,1.6191051006317139,-0.9611462950706482,1.941595435142517
1403907942542311424,positive,1.0983002185821533,3.9438157081604004,-0.5283768773078918
1403907945100943369,neutral,1.4152960777282715,1.1521732807159424,0.5406505465507507
1403907947445501953,positive,0.44432809948921204,2.340153932571411,-0.21817132830619812
1403907969276907521,neutral,2.2314300537109375,0.7332258224487305,-0.02025238238275051
1403907972133101570,negative,1.0913065671920776,0.028371836990118027,1.2382618188858032
1403907975912124426,neutral,1.2632194757461548,0.2746291756629944,1.2385073900222778
1403907981641650182,neutral,2.1465115547180176,-0.03407948464155197,0.6392129063606262
1403907990110060544,negative,1.1682517528533936,0.07320769131183624,1.2723761796951294
1403907999748476934,neutral,0.7293338179588318,0.09524228423833847,0.6603712439537048
1403908003749842947,neutral,1.740784764289856,0.5990617871284485,0.6847907304763794
1403908004823519235,negative,0.6770835518836975,-0.7990995645523071,2.896624803543091
1403908008535543811,neutral,2.2314300537109375,0.7332258224487305,-0.02025238238275051
1403908008611098634,neutral,2.290067434310913,-0.11279628425836563,0.6509625315666199
1403908008699174913,neutral,1.354918360710144,0.8150206208229065,0.3085090219974518
1403908013325443076,negative,1.1788218021392822,-0.23777779936790466,1.532719612121582
1403908014369767430,neutral,1.895891547203064,1.5663182735443115,-0.46149206161499023
1403908018773839872,neutral,2.290067195892334,-0.11279625445604324,0.6509624719619751
1403908019805511691,neutral,1.1233007907867432,0.3176567256450653,0.2770874798297882
1403908022817067014,positive,1.5612657070159912,3.3375747203826904,-1.0350524187088013
1403908023383252994,neutral,1.795231580734253,1.232856273651123,0.12408291548490524
1403908024356401158,positive,2.2645883560180664,2.41634464263916,-0.8249159455299377
1403908026046820358,neutral,1.4387911558151245,0.718514621257782,0.29434457421302795
1403908923065839619,neutral,1.7019445896148682,0.7919848561286926,-0.24901185929775238
1403908923078234115,neutral,2.8738975524902344,0.11584179103374481,-0.032442785799503326
1403908924084994049,negative,1.3512951135635376,-0.6527880430221558,1.801153540611267
1403908933224484865,positive,2.6261136531829834,4.299076080322266,-0.8248504996299744
1403908936047108098,neutral,1.6068001985549927,0.5718621611595154,0.6467902064323425
1403908942976090120,positive,2.129213571548462,3.5776615142822266,-0.7784247994422913
1403908946054860803,negative,1.5698213577270508,-1.063865065574646,2.2831382751464844
1403908951507410948,positive,1.479011058807373,2.151555061340332,-0.2731279134750366
1403908953428283392,neutral,0.9987615346908569,0.2515084147453308,0.42901331186294556
1403908960566972425,negative,1.9496124982833862,-1.1339592933654785,2.4230051040649414
1403908962349576199,neutral,2.4676291942596436,0.4318901598453522,0.2910170555114746
1403908962886373377,negative,1.0025371313095093,0.9034087657928467,1.0883132219314575
1403908964232753156,neutral,2.4676291942596436,0.4318901598453522,0.2910170555114746
1403908970398597120,positive,2.0581912994384766,2.2303810119628906,-0.9159570336341858
1403908974450151424,neutral,2.4676291942596436,0.4318901598453522,0.2910170555114746
1403908976186576903,neutral,3.3773179054260254,2.8716578483581543,-1.3752902746200562
1403908979516870656,neutral,1.9180868864059448,0.2399715781211853,0.512604296207428
1403908980393586690,positive,0.5147726535797119,2.5568506717681885,-0.1608547419309616
1403908981698011137,neutral,1.2875597476959229,0.24020972847938538,0.9402807354927063
1403908982691958784,neutral,2.4676291942596436,0.4318901598453522,0.2910170555114746
1403908986072571909,neutral,2.4676291942596436,0.4318901598453522,0.2910170555114746
1403908987284819971,neutral,1.703413724899292,0.3283551037311554,0.40539905428886414
1403908988329074690,neutral,1.9705721139907837,0.4568772614002228,0.49334338307380676
1403908991693078528,neutral,2.290067434310913,-0.11279628425836563,0.6509624719619751
1403908995086053382,negative,1.2986528873443604,-0.7195805907249451,1.6711026430130005
1403908996893978626,negative,1.6242181062698364,-1.1793121099472046,2.367056131362915
1403908998106124289,neutral,2.2827706336975098,0.09409414976835251,0.5725166201591492
1403909001499316224,neutral,1.9705721139907837,0.4568772614002228,0.49334338307380676
1403909003642507264,neutral,0.8998956084251404,0.4209050238132477,0.718692421913147
1403909010772746245,positive,2.1386239528656006,2.3337113857269287,-0.8670845627784729
1403909011163041793,neutral,1.7735201120376587,0.8227633237838745,0.1303054541349411
1403909012807057409,negative,0.919917643070221,-0.5958542823791504,2.56843900680542
1403909014518304773,neutral,2.681105375289917,2.3254284858703613,-1.0183600187301636
1403909021816528900,neutral,1.5175378322601318,0.6902170181274414,-0.6217626333236694
1403909024223875073,neutral,2.4676291942596436,0.4318901300430298,0.2910170555114746
1403909025025175554,neutral,1.4092003107070923,0.058201663196086884,1.2782565355300903
1403909032256147458,neutral,1.0845553874969482,0.15024998784065247,0.7015173435211182
1403909036085551104,positive,0.6009059548377991,1.0171061754226685,0.18663449585437775
1403909037930913792,negative,1.333859920501709,-0.36692243814468384,1.4228252172470093
1403909048341311491,negative,1.3561762571334839,-0.3203214406967163,1.6644971370697021
1403909051784826882,positive,1.0834789276123047,1.7933056354522705,0.5058117508888245
1403909053571473410,neutral,2.4676291942596436,0.4318901598453522,0.2910170555114746
1403909057895829507,negative,0.9856148958206177,-1.0799367427825928,3.966754674911499
1403909058084540417,neutral,2.4676291942596436,0.4318901598453522,0.2910170555114746
1403909061142216709,neutral,1.450630784034729,0.2882401645183563,0.7022727131843567
1403909065676369924,negative,1.0582904815673828,-1.2944998741149902,3.5238888263702393
1403909093899718668,positive,2.2645883560180664,2.41634464263916,-0.8249156475067139
1403909095594377216,negative,1.3813163042068481,-1.3213931322097778,3.4811322689056396
1403909096265244677,neutral,2.4676291942596436,0.4318901598453522,0.2910170555114746
1403909100824629249,neutral,1.7892104387283325,0.5680583119392395,0.023277491331100464
1403909101357240323,negative,1.3568321466445923,-1.0549975633621216,2.478855609893799
1403909102087012352,negative,1.1682517528533936,0.07320769131183624,1.2723761796951294
1403909103357992961,positive,0.7672461271286011,1.4922503232955933,0.2916726768016815
1403909108017795075,negative,0.7055714726448059,-0.6770668625831604,2.8967883586883545
1403909110152712198,negative,0.17259515821933746,-0.34323516488075256,1.8901276588439941
1403909112728010756,negative,0.7055714726448059,-0.6770668625831604,2.8967883586883545
1403909115915620355,negative,0.31192126870155334,0.7736794352531433,1.364043951034546
1403909119594139648,neutral,1.2991116046905518,0.12567391991615295,0.20313210785388947
1403909121200377863,neutral,1.6173207759857178,-0.5526551008224487,1.4150748252868652
1403909135930998786,neutral,1.1523319482803345,0.4380057454109192,0.35201963782310486
1403909137407352833,negative,0.7535238862037659,0.0649043470621109,2.0128326416015625
1403909145309454339,negative,1.3172298669815063,-0.5882142782211304,1.4885895252227783
1403909146274144262,neutral,1.985520601272583,-0.8832018971443176,1.898768424987793
1403909147947642882,neutral,1.3667645454406738,0.30127084255218506,0.9050730466842651
1403909151437344768,negative,1.1682517528533936,0.07320769131183624,1.2723761796951294
1403909152326316034,neutral,1.9382798671722412,1.1019014120101929,-0.1983528733253479
1403909156919136261,neutral,2.4676291942596436,0.4318901598453522,0.2910170555114746
1403909157414133766,negative,0.8434742093086243,-0.057676903903484344,2.3530147075653076
1403909158932336642,positive,2.2645883560180664,2.41634464263916,-0.8249159455299377
1403909159427448832,neutral,1.6214311122894287,0.7267727851867676,0.19638702273368835
1403909160652054530,neutral,2.4676291942596436,0.4318901598453522,0.2910170555114746
1403909163655172097,neutral,2.4676291942596436,0.4318901598453522,0.2910170555114746
1403909164007571457,neutral,1.2542537450790405,0.6510219573974609,0.45031335949897766
1403909165223800839,neutral,2.290067434310913,-0.11279628425836563,0.6509625315666199
1403909173134434306,neutral,1.1258869171142578,0.8679178357124329,0.7946920394897461
1403909173805555715,negative,1.1682517528533936,0.07320769131183624,1.2723761796951294
1403909174296150022,negative,0.4923306405544281,-0.4437985122203827,1.782820224761963
1403909174933786624,negative,1.0829455852508545,0.058578960597515106,1.4188358783721924
1403909178477867009,positive,0.8508366942405701,0.9356423616409302,-0.026888376101851463
1403909181141254144,neutral,2.4676291942596436,0.4318901598453522,0.2910170555114746
1403909184463065096,neutral,2.251558780670166,0.6671533584594727,0.1854322850704193
1403909190121246724,positive,1.1793476343154907,1.4321238994598389,0.1997831165790558
1403909194877530113,neutral,2.4676291942596436,0.4318901598453522,0.2910170555114746
1403909196526071809,negative,0.7055714726448059,-0.6770668625831604,2.8967883586883545
1403909201584267264,neutral,1.6853188276290894,-0.08984830230474472,1.2465298175811768
1403909202507075584,negative,1.4314416646957397,-1.0483880043029785,2.3978028297424316
1403909210199429120,neutral,1.7108948230743408,-0.09891744703054428,0.46639958024024963
1403909214079119360,neutral,1.7735201120376587,0.8227633237838745,0.1303054541349411
1403909216310501388,neutral,2.4676291942596436,0.4318901598453522,0.2910170555114746
1403909217623236609,neutral,2.0179595947265625,0.5218526721000671,-0.38546139001846313
1403909222350393349,neutral,2.290067434310913,-0.11279628425836563,0.6509625315666199
1403909222757195778,negative,1.6191051006317139,-0.9611462950706482,1.941595435142517
1403909223185059841,neutral,2.4676291942596436,0.4318901598453522,0.2910170555114746
1403909226632679434,neutral,2.4676291942596436,0.4318901598453522,0.2910170555114746
1403909227765125120,neutral,2.4676291942596436,0.4318901598453522,0.2910170555114746
1403909230889947141,negative,0.8014615774154663,-0.8159249424934387,2.3668768405914307
1403909236539678722,neutral,2.4676291942596436,0.4318901598453522,0.2910170555114746
1403909246459256833,negative,0.9480046629905701,0.19722461700439453,0.9484748244285583
1403909252297768960,neutral,1.6214311122894287,0.7267727851867676,0.19638702273368835
1403909256735232000,neutral,2.30059552192688,1.3948594331741333,0.4099317789077759
1403909257175748616,neutral,1.3034842014312744,0.5761844515800476,0.9850708842277527
1403909259063083009,negative,1.232214331626892,-1.000233769416809,2.143557071685791
1403909259205742593,negative,1.1283416748046875,-0.6712847352027893,2.6603944301605225
1403909260866584577,negative,1.2467840909957886,-0.6508569121360779,2.2098000049591064
1403909266570833923,neutral,2.4676291942596436,0.4318901598453522,0.2910170555114746
1403909274569482250,neutral,1.6214311122894287,0.7267727851867676,0.19638702273368835
1403909275055972354,neutral,1.4298635721206665,-0.03688903898000717,1.2572267055511475
1403909282735796227,neutral,2.4676291942596436,0.4318901598453522,0.2910170555114746
1403909288058265605,neutral,2.4676291942596436,0.4318901598453522,0.291017085313797
1403909299441647628,negative,1.1682517528533936,0.07320769131183624,1.2723761796951294
1403909300091854851,positive,1.4856951236724854,4.9414191246032715,-1.5051382780075073
1403909303497486338,neutral,2.097437858581543,-0.1800137460231781,1.2525248527526855
1403909310695063555,negative,0.9890283942222595,-0.09946427494287491,1.2591992616653442
1403909312515252224,positive,1.381943702697754,3.56166410446167,-0.6418821215629578
1403909313735761923,neutral,0.755947470664978,-0.40492865443229675,0.7497828006744385
1403909317003300866,neutral,2.4676289558410645,0.431890070438385,0.291017085313797
1403909319435902982,neutral,1.2875597476959229,0.24020972847938538,0.9402807354927063
1403909323642740736,negative,0.8173784017562866,0.4552899897098541,1.1247931718826294
1403909326352179203,neutral,2.1688778400421143,1.1144194602966309,-0.650580108165741
1403909335097352192,neutral,1.4913686513900757,-0.20112234354019165,1.1740351915359497
1403909338796855303,neutral,2.4104886054992676,-0.3365839719772339,0.5958770513534546
1403909342760509442,negative,1.6079429388046265,-0.990795910358429,1.9480571746826172
1403909345981526018,negative,1.0025371313095093,0.9034087657928467,1.0883132219314575
1403909347852226560,positive,1.1793476343154907,1.4321238994598389,0.1997831165790558
1403909347894198274,neutral,1.8806406259536743,0.39035266637802124,0.06435773521661758
1403909349903192064,negative,0.9126260280609131,-0.6874331831932068,2.502459764480591
1403909352218632193,neutral,2.4676291942596436,0.4318901598453522,0.2910170555114746
1403909354500280322,negative,0.8934075236320496,-0.3065814971923828,1.7329717874526978
1403909355016183808,neutral,1.2992538213729858,0.31195488572120667,0.38581401109695435
1403909359692775427,neutral,1.9229201078414917,-0.8940966725349426,1.542733907699585
1403909361286750210,neutral,2.4137067794799805,1.5595502853393555,-0.2740357518196106
1403909363304181761,negative,1.1330897808074951,-0.44365063309669495,1.3610044717788696
1403909369566154756,neutral,1.3200212717056274,0.771104097366333,0.45812705159187317
1403909373471100930,negative,1.1682517528533936,0.07320769131183624,1.2723761796951294
1403909374356066309,neutral,1.7448794841766357,-0.6363257169723511,1.2620335817337036
1403909376172347393,neutral,2.397226572036743,2.0237696170806885,-0.17166513204574585
1403909376713318400,negative,0.997847318649292,0.14642828702926636,1.1150909662246704
1403909377665425409,neutral,1.346082329750061,-0.10712935775518417,0.5571564435958862
1403909378336456707,neutral,2.4676291942596436,0.4318901598453522,0.2910170555114746
1403909378340757504,positive,1.1108124256134033,1.645766019821167,0.32989493012428284
1403909380035137536,negative,1.232214331626892,-1.000233769416809,2.143557071685791
1403909381922693124,neutral,1.797982096672058,-0.7103533744812012,1.4934511184692383
1403909388629430281,neutral,1.6558538675308228,0.2469174563884735,0.42035555839538574
1403909396422332422,neutral,1.2921438217163086,0.07559175789356232,0.6937853693962097
1403909398985011200,neutral,2.4676291942596436,0.4318901598453522,0.2910170555114746
1403909402835386373,negative,0.8895847201347351,0.06170180067420006,1.4556220769882202
1403909403040903171,neutral,2.4676291942596436,0.4318901598453522,0.2910170555114746
1403909404496261126,neutral,1.7718676328659058,0.4630708694458008,0.19353441894054413
1403909404982972416,negative,1.1652328968048096,-0.606586754322052,2.147610664367676
1403909408346628099,neutral,2.4676291942596436,0.4318901598453522,0.2910170555114746
1403909408749404160,neutral,2.4676289558410645,0.43189021944999695,0.2910170257091522
1403909423509086210,neutral,1.9608365297317505,-0.12011072784662247,0.8564099669456482
1403909424079544322,negative,0.8895847201347351,0.06170180067420006,1.4556220769882202
1403909426512371717,neutral,1.310585618019104,-0.012192070484161377,1.1946698427200317
1403909427560734721,negative,1.082222819328308,-0.7970700860023499,1.8392053842544556
1403909431260106752,positive,1.1276806592941284,2.9110584259033203,-0.09100300073623657
1403909442765262849,neutral,2.2171928882598877,0.030835069715976715,0.7684295177459717
1403909445927591937,negative,1.4596118927001953,-0.36109066009521484,1.7132599353790283
1403909451573202945,negative,0.5455570816993713,0.23960795998573303,2.127667188644409
1403909453058035714,neutral,1.8797194957733154,0.07353797554969788,0.7502173185348511
1403909457638219776,positive,2.7849695682525635,3.0628597736358643,-1.14295494556427
1403909458967867392,neutral,1.3540312051773071,0.5946424603462219,1.151192307472229
1403909462314958850,negative,1.2900391817092896,-0.5078409314155579,1.8426637649536133
1403909462503542795,neutral,2.4676291942596436,0.4318901598453522,0.2910170555114746
1403909462990147584,neutral,1.3077123165130615,0.6226286888122559,0.9938340187072754
1403909466399989762,neutral,1.6679543256759644,1.6057196855545044,-0.2640146017074585
1403909468220362754,neutral,0.6914758086204529,-0.36657485365867615,0.6692473292350769
1403909472045748224,neutral,1.7720791101455688,0.2911284565925598,0.3696601390838623
1403909472389578754,neutral,1.2070531845092773,1.1379427909851074,0.3962593972682953
1403909480732049413,positive,1.834247350692749,2.9297800064086914,-0.8752850890159607
1403909480803274764,neutral,1.2817751169204712,0.15934257209300995,0.8172839879989624
1403909486587297798,positive,2.2645883560180664,2.41634464263916,-0.8249159455299377
1403909490760638464,negative,1.0582904815673828,-1.2944998741149902,3.5238888263702393
1403909513133105152,positive,0.6102831959724426,2.317206382751465,0.006594009697437286
1403909516350078976,positive,0.9069277048110962,3.458771228790283,-0.659549355506897
1403909523224498178,positive,3.020097255706787,4.187998294830322,-0.5800175070762634
1403909529448890378,neutral,1.527891993522644,-0.2692835032939911,1.2787257432937622
1403909537887784961,positive,1.3633904457092285,3.2391622066497803,-0.4671429991722107
1403909550932213760,neutral,2.4676291942596436,0.4318901598453522,0.2910170555114746
1403909552689401861,neutral,2.4676291942596436,0.4318901598453522,0.2910170555114746
1403909553654173703,neutral,2.4676291942596436,0.4318901598453522,0.2910170555114746
1403909554325360640,neutral,2.4676291942596436,0.4318901598453522,0.2910170555114746
1403909555998707719,positive,1.5168604850769043,3.3891024589538574,-0.8630306124687195
1403909564458668037,neutral,2.4676291942596436,0.4318901598453522,0.2910170555114746
1403909572314550280,neutral,2.4676291942596436,0.4318901598453522,0.2910170555114746
1403909573551947779,neutral,1.589980959892273,1.3778327703475952,0.21744678914546967
1403909580426383361,neutral,1.795106291770935,1.4882277250289917,-0.4040539264678955
1403909581756153865,neutral,2.4676291942596436,0.4318901300430298,0.291017085313797
1403909588169199622,positive,0.9405357837677002,0.9619831442832947,0.6224111914634705
1403909590060777481,neutral,1.9737882614135742,-0.01429615169763565,0.9346814155578613
1403909594141892610,positive,0.904289722442627,2.7861363887786865,-0.3732946813106537
1403909596830257153,neutral,3.6238749027252197,3.25186824798584,-1.8709620237350464
1403909599028080643,positive,1.1276806592941284,2.9110584259033203,-0.09100300073623657
1403909601267838982,neutral,2.4676291942596436,0.4318901598453522,0.2910170555114746
1403909602010288133,neutral,2.116940975189209,0.49985092878341675,0.809173047542572
1403909604707225601,negative,0.7055714726448059,-0.6770668625831604,2.8967883586883545
1403909613150523400,neutral,2.290067195892334,-0.11279631406068802,0.6509625315666199
1403909613477498881,neutral,1.2325578927993774,0.011236555874347687,0.4173336923122406
1403909614173790211,neutral,0.961452841758728,0.2094516158103943,0.6612213850021362
1403909616941944835,negative,0.8526272177696228,-0.41877123713493347,1.3817235231399536
1403909618351411201,neutral,1.4152960777282715,1.1521732807159424,0.5406505465507507
1403909623237603331,positive,1.2971121072769165,2.7889981269836426,-0.5127849578857422
1403909626027024384,negative,1.328055500984192,-0.5998033285140991,1.7287418842315674
1403909627943612416,neutral,1.0100055932998657,0.3964768946170807,0.7549462914466858
1403909629537525761,neutral,1.641615629196167,0.3775005638599396,0.37242692708969116
1403909630032494596,negative,1.232214331626892,-1.000233769416809,2.143557071685791
1403909633534685188,negative,1.1593538522720337,-0.029344752430915833,1.4317971467971802
1403909637980659713,neutral,2.4676291942596436,0.4318901598453522,0.2910170555114746
1403909638219837442,negative,1.1682517528533936,0.07320769131183624,1.2723761796951294
1403909648785108997,neutral,1.5736628770828247,-0.5898392796516418,1.5216659307479858
1403909649829482503,neutral,2.4676291942596436,0.4318901598453522,0.2910170555114746
1403909652744523776,negative,1.2912635803222656,-0.8398036956787109,2.1811373233795166
1403909658528522245,positive,1.1276806592941284,2.9110584259033203,-0.09100300073623657
1403909658939740160,neutral,1.9988352060317993,0.73826003074646,0.0824231505393982
1403909659052822532,positive,0.3653487265110016,1.0147203207015991,0.6779989004135132
1403909669786054657,negative,1.234927773475647,-0.20489922165870667,1.50859534740448
1403909670117466112,neutral,2.4676291942596436,0.4318901598453522,0.2910170555114746
1403909674542395398,positive,1.0489904880523682,3.016467809677124,-0.9524085521697998
1403909677155557378,neutral,2.245814085006714,1.3702305555343628,-0.48971742391586304
1403909678271275016,neutral,1.8280549049377441,0.14799411594867706,0.6513686776161194
1403909686353612805,negative,0.5844429731369019,-0.39826375246047974,3.1242825984954834
1403909695190966273,neutral,1.895891547203064,1.5663182735443115,-0.46149206161499023
1403909696386306051,positive,1.917600393295288,3.794680118560791,-0.9295639991760254
1403909696529047563,negative,0.8856265544891357,-0.4117126166820526,1.799614667892456
1403909697976025090,positive,0.43054404854774475,1.4954169988632202,0.32894086837768555
1403909698026409987,neutral,2.4676291942596436,0.4318901598453522,0.2910170555114746
1403909698424770560,positive,1.592846393585205,3.4685239791870117,-0.5461574792861938
1403909705752145920,neutral,3.623875141143799,3.251868486404419,-1.8709619045257568
1403909714631696384,neutral,3.1586973667144775,0.956695556640625,-0.4040035307407379
1403909716686774274,positive,0.6626349091529846,1.716387391090393,0.40056678652763367
1403909722391056387,neutral,1.4913686513900757,-0.20112234354019165,1.1740351915359497
1403909723577995269,neutral,2.4676291942596436,0.4318901598453522,0.2910170555114746
1403909724593000448,positive,1.1276806592941284,2.9110584259033203,-0.09100300073623657
1403909724844834816,negative,1.097206950187683,-0.11568140238523483,1.3758710622787476
1403909727273119747,negative,1.458184838294983,-0.9494125247001648,2.107185125350952
1403909729517178881,neutral,2.290067434310913,-0.11279628425836563,0.6509625315666199
1403909731064897537,neutral,3.6238749027252197,3.25186824798584,-1.8709620237350464
1403909733615124482,neutral,0.7535935640335083,0.668988049030304,0.4121117889881134
1403909736320409603,neutral,1.9670894145965576,0.35557055473327637,0.348007470369339
1403909737486471176,neutral,1.7459332942962646,-0.7972562909126282,1.554025411605835
1403909737834446852,neutral,1.9815701246261597,0.632115364074707,0.1684393733739853
1403909742599225350,neutral,1.369621992111206,1.104490876197815,0.35894206166267395
1403909750400557060,neutral,2.290067434310913,-0.11279628425836563,0.6509625315666199
1403909754901221378,neutral,1.5786669254302979,0.15792956948280334,0.6809840202331543
1403909758260846592,negative,0.8434742093086243,-0.057676903903484344,2.3530147075653076
1403909770604580864,neutral,1.692538857460022,0.7602670192718506,0.00591927208006382
1403909771900731392,negative,1.0868782997131348,0.10684934258460999,1.1593453884124756
1403909772538048517,neutral,1.9239603281021118,0.8521581292152405,0.08820921927690506
1403909775268720644,neutral,1.985520601272583,-0.8832018971443176,1.898768424987793
1403909775545364485,neutral,1.9705721139907837,0.4568772614002228,0.49334338307380676
1403909789357207559,neutral,2.4676291942596436,0.4318901598453522,0.2910170555114746
1403909790242312196,negative,1.6191051006317139,-0.9611462950706482,1.941595435142517
1403909790699376646,negative,1.1821287870407104,-0.29029858112335205,1.704939842224121
1403909791659958275,negative,1.2280211448669434,-0.2966148853302002,1.7928532361984253
1403909793140461575,neutral,2.4676291942596436,0.4318901598453522,0.2910170555114746
1403909796433055745,negative,0.7466732263565063,0.520375669002533,1.182565689086914
1403909801877331972,negative,1.4314416646957397,-1.048387885093689,2.3978025913238525
1403909802338578434,positive,1.2362854480743408,4.270515441894531,-1.3106746673583984
1403909805115428865,negative,0.8321161866188049,-1.0016107559204102,3.034390926361084
1403909806344257536,negative,1.0582904815673828,-1.2944998741149902,3.5238888263702393
1403909806432436226,negative,0.9064380526542664,-0.38879770040512085,1.3436473608016968
1403909808399556608,positive,0.8256159424781799,1.4174168109893799,0.010448377579450607
1403909809611608066,negative,1.0582904815673828,-1.2944998741149902,3.5238888263702393
1403909816683163648,negative,1.4211821556091309,-0.9032194018363953,2.25787615776062
1403909822802665472,neutral,1.703413724899292,0.3283551037311554,0.40539905428886414
1403909822974611460,negative,1.1526257991790771,-0.7741723656654358,1.6987684965133667
1403909825679876096,positive,0.40371084213256836,1.3615694046020508,0.5858266353607178
1403909841148690434,negative,1.0582904815673828,-1.2944998741149902,3.5238888263702393
1403909841618456579,neutral,2.4676291942596436,0.4318901598453522,0.2910170555114746
1403909843149234181,neutral,1.5789448022842407,0.49126115441322327,0.5824954509735107
1403909844617379841,negative,1.3570815324783325,-0.6790477633476257,2.074768304824829
1403909846550806528,neutral,2.4676291942596436,0.4318901598453522,0.2910170555114746
1403909850472476683,neutral,1.3761974573135376,-0.013366945087909698,1.103135347366333
1403909854591291395,neutral,2.4676291942596436,0.4318901598453522,0.2910170555114746
1403909855723806722,neutral,1.3787572383880615,0.5123253464698792,1.089599847793579
1403909857875415043,negative,1.3386634588241577,-1.0655044317245483,2.489824056625366
1403909859297226754,neutral,2.056598663330078,1.3509527444839478,0.05986999720335007
1403909859737624577,neutral,2.1427149772644043,0.13805998861789703,0.6056631207466125
1403909866708557826,neutral,2.4676291942596436,0.4318901598453522,0.2910170555114746
1403909868684300290,neutral,1.8933762311935425,0.43896475434303284,-0.09937252849340439
1403909870840021000,neutral,2.5923879146575928,2.110106945037842,-0.6066213846206665
1403909871016169475,positive,1.1130481958389282,2.010319471359253,0.09778156876564026
1403909873969025024,positive,1.1885228157043457,3.0190513134002686,-0.471099317073822
1403909876439347203,neutral,2.4676291942596436,0.4318900406360626,0.2910170555114746
1403909889060048898,negative,1.1682517528533936,0.07320769131183624,1.2723761796951294
1403909889236295683,negative,1.7933858633041382,-1.1788097620010376,2.671978712081909
1403909890079395840,neutral,1.500870704650879,-0.7487019300460815,1.4525808095932007
1403909890461024260,neutral,2.3682303428649902,1.3391155004501343,-0.4382012188434601
1403909893015228418,neutral,1.7735201120376587,0.8227633237838745,0.1303054541349411
1403909893174738944,neutral,2.4676291942596436,0.4318901598453522,0.2910170555114746
1403909896039374850,negative,1.2912635803222656,-0.8398036956787109,2.1811373233795166
1403909899126333443,negative,1.0135916471481323,-0.8394258618354797,2.5812573432922363
1403909899755700224,positive,2.175316333770752,6.679971694946289,-2.132007598876953
1403909902372835330,neutral,2.290067434310913,-0.11279628425836563,0.6509625315666199
1403909921373003776,neutral,1.0097308158874512,0.3378870189189911,0.48971056938171387
1403909921939222530,neutral,1.970571756362915,0.4568772614002228,0.49334338307380676
1403909926129442816,neutral,2.4676291942596436,0.4318901598453522,0.2910170555114746
1403909926548918272,positive,0.9405357837677002,0.9619830846786499,0.6224111914634705
1403909939983052807,negative,1.0582904815673828,-1.2944998741149902,3.5238888263702393
1403909942147358720,negative,0.7466732263565063,0.520375669002533,1.182565689086914
1403909942571061250,neutral,1.8836482763290405,0.8227233290672302,0.6715624928474426
1403909942969606144,negative,1.0165789127349854,0.6976943016052246,1.0265730619430542
1403909949923598341,positive,1.1276806592941284,2.9110584259033203,-0.09100300073623657
1403909950901035012,negative,1.0582904815673828,-1.2944998741149902,3.5238888263702393
1403909956122910723,negative,0.7055714726448059,-0.6770668625831604,2.8967883586883545
1403909956697432069,neutral,1.8366795778274536,-0.1571125090122223,0.3333111107349396
1403909957897048064,neutral,1.8433804512023926,-0.03407517820596695,0.7682921886444092
1403909965828431879,neutral,2.4676291942596436,0.4318901598453522,0.2910170555114746
1403909975596994561,neutral,1.401524543762207,0.36788228154182434,0.27369633316993713
1403909978050727936,negative,0.844551682472229,-0.1949528455734253,2.607001781463623
1403909990469967875,neutral,2.4676291942596436,0.4318901598453522,0.2910170555114746
1403909990595715076,neutral,2.4676291942596436,0.4318901598453522,0.2910170555114746
1403894929311608832,positive,1.5670623779296875,2.018061637878418,0.047303326427936554
1403895660764557316,negative,0.6910394430160522,-0.6686374545097351,1.9885426759719849
1403896012100435972,negative,1.282890796661377,-0.6008241772651672,2.2019379138946533
1403896104958234624,neutral,1.2186863422393799,0.24851691722869873,0.9323281049728394
1403896627241304068,negative,0.6044497489929199,-0.3873666226863861,0.9256305694580078
1403896882611560448,negative,1.4653772115707397,-1.4944615364074707,3.727736711502075
1403897147460755456,negative,1.0867276191711426,0.1709335744380951,1.2650487422943115
1403897380001378305,positive,0.8805142045021057,1.2557138204574585,1.0720804929733276
1403897497119080451,neutral,1.951276421546936,0.5754413604736328,0.43784981966018677
1403897584280903684,neutral,1.476362943649292,0.7442628145217896,0.7831692695617676
1403897832592097280,positive,0.9628881216049194,1.4195536375045776,0.22399872541427612
1403897948577013760,negative,1.0633649826049805,-0.19194158911705017,2.0644867420196533
1403897948807655425,negative,1.0867276191711426,0.1709335744380951,1.2650487422943115
1403898049278054400,negative,0.4719284474849701,-0.2258947789669037,1.8334792852401733
1403898160116817921,neutral,1.6654301881790161,0.010238274931907654,0.8901124596595764
1403898164319563778,negative,1.0633649826049805,-0.19194161891937256,2.0644869804382324
1403898262352846858,negative,1.5901553630828857,-0.992681086063385,2.3126845359802246
1403898317398896641,negative,1.0633649826049805,-0.19194158911705017,2.0644867420196533
1403898420075450370,positive,1.434877872467041,2.488711357116699,-0.4017679989337921
1403898492985221120,negative,0.9558127522468567,0.3622192442417145,0.9841789603233337
1403898533627916290,negative,0.55881267786026,-0.4716625511646271,2.732417106628418
1403898634090041347,negative,0.23348715901374817,0.1685701310634613,1.9621226787567139
1403899138752716804,negative,0.19127601385116577,0.1224125400185585,1.7720705270767212
1403899269761835008,negative,1.333863377571106,-0.7180870175361633,2.110769510269165
1403899486305460224,neutral,2.7878758907318115,1.3349790573120117,-0.5341048836708069
1403899496111611909,negative,1.1774296760559082,-0.4689885675907135,1.7801376581192017
1403899576252178433,negative,1.1699554920196533,-0.7218695282936096,2.004007577896118
1403899603049537540,positive,0.9362965226173401,1.7745168209075928,1.194656491279602
1403899613736701954,negative,0.910844624042511,-0.8107941746711731,2.6188058853149414
1403899636226703366,negative,0.7662561535835266,0.32757315039634705,1.5016239881515503
1403899729642094593,neutral,0.9147477149963379,0.36850303411483765,0.7338995337486267
1403899834831093764,neutral,1.951276421546936,0.5754413604736328,0.43784981966018677
1403900369843916802,negative,1.1758710145950317,-1.107568621635437,2.582639217376709
1403900616489979905,positive,0.25986626744270325,3.869182586669922,-0.6549606919288635
1403901297338818560,neutral,1.812371015548706,0.4669032692909241,0.40942609310150146
1403901722104315906,neutral,1.951276421546936,0.5754413604736328,0.43784981966018677
1403902171700023297,positive,0.97402423620224,1.9660803079605103,0.19996902346611023
1403902201647439875,positive,2.2048351764678955,3.592104196548462,-1.2509045600891113
1403902247872843776,neutral,1.4342360496520996,-0.41177067160606384,1.3607348203659058
1403902299265650690,negative,1.1668790578842163,-1.0707565546035767,2.3818717002868652
1403902452840112130,neutral,1.7176644802093506,-0.4028494358062744,1.1776185035705566
1403902454651969540,negative,1.1668790578842163,-1.0707565546035767,2.3818717002868652
1403903606957383682,positive,0.6637820601463318,4.214313507080078,-1.1535298824310303
1403903874801582090,negative,0.9758313298225403,-0.8517106771469116,1.7848317623138428
1403903879159455751,neutral,2.3597447872161865,-0.04399425536394119,0.4993954002857208
1403903912764182531,negative,1.1668790578842163,-1.0707565546035767,2.3818717002868652
1403903971442368519,neutral,1.77566659450531,0.5232253670692444,0.20647358894348145
1403904056570134530,neutral,1.4395065307617188,-0.1989748179912567,1.2682665586471558
1403904298983907331,negative,1.098454236984253,-0.8160735368728638,2.4510550498962402
1403904317669642243,negative,1.1167794466018677,-0.2572382986545563,1.3404371738433838
1403904683480023041,negative,1.145961046218872,-0.273610383272171,2.0775139331817627
1403904701633019904,negative,1.4397839307785034,-1.0740623474121094,2.4596099853515625
1403904776845266945,neutral,2.1092162132263184,0.9173043966293335,-0.4443066716194153
1403905301179375618,neutral,0.8445578813552856,0.30364367365837097,0.32206499576568604
1403905407286841344,negative,0.22287331521511078,0.25717228651046753,1.2021836042404175
1403906030723944451,neutral,1.1899501085281372,0.5482764840126038,0.9524526596069336
1403906618614484994,neutral,2.0145440101623535,0.4418376684188843,0.37443527579307556
1403907127651958784,neutral,1.0943280458450317,0.5014789700508118,1.0460697412490845
1403907296434950149,negative,0.655666708946228,-0.34839415550231934,3.016235828399658
1403907419986612224,negative,1.1283823251724243,-1.1073524951934814,2.649851083755493
1403907967733301251,negative,1.2966761589050293,-0.5075066685676575,1.9938584566116333
1403908041347678209,neutral,1.553557276725769,-0.01658332347869873,0.5489960312843323
1403908669977227266,negative,1.4751019477844238,-1.2067731618881226,2.9240224361419678
1403908680433639425,negative,1.4751019477844238,-1.2067731618881226,2.9240224361419678
1403908790500552706,neutral,1.3735201358795166,0.9113691449165344,0.39390912652015686
1403908837841666048,negative,1.4751019477844238,-1.2067731618881226,2.9240224361419678
1403908999511261188,negative,1.1668790578842163,-1.0707565546035767,2.3818717002868652
1403909002715492357,negative,1.4751019477844238,-1.2067731618881226,2.9240224361419678
1403909002900107264,negative,1.4751019477844238,-1.2067731618881226,2.9240224361419678
1403909021640257537,positive,0.8148747682571411,2.801260232925415,0.0020396262407302856
1403909069300113408,negative,1.4751019477844238,-1.2067731618881226,2.9240224361419678
1403909126179069952,negative,1.4751019477844238,-1.206773281097412,2.9240224361419678
1403909135083524100,negative,1.4751019477844238,-1.2067731618881226,2.9240224361419678
1403909180482723842,negative,1.4751019477844238,-1.2067731618881226,2.9240224361419678
1403909224321617921,negative,1.4751019477844238,-1.2067731618881226,2.9240224361419678
1403909280508436486,negative,1.4751019477844238,-1.2067731618881226,2.9240224361419678
1403909532959621126,negative,0.578974723815918,0.18777281045913696,1.6452281475067139
1403909558595162113,negative,1.4751019477844238,-1.2067731618881226,2.9240221977233887
1403909564529930244,negative,1.4751020669937134,-1.2067731618881226,2.9240221977233887
1403909595169394690,positive,1.2430980205535889,1.601650357246399,0.532504141330719
1403909619542466566,positive,0.9747747182846069,1.2009215354919434,0.6884917616844177
1403909644087533568,negative,1.4751020669937134,-1.2067731618881226,2.9240224361419678
1403909647447199749,negative,1.3047226667404175,-0.38142886757850647,2.1309869289398193
1403909648541908992,negative,1.4751019477844238,-1.2067731618881226,2.9240224361419678
1403909689474117633,negative,1.4751019477844238,-1.2067731618881226,2.9240221977233887
1403909695115448324,negative,1.4751019477844238,-1.2067731618881226,2.9240224361419678
1403909707132116995,negative,1.4751019477844238,-1.2067731618881226,2.9240224361419678
1403909829660266496,negative,1.4751019477844238,-1.2067731618881226,2.9240224361419678
1403909850522738691,negative,1.4751019477844238,-1.2067731618881226,2.9240224361419678
1403897240083652609,neutral,2.4873712062835693,1.5901477336883545,-0.5622338056564331
1403897536104992768,neutral,2.3418734073638916,2.009228467941284,0.05528898164629936
1403897705772961795,negative,1.1158829927444458,-0.2969372272491455,2.3461203575134277
1403897795531067395,negative,0.9523003697395325,-0.5762248039245605,2.5932013988494873
1403902617076617219,negative,1.247349739074707,-0.35982927680015564,2.190333366394043
1403904777738653696,neutral,2.155503034591675,1.7497665882110596,-0.40034133195877075
1403905215162580993,positive,1.5331004858016968,1.7710685729980469,0.10592411458492279
1403905477554147338,positive,1.4325273036956787,2.232043743133545,0.11824419349431992
1403905793586458625,negative,0.8293381929397583,0.4454265236854553,1.5997954607009888
1403894894985236481,neutral,1.5707004070281982,0.04111606255173683,1.3472286462783813
1403894895480168452,neutral,2.064013957977295,0.8375533819198608,0.3723246157169342
1403894896218550272,positive,1.3550952672958374,4.641026496887207,-1.393755555152893
1403894896386211843,neutral,2.849505662918091,1.5946353673934937,-0.5205615758895874
1403894901633261569,neutral,2.416379690170288,1.7006138563156128,-0.5198522806167603
1403894903009128451,negative,1.5234466791152954,-0.910149097442627,2.105562925338745
1403894907224350723,neutral,2.2259788513183594,1.168532133102417,0.7082808613777161
1403894908621135873,neutral,1.980102777481079,0.21489250659942627,0.8390305638313293
1403894911636627457,neutral,2.2250287532806396,0.2049349844455719,0.33934783935546875
1403894911913512961,negative,1.1095303297042847,-1.0723479986190796,2.6612329483032227
1403894914841251844,negative,1.3478196859359741,-0.6214807629585266,1.6771737337112427
1403894915424206850,positive,1.2594764232635498,1.7717695236206055,0.04681377112865448
1403894917684887555,neutral,2.0065088272094727,-0.17198944091796875,0.6704961657524109
1403894920364974088,neutral,1.7867693901062012,0.24167543649673462,0.8695610761642456
1403894922340675585,neutral,2.1302239894866943,0.15228040516376495,0.6638628840446472
1403894926803353604,negative,1.2183701992034912,-0.7766357660293579,1.547485113143921
1403894927247888386,negative,1.4298070669174194,-0.18361616134643555,1.5852128267288208
1403894932364877829,neutral,1.1805706024169922,0.6838725209236145,0.8448241353034973
1403894938555846662,negative,1.3994568586349487,-1.0115783214569092,2.375943183898926
1403894941294551043,neutral,1.7318115234375,-0.36532077193260193,1.1051603555679321
1403894942221672451,negative,1.0032166242599487,0.08473712205886841,1.6497551202774048
1403894954007609351,negative,0.7376102805137634,-0.3874269723892212,2.0067639350891113
1403894955026923523,neutral,1.628524899482727,-0.3375774621963501,1.4877090454101562
1403894955802828805,negative,1.4430588483810425,-0.21344169974327087,2.1658825874328613
1403894956335370247,positive,1.5017744302749634,2.0273571014404297,-0.9313311576843262
1403894961167212549,neutral,2.174654960632324,1.938976764678955,-0.5308285355567932
1403894962635243522,neutral,2.68962025642395,0.46731632947921753,0.14506153762340546
1403894969899880455,negative,0.22176338732242584,0.8489289283752441,1.4700124263763428
1403894969945964544,negative,0.7660762667655945,-0.027373775839805603,1.649476408958435
1403894973934702593,negative,0.9045189619064331,-0.5423752665519714,1.8223103284835815
1403894983149510660,neutral,1.6617255210876465,-0.45211663842201233,1.106914758682251
1403894985326481409,neutral,1.4819095134735107,1.0716897249221802,-0.10129066556692123
1403894986349895683,neutral,1.7425469160079956,-0.4702669084072113,1.4702472686767578
1403894989508075523,neutral,2.0340540409088135,0.8374435305595398,0.46283137798309326
1403894990619643905,neutral,1.4555433988571167,-0.2223110795021057,1.07675039768219
1403894990661586949,neutral,2.0340540409088135,0.8374435305595398,0.46283137798309326
1403895002955075592,negative,1.0406111478805542,-0.12908172607421875,1.6102451086044312
1403895010035073027,negative,0.5991268157958984,0.35607966780662537,1.6470433473587036
1403895012459388929,neutral,1.6170686483383179,0.6647118926048279,0.021744299679994583
1403895016305704963,positive,0.581121027469635,1.5115593671798706,0.9557740688323975
1403895018511732738,positive,1.427843689918518,2.39263916015625,-0.52579265832901
1403895026959142912,neutral,1.20783531665802,-0.139670729637146,1.0769602060317993
1403895028578140162,negative,0.8198347687721252,0.22831636667251587,1.390161156654358
1403895031312887808,negative,1.6749752759933472,-0.922268271446228,1.904448390007019
1403895034584436744,negative,1.6749752759933472,-0.922268271446228,1.904448390007019
1403895036165693443,neutral,1.7447829246520996,-0.4588269293308258,1.3836078643798828
1403895039324037120,negative,1.2803192138671875,-0.862385094165802,2.2865841388702393
1403895040922075137,negative,0.8824098706245422,0.7585120797157288,1.1406304836273193
1403895043249872896,neutral,2.819514274597168,0.42936235666275024,-0.04353538900613785
1403895049927237632,neutral,2.2542731761932373,-0.32534781098365784,1.0625760555267334
1403895050761912323,negative,1.2633001804351807,-0.8056528568267822,2.3688559532165527
1403895051751673857,negative,1.1061605215072632,-1.0208475589752197,2.9763119220733643
1403895062845480961,negative,1.6362247467041016,-0.9491366147994995,2.1800994873046875
1403895067933245448,positive,1.4809303283691406,2.0870871543884277,0.030959278345108032
1403895072140238848,negative,0.7660762667655945,-0.027373723685741425,1.649476408958435
1403895078452547584,neutral,2.009315013885498,-0.9499847888946533,1.9221587181091309
1403895078976987136,neutral,2.134505033493042,-0.5447365641593933,1.0128284692764282
1403895081581617152,neutral,2.108184337615967,0.04991757124662399,0.5085699558258057
1403895089039122432,neutral,2.134505033493042,-0.5447365045547485,1.0128284692764282
1403895097335353345,negative,0.8546708822250366,-0.41334983706474304,2.0964250564575195
1403895098069291010,negative,1.6893224716186523,-0.8477274775505066,2.2417750358581543
1403895099180859392,neutral,1.7347675561904907,-0.12841814756393433,0.9687022566795349
1403895109482078208,positive,0.5666499733924866,1.471297264099121,1.2287694215774536
1403895109595267073,negative,1.0375115871429443,-1.030944585800171,3.056837320327759
1403895113277919237,neutral,2.134505033493042,-0.5447365045547485,1.0128284692764282
1403895114943041537,neutral,2.134505033493042,-0.5447365045547485,1.0128284692764282
1403895115807068168,negative,1.7258350849151611,-1.0842846632003784,2.210465908050537
1403895118524989444,negative,0.9910765886306763,0.02527981996536255,1.428025245666504
1403895119158288387,neutral,1.5309662818908691,-0.5180426836013794,1.4977409839630127
1403895125810495488,neutral,1.3605438470840454,-0.29431813955307007,1.3146916627883911
1403895126821412866,neutral,2.134504795074463,-0.5447365045547485,1.0128284692764282
1403895127936954371,negative,1.9025137424468994,-1.2346006631851196,2.6786887645721436
1403895128280887300,negative,0.6932543516159058,-1.2470340728759766,3.6931991577148438
1403895130025725953,neutral,1.966542363166809,-0.36091819405555725,0.9689639210700989
1403895134542991362,neutral,1.340545654296875,0.34089195728302,1.0322970151901245
1403895141794861056,neutral,1.4605356454849243,0.4492506980895996,1.0026233196258545
1403895143082598407,negative,1.5731686353683472,-0.749760091304779,1.783108115196228
1403895144122826752,positive,1.4450966119766235,2.429471731185913,-0.14407584071159363
1403895146840838145,negative,0.9045189619064331,-0.5423752665519714,1.8223103284835815
1403895147234938882,negative,1.330115556716919,-0.5424874424934387,1.3652006387710571
1403895153685901316,neutral,1.3433271646499634,-0.19526025652885437,0.2547970116138458
1403895155065647116,neutral,2.564032793045044,0.47623759508132935,0.25841715931892395
1403895156864995328,neutral,2.227825880050659,0.1955217719078064,0.5957903861999512
1403895156907069441,neutral,1.7347675561904907,-0.12841814756393433,0.9687022566795349
1403895160489062405,neutral,3.1563355922698975,0.5584075450897217,-1.1545124053955078
1403895162879700992,neutral,1.9284117221832275,-0.9497156739234924,1.6383808851242065
1403895163257188354,neutral,1.4236788749694824,0.26232802867889404,0.9233824014663696
1403895164498636801,positive,1.5672168731689453,4.843924522399902,-1.357983946800232
1403895164742082564,negative,0.6858412027359009,-0.1036500409245491,1.6947098970413208
1403895174246277121,neutral,1.6318891048431396,0.1477544605731964,1.3448158502578735
1403895175928188930,negative,1.1095303297042847,-1.0723479986190796,2.6612329483032227
1403895181250727938,neutral,2.564032793045044,0.47623753547668457,0.2584170997142792
1403895183389851649,negative,0.8349378108978271,-0.5429553389549255,2.7229018211364746
1403895185252044807,negative,1.04806387424469,-1.3483871221542358,3.7130544185638428
1403895185713504257,positive,0.7131140828132629,1.9827405214309692,0.37501785159111023
1403895185742995469,neutral,1.4747129678726196,-0.3882584869861603,0.9629560112953186
1403895190654390276,negative,1.1095303297042847,-1.0723479986190796,2.6612329483032227
1403895193695358976,neutral,2.0619709491729736,0.48435652256011963,0.20201025903224945
1403895196903936000,positive,1.8521860837936401,4.706425189971924,-1.422881007194519
1403895200733437958,neutral,1.5884548425674438,0.11379849910736084,0.9147957563400269
1403895203858157568,negative,1.8169443607330322,-1.0411242246627808,2.2636642456054688
1403895205611384833,negative,1.4333868026733398,-0.4321071207523346,1.4537643194198608
1403895207934922753,neutral,1.560870885848999,-0.14212092757225037,1.0632072687149048
1403895208782319619,negative,0.9724102020263672,0.3549295961856842,1.3328495025634766
1403895209142882308,neutral,2.0558481216430664,0.06527915596961975,0.8111475110054016
1403895211533627395,neutral,2.0558481216430664,0.06527919322252274,0.8111474514007568
1403895213270110208,neutral,1.8406026363372803,-0.2807752788066864,1.0959452390670776
1403895213907611653,neutral,2.0558481216430664,0.06527919322252274,0.8111474514007568
1403895216092815362,neutral,2.0558481216430664,0.06527919322252274,0.8111474514007568
1403895217074356235,negative,1.0190633535385132,0.16756848990917206,1.149421215057373
1403895218684928003,neutral,2.564032793045044,0.47623753547668457,0.25841718912124634
1403895219058212865,neutral,2.345184326171875,0.3315011262893677,0.44698405265808105
1403895219687366657,neutral,2.6695542335510254,1.3658323287963867,-0.34204238653182983
1403895223772618752,neutral,1.5518792867660522,-0.6095095872879028,1.2530858516693115
1403895225722957824,neutral,1.4299315214157104,0.8489764332771301,0.788951575756073
1403895225916010496,neutral,1.7992322444915771,0.5328911542892456,0.4422611892223358
1403895233314578434,neutral,1.5884549617767334,0.11379852890968323,0.9147957563400269
1403895240864546819,negative,1.1064298152923584,0.918620765209198,1.131809115409851
1403895241975889920,negative,1.4242156744003296,-0.8046429753303528,1.5965750217437744
1403895249408307203,negative,0.10975523293018341,-0.15493398904800415,1.9888337850570679
1403895249777434625,negative,1.5729036331176758,-1.1100430488586426,2.4203197956085205
1403895250322477056,neutral,2.404076337814331,1.0666499137878418,-0.06713510304689407
1403895256186331139,neutral,2.2051637172698975,1.1192258596420288,0.5333252549171448
1403895261840117765,negative,1.0027610063552856,0.17002877593040466,1.5358264446258545
1403895264495161345,negative,1.4641473293304443,-0.7397876381874084,2.2951035499572754
1403895267389165575,negative,1.0459620952606201,-0.683833122253418,2.8726277351379395
1403895272086724612,neutral,1.8159394264221191,0.8519237637519836,0.2401110678911209
1403895274863529985,neutral,2.134505033493042,-0.5447365045547485,1.0128284692764282
1403895277900103686,positive,0.7853474020957947,1.0516834259033203,0.8116410970687866
1403895283272982530,neutral,1.5360972881317139,0.3131565451622009,0.5808978080749512
1403895286725021696,negative,1.0295188426971436,-0.3072899580001831,1.6254570484161377
1403895288725573633,negative,1.0641138553619385,-0.8838610053062439,2.551604747772217
1403895295012974596,negative,1.45966637134552,-0.9391846060752869,2.441575288772583
1403895305070809093,neutral,1.5808013677597046,0.9605753421783447,0.7016062140464783
1403895323240501249,neutral,2.6395864486694336,1.639054536819458,-0.5062190294265747
1403895332690436101,negative,1.2188551425933838,-0.830547571182251,1.7328925132751465
1403895335219462145,neutral,1.9052820205688477,0.19502553343772888,-0.15659616887569427
1403895339329884162,negative,1.3631175756454468,-0.5449048280715942,1.6357059478759766
1403895349702324224,neutral,1.7318115234375,-0.36532077193260193,1.1051603555679321
1403895361509470208,neutral,1.7447829246520996,-0.4588269293308258,1.3836078643798828
1403895362746830849,negative,0.2944347560405731,-0.3610439896583557,2.683682918548584
1403895362847449092,negative,0.6778050661087036,-0.09730354696512222,1.6881202459335327
1403895366819270656,negative,1.1095303297042847,-1.0723479986190796,2.6612329483032227
1403895371399528449,negative,1.4829021692276,-1.2480932474136353,2.89302659034729
1403895371848290307,neutral,1.857272982597351,-0.7246646285057068,1.318716049194336
1403895384628338688,negative,1.2944207191467285,-0.540544867515564,1.671918272972107
1403895384988995584,neutral,1.0529630184173584,0.8452242612838745,0.4278526306152344
1403895389565034502,positive,1.123289704322815,2.696949005126953,-0.21265308558940887
1403895391339302914,negative,0.8697301745414734,-0.25716838240623474,1.2436619997024536
1403895394795462656,positive,2.327493190765381,2.6731505393981934,-0.7213387489318848
1403895395298725888,neutral,1.669013261795044,0.509914755821228,1.0441033840179443
1403895402068250625,negative,0.4943183958530426,-0.14084753394126892,2.2398765087127686
1403895413481029636,positive,0.9730463624000549,1.1466256380081177,-0.269247442483902
1403895415062290439,negative,1.369413137435913,-0.7410086989402771,1.7854818105697632
1403895428261744644,negative,0.7412721514701843,-0.6092938780784607,2.607665777206421
1403895428509278209,positive,1.265167236328125,1.368198275566101,0.4608086049556732
1403895450256695301,neutral,2.083920955657959,-0.6218613386154175,0.4465391933917999
1403895450399297538,negative,1.3994568586349487,-1.0115783214569092,2.375943183898926
1403895454820188165,negative,0.21495801210403442,0.41248562932014465,1.6497524976730347
1403895459362467840,positive,0.8030205368995667,2.2165045738220215,-0.38838711380958557
1403895462143217671,neutral,2.564032793045044,0.47623756527900696,0.25841712951660156
1403895462470561798,negative,1.6749752759933472,-0.922268271446228,1.904448390007019
1403895462751571968,neutral,2.44941782951355,1.5436813831329346,-0.3881591558456421
1403895464370507777,positive,1.5351802110671997,2.5321078300476074,-0.22777409851551056
1403895467147153408,negative,1.5505293607711792,-0.737608790397644,1.7440871000289917
1403895473618898945,neutral,1.8407973051071167,0.5985845923423767,0.7985447645187378
1403895474097201154,neutral,2.031527280807495,0.6422837972640991,0.14721901714801788
1403895476680810498,negative,1.106699824333191,-0.8095400333404541,2.174745798110962
1403895477112815616,neutral,1.5884549617767334,0.11379852890968323,0.9147957563400269
1403895485446995969,negative,1.3631175756454468,-0.5449048280715942,1.6357059478759766
1403895487925686278,negative,1.5234466791152954,-0.910149097442627,2.105562925338745
1403895488349409283,neutral,2.3333089351654053,0.29950445890426636,0.7448736429214478
1403895490031210496,positive,1.6514208316802979,2.2423758506774902,-0.4032471179962158
1403895492480835586,negative,0.6858411431312561,-0.10365007072687149,1.6947098970413208
1403895495685181443,negative,1.4057164192199707,-1.0553854703903198,2.3998963832855225
1403895497908183042,neutral,2.345184326171875,0.3315011262893677,0.44698405265808105
1403895501834002435,negative,1.3588690757751465,-0.4039478003978729,1.951837420463562
1403895506464493578,neutral,1.3055835962295532,0.7264371514320374,0.5710110664367676
1403895510914772995,neutral,2.564032793045044,0.47623759508132935,0.25841715931892395
1403895513817157635,neutral,1.7173205614089966,-0.9296233057975769,1.6149559020996094
1403895517537607683,neutral,2.134505033493042,-0.5447365045547485,1.0128284692764282
1403895529810108423,positive,1.706410527229309,3.1302425861358643,-0.6719465255737305
1403895534260215809,neutral,2.1785802841186523,0.07211965322494507,0.7192800045013428
1403895534729977856,neutral,1.5884549617767334,0.11379852890968323,0.9147957563400269
1403895536835432449,neutral,1.739899754524231,1.7018306255340576,-0.0579022616147995
1403895544695517191,neutral,1.8669588565826416,0.2830112874507904,0.1460549384355545
1403895546843041793,negative,0.615690290927887,-0.7505446672439575,3.16849684715271
1403895547442778113,neutral,1.6183184385299683,-0.31934767961502075,1.4141733646392822
1403895548587896834,neutral,1.239845871925354,1.0510064363479614,0.7451474070549011
1403895556347371522,neutral,1.0537900924682617,-0.3408474326133728,1.043122410774231
1403895564757049344,neutral,2.0340540409088135,0.8374435305595398,0.46283137798309326
1403895566103302144,neutral,1.2087035179138184,-0.11926139146089554,1.193151831626892
1403895578522759171,neutral,1.653896450996399,0.08121374994516373,1.1813551187515259
1403895578782670850,negative,0.6247993111610413,-1.001936912536621,3.4207611083984375
1403895585560838146,neutral,1.3605438470840454,-0.29431813955307007,1.3146916627883911
1403895589188911106,negative,0.7660762667655945,-0.027373723685741425,1.649476408958435
1403895590719733767,negative,0.4866907298564911,-1.257615327835083,4.153573989868164
1403895595777990658,negative,0.7671579122543335,-0.8747581243515015,3.489182472229004
1403895612718915585,negative,1.6798210144042969,-1.0143959522247314,2.0871665477752686
1403895615537483777,negative,1.1319074630737305,-0.029763221740722656,1.7064460515975952
1403895617559072770,negative,1.6566767692565918,-0.6636467576026917,2.0612025260925293
1403895619664572417,negative,0.9129555821418762,-0.5012332797050476,1.065040946006775
1403895620121751554,neutral,1.750612497329712,-0.1564950942993164,1.0261890888214111
1403895630179753984,negative,1.3994568586349487,-1.0115783214569092,2.375943183898926
1403895630330695687,negative,0.8993787169456482,-0.9335716366767883,3.1311004161834717
1403895635951116298,neutral,1.1407285928726196,-0.04778597503900528,1.010185718536377
1403895638606090240,neutral,1.8328462839126587,0.11764788627624512,0.5876487493515015
1403895639365275650,negative,0.4851400554180145,0.4655415415763855,1.4379104375839233
1403895642469003274,negative,0.7127264738082886,-0.6359366178512573,2.66195011138916
1403895642787696644,negative,1.1161452531814575,-0.9180017113685608,2.8605475425720215
1403895647728803841,neutral,1.721450686454773,-0.20477187633514404,1.0222793817520142
1403895649473490945,negative,0.5834312438964844,0.2778727114200592,1.6850618124008179
1403895650970972160,positive,2.2470669746398926,3.209402084350586,-0.374636173248291
1403895651356794880,positive,1.265167236328125,1.368198275566101,0.4608086049556732
1403895653198024707,neutral,1.5884549617767334,0.11379852890968323,0.9147957563400269
1403895653521145858,negative,1.2912025451660156,-0.8298385739326477,2.404430866241455
1403895655198646277,neutral,0.80118727684021,-0.24967718124389648,0.398820698261261
1403895656637423622,neutral,1.4620394706726074,-0.5700684785842896,1.2795374393463135
1403895658700939265,neutral,1.5424046516418457,-0.17242762446403503,0.35563546419143677
1403895673502699523,neutral,1.7593601942062378,-0.33442410826683044,1.6661977767944336
1403895680570060807,negative,1.1095303297042847,-1.0723479986190796,2.6612329483032227
1403895697980608512,neutral,2.909120798110962,1.4456332921981812,-0.5361258387565613
1403895698806898691,neutral,2.136561393737793,-0.338322252035141,0.9548542499542236
1403895706490871809,positive,0.4702591300010681,1.0454379320144653,0.8921408653259277
1403895707350798341,neutral,1.2347664833068848,0.23889851570129395,0.979621410369873
1403895711435984897,neutral,0.9373952746391296,0.2591249346733093,0.4864675998687744
1403895714694897665,negative,1.115087628364563,-0.6604923009872437,2.5381240844726562
1403895716985163776,negative,1.458349585533142,-0.44713762402534485,1.8046298027038574
1403895717576462338,neutral,2.1375322341918945,0.8115301132202148,0.07927855849266052
1403895721607143428,negative,1.3597475290298462,-0.5435618758201599,2.349280834197998
1403895725373546496,negative,1.1095303297042847,-1.0723479986190796,2.6612329483032227
1403895727261028352,neutral,1.6310269832611084,0.05723196268081665,0.6095985174179077
1403895741073051653,neutral,2.1785805225372314,0.07211966812610626,0.7192801237106323
1403895757892046856,neutral,2.597618579864502,-0.5585875511169434,0.6555187702178955
1403895759972483072,neutral,2.0305442810058594,-1.0183510780334473,1.7822397947311401
1403895761151180801,negative,1.5360808372497559,-0.5445994734764099,1.728179931640625
1403895762623336450,negative,1.5424654483795166,-0.6498593688011169,1.8683552742004395
1403895764112138250,neutral,2.564032793045044,0.47623759508132935,0.25841715931892395
1403895764913332226,neutral,1.8498377799987793,-0.3935635983943939,1.3874765634536743
1403895766964269059,negative,0.9785101413726807,0.1828746795654297,1.3054721355438232
1403895771070570498,positive,1.5720866918563843,1.6394723653793335,-0.1765170693397522
1403895775940120581,neutral,1.7318115234375,-0.36532077193260193,1.1051603555679321
1403895777668304906,positive,1.6607352495193481,2.001598358154297,-0.0032193120568990707
1403895777806540802,neutral,1.8691531419754028,0.42398780584335327,0.47387948632240295
1403895786367197188,negative,0.6904276609420776,-1.1104627847671509,3.4133338928222656
1403895786765705226,neutral,1.7447829246520996,-0.4588269293308258,1.3836078643798828
1403895788032380930,neutral,1.7298527956008911,-0.22336497902870178,0.9892057180404663
1403895790272122880,neutral,1.6096781492233276,-0.3745940923690796,1.4840366840362549
1403895792734068739,neutral,2.597618579864502,-0.5585875511169434,0.6555187702178955
1403895805543469056,negative,1.2253515720367432,-0.9473312497138977,1.8812943696975708
1403895805593804803,negative,1.0232188701629639,0.8956347107887268,1.2863131761550903
1403895807233957893,neutral,2.598297119140625,1.0073429346084595,-0.18753379583358765
1403895808622141440,neutral,1.6896464824676514,-0.694953978061676,1.613128423690796
1403895811461812227,negative,0.9650877714157104,-0.7306802868843079,2.9872446060180664
1403895814225907715,negative,1.3447271585464478,-0.1846737265586853,1.4566727876663208
1403895818982072321,negative,1.1986476182937622,0.010338522493839264,1.6460142135620117
1403895820533977091,neutral,1.5884549617767334,0.11379852890968323,0.9147957563400269
1403895822664626178,negative,1.5368900299072266,-0.5692426562309265,1.6669560670852661
1403895826091552769,negative,0.979347288608551,-0.3547338843345642,1.6176661252975464
1403895827328868363,negative,1.378612995147705,-0.9678191542625427,2.2931413650512695
1403895829648142337,negative,1.459093689918518,-1.2287975549697876,3.3073627948760986
1403895830281527297,negative,1.5367953777313232,-1.3581922054290771,2.9836626052856445
1403895830663204867,negative,1.1754719018936157,-0.39768582582473755,2.2344322204589844
1403895831195885569,positive,1.401495099067688,1.4131925106048584,0.2922426760196686
1403895834387922946,negative,0.6858412027359009,-0.1036500409245491,1.6947098970413208
1403895836602519553,neutral,1.363346815109253,0.6485008597373962,-0.07173123210668564
1403895836988391432,neutral,1.5884549617767334,0.11379852890968323,0.9147957563400269
1403895837160218624,neutral,2.1342415809631348,1.5053045749664307,-0.3930591940879822
1403895840826142722,neutral,1.6674158573150635,-0.7868584394454956,1.5854469537734985
1403895850288390144,neutral,1.7447829246520996,-0.4588269293308258,1.3836078643798828
1403895856349159425,negative,0.7468393445014954,-1.3894060850143433,4.188084125518799
1403895859469639689,neutral,1.8223942518234253,0.26194024085998535,0.8330761194229126
1403895861843746819,neutral,2.049136161804199,0.03473428264260292,0.5319875478744507
1403895862602784776,negative,1.624729037284851,-1.2017362117767334,2.7068941593170166
1403895862607052801,neutral,3.221829891204834,1.214076042175293,-0.934495210647583
1403895863085207552,positive,2.951698064804077,2.9836385250091553,-1.1120225191116333
1403895868722454530,positive,1.7064106464385986,3.1302425861358643,-0.6719465851783752
1403895870081454082,neutral,1.7903540134429932,-0.22666117548942566,1.252231478691101
1403895873373868033,neutral,1.6324905157089233,0.36933398246765137,0.1150127574801445
1403895877895327746,neutral,2.134505033493042,-0.5447365045547485,1.0128284692764282
1403895880151814146,neutral,2.4455487728118896,0.41223886609077454,-0.644511878490448
1403895884090286080,neutral,1.7318115234375,-0.36532077193260193,1.1051603555679321
1403895884488732673,neutral,1.587239146232605,0.31317055225372314,0.9432631134986877
1403895904654987266,negative,1.5513622760772705,-1.1754378080368042,2.3156652450561523
1403895904805982208,negative,0.7719670534133911,-0.14480060338974,1.7995573282241821
1403895909746839554,negative,1.2988107204437256,-0.4304185211658478,1.9300403594970703
1403895911160303621,neutral,2.153657913208008,0.030738744884729385,0.6911150217056274
1403895912649289728,negative,1.5950138568878174,-1.4132771492004395,3.529737949371338
1403895915723821069,negative,1.4878159761428833,-1.267868995666504,2.9954166412353516
1403895916520562690,neutral,2.564032793045044,0.47623759508132935,0.25841715931892395
1403895918181683201,negative,0.4382024109363556,-0.030944496393203735,1.3841605186462402
1403895919167291392,neutral,1.8247511386871338,1.279354453086853,-0.14863193035125732
1403895920270319617,negative,1.2664713859558105,-1.1262704133987427,2.871267557144165
1403895924162580480,neutral,2.6695542335510254,1.3658323287963867,-0.34204238653182983
1403895925089525761,negative,0.9696890711784363,0.18754813075065613,1.5541598796844482
1403895929904709635,neutral,1.9213663339614868,0.20578038692474365,0.15448926389217377
1403895934996656135,neutral,1.6779053211212158,-0.7207061052322388,1.4271419048309326
1403895937924321280,neutral,1.8871649503707886,-0.4537316858768463,1.5629805326461792
1403895938440118275,neutral,1.7891011238098145,-0.5709350109100342,1.0083608627319336
1403895944962138117,negative,0.9045189619064331,-0.5423752665519714,1.8223103284835815
1403895960057434114,negative,1.278017282485962,-0.8162198662757874,2.619683265686035
1403895969138167810,negative,0.9989975094795227,-0.6406260132789612,2.094266176223755
1403895971025719297,neutral,1.149227261543274,0.4822411835193634,0.7163058519363403
1403895990160134145,negative,1.229433536529541,-0.14744266867637634,1.4514418840408325
1403895993129750529,negative,1.727341651916504,-0.7378230690956116,2.6880600452423096
1403895994069094401,negative,0.7881261110305786,-0.2803705334663391,1.8455605506896973
1403895994190766081,neutral,1.3252313137054443,0.30451804399490356,0.8438906073570251
1403895994987712512,negative,0.7198123931884766,0.1045340895652771,1.567816138267517
1403896000666865664,negative,1.3634313344955444,-0.4072776436805725,1.7472953796386719
1403896001749041155,negative,0.405952125787735,-0.9608805775642395,4.282626152038574
1403896007440568321,negative,1.9147324562072754,-1.1566320657730103,2.3933675289154053
1403896014164172800,neutral,1.371738076210022,-0.047720037400722504,0.926604151725769
1403896017997664262,negative,1.039687991142273,-0.7001085877418518,2.597970724105835
1403896022305153029,neutral,1.7318115234375,-0.36532077193260193,1.1051603555679321
1403896027241975818,negative,0.3546239137649536,-0.6843876838684082,3.839718818664551
1403896039657021441,neutral,1.4591150283813477,0.811735987663269,0.5162785649299622
1403896043872210945,negative,1.8964550495147705,-1.0885086059570312,2.047759771347046
1403896046560841730,neutral,1.141572117805481,0.5928621292114258,0.33209288120269775
1403896049513779202,negative,1.0603200197219849,-0.7820571064949036,1.8357250690460205
1403896052160163842,neutral,1.6459001302719116,0.16174960136413574,0.1567685902118683
1403896053405999105,neutral,2.3533875942230225,0.44686850905418396,0.0938543975353241
1403896065091309568,neutral,1.6424987316131592,0.0736892893910408,1.5878522396087646
1403896065397387268,neutral,1.619908094406128,1.0808926820755005,0.645126223564148
1403896068492890118,neutral,1.5396281480789185,1.4210231304168701,-0.278195321559906
1403896070531272706,neutral,2.564032793045044,0.47623753547668457,0.25841715931892395
1403896073068978181,negative,1.1221421957015991,0.19869114458560944,2.1326162815093994
1403896075501535233,neutral,1.1463059186935425,-0.2197105586528778,1.1451839208602905
1403896076961079296,negative,1.45966637134552,-0.9391846060752869,2.441575288772583
1403896078194208772,neutral,1.2059082984924316,0.040615592151880264,0.7683871388435364
1403896079649751040,negative,0.7660762667655945,-0.027373723685741425,1.649476408958435
1403896081449197568,neutral,2.2085087299346924,-0.06434618681669235,0.6217843294143677
1403896082409480193,neutral,2.6695542335510254,1.3658323287963867,-0.34204238653182983
1403896086419230724,neutral,1.187213659286499,0.9414458870887756,0.9868177175521851
1403896092685709317,neutral,1.1578781604766846,-0.4780237376689911,0.5173684358596802
1403896094539489280,neutral,1.5884549617767334,0.11379852890968323,0.9147957563400269
1403896102986862597,neutral,1.8871650695800781,-0.4537316858768463,1.5629806518554688
1403896103834058752,neutral,1.7681385278701782,-0.7733436822891235,1.4806301593780518
1403896111329333250,neutral,1.850313663482666,-0.6345674395561218,1.0842199325561523
1403896112654675970,negative,1.8877787590026855,-1.1876858472824097,2.3844518661499023
1403896121085227012,negative,1.2713587284088135,-0.24050426483154297,1.6311463117599487
1403896130925039618,neutral,1.881775975227356,0.3596663475036621,0.5800102949142456
1403896133089333248,negative,0.9326610565185547,-0.49037304520606995,2.486284017562866
1403896136289591299,negative,1.9147324562072754,-1.1566320657730103,2.3933675289154053
1403896138156036098,negative,1.229433536529541,-0.14744266867637634,1.4514418840408325
1403896138592251904,negative,1.3864660263061523,-1.045299768447876,2.4095656871795654
1403896139888295936,neutral,1.4049252271652222,0.9252840280532837,0.3654434084892273
1403896140886515712,neutral,1.7318115234375,-0.36532077193260193,1.1051603555679321
1403896141628981248,negative,0.8313905596733093,-0.33107516169548035,1.7844487428665161
1403896144384696331,negative,1.3343713283538818,-0.5138477087020874,1.3571265935897827
1403896146645426180,neutral,1.9127734899520874,-0.38095623254776,0.5836896300315857
1403896147366715398,neutral,2.597618579864502,-0.5585875511169434,0.6555187702178955
1403896147547131908,neutral,1.8871650695800781,-0.4537316858768463,1.5629806518554688
1403896153817686019,neutral,1.8771339654922485,1.2494654655456543,0.07200949639081955
1403896157680672768,negative,0.281203031539917,0.6845393180847168,1.8099137544631958
1403896162189512706,negative,0.9988632202148438,-0.009578287601470947,1.676331877708435
1403896168439025664,neutral,1.4879339933395386,0.03632492944598198,0.8513302803039551
1403896173895823361,negative,1.0457228422164917,-1.2911584377288818,3.389681339263916
1403896175313395713,negative,0.9326610565185547,-0.49037304520606995,2.486284017562866
1403896177611972620,negative,1.103493571281433,-0.6861913800239563,2.0372729301452637
1403896182150139905,positive,0.9600638151168823,1.6105269193649292,0.4043601453304291
1403896188022276096,neutral,2.869231700897217,-0.7487093806266785,0.8727692365646362
1403896189943173123,neutral,1.4363532066345215,-0.31573721766471863,0.8667762875556946
1403896191637655557,negative,1.055598258972168,-1.3796333074569702,4.189201354980469
1403896193927856131,neutral,1.0749143362045288,0.4082464873790741,0.16480179131031036
1403896195404091399,neutral,2.564032793045044,0.47623756527900696,0.25841712951660156
1403896208901349388,neutral,1.750612497329712,-0.1564950942993164,1.0261890888214111
1403896209731993606,neutral,2.285973310470581,0.515550971031189,0.1896151751279831
1403896211413749762,neutral,1.8871650695800781,-0.4537316858768463,1.5629806518554688
1403896215247355906,neutral,2.134505033493042,-0.5447365045547485,1.0128284692764282
1403896215629090816,neutral,1.7551259994506836,1.0870561599731445,0.41197073459625244
1403896215901716484,neutral,2.0242245197296143,-0.38172468543052673,0.88575679063797
1403896220624560139,negative,0.8951584100723267,-0.20929241180419922,1.7785089015960693
1403896221752872965,neutral,2.043774127960205,1.573464274406433,-0.038443855941295624
1403896236512624640,neutral,1.3605438470840454,-0.29431813955307007,1.3146916627883911
1403896249116364800,neutral,2.3850908279418945,0.6736055612564087,0.06845233589410782
1403896254313156610,neutral,1.8747731447219849,-0.06850778311491013,1.1445860862731934
1403896260898082816,positive,0.6455757021903992,1.0695061683654785,0.6874439716339111
1403896271627198470,negative,1.3105772733688354,-0.6896114349365234,1.638156533241272
1403896271748812801,neutral,2.493562698364258,1.3122148513793945,-0.2679999768733978
1403896272487079937,neutral,2.867388963699341,1.2359974384307861,-0.3722013831138611
1403896272625434625,neutral,2.024254083633423,0.0048713237047195435,0.6243927478790283
1403896282716856326,neutral,2.134505033493042,-0.5447365045547485,1.0128284692764282
1403896284851982345,neutral,2.2062437534332275,-0.7940412163734436,1.0374820232391357
1403896286605103113,neutral,2.255133867263794,1.0946046113967896,-0.46570780873298645
1403896292565266433,neutral,1.5989946126937866,1.1359878778457642,0.2848457992076874
1403896295539064832,neutral,1.2203351259231567,-0.1871435046195984,1.2180532217025757
1403896296856076292,neutral,2.134505033493042,-0.5447365045547485,1.0128284692764282
1403896300081344519,negative,0.9045189619064331,-0.5423752665519714,1.8223103284835815
1403896302753267712,negative,1.0999356508255005,-0.9565195441246033,2.4235644340515137
1403896303436779524,positive,1.7599197626113892,2.435758590698242,-0.16740059852600098
1403896303457873928,neutral,1.0122991800308228,0.6555575728416443,0.6229106783866882
1403896306439843840,neutral,2.2202563285827637,0.8663336634635925,-0.16891831159591675
1403896311447949312,neutral,1.0446031093597412,-0.48989376425743103,0.9408382177352905
1403896318121086976,neutral,1.1118900775909424,0.03272838890552521,1.0134727954864502
1403896323003269122,negative,0.2861391603946686,0.47606396675109863,0.9876530170440674
1403896331056336900,neutral,1.66645348072052,0.8747199773788452,0.23302040994167328
1403896331429724165,negative,0.6151021122932434,-0.35956719517707825,1.1439294815063477
1403896333916794880,negative,0.6247993111610413,-1.0019367933273315,3.4207608699798584
1403896334348742657,neutral,1.7318115234375,-0.36532077193260193,1.1051603555679321
1403896336445890565,neutral,1.6490733623504639,0.7474219799041748,0.19817079603672028
1403896341915439111,negative,1.1169495582580566,0.066164031624794,1.343161940574646
1403896351503511554,neutral,2.1470136642456055,-0.9865378737449646,1.6181979179382324
1403896352346722306,neutral,1.74478280544281,-0.45882681012153625,1.3836078643798828
1403896352912949248,negative,0.7660762667655945,-0.027373723685741425,1.649476408958435
1403896354099941378,neutral,1.5472171306610107,-0.43221142888069153,1.2795860767364502
1403896362257760259,negative,0.7748405933380127,-1.1929817199707031,3.2034807205200195
1403896362731769858,negative,0.7841550707817078,-0.5396068692207336,2.6464929580688477
1403896367018356737,neutral,2.440908670425415,0.33454635739326477,-0.1454789787530899
1403896371153981441,neutral,1.8871650695800781,-0.4537316858768463,1.5629806518554688
1403896377571090435,neutral,2.2698652744293213,0.0729449912905693,0.2706236243247986
1403896377608851457,neutral,1.3723818063735962,0.1690632402896881,0.72481769323349
1403896379219402753,neutral,1.6551308631896973,1.2366466522216797,-0.45602840185165405
1403896381748690948,neutral,1.627739667892456,0.7637747526168823,-0.06932909786701202
1403896384227614720,negative,0.9083394408226013,-0.6528416872024536,2.9838578701019287
1403896390011457538,negative,1.2248327732086182,-0.3616838753223419,1.8107917308807373
1403896390711865348,negative,0.909359335899353,0.2863713502883911,1.5857319831848145
1403896395757539333,neutral,1.187177062034607,0.7835608124732971,0.2371790111064911
1403896397003321347,negative,1.1314711570739746,-0.0784589871764183,1.3674144744873047
1403896400174370824,negative,1.9097785949707031,-1.2400823831558228,2.7788751125335693
1403896404951502852,neutral,1.6817723512649536,0.2682289183139801,0.691193699836731
1403896408936124421,negative,1.3535879850387573,0.711141049861908,1.5931485891342163
1403896415072387075,neutral,2.0340540409088135,0.8374435305595398,0.46283137798309326
1403896425772105728,neutral,1.001484990119934,-0.2462468147277832,0.21134407818317413
1403896426237546501,neutral,2.564032793045044,0.47623759508132935,0.25841715931892395
1403896431040073737,positive,1.2394752502441406,1.7693889141082764,0.06772679090499878
1403896431362985987,negative,0.9725351333618164,0.7228541970252991,0.9979849457740784
1403896431430180864,neutral,1.714024543762207,-0.31775596737861633,1.186482548713684
1403896436291473408,negative,1.3519501686096191,-1.4100852012634277,3.4528110027313232
1403896436467679237,neutral,1.3654472827911377,0.16167496144771576,1.1528384685516357
1403896445812490240,negative,1.04806387424469,-1.3483871221542358,3.7130544185638428
1403896450929414150,neutral,2.1859047412872314,0.7723536491394043,-0.12517724931240082
1403896453219639299,negative,1.3864660263061523,-1.045299768447876,2.4095656871795654
1403896453823488005,neutral,2.3344948291778564,1.591827630996704,-0.3482219874858856
1403896461373296641,neutral,2.1785802841186523,0.07211965322494507,0.7192800045013428
1403896463936065541,negative,1.013657569885254,-0.06614717096090317,1.606046438217163
1403896467740409862,negative,1.5699769258499146,-0.69903564453125,1.9867602586746216
1403896468180664322,neutral,1.8745620250701904,0.7385641932487488,0.12290122359991074
1403896474295885826,neutral,2.1089212894439697,0.6101028919219971,-0.5120725035667419
1403896482806132740,negative,1.85142183303833,-1.0555784702301025,1.930132508277893
1403896483817025536,neutral,1.7136902809143066,0.14958173036575317,1.1601145267486572
1403896506927796226,neutral,1.5556938648223877,0.37904295325279236,0.7119881510734558
1403896507091144710,positive,0.776472270488739,1.576577067375183,0.03533054515719414
1403896510991978497,positive,1.0766444206237793,1.2034326791763306,0.20658992230892181
1403896511080116225,positive,0.1989661157131195,2.918318271636963,-0.4294041693210602
1403896513974128643,neutral,1.363346815109253,0.6485008597373962,-0.07173123210668564
1403896527123193860,neutral,1.838385820388794,0.5269998908042908,0.42333006858825684
1403896529073569792,negative,1.1686863899230957,-0.6705054044723511,2.590609550476074
1403896529765736451,positive,0.6860222220420837,2.9184927940368652,0.008201461285352707
1403896531040694274,neutral,2.564032793045044,0.47623759508132935,0.25841715931892395
1403896535306293253,neutral,1.7447829246520996,-0.4588269293308258,1.3836078643798828
1403896541539049475,neutral,2.3866515159606934,0.40111014246940613,-0.5570380687713623
1403896545137750018,neutral,2.564032793045044,0.47623759508132935,0.25841715931892395
1403896547356692486,negative,0.6921066641807556,-0.7791077494621277,2.2636032104492188
1403896555258605573,neutral,2.564032793045044,0.47623759508132935,0.25841715931892395
1403896565291524096,negative,0.6858412027359009,-0.1036500409245491,1.6947098970413208
1403896567300464645,neutral,2.744083881378174,2.1754753589630127,-1.1675951480865479
1403896568370012160,negative,0.20607693493366241,-0.5415672063827515,2.216294765472412
1403896574036615171,positive,1.7316564321517944,2.6373660564422607,-0.4318462610244751
1403896574955212800,neutral,1.5884549617767334,0.11379852890968323,0.9147957563400269
1403896585742741505,negative,0.3462105691432953,-0.6468766331672668,2.634687900543213
1403896593095421961,neutral,1.9491521120071411,0.3941797912120819,0.5089110136032104
1403896598858457088,neutral,1.7347675561904907,-0.1284181773662567,0.9687022566795349
1403896606529933313,neutral,2.564032793045044,0.47623759508132935,0.25841715931892395
1403896608077516800,neutral,1.6902529001235962,0.5344435572624207,-0.3039129972457886
1403896617837555713,neutral,2.416379690170288,1.7006138563156128,-0.5198522806167603
1403896631192338439,neutral,1.8871650695800781,-0.4537316858768463,1.5629806518554688
1403896635575443456,neutral,2.092200994491577,-0.08256513625383377,0.34293705224990845
1403896637987119105,negative,0.7062343955039978,-0.03991670161485672,1.747678279876709
1403896638666543107,neutral,1.4276312589645386,-0.10172159224748611,0.920265257358551
1403896639304060928,neutral,1.7318115234375,-0.36532077193260193,1.1051603555679321
1403896641908711427,negative,0.6036462783813477,-0.25473520159721375,2.207273006439209
1403896644874108928,negative,0.9557986259460449,-0.2580758035182953,1.4456000328063965
1403896644916051969,neutral,2.6273229122161865,0.328585684299469,0.1630992889404297
1403896646656745474,positive,1.265167236328125,1.368198275566101,0.4608086049556732
1403896648837783555,negative,0.49859970808029175,0.6220415234565735,1.1826575994491577
1403896650808971264,negative,1.7207111120224,-1.124230980873108,2.7858238220214844
1403896656278458374,neutral,2.134505033493042,-0.5447365045547485,1.0128284692764282
1403896658753110017,neutral,1.669013261795044,0.509914755821228,1.0441033840179443
1403896659109572608,negative,0.9696890711784363,0.18754813075065613,1.5541598796844482
1403896662947471361,negative,1.1966270208358765,-0.5728133916854858,1.6258485317230225
1403896667028398085,neutral,1.8871650695800781,-0.4537316858768463,1.5629806518554688
1403897821313396739,negative,1.1095303297042847,-1.0723479986190796,2.6612329483032227
1403897823129526272,neutral,2.0305442810058594,-1.0183510780334473,1.7822397947311401
1403897824643731457,neutral,1.210371494293213,0.09761594235897064,1.0231709480285645
1403897828070592516,negative,1.099560260772705,-0.6983869671821594,2.550657272338867
1403897829299421186,negative,1.5143574476242065,-0.1917479932308197,2.2289698123931885
1403897831325417475,negative,1.224915862083435,-0.9688088297843933,2.2292375564575195
1403897834462720000,negative,0.31886938214302063,-1.0574727058410645,3.437610387802124
1403897836081762307,neutral,1.8157966136932373,0.4592190980911255,0.386821985244751
1403897836924723202,neutral,1.7458105087280273,-0.05028017610311508,0.9005041718482971
1403897837948227588,negative,1.4074056148529053,-1.1218193769454956,2.802398681640625
1403897843648061440,negative,1.281978964805603,-0.9208022952079773,2.2975122928619385
1403897846881869828,negative,0.47833624482154846,-0.2769036591053009,2.5062649250030518
1403897854800777222,neutral,2.1470139026641846,-0.9865378141403198,1.6181979179382324
1403897856415592449,neutral,2.564032793045044,0.47623759508132935,0.25841715931892395
1403897856570843136,neutral,1.627739667892456,0.7637747526168823,-0.06932909786701202
1403897857187319812,negative,1.099560260772705,-0.6983869671821594,2.550657272338867
1403897857690652675,negative,1.008716344833374,-0.1488276720046997,1.4116179943084717
1403897859255242752,neutral,1.6032099723815918,-0.7234578728675842,1.0724220275878906
1403897860735782918,positive,1.4917124509811401,2.426827907562256,-0.5626771450042725
1403897861046255616,neutral,1.2231484651565552,0.642511785030365,0.9478862881660461
1403897865152380936,negative,0.9279365539550781,-0.10790089517831802,1.6913044452667236
1403897865542512640,neutral,1.8593488931655884,0.8347283005714417,-0.2996326982975006
1403897868079931394,neutral,2.0340540409088135,0.8374435305595398,0.46283137798309326
1403897871389409282,negative,0.6424886584281921,-1.228973388671875,3.501671552658081
1403897874346172421,neutral,2.174654960632324,1.938976764678955,-0.5308285355567932
1403897876296585216,negative,1.4759438037872314,-0.23624050617218018,2.1921310424804688
1403897879392096259,neutral,1.7297303676605225,-0.3080350458621979,1.3843926191329956
1403897882755796992,negative,1.6906335353851318,-0.9915404319763184,1.792866826057434
1403897888783187968,negative,1.2002688646316528,-0.201555073261261,1.446648120880127
1403897889865170952,neutral,1.9150704145431519,-0.28635290265083313,1.1606049537658691
1403897896479596545,neutral,1.830459475517273,0.7101858258247375,0.2618134617805481
1403897897792405509,neutral,2.6695542335510254,1.3658323287963867,-0.34204238653182983
1403897900460093440,neutral,1.5329378843307495,0.17446593940258026,1.0484309196472168
1403897908060049421,neutral,2.6645267009735107,0.170121431350708,0.5591963529586792
1403897909519667202,negative,1.3477118015289307,-0.16895371675491333,1.466840147972107
1403897910794895362,neutral,1.7911227941513062,-0.16527807712554932,1.5198107957839966
1403897911847620609,neutral,2.1996617317199707,0.3469710350036621,0.7813196778297424
1403897913042948097,neutral,1.7425469160079956,-0.4702669084072113,1.4702472686767578
1403897916931018755,negative,1.3799165487289429,-0.6925098896026611,1.8859971761703491
1403897921330876419,negative,1.1811085939407349,0.0727272629737854,1.6746410131454468
1403897921444143106,neutral,1.1541619300842285,-0.5414332747459412,0.9978970885276794
1403897921641254913,negative,1.2567676305770874,-0.9491602778434753,2.2530081272125244
1403897922173902849,negative,1.0330243110656738,-1.4825241565704346,4.186347961425781
1403897922299727873,negative,1.2751355171203613,0.17198912799358368,1.4598881006240845
1403897935952109574,negative,0.32190442085266113,-0.2957278788089752,2.585956573486328
1403897936958820357,neutral,1.594359278678894,-0.11202620714902878,1.3583968877792358
1403897939995488257,neutral,2.564032793045044,0.47623759508132935,0.25841715931892395
1403897942407270401,neutral,1.627739667892456,0.7637747526168823,-0.06932909786701202
1403897942952452097,neutral,1.594359278678894,-0.11202620714902878,1.3583968877792358
1403897943015497729,negative,1.3194111585617065,-0.6428743600845337,1.3507717847824097
1403897943782924289,neutral,3.0161185264587402,1.3091814517974854,-0.477885901927948
1403897945431363584,neutral,1.846967101097107,-0.08923207968473434,0.39341700077056885
1403897945854906369,neutral,1.9983165264129639,0.03005494549870491,0.5847755670547485
1403897947679494145,neutral,1.9584230184555054,-0.8977372646331787,1.6616719961166382
1403897948187078662,neutral,2.115121603012085,-0.14273729920387268,0.7376850843429565
1403897948992380928,negative,0.9848783016204834,-0.1513250172138214,1.438342571258545
1403897951899078663,neutral,0.9123164415359497,-0.02713301032781601,0.839033842086792
1403897954390319108,neutral,1.661725401878357,-0.45211657881736755,1.106914758682251
1403897956168876041,negative,1.6749752759933472,-0.922268271446228,1.904448390007019
1403897958861619201,neutral,1.8058454990386963,0.882090151309967,0.2381967157125473
1403897959599771654,positive,0.15629659593105316,1.0574432611465454,0.3966996371746063
1403897963919839233,negative,1.099560260772705,-0.6983869671821594,2.550657272338867
1403897966583156743,negative,0.3423321545124054,0.18168997764587402,2.5298867225646973
1403897973411651586,neutral,2.6754703521728516,1.1542541980743408,-0.23154272139072418
1403897975882067969,negative,1.2531009912490845,-0.362862229347229,1.709890604019165
1403897978256084993,neutral,2.6754703521728516,1.1542541980743408,-0.23154272139072418
1403897982655684608,negative,1.3523178100585938,-0.5387051701545715,2.3881778717041016
1403897991015145472,negative,1.224915862083435,-0.9688089489936829,2.2292375564575195
1403897995582599171,neutral,1.743768572807312,0.4931292235851288,0.3233533203601837
1403897998824947719,neutral,1.0374075174331665,0.8671781420707703,0.5132499933242798
1403898000053841925,positive,0.8447901606559753,1.081461787223816,0.7692101001739502
1403898001106604032,negative,0.9884580373764038,-0.07257779687643051,1.4904626607894897
1403898003866353667,neutral,1.9265267848968506,-0.4339509904384613,1.2134214639663696
1403898006617821186,positive,0.4236048758029938,1.8682482242584229,0.12027693539857864
1403898006982696965,neutral,1.5205579996109009,0.18039780855178833,1.1464582681655884
1403898011411959811,neutral,1.5767202377319336,-0.3282567262649536,1.2279143333435059
1403898013311848448,negative,0.6977747082710266,-0.5884312391281128,3.5983073711395264
1403898013680955393,negative,1.272011637687683,-1.3896077871322632,3.609194278717041
1403898019100053510,neutral,1.7318115234375,-0.36532077193260193,1.1051603555679321
1403898020060618753,positive,1.9297525882720947,2.3490452766418457,-0.20490692555904388
1403898021461430272,neutral,2.169309616088867,0.17105653882026672,1.2965402603149414
1403898022191190026,neutral,2.564032554626465,0.4762374460697174,0.2584170997142792
1403898025249054722,negative,0.7666606307029724,-0.8358322978019714,3.5334622859954834
1403898025404076038,neutral,1.704839825630188,-0.0061339884996414185,0.6720626354217529
1403898029367828493,neutral,1.9842616319656372,-0.6380168795585632,1.508884310722351
1403898030412214273,neutral,1.8294494152069092,0.6130180358886719,0.4989009499549866
1403898030642712579,neutral,2.6754703521728516,1.1542541980743408,-0.23154272139072418
1403898035927543809,positive,1.123289704322815,2.696949005126953,-0.21265308558940887
1403898038385401857,neutral,2.363513708114624,0.3148781359195709,0.3369843065738678
1403898042076385282,neutral,1.5943591594696045,-0.112026147544384,1.3583970069885254
1403898042852331524,neutral,1.8461682796478271,0.6300792694091797,0.26822495460510254
1403898045335437312,negative,1.1774903535842896,-0.1314156949520111,1.529325246810913
1403898045691928577,negative,1.4087251424789429,-1.0567952394485474,2.6344566345214844
1403898046904094723,neutral,1.6628166437149048,0.15909935534000397,0.565669596195221
1403898047520657412,negative,0.8031452894210815,0.23569819331169128,1.3605252504348755
1403898048569393152,neutral,1.912771224975586,0.37595829367637634,0.6523367762565613
1403898051073216516,positive,1.123289704322815,2.696949005126953,-0.21265308558940887
1403898051983446017,neutral,1.5790071487426758,0.8964847326278687,0.680830717086792
1403898054353342465,neutral,2.6354355812072754,1.2959319353103638,-0.5929996371269226
1403898054357442567,neutral,1.1407285928726196,-0.04778597503900528,1.010185718536377
1403898057217937411,negative,1.3044317960739136,-0.7904215455055237,2.006485939025879
1403898060103684097,negative,1.5758240222930908,-1.2159324884414673,2.800185441970825
1403898067519107072,negative,1.3265461921691895,-0.7462461590766907,1.579533576965332
1403898070916648970,neutral,2.493297815322876,1.2119985818862915,-0.3747052550315857
1403898070925033475,neutral,2.6754703521728516,1.1542541980743408,-0.23154272139072418
1403898075421331456,neutral,1.7197390794754028,-0.5972579121589661,1.6492221355438232
1403898076406878210,neutral,2.6712217330932617,1.0783228874206543,-0.40519726276397705
1403898078487367681,neutral,1.0984934568405151,0.23955294489860535,1.0051647424697876
1403898078906683392,negative,0.9265307188034058,-1.3673914670944214,3.7300593852996826
1403898083180646402,neutral,2.564032793045044,0.47623759508132935,0.25841715931892395
1403898085344903168,neutral,1.9842616319656372,-0.6380168795585632,1.508884310722351
1403898089497317378,negative,1.3389980792999268,-0.7889443039894104,2.702953577041626
1403898089904168960,neutral,2.4603114128112793,0.8917849659919739,-0.11071073263883591
1403898094396133380,negative,1.7169926166534424,-1.1657023429870605,2.5598456859588623
1403898095474200580,negative,0.43637895584106445,0.33774736523628235,1.6739916801452637
1403898097772732418,neutral,2.115121603012085,-0.14273729920387268,0.7376850843429565
1403898101883097095,neutral,1.6750211715698242,0.36061516404151917,1.0045225620269775
1403898104676450304,negative,1.099560260772705,-0.6983869671821594,2.550657272338867
1403898104907141121,negative,1.0934993028640747,-0.9558624625205994,2.3670177459716797
1403898106895376387,positive,1.457461953163147,1.950001835823059,-0.30795085430145264
1403898108136853509,negative,0.8240492343902588,-0.7458374500274658,1.8494576215744019
1403898111634771973,negative,1.26300048828125,-0.25438401103019714,1.733547329902649
1403898111785791489,negative,1.403510332107544,-0.4095556139945984,1.9633797407150269
1403898112121339907,neutral,2.182150363922119,0.5214250683784485,0.028941761702299118
1403898120174456834,negative,0.9407328367233276,-1.3667693138122559,4.082279205322266
1403898122762289156,neutral,2.6395866870880127,1.639054536819458,-0.5062191486358643
1403898124733542400,negative,1.386867880821228,-0.6126653552055359,1.7496806383132935
1403898130425319424,positive,2.2223470211029053,4.179984092712402,-1.201368808746338
1403898132488855556,negative,1.4298070669174194,-0.18361616134643555,1.5852128267288208
1403898135047507979,neutral,1.762304663658142,0.7731606960296631,0.16925738751888275
1403898135546449921,neutral,2.169309616088867,0.17105653882026672,1.2965402603149414
1403898140596477953,neutral,2.169309616088867,0.17105653882026672,1.2965402603149414
1403898156425699330,negative,1.0455982685089111,-0.6049315929412842,1.6492807865142822
1403898158892175368,neutral,1.7809154987335205,-0.03247300535440445,0.7740916609764099
1403898159793774593,positive,1.4970967769622803,2.413093090057373,-0.17965030670166016
1403898160045379585,neutral,1.8487215042114258,0.438305139541626,-0.14207620918750763
1403898160167194625,positive,0.8226539492607117,1.4320459365844727,0.400752991437912
1403898162167877633,negative,1.0969287157058716,-0.7213647365570068,2.4897496700286865
1403898172825427970,neutral,1.9526153802871704,0.13492351770401,0.49453026056289673
1403898173731508224,neutral,2.0340540409088135,0.8374435305595398,0.46283137798309326
1403898177997074432,negative,0.9651946425437927,-1.24064040184021,3.222238063812256
1403898178408169478,negative,1.8989534378051758,-1.1924453973770142,2.222517967224121
1403898179414790147,neutral,1.4877440929412842,1.2418982982635498,0.22953654825687408
1403898179674808321,neutral,1.5069663524627686,-0.022472143173217773,1.1964346170425415
1403898186310119424,negative,1.2139878273010254,-0.3304065465927124,2.108002185821533
1403898189405634565,negative,1.1811085939407349,0.0727272629737854,1.6746410131454468
1403898189674123273,negative,1.371710181236267,-0.37077364325523376,1.5334255695343018
1403898196095602688,positive,1.8067246675491333,1.9960486888885498,-0.6437270045280457
1403898199056818179,negative,1.4507238864898682,-0.32782021164894104,1.8391019105911255
1403898200675786756,positive,0.6749549508094788,0.7461573481559753,0.7224328517913818
1403898206342172673,neutral,2.614072799682617,-0.7954436540603638,1.013587236404419
1403898213644521475,neutral,1.5439708232879639,0.6392349600791931,0.6242505311965942
1403898214042931201,neutral,1.7686823606491089,0.09933305531740189,1.068223237991333
1403898222620332036,neutral,2.3533875942230225,0.44686850905418396,0.0938543975353241
1403898223153065987,negative,1.2720117568969727,-1.3896077871322632,3.609194755554199
1403898225954680835,negative,0.49030935764312744,0.3331274688243866,1.8346446752548218
1403898226336419843,neutral,1.7675256729125977,-0.26920685172080994,0.900861382484436
1403898228362383360,neutral,2.1303765773773193,1.3289127349853516,0.13122165203094482
1403898232585994241,negative,0.6111090183258057,0.6767413020133972,0.8301860094070435
1403898235257769989,negative,1.2058085203170776,-0.5818246603012085,1.77665114402771
1403898236281102336,positive,1.2997676134109497,2.3390588760375977,-0.777775764465332
1403898238357454848,neutral,1.954309344291687,-0.7547942996025085,1.6643149852752686
1403898242761433093,negative,1.6298142671585083,-0.43174096941947937,1.6637643575668335
1403898243969335297,neutral,1.9255098104476929,1.5679866075515747,-0.3664807081222534
1403898244904591361,neutral,2.0089104175567627,1.1789957284927368,-0.3283487856388092
1403898245256990721,negative,1.2622385025024414,-0.9223180413246155,2.409308671951294
1403898247412846593,neutral,1.8184590339660645,0.346981406211853,0.21027173101902008
1403898248071462912,neutral,1.539772629737854,1.2582560777664185,0.06891094893217087
1403898252248768512,neutral,2.564032793045044,0.47623759508132935,0.25841715931892395
1403898252664082434,neutral,1.881775975227356,0.3596663475036621,0.5800102949142456
1403898253003866112,neutral,1.3656001091003418,-0.19815221428871155,1.0859758853912354
1403898253389840388,neutral,2.2218759059906006,-0.8172396421432495,1.0832817554473877
1403898253779750918,neutral,2.3845014572143555,1.2813844680786133,-0.032869257032871246
1403898258888482816,negative,0.8408442735671997,-0.24010694026947021,1.378767728805542
1403898259249111046,neutral,1.9224793910980225,-0.8398958444595337,1.5882173776626587
1403898259655970819,negative,1.224915862083435,-0.9688089489936829,2.2292375564575195
1403898268678041601,positive,0.8059342503547668,1.3700480461120605,-0.044195808470249176
1403898277465051137,negative,1.3514623641967773,-0.321032851934433,1.4557714462280273
1403898279713071110,negative,0.9722245335578918,0.48594221472740173,1.4791797399520874
1403898282036928512,neutral,1.6587272882461548,0.6442132592201233,-0.10571784526109695
1403898284159082499,neutral,2.345184326171875,0.3315011262893677,0.44698405265808105
1403898290903523337,neutral,1.7138278484344482,1.3006150722503662,0.13777047395706177
1403898291843076104,neutral,1.013401746749878,0.12358410656452179,0.6614181399345398
1403898295450279938,negative,1.2002688646316528,-0.201555073261261,1.446648120880127
1403898307257278465,neutral,1.6157792806625366,0.11245082318782806,0.9260529279708862
1403898308519682054,negative,1.6565237045288086,-0.47013726830482483,1.659297227859497
1403898311623405571,neutral,2.564032793045044,0.47623759508132935,0.25841715931892395
1403898311946371072,neutral,1.6817723512649536,0.2682289183139801,0.691193699836731
1403898312156139522,neutral,2.145963668823242,0.03312808275222778,0.6275120377540588
1403898315050258435,neutral,1.5884549617767334,0.11379852890968323,0.9147957563400269
1403898315868155913,neutral,3.8665578365325928,1.9347593784332275,-1.2074850797653198
1403898323560448003,neutral,3.068110227584839,-0.05087088793516159,0.42348065972328186
1403898326999650308,negative,1.4860831499099731,-0.9372381567955017,2.1454055309295654
1403898333672792066,negative,0.9586554169654846,-0.09890883415937424,1.9297661781311035
1403898335757430788,neutral,2.597618579864502,-0.5585875511169434,0.6555187702178955
1403898345958035458,neutral,1.987769603729248,1.0188698768615723,0.10282602906227112
1403898347686010889,neutral,1.5274914503097534,-0.29948124289512634,1.3920528888702393
1403898349703643137,positive,1.6052265167236328,1.7067601680755615,0.010516678914427757
1403898353641951233,neutral,2.564032793045044,0.4762375056743622,0.2584172189235687
1403898356959617029,neutral,2.6348423957824707,1.1400808095932007,0.048195838928222656
1403898361426681860,negative,1.2435516119003296,-0.29417845606803894,1.6380988359451294
1403898361854443524,positive,0.6289659142494202,1.1644072532653809,-0.07332351803779602
1403898362408042499,negative,0.9785101413726807,0.1828746795654297,1.3054721355438232
1403898365574713349,neutral,1.8631219863891602,0.323637992143631,0.5606850981712341
1403898369463013378,neutral,1.5799555778503418,1.3866506814956665,-0.13705535233020782
1403898372738715648,negative,0.7660762667655945,-0.027373723685741425,1.649476408958435
1403898373900406788,negative,0.8298163414001465,-0.4942183196544647,3.3512508869171143
1403898378166013953,negative,1.1811085939407349,0.0727272629737854,1.6746410131454468
1403898378610696194,neutral,1.6086373329162598,-0.22651252150535583,1.5871710777282715
1403898380439326720,neutral,2.0340540409088135,0.8374435305595398,0.46283137798309326
1403898380477140992,neutral,1.6525161266326904,0.554561197757721,0.7786432504653931
1403898383182426113,neutral,1.422986388206482,0.2445424199104309,0.3682643175125122
1403898383673217026,neutral,1.3901898860931396,-0.35932695865631104,1.273496389389038
1403898386806296580,neutral,2.1693098545074463,0.1710565984249115,1.296540379524231
1403898392812605445,negative,0.8987346291542053,0.8672688007354736,1.0398000478744507
1403898393122988034,neutral,1.6550211906433105,0.15934893488883972,0.9476357698440552
1403898394461052928,neutral,1.7813218832015991,-0.6913558840751648,1.238295078277588
1403898396696473607,neutral,1.7165093421936035,0.01885649561882019,1.1342123746871948
1403898398629982209,negative,1.013657569885254,-0.06614717096090317,1.606046438217163
1403898401113079810,neutral,1.1821595430374146,0.6213445067405701,0.9662253856658936
1403898403075940356,neutral,2.143436908721924,-1.0215190649032593,1.9264334440231323
1403898408553885700,neutral,2.6754703521728516,1.1542541980743408,-0.23154272139072418
1403898409849962498,neutral,2.137267589569092,0.9633591175079346,-0.3117472529411316
1403898411317878791,neutral,1.5514163970947266,-0.08754213899374008,0.9215216040611267
1403898412735483904,neutral,1.6717380285263062,-0.616387665271759,1.332922339439392
1403898415780483075,negative,0.9602997899055481,-0.9227471947669983,2.6322414875030518
1403898420121714694,neutral,1.857272982597351,-0.7246646285057068,1.318716049194336
1403898422667608070,negative,1.727341651916504,-0.7378230690956116,2.6880600452423096
1403898422680166400,negative,2.1354575157165527,-1.0048772096633911,2.378587245941162
1403898425360457729,neutral,2.2051637172698975,1.1192258596420288,0.5333252549171448
1403898436877959170,negative,0.6301682591438293,-0.6845995783805847,3.4659674167633057
1403898439721799685,neutral,1.9223887920379639,1.6511558294296265,-0.8468292355537415
1403898440178937856,neutral,2.0242245197296143,-0.38172468543052673,0.8857567310333252
1403898445660831744,neutral,1.7447829246520996,-0.4588269293308258,1.3836078643798828
1403898448538226691,neutral,1.4505828619003296,-0.22869953513145447,0.9713959693908691
1403898449150369795,negative,0.8166535496711731,-0.08234427124261856,1.0175604820251465
1403898451373563907,negative,1.1811085939407349,0.0727272629737854,1.6746410131454468
1403898451990040577,positive,1.759459137916565,5.370436668395996,-1.7561886310577393
1403898452891914242,neutral,1.2128254175186157,0.22455552220344543,-0.21114303171634674
1403898455299346436,neutral,1.8871650695800781,-0.4537316858768463,1.5629806518554688
1403898455991361536,negative,1.4069167375564575,-0.9330866932868958,1.5887209177017212
1403898456117329921,negative,0.6247993111610413,-1.001936912536621,3.4207611083984375
1403898459577536514,negative,1.4669475555419922,-0.45078709721565247,2.011317014694214
1403898461657968647,neutral,1.5088305473327637,0.7523682117462158,0.7113661170005798
1403898463935516673,neutral,0.7987726926803589,-0.2741142213344574,0.30811581015586853
1403898465109774345,neutral,1.669013261795044,0.509914755821228,1.0441033840179443
1403898465625726979,neutral,2.515557050704956,0.9790823459625244,-0.23656873404979706
1403898470205988864,neutral,2.514558792114258,0.5221668481826782,0.13490383327007294
1403898480758829056,negative,1.0318100452423096,-0.6055036783218384,2.457158327102661
1403898480804851717,neutral,2.564032793045044,0.47623759508132935,0.25841715931892395
1403898484122480641,negative,1.1868205070495605,-0.3391861319541931,1.316529631614685
1403898491328335873,neutral,2.2951266765594482,0.6383500695228577,-0.27487853169441223
1403898497791934470,neutral,2.4264237880706787,0.8764801025390625,0.11381182074546814
1403898498316111872,neutral,1.5884549617767334,0.11379852890968323,0.9147957563400269
1403898503244369926,negative,0.7271876335144043,-0.045831210911273956,1.0186645984649658
1403898505702293506,neutral,2.134505033493042,-0.5447365045547485,1.0128284692764282
1403898511704223748,neutral,2.2216567993164062,0.15660154819488525,0.7788476943969727
1403898514950721536,neutral,1.7318115234375,-0.36532077193260193,1.1051603555679321
1403898517274304512,neutral,2.7342169284820557,2.452425479888916,-0.8549749255180359
1403898520717955077,negative,1.9491825103759766,-1.171518325805664,2.631373167037964
1403898522764775428,negative,1.3864660263061523,-1.0452998876571655,2.4095656871795654
1403898524287205379,neutral,1.5309662818908691,-0.5180426836013794,1.4977409839630127
1403898527609131009,positive,3.4964778423309326,5.296285629272461,-2.5947647094726562
1403898529408376837,negative,1.3073310852050781,-0.5550171732902527,2.084625482559204
1403898530419429378,neutral,1.2571829557418823,0.4728550314903259,1.0576215982437134
1403898540020092932,negative,1.0312817096710205,0.26077893376350403,1.4686206579208374
1403898543400574980,negative,0.9785101413726807,0.1828746795654297,1.3054721355438232
1403898554729390083,neutral,2.597618818283081,-0.5585874915122986,0.6555187702178955
1403898555169873924,neutral,2.564032793045044,0.47623759508132935,0.25841715931892395
1403898566515384321,neutral,2.597618579864502,-0.5585875511169434,0.6555187702178955
1403898568658743307,negative,1.4093208312988281,-1.3500813245773315,3.054124116897583
1403898569833140224,neutral,1.2876918315887451,1.1993581056594849,0.42106321454048157
1403898570462285824,neutral,2.3533875942230225,0.44686850905418396,0.0938543975353241
1403898570747559936,negative,1.3864660263061523,-1.0452996492385864,2.4095656871795654
1403898576556679172,positive,0.3934858441352844,2.5016255378723145,-0.08953569084405899
1403898581795360768,negative,0.40615177154541016,-1.4042733907699585,4.8082685470581055
1403898583808630784,positive,1.0427842140197754,3.702152967453003,-0.3838088810443878
1403898587512180736,neutral,2.162304639816284,0.537602961063385,0.1374458372592926
1403898608412282886,neutral,1.959882378578186,-0.5496231913566589,1.443688988685608
1403898612355145730,neutral,2.134505033493042,-0.5447365045547485,1.0128284692764282
1403898612854136833,negative,0.9045189619064331,-0.5423752665519714,1.8223103284835815
1403898613504167936,negative,1.684491753578186,-0.7791447043418884,2.016679048538208
1403898618231263239,neutral,1.5284782648086548,-0.1537957787513733,1.1005866527557373
1403898618910760962,negative,1.1556583642959595,-0.10229282826185226,1.6401240825653076
1403898622140248066,neutral,1.704839825630188,-0.0061339884996414185,0.6720626354217529
1403898628469518341,neutral,2.1013989448547363,-0.4210796058177948,1.4057488441467285
1403898629107208194,neutral,2.2797844409942627,0.9623029828071594,0.06002533435821533
1403898632437473283,neutral,1.888838529586792,0.48004868626594543,0.5928761959075928
1403898633792098308,neutral,1.7755017280578613,0.04651999473571777,0.26641589403152466
1403898652314112000,neutral,1.8001198768615723,1.2427242994308472,-0.21552041172981262
1403898652821655555,neutral,2.6695542335510254,1.3658323287963867,-0.34204238653182983
1403898656059801602,negative,1.1897215843200684,-0.4140818417072296,2.2447993755340576
1403898665953939467,neutral,2.0340540409088135,0.8374435305595398,0.46283137798309326
1403898666675494916,negative,1.0171877145767212,-1.5381337404251099,4.358436107635498
1403898667526885381,negative,1.1603642702102661,-0.9223316311836243,2.604715585708618
1403898667803811847,neutral,2.376516819000244,0.36736974120140076,0.40992483496665955
1403898670462902272,neutral,1.5855973958969116,0.03535357117652893,0.8978202939033508
1403898672291749888,negative,1.25754714012146,-0.9236845374107361,1.9529755115509033
1403898672748896256,negative,0.8618200421333313,-1.0138896703720093,2.6546034812927246
1403898692906721291,positive,0.620550811290741,2.4954631328582764,0.7809455990791321
1403898701504946179,negative,1.2567676305770874,-0.9491602778434753,2.2530081272125244
1403898704201883651,neutral,1.599942684173584,0.2328929603099823,0.7867552638053894
1403898709197328387,negative,0.45406004786491394,-0.28482455015182495,1.8311079740524292
1403898717351170048,neutral,1.498748779296875,-0.2494857907295227,1.477736234664917
1403898717715980290,neutral,0.85503751039505,0.38044431805610657,0.8280972242355347
1403898722035982340,negative,0.7185338139533997,-1.1620160341262817,3.5947914123535156
1403898722430431235,positive,1.2651671171188354,1.368198275566101,0.460808664560318
1403898723432689665,neutral,2.134505033493042,-0.5447365045547485,1.0128284692764282
1403898724099690500,negative,1.357039451599121,-1.1023989915847778,2.347325325012207
1403898725618049032,negative,0.7426741123199463,-0.3720579445362091,2.453221082687378
1403898726612029447,neutral,2.1785800457000732,0.07211966812610626,0.7192801237106323
1403898729246117888,neutral,1.8871650695800781,-0.45373156666755676,1.5629805326461792
1403898729300692992,neutral,2.564032793045044,0.4762375056743622,0.25841712951660156
1403898736997240834,negative,0.5070281028747559,-0.3955344259738922,2.299182176589966
1403898737328459778,neutral,1.598359227180481,0.22880703210830688,1.4138153791427612
1403898739215933444,negative,1.2457743883132935,-1.1247495412826538,2.6823346614837646
1403898748736921604,positive,1.3543765544891357,4.123868942260742,-1.4818766117095947
1403898752847470600,negative,1.380105972290039,-1.0847177505493164,2.3662209510803223
1403898753178820608,negative,1.2478476762771606,-1.1105518341064453,2.8529212474823
1403898755166838790,neutral,1.636393427848816,0.8953940272331238,0.20896747708320618
1403898756106534913,neutral,2.049136161804199,0.0347343310713768,0.5319874882698059
1403898758832615425,negative,0.6058543920516968,-1.069062352180481,3.2153401374816895
1403898761370214400,neutral,2.564032793045044,0.4762375056743622,0.25841712951660156
1403898763769434112,neutral,1.2270605564117432,-0.39153769612312317,1.108794093132019
1403898763802984448,negative,1.066733956336975,-0.32431769371032715,1.9691624641418457
1403898764864016389,neutral,2.564033031463623,0.47623759508132935,0.25841712951660156
1403898771822452738,negative,1.1095303297042847,-1.0723479986190796,2.6612329483032227
1403898772283744265,negative,0.4463062584400177,0.02871027961373329,1.390588641166687
1403898779389022208,neutral,0.9581094980239868,0.6230645775794983,0.8960278034210205
1403898790638231553,negative,1.5228687524795532,-0.9168937802314758,1.536420226097107
1403898791955111940,negative,0.7739796042442322,0.4503312408924103,1.6051231622695923
1403898799941046276,negative,0.5270523428916931,-0.5658918619155884,2.920579671859741
1403898799949447178,neutral,1.868879795074463,-0.28114819526672363,1.3657656908035278
1403898800394047494,neutral,2.564032793045044,0.4762375056743622,0.25841712951660156
1403898803346837509,negative,1.4643579721450806,-0.8232921957969666,1.8992550373077393
1403898803917361156,neutral,2.493297576904297,1.211998462677002,-0.3747052848339081
1403898806891016197,neutral,2.6177597045898438,2.2878596782684326,-0.28670310974121094
1403898815250268162,neutral,1.9629557132720947,1.513572096824646,-0.07629674673080444
1403898824180051971,neutral,1.5402251482009888,-0.483039528131485,1.361415147781372
1403898826373558275,neutral,2.416379928588867,1.7006139755249023,-0.5198521614074707
1403898826658746368,neutral,2.2595529556274414,2.1560428142547607,-0.2213279753923416
1403898827011018756,negative,1.0280085802078247,-1.0940282344818115,3.0491878986358643
1403898827170590724,neutral,1.8695409297943115,0.19338774681091309,0.4880509376525879
1403898828063842306,negative,1.4080922603607178,-0.6532977819442749,2.0164475440979004
1403898837442387970,neutral,1.280013084411621,0.17640402913093567,0.04807114601135254
1403898843079577600,positive,1.366222858428955,1.886858582496643,0.1431497037410736
1403898844698451970,neutral,1.6183185577392578,-0.319347620010376,1.4141734838485718
1403898845080305670,neutral,1.8871650695800781,-0.45373156666755676,1.5629805326461792
1403898846971797509,negative,1.5268133878707886,-0.7654644846916199,1.9399609565734863
1403898847584206848,positive,0.9069610834121704,1.5990500450134277,0.6244383454322815
1403898851228930050,neutral,2.566009044647217,1.6616297960281372,-0.5130273699760437
1403898857201692678,neutral,2.3871350288391113,0.3409748673439026,-0.10850980132818222
1403898870988382215,negative,1.031194806098938,-0.6664153933525085,1.6676435470581055
1403898872829710336,neutral,1.953015923500061,0.14317914843559265,0.504001796245575
1403898873081470980,neutral,2.739434003829956,-0.4525010287761688,0.5797918438911438
1403898874150850563,negative,1.3827089071273804,-0.5172944068908691,1.3884847164154053
1403898881885224960,positive,1.3804272413253784,2.0414535999298096,-0.36267638206481934
1403898882539638784,neutral,2.414888620376587,-0.07498475164175034,0.637269139289856
1403898883210563586,neutral,1.8505069017410278,1.625712275505066,-0.3096642792224884
1403898886079455236,neutral,2.7342169284820557,2.452425241470337,-0.8549749851226807
1403898886952034304,negative,0.7660762667655945,-0.027373775839805603,1.6494766473770142
1403898889497767941,neutral,1.3454267978668213,0.2978544533252716,1.1726622581481934
1403898890504458242,neutral,1.5612412691116333,1.5010240077972412,-0.5907782316207886
1403898894992306176,neutral,1.6596723794937134,-0.5190191268920898,1.5432125329971313
1403898896426758146,negative,0.7660762667655945,-0.02737376093864441,1.649476408958435
1403898896867160066,neutral,1.7964389324188232,-0.7722069025039673,1.1164566278457642
1403898901745356801,neutral,1.3686270713806152,1.094770073890686,-0.015956981107592583
1403898903687221249,neutral,1.9165836572647095,0.3990820348262787,0.5451759696006775
1403898904861495300,neutral,1.7347674369812012,-0.12841814756393433,0.9687022566795349
1403898905713016834,negative,1.0099347829818726,-0.37179645895957947,1.7511234283447266
1403898910289104899,negative,1.0653105974197388,-1.6128789186477661,4.4618916511535645
1403898919768186883,neutral,1.9837095737457275,-1.0648140907287598,1.9600818157196045
1403898928014233603,neutral,1.373863697052002,-0.08232388645410538,0.7705904841423035
1403898929931079681,negative,0.8826263546943665,-0.2659367620944977,1.4609102010726929
1403898936260108288,neutral,2.597618579864502,-0.5585874915122986,0.6555187106132507
1403898945730859009,neutral,1.8250850439071655,-0.24565958976745605,0.24013707041740417
1403898946141921281,neutral,1.537769079208374,0.491661936044693,1.0285707712173462
1403898947471560707,neutral,1.7034655809402466,-0.34523841738700867,1.3443981409072876
1403898947949588480,neutral,2.154994249343872,-0.6194410920143127,1.227441668510437
1403898957772824579,neutral,1.2986414432525635,0.1631472110748291,0.38962915539741516
1403898963841863682,negative,0.9722129106521606,-1.1262085437774658,3.085038661956787
1403898973224521730,neutral,2.3424365520477295,-0.44151052832603455,0.9549242854118347
1403898980526927872,neutral,1.5284781455993652,-0.1537957787513733,1.1005867719650269
1403898984721096706,negative,0.2500407099723816,0.3500097692012787,0.9118582606315613
1403898984909914113,neutral,1.340817928314209,0.9315457940101624,0.4075772762298584
1403898987497738249,negative,1.8398590087890625,-1.121891736984253,2.1647915840148926
1403898992296030211,neutral,2.0340538024902344,0.8374434113502502,0.46283143758773804
1403899002236506113,positive,1.3738588094711304,2.1481621265411377,0.09577897191047668
1403899004736262145,negative,1.0885212421417236,-1.2335498332977295,3.051187753677368
1403899011019378693,neutral,2.597618579864502,-0.5585874915122986,0.6555187106132507
1403899014316167172,neutral,2.345184326171875,0.3315010368824005,0.44698408246040344
1403899015821885442,negative,1.3994567394256592,-1.0115783214569092,2.375943422317505
1403899017843642368,negative,1.0537508726119995,-0.23434418439865112,1.3128221035003662
1403899018162409474,neutral,1.4881598949432373,-0.4833243787288666,0.6637409329414368
1403899028107104257,neutral,1.74478280544281,-0.45882686972618103,1.3836078643798828
1403899028513779718,negative,1.112806797027588,-0.9829499125480652,2.294922113418579
1403899030518874112,negative,0.8272190690040588,0.089545339345932,1.5539826154708862
1403899032099954689,neutral,1.9816499948501587,-0.32026925683021545,0.6585984230041504
1403899033270341637,negative,0.9051358103752136,-0.6860005259513855,2.4991886615753174
1403899039435747331,neutral,1.3672069311141968,0.4880700707435608,0.6772376298904419
1403899042699087872,negative,0.8953068852424622,-1.2125446796417236,3.147982597351074
1403899047539138562,neutral,1.5364340543746948,0.7969345450401306,-0.4250154495239258
1403899055395119111,neutral,1.5211248397827148,-0.008092813193798065,0.20794692635536194
1403899055399342084,negative,1.3376693725585938,-0.8858482241630554,1.7411552667617798
1403899067558551554,negative,0.19284898042678833,-0.3723656237125397,1.795563817024231
1403899068753932290,negative,1.1468490362167358,0.31655368208885193,1.3772063255310059
1403899072549773315,negative,1.1670801639556885,-0.2523869276046753,1.555886149406433
1403899074034601986,negative,0.6949114203453064,0.3616400957107544,1.633453130722046
1403899088735670277,negative,0.9383636713027954,0.22801324725151062,1.7442494630813599
1403899089532506112,neutral,1.4057844877243042,0.7332122921943665,0.4643953740596771
1403899094356135936,neutral,1.8871650695800781,-0.45373156666755676,1.5629805326461792
1403899102308429824,negative,1.7738040685653687,-0.5350046157836914,2.106199026107788
1403899103679901701,negative,1.1095303297042847,-1.0723479986190796,2.6612329483032227
1403899104623738880,neutral,1.2736986875534058,0.9003068208694458,0.7502303123474121
1403899106737770498,negative,0.8665927648544312,-0.7586336731910706,1.8753043413162231
1403899113645686786,positive,1.4949781894683838,1.6025570631027222,-0.5501201152801514
1403899113700093959,neutral,2.1301393508911133,0.3576701283454895,0.3953171968460083
1403899117026217986,negative,1.1095303297042847,-1.0723479986190796,2.6612329483032227
1403899124093706242,neutral,1.460233449935913,-0.005499400198459625,1.2035542726516724
1403899129101754372,negative,1.7273417711257935,-0.7378232479095459,2.6880602836608887
1403899131987386368,negative,1.665618658065796,-1.219771146774292,2.8576745986938477
1403899133123973126,negative,1.3631178140640259,-0.5449047684669495,1.6357059478759766
1403899136487866369,neutral,1.7681384086608887,-0.7733437418937683,1.4806300401687622
1403899145652518912,positive,1.265167236328125,1.3681983947753906,0.460808664560318
1403899152136740872,negative,1.467523455619812,-0.6254640221595764,1.628678560256958
1403899154028392449,neutral,2.234720230102539,-0.0032869577407836914,0.7854703664779663
1403899156104585218,negative,0.6309382915496826,-1.0640616416931152,3.0497705936431885
1403899159082643462,neutral,1.5284781455993652,-0.1537957787513733,1.1005867719650269
1403899159229382663,neutral,2.134505033493042,-0.5447365045547485,1.0128284692764282
1403899162358341632,negative,0.8798457980155945,-0.265826553106308,2.344791889190674
1403899163385884675,negative,0.9774608016014099,-0.8005646467208862,2.3110547065734863
1403899164077924355,neutral,2.6395864486694336,1.639054536819458,-0.5062190294265747
1403899167731224581,negative,1.840570092201233,-1.095765471458435,2.223202705383301
1403899168834289668,neutral,1.4167771339416504,0.4009980261325836,1.3312065601348877
1403899173577977860,neutral,2.564032793045044,0.4762375056743622,0.25841712951660156
1403899174270033922,neutral,1.6739307641983032,-0.34900155663490295,1.3461002111434937
1403899175826194433,negative,0.5088091492652893,-1.068187952041626,3.9418201446533203
1403899176803504129,neutral,1.460233449935913,-0.005499400198459625,1.2035542726516724
1403899178082734084,neutral,2.0875394344329834,0.22128179669380188,0.2977127730846405
1403899182855770114,neutral,1.437017560005188,-0.27913033962249756,1.315729022026062
1403899197892464643,negative,1.4955765008926392,-0.5849396586418152,1.7435952425003052
1403899199544905731,negative,1.0743131637573242,-0.9169591069221497,2.164917469024658
1403899200916570116,neutral,1.8416215181350708,0.30635926127433777,-0.06607949733734131
1403899203596689413,neutral,2.014796495437622,0.20198819041252136,0.7803840637207031
1403899207862288386,neutral,1.74478280544281,-0.45882686972618103,1.3836078643798828
1403899209045090305,negative,1.54556143283844,-1.0085052251815796,2.234618902206421
1403899217433661444,negative,0.5388360023498535,-0.2203671932220459,2.3590922355651855
1403899224475897858,neutral,1.0940111875534058,0.5116202235221863,0.5728321075439453
1403899226602369033,neutral,1.7447829246520996,-0.45882681012153625,1.3836078643798828
1403899226942279686,neutral,1.4132627248764038,-0.1379092037677765,1.0498638153076172
1403899229873922050,negative,1.6923258304595947,-1.0493226051330566,2.2932872772216797
1403899230993850371,neutral,2.1374104022979736,0.2795146703720093,0.49999791383743286
1403899234500349953,neutral,1.9652750492095947,0.8537197113037109,0.3843465745449066
1403899237302218760,neutral,1.6191257238388062,-0.12646278738975525,0.5989621877670288
1403899241651597313,negative,0.9045189619064331,-0.5423752069473267,1.8223103284835815
1403899241718816768,negative,0.6817001104354858,-1.0399799346923828,3.4464786052703857
1403899244566650880,neutral,1.8871650695800781,-0.45373156666755676,1.5629805326461792
1403899248966520832,neutral,1.7347674369812012,-0.12841814756393433,0.9687022566795349
1403899250921009156,neutral,3.0161185264587402,1.3091814517974854,-0.4778859615325928
1403899251155931138,negative,1.1643465757369995,-0.3251844346523285,1.5565712451934814
1403899256663117828,neutral,1.74478280544281,-0.45882686972618103,1.3836078643798828
1403899257472520193,neutral,1.6908832788467407,-0.17048558592796326,0.8974093794822693
1403899258378543106,negative,1.5277116298675537,-1.0083476305007935,2.4245314598083496
1403899260790132739,negative,1.380105972290039,-1.0847177505493164,2.3662209510803223
1403899261159305218,negative,1.357039451599121,-1.1023989915847778,2.347325325012207
1403899265580253184,negative,0.9521256685256958,-0.3239811658859253,1.3758450746536255
1403899279308050441,neutral,2.270097017288208,1.3631882667541504,-0.35848236083984375
1403899280654356483,neutral,1.8290406465530396,-0.21935564279556274,1.0857059955596924
1403899284077096962,negative,1.2803192138671875,-0.8623850345611572,2.2865841388702393
1403899284966174730,positive,1.7054588794708252,1.8171954154968262,0.22122310101985931
1403899287826694144,neutral,2.597618579864502,-0.5585874915122986,0.6555187702178955
1403899291660214272,neutral,3.0710511207580566,1.6853808164596558,-0.34061840176582336
1403899295712133120,neutral,1.8601205348968506,-0.5287246108055115,0.9784759283065796
1403899298765434884,neutral,1.5284781455993652,-0.1537957787513733,1.1005867719650269
1403899306340405249,neutral,1.5884548425674438,0.11379848420619965,0.9147958755493164
1403899308965908482,neutral,2.6695542335510254,1.3658323287963867,-0.3420422673225403
1403899318025740296,neutral,2.049136161804199,0.0347343310713768,0.5319874882698059
1403899320970141700,negative,1.580893635749817,-0.5423744916915894,2.189646005630493
1403899323276881922,neutral,1.350512146949768,0.2928100824356079,0.8304446935653687
1403899324707205122,negative,0.8929879665374756,-0.2852839231491089,2.3311355113983154
1403899331523063808,neutral,1.3554829359054565,-0.43742790818214417,0.8800336718559265
1403899331841695744,neutral,2.564032793045044,0.4762375056743622,0.25841712951660156
1403899336602308609,neutral,2.2051634788513184,1.1192258596420288,0.5333253145217896
1403899340163227648,neutral,1.5683255195617676,1.1388026475906372,0.053250838071107864
1403899342516281346,neutral,1.4049252271652222,0.9252839684486389,0.3654433786869049
1403899342835048449,negative,0.8091006278991699,-0.8416306972503662,2.6270806789398193
1403899343183093767,neutral,2.564032793045044,0.4762375056743622,0.25841712951660156
1403899358647447557,neutral,2.330798387527466,-0.026612378656864166,0.6125083565711975
1403899359377375237,positive,0.629268229007721,2.3055078983306885,-0.05535484105348587
1403899361013092354,neutral,2.597618579864502,-0.5585874915122986,0.6555187106132507
1403899363911405573,negative,1.0136576890945435,-0.06614715605974197,1.606046438217163
1403899366721560580,neutral,2.305331230163574,-0.2931819558143616,0.7554540038108826
1403899368990728194,negative,1.155375599861145,-0.7763214707374573,2.0624380111694336
1403899373122207746,neutral,1.0098129510879517,0.5786986947059631,0.5804190039634705
1403899374485217281,negative,1.3514622449874878,-0.3210327923297882,1.4557714462280273
1403899379002478594,positive,1.6582211256027222,3.7905642986297607,-0.5473734140396118
1403899380646744071,negative,0.81982421875,-1.2453676462173462,3.654552936553955
1403899381271568384,negative,0.7457799315452576,0.013725504279136658,1.1616297960281372
1403899387789598724,neutral,1.7318116426467896,-0.36532077193260193,1.1051603555679321
1403899388066476033,neutral,1.74478280544281,-0.45882686972618103,1.3836078643798828
1403899389966438403,neutral,2.0806326866149902,-0.7961382865905762,1.564788579940796
1403899390998110210,neutral,2.5331361293792725,1.33211088180542,-0.2552461326122284
1403899393158176775,neutral,1.8001201152801514,1.2427242994308472,-0.21552050113677979
1403899393669926916,neutral,1.8871650695800781,-0.45373156666755676,1.5629805326461792
1403899399370072064,negative,1.056782603263855,-0.4038012623786926,1.556017279624939
1403899411604901891,negative,0.5118463635444641,0.25209909677505493,1.931593894958496
1403899413815234562,neutral,2.1785800457000732,0.07211966812610626,0.7192801237106323
1403899418223513600,neutral,2.4749059677124023,0.6151434183120728,0.08516538143157959
1403899421776035842,neutral,1.4704179763793945,0.3482462465763092,0.6329940557479858
1403899423860543490,negative,0.9045189619064331,-0.5423752665519714,1.822310447692871
1403899426746232834,negative,1.0562100410461426,-1.362869143486023,3.7391462326049805
1403899427413282823,negative,0.34015682339668274,-0.2140391767024994,1.6899136304855347
1403899438234537987,negative,1.086197853088379,-0.8397559523582458,3.1241979598999023
1403899439366901763,neutral,2.429086208343506,0.2115701138973236,0.46580901741981506
1403899445905874947,neutral,1.435728907585144,0.05224153771996498,0.6519869565963745
1403899450364465155,negative,1.1445152759552002,-0.5302363038063049,1.8280863761901855
1403899451211759616,negative,1.380105972290039,-1.0847177505493164,2.3662209510803223
1403899452784480257,neutral,1.792019248008728,0.611021101474762,-0.18421515822410583
1403899454990684160,negative,1.1855859756469727,-0.2904524803161621,1.5627853870391846
1403899466642595841,negative,1.054762601852417,-0.7717470526695251,2.430210828781128
1403899467082895361,neutral,1.0813660621643066,0.6150051355361938,0.5763896107673645
1403899474452398080,neutral,2.493297576904297,1.211998462677002,-0.3747052848339081
1403899480164950024,negative,1.6010422706604004,-0.9713342785835266,2.1149990558624268
1403899480169136130,neutral,2.0440189838409424,0.6982415318489075,0.08293170481920242
1403899485038813186,negative,0.8317124843597412,-0.8372979760169983,2.187152147293091
1403899488742383617,neutral,1.5884548425674438,0.1137985810637474,0.9147958159446716
1403899491980251138,neutral,2.0340538024902344,0.8374434113502502,0.46283143758773804
1403899494446428160,negative,1.1456493139266968,-0.9081202149391174,2.5488007068634033
1403899501279158274,neutral,2.0340538024902344,0.8374434113502502,0.46283143758773804
1403899506903617538,neutral,1.7347674369812012,-0.12841814756393433,0.9687022566795349
1403899512872112128,negative,0.6247992515563965,-1.001936912536621,3.4207611083984375
1403899513387896834,negative,0.6280155777931213,-0.29515311121940613,1.944902777671814
1403899517326430209,negative,0.6782721281051636,0.8934945464134216,1.0735552310943604
1403899522506366979,neutral,1.0360486507415771,0.6739347577095032,0.9667099118232727
1403899523269906434,negative,1.6798208951950073,-1.014396071434021,2.0871667861938477
1403899526193184772,negative,1.4286513328552246,-0.6605541110038757,2.0250179767608643
1403899530886598656,neutral,1.5485440492630005,0.37343722581863403,0.5450325608253479
1403899540156022784,neutral,1.2571827173233032,0.4728549122810364,1.0576215982437134
1403899544031531010,negative,1.1474053859710693,-0.9894228577613831,2.7696797847747803
1403899548188168192,negative,0.9326611161231995,-0.49037304520606995,2.486284017562866
1403899550658564098,neutral,1.7318116426467896,-0.36532077193260193,1.1051603555679321
1403899557163847680,positive,1.1887649297714233,1.8160977363586426,0.08113448321819305
1403899558698962949,neutral,2.597618579864502,-0.5585874915122986,0.6555187106132507
1403899568836722692,negative,1.4299585819244385,-0.9914712309837341,2.053250551223755
1403899574121504770,neutral,2.564032793045044,0.4762375056743622,0.25841712951660156
1403899577628041217,positive,1.0810881853103638,1.2177435159683228,0.8674152493476868
1403899579142115328,positive,1.071113109588623,1.9361544847488403,0.21105067431926727
1403899580941434881,negative,1.468846082687378,-0.7561035752296448,2.13391375541687
1403899581063122952,neutral,1.7597674131393433,0.8073418736457825,0.4383431673049927
1403899587161698306,positive,1.176758050918579,3.4173285961151123,-0.2991173565387726
1403899590986792963,neutral,1.5683256387710571,1.1388025283813477,0.05325086787343025
1403899592693800962,neutral,2.4247684478759766,0.856155514717102,-0.03778786212205887
1403899592916275201,neutral,1.4691089391708374,1.300904393196106,0.1012810468673706
1403899595000778755,neutral,1.4372082948684692,-0.2081403136253357,1.2846895456314087
1403899602663882755,negative,0.6058154106140137,0.3069855570793152,1.3522764444351196
1403899604442226689,neutral,2.6315526962280273,0.9035524725914001,-0.0053810495883226395
1403899604635107340,negative,0.3744525909423828,-1.1737828254699707,4.378261089324951
1403899605998206976,positive,1.0444728136062622,2.362830638885498,-0.11474036425352097
1403899608321990656,negative,1.5949808359146118,-0.5065982341766357,1.702783226966858
1403899625925320705,positive,0.9997410178184509,1.213209867477417,0.7656762003898621
1403899628349640705,negative,1.0950684547424316,-1.407041311264038,3.941345691680908
1403899628618096646,neutral,2.2728304862976074,0.27594929933547974,0.4483288824558258
1403899642819923971,negative,1.1095303297042847,-1.0723479986190796,2.6612329483032227
1403899644602728448,neutral,1.5402251482009888,-0.483039528131485,1.361415147781372
1403899650789183493,neutral,1.0348169803619385,-0.47051799297332764,0.837037980556488
1403899651397505031,neutral,1.6410539150238037,0.20647382736206055,0.7325558662414551
1403899654450917381,negative,0.8864725232124329,-0.7638863921165466,3.0212504863739014
1403899661883088896,neutral,1.9955369234085083,1.8076105117797852,0.13016951084136963
1403899663799910406,neutral,1.9666796922683716,1.1171694993972778,-0.009292332455515862
1403899665943195648,neutral,1.3784817457199097,0.30444586277008057,0.13036467134952545
1403899675900628992,neutral,2.083570957183838,0.585810124874115,0.23302781581878662
1403899681411788818,negative,0.37565526366233826,0.029900897294282913,2.6070468425750732
1403899682481451015,negative,1.5382081270217896,-1.074750542640686,2.387568473815918
1403899682682671104,negative,1.5023772716522217,0.32929375767707825,1.6725760698318481
1403899687745163265,neutral,1.5683255195617676,1.1388026475906372,0.053250838071107864
1403899706158174212,neutral,1.5683255195617676,1.1388026475906372,0.05325087159872055
1403899708758691842,neutral,2.515557050704956,0.9790822863578796,-0.23656882345676422
1403899727150788612,neutral,1.788775086402893,-0.5467427968978882,1.4211790561676025
1403899736420192261,negative,0.9812223315238953,-1.4794665575027466,4.308752536773682
1403899739842695170,neutral,2.0986509323120117,0.1559203863143921,-0.033367693424224854
1403899740199079936,negative,1.2063251733779907,-0.4430001676082611,1.7367417812347412
1403899749925900294,neutral,1.4722956418991089,-0.28785309195518494,1.0264172554016113
1403899750030745604,neutral,2.515557050704956,0.9790822863578796,-0.23656873404979706
1403899754413580288,neutral,2.429086208343506,0.2115701138973236,0.46580901741981506
1403899755227496454,neutral,1.9950363636016846,1.2090482711791992,-0.6232585906982422
1403899767529353218,neutral,1.5402251482009888,-0.483039528131485,1.361415147781372
1403899768208691204,neutral,1.8001201152801514,1.2427242994308472,-0.21552050113677979
1403899768472883200,neutral,2.4618747234344482,1.2398345470428467,-0.19043999910354614
1403899773212532737,negative,0.9045189619064331,-0.5423752069473267,1.8223103284835815
1403899773745250305,neutral,1.8069040775299072,1.0529842376708984,-0.026981914415955544
1403899781701783557,negative,1.57772696018219,-0.6427431702613831,2.223226547241211
1403899791357059080,negative,0.9879715442657471,0.38599082827568054,1.1256673336029053
1403899795232772097,negative,1.0523477792739868,0.10070888698101044,1.4803718328475952
1403899796344086532,neutral,1.8438369035720825,0.945024311542511,0.32994240522384644
1403899799234138112,negative,1.1895174980163574,-0.7921968102455139,2.1676595211029053
1403899801943617537,neutral,4.112061500549316,2.6813907623291016,-1.7077522277832031
1403899806318153731,neutral,1.7459529638290405,-0.6150237321853638,1.263253092765808
1403899806863355908,negative,0.3602454960346222,0.6445388197898865,1.557421088218689
1403899809174417408,neutral,2.2758116722106934,1.846511721611023,-0.1793181449174881
1403899810550321155,negative,1.3815464973449707,-1.3231019973754883,3.226516008377075
1403899810839736320,neutral,1.5915274620056152,-0.5565354228019714,1.1130255460739136
1403899819517640704,neutral,2.017265558242798,0.13035745918750763,0.6655923128128052
1403899821862187009,neutral,2.0225250720977783,0.39943498373031616,0.9150418043136597
1403899834789249025,neutral,2.134505033493042,-0.5447365045547485,1.0128284692764282
1403899837855125508,neutral,2.6695542335510254,1.3658323287963867,-0.3420422673225403
1403899838647787523,neutral,2.597618579864502,-0.5585874915122986,0.6555187106132507
1403899839771865093,neutral,2.212568521499634,0.37285298109054565,-0.565314531326294
1403899841357312004,negative,1.4222462177276611,-0.6842308044433594,1.8617349863052368
1403899842796077059,neutral,1.8547598123550415,0.1231541708111763,0.9054662585258484
1403899843328806915,negative,1.4933526515960693,-1.3180906772613525,3.2082407474517822
1403899844138127361,positive,1.1953516006469727,1.3977935314178467,0.27021726965904236
1403899844381450244,neutral,2.0170133113861084,-0.13886213302612305,0.7633891701698303
1403899844620697604,positive,1.1028200387954712,1.9066269397735596,-0.22440074384212494
1403899846562516997,neutral,1.3395236730575562,-0.4386007487773895,1.2326247692108154
1403899853579730947,neutral,2.515557050704956,0.9790823459625244,-0.23656879365444183
1403899854045155329,negative,1.0638201236724854,-0.12987089157104492,1.124124526977539
1403899862391824387,neutral,2.134505033493042,-0.5447365045547485,1.0128284692764282
1403899863864127495,negative,0.887431800365448,0.10841917991638184,1.0970380306243896
1403899868561739777,negative,1.4361170530319214,-1.1706621646881104,2.9901647567749023
1403899878787403778,neutral,1.2298098802566528,0.2836023271083832,1.0557934045791626
1403899879198380033,neutral,1.8871650695800781,-0.45373156666755676,1.5629805326461792
1403899879630409729,neutral,1.425536036491394,0.9572553038597107,0.8127591609954834
1403899880620232710,neutral,1.4040502309799194,0.03131571784615517,0.3814759850502014
1403899884382478337,neutral,2.64125919342041,2.1888606548309326,-1.0919898748397827
1403899884906811397,neutral,1.5884548425674438,0.11379848420619965,0.9147958755493164
1403899886760869890,negative,1.0403801202774048,0.3409581780433655,1.4969719648361206
1403899887268233216,negative,1.1309369802474976,-0.6558777093887329,2.6601078510284424
1403899889407258624,negative,1.221655249595642,-0.8169860243797302,2.1795740127563477
1403899891793813504,neutral,1.3529168367385864,0.6729048490524292,0.6038541197776794
1403899897795940352,neutral,1.409695029258728,0.06543132662773132,1.1569595336914062
1403899901218484225,positive,0.5533043146133423,2.676283121109009,0.3474363684654236
1403899902195765248,neutral,1.4006872177124023,0.049360908567905426,1.2033027410507202
1403899910689378306,neutral,2.134505033493042,-0.5447365045547485,1.0128284692764282
1403899910869504001,neutral,1.8871650695800781,-0.45373156666755676,1.5629805326461792
1403899920638119942,neutral,2.564032793045044,0.4762375056743622,0.25841712951660156
1403899923427332101,neutral,1.5445455312728882,-0.579765796661377,1.539046287536621
1403899923632779267,neutral,1.3911211490631104,0.5643163323402405,0.6047114729881287
1403899923905626114,negative,0.7740476131439209,-1.0724791288375854,3.186854600906372
1403899931002290176,negative,0.7767584919929504,-0.8062028288841248,2.1396822929382324
1403899931467735043,neutral,1.895883560180664,0.6797608137130737,0.6322098970413208
1403899934491959296,neutral,1.460233449935913,-0.005499400198459625,1.2035542726516724
1403899935754444802,negative,1.2830009460449219,-1.418311357498169,3.9145071506500244
1403899938212171783,neutral,1.5445456504821777,-0.579765796661377,1.539046287536621
1403899938245914634,neutral,2.1013989448547363,-0.4210796058177948,1.4057486057281494
1403899945833304065,positive,1.9382036924362183,3.1793320178985596,-1.0072743892669678
1403899951818543106,neutral,1.7318116426467896,-0.36532077193260193,1.1051603555679321
1403899954645540869,positive,0.8883962631225586,2.3741297721862793,0.3258250951766968
1403899954779758596,neutral,1.6284313201904297,-0.060808755457401276,1.616542100906372
1403899961813745667,neutral,1.1407287120819092,-0.04778598994016647,1.010185718536377
1403899961952014343,negative,0.6934351325035095,-1.284688949584961,4.042944431304932
1403899962824527881,negative,1.2818140983581543,-0.5379197001457214,1.9426785707473755
1403899963810086917,negative,0.9638267159461975,-0.7859675884246826,2.0225794315338135
1403899966188179464,neutral,2.6695542335510254,1.3658323287963867,-0.3420422673225403
1403899967970893824,negative,0.8740043044090271,-0.6438979506492615,1.3543157577514648
1403899968637657088,neutral,1.460233449935913,-0.005499400198459625,1.2035542726516724
1403899969896017920,neutral,2.1066689491271973,-0.08333047479391098,1.0776314735412598
1403899970743382018,negative,1.0032167434692383,0.08473718911409378,1.6497550010681152
1403899975466164224,positive,1.2020623683929443,1.3324828147888184,1.0799212455749512
1403899979194896385,neutral,1.7318116426467896,-0.36532077193260193,1.1051603555679321
1403899980209790977,neutral,1.6521447896957397,-0.41638579964637756,1.4743127822875977
1403899986102743043,negative,0.7441508173942566,-0.4628269374370575,1.7701095342636108
1403899988623511564,neutral,1.8186506032943726,0.09326614439487457,0.33823707699775696
1403899989135441921,negative,1.056782603263855,-0.4038012623786926,1.556017279624939
1403899990339059712,neutral,1.1203749179840088,-0.32284489274024963,0.7507867813110352
1403900001131151362,neutral,2.2051637172698975,1.1192258596420288,0.5333253145217896
1403900005358837763,neutral,1.7318116426467896,-0.36532077193260193,1.1051603555679321
1403900010991812611,neutral,1.2867220640182495,0.10827808082103729,0.9004670977592468
1403900011222552577,neutral,1.2178248167037964,0.837989866733551,0.639782726764679
1403900011537072130,positive,0.32456082105636597,1.3465527296066284,1.1032594442367554
1403900013353193473,negative,1.2738730907440186,-0.6472830176353455,1.3507039546966553
1403900014909292552,negative,1.5300439596176147,-1.3857918977737427,3.6998684406280518
1403900017090260994,neutral,1.936098575592041,0.6512230634689331,0.843765139579773
1403900018428370944,neutral,2.0894997119903564,-0.4367348253726959,0.6035855412483215
1403900024459862016,negative,1.280117154121399,-0.1413363814353943,1.3648409843444824
1403900025738985474,negative,1.1972347497940063,-1.2441380023956299,3.3404150009155273
1403900028356288519,neutral,1.7091621160507202,0.38549402356147766,0.8956781029701233
1403900031719985160,neutral,2.0092430114746094,1.6269068717956543,-0.7593972086906433
1403900045179637762,negative,1.2078648805618286,-0.726322591304779,1.6876654624938965
1403900046211309577,neutral,2.597618579864502,-0.5585874915122986,0.6555187106132507
1403900048673488897,neutral,1.622816562652588,1.3107688426971436,-0.1153324618935585
1403900051181637633,negative,1.2753695249557495,-0.6770133376121521,1.9601103067398071
1403900053371109381,neutral,3.6433775424957275,2.888206958770752,-1.4943678379058838
1403900054973255682,negative,1.0032167434692383,0.08473718911409378,1.6497550010681152
1403900058236461065,negative,1.4603466987609863,-0.7646768093109131,2.1677615642547607
1403900059503054851,neutral,2.108184337615967,0.049917615950107574,0.5085699558258057
1403900063324180481,negative,1.5285940170288086,-0.5614821314811707,1.7339320182800293
1403900065538707458,neutral,1.7122251987457275,0.8052791953086853,0.5034249424934387
1403900073122091010,positive,1.7619903087615967,2.7910304069519043,-0.6323674321174622
1403900080730644485,neutral,2.345184326171875,0.3315010368824005,0.44698408246040344
1403900081749725187,neutral,1.742220163345337,-0.37562093138694763,1.3424626588821411
1403900083985338372,neutral,1.8871650695800781,-0.45373156666755676,1.5629805326461792
1403900087684763648,negative,1.5076442956924438,-0.4347630441188812,1.5891636610031128
1403900093384650754,neutral,1.9652751684188843,0.8537197113037109,0.3843465745449066
1403900110308843520,neutral,1.4974092245101929,-0.4422193467617035,1.2919228076934814
1403900111130959874,neutral,2.515557050704956,0.9790822863578796,-0.23656873404979706
1403900112225521671,negative,1.167173981666565,-0.691858172416687,1.5100200176239014
1403900112603029507,neutral,1.5445455312728882,-0.579765796661377,1.539046287536621
1403900118772994049,negative,1.4023219347000122,-0.9586389064788818,2.1826515197753906
1403900123185287169,negative,1.1566600799560547,-1.1871163845062256,3.0259623527526855
1403900127752851460,negative,1.2621217966079712,-0.6073272228240967,1.9763176441192627
1403900128772214786,neutral,1.5734119415283203,-0.6293102502822876,0.9494426250457764
1403900132827959297,negative,1.0280085802078247,-1.0940282344818115,3.0491878986358643
1403900133184618496,neutral,2.195221185684204,0.004936613142490387,-0.019061656668782234
1403900133683589127,neutral,1.6170686483383179,0.6647119522094727,0.0217442587018013
1403900146098843650,neutral,2.0953471660614014,-0.48771366477012634,0.8941060900688171
1403900146593800195,neutral,2.0953471660614014,-0.48771366477012634,0.8941060900688171
1403900147088728065,neutral,2.0953471660614014,-0.48771366477012634,0.8941061496734619
1403900147575267328,neutral,2.0953471660614014,-0.48771366477012634,0.8941060900688171
1403900148057583618,neutral,2.0953471660614014,-0.48771366477012634,0.8941060900688171
1403900148544061444,neutral,2.0953471660614014,-0.48771366477012634,0.8941060900688171
1403900149458370566,neutral,2.1252334117889404,0.9527305960655212,-0.4064876437187195
1403900150838218756,neutral,1.1034654378890991,0.17890071868896484,-0.06896542757749557
1403900159780655111,negative,1.2567676305770874,-0.9491602182388306,2.2530083656311035
1403900161659752448,neutral,2.8043344020843506,1.2073860168457031,-0.47307151556015015
1403900162930401282,neutral,1.460233449935913,-0.005499385297298431,1.2035540342330933
1403900163878387712,positive,0.8825076818466187,0.935356616973877,0.40174630284309387
1403900165845569542,negative,1.4961928129196167,-1.2333788871765137,2.8545889854431152
1403900172636147714,neutral,1.5884548425674438,0.11379848420619965,0.9147958755493164
1403900172766105602,neutral,1.961842656135559,-0.1618843674659729,0.906765341758728
1403900174947192838,negative,0.9750841856002808,-0.46884819865226746,2.287397623062134
1403900182333374465,neutral,2.1645045280456543,1.7415670156478882,-0.3329072892665863
1403900185168650243,neutral,2.597618579864502,-0.5585874915122986,0.6555187106132507
1403900187706376194,neutral,1.74478280544281,-0.45882686972618103,1.3836078643798828
1403900197705498628,neutral,2.0170133113861084,-0.13886213302612305,0.7633891701698303
1403900199089491970,neutral,1.8686470985412598,-0.8533196449279785,1.7762649059295654
1403900202692407301,neutral,2.564032793045044,0.4762375056743622,0.25841712951660156
1403900208514146306,negative,1.4417755603790283,-0.6748796105384827,2.354247570037842
1403900210426822656,neutral,2.346379280090332,1.4951272010803223,-0.6025362014770508
1403900210909122561,neutral,1.3194403648376465,0.3608505427837372,0.10603002458810806
1403900214579187723,negative,1.2893638610839844,-0.9155136942863464,2.240414619445801
1403900215724326915,neutral,2.280790328979492,0.08463771641254425,0.6677923202514648
1403900217968283649,negative,1.3631178140640259,-0.5449047684669495,1.6357059478759766
1403900219490586626,neutral,1.5608711242675781,-0.14212101697921753,1.0632072687149048
1403900224779821058,neutral,1.74478280544281,-0.45882686972618103,1.3836078643798828
1403900225433964544,negative,0.8038425445556641,-0.1379520297050476,1.752855658531189
1403900229066399749,neutral,2.2315633296966553,0.2841631770133972,0.6997609734535217
1403900229942796289,negative,0.7535184621810913,-0.526962161064148,2.542160749435425
1403900229972267008,negative,1.0057545900344849,-0.8517709970474243,2.676201820373535
1403900230823731200,negative,1.3213850259780884,-0.7263873219490051,1.5127049684524536
1403900230840602624,negative,0.7376500368118286,0.5257501602172852,1.1907647848129272
1403900236301434882,negative,0.97871994972229,-0.07601519674062729,1.147002100944519
1403900236632887300,neutral,1.7914365530014038,-0.38262608647346497,1.0881956815719604
1403900238998298626,neutral,1.4348400831222534,0.01577724516391754,1.121254563331604
1403900239128371203,negative,1.3868964910507202,-0.8449875116348267,2.4242424964904785
1403900246724268033,neutral,2.184312105178833,0.24646088480949402,0.4911704659461975
1403900249442189314,negative,1.8468904495239258,-0.9838905930519104,1.958309292793274
1403900250339876867,negative,0.6467410326004028,0.5854039788246155,1.1865668296813965
1403900256794779651,negative,1.0679439306259155,-0.807866632938385,2.1961233615875244
1403900264638304257,neutral,2.2050909996032715,0.9213632941246033,0.8127710223197937
1403900271177068547,negative,0.7045176029205322,-0.3995554745197296,2.3534085750579834
1403900280165441537,negative,1.1629559993743896,-0.02114240825176239,1.386010766029358
1403900280454975492,negative,1.3266024589538574,-0.8738052248954773,1.9989213943481445
1403900283235704836,neutral,2.6695542335510254,1.3658323287963867,-0.3420422673225403
1403900287341928450,neutral,1.8406027555465698,-0.2807753086090088,1.0959453582763672
1403900291162853379,negative,1.626934289932251,-1.0994356870651245,2.4362716674804688
1403900296510722059,negative,1.1067782640457153,-0.8141806125640869,2.9971697330474854
1403900305264328705,positive,1.305161714553833,1.3099913597106934,0.19036038219928741
1403900307566829573,neutral,1.8871650695800781,-0.45373156666755676,1.5629805326461792
1403900309169078272,negative,1.081099033355713,-0.44019201397895813,1.552842378616333
1403900314818842626,neutral,2.336239814758301,1.2667433023452759,-0.18849991261959076
1403900319428395013,negative,1.1973425149917603,-0.04926515370607376,1.9045546054840088
1403900322242781193,negative,0.6247992515563965,-1.0019370317459106,3.4207608699798584
1403900333718261762,neutral,1.1848419904708862,0.36113035678863525,0.8525441884994507
1403900335693967360,negative,1.38197660446167,-0.9002671241760254,2.055025339126587
1403900337254068233,negative,1.3477116823196411,-0.16895365715026855,1.466840147972107
1403900338206294016,negative,0.5230843424797058,0.7046647071838379,2.044356107711792
1403900342312476675,neutral,2.6395864486694336,1.639054536819458,-0.5062190294265747
1403900343121973248,neutral,1.627739667892456,0.7637748122215271,-0.06932912021875381
1403900345663868929,neutral,2.084786891937256,0.8681895136833191,-0.22424577176570892
1403900346112561157,neutral,1.5884548425674438,0.11379851400852203,0.9147958755493164
1403900353142218755,negative,1.1507726907730103,-1.3064305782318115,3.1433346271514893
1403900353301540868,neutral,2.860531806945801,2.2855160236358643,-0.27713510394096375
1403900359320379393,negative,1.3398388624191284,-0.703453004360199,2.098353624343872
1403900361975361541,neutral,2.8732662200927734,0.8975493311882019,-0.15186889469623566
1403900364898795521,negative,1.0725008249282837,0.1170145720243454,1.6128277778625488
1403900367297994754,neutral,2.400991439819336,1.495855450630188,-0.20224463939666748
1403900368493371393,negative,1.535585641860962,-1.409841537475586,3.529599666595459
1403900369252454408,negative,0.5842801928520203,-1.1792408227920532,3.5625789165496826
1403900380367376386,neutral,2.564032793045044,0.4762375056743622,0.25841712951660156
1403900384385507328,negative,0.9326610565185547,-0.4903731048107147,2.486284017562866
1403900387489304579,neutral,1.3252313137054443,0.30451807379722595,0.8438906669616699
1403900387560722438,negative,1.8514217138290405,-1.055578351020813,1.930132508277893
1403900401397780482,negative,0.8052365779876709,-0.5477358102798462,1.4745124578475952
1403900404375515139,neutral,2.017265558242798,0.13035745918750763,0.6655923128128052
1403900405801635844,neutral,1.8058452606201172,0.8820902109146118,0.23819661140441895
1403900413657726976,negative,1.2822226285934448,-0.837510347366333,1.6434470415115356
1403900414064431104,neutral,2.0340538024902344,0.8374434113502502,0.4628313183784485
1403900419663974402,negative,1.1973425149917603,-0.04926515370607376,1.9045546054840088
1403900422503419904,neutral,1.4340460300445557,0.00038427114486694336,0.7890201210975647
1403900426081030146,neutral,1.4166780710220337,0.5618753433227539,0.07330244779586792
1403900437586059265,neutral,2.5031728744506836,-0.8277731537818909,1.0470707416534424
1403900448449306625,neutral,2.8732662200927734,0.8975493311882019,-0.15186889469623566
1403900449774768135,neutral,1.887164831161499,-0.45373162627220154,1.5629806518554688
1403901766832435203,neutral,1.9550824165344238,-0.8466367125511169,1.5250906944274902
1403901768493420546,neutral,1.6285247802734375,-0.33757755160331726,1.4877091646194458
1403901768526798849,negative,1.3994567394256592,-1.0115783214569092,2.375943422317505
1403901769000701952,neutral,1.1251007318496704,0.21877720952033997,0.802119791507721
1403901775938207745,negative,1.565900444984436,-1.1623897552490234,2.815744638442993
1403901780879101956,negative,0.8367931842803955,-1.064651370048523,3.1624464988708496
1403901787065618433,neutral,1.2079424858093262,0.6191086173057556,0.5285686254501343
1403901788235894786,neutral,1.594359278678894,-0.11202619224786758,1.3583968877792358
1403901788403638272,negative,1.8528826236724854,-1.1199469566345215,2.5154528617858887
1403901789112520707,neutral,2.6754703521728516,1.1542541980743408,-0.23154275119304657
1403901794191908865,neutral,1.809146523475647,0.3311806321144104,0.35766422748565674
1403901801003323393,neutral,1.447196125984192,-0.08509791642427444,1.2213233709335327
1403901801246642177,neutral,2.2758474349975586,1.848986268043518,-0.19494837522506714
1403901803238936578,negative,0.6776847243309021,-0.556275486946106,2.2424323558807373
1403901805529026569,neutral,1.2956680059432983,0.5474832653999329,0.8787180781364441
1403901806992936965,negative,1.5005894899368286,-0.9973660111427307,1.97273850440979
1403901807336828930,neutral,1.5884548425674438,0.11379848420619965,0.9147958755493164
1403901807621857283,neutral,1.7861509323120117,-0.676939070224762,1.0828142166137695
1403901808406417408,negative,1.224915862083435,-0.9688088297843933,2.2292375564575195
1403901809924661252,neutral,2.0862836837768555,0.4113042652606964,0.24209266901016235
1403901812160176132,neutral,2.6395864486694336,1.639054536819458,-0.5062190294265747
1403901814194401280,negative,1.327300786972046,-1.195939064025879,2.8305797576904297
1403901814676901888,positive,1.4532084465026855,1.4992506504058838,0.08958729356527328
1403901816736161794,neutral,1.229818344116211,-0.032330192625522614,1.0913666486740112
1403901824956960768,positive,1.0754826068878174,3.1473872661590576,-0.44095319509506226
1403901827565772802,neutral,1.7318116426467896,-0.36532077193260193,1.1051603555679321
1403901828316622849,neutral,1.9607402086257935,0.6445639133453369,-0.2625634968280792
1403901830296387584,neutral,2.6755383014678955,0.6138387322425842,-0.014462193474173546
1403901830430564353,neutral,2.6754703521728516,1.1542541980743408,-0.23154275119304657
1403901832179503107,neutral,1.7347674369812012,-0.12841814756393433,0.9687022566795349
1403901832825651207,neutral,1.6550213098526,0.15934893488883972,0.9476357102394104
1403901833765130241,neutral,1.6572234630584717,-0.4121372401714325,1.6267708539962769
1403901834255810564,negative,0.6247992515563965,-1.0019370317459106,3.4207608699798584
1403901834272546816,neutral,2.058189630508423,-0.838365912437439,1.4405418634414673
1403901835606327298,neutral,2.0170133113861084,-0.13886207342147827,0.7633891701698303
1403901837577576450,neutral,2.0340538024902344,0.8374434113502502,0.46283143758773804
1403901839095910402,negative,1.2720117568969727,-1.3896077871322632,3.60919451713562
1403901840949866498,neutral,1.7475590705871582,1.077501893043518,-0.3894856572151184
1403901848541609990,negative,1.067973256111145,-0.023258179426193237,1.7691984176635742
1403901850487648262,neutral,1.7019755840301514,-0.8309258222579956,1.61037015914917
1403901858222022656,negative,1.3631175756454468,-0.5449048280715942,1.635705828666687
1403901861732569089,neutral,1.5884548425674438,0.11379848420619965,0.9147958755493164
1403901862701641729,neutral,1.2571828365325928,0.47285494208335876,1.0576214790344238
1403901865125986304,negative,0.7771917581558228,0.347379207611084,0.9630025029182434
1403901865352388613,negative,1.565900444984436,-1.1623897552490234,2.815744638442993
1403901867826941959,neutral,2.597618579864502,-0.5585874915122986,0.6555187106132507
1403901867864866823,neutral,2.6754703521728516,1.1542541980743408,-0.23154275119304657
1403901871157297156,neutral,1.8771339654922485,1.2494654655456543,0.07200950384140015
1403901871484551170,neutral,2.515557050704956,0.9790822863578796,-0.23656873404979706
1403901874038706177,negative,1.3994567394256592,-1.0115783214569092,2.375943422317505
1403901874357510155,negative,1.1080297231674194,-0.7748720049858093,1.6930756568908691
1403901874764496896,neutral,1.460233449935913,-0.005499400198459625,1.2035542726516724
1403901875028586498,neutral,2.6754703521728516,1.1542541980743408,-0.23154275119304657
1403901876228214786,neutral,1.74478280544281,-0.45882686972618103,1.3836078643798828
1403901878098792453,neutral,2.4749059677124023,0.6151434183120728,0.08516538143157959
1403901885690486788,neutral,2.058189630508423,-0.838365912437439,1.4405418634414673
1403901886995046402,neutral,1.508630633354187,1.2138307094573975,0.16250497102737427
1403901887120920576,neutral,1.7129799127578735,-0.6619649529457092,1.0993489027023315
1403901887926177796,neutral,1.496846318244934,-0.7340507507324219,1.492134690284729
1403901892753825792,neutral,1.6550213098526,0.15934893488883972,0.9476357102394104
1403901896893546502,negative,0.6951974630355835,0.3617997169494629,0.9016368389129639
1403901897904463875,neutral,1.4234493970870972,-0.4119432866573334,0.919870138168335
1403901898319536130,negative,1.161117672920227,-0.497745543718338,2.800013780593872
1403901901146529793,neutral,1.8294494152069092,0.6130180954933167,0.498900830745697
1403901902245351424,negative,1.204224944114685,-0.3466135859489441,1.9968955516815186
1403901903923126273,negative,0.2500407099723816,0.3500097692012787,0.9118582606315613
1403901906746023938,positive,1.7619903087615967,2.7910304069519043,-0.6323674321174622
1403901907844800513,positive,1.1727851629257202,2.090937614440918,0.3197331130504608
1403901910889926660,neutral,1.7199064493179321,0.5118318796157837,0.3099401295185089
1403901913872146432,neutral,1.7129799127578735,-0.6619649529457092,1.0993489027023315
1403901914266230788,neutral,3.0710511207580566,1.6853808164596558,-0.34061840176582336
1403901914950078464,neutral,2.6754703521728516,1.1542541980743408,-0.23154275119304657
1403901916287995906,neutral,2.6754703521728516,1.1542541980743408,-0.23154275119304657
1403901916933935104,negative,0.9339934587478638,-0.18905383348464966,1.2478190660476685
1403901918120873989,neutral,1.4515199661254883,1.293035864830017,0.5565251708030701
1403901919903498241,neutral,3.068110227584839,-0.05087091773748398,0.4234805703163147
1403901928002646017,neutral,1.627739667892456,0.7637748122215271,-0.06932912021875381
1403901928044593159,positive,0.927924394607544,0.935925304889679,0.7068060636520386
1403901933413277696,negative,1.245503306388855,-0.10009097307920456,1.636303424835205
1403901935154089991,negative,0.4920763671398163,-0.9334593415260315,2.6444315910339355
1403901939247575043,neutral,1.914817452430725,1.7577698230743408,-0.07485883682966232
1403901939281108995,neutral,1.4544297456741333,-0.3663496673107147,0.7604828476905823
1403901944729530369,neutral,1.681772232055664,0.2682288587093353,0.6911937594413757
1403901945677484034,negative,1.357039451599121,-1.1023989915847778,2.347325325012207
1403901948265340931,negative,1.2720117568969727,-1.3896077871322632,3.60919451713562
1403901949414547456,negative,1.1811085939407349,0.0727272555232048,1.6746410131454468
1403901954837913601,neutral,1.4871585369110107,0.048213452100753784,0.5696702599525452
1403901956360269827,neutral,1.2953486442565918,0.6443749666213989,1.154911994934082
1403901959132913664,neutral,3.1023964881896973,1.9770972728729248,-0.8912134766578674
1403901962966421508,negative,0.8789863586425781,0.3541318476200104,1.0490175485610962
1403901963205369861,negative,1.1370197534561157,-1.3145935535430908,3.525813579559326
1403901963499032576,neutral,1.7321417331695557,0.618071973323822,1.2999420166015625
1403901963620728834,negative,1.5867711305618286,-0.6336162686347961,1.6453208923339844
1403901965625606152,negative,1.3186944723129272,-1.2208216190338135,3.128882646560669
1403901978023849984,neutral,1.6926002502441406,-0.9027380347251892,1.6495176553726196
1403901984755752963,negative,0.9730551242828369,0.4706355929374695,0.9921340346336365
1403901984785276932,positive,1.4327555894851685,1.6939411163330078,-0.18606610596179962
1403901985221345284,negative,1.2385852336883545,-0.4567611515522003,1.9104785919189453
1403901987712761857,negative,1.1811087131500244,0.07272729277610779,1.6746411323547363
1403901998890631168,negative,1.1296632289886475,-0.4725288450717926,1.6474515199661255
1403902001306558468,neutral,1.7681384086608887,-0.7733437418937683,1.4806300401687622
1403902001507831812,negative,1.4335299730300903,-0.5149445533752441,1.882811427116394
1403902009837826048,positive,1.7619904279708862,2.7910304069519043,-0.6323674917221069
1403902011586891779,positive,1.0564759969711304,1.4444172382354736,0.1717466115951538
1403902014761799681,negative,0.9180857539176941,-0.8937309384346008,3.1694211959838867
1403902014946385921,neutral,1.6624703407287598,-0.9490883946418762,1.6216111183166504
1403902022378823684,positive,1.4327555894851685,1.6939411163330078,-0.18606610596179962
1403902022626295811,negative,0.5052794218063354,0.3752436637878418,1.2594846487045288
1403902022982701060,negative,0.8066647052764893,0.6742866039276123,1.2058261632919312
1403902025637806088,positive,2.2470669746398926,3.209402084350586,-0.37463611364364624
1403902030192644096,neutral,1.5782972574234009,-0.14915066957473755,1.3339645862579346
1403902034546507779,negative,0.40825748443603516,-0.47952041029930115,2.408781051635742
1403902034902847491,neutral,1.786963939666748,-0.19190415740013123,1.4623712301254272
1403902038082265088,negative,1.4546040296554565,-1.2010174989700317,2.699409246444702
1403902045099237384,neutral,1.7701764106750488,-0.9158051609992981,1.7353696823120117
1403902047276109826,neutral,2.6754703521728516,1.1542541980743408,-0.23154275119304657
1403902049344004103,negative,1.565900444984436,-1.1623897552490234,2.815744638442993
1403902050354622468,neutral,1.594359278678894,-0.11202617734670639,1.3583967685699463
1403902050484723714,negative,1.0627849102020264,-0.00429418683052063,1.7522209882736206
1403902050547777539,neutral,1.5884549617767334,0.11379849165678024,0.9147959351539612
1403902051365629954,neutral,2.5451111793518066,-0.24274536967277527,0.8750360012054443
1403902061096341507,neutral,1.5402251482009888,-0.483039528131485,1.361415147781372
1403902062988038144,neutral,3.317060708999634,1.0876308679580688,-0.6975265741348267
1403902063721947140,negative,0.3496893644332886,-0.3492165803909302,2.8819472789764404
1403902065185890307,neutral,1.6550213098526,0.15934893488883972,0.9476357102394104
1403902066385309703,positive,1.1024401187896729,1.647720217704773,0.0323498398065567
1403902066435792900,neutral,1.7367897033691406,-0.3413761258125305,1.5281314849853516
1403902068268539906,neutral,1.6000417470932007,0.9195981621742249,0.6046919226646423
1403902074090229762,neutral,1.5678032636642456,0.5735052824020386,0.08253215253353119
1403902080063004678,negative,0.7045176029205322,-0.3995554745197296,2.3534085750579834
1403902082323714049,neutral,2.134505033493042,-0.5447365045547485,1.0128284692764282
1403902083980435457,negative,1.227569341659546,-0.5783817172050476,1.8322497606277466
1403902086299799554,neutral,2.258897304534912,0.745654284954071,0.1772284358739853
1403902086413123585,neutral,0.5372671484947205,0.31263840198516846,0.3711002469062805
1403902089386856448,negative,1.4213054180145264,-0.9130183458328247,1.8115383386611938
1403902090309689344,neutral,2.1751229763031006,-0.032554127275943756,0.19249282777309418
1403902090854817794,neutral,2.1374104022979736,0.2795146703720093,0.49999791383743286
1403902092398317569,neutral,1.5551358461380005,-0.03312201052904129,0.3744058609008789
1403902092536844288,negative,1.1811087131500244,0.07272729277610779,1.6746411323547363
1403902100300566528,neutral,1.9727455377578735,-0.7077555060386658,1.037966251373291
1403902101365813250,negative,0.4637407064437866,-0.7835277915000916,3.5021772384643555
1403902101495889925,positive,1.6666290760040283,1.8981611728668213,0.3963531255722046
1403902112489250819,negative,0.621971845626831,-0.8503862023353577,2.569692611694336
1403902117614657548,negative,0.9849461317062378,-0.29566553235054016,1.8625905513763428
1403902117757079556,neutral,2.597618579864502,-0.5585874915122986,0.6555187106132507
1403902118109536256,neutral,1.6624703407287598,-0.9490883946418762,1.6216111183166504
1403902122362474499,neutral,1.8651677370071411,0.5130131244659424,0.30815014243125916
1403902129941716993,negative,1.2720117568969727,-1.3896077871322632,3.60919451713562
1403902131036295170,neutral,1.920204520225525,-0.7090505957603455,1.5704342126846313
1403902131984240640,negative,0.39981740713119507,-0.4644041359424591,3.2210772037506104
1403902132667961350,neutral,1.5884548425674438,0.11379848420619965,0.9147958755493164
1403902133808906250,negative,1.3967715501785278,-0.6986106634140015,2.034980297088623
1403902138955321347,neutral,1.5943591594696045,-0.11202611774206161,1.358397126197815
1403902140070854661,neutral,1.3614003658294678,-0.03104425221681595,-0.009607655927538872
1403902140670562307,neutral,1.4923468828201294,0.5765219926834106,1.1656886339187622
1403902141631139846,negative,1.1960780620574951,-0.8752973675727844,1.9242887496948242
1403902141681475588,negative,1.565900444984436,-1.1623897552490234,2.815744638442993
1403902145875922944,neutral,1.8045381307601929,-0.7224785685539246,1.1755479574203491
1403902147918434304,negative,1.565900444984436,-1.1623897552490234,2.815744638442993
1403902148975472644,neutral,1.8569166660308838,0.032421037554740906,0.22243879735469818
1403902151722770434,neutral,1.5943591594696045,-0.11202611774206161,1.358397126197815
1403902152481808386,positive,1.324397087097168,2.031376600265503,-0.21660082042217255
1403902152716685312,negative,1.2720117568969727,-1.3896077871322632,3.60919451713562
1403902153324851203,neutral,2.6754703521728516,1.1542541980743408,-0.23154275119304657
1403902153404649477,neutral,1.7301509380340576,0.7228895425796509,0.47341662645339966
1403902156789403649,neutral,3.3422741889953613,2.532104730606079,-1.252068281173706
1403902160350285824,negative,1.0719867944717407,-1.3043323755264282,3.6333277225494385
1403902160467791877,neutral,1.6924411058425903,-0.35533607006073,1.3356707096099854
1403902160719421440,neutral,1.5943591594696045,-0.11202611774206161,1.358397126197815
1403902162590183427,negative,1.1811085939407349,0.0727272778749466,1.6746410131454468
1403902167333982221,negative,1.565900444984436,-1.1623897552490234,2.815744638442993
1403902167774380034,negative,1.565900444984436,-1.1623897552490234,2.815744638442993
1403902167812120579,neutral,1.6273949146270752,0.2534761130809784,0.5412303805351257
1403902168789258242,neutral,1.5884548425674438,0.11379848420619965,0.9147958755493164
1403902170249019392,neutral,2.2051637172698975,1.1192258596420288,0.5333253145217896
1403902170269769730,negative,1.2720117568969727,-1.3896077871322632,3.60919451713562
1403902171200950277,neutral,2.5277745723724365,0.027866870164871216,0.5026813745498657
1403902174900350981,neutral,1.7318116426467896,-0.36532077193260193,1.1051603555679321
1403902178562084866,negative,1.3624846935272217,-0.47834768891334534,1.8812127113342285
1403902183876169732,neutral,1.6328414678573608,0.7559469938278198,0.3716975748538971
1403902185734295555,neutral,2.6037330627441406,-0.2230156660079956,0.7505196928977966
1403902192487223298,negative,1.0858581066131592,-1.0223658084869385,2.4716758728027344
1403902193967636483,negative,0.9077308177947998,-1.1247398853302002,3.281557321548462
1403902194643091457,negative,0.8465586304664612,0.3272155225276947,1.613545298576355
1403902197469958149,neutral,2.258897304534912,0.745654284954071,0.1772284358739853
1403902197478350849,neutral,2.127793312072754,-0.3131454885005951,0.9666603803634644
1403902201215528969,negative,1.1811087131500244,0.07272729277610779,1.6746411323547363
1403902204931497988,negative,0.7801178693771362,-1.2657650709152222,3.3840219974517822
1403902205351149569,neutral,1.6866843700408936,0.899357259273529,-0.09195389598608017
1403902206827384835,neutral,2.597214698791504,1.2493008375167847,-0.5927076935768127
1403902207603339267,negative,1.284617304801941,-1.124041199684143,2.786445140838623
1403902208240799746,negative,1.631758689880371,-1.1174746751785278,2.468658924102783
1403902208828010496,neutral,2.7589311599731445,1.3539937734603882,-0.2991911470890045
1403902211155918848,negative,1.1095303297042847,-1.0723479986190796,2.6612329483032227
1403902214406508548,neutral,1.7129799127578735,-0.6619649529457092,1.0993489027023315
1403902219842379777,neutral,1.8406027555465698,-0.2807753086090088,1.0959453582763672
1403902221796917249,neutral,1.5604345798492432,-0.11306097358465195,1.1873749494552612
1403902222954606592,negative,1.5965436697006226,-0.08812900632619858,2.11132550239563
1403902226863562763,negative,1.565900444984436,-1.1623897552490234,2.815744638442993
1403902228168003587,neutral,1.7318116426467896,-0.36532077193260193,1.1051603555679321
1403902228893741056,negative,1.565900444984436,-1.1623897552490234,2.815744638442993
1403902229451575300,negative,0.8147459626197815,0.8830899596214294,1.0328041315078735
1403902233960456194,neutral,1.9350472688674927,-0.4772038757801056,0.9684426188468933
1403902237647138817,negative,1.565900444984436,-1.1623897552490234,2.815744638442993
1403902240704712710,neutral,3.0161185264587402,1.3091814517974854,-0.4778859615325928
1403902241082335235,negative,1.3537068367004395,-1.1088671684265137,2.904186725616455
1403902243414306818,neutral,1.8053988218307495,0.7485971450805664,0.5117931365966797
1403902249336598528,negative,1.565900444984436,-1.1623897552490234,2.815744638442993
1403902249890422790,negative,1.556815266609192,-0.8931783437728882,2.1276373863220215
1403902258241105925,neutral,1.7091621160507202,0.38549402356147766,0.8956781029701233
1403902262674558977,negative,0.49278169870376587,0.09966053813695908,1.5646525621414185
1403902262875856898,neutral,2.4385766983032227,1.291323184967041,-0.43071702122688293
1403902264612294658,neutral,2.0304505825042725,0.18360254168510437,0.27757933735847473
1403902267527372802,negative,1.565900444984436,-1.1623897552490234,2.815744400024414
1403902269469331456,negative,0.7055821418762207,-0.7975505590438843,2.9811832904815674
1403902269473492996,neutral,1.660787582397461,-0.381184458732605,1.2355294227600098
1403902270132076550,negative,1.565900444984436,-1.1623897552490234,2.815744638442993
1403902271633727489,negative,1.1811087131500244,0.07272729277610779,1.6746411323547363
1403902277606207490,positive,1.8860262632369995,4.45350456237793,-1.092020034790039
1403902279250481155,negative,0.7660762667655945,-0.02737376093864441,1.649476408958435
1403902279317479427,neutral,2.564032793045044,0.4762375056743622,0.25841712951660156
1403902281305706499,neutral,1.6624703407287598,-0.9490883946418762,1.6216111183166504
1403902284468207616,neutral,1.5295143127441406,0.7914044857025146,0.738629937171936
1403902285369982977,negative,1.4642571210861206,-1.0496646165847778,2.4997355937957764
1403902285386850305,negative,1.1811087131500244,0.07272729277610779,1.6746411323547363
1403902286338818049,neutral,2.0340538024902344,0.8374434113502502,0.46283143758773804
1403902289698459653,negative,1.565900444984436,-1.1623897552490234,2.815744638442993
1403902291560828931,neutral,1.729730248451233,-0.30803510546684265,1.3843926191329956
1403902293951631364,negative,1.565900444984436,-1.1623897552490234,2.815744638442993
1403902294047948802,neutral,1.5445455312728882,-0.579765796661377,1.539046287536621
1403902296719826952,negative,1.4739866256713867,-1.1948920488357544,2.6302778720855713
1403902298175143945,negative,1.565900444984436,-1.1623897552490234,2.815744638442993
1403902299882262528,negative,0.19647324085235596,0.1699627935886383,0.5634194612503052
1403902301912272900,positive,1.3698632717132568,2.6986565589904785,-0.3187558650970459
1403902308665147396,neutral,1.8871650695800781,-0.45373156666755676,1.5629805326461792
1403902309197926404,positive,0.7140520215034485,1.1760752201080322,0.7318896651268005
1403902310875598851,negative,0.8418832421302795,-0.17319780588150024,1.8907970190048218
1403902311303454721,negative,1.0407613515853882,-0.5686850547790527,1.4963387250900269
1403902313069088769,neutral,2.5031728744506836,-0.8277732729911804,1.047070860862732
1403902313480310784,neutral,1.8871650695800781,-0.45373156666755676,1.5629805326461792
1403902316902862848,negative,1.565900444984436,-1.1623897552490234,2.815744638442993
1403902318362316802,neutral,1.9248958826065063,0.8649358153343201,-0.4401622414588928
1403902333407346688,neutral,2.0743038654327393,-0.5919092297554016,1.1581863164901733
1403902336683200513,negative,1.565900444984436,-1.1623897552490234,2.815744638442993
1403902336909598721,negative,1.13728666305542,-0.9058298468589783,2.1597912311553955
1403902337454907392,neutral,1.3078536987304688,0.2712116241455078,0.6357378959655762
1403902339220606979,negative,1.2819135189056396,-1.0966449975967407,2.344412088394165
1403902340143460353,neutral,1.6618010997772217,0.20110420882701874,0.6126378774642944
1403902356517961731,negative,0.9785100817680359,0.18287470936775208,1.3054721355438232
1403902361446367234,negative,1.565900444984436,-1.1623897552490234,2.815744638442993
1403902364042416129,negative,0.8940184712409973,-0.41749826073646545,1.944210410118103
1403902366106140673,negative,1.565900444984436,-1.1623897552490234,2.815744638442993
1403902366538080256,neutral,1.790771484375,-0.39439713954925537,0.3129498362541199
1403902372930330625,neutral,1.8597142696380615,-0.382659912109375,1.2363612651824951
1403902374935072768,neutral,1.7988356351852417,0.5035956501960754,0.8437837958335876
1403902376252170252,negative,0.3744526207447052,-1.1737828254699707,4.378261089324951
1403902381926981634,neutral,2.134810209274292,0.8145482540130615,-0.10642031580209732
1403902391859257346,neutral,1.2753760814666748,0.5325573682785034,1.097512125968933
1403902395059421184,negative,1.8115653991699219,-1.06583571434021,1.8897361755371094
1403902395550076928,neutral,1.6628166437149048,0.15909938514232635,0.5656695365905762
1403902403666190342,neutral,2.1536576747894287,0.030738696455955505,0.691115140914917
1403902412608270336,neutral,2.533327102661133,-0.9385637640953064,1.3671997785568237
1403902416437891078,negative,1.565900444984436,-1.1623897552490234,2.815744638442993
1403902419713462275,neutral,1.4602333307266235,-0.005499407649040222,1.2035542726516724
1403902422385311746,negative,0.7516496777534485,-1.1624222993850708,3.3240251541137695
1403902423760916488,neutral,1.4497430324554443,0.28077253699302673,0.7718378901481628
1403902425459662853,negative,1.1207576990127563,-0.27358174324035645,2.190612316131592
1403902425694539777,negative,1.565900444984436,-1.1623897552490234,2.815744638442993
1403902425698762753,negative,1.2176865339279175,-0.5051233768463135,2.012411594390869
1403902425979891713,negative,0.9785100817680359,0.18287470936775208,1.3054721355438232
1403902426906873858,positive,0.6610043048858643,2.9604499340057373,0.03271029144525528
1403902431080091649,neutral,1.74478280544281,-0.45882686972618103,1.3836078643798828
1403902432006967299,negative,1.565900444984436,-1.1623897552490234,2.815744638442993
1403902432237821952,neutral,2.0170133113861084,-0.13886213302612305,0.7633891701698303
1403902436897656842,neutral,1.3794852495193481,0.18517594039440155,0.9065696597099304
1403902439502270464,negative,1.0729113817214966,-0.5507767200469971,2.5020408630371094
1403902442471886849,negative,1.2514560222625732,-0.28526291251182556,1.705854058265686
1403902442736177158,neutral,2.30802583694458,0.6482479572296143,-0.6471527814865112
1403902442828304386,positive,2.5314416885375977,2.698307514190674,-0.543024480342865
1403902443193344003,neutral,1.6469836235046387,0.3599312901496887,-0.08397915214300156
1403902443365224449,neutral,3.262852430343628,0.6223145723342896,0.26702776551246643
1403902443948285953,neutral,1.8385401964187622,-0.6503124237060547,1.6715887784957886
1403902444388683776,neutral,1.5036441087722778,0.8010452389717102,0.43746209144592285
1403902444824719360,neutral,1.7318116426467896,-0.36532077193260193,1.1051603555679321
1403902451804168196,neutral,1.6624701023101807,-0.9490883946418762,1.6216111183166504
1403902454693908483,neutral,1.9386992454528809,1.033444881439209,0.6280025839805603
1403902459806953479,neutral,1.7367706298828125,1.3198621273040771,0.4866941273212433
1403902459970351110,negative,0.4038573205471039,-0.18719542026519775,3.308964967727661
1403902466710597632,neutral,2.564032793045044,0.4762375056743622,0.25841712951660156
1403902467335655426,negative,1.565900444984436,-1.1623897552490234,2.815744638442993
1403902468589715458,negative,1.565900444984436,-1.1623897552490234,2.815744638442993
1403902473056624640,neutral,2.564032793045044,0.4762375056743622,0.25841712951660156
1403902475011121156,neutral,1.5066665410995483,0.1411338448524475,1.2186274528503418
1403902481197940740,negative,1.2693266868591309,-0.24893420934677124,1.5334804058074951
1403902486256111617,neutral,1.7318116426467896,-0.36532077193260193,1.1051603555679321
1403902490798563328,negative,1.4375957250595093,-0.7504427433013916,2.2909231185913086
1403902501703802880,negative,1.110720157623291,-0.7188387513160706,2.1831912994384766
1403902507928092676,negative,0.7423368096351624,-1.0276209115982056,2.9443485736846924
1403902510436397057,neutral,2.251692533493042,0.7176252007484436,-0.14891716837882996
1403902513141764101,negative,1.565900444984436,-1.1623897552490234,2.815744400024414
1403902515079380997,negative,0.638910710811615,-0.8610743880271912,2.8118340969085693
1403902518606827521,negative,1.565900444984436,-1.1623897552490234,2.815744638442993
1403902523170193412,neutral,2.280543804168701,-0.09521482139825821,0.6170493364334106
1403902524495568904,negative,0.9548155665397644,-1.1364836692810059,3.038520336151123
1403902525485551616,neutral,1.8039642572402954,0.6385588049888611,0.38860440254211426
1403902529835044864,neutral,1.662514328956604,-0.3051791191101074,0.9682575464248657
1403902531143561218,negative,0.7771846652030945,-1.3130576610565186,3.5759432315826416
1403902534360743936,negative,1.565900444984436,-1.1623897552490234,2.815744638442993
1403902541474189318,neutral,1.5402251482009888,-0.483039528131485,1.361415147781372
1403902543827193856,negative,1.4540953636169434,-1.157624363899231,2.765622138977051
1403902545765015553,negative,1.2567676305770874,-0.9491602778434753,2.2530083656311035
1403902552584773638,neutral,1.3703582286834717,1.291021466255188,-0.2773045003414154
1403902553692254209,negative,0.7660762667655945,-0.02737376093864441,1.649476408958435
1403902555638288384,neutral,2.564032793045044,0.4762375056743622,0.25841712951660156
1403902558016520192,negative,1.565900444984436,-1.1623897552490234,2.815744638442993
1403902558473752578,negative,1.565900444984436,-1.1623897552490234,2.815744638442993
1403902559153164288,neutral,2.184312105178833,0.24646088480949402,0.4911704659461975
1403902566589779969,negative,1.565900444984436,-1.1623897552490234,2.815744638442993
1403902569420832772,negative,1.565900444984436,-1.1623897552490234,2.815744638442993
1403902569949196292,positive,1.0946965217590332,1.860587239265442,-0.0102479737251997
1403902570129625089,neutral,1.6417254209518433,0.6298050284385681,0.5617003440856934
1403902571710861314,neutral,1.4196306467056274,-0.022294752299785614,1.1072977781295776
1403902572075773953,negative,1.170006275177002,-0.7292733192443848,2.395491123199463
1403902572797300737,negative,1.565900444984436,-1.1623897552490234,2.815744638442993
1403902579059224579,negative,1.0987021923065186,-0.5692101716995239,2.0895509719848633
1403902584008712195,neutral,2.134505033493042,-0.5447365045547485,1.0128284692764282
1403902585728233476,neutral,2.1327872276306152,1.143122673034668,-0.10189362615346909
1403902588915916806,neutral,1.5683255195617676,1.1388026475906372,0.053250838071107864
1403902590832758784,negative,0.5495883226394653,-1.0419591665267944,3.2639224529266357
1403902595857485825,negative,0.6632640361785889,-0.7156258821487427,2.997997522354126
1403902609866383360,neutral,1.415539026260376,0.011279210448265076,1.0824217796325684
1403902611015618562,positive,0.9859580993652344,1.5796059370040894,-0.2960291802883148
1403902611615633410,neutral,1.74478280544281,-0.45882686972618103,1.3836078643798828
1403902614580785155,negative,0.3803822696208954,-1.1771622896194458,3.5989954471588135
1403902615138627586,negative,1.565900444984436,-1.1623897552490234,2.815744638442993
1403902616120168450,neutral,0.5965467095375061,0.5833200216293335,0.5150555968284607
1403902619727192067,positive,1.6012331247329712,1.6938025951385498,0.25431177020072937
1403902622944305154,negative,1.0280085802078247,-1.0940282344818115,3.0491878986358643
1403902623133048832,neutral,1.8406027555465698,-0.2807753086090088,1.0959453582763672
1403902626459099137,negative,0.7247238159179688,-0.1887306571006775,2.0367610454559326
1403902626614284288,neutral,2.5587222576141357,2.407492160797119,-0.8723475933074951
1403902627885113344,neutral,2.0340538024902344,0.8374434113502502,0.46283143758773804
1403902631110660102,negative,1.2944207191467285,-0.5405447483062744,1.6719183921813965
1403902631186112515,neutral,1.6969317197799683,-0.23941415548324585,0.34727993607521057
1403902631777488901,positive,1.265167236328125,1.3681983947753906,0.460808664560318
1403902644322803721,negative,0.7994454503059387,-0.4725014269351959,2.5864920616149902
1403902645950205956,negative,1.565900444984436,-1.1623897552490234,2.815744638442993
1403902648487530499,negative,1.0280085802078247,-1.0940282344818115,3.0491878986358643
1403902649196433410,neutral,1.779745101928711,-0.02122800052165985,0.6311072707176208
1403902649645289473,neutral,1.7681384086608887,-0.7733437418937683,1.4806300401687622
1403902649821319179,negative,1.565900444984436,-1.1623897552490234,2.815744638442993
1403902651750748160,neutral,2.5265631675720215,0.06840747594833374,-0.05010540783405304
1403902652908376068,neutral,2.009315252304077,-0.9499848484992981,1.9221584796905518
1403902657157382145,negative,1.3696364164352417,-0.6327060461044312,1.736568570137024
1403902662307897351,neutral,1.74478280544281,-0.45882686972618103,1.3836078643798828
1403902668871962627,negative,1.565900444984436,-1.1623897552490234,2.815744638442993
1403902673884045316,neutral,1.5885095596313477,1.464857816696167,-0.03016960807144642
1403902683153633285,negative,0.9502820372581482,-0.7214959263801575,2.527510643005371
1403902684374224898,negative,1.565900444984436,-1.1623897552490234,2.815744638442993
1403902693119246339,negative,1.565900444984436,-1.1623897552490234,2.815744638442993
1403902700572401664,neutral,2.597618579864502,-0.5585874915122986,0.6555187106132507
1403902703890276357,positive,1.265167236328125,1.3681983947753906,0.460808664560318
1403902704410189825,neutral,2.1536576747894287,0.030738696455955505,0.691115140914917
1403902706687766530,negative,1.565900444984436,-1.1623897552490234,2.815744638442993
1403902707740651522,negative,1.2567676305770874,-0.9491602182388306,2.2530083656311035
1403902714740764675,neutral,1.428802490234375,-0.24475648999214172,1.3823179006576538
1403902716473085954,neutral,2.6695542335510254,1.3658322095870972,-0.34204232692718506
1403902719035727874,negative,1.0273654460906982,-0.6432450413703918,1.3592742681503296
1403902719568453633,neutral,1.2772107124328613,-0.008417338132858276,0.500797688961029
1403902720663162884,neutral,1.5884548425674438,0.11379848420619965,0.9147958755493164
1403902726862524421,negative,1.565900444984436,-1.1623897552490234,2.815744638442993
1403902729609789440,negative,1.2665585279464722,-0.4290182292461395,1.9142723083496094
1403902731257933831,neutral,2.0340538024902344,0.8374434113502502,0.46283143758773804
1403902731467857927,neutral,1.9877429008483887,-0.2717869281768799,0.7097043991088867
1403902731631435778,negative,1.184990406036377,-1.2009624242782593,2.899791955947876
1403902731912302593,negative,1.565900444984436,-1.1623897552490234,2.815744638442993
1403902736874287104,negative,1.565900444984436,-1.1623897552490234,2.815744638442993
1403902737754910720,neutral,1.7129799127578735,-0.661965012550354,1.0993491411209106
1403902738199724034,neutral,2.0158088207244873,-0.5146898627281189,1.429276466369629
1403902739302727681,neutral,1.8578379154205322,0.1462220847606659,1.0087873935699463
1403902743178268673,neutral,2.564032793045044,0.4762375056743622,0.25841712951660156
1403902744046493696,neutral,1.5370210409164429,-0.16518589854240417,0.5500419735908508
1403902744461647872,positive,1.745309829711914,1.9888256788253784,-0.04303634911775589
1403902744696610821,neutral,1.405100703239441,-0.0939248576760292,1.3082549571990967
1403902754100330504,negative,0.7595788240432739,-0.8192891478538513,3.063035249710083
1403902757078147073,positive,1.2571406364440918,2.154081106185913,-0.2815869152545929
1403902758311264260,neutral,1.7535308599472046,1.6387710571289062,-0.14700999855995178
1403902762362998785,negative,1.3446534872055054,-0.9741856455802917,2.1969799995422363
1403902762375602176,neutral,1.2632259130477905,-0.44198140501976013,1.102716326713562
1403902778288873474,negative,1.565900444984436,-1.162389874458313,2.815744638442993
1403902781526708233,neutral,1.8871650695800781,-0.45373156666755676,1.5629805326461792
1403902781602287616,negative,1.2725895643234253,-0.34599143266677856,1.2962629795074463
1403902788611055617,neutral,2.171405792236328,1.0248247385025024,0.3383716642856598
1403902794805829641,neutral,1.4861619472503662,0.6387612819671631,0.4461902678012848
1403902794847895557,negative,1.565900444984436,-1.1623897552490234,2.815744400024414
1403902800111804416,negative,0.7660762667655945,-0.02737376093864441,1.649476408958435
1403902808059834376,neutral,1.836497187614441,-0.14897587895393372,1.2047724723815918
1403902808483528706,neutral,2.1775474548339844,1.2981817722320557,-0.2144753485918045
1403902808932429824,negative,1.1250550746917725,-0.03662865608930588,1.722447156906128
1403902809318191109,positive,2.0534987449645996,4.152366638183594,-0.8892117738723755
1403902810299666432,neutral,1.6249831914901733,-0.3963496685028076,0.8019480109214783
1403902825369784327,neutral,2.1013989448547363,-0.4210796058177948,1.4057486057281494
1403902825680285696,neutral,1.74478280544281,-0.45882686972618103,1.3836078643798828
1403902825881653249,negative,0.7677916884422302,-0.43417593836784363,2.5621724128723145
1403902826737143810,neutral,1.6063621044158936,0.7168686389923096,0.26221805810928345
1403902831204212737,neutral,1.74478280544281,-0.45882686972618103,1.3836078643798828
1403902839806590980,negative,0.7279824614524841,-0.7201679348945618,2.0341665744781494
1403902842398658564,negative,1.0543718338012695,-0.7238092422485352,2.363919258117676
1403902843405275138,negative,1.565900444984436,-1.1623897552490234,2.815744638442993
1403902845225771009,negative,1.565900444984436,-1.1623897552490234,2.815744638442993
1403902851865141252,negative,1.1095303297042847,-1.0723479986190796,2.6612329483032227
1403902855996706817,neutral,1.460233449935913,-0.005499400198459625,1.2035542726516724
1403902860287516673,neutral,1.4097720384597778,0.9353027939796448,0.3330906331539154
1403902866083835910,negative,1.712857723236084,-0.6107551455497742,2.0179765224456787
1403902866155216896,neutral,1.6017084121704102,-0.18516674637794495,1.4807565212249756
1403902872958341130,negative,0.6966442465782166,-0.8414048552513123,2.1861045360565186
1403902875814690818,neutral,1.3252313137054443,0.3045180141925812,0.8438906669616699
1403902876586594307,negative,1.021427035331726,-0.5010161399841309,1.5618102550506592
1403902877744078849,negative,1.565900444984436,-1.1623897552490234,2.815744638442993
1403902878612299778,negative,1.565900444984436,-1.1623897552490234,2.815744400024414
1403902884123615233,negative,1.565900444984436,-1.1623897552490234,2.815744638442993
1403902885943930881,neutral,2.268895387649536,-0.01252506673336029,0.15147726237773895
1403902887248289793,neutral,1.8958837985992432,0.6797606348991394,0.6322098970413208
1403902888640794625,negative,1.565900444984436,-1.1623897552490234,2.815744638442993
1403902891237072896,neutral,1.8534053564071655,0.6742387413978577,0.09102398157119751
1403902893011484675,negative,1.0441787242889404,-0.5549986362457275,1.9685845375061035
1403902893636427778,negative,0.9326611161231995,-0.49037304520606995,2.486284017562866
1403902901257441291,negative,0.6327202916145325,-0.21975377202033997,2.176124334335327
1403902902192664576,negative,1.2486119270324707,-0.1875133216381073,1.9971885681152344
1403902903618871299,neutral,2.8799314498901367,0.42641347646713257,-0.014694089069962502
1403902905200095233,negative,1.565900444984436,-1.1623897552490234,2.815744638442993
1403902911588012032,negative,1.565900444984436,-1.1623897552490234,2.815744638442993
1403902912137363459,neutral,1.7426825761795044,-0.128576397895813,1.0131562948226929
1403902920630882305,negative,0.8284134268760681,-0.8527823686599731,2.5394222736358643
1403902921243308032,negative,1.565900444984436,-1.1623897552490234,2.815744638442993
1403902922350465024,neutral,2.7505099773406982,0.5773955583572388,-0.020698869600892067
1403902927874428930,neutral,1.5583600997924805,-0.019571661949157715,1.3163448572158813
1403902928667152389,neutral,2.0242245197296143,-0.38172459602355957,0.8857566714286804
1403902932358103040,neutral,2.1160147190093994,0.8839554786682129,0.24000166356563568
1403902933486292995,negative,1.2567676305770874,-0.9491602182388306,2.2530083656311035
1403902937676627968,neutral,1.9618587493896484,0.282955527305603,0.22510647773742676
1403902945230475268,neutral,1.5468813180923462,0.7966063618659973,0.7334262728691101
1403902945779871749,negative,1.565900444984436,-1.1623897552490234,2.815744638442993
1403902949886156801,negative,1.565900444984436,-1.1623897552490234,2.815744638442993
1403902950183931905,negative,1.3271912336349487,-1.256196141242981,3.2681305408477783
1403902950221795330,neutral,1.8045381307601929,-0.7224785685539246,1.1755479574203491
1403902951630934017,negative,1.4928443431854248,0.10245104879140854,1.6102523803710938
1403902953203802114,positive,0.8311789035797119,2.4617271423339844,0.8452342748641968
1403902955976204289,neutral,2.338653564453125,2.061816453933716,-0.40375402569770813
1403902960292089859,neutral,1.4564366340637207,0.06917136907577515,0.6673939824104309
1403902963895132168,negative,1.565900444984436,-1.1623897552490234,2.815744638442993
1403902965153476609,negative,1.565900444984436,-1.1623897552490234,2.815744638442993
1403902965992337417,neutral,1.5593644380569458,-0.3386547863483429,1.1660072803497314
1403902966059393026,negative,1.565900444984436,-1.1623897552490234,2.815744638442993
1403902966847873025,neutral,2.5368096828460693,-0.4847610890865326,0.6834563612937927
1403902971004456964,neutral,2.134505033493042,-0.5447365045547485,1.0128284692764282
1403902976876441600,neutral,1.9386992454528809,1.033444881439209,0.6280025839805603
1403902979497861124,negative,0.6000093817710876,1.0207964181900024,1.0304524898529053
1403902982417047558,neutral,2.597618579864502,-0.5585874915122986,0.6555187106132507
1403902985785257985,negative,1.565900444984436,-1.1623897552490234,2.815744638442993
1403902986674397196,negative,1.3845888376235962,-0.16936472058296204,1.386993408203125
1403902993519419392,neutral,2.6395864486694336,1.639054536819458,-0.5062190294265747
1403902993968287744,negative,1.565900444984436,-1.1623897552490234,2.815744400024414
1403903003736825857,negative,1.1407568454742432,0.015294089913368225,1.3163185119628906
1403903005607485440,negative,0.490261048078537,-0.7275621891021729,2.6064867973327637
1403903006039437315,negative,1.4513341188430786,-0.887951672077179,1.798142433166504
1403903010149912577,neutral,1.0874834060668945,-0.35507911443710327,0.8650999665260315
1403903012251242496,negative,1.565900444984436,-1.1623897552490234,2.815744638442993
1403903016575533059,neutral,1.4516162872314453,-0.1046980544924736,1.3497523069381714
1403903016588169216,positive,0.4859124720096588,1.0755122900009155,0.31944194436073303
1403903019968724992,neutral,2.8813958168029785,1.4291743040084839,0.0855323076248169
1403903027027734531,negative,1.0280085802078247,-1.0940282344818115,3.0491878986358643
1403903032111345668,neutral,2.0242245197296143,-0.38172459602355957,0.8857566714286804
1403903034569236482,negative,1.3676584959030151,-0.9498081803321838,2.138664484024048
1403903036141887488,negative,0.858421266078949,-1.0650526285171509,3.5869858264923096
1403903044505554945,neutral,2.493297576904297,1.211998462677002,-0.3747052848339081
1403903049614073864,neutral,1.92090904712677,-0.8468276262283325,1.3762478828430176
1403903052722147330,positive,0.27911877632141113,1.501582145690918,0.575009822845459
1403903055456768000,neutral,1.877925157546997,-0.5252586603164673,1.2232667207717896
1403903057675522048,negative,1.565900444984436,-1.1623897552490234,2.815744638442993
1403903057700831233,negative,1.565900444984436,-1.1623897552490234,2.815744638442993
1403903057834872836,negative,1.0280085802078247,-1.0940282344818115,3.0491878986358643
1403903058615013382,negative,0.8156082630157471,-0.40284523367881775,1.944516897201538
1403903058925346823,neutral,2.455007553100586,1.1298073530197144,-0.5095090866088867
1403903059948933122,positive,0.7941815853118896,2.374488353729248,-0.8099860548973083
1403903061412679682,neutral,2.2908735275268555,-1.088667631149292,2.061370611190796
1403903062901678081,neutral,1.657854676246643,0.6721835732460022,0.2025732547044754
1403903065959272451,neutral,1.7655165195465088,-0.7675021290779114,1.7336593866348267
1403903070019411972,negative,0.8298949003219604,-0.7854575514793396,2.286623477935791
1403903070321340418,positive,0.4425407350063324,1.958432912826538,0.4221557378768921
1403903071286136833,neutral,1.5909520387649536,1.1045973300933838,-0.18598663806915283
1403903076407390212,positive,1.5071382522583008,1.8131909370422363,-0.3025127649307251
1403903077632016390,neutral,1.7113133668899536,1.108627200126648,0.29469871520996094
1403903079032836101,neutral,2.0348544120788574,-0.7364860773086548,1.5586351156234741
1403903081591369733,neutral,1.5445455312728882,-0.579765796661377,1.539046287536621
1403903081994244100,positive,1.6621358394622803,3.7043914794921875,-1.019781470298767
1403903082388463619,neutral,1.8871650695800781,-0.45373156666755676,1.5629805326461792
1403903084192010243,negative,1.727341890335083,-0.7378231883049011,2.6880602836608887
1403903084745531396,negative,1.565900444984436,-1.1623897552490234,2.815744638442993
1403903087396392960,negative,0.45450058579444885,0.2530393600463867,1.6366674900054932
1403903087895531524,negative,0.7660762667655945,-0.02737376093864441,1.649476408958435
1403903095835348993,negative,1.565900444984436,-1.1623897552490234,2.815744638442993
1403903098649710595,neutral,2.065169095993042,1.5848348140716553,-0.6878393888473511
1403903106870657026,neutral,1.154161810874939,-0.5414332747459412,0.9978970885276794
1403903113535258625,neutral,2.564032793045044,0.4762375056743622,0.25841712951660156
1403903113677869057,negative,1.565900444984436,-1.1623897552490234,2.815744638442993
1403903120585986056,neutral,2.338123321533203,0.06082751974463463,-0.12659083306789398
1403903123723153410,negative,1.138344407081604,-0.1417621374130249,1.68901789188385
1403903128919937031,neutral,1.2855186462402344,0.22772932052612305,0.4701276421546936
1403903135748395009,neutral,2.5336060523986816,0.2834851145744324,0.7909303307533264
1403903135907725318,negative,0.6010172963142395,-0.4561905562877655,2.694887399673462
1403903137140805632,neutral,1.8540810346603394,-0.6865637898445129,1.6702464818954468
1403903141997957123,positive,0.6308772563934326,2.373868942260742,0.3644672632217407
1403903149593841665,negative,1.0248357057571411,-0.06034167855978012,1.7810496091842651
1403903151145553922,negative,1.174372673034668,-0.32659801840782166,1.9889416694641113
1403903154085793794,neutral,2.564032793045044,0.4762375056743622,0.25841712951660156
1403903155100848129,neutral,2.0242245197296143,-0.38172459602355957,0.8857566714286804
1403903156786974721,neutral,2.1730875968933105,-0.4278826415538788,1.151469349861145
1403903159311949825,negative,1.2785993814468384,-0.13024547696113586,1.5813087224960327
1403903165964165121,neutral,2.0489683151245117,-0.2794809937477112,1.263675570487976
1403903168044408837,negative,0.8641557097434998,-0.3890584707260132,1.639653205871582
1403903169323671560,neutral,1.854081153869629,-0.6865637898445129,1.6702464818954468
1403903170309459969,neutral,1.6624703407287598,-0.9490883946418762,1.6216111183166504
1403903172293263362,negative,1.6798208951950073,-1.014396071434021,2.0871667861938477
1403903175854153728,positive,2.1139793395996094,3.3014957904815674,-0.896441638469696
1403903176965713926,neutral,1.6170686483383179,0.6647119522094727,0.0217442587018013
1403903181969530882,negative,1.1095303297042847,-1.0723479986190796,2.6612329483032227
1403903182074527745,negative,1.565900444984436,-1.1623897552490234,2.815744638442993
1403903182539919361,negative,1.1095303297042847,-1.0723479986190796,2.6612329483032227
1403903183324332035,neutral,2.1730875968933105,-0.4278826415538788,1.151469349861145
1403903184372862978,negative,0.9045189619064331,-0.5423752069473267,1.8223103284835815
1403903186201612288,negative,1.565900444984436,-1.1623897552490234,2.815744638442993
1403903186851840000,neutral,1.3215261697769165,-0.05029616504907608,0.7687498331069946
1403903187241816065,negative,1.565900444984436,-1.1623897552490234,2.815744638442993
1403903189787844612,negative,0.7439609169960022,-0.2775442898273468,1.736189365386963
1403903190035206146,positive,2.390444755554199,4.547911167144775,-0.946150004863739
1403903191008284672,negative,1.565900444984436,-1.162389874458313,2.815744638442993
1403903195026395141,neutral,2.0340538024902344,0.8374434113502502,0.46283143758773804
1403903203511574533,positive,1.1232898235321045,2.696949005126953,-0.2126530110836029
1403903205231284226,positive,0.7706149816513062,2.8692023754119873,0.04943045973777771
1403903214764793861,negative,1.6560364961624146,-1.0424937009811401,2.296499013900757
1403903216945819653,neutral,2.1730875968933105,-0.4278826415538788,1.151469349861145
1403903224239869956,positive,0.742847204208374,1.784587025642395,0.027162592858076096
1403903228933201930,negative,1.2567676305770874,-0.9491602182388306,2.2530083656311035
1403903230552203270,neutral,2.061307191848755,0.48708435893058777,0.27341049909591675
1403903240635289602,neutral,2.1730875968933105,-0.4278826415538788,1.151469349861145
1403903242812198920,neutral,1.8871650695800781,-0.45373156666755676,1.5629805326461792
1403903246205390848,neutral,2.1730875968933105,-0.4278826415538788,1.151469349861145
1403903255311233026,negative,1.565900444984436,-1.1623897552490234,2.815744638442993
1403903256930181120,negative,1.565900444984436,-1.1623897552490234,2.815744638442993
1403903266472304646,neutral,2.215859889984131,1.2430202960968018,-0.13688771426677704
1403903268070191104,neutral,1.7318116426467896,-0.36532077193260193,1.1051603555679321
1403903271123578883,negative,1.6798208951950073,-1.014396071434021,2.0871667861938477
1403903275192049664,negative,0.922357439994812,-1.0340172052383423,2.886436700820923
1403903277922717697,negative,1.565900444984436,-1.1623897552490234,2.815744638442993
1403903277939539973,neutral,2.1730875968933105,-0.4278826415538788,1.151469349861145
1403903281357889536,negative,1.3040294647216797,-0.1176777258515358,1.456038475036621
1403903281911455753,neutral,1.8039642572402954,0.6385588049888611,0.38860440254211426
1403903282230202371,negative,1.6581898927688599,-1.204770565032959,2.749587059020996
1403903282867851267,neutral,2.2770884037017822,-0.7645195722579956,0.8517533540725708
1403903289071124482,neutral,1.74478280544281,-0.45882686972618103,1.3836078643798828
1403903290992123905,positive,1.265166997909546,1.3681983947753906,0.4608086943626404
1403903291621322753,negative,1.565900444984436,-1.162389874458313,2.815744638442993
1403903298474754051,neutral,1.1630488634109497,-0.3575199544429779,0.6779940128326416
1403903298810400774,neutral,1.6498188972473145,0.48931336402893066,0.3407994210720062
1403903308570447873,negative,1.125054955482483,-0.036628641188144684,1.7224472761154175
1403903308771860484,positive,1.265167236328125,1.3681983947753906,0.460808664560318
1403903309094686727,neutral,2.1730875968933105,-0.4278826415538788,1.151469349861145
1403903314471927811,neutral,2.134505033493042,-0.5447365045547485,1.0128284692764282
1403903319530168321,negative,1.565900444984436,-1.1623897552490234,2.815744638442993
1403903321182773251,neutral,1.8134111166000366,-0.898430585861206,1.7384065389633179
1403903323636338688,negative,1.56800377368927,-0.4946136176586151,1.6205589771270752
1403903327327424512,negative,1.3731125593185425,-1.0194460153579712,2.5218398571014404
1403903330628296705,positive,1.663878321647644,1.9087599515914917,-0.23729033768177032
1403903330942951425,positive,0.6971023678779602,1.8266007900238037,0.5923334956169128
1403903336378667008,negative,1.565900444984436,-1.1623897552490234,2.815744400024414
1403903338303823872,negative,1.565900444984436,-1.1623897552490234,2.815744638442993
1403903343618052098,neutral,2.1144661903381348,0.6631694436073303,-0.510625958442688
1403903343882244097,negative,1.1095303297042847,-1.0723479986190796,2.6612329483032227
1403903346432528389,neutral,1.6618009805679321,0.20110416412353516,0.6126378774642944
1403903346667360257,neutral,1.9541282653808594,-0.6955075860023499,1.0292555093765259
1403903348873433092,neutral,2.564032793045044,0.4762375056743622,0.25841712951660156
1403903350643453954,negative,1.565900444984436,-1.1623897552490234,2.815744638442993
1403903352065474564,neutral,1.4097720384597778,0.9353027939796448,0.3330906331539154
1403903352426147843,neutral,2.564032793045044,0.4762375056743622,0.25841712951660156
1403903363381530625,neutral,2.597618579864502,-0.5585874915122986,0.6555187106132507
1403903368259543047,negative,1.0280085802078247,-1.0940282344818115,3.0491878986358643
1403903368834191365,neutral,2.1730875968933105,-0.427882581949234,1.1514692306518555
1403903375725506564,neutral,1.4353208541870117,0.3921847641468048,-0.22396714985370636
1403903379806429184,neutral,2.0340538024902344,0.8374434113502502,0.46283143758773804
1403903381891010565,negative,1.0564392805099487,0.127171128988266,1.4240409135818481
1403903386660048898,negative,0.3932436406612396,-0.9404804110527039,4.129394054412842
1403903395082113024,negative,1.2739590406417847,-0.31718748807907104,1.8610503673553467
1403903395962839048,neutral,1.6216906309127808,0.15460042655467987,0.04762261360883713
1403903396466200576,neutral,1.3252313137054443,0.3045180141925812,0.8438906669616699
1403903397598687233,negative,1.565900444984436,-1.1623897552490234,2.815744638442993
1403903399167361024,negative,1.166549801826477,-0.2677709758281708,1.8148813247680664
1403903402837434371,neutral,2.1730875968933105,-0.4278826415538788,1.151469349861145
1403903403076382720,negative,1.0280085802078247,-1.0940282344818115,3.0491878986358643
1403903406163460099,neutral,2.174654960632324,1.9389768838882446,-0.530828595161438
1403903410504486914,neutral,1.7360889911651611,0.03322204202413559,0.35130688548088074
1403903431492898817,neutral,1.5766208171844482,-0.3987281322479248,0.5424360036849976
1403903434823139330,neutral,1.7318116426467896,-0.36532077193260193,1.1051603555679321
1403903436874301441,negative,1.0702496767044067,-0.902644157409668,1.9842250347137451
1403903439659323392,positive,1.3606812953948975,3.7141566276550293,-1.088922142982483
1403903444138835968,neutral,1.7867692708969116,0.24167540669441223,0.8695610761642456
1403903446344945667,neutral,1.6436889171600342,0.017807818949222565,0.8578281998634338
1403903449108860930,negative,1.565900444984436,-1.1623897552490234,2.815744638442993
1403903455303897094,negative,1.5885331630706787,-0.44469889998435974,2.0579257011413574
1403903457245884416,neutral,1.9019293785095215,-0.1286332905292511,1.069641351699829
1403903459909242880,neutral,2.0170133113861084,-0.13886213302612305,0.7633891701698303
1403903459972222977,neutral,2.183004140853882,0.6348001956939697,-0.33449867367744446
1403903464120459267,negative,1.5163202285766602,-0.5207651853561401,1.528985619544983
1403903467207417856,negative,1.4684102535247803,-1.4533265829086304,3.3126964569091797
1403903469669339140,neutral,2.1730875968933105,-0.4278826415538788,1.151469349861145
1403903473846947848,negative,0.3430536985397339,-0.9996461272239685,3.9382405281066895
1403903476757893124,negative,1.565900444984436,-1.1623897552490234,2.815744638442993
1403903480029454336,neutral,1.689646601676941,-0.6949540376663208,1.6131283044815063
1403903481975652357,negative,1.3864660263061523,-1.045299768447876,2.4095656871795654
1403903487142936580,neutral,1.1593990325927734,-0.40785083174705505,1.1311277151107788
1403903489097486336,neutral,1.7294867038726807,-0.031603239476680756,0.2894820272922516
1403903489848320009,neutral,1.0591932535171509,1.033807635307312,0.2327512502670288
1403903496781500416,negative,1.186644196510315,-0.5680134296417236,1.8573224544525146
1403903496798277633,negative,1.9143776893615723,-0.9314284920692444,1.9414927959442139
1403903497251196931,negative,1.352135181427002,-0.6951332688331604,1.5842496156692505
1403903498517848065,negative,1.0918879508972168,-0.9498452544212341,3.2160544395446777
1403903503853031436,positive,1.1898701190948486,2.3957338333129883,0.04589032009243965
1403903513286041602,negative,1.565900444984436,-1.1623897552490234,2.815744638442993
1403903518264553473,negative,1.571337342262268,-0.47884228825569153,2.14945125579834
1403903524971425793,neutral,1.5446628332138062,1.3428608179092407,0.4065437316894531
1403903526699470849,negative,0.9658733010292053,-1.2469311952590942,3.1810762882232666
1403903536476221443,negative,0.7864786386489868,-1.7118151187896729,5.136285781860352
1403903539093536771,negative,1.5553983449935913,-0.7871052622795105,1.6478023529052734
1403903544604774404,neutral,1.4762303829193115,0.3974831700325012,0.7712727785110474
1403903549696667650,neutral,2.6695542335510254,1.3658323287963867,-0.3420422673225403
1403903550850281472,negative,0.7660762667655945,-0.02737376093864441,1.649476408958435
1403903553693896713,negative,1.1095303297042847,-1.0723479986190796,2.6612329483032227
1403903559721111552,neutral,1.5884548425674438,0.11379848420619965,0.9147958755493164
1403903575584083968,negative,1.565900444984436,-1.1623897552490234,2.815744638442993
1403903581351206912,negative,1.565900444984436,-1.1623897552490234,2.815744638442993
1403903586015252482,negative,0.8212081789970398,-0.6939550042152405,1.9436843395233154
1403903595167289347,negative,1.3477116823196411,-0.16895365715026855,1.466840147972107
1403903597469913089,negative,0.8187764286994934,-0.7131181955337524,2.746659278869629
1403903600343068672,neutral,1.481898307800293,-0.10369459539651871,1.159114122390747
1403903607850811397,neutral,1.6417176723480225,0.21794888377189636,1.1113605499267578
1403903614318379009,negative,1.448885440826416,-0.7026705741882324,2.243434429168701
1403903623956938752,neutral,1.7918542623519897,0.4482184052467346,-0.044790834188461304
1403903624892194820,neutral,1.3769222497940063,-0.6462410092353821,1.0164157152175903
1403903624909148163,positive,0.9646550416946411,1.0210250616073608,0.3978095054626465
1403903628784508928,negative,1.7950197458267212,-0.9206661581993103,1.8615244626998901
1403903630562914309,negative,0.781163215637207,0.7128487229347229,0.9700658321380615
1403903631766671360,negative,1.4790844917297363,-0.5226799249649048,1.7892735004425049
1403903633159245832,neutral,0.7694358825683594,0.31084588170051575,0.759615421295166
1403903640771829760,neutral,2.0170133113861084,-0.13886213302612305,0.7633891701698303
1403903648409677829,negative,1.2714663743972778,-0.9139630198478699,2.509275197982788
1403903651131756549,neutral,1.9430655241012573,-0.5379981398582458,1.6250873804092407
1403903652595585026,negative,1.1095303297042847,-1.0723479986190796,2.6612329483032227
1403903654193553410,negative,1.1095303297042847,-1.0723479986190796,2.6612329483032227
1403903657641267203,negative,1.3258007764816284,0.10929562151432037,1.3449580669403076
1403903666122153989,neutral,1.6865495443344116,-0.5794486999511719,1.2001969814300537
1403903667325919232,positive,1.1657800674438477,2.8134067058563232,0.05935179442167282
1403903672266870790,neutral,2.1730875968933105,-0.4278826415538788,1.151469349861145
1403903674712162311,neutral,2.564032793045044,0.4762375056743622,0.25841712951660156
1403903681506861057,negative,0.9793472290039062,-0.3547338843345642,1.6176661252975464
1403903682106691588,neutral,1.8778682947158813,-0.4291673004627228,1.2522176504135132
1403903682643562498,neutral,2.597618579864502,-0.5585874915122986,0.6555187106132507
1403903685185335301,neutral,1.1986794471740723,1.189795970916748,-0.465596079826355
1403903690361118722,neutral,1.1924750804901123,0.30794113874435425,0.3391485810279846
1403903694018465802,neutral,1.3173002004623413,0.3092379570007324,0.9814122319221497
1403903698254839809,negative,1.4384146928787231,-1.2162567377090454,2.647035598754883
1403903698875551744,neutral,2.0340538024902344,0.8374434113502502,0.46283143758773804
1403903707628990464,neutral,1.8237708806991577,0.3062613010406494,0.7074860334396362
1403903715665334277,neutral,1.350512146949768,0.2928100824356079,0.8304446935653687
1403903720815878146,negative,1.0342144966125488,-1.1796847581863403,3.1889450550079346
1403903725035569156,negative,1.2184261083602905,0.25548407435417175,1.5381709337234497
1403903726012796928,negative,0.9326611161231995,-0.49037304520606995,2.486284017562866
1403903726331387910,negative,1.565900444984436,-1.1623897552490234,2.815744638442993
1403903726503432192,neutral,2.0924549102783203,-0.7613679766654968,1.2348659038543701
1403903733411586051,negative,1.565900444984436,-1.1623897552490234,2.815744638442993
1403903740319387660,neutral,2.381091594696045,1.0026047229766846,-0.09373638778924942
1403903742877999111,neutral,2.2143216133117676,-0.10876502841711044,0.7103044390678406
1403903747252637697,neutral,2.1730875968933105,-0.4278826415538788,1.151469349861145
1403903749962207232,negative,0.3134123980998993,-0.8482598662376404,3.5458877086639404
1403903750259974147,negative,1.78023362159729,-1.0707968473434448,2.4625134468078613
1403903751207931908,neutral,2.1730875968933105,-0.427882581949234,1.1514692306518555
1403903753023987720,negative,1.2276959419250488,-0.799008309841156,2.0719330310821533
1403903753066008577,neutral,2.1751229763031006,-0.032554127275943756,0.19249282777309418
1403903761668530178,negative,1.565900444984436,-1.1623897552490234,2.815744638442993
1403903766961684480,neutral,1.8503139019012451,-0.6345674395561218,1.0842199325561523
1403903775232901120,neutral,2.1730875968933105,-0.4278826415538788,1.151469349861145
1403903775966859271,negative,0.8915101289749146,-0.11674416810274124,1.4194573163986206
1403903781264269318,negative,1.565900444984436,-1.1623897552490234,2.815744638442993
1403903782812065794,neutral,2.1730875968933105,-0.4278826415538788,1.151469349861145
1403903784129019907,negative,1.2852375507354736,-0.3236015737056732,1.5145353078842163
1403903784519090182,neutral,1.527919888496399,-0.4554327428340912,0.4386417269706726
1403903784544137218,neutral,1.5445455312728882,-0.579765796661377,1.539046287536621
1403903786570043399,neutral,1.7375463247299194,-0.142765074968338,0.9064455032348633
1403903793406824448,neutral,2.134505033493042,-0.5447365045547485,1.0128284692764282
1403903794283368451,negative,0.7235338687896729,0.820990800857544,1.179502010345459
1403903798901411850,negative,1.565900444984436,-1.1623897552490234,2.815744638442993
1403903799077621764,positive,1.1255446672439575,1.1912559270858765,1.0745797157287598
1403903807629807617,negative,0.5526893734931946,0.29801371693611145,1.720075011253357
1403903811752579072,negative,1.565900444984436,-1.1623897552490234,2.815744638442993
1403903811840708613,neutral,1.2140921354293823,0.7794144153594971,0.42257145047187805
1403903812293693443,neutral,2.6395864486694336,1.639054536819458,-0.5062190294265747
1403903812432281601,neutral,2.1730875968933105,-0.4278826415538788,1.151469349861145
1403903821814849536,negative,1.565900444984436,-1.1623897552490234,2.815744638442993
1403903822242750464,negative,1.6176048517227173,-0.7523819804191589,1.7236732244491577
1403903824071385095,neutral,1.7194006443023682,-0.4473196566104889,1.4955719709396362
1403903826403397636,negative,0.8313906192779541,-0.3310750424861908,1.7844488620758057
1403903827200335872,neutral,2.1730875968933105,-0.4278826415538788,1.151469349861145
1403903828756414467,neutral,1.7347674369812012,-0.12841814756393433,0.9687022566795349
1403903829809238016,neutral,1.8871650695800781,-0.45373156666755676,1.5629805326461792
1403903830350200832,neutral,1.745201587677002,-0.5812244415283203,0.6077783703804016
1403903832380248064,negative,1.752725601196289,-1.2009332180023193,2.5963401794433594
1403903833022124037,negative,1.565900444984436,-1.1623897552490234,2.815744638442993
1403903833361821696,neutral,1.6618010997772217,0.20110420882701874,0.6126378774642944
1403903833512706049,negative,1.4342050552368164,-0.2905755341053009,1.811692237854004
1403903837388251140,neutral,1.5491528511047363,-0.019658073782920837,0.7334073185920715
1403903837778460672,negative,1.565900444984436,-1.1623897552490234,2.815744638442993
1403903844426342402,negative,1.565900444984436,-1.1623897552490234,2.815744638442993
1403903853280464896,neutral,1.74478280544281,-0.45882686972618103,1.3836078643798828
1403903854412849153,negative,0.8462269902229309,0.24334579706192017,1.2188376188278198
1403903860457021443,neutral,2.1730875968933105,-0.4278826415538788,1.151469349861145
1403903864731013120,neutral,2.227379322052002,-0.2819671630859375,0.5697227716445923
1403903865104191488,positive,1.245613694190979,3.3704240322113037,0.024320337921380997
1403903867247644676,negative,0.92814701795578,-0.7595945596694946,2.0376031398773193
1403903873668976642,negative,1.2258894443511963,-1.0383094549179077,2.835360288619995
1403903873950044163,negative,1.565900444984436,-1.1623897552490234,2.815744638442993
1403903875883552768,negative,1.565900444984436,-1.1623897552490234,2.815744638442993
1403903877401890820,neutral,1.5057108402252197,0.7201768159866333,0.4486202001571655
1403903880241434628,neutral,1.4665361642837524,0.250723272562027,0.8325272798538208
1403903880853811200,positive,1.4051936864852905,1.9930453300476074,0.4686742126941681
1403903887292129282,negative,0.6170450448989868,-0.27028781175613403,1.904244303703308
1403903891025051649,negative,1.565900444984436,-1.1623897552490234,2.815744638442993
1403903892107137025,neutral,1.8871650695800781,-0.45373162627220154,1.5629806518554688
1403903894426693632,negative,0.9946098923683167,0.6399511098861694,1.533127784729004
1403903900239925248,negative,0.6804628372192383,-0.48920443654060364,2.5533463954925537
1403903900613292032,neutral,1.8639400005340576,0.1396656334400177,0.6116778254508972
1403903908846706688,negative,1.3994567394256592,-1.0115783214569092,2.375943422317505
1403903909542842372,positive,1.265167236328125,1.3681983947753906,0.460808664560318
1403903913510592513,neutral,1.914817452430725,1.7577698230743408,-0.07485883682966232
1403903913632309252,neutral,2.720021963119507,0.96803879737854,0.06155446171760559
1403903917386252293,negative,0.3893209397792816,-0.837556779384613,3.6848480701446533
1403903920154583040,negative,1.2496756315231323,-0.747093677520752,1.7929519414901733
1403903921328857090,neutral,2.3821120262145996,-0.07140176743268967,0.449105829000473
1403903926588542978,neutral,2.8073477745056152,0.7109137773513794,-0.5094261169433594
1403903930359185409,neutral,1.460233449935913,-0.005499400198459625,1.2035542726516724
1403903935040180225,neutral,2.1730875968933105,-0.4278826415538788,1.151469349861145
1403903935287529478,neutral,2.3865818977355957,-0.46095040440559387,1.2740100622177124
1403903935803502594,negative,1.3287956714630127,-0.7740776538848877,1.9476850032806396
1403903947480481795,negative,1.565900444984436,-1.1623897552490234,2.815744638442993
1403903947539193856,neutral,2.2051637172698975,1.1192258596420288,0.5333253145217896
1403903950890455044,negative,1.565900444984436,-1.1623897552490234,2.815744638442993
1403903952228286465,negative,1.1161452531814575,-0.9180015921592712,2.8605473041534424
1403903953163669505,neutral,2.134505033493042,-0.5447365045547485,1.0128284692764282
1403903953218064388,neutral,2.1730875968933105,-0.4278826415538788,1.151469349861145
1403903954199756804,negative,0.9989510178565979,0.1583186686038971,1.1267426013946533
1403903955332079623,neutral,1.2571827173233032,0.4728550314903259,1.0576215982437134
1403903958318411777,neutral,1.3252314329147339,0.3045179843902588,0.8438907265663147
1403903966635827200,negative,1.565900444984436,-1.1623897552490234,2.815744638442993
1403903967361474560,neutral,1.4528745412826538,-0.501401960849762,1.2829654216766357
1403903967793487872,negative,0.461641401052475,-0.17032873630523682,2.1248412132263184
1403903970783989763,negative,0.7109747529029846,0.7804076671600342,0.953443169593811
1403903973539553287,neutral,1.6017084121704102,-0.18516674637794495,1.480756402015686
1403903975326240771,neutral,2.750617027282715,2.6095519065856934,-0.42091280221939087
1403903980187664390,neutral,1.74478280544281,-0.45882686972618103,1.3836078643798828
1403903982167158786,neutral,1.3007149696350098,-0.2517254650592804,1.059496283531189
1403903982846636039,neutral,1.8250850439071655,-0.24565958976745605,0.24013707041740417
1403903988131639298,negative,1.565900444984436,-1.1623897552490234,2.815744638442993
1403903988517552129,negative,0.7660762667655945,-0.02737376093864441,1.649476408958435
1403903990232928256,neutral,1.516411542892456,0.20677344501018524,0.8572447896003723
1403903991860314114,neutral,1.4182182550430298,-0.10949035733938217,1.2975276708602905
1403903994205020166,negative,0.8133391737937927,-1.2899672985076904,4.147633075714111
1403903995257753600,neutral,1.8871650695800781,-0.45373156666755676,1.5629805326461792
1403903999355457537,negative,1.565900444984436,-1.1623897552490234,2.815744638442993
1403903999581900804,neutral,1.7653543949127197,-0.2948411703109741,0.9728134870529175
1403903999682617344,negative,1.565900444984436,-1.1623897552490234,2.815744638442993
1403904012357976069,negative,0.15560825169086456,-0.28676745295524597,1.8462189435958862
1403904016203976707,neutral,1.998463749885559,0.6226152777671814,0.04560992121696472
1403904026027102209,negative,1.565900444984436,-1.1623897552490234,2.815744638442993
1403904026517835779,negative,1.2115281820297241,-0.250932902097702,1.3755310773849487
1403904031811047425,neutral,1.599549651145935,0.30670908093452454,-0.014710748568177223
1403904032662384640,neutral,2.6811532974243164,1.8580256700515747,-0.9424459338188171
1403904033329356807,positive,1.0892359018325806,1.4027016162872314,0.5072880387306213
1403904044867801088,negative,1.3571112155914307,-0.5521356463432312,2.228949546813965
1403904047107633160,negative,1.3654427528381348,-0.9781264662742615,1.8968256711959839
1403904060101648384,negative,1.565900444984436,-1.1623897552490234,2.815744638442993
1403904061854912514,negative,1.565900444984436,-1.1623897552490234,2.815744400024414
1403904063767343109,neutral,2.1730875968933105,-0.4278826415538788,1.151469349861145
1403904064488841219,neutral,1.5884548425674438,0.11379848420619965,0.9147958755493164
1403904066363613184,neutral,3.1320278644561768,1.836094856262207,-1.2853707075119019
1403904066397171713,negative,1.081099033355713,-0.4401920735836029,1.552842378616333
1403904070012735496,negative,1.565900444984436,-1.1623897552490234,2.815744638442993
1403904070759243776,negative,0.6729679107666016,-1.246416449546814,3.622276782989502
1403904075142352896,neutral,2.2250287532806396,0.2049349844455719,0.33934780955314636
1403904076106985473,neutral,2.1730875968933105,-0.4278826415538788,1.151469349861145
1403904082910212100,negative,0.9326611161231995,-0.49037304520606995,2.486284017562866
1403904092846579715,negative,1.0622540712356567,-0.06844811886548996,1.2363920211791992
1403904097569447938,negative,0.918205976486206,-0.2038576304912567,1.5781439542770386
1403904103206440962,negative,1.848523497581482,-0.7178336977958679,1.8906291723251343
1403904108113715201,negative,1.0280085802078247,-1.0940282344818115,3.0491878986358643
1403904109544050689,neutral,2.415341377258301,-0.21004608273506165,0.8719251155853271
1403904111951728642,neutral,1.479717493057251,0.5365387797355652,0.81751948595047
1403904113125908482,neutral,2.5906124114990234,0.9291328191757202,-0.17320586740970612
1403904114052923392,neutral,2.035005807876587,-0.9143151640892029,1.4484186172485352
1403904117827833863,negative,0.9696890115737915,0.18754816055297852,1.5541597604751587
1403904119686025220,neutral,1.8771339654922485,1.2494654655456543,0.07200950384140015
1403904130687533059,negative,0.9181196093559265,-0.06065637618303299,1.6943588256835938
1403904130972852224,neutral,1.7103936672210693,0.025764428079128265,0.9954901337623596
1403904135586516994,negative,1.523583173751831,-0.966801643371582,2.182971239089966
1403904135829798916,negative,1.0502102375030518,-0.4643406569957733,2.123643159866333
1403904138123956224,positive,2.1296653747558594,3.974047899246216,-0.9456749558448792
1403904139923398659,neutral,2.1327872276306152,1.143122673034668,-0.10189362615346909
1403904141714395139,neutral,1.7447829246520996,-0.45882686972618103,1.3836077451705933
1403904142716948486,neutral,1.5884548425674438,0.11379848420619965,0.9147958755493164
1403904143908085764,neutral,1.5746994018554688,-0.29762840270996094,1.4441395998001099
1403904144948219913,neutral,2.1730875968933105,-0.4278826415538788,1.151469349861145
1403904155308150784,neutral,2.345184326171875,0.3315010368824005,0.44698408246040344
1403904156327321601,negative,1.565900444984436,-1.1623897552490234,2.815744638442993
1403904158256795650,negative,1.3051273822784424,0.660124659538269,1.6638859510421753
1403904164359544835,negative,1.1688450574874878,-0.5222022533416748,1.3222512006759644
1403904166746071044,neutral,1.6136716604232788,0.5727421641349792,0.18344689905643463
1403904169484996611,neutral,3.0161185264587402,1.3091814517974854,-0.4778859615325928
1403904169631748098,negative,1.565900444984436,-1.1623897552490234,2.815744638442993
1403904174350168068,negative,0.7660762667655945,-0.02737376093864441,1.649476408958435
1403904178167111680,negative,0.8572989702224731,-1.1106457710266113,3.0248279571533203
1403904183967772676,negative,0.8310014009475708,-0.7947393655776978,2.6848011016845703
1403904188174770186,negative,1.594881296157837,-1.2603647708892822,2.8460960388183594
1403904189487583242,negative,1.0657367706298828,-0.62066251039505,2.4558534622192383
1403904202775011329,neutral,2.450960874557495,-0.8441441059112549,1.0875879526138306
1403904203353837569,neutral,1.6017084121704102,-0.18516674637794495,1.480756402015686
1403904203383140352,negative,1.1095303297042847,-1.0723479986190796,2.6612329483032227
1403904204557725698,neutral,1.9123893976211548,-0.6825236678123474,1.721602201461792
1403904204914106368,neutral,2.1730875968933105,-0.4278826415538788,1.151469349861145
1403904209821388803,negative,1.0280085802078247,-1.0940282344818115,3.0491878986358643
1403904209989242891,neutral,1.7318116426467896,-0.36532077193260193,1.1051603555679321
1403904211067097090,neutral,2.2250287532806396,0.2049349844455719,0.33934780955314636
1403904212069670913,neutral,2.1175966262817383,-0.06030616909265518,1.653295636177063
1403904212531093507,neutral,2.0170133113861084,-0.13886213302612305,0.7633891701698303
1403904215945252864,neutral,1.560674786567688,-0.6556313633918762,1.0104721784591675
1403904215974481922,neutral,1.3723816871643066,0.16906322538852692,0.7248178124427795
1403904216679161861,neutral,1.7344989776611328,-0.13470327854156494,1.1290961503982544
1403904218491146240,negative,1.3765181303024292,-0.855043351650238,2.207792043685913
1403904221049720832,neutral,1.5884548425674438,0.11379848420619965,0.9147958755493164
1403904222006059010,positive,1.265167236328125,1.3681983947753906,0.460808664560318
1403904223708917762,neutral,2.0092761516571045,1.6975873708724976,-0.6562029123306274
1403904223755001858,negative,1.565900444984436,-1.1623897552490234,2.815744638442993
1403904224564367364,neutral,2.1667635440826416,-0.05635347217321396,-0.445026159286499
1403904227685011458,neutral,1.8488610982894897,-0.9647940993309021,1.677180290222168
1403904227777335299,negative,1.6276987791061401,-0.8184819221496582,1.7925230264663696
1403904233943060484,negative,0.8680248856544495,-0.7158791422843933,1.8577760457992554
1403904236673458183,neutral,1.5884548425674438,0.11379848420619965,0.9147958755493164
1403904237482905604,neutral,2.0170133113861084,-0.13886213302612305,0.7633891701698303
1403904240448380933,negative,1.565900444984436,-1.1623897552490234,2.815744638442993
1403904240959979520,negative,1.2038129568099976,-0.45468762516975403,1.9286417961120605
1403904244390957057,neutral,1.954867959022522,-0.04516971856355667,0.42050400376319885
1403904244445442054,neutral,1.7318116426467896,-0.36532077193260193,1.1051603555679321
1403904244911071233,negative,1.565900444984436,-1.1623897552490234,2.815744638442993
1403905503521017857,negative,1.259231686592102,-0.602996826171875,1.8719689846038818
1403905508206055426,negative,1.290536880493164,-1.3901081085205078,3.581155300140381
1403905510391255041,negative,1.9165546894073486,-1.1257054805755615,2.483619451522827
1403905511662235649,negative,0.9036170840263367,0.1160958930850029,1.3462634086608887
1403905512345907202,neutral,1.1434803009033203,-0.17938730120658875,1.134016752243042
1403905513692274689,neutral,1.6193872690200806,0.5156530141830444,0.4578041434288025
1403905514812055552,neutral,1.5084550380706787,0.75737464427948,1.2483688592910767
1403905518435921921,neutral,1.7022045850753784,-0.01395520567893982,1.5097194910049438
1403905521963393024,negative,1.1811087131500244,0.07272729277610779,1.6746411323547363
1403905525234941952,negative,0.7322861552238464,0.004479862749576569,1.9998210668563843
1403905525461491718,negative,1.0964120626449585,-1.2200827598571777,3.269242286682129
1403905526732365829,neutral,1.7981727123260498,-0.6496505737304688,1.78143310546875
1403905531891400715,neutral,1.4528745412826538,-0.501401960849762,1.2829654216766357
1403905533556494337,neutral,1.445405125617981,-0.5654825568199158,1.3894476890563965
1403905536022794242,neutral,2.2051637172698975,1.1192258596420288,0.5333253145217896
1403905538216239112,negative,1.093448519706726,-0.898006796836853,2.227842330932617
1403905541714300928,neutral,1.9735220670700073,1.4759124517440796,-0.1303226202726364
1403905544105041920,negative,0.27454227209091187,0.49343112111091614,0.8050948977470398
1403905549490655235,positive,1.3026645183563232,1.3933683633804321,0.18549543619155884
1403905557237354497,neutral,1.5943591594696045,-0.11202611774206161,1.358397126197815
1403905557241729024,positive,0.5252688527107239,1.3959630727767944,0.6266800165176392
1403905557757575173,negative,1.062785029411316,-0.004294171929359436,1.7522209882736206
1403905558659452936,neutral,2.2250289916992188,0.20493492484092712,0.33934780955314636
1403905559057862658,neutral,1.445405125617981,-0.5654825568199158,1.3894476890563965
1403905559934291968,neutral,1.3083282709121704,0.6554623246192932,0.832838773727417
1403905560014118919,neutral,2.213103771209717,1.2101714611053467,-0.5899259448051453
1403905560353722370,neutral,2.174654960632324,1.9389768838882446,-0.530828595161438
1403905560500604930,neutral,1.4153245687484741,-0.22716602683067322,0.7482749819755554
1403905574048309250,neutral,2.6754703521728516,1.1542541980743408,-0.23154275119304657
1403905590078881796,neutral,2.1730875968933105,-0.427882581949234,1.1514692306518555
1403905590762655744,positive,1.195418357849121,2.897291898727417,0.034789178520441055
1403905591945404423,negative,1.2526365518569946,-0.30247437953948975,1.640112280845642
1403905593019076609,neutral,1.5598883628845215,-0.5513926148414612,0.7137591242790222
1403905593799331842,negative,1.6219489574432373,-0.894183337688446,1.8665310144424438
1403905593966923781,neutral,0.7694358825683594,0.31084588170051575,0.759615421295166
1403905595825065987,neutral,2.2051637172698975,1.1192258596420288,0.5333253145217896
1403905596886335492,negative,1.6798208951950073,-1.014396071434021,2.0871667861938477
1403905598559764482,neutral,1.7367706298828125,1.3198621273040771,0.4866941273212433
1403905601634062339,neutral,1.7186510562896729,0.9605240821838379,1.0051178932189941
1403905603504902145,neutral,2.348381280899048,0.6407001614570618,0.5215336680412292
1403905606864412675,neutral,2.701828718185425,2.3369791507720947,-0.3317977488040924
1403905606914805761,negative,1.3825973272323608,-0.720069408416748,1.8118244409561157
1403905615630684163,negative,0.8635001182556152,-0.44155338406562805,2.5205206871032715
1403905619355127808,negative,0.9301955103874207,-0.822533369064331,2.040665864944458
1403905622475567109,neutral,1.594359278678894,-0.1120261624455452,1.3583970069885254
1403905624828698624,neutral,1.6911194324493408,0.6550992131233215,0.009908584877848625
1403905626162536449,negative,0.7518435716629028,0.16196516156196594,1.7281664609909058
1403905626720309249,neutral,2.6754703521728516,1.1542541980743408,-0.23154272139072418
1403905629136293890,neutral,1.5666190385818481,0.3601784408092499,0.646903395652771
1403905629756874752,neutral,1.7981727123260498,-0.6496505737304688,1.78143310546875
1403905632512577541,neutral,2.8561599254608154,-0.3271046280860901,0.4042723774909973
1403905636883070986,negative,0.9916961789131165,-0.9563871026039124,2.851907253265381
1403905637914877958,negative,0.9669027924537659,-0.553036093711853,2.159133195877075
1403905643862446080,neutral,1.4454395771026611,-0.4718598425388336,0.4946644604206085
1403905645603086336,negative,0.8759905099868774,-0.26556286215782166,1.9195280075073242
1403905647356387331,negative,0.3215470612049103,-0.4137081205844879,2.6251723766326904
1403905649696817154,negative,0.8955066204071045,-0.7482372522354126,1.9440065622329712
1403905653828059141,negative,1.3864660263061523,-1.045299768447876,2.4095656871795654
1403905654524461058,neutral,1.594359278678894,-0.112026147544384,1.3583970069885254
1403905656654950400,neutral,1.8680449724197388,0.8257483243942261,0.7489264011383057
1403905659704430597,negative,1.1811087131500244,0.07272729277610779,1.6746411323547363
1403905660748767238,neutral,1.0545473098754883,-0.389761745929718,0.772613525390625
1403905660912234497,neutral,1.7088050842285156,-0.8866966366767883,1.652444839477539
1403905660979494914,neutral,1.5943591594696045,-0.11202611774206161,1.358397126197815
1403905663776952324,neutral,1.5943591594696045,-0.11202611774206161,1.358397126197815
1403905667161673741,neutral,1.553267240524292,-0.2362610399723053,1.0080105066299438
1403905667472130052,negative,1.7575074434280396,-0.9698383808135986,2.239823818206787
1403905678620598272,neutral,1.4059182405471802,-0.19608840346336365,1.0056564807891846
1403905678645678084,negative,1.565900444984436,-1.1623897552490234,2.815744638442993
1403905682219442177,neutral,2.115121603012085,-0.1427372694015503,0.7376850843429565
1403905684798808066,neutral,2.6754703521728516,1.1542541980743408,-0.23154275119304657
1403905687227404291,negative,1.4173123836517334,-1.3327559232711792,3.3389055728912354
1403905689605459971,neutral,1.3089599609375,0.24336165189743042,0.48998352885246277
1403905692981923840,negative,1.565900444984436,-1.1623897552490234,2.815744638442993
1403905693896392705,neutral,1.5943591594696045,-0.11202611774206161,1.358397126197815
1403905694839894020,neutral,1.8054156303405762,-0.035155341029167175,-0.05205310136079788
1403905697020977155,neutral,1.445405125617981,-0.5654825568199158,1.3894476890563965
1403905701240573952,negative,0.9696890115737915,0.18754816055297852,1.5541597604751587
1403905702721060865,neutral,2.0399763584136963,0.34730491042137146,0.7118254899978638
1403905702960275456,negative,0.8486114144325256,-0.5551437139511108,2.394639015197754
1403905705007063041,positive,1.2352004051208496,1.4668421745300293,0.19334861636161804
1403905705824956416,neutral,1.7629464864730835,-0.5852025747299194,1.3024028539657593
1403905708496605187,neutral,1.5943591594696045,-0.11202611774206161,1.358397126197815
1403905710816116738,negative,1.565900444984436,-1.1623897552490234,2.815744638442993
1403905711394869248,neutral,1.7321854829788208,-0.21870073676109314,0.843570351600647
1403905711608713216,positive,1.7316561937332153,2.6373660564422607,-0.43184641003608704
1403905712070168577,negative,1.565900444984436,-1.1623897552490234,2.815744638442993
1403905713651474432,positive,0.7024133801460266,1.7633857727050781,1.3319681882858276
1403905714729459722,negative,0.5838949084281921,-0.1436883807182312,2.053389072418213
1403905717959114753,negative,1.6936436891555786,-0.9063832759857178,2.0308737754821777
1403905718856597507,neutral,1.3605436086654663,-0.2943180799484253,1.3146915435791016
1403905720668483589,neutral,2.597618579864502,-0.5585874915122986,0.6555187106132507
1403905722446974978,neutral,2.174654960632324,1.9389768838882446,-0.530828595161438
1403905725483474950,neutral,1.7981727123260498,-0.6496505737304688,1.78143310546875
1403905725995184129,neutral,1.7981727123260498,-0.6496505737304688,1.78143310546875
1403905726150590477,neutral,1.452213168144226,0.6812515258789062,0.3933209776878357
1403905728147038208,negative,1.3994567394256592,-1.0115783214569092,2.375943183898926
1403905732387479553,neutral,1.7981727123260498,-0.6496505737304688,1.78143310546875
1403905741661085699,negative,0.8081154227256775,-0.11110300570726395,1.6980613470077515
1403905747788914690,neutral,1.1492271423339844,0.48224127292633057,0.7163058519363403
1403905753115660289,neutral,2.612240791320801,0.8047474026679993,-0.07668313384056091
1403905753119924224,positive,1.041271448135376,1.2641428709030151,0.16432975232601166
1403905753547612160,neutral,2.1936848163604736,0.7188584804534912,-0.3964768648147583
1403905754789154825,neutral,2.0340538024902344,0.8374434113502502,0.46283143758773804
1403905755829268487,neutral,2.597618579864502,-0.5585874915122986,0.6555187106132507
1403905759126110212,positive,1.2260534763336182,2.2361512184143066,-0.5766830444335938
1403905759511986177,positive,2.5658187866210938,2.7186665534973145,-1.515152096748352
1403905759520362499,neutral,1.4234493970870972,-0.4119432866573334,0.919870138168335
1403905761327996930,neutral,1.7483634948730469,0.2434295415878296,0.7347678542137146
1403905761827123202,neutral,1.7942410707473755,0.9607105851173401,0.3504319489002228
1403905762049544196,negative,1.128517508506775,-0.017784632742404938,1.5058019161224365
1403905763114881026,neutral,2.6754703521728516,1.1542541980743408,-0.23154275119304657
1403905767460249603,negative,1.234142780303955,-0.558585524559021,2.0680007934570312
1403905767606931456,neutral,2.169309616088867,0.17105653882026672,1.296540379524231
1403905770484273155,neutral,2.1155035495758057,-0.8575723767280579,1.3772549629211426
1403905772124196865,negative,0.7649240493774414,-0.25911402702331543,2.0035903453826904
1403905774238142465,neutral,2.0170133113861084,-0.13886213302612305,0.7633891701698303
1403905775320199175,negative,1.1474053859710693,-0.9894228577613831,2.7696797847747803
1403905777258086401,neutral,1.3089038133621216,-0.07438699156045914,0.8377432823181152
1403905783285301249,negative,1.565900444984436,-1.1623897552490234,2.815744638442993
1403905783780184067,neutral,1.6044542789459229,-0.02713700383901596,1.165204405784607
1403905787995459586,neutral,1.5261484384536743,-0.3536098301410675,1.4299933910369873
1403905790415626241,neutral,1.7867692708969116,0.24167540669441223,0.8695610761642456
1403905790688198657,neutral,2.564032793045044,0.4762375056743622,0.25841712951660156
1403905793825460225,neutral,2.1783134937286377,-0.06380373984575272,0.6826708912849426
1403905798862946307,neutral,0.7431663870811462,0.6102266311645508,0.6072708964347839
1403905801995968513,neutral,2.0340538024902344,0.8374434113502502,0.46283143758773804
1403905803459993601,negative,0.12821637094020844,-0.2568689286708832,2.126436948776245
1403905804193845254,neutral,0.9804414510726929,0.9417571425437927,0.2715495824813843
1403905804567261184,positive,1.0157365798950195,1.467028260231018,0.4286767542362213
1403905805196296197,negative,1.0627849102020264,-0.00429418683052063,1.7522209882736206
1403905806190350336,positive,1.0564757585525513,1.4444172382354736,0.17174658179283142
1403905806651650050,negative,1.0995603799819946,-0.6983869075775146,2.550656795501709
1403905811579949060,neutral,2.564032793045044,0.4762375056743622,0.25841712951660156
1403905813492559873,negative,0.6469253897666931,-0.35165220499038696,2.306471586227417
1403905814801260554,neutral,1.2752283811569214,0.3189393877983093,0.5438122749328613
1403905817888362497,neutral,1.5884548425674438,0.11379848420619965,0.9147958755493164
1403905820933328896,neutral,2.169309616088867,0.17105653882026672,1.296540379524231
1403905821218574336,neutral,2.6754703521728516,1.1542541980743408,-0.23154275119304657
1403905822409641984,negative,1.259231686592102,-0.602996826171875,1.8719689846038818
1403905824557305856,neutral,1.5943591594696045,-0.11202611774206161,1.358397126197815
1403905827325431812,neutral,1.7016470432281494,-0.5633769631385803,0.9716155529022217
1403905835965812736,negative,1.2056183815002441,-0.600825846195221,1.229180097579956
1403905836255256581,negative,1.0831443071365356,-0.5993614196777344,1.7716947793960571
1403905839421923328,negative,0.7305687665939331,-0.4374457895755768,2.593770742416382
1403905839438565382,neutral,2.058189630508423,-0.838365912437439,1.4405418634414673
1403905839908413444,negative,1.1800833940505981,-0.3977324664592743,1.8047562837600708
1403905843230384130,neutral,1.7981727123260498,-0.6496505737304688,1.78143310546875
1403905846912950275,neutral,1.689646601676941,-0.6949540376663208,1.6131283044815063
1403905851044384770,negative,1.1480164527893066,-0.9973612427711487,2.6870055198669434
1403905853699338244,neutral,2.2378480434417725,0.00033239275217056274,0.9960436820983887
1403905854760374274,neutral,1.4528745412826538,-0.501401960849762,1.2829654216766357
1403905857843347458,neutral,1.5445455312728882,-0.579765796661377,1.539046287536621
1403905859126632449,positive,1.0564757585525513,1.4444172382354736,0.17174658179283142
1403905863706894336,neutral,2.1730875968933105,-0.4278826415538788,1.151469349861145
1403905864126193665,neutral,2.564544677734375,-0.17029985785484314,0.7920863628387451
1403905864587567114,negative,1.565900444984436,-1.1623897552490234,2.815744638442993
1403905864772116484,negative,1.287082314491272,-0.2871248126029968,1.8392425775527954
1403905865216716802,neutral,2.2250287532806396,0.2049349844455719,0.33934780955314636
1403905881767518210,negative,1.0073572397232056,0.11521986871957779,1.3763009309768677
1403905883109789697,neutral,3.068110227584839,-0.05087091773748398,0.4234805703163147
1403905885701820417,neutral,2.1730875968933105,-0.4278826415538788,1.151469349861145
1403905887614341128,neutral,1.5943591594696045,-0.11202611774206161,1.358397126197815
1403905893649944576,negative,1.1957288980484009,-0.4979855716228485,3.0698134899139404
1403905896355295232,neutral,2.0015640258789062,0.26975882053375244,0.7681921124458313
1403905897982742528,neutral,2.244598150253296,-0.2155054211616516,0.18491098284721375
1403905901346668545,negative,1.517685890197754,-0.5135248303413391,1.6405220031738281
1403905902214889475,neutral,1.7981727123260498,-0.6496505737304688,1.78143310546875
1403905902399442945,negative,1.8334131240844727,-1.3353577852249146,3.053828716278076
1403905904756527107,neutral,1.116862177848816,0.42087244987487793,0.7515952587127686
1403905905259859974,positive,0.7020103335380554,2.2029402256011963,0.9117936491966248
1403905913228914692,neutral,1.6017084121704102,-0.18516674637794495,1.480756402015686
1403905915733090304,neutral,1.2571827173233032,0.4728549122810364,1.0576215982437134
1403905916328685570,neutral,1.7022045850753784,-0.01395520567893982,1.5097194910049438
1403905924738301953,negative,1.0422674417495728,-0.3977295160293579,2.038142204284668
1403905929872039941,neutral,1.2161840200424194,0.3447471857070923,0.9917199015617371
1403905930308177921,neutral,1.4165922403335571,-0.4137606918811798,0.8107149004936218
1403905936020983808,negative,1.0627849102020264,-0.00429418683052063,1.7522209882736206
1403905937656647684,neutral,1.5884548425674438,0.11379848420619965,0.9147958755493164
1403905938273169410,negative,1.0196107625961304,-0.5856791734695435,2.1279797554016113
1403905943340044294,neutral,2.1892874240875244,0.08466329425573349,0.3374774754047394
1403905946083078144,neutral,1.7022045850753784,-0.01395520567893982,1.5097194910049438
1403905946800345088,neutral,1.844559907913208,0.09318295121192932,0.8997666239738464
1403905949803311108,neutral,2.455007553100586,1.1298073530197144,-0.5095090866088867
1403905950835101699,negative,0.8971264958381653,0.07801647484302521,1.2660932540893555
1403905951174963204,negative,1.565900444984436,-1.1623897552490234,2.815744638442993
1403905952319934466,negative,1.3566291332244873,-0.9859921336174011,2.441450834274292
1403905952378671104,neutral,2.318913221359253,1.553922176361084,-0.6630814671516418
1403905958779273219,positive,0.6289659142494202,1.1644072532653809,-0.07332348823547363
1403905961157435396,neutral,1.7981727123260498,-0.6496505737304688,1.78143310546875
1403905962033963008,neutral,1.7981727123260498,-0.6496505737304688,1.78143310546875
1403905965485793280,negative,1.1137970685958862,0.08999726921319962,1.1522002220153809
1403905968845504512,neutral,1.1722068786621094,0.5815320611000061,1.0682919025421143
1403905973320835076,neutral,1.6103202104568481,0.9502528309822083,0.3422554135322571
1403905977179467782,negative,0.7660762667655945,-0.02737376093864441,1.649476408958435
1403905978081423361,neutral,1.7981727123260498,-0.6496505737304688,1.78143310546875
1403905979650031619,neutral,1.5943591594696045,-0.11202611774206161,1.358397126197815
1403905980484653063,negative,1.0406389236450195,-0.9785122275352478,2.556403398513794
1403905981742989312,positive,1.1817325353622437,1.1975109577178955,0.4904400408267975
1403905987493261315,negative,1.3740743398666382,-0.7813885807991028,1.5238051414489746
1403905987778654214,neutral,1.9791308641433716,0.14793308079242706,0.38107168674468994
1403905990055972864,neutral,2.597618579864502,-0.5585874915122986,0.6555187106132507
1403905992056836097,neutral,2.6754703521728516,1.1542541980743408,-0.23154275119304657
1403906000533475333,neutral,1.6705329418182373,0.2656897008419037,0.2589337229728699
1403906001154150403,negative,1.1095303297042847,-1.0723479986190796,2.6612329483032227
1403906005147152386,negative,0.9658035635948181,-0.2884570062160492,1.2244161367416382
1403906008645201923,negative,0.993131160736084,-0.5186853408813477,1.5024447441101074
1403906011631525894,neutral,1.8167301416397095,-0.7457254528999329,1.4744458198547363
1403906011753336832,negative,0.9660266041755676,-0.8145660161972046,2.146399736404419
1403906012638322693,negative,1.1811085939407349,0.07272724062204361,1.6746410131454468
1403906017151225862,negative,1.0232189893722534,0.8956347107887268,1.2863130569458008
1403906022360551431,negative,1.2526365518569946,-0.30247437953948975,1.640112280845642
1403906025951055873,neutral,1.9311294555664062,1.8698569536209106,-1.0291351079940796
1403906026429206531,positive,1.0564758777618408,1.444417119026184,0.17174670100212097
1403906026458386437,neutral,1.0542634725570679,0.9968133568763733,0.7108240127563477
1403906026664042497,neutral,1.445405125617981,-0.5654825568199158,1.3894476890563965
1403906028689838080,negative,1.0617406368255615,-1.0436280965805054,2.682878017425537
1403906031562891265,negative,1.0495727062225342,-0.8375266790390015,2.5391647815704346
1403906031705493509,neutral,1.4428627490997314,-0.4843583405017853,1.2282615900039673
1403906032556904450,neutral,1.1532728672027588,0.506681501865387,0.4570862352848053
1403906034515812356,neutral,1.445405125617981,-0.5654825568199158,1.3894476890563965
1403906036147367937,neutral,2.4963057041168213,0.9768883585929871,-0.2194247841835022
1403906037770502146,negative,1.565900444984436,-1.1623897552490234,2.815744638442993
1403906041230802944,negative,1.565900444984436,-1.1623897552490234,2.815744638442993
1403906043839721478,neutral,1.770839810371399,-0.05442851036787033,0.8060970902442932
1403906046129803267,negative,1.1811087131500244,0.07272729277610779,1.6746411323547363
1403906047790747650,neutral,1.5943591594696045,-0.11202611774206161,1.358397126197815
1403906049980129282,negative,0.9502431750297546,0.004979118704795837,1.515147089958191
1403906050449887237,neutral,2.6754703521728516,1.1542541980743408,-0.23154275119304657
1403906050537885697,negative,1.1893651485443115,-0.1238320991396904,1.434867024421692
1403906053411123200,neutral,2.134505033493042,-0.5447365045547485,1.0128284692764282
1403906054111518722,positive,1.1232898235321045,2.696949005126953,-0.2126530110836029
1403906057508954117,neutral,1.3925789594650269,-0.09551150351762772,1.3148561716079712
1403906059685621768,negative,0.9197445511817932,0.2941965162754059,1.2798738479614258
1403906061120073728,neutral,2.597201108932495,0.609742283821106,0.08232384920120239
1403906067738759169,negative,1.565900444984436,-1.1623897552490234,2.815744638442993
1403906068988809223,neutral,2.049136161804199,0.0347343310713768,0.5319874882698059
1403906078149120005,neutral,1.7981727123260498,-0.6496505737304688,1.78143310546875
1403906080393117696,neutral,2.244598150253296,-0.2155054211616516,0.18491098284721375
1403906081215102977,negative,1.565900444984436,-1.1623897552490234,2.815744638442993
1403906083064668160,negative,1.1632781028747559,-0.9775312542915344,3.2284061908721924
1403906087477260288,neutral,2.1730875968933105,-0.4278826415538788,1.151469349861145
1403906087720394753,negative,1.3631178140640259,-0.5449047684669495,1.6357059478759766
1403906088555073536,neutral,1.445405125617981,-0.5654825568199158,1.3894476890563965
1403906091717742592,neutral,1.9667924642562866,-0.772796094417572,1.9432668685913086
1403906094863376386,negative,1.565900444984436,-1.1623897552490234,2.815744638442993
1403906095119097858,neutral,2.185971975326538,-0.43137386441230774,1.2372703552246094
1403906096314597377,positive,1.0564757585525513,1.4444172382354736,0.17174658179283142
1403906097405054976,negative,1.2184261083602905,0.25548407435417175,1.5381709337234497
1403906098478911490,negative,0.706234335899353,-0.039916761219501495,1.747678279876709
1403906101641420803,neutral,1.6624703407287598,-0.9490883946418762,1.6216111183166504
1403906103205941248,negative,1.2615573406219482,-0.37084758281707764,2.0958290100097656
1403906104472469510,neutral,2.174654960632324,1.9389768838882446,-0.530828595161438
1403906111095427073,neutral,1.5836325883865356,0.6660401225090027,-0.12728743255138397
1403906123548274695,neutral,2.1730875968933105,-0.4278826415538788,1.151469349861145
1403906131257397251,neutral,2.0242245197296143,-0.38172459602355957,0.8857566714286804
1403906131588698116,negative,1.565900444984436,-1.1623897552490234,2.815744638442993
1403906132930924548,neutral,1.6285247802734375,-0.33757755160331726,1.4877091646194458
1403906135451594757,neutral,2.2518715858459473,1.0277177095413208,0.03725159168243408
1403906136886059016,negative,0.8743484020233154,-0.7143224477767944,2.5754129886627197
1403906139595493386,negative,0.2521083652973175,0.18302865326404572,2.1901888847351074
1403906146415558662,neutral,1.6285247802734375,-0.33757755160331726,1.4877091646194458
1403906148034568196,neutral,2.4784719944000244,1.6780922412872314,-0.2536908984184265
1403906154871201792,negative,1.2362867593765259,-0.8061549663543701,1.8652681112289429
1403906154988716035,neutral,1.1532728672027588,0.506681501865387,0.4570862352848053
1403906158927089665,neutral,3.008511543273926,2.886652946472168,-1.1733043193817139
1403906165998751744,neutral,1.7981727123260498,-0.6496505737304688,1.78143310546875
1403906167563112451,negative,1.2017219066619873,-0.4765515625476837,2.3153560161590576
1403906169958113282,neutral,1.550254225730896,0.6757254600524902,0.2076718956232071
1403906173003198464,neutral,1.7228392362594604,-0.3099726140499115,1.2480158805847168
1403906173925949444,neutral,1.7942410707473755,0.9607105851173401,0.3504319489002228
1403906178179125249,negative,1.5915683507919312,-0.9616544246673584,2.0084314346313477
1403906190397128707,negative,1.3000719547271729,-0.11387724429368973,1.4623990058898926
1403906193471516673,neutral,2.3228721618652344,-0.11172639578580856,0.48196908831596375
1403906199066603521,negative,0.3041210472583771,-0.6946300864219666,3.2959837913513184
1403906199490158594,neutral,1.5291032791137695,-0.14334043860435486,0.65044105052948
1403906201193226245,neutral,1.6624703407287598,-0.9490883946418762,1.6216111183166504
1403906204477186055,negative,1.3477116823196411,-0.16895365715026855,1.466840147972107
1403906204477366273,neutral,2.335928440093994,0.6488511562347412,0.009966505691409111
1403906205936877578,neutral,2.298719882965088,-0.7210925817489624,0.6875805258750916
1403906207216144387,neutral,2.6695542335510254,1.3658323287963867,-0.3420422673225403
1403906210772836353,neutral,1.1756054162979126,0.6925386190414429,1.0796875953674316
1403906218184220675,neutral,1.8871650695800781,-0.45373156666755676,1.5629805326461792
1403906220277178370,negative,0.24063929915428162,-0.02172180265188217,2.0553395748138428
1403906220725997569,neutral,2.1493277549743652,-0.1130341961979866,0.03407179191708565
1403906235871682560,neutral,2.209599494934082,0.07053233683109283,1.1967204809188843
1403906236429475841,neutral,2.564032793045044,0.4762375056743622,0.25841712951660156
1403906237046140929,negative,1.565900444984436,-1.1623897552490234,2.815744638442993
1403906242167263232,negative,1.565900444984436,-1.1623897552490234,2.815744638442993
1403906242519519235,neutral,1.4790607690811157,-0.640440821647644,1.469983696937561
1403906244331585536,neutral,2.353766918182373,0.5553029179573059,0.012620890513062477
1403906247875874819,neutral,1.3284106254577637,0.9388461112976074,0.9316352605819702
1403906250216251394,neutral,1.7981727123260498,-0.6496505737304688,1.78143310546875
1403906253508784132,neutral,1.2571827173233032,0.4728549122810364,1.0576215982437134
1403906259384942592,negative,1.565900444984436,-1.1623897552490234,2.815744638442993
1403906260425232384,negative,1.565900444984436,-1.1623897552490234,2.815744638442993
1403906262476083205,neutral,1.7981727123260498,-0.6496505737304688,1.78143310546875
1403906264623726594,neutral,1.5284781455993652,-0.1537957787513733,1.1005867719650269
1403906264954982400,negative,1.565900444984436,-1.1623897552490234,2.815744638442993
1403906265076486145,negative,0.9045189619064331,-0.5423752069473267,1.8223103284835815
1403906267404455940,neutral,1.2507855892181396,0.7685070633888245,1.1961169242858887
1403906268574662656,positive,1.1493935585021973,1.1795539855957031,-0.5975353717803955
1403906279173615616,negative,1.497448444366455,-0.8570989370346069,1.7555011510849
1403906282839363586,negative,1.4088701009750366,-0.05964914709329605,1.447510838508606
1403906287042134022,negative,1.532436728477478,-0.6448045969009399,2.3037056922912598
1403906287125991424,negative,0.5071525573730469,0.2964135408401489,1.6179168224334717
1403906296781230080,negative,1.1776689291000366,-0.4164322316646576,2.2688143253326416
1403906300409384961,negative,1.0705111026763916,-0.15280833840370178,2.0536818504333496
1403906306608664579,negative,0.7660762667655945,-0.02737376093864441,1.649476408958435
1403906308944896002,negative,0.7703163027763367,-0.7370573878288269,3.2039146423339844
1403906310089981955,negative,1.458038091659546,-0.34863799810409546,1.8487626314163208
1403906339127001088,negative,1.475162386894226,-1.0035122632980347,2.117872953414917
1403906339227660293,neutral,1.7462612390518188,-0.7591625452041626,1.5879420042037964
1403906344986546179,negative,1.565900444984436,-1.1623897552490234,2.815744638442993
1403906345380630529,neutral,2.564032793045044,0.4762375056743622,0.25841712951660156
1403906346064306178,neutral,2.3533873558044434,0.44686853885650635,0.09385441988706589
1403906347263873028,neutral,2.564032793045044,0.4762375056743622,0.25841712951660156
1403906350732697603,negative,1.565900444984436,-1.1623897552490234,2.815744638442993
1403906352418672640,neutral,2.0340538024902344,0.8374434113502502,0.46283143758773804
1403906364225769472,neutral,2.0340538024902344,0.8374434113502502,0.46283143758773804
1403906366285115393,neutral,1.8871650695800781,-0.45373156666755676,1.5629805326461792
1403906377123196929,negative,1.6107351779937744,-1.277387022972107,3.022181510925293
1403906378054389762,neutral,1.7318116426467896,-0.36532077193260193,1.1051603555679321
1403906378930995202,neutral,1.2855722904205322,0.6487451195716858,0.16440686583518982
1403906382298898437,neutral,1.530320644378662,0.37105920910835266,0.6490079760551453
1403906383108481026,neutral,1.687278151512146,0.04069894179701805,0.6948068141937256
1403906384287223809,neutral,1.7022045850753784,-0.01395520567893982,1.5097194910049438
1403906384480014345,positive,1.0699687004089355,1.4087448120117188,1.029092788696289
1403906384895397889,negative,1.5659005641937256,-1.1623897552490234,2.815744638442993
1403906393132847106,neutral,2.0340538024902344,0.8374434113502502,0.46283143758773804
1403906393716006915,neutral,1.5200117826461792,-0.4447791278362274,0.8293938636779785
1403906394710069259,negative,1.4945069551467896,-0.9050920605659485,2.396118640899658
1403906394865094657,neutral,2.6695542335510254,1.3658323287963867,-0.3420422673225403
1403906395678732289,positive,0.7890699505805969,2.024799108505249,0.9476891160011292
1403906395821465604,negative,0.9620241522789001,0.7079868316650391,0.9655171632766724
1403906403287195655,neutral,2.6623988151550293,1.2237956523895264,-0.023049836978316307
1403906405489418242,neutral,1.6624703407287598,-0.9490883946418762,1.6216111183166504
1403906406160367617,negative,0.9696890115737915,0.18754816055297852,1.5541597604751587
1403906407234220034,neutral,2.134505033493042,-0.5447365045547485,1.0128284692764282
1403906425655529473,negative,1.0032167434692383,0.08473718911409378,1.6497550010681152
1403906425986813956,neutral,1.6017084121704102,-0.18516677618026733,1.4807562828063965
1403906432119021570,neutral,1.7981727123260498,-0.6496505737304688,1.78143310546875
1403906433976995842,neutral,1.6017084121704102,-0.18516674637794495,1.480756402015686
1403906435805638659,neutral,2.2643117904663086,1.3040012121200562,-0.08431366086006165
1403906438095945728,positive,0.9356889128684998,1.932356834411621,1.2575422525405884
1403906439966433285,neutral,1.8657900094985962,-0.4020051658153534,1.0215011835098267
1403906441241677827,negative,1.565900444984436,-1.1623897552490234,2.815744638442993
1403906443212824577,neutral,1.8612481355667114,1.2237807512283325,-0.05546311289072037
1403906449965727746,negative,1.6798208951950073,-1.014396071434021,2.0871667861938477
1403906450020126724,neutral,1.7981727123260498,-0.6496505737304688,1.78143310546875
1403906452360548357,negative,1.565900444984436,-1.1623897552490234,2.815744638442993
1403906453098934274,negative,1.2233117818832397,-1.445725917816162,4.420465469360352
1403906454034153477,neutral,1.7318116426467896,-0.36532077193260193,1.1051603555679321
1403906459977482244,neutral,2.564032793045044,0.4762375056743622,0.25841712951660156
1403906462695530497,negative,0.4843280017375946,0.08060705661773682,2.0115249156951904
1403906462779252739,negative,1.4652774333953857,-1.0580976009368896,2.56321382522583
1403906463173464065,negative,1.1407724618911743,-0.3447944223880768,1.444481372833252
1403906465052647427,negative,1.565900444984436,-1.1623897552490234,2.815744638442993
1403906478440960002,neutral,1.6624702215194702,-0.9490883946418762,1.6216111183166504
1403906480370241538,negative,1.2660160064697266,-0.7365696430206299,1.7671926021575928
1403906482521923585,negative,0.7994454503059387,-0.4725014865398407,2.5864920616149902
1403906486674284547,neutral,1.7535901069641113,0.42676299810409546,0.9571227431297302
1403906489329360896,neutral,1.2571827173233032,0.4728549122810364,1.0576215982437134
1403906493964034051,neutral,1.7981727123260498,-0.6496505737304688,1.78143310546875
1403906494026989568,negative,1.6873793601989746,-0.8439648747444153,2.32035756111145
1403906500091912192,neutral,2.1225361824035645,-0.17328783869743347,0.7368367910385132
1403906500838494212,neutral,1.4440791606903076,0.06904241442680359,1.0636723041534424
1403906513412886532,negative,1.3205335140228271,-0.5168165564537048,2.0499160289764404
1403906516210520065,neutral,2.597618579864502,-0.5585874915122986,0.6555187106132507
1403906521017159681,negative,1.565900444984436,-1.1623897552490234,2.815744638442993
1403906523026313218,negative,1.1693834066390991,-1.25682532787323,3.2635257244110107
1403906526566240257,negative,0.8663882613182068,-1.1795597076416016,3.671853542327881
1403906529355390979,negative,1.565900444984436,-1.1623897552490234,2.815744638442993
1403906534938005505,neutral,2.564032793045044,0.4762375056743622,0.25841712951660156
1403906535407898627,negative,0.9326611161231995,-0.49037304520606995,2.486284017562866
1403906537345585153,negative,1.5659005641937256,-1.1623897552490234,2.815744400024414
1403906545214124036,neutral,0.7694358825683594,0.31084588170051575,0.759615421295166
1403906547898490886,negative,1.5953916311264038,-0.8396392464637756,2.439577341079712
1403906551589527553,neutral,1.7981727123260498,-0.6496505737304688,1.78143310546875
1403906553799925764,neutral,1.619171142578125,0.987368106842041,-0.055830515921115875
1403906555934826497,negative,1.6927167177200317,-0.6712694764137268,1.9696794748306274
1403906573974577153,negative,1.565900444984436,-1.1623897552490234,2.815744400024414
1403906579490082816,negative,1.565900444984436,-1.1623897552490234,2.815744638442993
1403906581297696771,neutral,3.0161185264587402,1.3091814517974854,-0.4778859615325928
1403906582375714818,neutral,2.1730875968933105,-0.4278826415538788,1.151469349861145
1403906584007352320,neutral,1.7981727123260498,-0.6496505737304688,1.78143310546875
1403906587132059658,negative,0.9391935467720032,-0.21893739700317383,1.624569058418274
1403906589799579649,neutral,2.597618579864502,-0.5585874915122986,0.6555187106132507
1403906595487207425,neutral,1.4474384784698486,-0.28830721974372864,0.9563568830490112
1403906595541721089,negative,1.009167194366455,-0.7978386878967285,1.9295427799224854
1403906599039635457,positive,1.1911683082580566,1.2972962856292725,-0.711288332939148
1403906601954648065,negative,1.5296157598495483,-0.37167981266975403,1.5554547309875488
1403906609542094852,neutral,1.5510812997817993,0.6402208805084229,0.4988580048084259
1403906611026874374,neutral,2.7506167888641357,2.6095519065856934,-0.42091265320777893
1403906615246352385,neutral,1.6767102479934692,-0.6074161529541016,1.5840489864349365
1403906617117134852,negative,0.8866524696350098,0.2417513132095337,1.4483203887939453
1403906618174042115,negative,0.9999948740005493,-1.132359266281128,2.965353488922119
1403906619931611137,neutral,2.134505033493042,-0.5447365045547485,1.0128284692764282
1403906629645570050,negative,0.3081166446208954,0.057964421808719635,2.2617239952087402
1403906634523594752,neutral,2.1730875968933105,-0.4278826415538788,1.151469349861145
1403906635135922181,neutral,1.9973994493484497,-0.3450312316417694,0.9074466824531555
1403906636553543683,neutral,1.7981727123260498,-0.6496505737304688,1.78143310546875
1403906638436737032,negative,1.703503131866455,-0.798410952091217,1.7986974716186523
1403906641473515524,positive,1.4327555894851685,1.6939411163330078,-0.18606610596179962
1403906644866584584,negative,1.0914113521575928,-0.517879068851471,1.4155464172363281
1403906653267935232,neutral,2.0340538024902344,0.8374434113502502,0.46283143758773804
1403906662151471104,neutral,1.7981727123260498,-0.6496505737304688,1.78143310546875
1403906662604234755,neutral,2.127988576889038,0.6183762550354004,-0.34565600752830505
1403906663258550272,neutral,2.597618579864502,-0.5585874915122986,0.6555187106132507
1403906668581199873,neutral,1.588735818862915,-0.18700623512268066,1.305057406425476
1403906671047417865,neutral,1.7981727123260498,-0.6496505737304688,1.78143310546875
1403906675552100352,neutral,1.3000376224517822,0.09527230262756348,0.14292529225349426
1403906676504285192,neutral,1.7022043466567993,-0.013955257833003998,1.5097194910049438
1403906678479802369,neutral,2.0170133113861084,-0.13886213302612305,0.7633891701698303
1403906684842618881,neutral,1.2833908796310425,0.40695810317993164,1.1969144344329834
1403906695806558218,neutral,1.469252109527588,0.6179831027984619,-0.01848902739584446
1403906696276291593,neutral,2.0170133113861084,-0.13886213302612305,0.7633891701698303
1403906696909524995,neutral,1.74478280544281,-0.45882686972618103,1.3836078643798828
1403906697156984834,negative,1.565900444984436,-1.1623897552490234,2.815744638442993
1403906706308886528,neutral,2.017265558242798,0.13035745918750763,0.6655923128128052
1403906708829884416,neutral,2.1730875968933105,-0.4278826415538788,1.1514692306518555
1403906710473957378,negative,0.7660762667655945,-0.02737376093864441,1.649476408958435
1403906710591492099,negative,0.9790976643562317,-0.08630619198083878,1.1009714603424072
1403906710801166336,negative,1.298771858215332,-0.606943666934967,2.2770421504974365
1403906713451851776,neutral,0.9899629950523376,0.5647228360176086,0.6716400980949402
1403906716278824966,neutral,2.6395866870880127,1.639054536819458,-0.5062191486358643
1403906719072219136,neutral,2.1578049659729004,0.3787923753261566,0.09919966757297516
1403906722083880960,neutral,1.6527734994888306,-0.2986670732498169,1.15827476978302
1403906722608074757,negative,1.565900444984436,-1.1623897552490234,2.815744638442993
1403906731525263369,neutral,2.0170133113861084,-0.13886213302612305,0.7633891701698303
1403906739553058817,negative,1.565900444984436,-1.1623897552490234,2.815744638442993
1403906751162839042,negative,1.0628564357757568,0.08693591505289078,1.0851632356643677
1403906753218023426,neutral,2.6395864486694336,1.639054536819458,-0.5062190294265747
1403906755050962944,negative,0.9696890115737915,0.18754816055297852,1.5541597604751587
1403906765343793156,negative,1.2269054651260376,0.25955837965011597,1.2344224452972412
1403906768040697856,neutral,2.1730878353118896,-0.427882581949234,1.1514692306518555
1403906768283996161,negative,0.971140444278717,-0.28793269395828247,1.0004640817642212
1403906768716054528,positive,1.7877087593078613,2.783755302429199,-0.495938241481781
1403906770720919553,positive,0.37592384219169617,1.8284251689910889,1.1050190925598145
1403906783001726981,neutral,2.564032793045044,0.4762375056743622,0.25841712951660156
1403906784251707394,negative,1.6715060472488403,-1.0088989734649658,2.159410238265991
1403906788160909312,negative,1.565900444984436,-1.1623897552490234,2.815744638442993
1403906789343629314,neutral,1.9973994493484497,-0.3450312316417694,0.9074466824531555
1403906789771399168,negative,1.1474053859710693,-0.9894228577613831,2.7696797847747803
1403906789847048195,neutral,2.353766918182373,0.5553028583526611,0.012620951980352402
1403906791264509952,negative,1.6851036548614502,-0.9376707673072815,2.143587112426758
1403906791721799684,neutral,2.134505033493042,-0.5447365045547485,1.0128284692764282
1403906791872868356,negative,1.5926756858825684,-0.3230177164077759,1.8851714134216309
1403906794112446470,neutral,2.115121603012085,-0.1427372694015503,0.7376850843429565
1403906796993929220,positive,1.445953607559204,1.987955927848816,0.07521194219589233
1403906805625868288,neutral,1.422755479812622,0.4809648096561432,1.0510444641113281
1403906806833770503,neutral,2.68962025642395,0.46731629967689514,0.1450614482164383
1403906807236489218,neutral,1.5734912157058716,0.4372260868549347,0.598253607749939
1403906811334254592,neutral,2.286539077758789,-0.22302553057670593,0.7251021862030029
1403906819844628481,neutral,2.1785800457000732,0.07211966812610626,0.7192801237106323
1403906821409153025,neutral,1.9373964071273804,0.45451638102531433,0.551342785358429
1403906829646585858,neutral,1.7318116426467896,-0.36532077193260193,1.1051603555679321
1403906830204538881,positive,0.661535382270813,2.1886696815490723,0.2701150178909302
1403906837959774212,positive,1.7316561937332153,2.6373660564422607,-0.43184641003608704
1403906843445956616,neutral,1.6624703407287598,-0.9490883946418762,1.6216111183166504
1403906848458043397,neutral,1.9973994493484497,-0.3450312316417694,0.9074466824531555
1403906853189324801,neutral,1.5554462671279907,-0.541751503944397,1.4100825786590576
1403906853625499653,neutral,1.9438530206680298,1.4357187747955322,0.3613937199115753
1403906854296506378,neutral,2.1774234771728516,-0.6182782649993896,1.318692922592163
1403906866447458308,neutral,1.4605355262756348,0.4492506980895996,1.002623438835144
1403906875490324481,neutral,1.6432991027832031,-0.721842885017395,1.545411467552185
1403906880192368649,neutral,1.9973994493484497,-0.3450312316417694,0.9074466824531555
1403906887809126404,negative,1.6715060472488403,-1.0088989734649658,2.159410238265991
1403906904812883968,negative,1.1420985460281372,-1.0444542169570923,3.4094860553741455
1403906909447536643,negative,1.0840703248977661,-1.23218834400177,3.4478864669799805
1403906914183008264,neutral,1.542790412902832,1.4773842096328735,-0.1751372218132019
1403906921195843586,neutral,2.134505033493042,-0.5447365045547485,1.0128284692764282
1403906923313958919,positive,1.0480749607086182,2.022472620010376,0.11527001857757568
1403906923595014146,negative,0.5699180960655212,-0.8029553294181824,2.072157144546509
1403906937297637378,neutral,1.6111634969711304,0.7667126059532166,0.3384075462818146
1403906940128870401,neutral,1.3676429986953735,0.6520925164222717,0.05740953981876373
1403906940921655300,neutral,1.7022045850753784,-0.01395520567893982,1.5097194910049438
1403906942595067906,negative,1.565900444984436,-1.1623897552490234,2.815744400024414
1403906946680430595,neutral,1.7022043466567993,-0.013955220580101013,1.5097193717956543
1403906947443793920,neutral,1.7981727123260498,-0.6496506333351135,1.7814332246780396
1403906954112770049,neutral,1.6285247802734375,-0.33757755160331726,1.4877091646194458
1403906963218518016,neutral,2.134505033493042,-0.5447365045547485,1.0128284692764282
1403906967752654852,neutral,2.8990442752838135,-0.23847362399101257,1.521572470664978
1403906967970664449,neutral,3.5640499591827393,0.7059734463691711,0.4777139723300934
1403906968079810564,neutral,2.282048463821411,-0.6037304997444153,2.257993698120117
1403906968373403652,neutral,3.381784200668335,1.0001953840255737,0.3660479187965393
1403906986291318785,neutral,2.234720230102539,-0.0032869577407836914,0.7854703664779663
1403906991181877248,neutral,2.1730875968933105,-0.4278826415538788,1.151469349861145
1403906993513910273,negative,0.6391817927360535,-0.552121102809906,3.0429224967956543
1403906996009521157,neutral,1.719610571861267,0.5029551982879639,0.35931873321533203
1403906998803087362,negative,1.294399619102478,-0.39200448989868164,1.634190559387207
1403907009024389123,neutral,1.7318116426467896,-0.36532077193260193,1.1051603555679321
1403907009246687232,neutral,1.5750116109848022,-0.42316898703575134,1.5368415117263794
1403907014208765954,negative,1.6798211336135864,-1.014396071434021,2.0871665477752686
1403907016402391045,negative,1.7652174234390259,-0.7607628107070923,1.7699822187423706
1403907018134495241,neutral,1.7318115234375,-0.3653208315372467,1.1051603555679321
1403907020302917633,neutral,2.564032793045044,0.4762375056743622,0.25841712951660156
1403907021796220931,negative,0.8015006184577942,-1.0244596004486084,2.9035775661468506
1403907035402432514,negative,1.1248581409454346,0.05290989205241203,1.1918110847473145
1403907040603521025,negative,1.0823031663894653,-0.5469703078269958,2.3161380290985107
1403907050652848130,neutral,1.7981727123260498,-0.6496505737304688,1.78143310546875
1403907051923836931,neutral,1.7022045850753784,-0.01395520567893982,1.5097194910049438
1403907052372627456,neutral,1.8871650695800781,-0.45373156666755676,1.5629805326461792
1403907055510069249,negative,1.3084312677383423,-0.12980154156684875,1.586777925491333
1403907056273301505,neutral,1.8447932004928589,0.13505157828330994,1.2542774677276611
1403907065735569410,neutral,1.5284196138381958,-0.7052478194236755,1.2314807176589966
1403907066356404230,neutral,2.0507850646972656,-0.19354668259620667,0.723409116268158
1403907082538082313,neutral,2.328674077987671,-0.36960068345069885,0.9583565592765808
1403907087269130240,neutral,1.5884548425674438,0.11379848420619965,0.9147958755493164
1403907087881572354,negative,0.9793472290039062,-0.3547338843345642,1.6176661252975464
1403907097000132611,negative,1.4432042837142944,-0.46352389454841614,1.783994436264038
1403907097302126594,positive,1.9564182758331299,1.9636712074279785,-0.5627315044403076
1403907097658478592,neutral,1.6624703407287598,-0.9490883946418762,1.6216111183166504
1403907105329930242,negative,1.5891526937484741,-0.34935370087623596,1.9863078594207764
1403907105334067203,negative,0.8116446137428284,-0.8270409107208252,2.6402804851531982
1403907108576260101,neutral,2.0966978073120117,0.683743953704834,0.20863471925258636
1403907109478014978,negative,0.873809278011322,-1.3780239820480347,4.107779026031494
1403907110472011779,negative,1.1095303297042847,-1.0723479986190796,2.6612329483032227
1403907112783290368,negative,1.5659005641937256,-1.1623897552490234,2.815744638442993
1403907119259078666,negative,1.8698875904083252,-1.2400588989257812,2.5956287384033203
1403907121184489474,neutral,1.8871650695800781,-0.45373156666755676,1.5629805326461792
1403907131179372546,positive,1.0149718523025513,5.037668228149414,-0.7639914751052856
1403907133599490050,neutral,2.597618579864502,-0.5585874915122986,0.6555187106132507
1403907134899818500,negative,1.457709789276123,-0.5976109504699707,1.5818517208099365
1403907136447418375,neutral,1.7981727123260498,-0.6496505737304688,1.78143310546875
1403907141287636996,neutral,1.2628511190414429,0.4298844039440155,0.7856795787811279
1403907141338075140,positive,1.0216443538665771,2.3666951656341553,0.5677282810211182
1403907142113845250,neutral,1.2968792915344238,0.630466103553772,0.5645750164985657
1403907149638647810,neutral,1.7981727123260498,-0.6496505737304688,1.78143310546875
1403907156047446019,negative,1.565900444984436,-1.1623897552490234,2.815744638442993
1403907159256178688,negative,1.565900444984436,-1.1623897552490234,2.815744638442993
1403907160833204225,negative,1.1603642702102661,-0.9223315119743347,2.604715585708618
1403907166772228096,neutral,1.9491522312164307,0.3941798806190491,0.5089110732078552
1403907174837874689,neutral,1.7185081243515015,-0.1436469554901123,0.8349118828773499
1403907175018270723,neutral,1.7981727123260498,-0.6496505737304688,1.78143310546875
1403907178797338627,negative,0.8313906192779541,-0.3310750424861908,1.7844488620758057
1403907181754388481,neutral,1.7981727123260498,-0.649650514125824,1.7814329862594604
1403907182794473476,neutral,1.9973994493484497,-0.3450312316417694,0.9074466824531555
1403907186707865603,positive,1.1425265073776245,1.8998137712478638,0.9739440083503723
1403907188096081928,positive,1.265167236328125,1.3681983947753906,0.460808664560318
1403907191946498050,neutral,2.134505033493042,-0.5447365045547485,1.0128284692764282
1403907193104211969,neutral,1.8871650695800781,-0.45373156666755676,1.5629805326461792
1403907194110754822,neutral,2.68962025642395,0.46731629967689514,0.1450614482164383
1403907194542727168,neutral,1.9727452993392944,-0.7077553868293762,1.037966251373291
1403907195511525381,negative,1.4084783792495728,-1.1174852848052979,2.677943706512451
1403907197155909633,neutral,1.176588773727417,0.12471286207437515,0.9948922991752625
1403907199676653576,negative,0.8650171160697937,-0.41485485434532166,2.700298547744751
1403907208631357442,neutral,2.1327872276306152,1.143122673034668,-0.10189362615346909
1403907210720124931,neutral,2.0643763542175293,-0.4436996281147003,1.012611746788025
1403907211030532097,negative,1.1118043661117554,-0.4673297703266144,1.8976209163665771
1403907218588774402,neutral,1.6807588338851929,0.05677027255296707,0.7656201124191284
1403907222598520834,neutral,1.7981727123260498,-0.6496505737304688,1.78143310546875
1403907230978695169,negative,1.2095192670822144,0.20258760452270508,1.3907034397125244
1403907237299503107,neutral,2.2051637172698975,1.1192259788513184,0.5333253145217896
1403907237412847616,negative,1.403289794921875,-0.7077905535697937,1.7288013696670532
1403907237475725315,negative,1.1603642702102661,-0.9223315119743347,2.6047158241271973
1403907238603919368,neutral,1.9002801179885864,0.5202020406723022,0.23202119767665863
1403907240222806020,neutral,2.68962025642395,0.46731629967689514,0.1450614482164383
1403907240948604930,neutral,2.3165369033813477,1.3450298309326172,-0.7061364650726318
1403907241045020673,neutral,1.948079228401184,-0.5613250732421875,0.9498268365859985
1403907243548942344,negative,0.3744525909423828,-1.1737828254699707,4.378261089324951
1403907244467519489,neutral,1.6017084121704102,-0.18516674637794495,1.480756402015686
1403907246912724997,neutral,1.9973994493484497,-0.3450312316417694,0.9074466824531555
1403907256060633089,neutral,1.6195762157440186,-0.4727626144886017,1.4314167499542236
1403907257809571840,neutral,0.8745090961456299,0.8399701714515686,0.7697519063949585
1403907258380062720,neutral,1.522361397743225,0.6422852873802185,0.46387729048728943
1403907264155693056,positive,0.855633556842804,4.2039899826049805,0.07354442775249481
1403907267095719938,neutral,3.2422337532043457,0.9983879327774048,-0.48834943771362305
1403907267351752706,negative,0.7660762667655945,-0.02737376093864441,1.649476408958435
1403907269004300288,negative,1.565900444984436,-1.1623897552490234,2.815744638442993
1403907273953525760,neutral,1.7981727123260498,-0.6496505737304688,1.78143310546875
1403907275450880003,negative,1.380105972290039,-1.0847177505493164,2.3662209510803223
1403907277514428424,negative,1.200269103050232,-0.201555073261261,1.446648120880127
1403907278491713537,negative,0.2500407099723816,0.3500097692012787,0.9118582606315613
1403907280526057477,neutral,1.157891035079956,0.2249189019203186,0.9475919008255005
1403907284023930889,negative,1.3164772987365723,-0.5271279215812683,1.8159465789794922
1403907285198442502,neutral,2.161407470703125,1.1666220426559448,0.44772157073020935
1403907288000172032,neutral,2.597618579864502,-0.5585874915122986,0.6555187106132507
1403907289266933760,negative,1.3788976669311523,-1.1420907974243164,2.862117052078247
1403907289799565314,negative,1.1474053859710693,-0.9894228577613831,2.7696797847747803
1403907293629009921,negative,1.565900444984436,-1.1623897552490234,2.815744638442993
1403907300683747330,negative,1.4629074335098267,-0.7928609251976013,2.4091906547546387
1403907305457041413,neutral,1.3252235651016235,0.007867477834224701,0.6356145143508911
1403907312041922562,negative,0.6791394352912903,-0.28394216299057007,1.1007294654846191
1403907314768396290,neutral,2.3314766883850098,0.8767587542533875,0.30525195598602295
1403907316290777089,neutral,1.5983589887619019,0.22880703210830688,1.4138153791427612
1403907316580175881,neutral,2.0170133113861084,-0.13886213302612305,0.7633891701698303
1403907317456719875,neutral,2.061307191848755,0.48708435893058777,0.27341049909591675
1403907318807470089,neutral,1.5884548425674438,0.11379848420619965,0.9147958755493164
1403907319986114561,negative,1.687324047088623,-0.9958135485649109,2.267049551010132
1403907320698920960,neutral,1.6285247802734375,-0.33757755160331726,1.4877091646194458
1403907321768591360,negative,1.2803192138671875,-0.8623850345611572,2.2865841388702393
1403907324960555010,neutral,1.1572507619857788,0.9346650242805481,1.0222941637039185
1403907338071777283,neutral,1.516087293624878,0.9057604670524597,-0.09893406182527542
1403907345348976642,neutral,1.7981727123260498,-0.6496505737304688,1.78143310546875
1403907345957097476,negative,1.0280085802078247,-1.0940282344818115,3.0491878986358643
1403907348830187520,neutral,2.1659815311431885,1.3420295715332031,0.08613171428442001
1403907356757426179,negative,1.5223597288131714,-1.061089277267456,2.246150493621826
1403907362818195459,negative,0.48401883244514465,0.6802465915679932,1.190657615661621
1403907362998599682,neutral,1.8406027555465698,-0.2807752788066864,1.0959452390670776
1403907363942191106,neutral,1.3643606901168823,0.013171859085559845,0.5455994606018066
1403907368094560257,neutral,1.4532338380813599,0.609459638595581,0.7433034777641296
1403907369629720577,negative,1.2567676305770874,-0.9491602182388306,2.2530083656311035
1403907372020600832,positive,1.3404412269592285,1.7515811920166016,0.11972387135028839
1403907376516722690,negative,1.3994567394256592,-1.0115783214569092,2.375943422317505
1403907379410792451,neutral,2.0340538024902344,0.8374435305595398,0.4628312885761261
1403907381126369281,neutral,1.9973994493484497,-0.3450312316417694,0.9074466824531555
1403907383357677578,neutral,1.834242820739746,0.23119434714317322,0.5433851480484009
1403907390664101892,neutral,1.391963005065918,-0.0600586012005806,1.2195645570755005
1403907399384068097,negative,0.9915200471878052,-0.16192764043807983,1.8318060636520386
1403907399669387264,neutral,2.014796495437622,0.20198819041252136,0.7803840637207031
1403907405956759554,positive,0.4137146472930908,2.0605504512786865,1.0518523454666138
1403907408104071173,negative,1.565900444984436,-1.1623897552490234,2.815744638442993
1403907410830389248,neutral,3.2422337532043457,0.9983879327774048,-0.48834943771362305
1403907416438288389,negative,1.4176702499389648,-0.8057616949081421,1.56516432762146
1403907416673116160,neutral,2.353766918182373,0.5553028583526611,0.012620951980352402
1403907426277937158,neutral,1.9973994493484497,-0.3450312316417694,0.9074466824531555
1403907429843173379,neutral,2.676987648010254,1.8262561559677124,-0.17875055968761444
1403907432443744259,neutral,1.8871650695800781,-0.45373156666755676,1.5629805326461792
1403907433936961540,neutral,2.855841636657715,0.43957677483558655,0.035937823355197906
1403907441570373633,negative,0.9788507223129272,0.2967595160007477,1.62366783618927
1403907449690726405,positive,1.7589024305343628,2.2826120853424072,-1.1202342510223389
1403907451754369025,neutral,1.8848222494125366,-0.5607069730758667,1.3747564554214478
1403907453880737792,neutral,2.1730875968933105,-0.4278826415538788,1.151469349861145
1403907460591591428,negative,1.1095303297042847,-1.0723479986190796,2.6612329483032227
1403907463158501378,negative,1.5324368476867676,-0.6448045969009399,2.3037056922912598
1403907467956924422,negative,1.6595172882080078,-0.9725069999694824,1.8550046682357788
1403907469554995200,negative,0.8640512228012085,-0.4054257571697235,2.483616828918457
1403907471136198661,positive,1.265167236328125,1.3681983947753906,0.460808664560318
1403907472608407552,neutral,1.6618010997772217,0.20110416412353516,0.6126379370689392
1403907472692170754,neutral,1.1830101013183594,0.5326858162879944,0.3992914855480194
1403907473208184834,positive,1.3404412269592285,1.7515811920166016,0.11972387135028839
1403907475108139012,negative,0.6456564664840698,-1.4836361408233643,4.445688724517822
1403907476060209152,negative,1.516570806503296,-0.7633868455886841,1.8740750551223755
1403907479524700161,neutral,2.5368096828460693,-0.48476096987724304,0.6834564208984375
1403907487238086656,neutral,1.7981727123260498,-0.649650514125824,1.7814332246780396
1403907487770628098,negative,1.743327021598816,-1.2412463426589966,2.9737565517425537
1403907489318453249,neutral,2.049136161804199,0.0347343385219574,0.5319875478744507
1403907490299875335,positive,1.1232898235321045,2.696949005126953,-0.2126530408859253
1403907496461410308,neutral,2.134504795074463,-0.5447365045547485,1.0128285884857178
1403907497216380936,negative,1.1945430040359497,-1.0904616117477417,2.8260414600372314
1403907507181944832,negative,1.6464717388153076,-1.2558315992355347,3.045363187789917
1403907508415123457,negative,1.565900444984436,-1.1623897552490234,2.815744400024414
1403907509367099392,neutral,2.515556812286377,0.9790822267532349,-0.23656870424747467
1403907509937639424,neutral,1.7636497020721436,-0.221716970205307,1.2229219675064087
1403907510428311559,negative,1.1751515865325928,-0.25834089517593384,1.8976843357086182
1403907510541729792,neutral,1.3885630369186401,1.2275059223175049,0.4249257445335388
1403907516321304584,negative,0.9414314031600952,-0.17476710677146912,1.8030450344085693
1403907516627664897,neutral,1.8151013851165771,0.6283021569252014,0.6569212675094604
1403907517839642628,negative,1.0628563165664673,0.08693592995405197,1.0851632356643677
1403907524890333185,negative,1.4683822393417358,-0.36791756749153137,1.9318374395370483
1403907537209020418,neutral,2.3533873558044434,0.44686853885650635,0.09385446459054947
1403907537687113729,negative,0.8838309645652771,0.11466455459594727,0.8889132738113403
1403907538110746624,neutral,1.7981727123260498,-0.649650514125824,1.7814332246780396
1403907538651807747,neutral,1.9148175716400146,1.7577699422836304,-0.07485882937908173
1403907539838767105,neutral,1.8871651887893677,-0.4537317454814911,1.5629806518554688
1403907540661026819,neutral,1.9973993301391602,-0.34503117203712463,0.9074466824531555
1403907541231341573,positive,0.8481658101081848,1.8958572149276733,0.28713488578796387
1403907545878646784,negative,1.6742500066757202,-1.2741754055023193,2.661356210708618
1403907547958939650,negative,0.9599516987800598,-0.8682969808578491,2.3401896953582764
1403907551532511234,neutral,1.5983589887619019,0.22880712151527405,1.4138152599334717
1403907552404934662,negative,0.9599516987800598,-0.8682969808578491,2.3401896953582764
1403907553709367298,neutral,2.564032793045044,0.47623759508132935,0.2584172189235687
1403907561321992193,neutral,1.5772840976715088,-0.07083993405103683,0.7667939066886902
1403907562936967170,negative,1.1603642702102661,-0.9223315119743347,2.6047158241271973
1403907564627169283,neutral,1.4802623987197876,0.5165037512779236,0.7744748592376709
1403907565818286086,neutral,1.7246423959732056,0.4112204611301422,0.8386492133140564
1403907567764508679,negative,1.4802998304367065,-0.3986208140850067,1.666632890701294
1403907568360120322,neutral,1.717219352722168,-0.09213843196630478,0.0028081219643354416
1403907568871821326,neutral,2.20382022857666,-0.857199490070343,1.5419970750808716
1403907572198002690,negative,1.2421036958694458,-1.4391967058181763,3.5372722148895264
1403907572852133893,neutral,1.4226325750350952,1.179246425628662,-0.04595794528722763
1403907572927762436,negative,1.256767749786377,-0.9491602778434753,2.2530083656311035
1403907590065692679,neutral,1.7347674369812012,-0.12841811776161194,0.9687021374702454
1403907590862475265,neutral,2.597618579864502,-0.5585874915122986,0.6555187702178955
1403907591315595266,positive,1.7619904279708862,2.7910304069519043,-0.6323673129081726
1403907592783532036,negative,0.9995436072349548,-0.619526743888855,2.2412612438201904
1403907594067091459,neutral,1.7981727123260498,-0.649650514125824,1.7814332246780396
1403907596168445952,neutral,1.8190838098526,-0.22106274962425232,1.5424472093582153
1403907605186027525,neutral,1.628524899482727,-0.33757758140563965,1.4877091646194458
1403907611456688129,neutral,2.579604387283325,1.0149351358413696,0.20421786606311798
1403907613742538755,negative,1.4329074621200562,-1.2473278045654297,3.128953456878662
1403907619165806594,neutral,2.9657769203186035,2.151970386505127,-0.8893977999687195
1403907621283778560,neutral,1.708804965019226,-0.8866966962814331,1.6524449586868286
1403907629118808067,negative,0.2979840934276581,0.21718290448188782,2.0526556968688965
1403907639034007554,negative,1.6661396026611328,-0.6463385820388794,1.7737334966659546
1403907640804081667,neutral,1.9973993301391602,-0.34503117203712463,0.9074466824531555
1403907640988684290,neutral,1.3869057893753052,-0.11473662406206131,1.3579436540603638
1403907644470042624,positive,0.9113664627075195,1.2270264625549316,0.0785551369190216
1403907648009822216,neutral,2.701828718185425,2.3369791507720947,-0.33179783821105957
1403907649415094273,neutral,1.624329924583435,-0.20755118131637573,0.8918900489807129
1403907650023215108,negative,1.565900444984436,-1.1623897552490234,2.815744400024414
1403907655710633984,negative,1.3631175756454468,-0.5449047684669495,1.6357059478759766
1403907668494872580,neutral,1.4299312829971313,0.8489765524864197,0.7889515161514282
1403907668885057536,neutral,1.7022043466567993,-0.013955220580101013,1.5097194910049438
1403907676388532224,neutral,2.564032793045044,0.47623759508132935,0.2584172189235687
1403907678640947200,neutral,2.1751227378845215,-0.03255405277013779,0.19249284267425537
1403907683741224961,negative,1.3292945623397827,0.19436755776405334,1.356166124343872
1403907686857687041,neutral,1.7981727123260498,-0.649650514125824,1.7814332246780396
1403907687486660610,neutral,1.9973993301391602,-0.34503117203712463,0.9074466824531555
1403907690435428355,positive,1.432755708694458,1.6939412355422974,-0.18606607615947723
1403907691471380485,neutral,1.5284781455993652,-0.1537957787513733,1.1005868911743164
1403907694935805953,neutral,2.1730878353118896,-0.4278826415538788,1.1514692306518555
1403907697439805445,neutral,1.7981727123260498,-0.649650514125824,1.7814332246780396
1403907709020168194,negative,0.4450850188732147,0.17221873998641968,2.029979944229126
1403907720013570054,negative,1.565900444984436,-1.1623897552490234,2.815744400024414
1403907727030513667,negative,0.8313905596733093,-0.33107510209083557,1.7844487428665161
1403907730025422848,negative,1.5840165615081787,-0.8561673164367676,1.7805984020233154
1403907732567212034,neutral,1.9973993301391602,-0.345031201839447,0.9074466824531555
1403907734270058497,negative,1.565900444984436,-1.1623897552490234,2.815744400024414
1403907735503048705,neutral,1.879058599472046,1.2079479694366455,0.21620963513851166
1403907739613421580,negative,1.5751895904541016,-0.7151234745979309,1.9472055435180664
1403907748304019459,neutral,1.9735221862792969,1.4759124517440796,-0.13032266497612
1403907754259980295,negative,0.7660762071609497,-0.02737373113632202,1.649476408958435
1403907755937832962,negative,0.9398506879806519,0.4881874620914459,1.3514587879180908
1403907756893958148,neutral,1.559233546257019,0.29639554023742676,0.8309347033500671
1403907760186593285,neutral,1.6277397871017456,0.7637747526168823,-0.06932912766933441
1403907762690695171,negative,0.7881258726119995,-1.4348299503326416,4.299149036407471
1403907763038740483,neutral,1.9973993301391602,-0.34503117203712463,0.9074466824531555
1403907763173048324,negative,1.2382615804672241,-0.6833818554878235,1.4577183723449707
1403907764687044609,neutral,1.9973993301391602,-0.34503117203712463,0.9074466824531555
1403907765924511753,neutral,1.8871651887893677,-0.4537317454814911,1.5629806518554688
1403907767698665476,neutral,1.5161446332931519,-0.522941529750824,1.4297893047332764
1403907771272105987,neutral,1.079164981842041,0.16556119918823242,0.7280513644218445
1403907773189038080,positive,1.340441107749939,1.751581072807312,0.1197238489985466
1403907773713162241,positive,0.808759331703186,2.689816951751709,-0.3338741660118103
1403907778645614595,negative,0.508120059967041,0.44401076436042786,0.9077815413475037
1403907779098648579,negative,1.256767749786377,-0.9491602778434753,2.2530083656311035
1403907794663743489,negative,0.9940317869186401,-0.7026023864746094,2.801133155822754
1403907797385875460,negative,1.3857905864715576,-1.0169490575790405,2.066848039627075
1403907797759053828,neutral,1.267648696899414,0.232956200838089,1.1228164434432983
1403907803543126016,negative,1.565900444984436,-1.1623897552490234,2.815744400024414
1403907807481528323,negative,1.4681345224380493,-1.023337483406067,2.1279077529907227
1403907807808790529,negative,0.9438454508781433,-0.6768621206283569,2.521346092224121
1403907814175674368,neutral,1.74478280544281,-0.45882681012153625,1.3836078643798828
1403907816520257536,negative,1.85142183303833,-1.0555784702301025,1.930132508277893
1403907817489190913,negative,1.3453768491744995,-0.9735590815544128,2.1695785522460938
1403907820513218563,neutral,1.8058452606201172,0.882090151309967,0.23819665610790253
1403907827891159040,neutral,1.2203845977783203,1.2084017992019653,0.307087242603302
1403907829971316738,negative,1.051147222518921,-0.10424406081438065,1.1349704265594482
1403907834635509760,negative,0.6298867464065552,0.3546358346939087,1.5601874589920044
1403907840184504326,neutral,1.2161060571670532,0.24454358220100403,1.200518012046814
1403907847981654017,neutral,1.7228392362594604,-0.3099725842475891,1.2480157613754272
1403907850703970306,neutral,1.7022043466567993,-0.013955220580101013,1.5097194910049438
1403907854482874371,neutral,2.6395866870880127,1.639054775238037,-0.5062191486358643
1403907856353611779,neutral,1.9973993301391602,-0.34503117203712463,0.9074466824531555
1403907862410137605,negative,1.1603642702102661,-0.9223315119743347,2.6047158241271973
1403907869569859588,negative,1.565900444984436,-1.1623897552490234,2.815744400024414
1403907872270991364,positive,0.2600573003292084,2.2303967475891113,0.06752709299325943
1403907874347118592,neutral,1.9418624639511108,-0.84874427318573,1.4965332746505737
1403907877249691651,negative,1.6715059280395508,-1.0088989734649658,2.159410238265991
1403907878918836233,positive,2.0515875816345215,2.3114614486694336,-0.5083739161491394
1403907882777645058,neutral,1.5670795440673828,0.5214164853096008,0.837666392326355
1403907887223623680,negative,0.3124377727508545,1.107664942741394,1.4198904037475586
1403907892260999175,neutral,2.1313652992248535,-0.4888378083705902,1.6907612085342407
1403907893536067584,negative,1.2091002464294434,-0.8112996816635132,1.861310362815857
1403907896912588800,neutral,2.049136161804199,0.03473430871963501,0.5319874882698059
1403907905988874245,neutral,1.7088396549224854,-0.565900981426239,1.4135454893112183
1403907910623662083,negative,0.7928662896156311,-0.48129040002822876,1.1784685850143433
1403907911202574340,neutral,1.8999642133712769,0.19865599274635315,1.037213921546936
1403907912079192070,negative,0.9785100817680359,0.18287470936775208,1.3054721355438232
1403907912595132416,neutral,1.5955836772918701,0.3735734224319458,0.4956796169281006
1403907936259301380,neutral,1.7981727123260498,-0.649650514125824,1.7814332246780396
1403907940264792066,neutral,2.1470136642456055,-0.986537754535675,1.6181979179382324
1403907944488517637,negative,1.046169400215149,-0.9033520221710205,2.4186151027679443
1403907952193556483,neutral,2.880044460296631,-0.23253414034843445,0.48294925689697266
1403907952742785025,neutral,1.547670841217041,0.5713876485824585,0.911588191986084
1403907954005450754,neutral,2.134504795074463,-0.5447365045547485,1.0128285884857178
1403907955553038338,neutral,1.9973993301391602,-0.34503117203712463,0.9074466824531555
1403907958375915522,neutral,1.8871651887893677,-0.4537317454814911,1.5629806518554688
1403907960854638597,negative,1.21842622756958,0.25548407435417175,1.5381709337234497
1403907963769823234,positive,1.7619904279708862,2.7910304069519043,-0.6323673129081726
1403907965392850949,neutral,2.564032793045044,0.47623759508132935,0.2584172189235687
1403907967402008581,neutral,1.4026604890823364,-0.34813520312309265,0.8449662923812866
1403907973907312642,negative,1.2725046873092651,-1.1897330284118652,3.457326889038086
1403907973932589057,negative,1.6402360200881958,-0.6730179190635681,1.8459017276763916
1403907980806955008,neutral,1.7318116426467896,-0.36532077193260193,1.1051602363586426
1403907981700444161,neutral,1.8996131420135498,-0.6695070266723633,1.0006157159805298
1403907981851250691,negative,0.6972043514251709,0.05143197998404503,2.016464948654175
1403907983352885251,neutral,2.03615403175354,-0.24562188982963562,1.6778746843338013
1403907985399709700,neutral,1.5445456504821777,-0.579765796661377,1.539046287536621
1403907987496972289,neutral,1.5884549617767334,0.11379851400852203,0.9147958159446716
1403907992836218887,neutral,0.9833512902259827,0.9502328038215637,0.28431236743927
1403907993905762308,negative,1.1482187509536743,-1.3548619747161865,3.629418134689331
1403907995587670024,positive,0.7001698613166809,2.235130548477173,-0.31765878200531006
1403907997303074817,positive,1.0137202739715576,1.0397419929504395,-0.14643466472625732
1403907998670475266,negative,1.565900444984436,-1.1623897552490234,2.815744400024414
1403907999043837965,neutral,2.564032793045044,0.47623759508132935,0.2584172189235687
1403908000943730688,negative,1.0280085802078247,-1.094028115272522,3.0491883754730225
1403908006207754245,neutral,1.7981727123260498,-0.649650514125824,1.7814332246780396
1403908007210090499,negative,0.8485822677612305,-1.2204864025115967,3.4371731281280518
1403908014810316800,negative,0.19984698295593262,-0.4559912383556366,2.1953749656677246
1403909374955773953,negative,1.5171996355056763,-0.7302870750427246,1.7634649276733398
1403909376176447488,negative,1.565900444984436,-1.1623897552490234,2.815744400024414
1403909376356667393,neutral,2.597618579864502,-0.5585874915122986,0.6555187702178955
1403909377216581635,neutral,2.6395866870880127,1.639054775238037,-0.5062191486358643
1403909377258446848,neutral,2.123109817504883,0.1838015615940094,0.1334669440984726
1403909382656593920,negative,1.540424108505249,-1.189876675605774,2.7515292167663574
1403909384355258373,negative,1.3634018898010254,-0.6022189259529114,1.781751036643982
1403909386808926208,negative,0.3994390666484833,-0.08158709853887558,2.539876937866211
1403909388050571268,neutral,1.5836325883865356,0.6660401821136475,-0.12728747725486755
1403909389552177154,positive,1.2894964218139648,1.5131884813308716,0.6397414207458496
1403909399861735425,neutral,1.7981727123260498,-0.6496504545211792,1.78143310546875
1403909402487296001,neutral,1.261202096939087,0.2977166175842285,0.7177469730377197
1403909403552534530,negative,1.1603642702102661,-0.9223315119743347,2.6047158241271973
1403909405951803395,negative,1.0790867805480957,-0.7182924747467041,1.956156849861145
1403909406522318849,negative,1.1811085939407349,0.0727272480726242,1.6746408939361572
1403909408330031104,neutral,1.710031270980835,0.10744941234588623,0.5572655200958252
1403909409424748544,neutral,1.7458105087280273,-0.050280116498470306,0.9005043506622314
1403909411878313989,neutral,2.374554395675659,0.522541880607605,0.25572994351387024
1403909413648408579,negative,0.4154578447341919,-0.44569769501686096,2.48581862449646
1403909415896555524,neutral,2.541774272918701,0.9509841203689575,-0.34925323724746704
1403909416026624003,neutral,1.8871651887893677,-0.4537317454814911,1.5629806518554688
1403909418035580929,neutral,1.9114737510681152,-0.07448878139257431,0.7546354532241821
1403909420464152576,neutral,1.1719086170196533,0.5556398034095764,0.9916725158691406
1403909421940551691,neutral,1.7981727123260498,-0.649650514125824,1.7814332246780396
1403909422133526529,negative,1.1811085939407349,0.0727272480726242,1.6746408939361572
1403909423609696256,negative,1.6025947332382202,-0.8356689810752869,1.961266279220581
1403909425207955457,neutral,1.594359278678894,-0.11202619224786758,1.3583968877792358
1403909428567412740,neutral,1.7318116426467896,-0.36532077193260193,1.1051602363586426
1403909435773304836,negative,1.508945345878601,-0.8000308871269226,2.2070066928863525
1403909438327644166,neutral,1.5884548425674438,0.11379855871200562,0.9147959351539612
1403909438419791879,negative,0.9972131848335266,-0.3350232243537903,2.415475606918335
1403909440491773952,negative,1.1811085939407349,0.0727272480726242,1.6746408939361572
1403909440793808901,negative,1.4199395179748535,-0.579656720161438,1.6302987337112427
1403909441846747140,negative,1.0192537307739258,-0.1416768729686737,1.4420682191848755
1403909443276967937,negative,1.1853526830673218,-0.7439385652542114,1.585821270942688
1403909445113970692,neutral,1.3531376123428345,0.425198495388031,0.8992929458618164
1403909446007287809,neutral,1.445405125617981,-0.5654825568199158,1.3894476890563965
1403909447131430916,neutral,1.1359364986419678,0.6291550397872925,0.7308616638183594
1403909449073401858,neutral,1.8415828943252563,-0.17576152086257935,0.5454715490341187
1403909452743512066,neutral,0.9283836483955383,0.24879369139671326,0.6725707054138184
1403909454974918656,negative,1.5095628499984741,-0.7063019275665283,1.6949156522750854
1403909460620316679,neutral,2.363513708114624,0.31487810611724854,0.3369843363761902
1403909462847635457,neutral,1.066972017288208,0.6531021595001221,0.6937742829322815
1403909470405627910,neutral,1.379636287689209,0.45791253447532654,-0.1230335608124733
1403909472217714690,neutral,1.7981727123260498,-0.649650514125824,1.7814332246780396
1403909472221863940,negative,0.996080756187439,-0.3043929934501648,2.15250301361084
1403909472230154245,neutral,2.6644983291625977,0.17095765471458435,0.6062108278274536
1403909474977468417,neutral,1.2571828365325928,0.4728550612926483,1.0576214790344238
1403909476063739908,neutral,2.6754703521728516,1.1542540788650513,-0.2315426915884018
1403909477955424257,negative,1.346083402633667,-0.5517193675041199,1.8791669607162476
1403909480274960387,negative,1.2969551086425781,-0.661600649356842,1.6423084735870361
1403909482749562882,negative,1.1874185800552368,-0.5362460017204285,2.262333631515503
1403909489351397378,neutral,1.12830650806427,-0.23011517524719238,0.9347205758094788
1403909490370568192,negative,1.2665586471557617,-0.4290182292461395,1.914272427558899
1403909494757724161,neutral,1.7709804773330688,0.5089931488037109,0.5848996639251709
1403909501430992896,neutral,1.9973993301391602,-0.34503117203712463,0.9074466824531555
1403909502907432963,negative,1.278666377067566,-1.1696668863296509,2.790544033050537
1403909504895488002,neutral,1.7981727123260498,-0.649650514125824,1.7814332246780396
1403909506506100737,negative,0.9785100817680359,0.18287470936775208,1.3054721355438232
1403909506514313219,neutral,2.6478171348571777,2.384761333465576,-1.1914654970169067
1403909507961528323,neutral,1.229818344116211,-0.032330192625522614,1.0913666486740112
1403909509718982660,negative,1.3039093017578125,-1.2646950483322144,3.078723669052124
1403909511161815045,negative,1.565900444984436,-1.1623897552490234,2.815744400024414
1403909513930022915,negative,1.6750975847244263,-0.9220286011695862,1.9665111303329468
1403909515846709248,negative,0.9660266041755676,-0.814565896987915,2.146399736404419
1403909517264384003,neutral,1.7318116426467896,-0.36532077193260193,1.1051602363586426
1403909517398712328,neutral,1.1484301090240479,0.6870478987693787,0.6473650336265564
1403909519470592008,neutral,1.3630274534225464,-0.13078105449676514,0.3691447377204895
1403909523723665410,negative,1.565900444984436,-1.1623897552490234,2.815744400024414
1403909525904658440,neutral,2.3289599418640137,1.227951169013977,-0.24499116837978363
1403909528165531652,neutral,2.6754703521728516,1.1542540788650513,-0.2315426915884018
1403909542790930434,negative,1.0200248956680298,-0.8834101557731628,2.8323161602020264
1403909543277518849,neutral,1.7844513654708862,-0.6236509084701538,1.6395961046218872
1403909543969558528,neutral,2.0903213024139404,1.4556866884231567,-0.4320271909236908
1403909544561065991,negative,0.48205438256263733,-0.7460392713546753,2.2484357357025146
1403909545777242112,neutral,1.5445456504821777,-0.579765796661377,1.539046287536621
1403909546523889664,neutral,1.594359278678894,-0.11202619224786758,1.3583968877792358
1403909548281303042,neutral,1.1947295665740967,-0.05203712731599808,0.5234604477882385
1403909551057817602,negative,1.1265910863876343,-1.1280641555786133,2.851142406463623
1403909552651837443,neutral,1.7981727123260498,-0.649650514125824,1.7814332246780396
1403909568615256064,negative,0.7917516827583313,-0.6099672317504883,2.6521201133728027
1403909570267910147,neutral,2.6754703521728516,1.1542540788650513,-0.2315426915884018
1403909572163690497,neutral,1.117300271987915,0.05735011398792267,0.20491905510425568
1403909584914427906,negative,1.6750975847244263,-0.9220286011695862,1.9665111303329468
1403909585237381126,neutral,1.8283060789108276,-0.6700338125228882,1.4685320854187012
1403909587875549185,neutral,1.071915626525879,0.40968695282936096,0.6526798605918884
1403909589314289668,neutral,1.3598638772964478,-0.155487060546875,1.092470645904541
1403909590132031491,negative,1.3799165487289429,-0.6925099492073059,1.8859971761703491
1403909590501269504,neutral,2.828106164932251,0.8371485471725464,-0.13895811140537262
1403909591008567297,neutral,2.5938899517059326,0.3110746145248413,0.3784056007862091
1403909591042232325,neutral,1.9973993301391602,-0.34503117203712463,0.9074466824531555
1403909597627248648,neutral,2.363513231277466,0.3148781657218933,0.3369843065738678
1403909600273846272,neutral,2.6395866870880127,1.639054775238037,-0.5062191486358643
1403909602048188422,neutral,1.2813796997070312,0.0338115356862545,0.8337803483009338
1403909604451315713,negative,1.808388590812683,-0.3919854760169983,1.9605852365493774
1403909605567119363,neutral,2.1730878353118896,-0.4278826415538788,1.1514692306518555
1403909609212022788,neutral,1.7367709875106812,1.3198622465133667,0.4866940975189209
1403909610755424262,negative,1.506587028503418,0.08367239683866501,1.5738903284072876
1403909611149836291,neutral,1.7060035467147827,-0.11607644706964493,1.6099408864974976
1403909611216723968,neutral,1.9995793104171753,0.8270735740661621,0.07068565487861633
1403909613205045248,neutral,1.5884548425674438,0.11379855871200562,0.9147959351539612
1403909615440433162,neutral,2.1539745330810547,1.2493352890014648,-0.26960527896881104
1403909615906136068,negative,1.565900444984436,-1.1623897552490234,2.815744400024414
1403909618158522373,negative,1.6614044904708862,-0.9160805344581604,2.3901400566101074
1403909620150767623,neutral,2.3533873558044434,0.44686853885650635,0.09385446459054947
1403909620943495170,neutral,1.7197391986846924,-0.5972579121589661,1.6492222547531128
1403909623405502464,negative,1.1036456823349,-0.9346650242805481,2.446027994155884
1403909625750163456,neutral,1.7981727123260498,-0.649650514125824,1.7814332246780396
1403909627817992194,neutral,1.8871651887893677,-0.4537317454814911,1.5629806518554688
1403909632423346182,neutral,2.134504795074463,-0.5447365045547485,1.0128285884857178
1403909634327408647,neutral,1.7988356351852417,0.5035955905914307,0.8437837958335876
1403909637745774595,neutral,2.169309616088867,0.17105649411678314,1.296540379524231
1403909640103079938,negative,0.8763167858123779,-0.6969021558761597,1.7333844900131226
1403909641772339200,neutral,1.7867692708969116,0.24167537689208984,0.8695610761642456
1403909648663470087,neutral,2.64125919342041,2.1888608932495117,-1.0919897556304932
1403909654837555200,negative,1.2676972150802612,-0.9880692362785339,2.4506428241729736
1403909654883749893,neutral,1.512956976890564,0.5963161587715149,0.6242786049842834
1403909655336787971,neutral,1.7981727123260498,-0.649650514125824,1.7814332246780396
1403909658872451072,negative,1.0249946117401123,-0.4317046105861664,1.882122278213501
1403909667995148289,negative,1.2054628133773804,-1.0087685585021973,2.9661552906036377
1403909669551329283,neutral,1.729730248451233,-0.3080350160598755,1.384392499923706
1403909671245713411,neutral,1.6550211906433105,0.1593489646911621,0.9476357102394104
1403909673430880256,negative,1.3628464937210083,-0.7733408808708191,2.184339761734009
1403909676866146307,neutral,1.7981727123260498,-0.649650514125824,1.7814332246780396
1403909677629403143,positive,1.2787946462631226,1.2833772897720337,0.48876509070396423
1403909685179158531,neutral,1.7228392362594604,-0.3099725842475891,1.2480157613754272
1403909686173192194,negative,0.9793473482131958,-0.3547339141368866,1.6176661252975464
1403909687360241666,neutral,2.8544304370880127,0.05651070922613144,0.4198444187641144
1403909690539626497,negative,0.8198347687721252,0.22831642627716064,1.3901612758636475
1403909695149010945,neutral,1.229818344116211,-0.032330192625522614,1.0913666486740112
1403909698198278146,negative,0.8226495385169983,0.5726943016052246,0.896211564540863
1403909698982645761,neutral,2.6754703521728516,1.1542540788650513,-0.2315426915884018
1403909699980853251,neutral,1.9526151418685913,0.13492350280284882,0.4945303201675415
1403909700337520640,negative,0.794029951095581,-0.8526297211647034,3.061734199523926
1403909702954602496,neutral,2.797926425933838,0.28687551617622375,-0.3123086094856262
1403909705064460291,positive,1.1232898235321045,2.696949005126953,-0.2126530408859253
1403909705999716360,negative,1.256286859512329,0.141216441988945,1.5106441974639893
1403909706813370371,neutral,1.8186506032943726,0.0932660847902298,0.33823713660240173
1403909711028756480,negative,1.658297061920166,-0.9300746321678162,2.41101336479187
1403909711250944003,negative,1.4152934551239014,-0.8517230749130249,2.0481204986572266
1403909716497944579,neutral,2.1539742946624756,1.2493351697921753,-0.2696053385734558
1403909720373661696,negative,1.224915862083435,-0.9688089489936829,2.2292375564575195
1403909721472466949,negative,0.8049126863479614,-0.8961371183395386,2.8370890617370605
1403909722248400899,negative,1.3174327611923218,-0.7867258191108704,2.4679994583129883
1403909722755911682,negative,1.7463551759719849,-1.104577898979187,2.221468687057495
1403909726094741510,neutral,1.5884548425674438,0.11379855871200562,0.9147959351539612
1403909728984576000,neutral,1.5884548425674438,0.11379857361316681,0.9147958159446716
1403909730343522304,neutral,2.066697120666504,0.6930064558982849,0.7054728865623474
1403909731232583683,neutral,1.594359278678894,-0.11202619224786758,1.3583968877792358
1403909733199745029,neutral,2.169309616088867,0.17105649411678314,1.296540379524231
1403909739679993865,negative,1.1603642702102661,-0.9223315119743347,2.6047158241271973
1403909740061679617,neutral,1.857272982597351,-0.7246648073196411,1.3187161684036255
1403909741101740034,neutral,1.4153245687484741,-0.22716602683067322,0.7482749819755554
1403909742028746759,neutral,2.1693472862243652,0.32696735858917236,0.31995412707328796
1403909745719787522,negative,1.256767749786377,-0.9491602778434753,2.2530083656311035
1403909746969571328,negative,1.272011637687683,-1.3896080255508423,3.60919451713562
1403909748815122432,neutral,2.8561599254608154,-0.3271046578884125,0.4042723476886749
1403909749230379010,neutral,2.597618579864502,-0.5585874915122986,0.6555187702178955
1403909752451653632,neutral,2.1730878353118896,-0.4278826415538788,1.1514692306518555
1403909752912977921,neutral,1.6642184257507324,0.48197904229164124,1.0860732793807983
1403909753013686274,neutral,2.134505033493042,-0.5447365045547485,1.0128284692764282
1403909754347409409,neutral,2.026743173599243,-0.5593447089195251,0.626535177230835
1403909757212241921,neutral,2.363513231277466,0.3148781657218933,0.3369843065738678
1403909762564169728,neutral,2.1383540630340576,-0.47066131234169006,0.6933372616767883
1403909770084380678,positive,0.41719716787338257,2.206674814224243,0.3008805811405182
1403909771871330313,neutral,1.8691531419754028,0.4239877462387085,0.47387954592704773
1403909772127133697,neutral,1.445405125617981,-0.5654825568199158,1.3894476890563965
1403909781535039490,neutral,2.6754703521728516,1.1542540788650513,-0.2315426915884018
1403909782835056642,neutral,2.175469398498535,-0.6992896199226379,1.3224232196807861
1403909792373018635,negative,0.7660763263702393,-0.027373746037483215,1.649476408958435
1403909792742117376,negative,0.8691906332969666,-0.6544924974441528,2.804755210876465
1403909794289786887,neutral,1.7318116426467896,-0.36532077193260193,1.1051602363586426
1403909795736743936,negative,1.460264801979065,-1.0466856956481934,2.3083643913269043
1403909798437945349,neutral,1.820630431175232,0.5710821747779846,0.5109419226646423
1403909803710291971,neutral,1.4528745412826538,-0.5014020204544067,1.2829654216766357
1403909804507213824,neutral,1.6257007122039795,-0.6035155057907104,1.1614782810211182
1403909811045994499,negative,1.0181275606155396,-0.017123259603977203,1.687089204788208
1403909828431388676,neutral,1.6933079957962036,-0.8620700836181641,1.3743762969970703
1403909828955852805,negative,0.5906586050987244,0.037984296679496765,1.5417327880859375
1403909832667635715,positive,1.1232898235321045,2.696949005126953,-0.2126530408859253
1403909833263288321,neutral,1.793440580368042,-0.7651035189628601,1.3411924839019775
1403909837528895493,neutral,1.7981727123260498,-0.649650514125824,1.7814332246780396
1403909838019579907,negative,1.2254064083099365,-1.2209656238555908,3.019169807434082
1403909841979121671,negative,1.0660889148712158,-0.3245828449726105,1.660394549369812
1403909842918649858,neutral,1.9973993301391602,-0.34503117203712463,0.9074466824531555
1403909850023661569,negative,1.4879947900772095,-1.0836641788482666,2.445751428604126
1403909852305498113,negative,1.1071504354476929,-0.49440547823905945,1.375564455986023
1403909852531941379,neutral,1.3442050218582153,0.0009210631251335144,0.26007983088493347
1403909857971900416,neutral,2.1730875968933105,-0.427882581949234,1.1514692306518555
1403909858210902020,neutral,2.8732659816741943,0.8975492715835571,-0.15186892449855804
1403909858366271490,negative,1.70431649684906,-0.9523326754570007,2.381141185760498
1403909858651344896,negative,1.2855783700942993,-0.519044816493988,1.5568230152130127
1403909859792330760,neutral,1.5925650596618652,-0.48721757531166077,1.1734744310379028
1403909860710928388,negative,1.521714448928833,-0.9590173363685608,2.002045154571533
1403909861167964161,neutral,1.331601858139038,0.6374896168708801,0.4308467209339142
1403909861394550785,negative,0.7414487600326538,-0.38561856746673584,2.51454496383667
1403909862065467393,negative,1.3680347204208374,-0.847116231918335,1.6305638551712036
1403909863592366082,neutral,2.8732659816741943,0.8975492715835571,-0.15186892449855804
1403909866847039488,negative,0.5515877604484558,-0.36643943190574646,2.7168257236480713
1403909868411445248,negative,0.7631786465644836,0.26226145029067993,1.0951542854309082
1403909868788977666,negative,1.565900444984436,-1.1623897552490234,2.815744400024414
1403909872568184837,neutral,3.326507329940796,1.8823959827423096,-1.0461255311965942
1403909873083981830,neutral,3.2422332763671875,0.9983878135681152,-0.4883494973182678
1403909873784426504,neutral,1.7867693901062012,0.24167537689208984,0.8695611357688904
1403909873914449920,neutral,1.5670795440673828,0.5214164853096008,0.837666392326355
1403909874912829444,negative,1.7273417711257935,-0.7378231287002563,2.6880602836608887
1403909878259732480,neutral,1.2956680059432983,0.5474830865859985,0.8787181377410889
1403909878956101635,negative,0.8402445912361145,-1.0809489488601685,3.4119153022766113
1403909880646443010,negative,0.9727835059165955,-0.3304058909416199,1.7299821376800537
1403909882458247172,neutral,1.6505318880081177,-0.5808327794075012,1.3198411464691162
1403909884500971521,negative,1.0864382982254028,-1.332241177558899,3.6713318824768066
1403909886363279362,positive,1.0194013118743896,1.653265357017517,-0.3854127526283264
1403909886690271238,negative,1.510108470916748,-0.42373576760292053,1.527522325515747
1403909887696936960,negative,0.8104233741760254,0.07261674851179123,2.063878297805786
1403909889798311941,neutral,2.2308595180511475,-0.30784356594085693,1.2201648950576782
1403909891153043456,neutral,1.7709804773330688,0.5089931488037109,0.5848996639251709
1403909894206537730,neutral,1.3342915773391724,-0.20771357417106628,0.65903639793396
1403909894277718016,negative,0.7660763263702393,-0.027373746037483215,1.649476408958435
1403909897180303365,neutral,1.9973993301391602,-0.34503117203712463,0.9074466824531555
1403909897951924224,neutral,2.005892276763916,0.4794856607913971,0.772541880607605
1403909898371485698,neutral,0.9951004981994629,0.0009045824408531189,-0.01943534053862095
1403909901735268356,neutral,3.2422335147857666,0.9983878135681152,-0.48834937810897827
1403909903417176068,positive,1.4459534883499146,1.9879558086395264,0.07521195709705353
1403909915119263751,negative,1.0136576890945435,-0.06614711135625839,1.606046438217163
1403909925726654464,neutral,2.6695542335510254,1.3658323287963867,-0.3420422673225403
1403909926867456001,neutral,1.2956680059432983,0.5474830865859985,0.8787182569503784
1403909929631617026,neutral,1.2002290487289429,0.3946418762207031,-0.08156245946884155
1403909934673137664,neutral,2.175469398498535,-0.6992896199226379,1.3224232196807861
1403909941728002051,negative,0.9045189023017883,-0.5423753261566162,1.8223103284835815
1403909947247804416,negative,1.1120113134384155,-0.7762876749038696,2.7570958137512207
1403909958060568583,negative,1.0543718338012695,-0.7238091826438904,2.3639190196990967
1403909968219164676,neutral,2.68962025642395,0.46731629967689514,0.14506138861179352
1403909970903638017,negative,1.210727572441101,-0.6011972427368164,2.452944755554199
1403909971025268738,negative,1.3608641624450684,-0.4069138467311859,1.8377480506896973
1403909980059803653,neutral,1.7981727123260498,-0.649650514125824,1.7814332246780396
1403909983884898307,negative,1.679821252822876,-1.014396071434021,2.0871667861938477
1403909985268949001,negative,1.2584507465362549,-0.22876638174057007,1.4773013591766357
1403909990268686337,neutral,1.7203031778335571,-0.49103984236717224,0.8120914697647095
1403894905802481664,neutral,1.913227915763855,-0.26370158791542053,1.5087106227874756
1403894905907204100,neutral,1.3443056344985962,0.6799196600914001,-0.06547074019908905
1403894909854052359,negative,1.8319954872131348,-0.6886904239654541,1.8880856037139893
1403894915277406215,negative,1.1433862447738647,-0.9875897765159607,2.454303503036499
1403894916942598144,negative,0.6064877510070801,-0.1947544515132904,2.2212822437286377
1403894917697581057,positive,1.5012402534484863,4.5175018310546875,-1.0206139087677002
1403894927809990658,negative,1.3847523927688599,-1.2974529266357422,3.046995162963867
1403894976056991745,negative,0.8338198661804199,0.23289930820465088,1.7017583847045898
1403894994239471617,negative,0.6625239849090576,-0.2574937045574188,2.052055835723877
1403895010450362375,negative,0.9481244087219238,0.1373101770877838,1.5040968656539917
1403895031480606721,neutral,1.6135989427566528,-0.1546105146408081,1.4664560556411743
1403895046441734144,neutral,1.5119551420211792,-0.15814462304115295,1.0395376682281494
1403895052389306369,neutral,2.210306167602539,0.05900057405233383,0.8154679536819458
1403895055606239232,neutral,1.8363393545150757,0.09875033050775528,0.6700134873390198
1403895057871220739,negative,1.0849409103393555,0.08979619294404984,1.3830997943878174
1403895058018013184,negative,1.290838599205017,-0.2503894865512848,2.12518310546875
1403895092755107848,negative,1.476698875427246,-0.6894053220748901,2.142860174179077
1403895102792032260,neutral,1.8758665323257446,-0.6610573530197144,1.6928945779800415
1403895104209817606,positive,2.207138776779175,5.371842384338379,-1.2475405931472778
1403895106743062530,negative,1.296755075454712,-1.060136079788208,2.8644747734069824
1403895118009049089,negative,1.8319954872131348,-0.6886903643608093,1.8880854845046997
1403895147826319366,negative,0.9879018664360046,-0.6160861253738403,2.7326114177703857
1403895151823667203,negative,1.6984549760818481,-1.0016103982925415,2.3431055545806885
1403895183985496066,negative,1.2493352890014648,-1.379692554473877,3.8552327156066895
1403895186070163457,negative,0.6022864580154419,-0.6734883785247803,2.049194097518921
1403895189362692098,neutral,1.5793713331222534,-0.7269399166107178,1.2664724588394165
1403895206592794624,neutral,1.8755396604537964,0.012741036713123322,1.3976103067398071
1403895239102767104,negative,0.5923660397529602,-0.8324308395385742,2.9547860622406006
1403895241569193986,negative,1.0864731073379517,-0.46637001633644104,1.171403169631958
1403895250049978369,positive,1.1897073984146118,1.2585341930389404,0.4424995183944702
1403895277208092678,negative,0.4829072058200836,-0.49872031807899475,2.7820024490356445
1403895284707512320,negative,1.0975794792175293,0.14888115227222443,1.9291338920593262
1403895349459128321,negative,1.8319954872131348,-0.6886903643608093,1.8880854845046997
1403895351304589317,negative,0.8032436370849609,-0.4962320029735565,2.4689390659332275
1403895362608189442,neutral,1.678154468536377,-0.46378496289253235,1.2978297472000122
1403895388688420868,negative,1.3971096277236938,-0.24061444401741028,1.6536551713943481
1403895392169775107,negative,1.7328824996948242,-1.3042776584625244,2.756546974182129
1403895398863970305,positive,2.060363531112671,4.388007640838623,-0.9775021076202393
1403895410503028738,negative,0.6955971717834473,-1.2309828996658325,3.5008840560913086
1403895417369251840,negative,1.409840703010559,-0.33863207697868347,1.4598459005355835
1403895419193761792,neutral,1.9401592016220093,-0.1543044149875641,1.5085082054138184
1403895431470456836,neutral,1.5793713331222534,-0.7269399166107178,1.2664724588394165
1403895448910368770,neutral,1.5793713331222534,-0.7269399166107178,1.2664724588394165
1403895463753834498,negative,1.312638521194458,-0.8259211778640747,1.8102606534957886
1403895468128575493,negative,0.7981215715408325,0.06051378697156906,1.6137943267822266
1403895476336795648,neutral,1.5932464599609375,0.026249006390571594,1.3760180473327637
1403895483542634497,negative,1.0816994905471802,-1.1872889995574951,3.060182571411133
1403895492363366401,neutral,1.700257420539856,1.0852375030517578,0.3180006742477417
1403895492975611905,neutral,1.5793713331222534,-0.7269399166107178,1.2664724588394165
1403895499980148736,negative,1.1538069248199463,-0.9982168078422546,2.6636180877685547
1403895523661258756,neutral,1.7111479043960571,-0.7212421894073486,1.4135218858718872
1403895526316257280,neutral,1.4042863845825195,-0.5464742183685303,1.2345918416976929
1403895532364337154,neutral,1.5793713331222534,-0.7269399166107178,1.2664724588394165
1403895543823282180,neutral,1.261297583580017,-0.005994975566864014,1.1933274269104004
1403895552182468608,positive,0.3670096695423126,1.4745101928710938,0.9852346181869507
1403895555353309184,negative,1.4246819019317627,-1.372138261795044,3.458643674850464
1403895573514653697,negative,1.0816994905471802,-1.1872889995574951,3.060182571411133
1403895581680996352,negative,0.6625239849090576,-0.2574937045574188,2.052055835723877
1403895593244794883,neutral,1.270735502243042,0.48917481303215027,0.8832100629806519
1403895609392775174,positive,0.7536510825157166,1.1499321460723877,0.9402421712875366
1403895613784309761,neutral,1.5329430103302002,0.7764390707015991,0.9852695465087891
1403895616548265986,neutral,1.0834834575653076,0.25027814507484436,0.6622215509414673
1403895631660257282,negative,1.8319954872131348,-0.6886903643608093,1.8880854845046997
1403895641072455684,neutral,1.6983321905136108,-0.6091820597648621,1.1027109622955322
1403895678326083587,neutral,1.2769458293914795,0.4749942123889923,0.7395349740982056
1403895682742763525,neutral,1.5418270826339722,1.175138235092163,-0.23093630373477936
1403895700400787459,negative,1.0936970710754395,-0.9966540932655334,2.9458167552948
1403895715198345221,neutral,1.5793713331222534,-0.7269399166107178,1.2664724588394165
1403895727508525056,negative,1.3102445602416992,-0.8728435039520264,2.407193660736084
1403895728477331456,negative,1.197670340538025,-1.3125308752059937,3.3764641284942627
1403895733053386753,neutral,1.261297583580017,-0.005994975566864014,1.1933274269104004
1403895733816901632,neutral,2.5063326358795166,-0.322035014629364,0.9032827615737915
1403895752288579589,neutral,1.5793713331222534,-0.7269399166107178,1.2664724588394165
1403895790347694082,negative,0.6064877510070801,-0.1947544515132904,2.2212822437286377
1403895810060816387,neutral,1.4266241788864136,1.382920503616333,0.8673750162124634
1403895827215523844,negative,0.8538445830345154,-0.5736006498336792,2.148510217666626
1403895857489997827,negative,1.0019906759262085,-1.3597662448883057,3.722046136856079
1403895871452979200,negative,1.5475801229476929,-1.2164849042892456,2.8260159492492676
1403895871725506560,negative,0.9749738574028015,-1.374074101448059,3.801164388656616
1403895873671778305,negative,1.0816996097564697,-1.1872892379760742,3.0601820945739746
1403895880822915075,negative,0.7087255716323853,-0.6398389935493469,1.6179152727127075
1403895898820710400,negative,1.4467198848724365,-1.16270911693573,2.8684396743774414
1403895933029564424,negative,1.3483363389968872,-0.18094640970230103,1.381272554397583
1403895950293147649,negative,1.3375827074050903,-0.5533997416496277,2.3013100624084473
1403896000452775938,neutral,1.3222242593765259,0.10714846104383469,0.9346188306808472
1403896010787614721,negative,1.0135807991027832,-1.0410377979278564,3.5231802463531494
1403896011836334083,negative,1.3245573043823242,-1.3378322124481201,3.288634777069092
1403896055851323398,negative,1.3844319581985474,-0.3067967891693115,1.513474941253662
1403896060012072965,neutral,1.586313009262085,0.40881526470184326,0.7025351524353027
1403896098306076676,negative,0.6625239849090576,-0.2574937045574188,2.052055835723877
1403896121836122113,neutral,2.21160888671875,0.4760114848613739,0.5515738129615784
1403896125975846914,negative,0.949518620967865,-0.7758491039276123,1.9472538232803345
1403896133173211142,negative,1.8319954872131348,-0.6886903643608093,1.8880854845046997
1403896149707214858,negative,1.3665982484817505,-1.248480200767517,3.2736525535583496
1403896161707216899,neutral,1.5793713331222534,-0.7269399166107178,1.2664724588394165
1403896179096801282,negative,1.0229381322860718,-0.9299954175949097,2.466705560684204
1403896188496191488,negative,1.6984549760818481,-1.0016103982925415,2.3431055545806885
1403896210939953153,negative,0.8510072827339172,0.30802056193351746,1.4834654331207275
1403896227901677577,negative,0.6789319515228271,-0.23625695705413818,1.301483392715454
1403896229294227460,neutral,1.7598693370819092,-0.7930311560630798,1.4784767627716064
1403896237430951936,positive,0.9888157248497009,1.5557315349578857,0.21630851924419403
1403896277683904513,negative,0.6064877510070801,-0.1947544515132904,2.2212822437286377
1403896289054527494,neutral,1.9011293649673462,0.3970363438129425,0.5707931518554688
1403896293068525571,neutral,1.8968515396118164,-0.9578208327293396,1.4492120742797852
1403896332809478145,negative,1.4567277431488037,-1.28233802318573,3.274411678314209
1403896337628733448,negative,0.6064877510070801,-0.1947544515132904,2.2212822437286377
1403896348743766016,negative,0.5054430961608887,0.24430260062217712,1.6521894931793213
1403896349007953921,neutral,1.5793713331222534,-0.7269399166107178,1.2664724588394165
1403896349125382147,negative,1.3060024976730347,-0.5152528285980225,1.3491363525390625
1403896361439748098,negative,0.7981216311454773,0.06051379442214966,1.613794207572937
1403896410370547712,negative,0.8817694187164307,-1.1816906929016113,3.269073963165283
1403896447980822528,negative,1.5343143939971924,-0.7225924134254456,1.9196258783340454
1403896467610165248,negative,1.3295400142669678,-1.1189062595367432,2.907135248184204
1403896498807619586,positive,0.23132991790771484,4.073217868804932,-0.6615458726882935
1403896577073287176,negative,1.8319954872131348,-0.6886903643608093,1.8880854845046997
1403896579103367170,negative,1.6712360382080078,-0.8840090036392212,1.8670889139175415
1403896589031149569,neutral,1.669425129890442,-0.2931951582431793,1.214950680732727
1403896600439582721,negative,1.3109796047210693,-0.825782835483551,1.4629288911819458
1403896600594944002,negative,0.6064877510070801,-0.1947544515132904,2.2212822437286377
1403896601173807114,neutral,1.963897705078125,0.6160993576049805,-0.13214029371738434
1403896616046768128,neutral,1.261297583580017,-0.005994975566864014,1.1933274269104004
1403896618760519682,neutral,2.415339469909668,-0.1917424201965332,0.8335347771644592
1403896620459216897,negative,1.4436841011047363,-0.24590259790420532,1.5871723890304565
1403896625467215874,neutral,1.5793713331222534,-0.7269399166107178,1.2664724588394165
1403896639727747072,negative,0.851007342338562,0.30802062153816223,1.483465552330017
1403896654902837250,neutral,1.5793713331222534,-0.7269399166107178,1.2664724588394165
1403896679238078466,negative,0.6064877510070801,-0.1947544515132904,2.2212822437286377
1403896696384282629,negative,1.8319954872131348,-0.6886903643608093,1.8880854845046997
1403896705943212032,neutral,1.5793713331222534,-0.7269399166107178,1.2664724588394165
1403896708229210113,negative,1.0286900997161865,-0.47436949610710144,2.3767197132110596
1403896713555890181,neutral,1.9253677129745483,1.0019062757492065,-0.43688103556632996
1403896719109246977,negative,1.0135807991027832,-1.0410377979278564,3.5231802463531494
1403896745386332163,neutral,1.3589662313461304,0.44974955916404724,1.315967321395874
1403896745793363977,neutral,1.3721344470977783,0.6532161235809326,0.38274675607681274
1403896769763708938,positive,0.3670096695423126,1.4745101928710938,0.9852346181869507
1403896793713217541,negative,0.9370490312576294,0.10833267867565155,1.2715787887573242
1403896795889995782,neutral,3.014975070953369,2.5350301265716553,-0.2867530584335327
1403896797601230853,neutral,1.5119551420211792,-0.15814462304115295,1.0395376682281494
1403896799140536321,negative,1.6804537773132324,-0.9069787263870239,2.488162040710449
1403896799190949889,neutral,1.3222242593765259,0.10714846104383469,0.9346188306808472
1403896801053261829,negative,1.3406521081924438,-0.08689919859170914,1.540121078491211
1403896808133169154,negative,1.3375828266143799,-0.5533997416496277,2.3013100624084473
1403896810498785280,negative,0.9138718843460083,-0.48848381638526917,1.848069429397583
1403896833726763013,negative,0.8801386952400208,-0.11554815620183945,1.807323932647705
1403896839745724418,negative,1.064313292503357,-0.5387066602706909,1.129205584526062
1403896854983577608,negative,1.2570277452468872,-1.3286490440368652,3.371192455291748
1403896870766796806,negative,1.451017141342163,-0.6139258146286011,2.5611462593078613
1403896884322881544,neutral,1.3634593486785889,0.38999831676483154,1.2685208320617676
1403896898621120515,negative,0.9229526519775391,0.22908297181129456,1.1789443492889404
1403896916341972993,negative,0.7981215119361877,0.060513757169246674,1.6137943267822266
1403896960281546755,negative,0.962872326374054,-0.3635685443878174,2.336886405944824
1403896965608390656,negative,0.9698363542556763,0.29500263929367065,1.098090648651123
1403896981009879049,negative,1.67595374584198,-0.5453300476074219,1.723651647567749
1403896997317279747,negative,1.2407218217849731,-0.29710179567337036,1.4139347076416016
1403897030968328192,neutral,1.2778736352920532,-0.15061509609222412,1.0892939567565918
1403897035544162305,negative,1.775712013244629,-1.0613117218017578,2.3412342071533203
1403897050991939584,negative,1.4054948091506958,-1.0646167993545532,3.1079020500183105
1403897051096645636,neutral,1.655644416809082,-0.07829839736223221,1.3657057285308838
1403897056398249984,negative,1.3206480741500854,-0.850599467754364,2.4393742084503174
1403897061448290304,negative,0.9281147122383118,-0.9921543598175049,3.038954257965088
1403897065470677000,neutral,2.0759294033050537,0.7074405550956726,0.06276199966669083
1403897066363899907,neutral,1.609702706336975,-0.02882503718137741,0.7192256450653076
1403897071829012480,neutral,1.8347405195236206,1.6312679052352905,0.08585481345653534
1403897072957280261,negative,0.9807913899421692,-0.9866182804107666,2.3416590690612793
1403897072978255874,negative,1.8319954872131348,-0.6886903643608093,1.8880854845046997
1403897077482987525,negative,1.2273039817810059,-0.8555738925933838,2.132876396179199
1403897095828828167,negative,1.375321865081787,-0.8845599889755249,2.5701277256011963
1403897096462389267,negative,0.727552592754364,-0.7177358865737915,3.080491542816162
1403897110852943874,neutral,1.5793713331222534,-0.7269399166107178,1.2664724588394165
1403897134647111689,negative,0.519818127155304,-0.49920716881752014,2.4328885078430176
1403897147792105472,neutral,1.7544095516204834,1.6884171962738037,0.020651184022426605
1403897147846705158,neutral,2.0759294033050537,0.7074405550956726,0.06276199966669083
1403897150187188224,negative,1.4313567876815796,-0.9491694569587708,2.5885369777679443
1403897152653385729,negative,1.1222789287567139,-0.38768860697746277,1.7616130113601685
1403897172995678212,neutral,1.35896635055542,0.4497496485710144,1.3159674406051636
1403897189869527046,neutral,1.261297583580017,-0.005994975566864014,1.1933274269104004
1403897191387873288,neutral,1.5793713331222534,-0.7269399166107178,1.2664724588394165
1403897199361093632,negative,1.4067714214324951,-0.8414008617401123,1.9746519327163696
1403897211466010627,neutral,1.9253677129745483,1.0019062757492065,-0.43688103556632996
1403897214385233923,neutral,2.3094754219055176,1.0530952215194702,-0.2842894494533539
1403897215769362433,negative,1.3060024976730347,-0.5152528285980225,1.3491363525390625
1403897232395362306,neutral,1.8880032300949097,-0.5205856561660767,1.0231598615646362
1403897238536048642,neutral,2.188491106033325,1.039576768875122,0.12950865924358368
1403897252687630337,negative,1.1301838159561157,-1.2438454627990723,3.428269863128662
1403897254784626689,negative,1.1983821392059326,-1.129818320274353,2.834371328353882
1403897264645361664,neutral,1.5119551420211792,-0.15814462304115295,1.0395376682281494
1403897271805165568,negative,1.4269806146621704,-0.8623963594436646,1.8726412057876587
1403897274464354304,negative,1.1960126161575317,-0.16010338068008423,1.2985910177230835
1403897276917899269,negative,1.303680658340454,-1.0596562623977661,2.2397425174713135
1403897283565998082,negative,1.2915575504302979,-1.1738072633743286,2.7153496742248535
1403897299957288962,negative,1.8319954872131348,-0.6886903643608093,1.8880854845046997
1403897300607324161,negative,1.5484133958816528,-0.9420037865638733,2.6879005432128906
1403897301521686530,negative,0.6064877510070801,-0.1947544515132904,2.2212822437286377
1403897307020419074,negative,0.6729720234870911,-1.2401885986328125,4.18826961517334
1403897311919579142,negative,0.8358345627784729,-1.4765186309814453,4.460613250732422
1403897313093951488,neutral,1.5793713331222534,-0.7269399166107178,1.2664724588394165
1403897313999740931,negative,1.5533860921859741,-0.33446648716926575,1.61454439163208
1403897323470540802,neutral,0.620774507522583,0.10682691633701324,0.15267476439476013
1403897327249678339,negative,0.6064877510070801,-0.1947544515132904,2.2212822437286377
1403897339547467777,negative,0.46579843759536743,-0.486887127161026,2.601393938064575
1403897342353317892,negative,0.6064877510070801,-0.1947544515132904,2.2212822437286377
1403897355523534857,neutral,2.285973310470581,0.5155510306358337,0.18961521983146667
1403897359730462725,negative,1.181948184967041,-0.199363112449646,1.4646636247634888
1403897361999466498,negative,1.6405749320983887,-0.7401299476623535,1.7631340026855469
1403897362116919299,negative,0.9722208380699158,-0.14233452081680298,1.6640169620513916
1403897368022487049,negative,0.8510072827339172,0.3080205023288727,1.483465552330017
1403897372267008000,negative,1.1203352212905884,-0.9615978598594666,2.888404369354248
1403897394387845125,negative,1.6949503421783447,-0.9861211776733398,2.033461809158325
1403897421478965250,neutral,1.5793713331222534,-0.7269399166107178,1.2664724588394165
1403897429670305794,negative,0.6064877510070801,-0.1947544515132904,2.2212822437286377
1403897430945325059,negative,0.6200739741325378,0.7603723406791687,1.004897952079773
1403897436066750465,negative,1.2689073085784912,-0.37897947430610657,1.9975723028182983
1403897442257362944,negative,1.0797420740127563,-0.9399921298027039,2.155930995941162
1403897445021519877,neutral,1.594359278678894,-0.11202619224786758,1.3583968877792358
1403897461735841792,negative,1.1470173597335815,-0.7451046109199524,1.9479883909225464
1403897474608074755,negative,1.6045364141464233,-0.7860743999481201,1.6841745376586914
1403897477820911622,negative,1.9229296445846558,-1.0778453350067139,2.1584291458129883
1403897486465400833,negative,0.2934299111366272,0.9290042519569397,1.1287955045700073
1403897490630397954,negative,0.5240051746368408,0.3933565616607666,2.182255268096924
1403897505142636549,neutral,1.596526026725769,1.0547281503677368,0.26586824655532837
1403897512813944837,negative,0.7375853657722473,-1.0083651542663574,3.1915335655212402
1403897513703219203,negative,1.0680760145187378,0.06690692901611328,1.2261645793914795
1403897527187951618,neutral,1.525217890739441,-0.5502889156341553,1.3919874429702759
1403897538265194499,neutral,1.594359278678894,-0.11202619224786758,1.3583968877792358
1403897548109012992,neutral,1.5793713331222534,-0.7269399166107178,1.2664724588394165
1403897551871303692,negative,0.8275938034057617,-0.41199228167533875,1.856882929801941
1403897552416567297,negative,0.9008051753044128,-0.8444640636444092,2.3947243690490723
1403897564991160320,neutral,1.4605082273483276,-0.36715221405029297,1.2748764753341675
1403897567289647113,neutral,1.2340383529663086,0.5278985500335693,1.1070547103881836
1403897568954830848,neutral,1.5793713331222534,-0.7269399166107178,1.2664724588394165
1403897598507765761,negative,1.1396441459655762,-0.7332450151443481,1.677199125289917
1403897606103703552,negative,1.032246708869934,0.245265930891037,1.0759010314941406
1403897606594564100,positive,1.6055341958999634,2.0870039463043213,0.15926094353199005
1403897625716400130,negative,1.1866860389709473,-0.5622531175613403,2.0000202655792236
1403897649959518209,neutral,1.7434451580047607,-0.2900005578994751,0.97748202085495
1403897652668895234,neutral,1.9842615127563477,-0.638016939163208,1.508884310722351
1403897653348515841,negative,0.7501222491264343,-1.2645446062088013,3.455559492111206
1403897654917095425,neutral,2.6591460704803467,0.3410384953022003,0.14869219064712524
1403897660684263426,neutral,2.134504795074463,-0.5447365045547485,1.0128285884857178
1403897664488366081,neutral,1.594359278678894,-0.11202613264322281,1.3583968877792358
1403897669081174024,negative,0.9458368420600891,0.14858898520469666,1.2105181217193604
1403897670075179011,negative,2.187732696533203,-1.0785166025161743,2.26701021194458
1403897670758850560,neutral,2.2451579570770264,0.003769807517528534,0.7536155581474304
1403897678505951232,neutral,1.3508732318878174,0.7195996046066284,1.0557384490966797
1403897688945463297,neutral,1.606765627861023,0.09451349079608917,0.9916510581970215
1403897696042246147,neutral,1.060950517654419,-0.16582220792770386,0.814936101436615
1403897705898840071,negative,0.851007342338562,0.30802062153816223,1.483465552330017
1403897736605442050,neutral,1.594359278678894,-0.11202619224786758,1.3583968877792358
1403897739939913729,negative,1.372967004776001,-0.48859938979148865,1.6646674871444702
1403897749477670913,negative,1.8078246116638184,-1.1338263750076294,2.286729574203491
1403897763159494663,negative,1.8319954872131348,-0.6886903643608093,1.8880854845046997
1403897770868498433,negative,0.991858184337616,-0.8237991333007812,2.045471429824829
1403897781673095170,neutral,1.7832671403884888,1.2850207090377808,0.0692497119307518
1403897782595854340,negative,1.0042718648910522,0.3321874439716339,1.5105401277542114
1403897788103114763,negative,1.5551265478134155,-1.04179847240448,2.38069748878479
1403897799654088704,neutral,1.9709402322769165,-0.9414215087890625,1.6593576669692993
1403897802510376962,neutral,1.6047885417938232,-0.22599762678146362,0.6783861517906189
1403897811482021890,positive,1.6236895322799683,2.192866325378418,0.2886292636394501
1403897821607120897,negative,1.7070423364639282,-0.7312976717948914,1.9276840686798096
1403897838765895687,negative,1.4067714214324951,-0.8414008617401123,1.9746519327163696
1403897838778556417,negative,1.209367036819458,-0.8525013327598572,2.693270683288574
1403897888875454467,negative,1.1422972679138184,-0.2641996741294861,2.034559726715088
1403897909695811586,negative,0.6064877510070801,-0.19475436210632324,2.2212822437286377
1403897910270562304,negative,1.4242573976516724,-0.25227007269859314,1.5285462141036987
1403897915731546113,negative,1.641344428062439,-0.9752404093742371,2.105151653289795
1403897917568659457,negative,1.3536297082901,-0.9803462624549866,2.495457172393799
1403897924019441667,negative,0.6064877510070801,-0.1947544515132904,2.2212822437286377
1403897924765945856,negative,1.3580915927886963,-1.0147696733474731,2.6493747234344482
1403897930784940033,positive,1.4136241674423218,1.4932339191436768,0.6433250904083252
1403897937411797003,negative,1.8319954872131348,-0.6886904835700989,1.8880854845046997
1403897957058023425,negative,0.851007342338562,0.30802062153816223,1.483465552330017
1403897958819676164,negative,0.6705124974250793,-0.293060302734375,2.56329345703125
1403897968676114434,negative,0.9367197155952454,0.37009572982788086,1.971941590309143
1403897980877361157,negative,1.0593034029006958,-1.0775771141052246,3.1236820220947266
1403897985700933636,neutral,1.606765627861023,0.09451349079608917,0.9916510581970215
1403898004319309824,negative,0.6064877510070801,-0.1947544515132904,2.2212822437286377
1403898009327312896,negative,0.4709984362125397,1.180643081665039,1.1887390613555908
1403898016302522378,negative,0.9117985367774963,-0.12915632128715515,1.7187304496765137
1403898023021711363,negative,0.9804099202156067,-0.6723263263702393,2.6886355876922607
1403898028713385990,neutral,1.5793713331222534,-0.7269399166107178,1.2664724588394165
1403898036078530560,negative,1.559558391571045,-1.011795163154602,2.063237428665161
1403898039371247618,neutral,1.4827388525009155,0.12525606155395508,1.434794545173645
1403898046698692609,neutral,2.3459126949310303,0.5895792245864868,0.6419385075569153
1403898052163866628,negative,1.2977007627487183,-0.7428230047225952,1.4811633825302124
1403898070450966530,neutral,1.949439287185669,0.16555696725845337,1.0648058652877808
1403898095671386112,negative,1.142673134803772,-1.2085427045822144,2.9769511222839355
1403898100402376707,negative,1.181731939315796,-0.6763611435890198,2.2573740482330322
1403898119830507522,negative,0.851007342338562,0.30802062153816223,1.483465552330017
1403898129733222400,negative,1.6329001188278198,-0.9077299237251282,2.212801933288574
1403898141024391169,negative,1.4650520086288452,-0.8342123627662659,2.2313477993011475
1403898154995445763,neutral,2.0228617191314697,-1.0611400604248047,2.0159151554107666
1403898158049021961,negative,0.5373193621635437,0.17845052480697632,1.9194759130477905
1403898162490667008,negative,0.9480118155479431,0.1937934309244156,1.554937481880188
1403898165451837444,neutral,2.0030033588409424,-0.44035109877586365,1.6247997283935547
1403898165783416841,neutral,1.7065469026565552,0.3502190411090851,0.13071228563785553
1403898179792248832,negative,0.9367196559906006,0.37009570002555847,1.971941590309143
1403898190714245120,neutral,1.5793713331222534,-0.7269399166107178,1.2664724588394165
1403898191481823233,neutral,1.0561870336532593,0.43768712878227234,0.8402076959609985
1403898195160178692,negative,1.2948261499404907,0.048706334084272385,1.3638216257095337
1403898197106466821,negative,0.7747171521186829,-0.46415719389915466,2.728771686553955
1403898207680204800,neutral,1.261297583580017,-0.005994975566864014,1.1933274269104004
1403898225937903618,neutral,1.8032225370407104,-0.5792205929756165,0.5037133693695068
1403898227271909380,negative,1.0204068422317505,-0.6526613831520081,2.3184919357299805
1403898227976400903,neutral,1.8273229598999023,0.41322481632232666,0.9183017015457153
1403898249048641538,positive,1.6302980184555054,2.105708360671997,0.13483484089374542
1403898254576820227,negative,1.1686979532241821,0.07422642409801483,1.4259790182113647
1403898255096762369,neutral,1.8061416149139404,0.38550448417663574,0.21000386774539948
1403898259979046914,negative,1.6281001567840576,-0.958626925945282,1.971001386642456
1403898262910914561,negative,0.9448918104171753,-0.3771290183067322,2.255096197128296
1403898262969532417,neutral,2.0290279388427734,0.06094372272491455,1.0682131052017212
1403898282171064322,negative,1.184415340423584,-0.38881754875183105,2.1760973930358887
1403898290165358592,neutral,2.9109089374542236,0.9440732002258301,-0.6063929200172424
1403898295907274755,positive,0.6219968199729919,1.1117900609970093,0.8355953097343445
1403898296230322182,negative,0.936719536781311,0.3700956702232361,1.9719417095184326
1403898305751355396,negative,1.420114278793335,-1.036516785621643,2.4806458950042725
1403898309903798274,negative,0.8133640289306641,-1.26260244846344,3.8549225330352783
1403898358822019075,negative,1.8319954872131348,-0.6886903643608093,1.8880854845046997
1403898369119080448,positive,2.1890716552734375,3.225877046585083,-0.9362327456474304
1403898375506825217,neutral,1.9044620990753174,0.11129644513130188,1.013552188873291
1403898375527751683,negative,1.2689073085784912,-0.37897953391075134,1.9975721836090088
1403898390581170180,negative,1.5533860921859741,-0.33446648716926575,1.61454439163208
1403898393814966273,neutral,1.7615466117858887,0.00722397118806839,1.2322256565093994
1403898395811401731,negative,1.2813559770584106,-1.307267189025879,3.197099208831787
1403898404523053057,negative,1.8319954872131348,-0.6886903643608093,1.8880854845046997
1403898414648074241,negative,1.2609606981277466,-1.0984002351760864,2.7068285942077637
1403898417177268225,negative,0.3425682485103607,-0.7674686908721924,3.2509517669677734
1403898420952190976,negative,1.4383152723312378,-1.0757627487182617,2.5846424102783203
1403898422856454146,negative,0.9348500370979309,0.01801995187997818,1.8888548612594604
1403898428015267840,negative,1.0431631803512573,-1.4267528057098389,4.375818252563477
1403898433966985216,neutral,1.2716115713119507,1.2286654710769653,0.2528490126132965
1403898455727259649,neutral,1.860965609550476,0.12200335413217545,0.9149846434593201
1403898475272568837,neutral,1.9381062984466553,-0.2491944432258606,1.7045271396636963
1403898487167672320,negative,1.1484825611114502,-1.033280611038208,3.1454176902770996
1403898490992926721,negative,0.6731290221214294,-0.5498055219650269,1.916595458984375
1403898494872522757,neutral,2.1251041889190674,0.686848521232605,0.24179580807685852
1403898509854642177,neutral,1.5793713331222534,-0.7269399166107178,1.2664724588394165
1403898516007657473,negative,0.9281147122383118,-0.9921543598175049,3.038954257965088
1403898520382365706,negative,1.384348750114441,-1.0689672231674194,2.656341075897217
1403898558139539457,negative,0.851007342338562,0.30802062153816223,1.483465552330017
1403898584555307009,neutral,1.397775650024414,0.4856763780117035,1.2312142848968506
1403898596630548485,negative,1.156469464302063,-0.18157148361206055,1.6606900691986084
1403898633880178688,negative,0.8801386952400208,-0.11554815620183945,1.807323932647705
1403898639009959936,neutral,1.4278985261917114,0.11681733280420303,1.1293256282806396
1403898644688826368,negative,1.4893490076065063,-0.916219174861908,2.51666522026062
1403898653308178432,negative,1.9596946239471436,-1.1222623586654663,2.3465301990509033
1403898727111315456,negative,0.6064877510070801,-0.1947544515132904,2.2212822437286377
1403898730206707718,positive,0.39504456520080566,0.863180935382843,0.7414530515670776
1403898734308728832,negative,1.8319954872131348,-0.6886903643608093,1.8880854845046997
1403898740478562308,negative,0.6064877510070801,-0.1947544515132904,2.2212822437286377
1403898751354290178,negative,1.7689709663391113,-1.062269926071167,2.0090694427490234
1403898770841116680,negative,1.2181028127670288,-0.9374927878379822,1.9916709661483765
1403898773273780227,neutral,2.3570611476898193,-0.15098708868026733,0.6496877074241638
1403898794329079809,negative,1.368289828300476,-1.2046583890914917,2.705120325088501
1403898828994973696,negative,0.9367196559906006,0.37009570002555847,1.971941590309143
1403898842777542658,negative,1.6599063873291016,-0.8730018138885498,1.7735943794250488
1403898843289120769,negative,1.220036268234253,-0.4752388894557953,1.9283243417739868
1403898845390536704,neutral,1.5119551420211792,-0.15814462304115295,1.0395376682281494
1403898850159513602,negative,1.5000391006469727,-1.3247416019439697,2.859950304031372
1403898881167986688,negative,0.6625239849090576,-0.2574937045574188,2.052055835723877
1403898882292133888,negative,1.8319954872131348,-0.6886903643608093,1.8880854845046997
1403898896775012352,neutral,1.8028678894042969,-0.9844033718109131,1.7753310203552246
1403898897920053248,negative,1.8319954872131348,-0.6886903643608093,1.8880854845046997
1403898901845905408,neutral,1.261297583580017,-0.005994975566864014,1.1933274269104004
1403898912268820482,negative,0.8126643300056458,-0.4578109085559845,2.3198039531707764
1403898925795352578,negative,1.0415312051773071,-0.34543469548225403,1.3789300918579102
1403898983513157647,negative,0.9367196559906006,0.37009570002555847,1.971941590309143
1403899001552969738,negative,1.3245573043823242,-1.3378322124481201,3.288634777069092
1403899004711145472,neutral,1.5868993997573853,0.2118624746799469,1.0842586755752563
1403899006590152704,neutral,1.1747816801071167,1.1637295484542847,0.5203832983970642
1403899024306888707,negative,1.5880801677703857,-0.8353759050369263,1.6590901613235474
1403899057995612173,negative,1.4907225370407104,-1.0235148668289185,2.3097450733184814
1403899094205145090,neutral,1.5793713331222534,-0.7269399166107178,1.2664724588394165
1403899094955823104,positive,1.8924630880355835,3.5512895584106445,-0.7869836688041687
1403899102757232650,negative,0.851007342338562,0.30802062153816223,1.483465552330017
1403899106850840578,negative,1.5401772260665894,-1.4074585437774658,3.313847780227661
1403899110625878018,neutral,1.5793713331222534,-0.7269399166107178,1.2664724588394165
1403899129005101057,negative,1.3102445602416992,-0.8728432655334473,2.407193660736084
1403899171975749632,negative,0.851007342338562,0.30802062153816223,1.483465552330017
1403899174953754630,negative,0.7561266422271729,-1.30684232711792,3.8888938426971436
1403899177780670469,negative,1.384348750114441,-1.0689672231674194,2.656341075897217
1403899182499381251,neutral,1.8393986225128174,-0.992722749710083,1.7838869094848633
1403899192922234881,positive,1.4741106033325195,1.4793081283569336,0.06937821954488754
1403899194633506818,negative,1.3484320640563965,-0.4965050518512726,1.7751853466033936
1403899197405937672,neutral,1.9515314102172852,0.3283570110797882,0.6856496930122375
1403899229312065539,neutral,1.5793713331222534,-0.7269399166107178,1.2664724588394165
1403899233112047620,negative,0.9603448510169983,-0.3855908215045929,2.2446517944335938
1403899251344674819,negative,0.6625239849090576,-0.2574937045574188,2.052055835723877
1403899257170677761,negative,0.851007342338562,0.30802062153816223,1.483465552330017
1403899259016056832,negative,1.8319954872131348,-0.6886903643608093,1.8880854845046997
1403899263076028418,neutral,1.6610701084136963,1.1072131395339966,0.30111634731292725
1403899264116396033,negative,1.8225246667861938,-0.8297498822212219,1.8319483995437622
1403899268084109312,negative,1.3540681600570679,-1.2517800331115723,3.109553813934326
1403899269237510144,neutral,1.8393986225128174,-0.992722749710083,1.7838867902755737
1403899288036405256,negative,1.8319954872131348,-0.6886903643608093,1.8880854845046997
1403899290280464394,negative,1.064028263092041,-0.7580282092094421,2.4734201431274414
1403899321234427905,negative,1.6529057025909424,-1.1539742946624756,2.663329839706421
1403899329807491077,neutral,1.390528917312622,-0.11163575202226639,1.2750271558761597
1403899348262428676,positive,0.11790288984775543,1.5464826822280884,0.3605789542198181
1403899349994721282,neutral,1.4782586097717285,0.18028110265731812,1.382743239402771
1403899357909471232,negative,1.6970425844192505,-1.2138890027999878,2.6480822563171387
1403899360572841985,negative,1.6984549760818481,-1.0016103982925415,2.3431055545806885
1403899364162957318,negative,1.5806984901428223,-1.1094313859939575,2.820308208465576
1403899367673581574,neutral,1.6610701084136963,1.1072131395339966,0.30111634731292725
1403899373684248576,neutral,1.310468316078186,0.16383099555969238,0.4366030693054199
1403899381166657537,neutral,1.90884530544281,-0.3252004384994507,1.3694385290145874
1403899382173478916,negative,1.0584529638290405,-0.09313491731882095,1.78903329372406
1403899433377533953,positive,0.3670096695423126,1.4745101928710938,0.9852346181869507
1403899435126493184,neutral,1.2769510746002197,0.29705336689949036,1.2717831134796143
1403899443779231746,neutral,1.5042355060577393,-0.21647143363952637,1.0435125827789307
1403899446048571392,negative,1.3674241304397583,-0.9440593123435974,2.395839214324951
1403899449458368512,neutral,1.6610701084136963,1.1072131395339966,0.30111634731292725
1403899466894225408,neutral,3.5592892169952393,1.7762404680252075,-1.3050607442855835
1403899469431595008,negative,0.6625239849090576,-0.2574937045574188,2.052055835723877
1403899474460786690,neutral,1.8393986225128174,-0.992722749710083,1.7838869094848633
1403899475324702722,negative,1.8319954872131348,-0.6886903643608093,1.8880854845046997
1403899482417242121,neutral,2.2407336235046387,-0.7023048400878906,1.2706773281097412
1403899483931525120,negative,0.6064877510070801,-0.1947544515132904,2.2212822437286377
1403899489673310208,neutral,1.5517820119857788,1.3915530443191528,0.3119657337665558
1403899494387703810,negative,0.8093510270118713,-0.6511654257774353,2.8230695724487305
1403899502394634243,neutral,1.8393986225128174,-0.992722749710083,1.7838869094848633
1403899527547953157,neutral,1.701947569847107,0.9761289954185486,0.3185432255268097
1403899531419262978,neutral,1.1465786695480347,0.5619203448295593,0.6647515296936035
1403899536842674176,neutral,1.2745963335037231,-0.25065141916275024,0.8925256729125977
1403899561668661250,neutral,1.5793713331222534,-0.7269399166107178,1.2664724588394165
1403899563094773768,negative,1.3348431587219238,-0.3121594488620758,1.4693326950073242
1403899566764793857,negative,0.5218360424041748,-0.9849913716316223,3.154639959335327
1403899571705630728,negative,1.372967004776001,-0.48859938979148865,1.6646674871444702
1403899586171654148,neutral,1.8393986225128174,-0.992722749710083,1.7838869094848633
1403899593423794176,negative,1.6281001567840576,-0.958626925945282,1.971001386642456
1403899593700438021,negative,1.4273121356964111,-0.8860287070274353,2.6482033729553223
1403899594459648002,negative,1.4098408222198486,-0.33863207697868347,1.4598459005355835
1403899615183728641,negative,1.0139738321304321,0.3353297710418701,1.1503227949142456
1403899623136104453,negative,1.1139813661575317,-0.8643996715545654,2.1198441982269287
1403899626642681860,neutral,2.0105388164520264,-0.018421240150928497,0.7066099643707275
1403899632200073218,negative,0.7981216311454773,0.06051379442214966,1.613794207572937
1403899637677821952,neutral,1.8393986225128174,-0.992722749710083,1.7838869094848633
1403899645357604867,negative,0.7254489064216614,-0.7235105037689209,3.360293388366699
1403899665809031169,neutral,1.8393986225128174,-0.992722749710083,1.7838869094848633
1403899669948747779,neutral,1.6610701084136963,1.1072131395339966,0.30111634731292725
1403899670879899653,neutral,1.8393986225128174,-0.992722749710083,1.7838869094848633
1403899677448323077,negative,0.6064877510070801,-0.19475436210632324,2.2212822437286377
1403899681889951745,negative,1.1818337440490723,-0.5166716575622559,1.4938410520553589
1403899696024887299,negative,0.30684447288513184,-0.9748064875602722,3.2619409561157227
1403899729243738113,neutral,1.2871659994125366,0.5506649613380432,1.2829433679580688
1403899736650829831,neutral,2.1511929035186768,-1.1201188564300537,2.053556442260742
1403899749112160259,negative,1.4146233797073364,-0.8949312567710876,2.4667932987213135
1403899750248812545,negative,1.8264240026474,-0.9730798602104187,1.8649427890777588
1403899751356059649,negative,1.3060024976730347,-0.5152528285980225,1.3491363525390625
1403899751632834562,negative,1.8319956064224243,-0.6886904835700989,1.8880856037139893
1403899759249743872,negative,1.3603522777557373,-0.9878343939781189,2.2787997722625732
1403899766208147472,neutral,2.270059823989868,0.44223752617836,0.2900484800338745
1403899782561730562,negative,0.7926993370056152,0.1561114639043808,1.542517066001892
1403899795924688896,neutral,1.6610701084136963,1.1072131395339966,0.30111634731292725
1403899801545023488,neutral,1.1083853244781494,0.8755912184715271,0.5938048958778381
1403899803440873476,negative,0.7561266422271729,-1.30684232711792,3.8888938426971436
1403899821832896515,negative,0.6942545175552368,-0.4601418077945709,2.5113675594329834
1403899824957648896,negative,1.470353126525879,-1.0456477403640747,2.512890577316284
1403899844033495040,neutral,2.240309953689575,-0.6666802167892456,1.223408579826355
1403899852489170955,positive,1.9126056432724,3.9641950130462646,-1.0180925130844116
1403899856402280453,negative,0.4260774552822113,-0.48123523592948914,2.9174530506134033
1403899859472617474,negative,1.8078246116638184,-1.1338263750076294,2.286729574203491
1403899869467529217,negative,1.0550906658172607,-0.26855215430259705,1.9475600719451904
1403899872810577924,neutral,1.2729569673538208,0.8690687417984009,0.1998549848794937
1403899878116319232,neutral,2.045644760131836,0.27165892720222473,0.7690495252609253
1403899898798305282,negative,1.3156054019927979,-0.7744854688644409,2.5193276405334473
1403899901839302658,neutral,1.8393986225128174,-0.992722749710083,1.7838869094848633
1403899910064427008,negative,0.6064877510070801,-0.1947544515132904,2.2212822437286377
1403899910328553473,negative,1.559558391571045,-1.011795163154602,2.063237428665161
1403899913159675906,neutral,1.8878133296966553,0.42211759090423584,0.1276407539844513
1403899948362440704,positive,3.0998618602752686,6.648377895355225,-2.5338945388793945
1403899967857647617,negative,1.3820631504058838,-1.2582367658615112,2.6671855449676514
1403899980134248453,negative,0.8338198661804199,0.23289930820465088,1.7017583847045898
1403900004985622532,negative,0.7082227468490601,-1.088059425354004,3.526045083999634
1403900010723479557,negative,1.4899942874908447,-1.1904056072235107,2.6518466472625732
1403900037042642947,neutral,1.1083852052688599,0.8755910396575928,0.5938050150871277
1403900044491825156,negative,0.851007342338562,0.30802062153816223,1.483465552330017
1403900047968772101,neutral,1.6610701084136963,1.1072131395339966,0.30111634731292725
1403900076905439236,negative,0.6625238656997681,-0.2574937045574188,2.052055835723877
1403900088095809537,negative,1.4899942874908447,-1.1904056072235107,2.6518466472625732
1403900107855056902,negative,1.8062809705734253,-1.0508441925048828,2.2431118488311768
1403900126477836290,negative,0.6064877510070801,-0.1947544515132904,2.2212822437286377
1403900139320741889,neutral,1.6610701084136963,1.1072131395339966,0.30111634731292725
1403900139689758722,neutral,1.655644416809082,-0.07829839736223221,1.3657057285308838
1403900143968129031,negative,0.9259803295135498,-1.1906145811080933,3.260603666305542
1403900153510219784,negative,1.351218581199646,-1.2219058275222778,3.1666808128356934
1403900165002563585,positive,0.8185868263244629,1.1400890350341797,0.2211114913225174
1403900171075952642,neutral,1.5793713331222534,-0.7269399166107178,1.2664724588394165
1403900171612741634,negative,0.6064877510070801,-0.1947544515132904,2.2212822437286377
1403900196040368128,negative,0.6064877510070801,-0.1947544515132904,2.2212822437286377
1403900224909762561,negative,1.4704922437667847,-0.8004468083381653,3.0739872455596924
1403900225647824896,neutral,1.5793713331222534,-0.7269399166107178,1.2664724588394165
1403900242127331329,neutral,1.6610701084136963,1.107213020324707,0.30111631751060486
1403900242194407424,negative,0.8801386952400208,-0.11554815620183945,1.807323932647705
1403900251120017408,neutral,1.7989553213119507,-0.6363723874092102,1.5950775146484375
1403900257981767684,neutral,1.4518072605133057,-0.5708009004592896,1.3409759998321533
1403900268882890752,neutral,1.6063920259475708,-0.41098031401634216,1.2937216758728027
1403900285165129730,negative,0.48328307271003723,-1.1191507577896118,3.080211877822876
1403900285395873794,neutral,1.579371452331543,-0.7269399166107178,1.2664724588394165
1403900285895032854,negative,1.7399988174438477,-1.0477560758590698,2.3836653232574463
1403900289195905031,negative,1.240434169769287,-1.0266364812850952,2.630216121673584
1403900306690301954,negative,0.8338198661804199,0.23289930820465088,1.7017583847045898
1403900327045349378,negative,1.4899942874908447,-1.1904056072235107,2.6518466472625732
1403900343881240578,negative,1.8319954872131348,-0.6886903643608093,1.8880854845046997
1403900349732298752,negative,1.2076300382614136,-0.2371237874031067,1.7724608182907104
1403900350810050568,negative,1.3901399374008179,-1.036620020866394,2.4526193141937256
1403900351309250564,neutral,1.314313530921936,-0.24774721264839172,0.7387520670890808
1403900382343053313,negative,1.8319954872131348,-0.6886903643608093,1.8880854845046997
1403900384796581890,negative,1.2154656648635864,-0.7731640338897705,2.839984178543091
1403900389653553153,neutral,1.9187191724777222,-0.8447026014328003,1.4936760663986206
1403900405260734466,neutral,1.3126981258392334,0.3208797872066498,0.9231254458427429
1403900427762999302,negative,0.7981216311454773,0.06051379442214966,1.613794207572937
1403900432733331457,negative,1.4899942874908447,-1.1904056072235107,2.6518466472625732
1403900436097208328,negative,1.3226301670074463,-1.1389544010162354,2.89406156539917
1403900443239927814,negative,0.9837378263473511,0.3025360107421875,0.990486741065979
1403900466061320192,negative,0.851007342338562,0.30802062153816223,1.483465552330017
1403900476710477829,neutral,1.8682379722595215,1.4946212768554688,0.06295676529407501
1403900479281586180,negative,1.3406522274017334,-0.08689925819635391,1.540121078491211
1403900480305119234,negative,1.2131552696228027,-0.7493830919265747,2.746224880218506
1403900481215283209,positive,1.0180832147598267,2.498757839202881,0.23485365509986877
1403900499221520385,negative,1.6117143630981445,-1.0592012405395508,2.567805290222168
1403900503461793792,negative,1.559558391571045,-1.011795163154602,2.063237428665161
1403900504728555531,negative,1.4540057182312012,-0.9898235201835632,2.5531790256500244
1403900505349312514,negative,1.4899942874908447,-1.1904056072235107,2.6518466472625732
1403900513733672966,negative,1.3519978523254395,-0.6391599774360657,2.1761953830718994
1403900526920704022,neutral,1.9033061265945435,-0.6810184717178345,0.7779514789581299
1403900530313908226,neutral,2.134505033493042,-0.5447365045547485,1.0128284692764282
1403900553332146183,neutral,2.134504795074463,-0.5447365045547485,1.0128285884857178
1403900568008077319,negative,1.8319954872131348,-0.6886903643608093,1.8880854845046997
1403900576514162690,negative,0.923039436340332,-1.2698097229003906,3.890174627304077
1403900577478856704,neutral,2.0459377765655518,-0.3397490382194519,1.2714425325393677
1403900577621360643,neutral,2.134505033493042,-0.5447365641593933,1.0128284692764282
1403900598840442880,negative,1.8319954872131348,-0.6886903643608093,1.8880854845046997
1403900598999666694,positive,0.6935028433799744,6.115477561950684,-1.1210592985153198
1403900606683570177,negative,1.8319954872131348,-0.6886903643608093,1.8880854845046997
1403900629429501964,negative,1.1359553337097168,-1.08339524269104,3.1024675369262695
1403900632981856258,negative,1.4899942874908447,-1.1904056072235107,2.6518466472625732
1403900649708863492,negative,1.4899942874908447,-1.1904056072235107,2.6518466472625732
1403900652879765505,neutral,1.5119551420211792,-0.15814462304115295,1.0395376682281494
1403900661989740547,neutral,1.8702476024627686,-0.26093626022338867,0.7989005446434021
1403900667803049986,neutral,1.706657886505127,0.5848820209503174,0.5366532206535339
1403900669270974464,negative,0.6064877510070801,-0.1947544515132904,2.2212822437286377
1403900680889319425,negative,1.0836902856826782,-0.3978208899497986,1.8230212926864624
1403900690246770689,negative,0.7560080289840698,-0.5058399438858032,1.2584476470947266
1403900709406453766,negative,1.4899942874908447,-1.1904056072235107,2.6518466472625732
1403900713718063104,neutral,1.51844322681427,0.034162674099206924,0.9008608460426331
1403900715446063112,negative,1.0283995866775513,-0.4962212145328522,1.2166332006454468
1403900716796846081,negative,0.6876249313354492,0.02799481898546219,1.232995629310608
1403900726556782598,negative,0.8930374383926392,-1.6087875366210938,4.693980693817139
1403900750963437569,neutral,1.6610701084136963,1.1072131395339966,0.30111634731292725
1403900753719267330,negative,1.071541666984558,-0.8816571235656738,2.473114013671875
1403900756856643588,neutral,1.6803630590438843,-0.8567091822624207,1.512919545173645
1403900767652618242,positive,1.8924628496170044,3.5512895584106445,-0.7869835495948792
1403900768307060736,neutral,1.9504672288894653,-0.7297502160072327,1.871309757232666
1403900770932699136,neutral,1.5119551420211792,-0.15814462304115295,1.0395376682281494
1403900775504486401,negative,1.4899942874908447,-1.1904056072235107,2.6518466472625732
1403900777341595655,neutral,1.8393986225128174,-0.992722749710083,1.7838869094848633
1403900777848991744,neutral,1.8563820123672485,-0.6584678292274475,1.7286256551742554
1403900789727412226,negative,1.4899942874908447,-1.1904056072235107,2.6518466472625732
1403900791237185536,neutral,1.655644416809082,-0.07829839736223221,1.3657057285308838
1403900793846128643,negative,0.9560308456420898,-0.8148655891418457,2.445498466491699
1403900801689407499,neutral,1.6610701084136963,1.1072131395339966,0.30111634731292725
1403900810879070208,negative,1.285825252532959,-1.2960686683654785,3.2348530292510986
1403900820589056001,negative,1.6984549760818481,-1.0016103982925415,2.3431055545806885
1403900829237755904,neutral,2.134504795074463,-0.5447365045547485,1.0128285884857178
1403900831448002560,neutral,1.860965609550476,0.12200335413217545,0.9149846434593201
1403900832743976967,negative,1.3357831239700317,-0.526646077632904,2.1476221084594727
1403900839081627649,neutral,1.701947569847107,0.9761289954185486,0.3185432255268097
1403900840054644739,negative,1.5009589195251465,-1.002794623374939,2.245117664337158
1403900848774672387,neutral,1.7544095516204834,1.6884173154830933,0.020651070401072502
1403900860594278402,negative,0.6043813824653625,-0.21617186069488525,2.0257534980773926
1403900869318299650,neutral,1.8393537998199463,-0.6099103093147278,1.7311372756958008
1403900871247765505,negative,1.7845206260681152,-1.3762712478637695,3.002119779586792
1403900877090398210,negative,0.7561266422271729,-1.30684232711792,3.8888938426971436
1403900882928902144,neutral,1.6610701084136963,1.1072131395339966,0.30111634731292725
1403900888821927942,neutral,2.134504795074463,-0.5447365045547485,1.0128285884857178
1403900902793117696,neutral,1.8758665323257446,-0.6610573530197144,1.6928945779800415
1403900902927372288,negative,1.8319954872131348,-0.6886903643608093,1.8880854845046997
1403900905955618820,neutral,1.0933189392089844,0.5364524126052856,0.808972179889679
1403900946527178754,negative,1.4899942874908447,-1.1904056072235107,2.6518466472625732
1403900948498423814,negative,1.4215081930160522,-0.9388217329978943,2.3014931678771973
1403900965195898881,neutral,1.8968515396118164,-0.9578208327293396,1.4492120742797852
1403900965661597697,negative,0.5286327600479126,-0.6779837608337402,2.849097728729248
1403900985970409477,negative,0.6064878106117249,-0.19475436210632324,2.2212822437286377
1403901040034914309,neutral,1.6610701084136963,1.1072131395339966,0.30111634731292725
1403901049094672386,positive,0.8533082604408264,1.4424391984939575,0.40353667736053467
1403901050348834816,neutral,1.8131927251815796,1.5592000484466553,-0.10447727888822556
1403901053213442058,neutral,1.1975535154342651,0.27226710319519043,1.074607253074646
1403901072918253571,negative,1.6281001567840576,-0.958626925945282,1.971001386642456
1403901078333050880,negative,1.6560747623443604,-0.5500439405441284,2.0467488765716553
1403901090635010050,neutral,1.3501746654510498,-0.07694482058286667,1.1900804042816162
1403901091033403396,negative,0.4615791141986847,1.0485385656356812,1.264858365058899
1403901092157702144,negative,1.36313796043396,-1.3696528673171997,3.2652411460876465
1403901093097054211,neutral,1.6610701084136963,1.1072131395339966,0.30111634731292725
1403901104052711426,negative,1.8319954872131348,-0.6886903643608093,1.8880854845046997
1403901104279199750,positive,0.7769118547439575,1.247076392173767,-0.2225521355867386
1403901118908825606,negative,1.7757117748260498,-1.0613116025924683,2.3412342071533203
1403901123120017410,negative,1.3406521081924438,-0.08689919859170914,1.540121078491211
1403901128589389825,negative,1.206749677658081,-0.2997097373008728,1.6763578653335571
1403901130384498689,neutral,1.594359278678894,-0.11202619224786758,1.3583968877792358
1403901138269872129,negative,0.21050666272640228,0.16855275630950928,0.32583698630332947
1403901150848561152,negative,1.8319954872131348,-0.6886903643608093,1.8880854845046997
1403901155797704706,neutral,1.5354194641113281,-0.30582040548324585,0.8233986496925354
1403901160193347587,neutral,1.6610701084136963,1.1072131395339966,0.30111634731292725
1403901161472671750,neutral,1.5119551420211792,-0.15814462304115295,1.0395376682281494
1403901163158732812,negative,0.9712585210800171,0.6644822359085083,1.1250814199447632
1403901169521549312,neutral,1.594359278678894,-0.11202619224786758,1.3583968877792358
1403901173900451841,negative,1.1231658458709717,-1.0837701559066772,3.2790467739105225
1403901178031845378,neutral,1.2547229528427124,0.12600824236869812,0.9132870435714722
1403901189117317126,neutral,1.5281039476394653,0.07898958027362823,0.3955526649951935
1403901191625449477,neutral,1.6610701084136963,1.1072131395339966,0.30111634731292725
1403901194813132802,neutral,1.6936140060424805,0.03097281977534294,1.1366279125213623
1403901198890160128,positive,1.3837802410125732,1.8529635667800903,0.37364462018013
1403901200706072581,negative,0.8338198661804199,0.23289930820465088,1.7017583847045898
1403901205521354753,neutral,1.261297583580017,-0.005994975566864014,1.1933274269104004
1403901213855293448,negative,1.4899942874908447,-1.1904056072235107,2.6518466472625732
1403901214429962244,negative,0.6064877510070801,-0.1947544515132904,2.2212822437286377
1403901215860084736,neutral,1.5998072624206543,-0.041763968765735626,1.269406795501709
1403901240287711233,negative,1.6482415199279785,-1.0638272762298584,2.058516025543213
1403901247254536194,negative,1.0338975191116333,-0.6200576424598694,1.7620853185653687
1403901249578311684,negative,1.2212551832199097,-0.6399989724159241,2.2472033500671387
1403901262081449984,negative,1.4899942874908447,-1.1904056072235107,2.6518466472625732
1403901268859494408,neutral,2.4585115909576416,1.1559027433395386,-0.14615659415721893
1403901273037066242,neutral,1.5793713331222534,-0.7269399166107178,1.2664724588394165
1403901281429688323,neutral,1.6883840560913086,-0.29049569368362427,0.6418428421020508
1403901289701023753,neutral,0.8450979590415955,-0.2644752860069275,0.2052178531885147
1403901293702303747,neutral,1.5119551420211792,-0.15814462304115295,1.0395376682281494
1403901296177000448,neutral,1.5119550228118896,-0.15814462304115295,1.0395375490188599
1403901304536240129,positive,0.160949245095253,2.093529462814331,0.2197025865316391
1403901325730107396,negative,1.4378947019577026,-0.6709372401237488,2.0111870765686035
1403901337901752321,neutral,1.8393986225128174,-0.992722749710083,1.7838869094848633
1403901342708645891,negative,1.4899942874908447,-1.1904056072235107,2.6518466472625732
1403901345996939267,negative,0.9281147122383118,-0.9921543598175049,3.038954257965088
1403901359674466307,neutral,1.6610701084136963,1.1072131395339966,0.30111634731292725
1403901366494318593,negative,1.2198323011398315,-1.166163444519043,2.960313558578491
1403901380247449605,neutral,1.8393986225128174,-0.992722749710083,1.7838869094848633
1403901384869793792,negative,1.4899942874908447,-1.1904056072235107,2.6518466472625732
1403901401512689668,negative,1.8319954872131348,-0.6886903643608093,1.8880854845046997
1403901405157597194,negative,1.5754503011703491,-0.7768439054489136,1.9432121515274048
1403901406407499781,negative,1.0673854351043701,-1.1866443157196045,3.440960645675659
1403901408521322497,neutral,1.725014090538025,-0.3562730848789215,0.9400525093078613
1403901418730254336,neutral,1.701947569847107,0.9761289954185486,0.3185432255268097
1403901425059569670,negative,1.413173794746399,-1.2881828546524048,3.459063768386841
1403901434047909889,neutral,1.9842615127563477,-0.6380167603492737,1.508884310722351
1403901450749681672,negative,1.4899942874908447,-1.1904056072235107,2.6518466472625732
1403901450854354952,negative,1.6571638584136963,-0.9282284379005432,1.8862416744232178
1403901477035429888,neutral,2.0046279430389404,-0.5798121094703674,1.0355503559112549
1403901487470702594,neutral,1.8005365133285522,-0.29390770196914673,1.457688570022583
1403901489710440450,neutral,1.6610701084136963,1.1072131395339966,0.30111634731292725
1403901490599587843,negative,0.7485999464988708,0.2575679123401642,1.790868878364563
1403901497935417344,negative,0.7981216311454773,0.06051379442214966,1.613794207572937
1403901503023296513,negative,0.6327769756317139,-1.1246395111083984,3.50701642036438
1403901515799142400,negative,0.851007342338562,0.30802062153816223,1.483465552330017
1403901515991969796,neutral,1.791558861732483,-0.31182676553726196,0.9152660369873047
1403901520253313030,neutral,1.4269715547561646,0.7711294293403625,0.3109382092952728
1403901531884331009,negative,1.279739499092102,0.1447061151266098,1.3657803535461426
1403901537177554947,negative,1.4899942874908447,-1.1904056072235107,2.6518466472625732
1403901546417430529,negative,0.4037345349788666,0.6589416861534119,2.183180809020996
1403901552595767296,neutral,1.5119551420211792,-0.15814462304115295,1.0395376682281494
1403901553539420161,negative,1.514209508895874,-0.4383615553379059,1.9218716621398926
1403901566722076674,neutral,1.6610701084136963,1.1072131395339966,0.30111634731292725
1403901590390689795,negative,0.9552146196365356,-0.729328989982605,1.817358374595642
1403901591422394370,neutral,1.5097885131835938,0.08856125921010971,0.8746505379676819
1403901593003646979,neutral,1.5119551420211792,-0.15814462304115295,1.0395376682281494
1403901597336363010,neutral,1.5119551420211792,-0.15814462304115295,1.0395376682281494
1403901604831666179,negative,1.2413649559020996,-1.0019248723983765,2.707026720046997
1403901617066364928,negative,1.0661673545837402,0.17595462501049042,1.5200001001358032
1403901622590140416,neutral,1.9462884664535522,1.0344760417938232,-0.309840589761734
1403901648049643523,negative,1.0676380395889282,-0.3274197280406952,1.8634165525436401
1403901649731559432,neutral,1.6610701084136963,1.107213020324707,0.301116406917572
1403901653917442048,neutral,1.7649953365325928,0.5904327034950256,0.5617753863334656
1403901655892983810,negative,1.1822831630706787,-1.3740323781967163,3.4564695358276367
1403901674494730246,neutral,1.003044605255127,0.2018396556377411,0.5506143569946289
1403901692039643142,neutral,2.3441665172576904,-0.6458860635757446,1.1832321882247925
1403901692148649989,neutral,1.5680185556411743,0.06143645942211151,0.9594322443008423
1403901692702334986,negative,0.6064877510070801,-0.1947544515132904,2.2212822437286377
1403901708326117378,neutral,1.5793713331222534,-0.7269399166107178,1.2664724588394165
1403901719084507140,negative,1.5043431520462036,-0.7631697654724121,2.0489983558654785
1403901722985107456,negative,1.3226301670074463,-1.1389544010162354,2.89406156539917
1403901734217416705,neutral,1.725014090538025,-0.3562730848789215,0.9400525093078613
1403901736599711747,neutral,1.6610701084136963,1.1072131395339966,0.30111634731292725
1403901739288367111,negative,1.4899942874908447,-1.1904056072235107,2.6518466472625732
1403901739607146497,negative,1.4899942874908447,-1.1904056072235107,2.6518466472625732
1403901753427480576,neutral,1.791558861732483,-0.31182676553726196,0.9152660369873047
1403901755193057281,negative,1.2800288200378418,-1.2583459615707397,3.215576171875
1403901757470740481,negative,1.160136342048645,-1.2543022632598877,3.231337785720825
1403901762675691522,neutral,1.6610701084136963,1.1072131395339966,0.30111634731292725
1403901774839398403,negative,1.4899942874908447,-1.1904056072235107,2.6518466472625732
1403901786965123077,positive,0.47484028339385986,1.5094047784805298,0.42233675718307495
1403901788604993540,neutral,1.5793713331222534,-0.7269399166107178,1.2664724588394165
1403901806015438850,neutral,1.6610701084136963,1.107213020324707,0.301116406917572
1403901807647236100,neutral,1.5119551420211792,-0.15814462304115295,1.0395376682281494
1403901808704069637,neutral,1.7673888206481934,-0.32051539421081543,1.5105186700820923
1403901811770155009,negative,1.514209508895874,-0.4383615553379059,1.9218716621398926
1403901814840377355,neutral,1.7429841756820679,0.8104071021080017,0.1279839426279068
1403901827301744640,neutral,1.9682204723358154,0.2987891733646393,0.5963372588157654
1403901829046439941,negative,0.6064877510070801,-0.1947544515132904,2.2212822437286377
1403901839482003458,neutral,1.5119551420211792,-0.15814456343650818,1.0395375490188599
1403901854237528066,negative,1.5034383535385132,-0.8159245252609253,1.9159806966781616
1403901861640482817,negative,1.1599533557891846,-1.0975496768951416,3.0865278244018555
1403901862634573828,negative,0.6064877510070801,-0.1947544515132904,2.2212822437286377
1403901866707140608,neutral,1.4266241788864136,1.382920503616333,0.8673750162124634
1403901867868921867,negative,0.8816941380500793,-0.3688100576400757,1.9405889511108398
1403901878425985029,neutral,1.8702476024627686,-0.26093626022338867,0.7989005446434021
1403901879474692099,neutral,2.3441665172576904,-0.6458860635757446,1.1832321882247925
1403901881005531143,negative,1.6275135278701782,-0.5754228830337524,1.6770994663238525
1403901883240964097,neutral,1.6610701084136963,1.1072131395339966,0.30111634731292725
1403901931978850305,neutral,2.0800983905792236,-0.24662864208221436,1.2003345489501953
1403901944863809538,neutral,1.7429841756820679,0.8104071021080017,0.1279839426279068
1403901949519536130,negative,1.6784929037094116,-0.8449162244796753,1.8727620840072632
1403901992100155398,neutral,1.261297583580017,-0.005994975566864014,1.1933274269104004
1403901997397405701,negative,0.7400240898132324,-0.981105625629425,3.2902066707611084
1403902015365959685,positive,0.9622001647949219,1.1516278982162476,0.5617234706878662
1403902018930941952,neutral,1.6610701084136963,1.1072131395339966,0.30111634731292725
1403902022894559239,neutral,2.2004077434539795,0.03575481101870537,0.8290344476699829
1403902025046298624,neutral,1.7429841756820679,0.8104071021080017,0.1279839426279068
1403902026677850112,negative,1.8319954872131348,-0.6886903643608093,1.8880854845046997
1403902048983150593,negative,1.8319954872131348,-0.6886903643608093,1.8880854845046997
1403902050744750080,negative,1.0984641313552856,-0.27132952213287354,1.85647714138031
1403902056260374533,negative,1.7735563516616821,-1.3565001487731934,3.1809120178222656
1403902070227300361,negative,1.2594592571258545,-1.1850545406341553,3.109036922454834
1403902071053729794,negative,1.4778354167938232,-0.8885836005210876,2.5619075298309326
1403902073863913472,negative,1.7569224834442139,-1.3508491516113281,3.1011316776275635
1403902083007324161,neutral,1.4840266704559326,0.13819774985313416,0.6193143725395203
1403902084697804803,neutral,1.5871104001998901,0.48325860500335693,1.0285478830337524
1403902085838426117,neutral,1.6610701084136963,1.1072131395339966,0.30111634731292725
1403902089034563589,negative,1.196382999420166,-1.1121762990951538,2.9417762756347656
1403902109251031044,neutral,1.482540488243103,-0.16944777965545654,1.0654761791229248
1403902143958949888,neutral,1.6610701084136963,1.1072131395339966,0.30111634731292725
1403902144382656515,negative,1.163639783859253,-0.36868348717689514,2.316709041595459
1403902176464969731,negative,1.4899942874908447,-1.1904056072235107,2.6518466472625732
1403902194802364423,neutral,1.9790256023406982,-0.5212188959121704,1.3251230716705322
1403902206148071435,neutral,1.5871104001998901,0.48325860500335693,1.0285478830337524
1403902215169974275,negative,1.4899942874908447,-1.1904056072235107,2.6518466472625732
1403902222719717378,negative,1.1599533557891846,-1.0975496768951416,3.0865278244018555
1403902226230247425,negative,0.8113284707069397,-1.198968768119812,3.7486376762390137
1403902235759681540,negative,1.4897724390029907,-0.45895329117774963,1.5380555391311646
1403902245985456128,neutral,1.839282512664795,-0.5222089290618896,1.3753975629806519
1403902260250349577,negative,0.851007342338562,0.30802062153816223,1.483465552330017
1403902264679354370,negative,1.3375827074050903,-0.5533997416496277,2.3013100624084473
1403902277757194243,neutral,1.3222242593765259,0.10714846104383469,0.9346188306808472
1403902284459819010,negative,1.8319954872131348,-0.6886903643608093,1.8880854845046997
1403902290491281414,neutral,1.5119551420211792,-0.15814462304115295,1.0395376682281494
1403902295700480000,negative,0.7485998868942261,0.25756797194480896,1.7908687591552734
1403902297063661572,neutral,1.6610701084136963,1.1072131395339966,0.30111634731292725
1403902313668907015,negative,1.4098408222198486,-0.33863207697868347,1.4598459005355835
1403902330366398467,neutral,1.6610701084136963,1.1072131395339966,0.30111634731292725
1403902347793682434,negative,0.13263709843158722,0.26109594106674194,1.4250357151031494
1403902359600783362,negative,1.4899942874908447,-1.1904056072235107,2.6518466472625732
1403902369151156230,negative,1.228021502494812,-1.3232139348983765,3.1997337341308594
1403902380127625219,negative,1.8319954872131348,-0.6886904239654541,1.8880854845046997
1403902412524564482,neutral,1.5793713331222534,-0.7269399166107178,1.2664724588394165
1403902412763455488,negative,1.8319954872131348,-0.6886903643608093,1.8880854845046997
1403902430685712385,negative,0.8499149084091187,0.12660646438598633,1.7222117185592651
1403902439409917956,neutral,1.6610701084136963,1.1072131395339966,0.30111634731292725
1403902442505396224,negative,1.5462180376052856,-1.34727144241333,3.181166410446167
1403902444166332429,neutral,1.5963276624679565,-0.666594386100769,1.1362985372543335
1403902445751779329,negative,0.82110995054245,-1.1065763235092163,3.6806085109710693
1403902445806366722,neutral,1.7429842948913574,0.8104071617126465,0.1279839426279068
1403902453171556355,negative,0.851007342338562,0.30802062153816223,1.483465552330017
1403902453293240320,neutral,0.7721332311630249,-0.35275688767433167,0.6191270351409912
1403902454257782786,positive,0.6000634431838989,3.9848437309265137,0.21340669691562653
1403902454870286336,negative,1.4098408222198486,-0.33863207697868347,1.4598459005355835
1403902469097152515,neutral,1.3143447637557983,-0.5418886542320251,0.9357122778892517
1403902470175133697,neutral,1.6610701084136963,1.1072131395339966,0.30111634731292725
1403902471806803969,negative,1.5063146352767944,-1.193468689918518,2.8778159618377686
1403902480111468549,positive,1.8583006858825684,1.905219316482544,-0.15517032146453857
1403902485144621056,neutral,1.5119551420211792,-0.15814462304115295,1.0395376682281494
1403902485337673738,negative,1.4899942874908447,-1.1904056072235107,2.6518466472625732
1403902504107139075,neutral,1.7429841756820679,0.8104071021080017,0.1279839426279068
1403902511354990592,negative,1.0459444522857666,-1.2963491678237915,3.6321609020233154
1403902512088838146,neutral,1.7673888206481934,-0.32051539421081543,1.5105186700820923
1403902515704307715,negative,1.3761463165283203,-1.1247297525405884,2.78177547454834
1403902533156753413,neutral,1.6610701084136963,1.1072131395339966,0.30111634731292725
1403902533685284872,negative,1.1932861804962158,-0.6525426506996155,1.953947901725769
1403902535384113154,negative,1.0501407384872437,-0.6703749299049377,2.140455722808838
1403902549317595143,negative,0.6064877510070801,-0.1947544515132904,2.2212822437286377
1403902551230189569,neutral,1.3292955160140991,-0.6093763113021851,1.0995969772338867
1403902568997154825,negative,1.3376708030700684,-1.2471803426742554,2.7889366149902344
1403902572474294272,negative,0.6064877510070801,-0.1947544515132904,2.2212822437286377
1403902575938781185,negative,1.4899942874908447,-1.1904056072235107,2.6518466472625732
1403902582800752643,negative,0.9135918021202087,0.8676649332046509,1.1480461359024048
1403902584205758464,negative,1.3180919885635376,-0.921664297580719,2.4558637142181396
1403902584272744451,neutral,1.6610701084136963,1.1072131395339966,0.30111634731292725
1403902584830578694,negative,1.0313048362731934,0.19669762253761292,1.2949150800704956
1403902585396875266,negative,0.9281147122383118,-0.9921543598175049,3.038954257965088
1403902598479028224,neutral,1.5793713331222534,-0.7269399166107178,1.2664724588394165
1403902600437661696,negative,1.4899942874908447,-1.1904056072235107,2.6518466472625732
1403902601452720133,negative,1.437695026397705,-1.257894515991211,3.2810537815093994
1403902615310667781,positive,0.3857477307319641,2.020703077316284,0.15496782958507538
1403902615449186313,negative,0.6546208262443542,-1.3216758966445923,3.87817645072937
1403902616577445888,negative,1.2627450227737427,-0.3222220540046692,1.4798123836517334
1403902638333304839,neutral,1.6324824094772339,-0.4889664947986603,1.5871950387954712
1403902641596506113,neutral,1.5119551420211792,-0.15814462304115295,1.0395376682281494
1403902664677761027,negative,1.617339015007019,-1.2612665891647339,2.747931718826294
1403902677931732993,negative,1.3910268545150757,-1.0873576402664185,2.719356060028076
1403902688257921025,negative,0.3490976393222809,0.5960038304328918,1.4337629079818726
1403902701008789504,negative,0.6625239849090576,-0.2574937045574188,2.052055835723877
1403902715634216960,positive,0.7276381850242615,0.9935929775238037,0.4192599952220917
1403902723448266753,negative,1.0058010816574097,-0.37072035670280457,2.938817024230957
1403902739625697281,neutral,1.698840856552124,0.7096583843231201,0.4692245125770569
1403902744012988416,negative,1.000685214996338,-0.7492291927337646,3.131096363067627
1403902745183150082,neutral,1.917979121208191,0.5398465394973755,0.663597047328949
1403902766339211265,negative,1.4899942874908447,-1.1904056072235107,2.6518466472625732
1403902772064534528,negative,1.6984549760818481,-1.0016103982925415,2.3431055545806885
1403902773742157832,neutral,1.7429841756820679,0.8104071021080017,0.1279839426279068
1403902788082487307,neutral,1.0872291326522827,1.0073754787445068,0.6994708776473999
1403902794789134338,negative,1.8319954872131348,-0.6886903643608093,1.8880854845046997
1403902799021281281,negative,0.6625239849090576,-0.2574937045574188,2.052055835723877
1403902800279576579,negative,1.8078246116638184,-1.1338263750076294,2.286729574203491
1403902802015887362,negative,1.0158668756484985,-0.9998983144760132,2.6019954681396484
1403902821834055688,neutral,1.8393986225128174,-0.992722749710083,1.7838869094848633
1403902836161847296,neutral,1.3433239459991455,0.4472302198410034,0.04009082168340683
1403902854679650304,negative,0.2777225971221924,-0.3026256263256073,2.2022745609283447
1403902859029139459,negative,0.6064877510070801,-0.1947544515132904,2.2212822437286377
1403902903681622020,neutral,1.6610701084136963,1.1072131395339966,0.30111634731292725
1403902919846551552,negative,1.4098408222198486,-0.33863210678100586,1.459845781326294
1403902920043597825,negative,1.3376708030700684,-1.2471803426742554,2.7889366149902344
1403902920257675269,negative,0.8510072827339172,0.30802056193351746,1.4834654331207275
1403902932706160643,neutral,1.5329910516738892,-0.3071904480457306,1.0390536785125732
1403902947109527557,negative,1.2972768545150757,-0.9685104489326477,2.2396576404571533
1403902949768712195,neutral,1.587145447731018,0.27680742740631104,1.0253305435180664
1403902950368448512,negative,1.0568410158157349,-0.9358949065208435,3.281144142150879
1403902955003076609,neutral,1.6610701084136963,1.1072131395339966,0.30111634731292725
1403902959105101824,neutral,2.2004077434539795,0.03575481101870537,0.8290344476699829
1403902969700130817,negative,1.1133906841278076,-0.8652302026748657,2.067450523376465
1403903002134601736,negative,0.6064877510070801,-0.1947544515132904,2.2212822437286377
1403903032320987137,negative,1.7125176191329956,-1.1174260377883911,2.763087034225464
1403903040579588098,negative,0.8761354684829712,0.29197967052459717,1.4357715845108032
1403903042559250436,neutral,1.5119551420211792,-0.15814462304115295,1.0395375490188599
1403903060133384193,negative,1.040833830833435,-0.0902499184012413,1.327071189880371
1403903063933345797,neutral,1.6610701084136963,1.1072131395339966,0.30111634731292725
1403903077879517187,negative,1.2023515701293945,-0.22520935535430908,1.3915621042251587
1403903086343692289,neutral,1.8393986225128174,-0.992722749710083,1.7838869094848633
1403903099283017728,neutral,1.430871605873108,-0.2213420271873474,0.23429930210113525
1403903100495155202,neutral,1.6610701084136963,1.1072131395339966,0.30111634731292725
1403903103066415107,neutral,1.5793713331222534,-0.7269399166107178,1.2664724588394165
1403903103712129024,negative,1.8319954872131348,-0.6886903643608093,1.8880854845046997
1403903121768685576,negative,0.4615791141986847,1.0485385656356812,1.264858365058899
1403903148507418630,negative,1.1844286918640137,-1.2336835861206055,3.249696731567383
1403903163036430337,neutral,1.5963276624679565,-0.666594386100769,1.1362985372543335
1403903168908562432,neutral,1.0347989797592163,0.04617602750658989,0.5773317813873291
1403903176336719873,negative,1.8319954872131348,-0.6886903643608093,1.8880854845046997
1403903177955500033,negative,1.256626844406128,-0.4087594151496887,1.377623200416565
1403903179377438721,negative,0.851007342338562,0.30802062153816223,1.483465552330017
1403903179813621761,negative,1.1506725549697876,-0.28542426228523254,1.9148551225662231
1403903180719656960,neutral,1.7429841756820679,0.8104071021080017,0.1279839426279068
1403903185186656260,negative,0.9376272559165955,0.4084240794181824,1.269993543624878
1403903193986134016,neutral,1.6610701084136963,1.1072131395339966,0.30111634731292725
1403903197022801923,neutral,1.8005365133285522,-0.29390770196914673,1.457688570022583
1403903205625327616,neutral,2.1594817638397217,0.35089024901390076,0.48720407485961914
1403903213603102723,negative,1.8319954872131348,-0.6886903643608093,1.8880854845046997
1403903215448506371,negative,1.3544337749481201,-0.6818623542785645,2.18546724319458
1403903226055954440,negative,1.3900152444839478,-1.101885437965393,2.4188764095306396
1403903258658230277,negative,1.0129727125167847,0.3918602168560028,1.2693722248077393
1403903262391033857,neutral,2.3094754219055176,1.0530952215194702,-0.2842894494533539
1403903274760040450,neutral,1.6610701084136963,1.1072131395339966,0.30111634731292725
1403903313393901571,positive,0.8968387842178345,1.6394555568695068,0.2208254039287567
1403903335221055488,negative,0.6832560300827026,-0.6956453919410706,3.000666856765747
1403903336210780162,negative,1.5214574337005615,-1.2371883392333984,2.8721582889556885
1403903346407358464,neutral,1.5119551420211792,-0.15814462304115295,1.0395376682281494
1403903347137126402,negative,1.4899942874908447,-1.1904056072235107,2.6518466472625732
1403903351473917954,neutral,1.6610701084136963,1.1072131395339966,0.30111634731292725
1403903364098932737,negative,0.6064877510070801,-0.1947544515132904,2.2212822437286377
1403903374236344321,negative,1.3375827074050903,-0.5533997416496277,2.3013100624084473
1403903382818000898,negative,1.4899942874908447,-1.1904056072235107,2.6518466472625732
1403903386982883330,negative,0.7686528563499451,-0.7268742322921753,2.3326656818389893
1403903400157253634,negative,0.8045790791511536,-1.1468784809112549,3.1199705600738525
1403903420919070724,negative,0.3680180311203003,0.32708823680877686,2.1602704524993896
1403903425230737410,neutral,1.3222242593765259,0.10714846104383469,0.9346188306808472
1403903427743154179,neutral,1.555240511894226,0.3489049971103668,0.9265249967575073
1403903441790029825,neutral,1.5119551420211792,-0.15814462304115295,1.0395376682281494
1403903456285532161,negative,0.851007342338562,0.30802062153816223,1.483465552330017
1403903469170331648,negative,0.6064877510070801,-0.1947544515132904,2.2212822437286377
1403903469665370112,neutral,1.5363895893096924,-0.66120445728302,1.0663189888000488
1403903484244594689,neutral,1.3066329956054688,0.2680213153362274,0.915890097618103
1403903532231643138,negative,0.6438930034637451,0.4170621633529663,1.538852572441101
1403903540746014722,neutral,1.6610701084136963,1.1072131395339966,0.30111634731292725
1403903544802037767,neutral,1.5119551420211792,-0.15814462304115295,1.0395376682281494
1403903582986964993,negative,1.3226301670074463,-1.1389544010162354,2.89406156539917
1403903584559767557,negative,0.8801386952400208,-0.11554815620183945,1.807323932647705
1403903586438991873,negative,1.4899942874908447,-1.1904056072235107,2.6518466472625732
1403903589152702464,negative,1.4899942874908447,-1.1904056072235107,2.6518466472625732
1403903602171600898,negative,1.4899942874908447,-1.1904056072235107,2.6518466472625732
1403903611055181827,negative,0.9039216637611389,-0.4869169294834137,2.1663689613342285
1403903631787581443,negative,1.8319954872131348,-0.6886903643608093,1.8880854845046997
1403903633763180545,neutral,1.701947569847107,0.9761289954185486,0.3185432255268097
1403903634132418566,negative,1.8319954872131348,-0.6886903643608093,1.8880854845046997
1403903639362707460,negative,1.8319954872131348,-0.6886903643608093,1.8880854845046997
1403903661474992131,negative,1.8319954872131348,-0.6886903643608093,1.8880854845046997
1403903668538118149,neutral,1.6610701084136963,1.1072131395339966,0.30111634731292725
1403903669058248710,negative,0.8801386952400208,-0.11554815620183945,1.807323932647705
1403903675840352256,neutral,1.5793713331222534,-0.7269399166107178,1.2664724588394165
1403903681729269760,negative,1.8319954872131348,-0.6886903643608093,1.8880854845046997
1403903686825414659,neutral,0.7967739701271057,0.1948554515838623,0.6374348402023315
1403903703313096710,positive,1.4706629514694214,2.1165671348571777,-0.2655871510505676
1403903704835629056,negative,1.279646873474121,-0.6596218943595886,2.000248908996582
1403903708832796676,neutral,1.3569716215133667,-0.5773565769195557,0.9063315987586975
1403903717238317060,neutral,1.9428067207336426,-0.9975117444992065,1.6417404413223267
1403903729217069056,negative,1.5533860921859741,-0.33446648716926575,1.61454439163208
1403903755054026755,neutral,1.6610701084136963,1.1072131395339966,0.30111634731292725
1403903759583899652,negative,1.1767634153366089,-0.3473936915397644,1.9393324851989746
1403903763568422918,negative,1.8319954872131348,-0.6886903643608093,1.8880854845046997
1403903771743301632,neutral,1.5793713331222534,-0.7269399762153625,1.266472578048706
1403903783093080070,neutral,1.5119551420211792,-0.15814462304115295,1.0395376682281494
1403903786897141763,neutral,1.6610701084136963,1.1072131395339966,0.30111634731292725
1403903791179706372,neutral,1.5119551420211792,-0.15814462304115295,1.0395376682281494
1403903793465548801,neutral,1.5011366605758667,-0.21034619212150574,0.6694697737693787
1403903799366873094,negative,1.5253450870513916,-0.5285704135894775,2.938629150390625
1403903807222804481,negative,0.2536203861236572,-0.8734943866729736,2.8864457607269287
1403903814667702274,negative,0.6975740790367126,-0.4395071566104889,1.0480483770370483
1403903824641679365,negative,1.4526443481445312,-1.1119368076324463,2.6492598056793213
1403903830383681540,negative,1.420114278793335,-1.036516785621643,2.4806458950042725
1403903832430497792,neutral,1.6610701084136963,1.1072131395339966,0.30111634731292725
1403903836314537989,neutral,1.9468704462051392,-0.10102028399705887,0.15525032579898834
1403903842249551875,negative,1.4899942874908447,-1.1904056072235107,2.6518466472625732
1403903845852495873,positive,0.36700960993766785,1.4745101928710938,0.9852346777915955
1403903848889020420,neutral,1.8347405195236206,1.6312679052352905,0.08585481345653534
1403903851871326212,negative,1.4899942874908447,-1.1904054880142212,2.6518466472625732
1403903873660559363,positive,0.18603172898292542,1.5707188844680786,0.505051851272583
1403903875988348928,negative,0.6280758380889893,0.539176881313324,0.9535609483718872
1403903884213383168,negative,1.5533860921859741,-0.33446648716926575,1.61454439163208
1403903886037905412,negative,0.7720039486885071,-0.49776700139045715,2.2884552478790283
1403903891222056961,negative,1.8319954872131348,-0.6886903643608093,1.8880854845046997
1403903899178729474,neutral,1.5868993997573853,0.2118624746799469,1.0842586755752563
1403903901145853957,neutral,1.6610701084136963,1.1072131395339966,0.30111634731292725
1403903908892844033,negative,1.6281001567840576,-0.958626925945282,1.971001386642456
1403903920133443589,neutral,2.679105520248413,0.37179338932037354,0.04542137309908867
1403903921047883781,neutral,1.5119551420211792,-0.15814462304115295,1.0395376682281494
1403903922700492804,negative,0.851007342338562,0.30802062153816223,1.483465552330017
1403903930313023492,neutral,1.9893418550491333,0.9113278985023499,0.2564208507537842
1403903946251554816,negative,0.8510072231292725,0.3080205023288727,1.4834654331207275
1403903950810619908,neutral,1.6610701084136963,1.1072131395339966,0.30111634731292725
1403903965868163072,neutral,1.8702476024627686,-0.26093626022338867,0.7989005446434021
1403903994733400068,neutral,1.5845263004302979,0.0737033411860466,1.0733600854873657
1403903995056254984,negative,1.4907225370407104,-1.0235148668289185,2.3097448348999023
1403903995114975235,neutral,1.6610701084136963,1.1072131395339966,0.30111634731292725
1403904004640415748,negative,1.4899942874908447,-1.1904056072235107,2.6518466472625732
1403904019576156161,negative,1.5433638095855713,-0.810195803642273,1.982413649559021
1403904035476803587,neutral,1.6610701084136963,1.1072131395339966,0.30111634731292725
1403904045543137283,neutral,1.7070740461349487,-0.5794386267662048,1.4631308317184448
1403904057824059394,neutral,1.6610701084136963,1.1072131395339966,0.30111634731292725
1403904064425975816,negative,1.2960948944091797,-0.5566555261611938,1.345025658607483
1403904081500979200,neutral,2.9422781467437744,1.241348385810852,-0.5884187817573547
1403904082759221255,positive,1.5502138137817383,2.3060808181762695,0.6770747303962708
1403904093945577474,negative,1.8319954872131348,-0.6886903643608093,1.8880854845046997
1403904099934904321,neutral,1.6610701084136963,1.1072131395339966,0.30111634731292725
1403904102564655105,negative,1.1800107955932617,-0.6741145253181458,1.9036786556243896
1403904106389979138,negative,0.8510071635246277,0.30802053213119507,1.4834656715393066
1403904118478065665,negative,0.9492437839508057,-0.2815024256706238,1.58148992061615
1403904147343151105,negative,0.8510072231292725,0.30802059173583984,1.483465552330017
1403904150975528964,neutral,1.8393985033035278,-0.992722749710083,1.7838869094848633
1403904160848781319,negative,1.3226301670074463,-1.1389544010162354,2.89406156539917
1403904198647894016,negative,0.9392079710960388,-1.1792980432510376,3.2645249366760254
1403904215316008967,neutral,1.6610701084136963,1.1072131395339966,0.30111637711524963
1403904235222220801,negative,1.7125176191329956,-1.1174260377883911,2.763087034225464
1403904236086349830,negative,1.6984549760818481,-1.0016103982925415,2.3431055545806885
1403904257141592065,neutral,1.6610701084136963,1.1072131395339966,0.30111634731292725
1403904272228503554,neutral,2.2211341857910156,0.6692919135093689,0.050161879509687424
1403904273591590912,negative,0.9118518829345703,-1.3006947040557861,3.539362907409668
1403904278373158916,neutral,1.6610701084136963,1.1072131395339966,0.30111634731292725
1403904284723318785,neutral,1.5793713331222534,-0.7269399166107178,1.2664724588394165
1403904287416012801,negative,1.6761757135391235,-0.9260552525520325,1.9183745384216309
1403904298266906624,neutral,1.5119551420211792,-0.15814462304115295,1.0395376682281494
1403904306487521280,neutral,1.6610701084136963,1.1072131395339966,0.30111634731292725
1403904317019410438,neutral,1.9818129539489746,0.3019394874572754,0.7379728555679321
1403904335671697408,neutral,1.3700425624847412,0.38081836700439453,1.1555025577545166
1403904336132939779,neutral,1.6118195056915283,0.9820611476898193,0.3788498640060425
1403904340352327681,negative,0.4615791141986847,1.0485385656356812,1.264858365058899
1403904344987217920,negative,1.34392511844635,-0.24809929728507996,1.5345219373703003
1403904347105218564,negative,1.6433842182159424,-0.8264895081520081,2.084144115447998
1403904352134348800,negative,1.173592209815979,-0.9210066199302673,2.4163146018981934
1403904360426348549,neutral,1.6610701084136963,1.1072131395339966,0.30111634731292725
1403904366336225284,negative,1.2317674160003662,-1.256832480430603,3.720179557800293
1403904371507802116,negative,0.8021603226661682,0.7223336100578308,1.1467523574829102
1403904381758570499,negative,1.7954567670822144,-1.034680724143982,2.1912872791290283
1403904393934622721,negative,0.9835545420646667,-0.7465829253196716,1.7636902332305908
1403904395809538050,negative,1.4899942874908447,-1.1904056072235107,2.6518466472625732
1403904412603404290,negative,1.5034383535385132,-0.8159245252609253,1.9159806966781616
1403904413299740673,neutral,1.542234182357788,-0.09218711405992508,1.4543088674545288
1403904415262601220,negative,1.360608458518982,-0.7500168681144714,1.8626930713653564
1403904421398937601,negative,1.5384694337844849,-0.8069982528686523,2.4100427627563477
1403904427040325634,negative,0.6064877510070801,-0.1947544515132904,2.2212822437286377
1403904428357214210,negative,1.6633116006851196,-1.1578729152679443,2.448793888092041
1403904430332841984,neutral,1.8393986225128174,-0.992722749710083,1.7838869094848633
1403904431687622660,negative,1.3376708030700684,-1.2471803426742554,2.7889366149902344
1403904441825304576,negative,1.1010273694992065,-1.3230983018875122,3.405783176422119
1403904445277110273,neutral,1.701947569847107,0.9761289954185486,0.3185432255268097
1403904448640913414,positive,0.8884022235870361,1.7107982635498047,0.1577099859714508
1403904460536041472,negative,1.4527512788772583,-1.1920756101608276,3.027578592300415
1403904473013973004,neutral,1.7429841756820679,0.8104071021080017,0.1279839426279068
1403904474171777028,neutral,1.5119551420211792,-0.15814462304115295,1.0395376682281494
1403904481029414913,neutral,1.8949928283691406,-0.12364291399717331,0.6455853581428528
1403904486188281859,neutral,1.6610701084136963,1.1072131395339966,0.30111634731292725
1403904508045017089,neutral,2.134504795074463,-0.5447365045547485,1.0128285884857178
1403904513275203588,neutral,1.5793713331222534,-0.7269399166107178,1.2664724588394165
1403904513778470914,neutral,1.6610701084136963,1.1072131395339966,0.30111634731292725
1403904529700069376,negative,1.2463886737823486,-0.13816803693771362,1.6236042976379395
1403904533000966145,neutral,1.5868993997573853,0.2118624746799469,1.0842586755752563
1403904536280928257,negative,1.8319954872131348,-0.6886903643608093,1.8880854845046997
1403904556849786880,negative,1.8319954872131348,-0.6886903643608093,1.8880854845046997
1403904557617270791,neutral,2.214038372039795,-0.8095167875289917,0.9243320226669312
1403904561979461633,neutral,1.5119551420211792,-0.15814462304115295,1.0395376682281494
1403904565691371522,negative,1.4616793394088745,-0.5838862657546997,2.2183315753936768
1403904567209717766,negative,1.2868623733520508,-0.614142119884491,2.1455843448638916
1403904588147744779,negative,1.3226301670074463,-1.1389544010162354,2.89406156539917
1403904591041757189,neutral,1.8005365133285522,-0.29390770196914673,1.457688570022583
1403904591679397891,neutral,1.7429841756820679,0.8104071021080017,0.1279839426279068
1403904607676518400,negative,0.851007342338562,0.30802062153816223,1.483465552330017
1403904610184699916,negative,1.6984549760818481,-1.0016103982925415,2.3431055545806885
1403904613493866498,negative,1.4098408222198486,-0.33863207697868347,1.4598459005355835
1403904627687362564,neutral,1.6610701084136963,1.1072131395339966,0.30111634731292725
1403904633442033670,negative,0.851007342338562,0.30802062153816223,1.483465552330017
1403904637040619527,negative,1.5870532989501953,-1.1497581005096436,2.7958216667175293
1403904645249081345,negative,0.851007342338562,0.30802062153816223,1.483465552330017
1403904646280667144,negative,1.2273039817810059,-0.8555738925933838,2.132876396179199
1403904648503652354,negative,1.3376708030700684,-1.2471803426742554,2.7889368534088135
1403904648944099329,neutral,1.542234182357788,-0.09218711405992508,1.4543088674545288
1403904662445727744,neutral,1.8393986225128174,-0.992722749710083,1.7838869094848633
1403904671752679428,neutral,1.5793713331222534,-0.7269399166107178,1.2664724588394165
1403904674911162372,negative,1.2291154861450195,-0.8839080929756165,2.21614670753479
1403904675586449410,neutral,1.5119551420211792,-0.15814462304115295,1.0395376682281494
1403904681525477378,negative,0.7981216311454773,0.06051379442214966,1.613794207572937
1403904704950714368,negative,1.8319954872131348,-0.6886903643608093,1.8880854845046997
1403904712349347845,negative,0.9219200611114502,-0.587627112865448,2.0543882846832275
1403904742250532867,neutral,1.6610701084136963,1.107213020324707,0.30111637711524963
1403904743718653953,negative,1.257774829864502,-0.7314738631248474,1.5601269006729126
1403904752744910849,negative,0.8542976975440979,-0.7636527419090271,1.7970913648605347
1403904756611903490,negative,1.4067714214324951,-0.8414008617401123,1.9746519327163696
1403904762161123328,neutral,1.4695007801055908,-0.5333437323570251,1.440571904182434
1403904763956244484,neutral,1.5793713331222534,-0.7269399166107178,1.2664724588394165
1403904779852652546,negative,1.146775484085083,-0.28076356649398804,1.7257195711135864
1403904789268815872,neutral,1.6466914415359497,-0.7679462432861328,1.4125875234603882
1403904790254526466,negative,1.8319954872131348,-0.6886903643608093,1.8880854845046997
1403904792821383171,negative,0.4992876946926117,-0.9448320269584656,4.1317267417907715
1403904807241490440,negative,1.3284180164337158,-0.6804317235946655,2.016347646713257
1403904808235458563,negative,0.9084426164627075,-0.6334078311920166,2.2166056632995605
1403904829626351619,negative,0.851007342338562,0.30802062153816223,1.483465552330017
1403904841030766593,neutral,1.1997044086456299,1.1854002475738525,0.7423455715179443
1403904846848303111,neutral,2.0084595680236816,0.13586188852787018,0.6524752378463745
1403904854351704069,negative,1.209215760231018,-1.317882776260376,3.450209856033325
1403904855069110273,negative,0.851007342338562,0.30802062153816223,1.483465552330017
1403904859946962950,negative,0.6476230621337891,-0.5864009261131287,3.035449743270874
1403904868134359040,positive,2.1793630123138428,2.5825912952423096,-0.42627468705177307
1403904868784304133,neutral,1.6610701084136963,1.1072131395339966,0.30111634731292725
1403904876787212288,neutral,1.649889588356018,-0.6570024490356445,1.1470506191253662
1403904889105772553,negative,1.559558391571045,-1.011795163154602,2.063237428665161
1403904906147336200,neutral,1.5793713331222534,-0.7269399166107178,1.2664724588394165
1403904907808182276,negative,1.2852373123168945,-0.3236016035079956,1.5145353078842163
1403904918587691009,negative,1.021576166152954,0.2509153187274933,1.8066521883010864
1403904931027898368,negative,0.6625239849090576,-0.2574937045574188,2.052055835723877
1403904931493466121,negative,1.8319954872131348,-0.6886903643608093,1.8880854845046997
1403904943300354050,negative,0.8407993912696838,-0.09529652446508408,2.397712469100952
1403904948643852292,neutral,1.6610701084136963,1.1072131395339966,0.30111634731292725
1403904956223066119,negative,1.291999340057373,-0.9635716080665588,2.4347949028015137
1403904962237800451,negative,1.4158234596252441,-0.5568158626556396,1.714924931526184
1403904962241912838,negative,1.559319019317627,-0.3253045678138733,2.010645866394043
1403904972589256710,neutral,1.6610701084136963,1.1072131395339966,0.30111634731292725
1403904990448603139,negative,1.136928677558899,-0.3688780963420868,1.9285566806793213
1403905002930900994,negative,0.8650627732276917,0.08075352758169174,1.3595168590545654
1403905007888474118,positive,0.5225868225097656,1.5447698831558228,-0.17317728698253632
1403905010648322050,positive,1.1501017808914185,1.2516297101974487,0.02973598800599575
1403905011646713859,neutral,1.7615466117858887,0.00722397118806839,1.2322256565093994
1403905016092450821,negative,0.851007342338562,0.30802062153816223,1.483465552330017
1403905029602381830,negative,1.1124334335327148,-1.1397976875305176,3.066561460494995
1403905038381203463,negative,0.6064877510070801,-0.1947544515132904,2.2212822437286377
1403905041623228419,negative,0.7485999464988708,0.25756797194480896,1.790868878364563
1403905055032418312,positive,0.8932642936706543,1.3689587116241455,0.4939141273498535
1403905064805277700,negative,0.851007342338562,0.30802062153816223,1.483465552330017
1403905066591993858,negative,1.8319954872131348,-0.6886903643608093,1.8880854845046997
1403905070383632387,negative,1.8319954872131348,-0.6886903643608093,1.8880856037139893
1403905085353213953,negative,1.329893708229065,-1.4888640642166138,3.6555981636047363
1403905089065021447,negative,0.7948572635650635,-1.224118947982788,3.748779296875
1403905094039396357,negative,1.420371651649475,-1.0445895195007324,2.111797571182251
1403905121776332810,neutral,1.6610701084136963,1.1072131395339966,0.30111634731292725
1403905128193740805,negative,1.8319954872131348,-0.6886903643608093,1.8880854845046997
1403905144584998914,neutral,2.0677454471588135,0.5127604603767395,0.4782150089740753
1403905160493944832,neutral,1.7757489681243896,0.05127819627523422,0.965411365032196
1403905163908292613,negative,0.9137811064720154,-1.1214216947555542,3.630765914916992
1403905164189356034,negative,1.098024606704712,-0.2705850899219513,2.180972099304199
1403905167003586564,neutral,1.6878749132156372,-0.32693082094192505,1.4614369869232178
1403905169985871872,negative,1.1023311614990234,0.008115865290164948,1.142454981803894
1403905175388000263,neutral,1.6610701084136963,1.1072131395339966,0.30111634731292725
1403905178374488070,neutral,1.5793713331222534,-0.7269399166107178,1.2664724588394165
1403905192836411394,neutral,1.594359278678894,-0.11202619224786758,1.3583968877792358
1403905195688423430,negative,1.318774700164795,0.3512439727783203,1.722121238708496
1403905207600357376,negative,0.851007342338562,0.30802062153816223,1.483465552330017
1403905208661413888,neutral,1.6610701084136963,1.1072131395339966,0.30111634731292725
1403905211962322945,positive,0.3886367976665497,1.027956247329712,0.9961042404174805
1403905237090455556,negative,1.1161835193634033,-1.14473295211792,3.2768383026123047
1403905254589190146,neutral,1.3003982305526733,1.2755054235458374,-0.12935546040534973
1403905257663463430,negative,1.4067714214324951,-0.8414008617401123,1.9746519327163696
1403905265288679429,neutral,1.7429841756820679,0.8104071021080017,0.1279839426279068
1403905269650833418,neutral,1.701947569847107,0.9761289954185486,0.3185432255268097
1403905283932438530,neutral,1.5793713331222534,-0.7269399166107178,1.2664724588394165
1403905287870877700,negative,0.851007342338562,0.30802062153816223,1.483465552330017
1403905307684884482,neutral,2.0320892333984375,0.2739048898220062,0.5600669980049133
1403905311778299904,neutral,1.2657784223556519,0.9507430195808411,0.3338220417499542
1403905322863927296,negative,1.8319954872131348,-0.6886903643608093,1.8880854845046997
1403905328513622020,neutral,1.6610701084136963,1.1072131395339966,0.30111634731292725
1403905359824052229,neutral,1.6610701084136963,1.1072131395339966,0.30111634731292725
1403905364270075906,neutral,1.8886463642120361,-0.5863655805587769,1.6760754585266113
1403905370909724675,negative,1.2434754371643066,-1.1028250455856323,2.6502292156219482
1403905375158648833,negative,1.2856184244155884,-0.45309117436408997,1.875770092010498
1403905382737530884,neutral,1.5868993997573853,0.2118624746799469,1.0842586755752563
1403905391780458501,neutral,1.5088123083114624,0.7472410798072815,0.3693426251411438
1403905393584132102,negative,1.3226301670074463,-1.1389544010162354,2.89406156539917
1403905397749059584,neutral,2.405301094055176,0.7236658930778503,0.11703560501337051
1403905401746296835,negative,1.3502719402313232,-0.10678563266992569,1.5112371444702148
1403905419920150532,negative,0.1781124770641327,-0.0980764701962471,1.586329698562622
1403905431546761216,negative,0.8338198661804199,0.23289930820465088,1.7017583847045898
1403905439721525253,neutral,1.5793713331222534,-0.7269399166107178,1.2664724588394165
1403905447233531908,neutral,1.594359278678894,-0.11202619224786758,1.3583968877792358
1403905458499325960,neutral,1.8968515396118164,-0.9578208327293396,1.4492120742797852
1403905464300048390,neutral,1.767635703086853,0.8950883150100708,0.31226450204849243
1403905467391352833,neutral,2.1013989448547363,-0.4210796058177948,1.4057486057281494
1403905470318870528,negative,0.6893619298934937,-1.1996229887008667,3.8487536907196045
1403905474530000900,neutral,1.5807478427886963,-0.42305514216423035,0.9983769059181213
1403905487364628486,neutral,1.594359278678894,-0.11202619224786758,1.3583968877792358
1403905491344891905,neutral,1.794324517250061,-0.39881160855293274,1.524038553237915
1403905503160270849,negative,1.514209508895874,-0.4383615553379059,1.9218716621398926
1403905510378663938,neutral,1.6610701084136963,1.1072131395339966,0.30111634731292725
1403905514447282176,neutral,1.610185980796814,-0.6142540574073792,0.8331156373023987
1403905523024494595,neutral,1.6902124881744385,-0.7310171723365784,1.5141955614089966
1403905525713195010,negative,0.6064877510070801,-0.1947544515132904,2.2212822437286377
1403905528753963008,neutral,1.9721077680587769,-0.5916928648948669,1.4061453342437744
1403905541169041412,positive,2.7161455154418945,5.077417850494385,-1.5541878938674927
1403905556222558209,neutral,1.5186537504196167,-0.7065565586090088,1.284423828125
1403905558730600448,neutral,1.6610701084136963,1.1072131395339966,0.30111634731292725
1403905560936861698,negative,1.1481459140777588,-1.182523250579834,3.1245787143707275
1403905563839193092,negative,1.0733822584152222,0.015992455184459686,1.3791495561599731
1403905572991213570,neutral,2.14377760887146,-0.734054684638977,1.533414363861084
1403905590712147977,negative,1.279646873474121,-0.6596218943595886,2.000248908996582
1403905594340171778,negative,0.4615791141986847,1.0485385656356812,1.264858365058899
1403905596836003841,negative,1.6978535652160645,-1.1880648136138916,2.7025985717773438
1403905597033127936,neutral,1.700257420539856,1.0852375030517578,0.3180006742477417
1403905601936183298,neutral,1.4989970922470093,-0.5647808909416199,1.248963475227356
1403905604037451778,neutral,2.7449042797088623,1.3536021709442139,-0.5511608719825745
1403905608961593346,negative,1.2456401586532593,-1.073150873184204,2.842823028564453
1403905626145763334,negative,1.4425315856933594,-1.0011810064315796,2.329237222671509
1403905639638704134,negative,1.293219804763794,-1.369701623916626,3.796677589416504
1403905642063089665,negative,1.2016736268997192,-1.3604799509048462,3.7320306301116943
1403905651563143168,neutral,2.679105520248413,0.37179338932037354,0.04542137309908867
1403905660492730369,negative,0.851007342338562,0.30802062153816223,1.483465552330017
1403905664020357120,negative,1.0532729625701904,-0.5027942061424255,2.289698362350464
1403905668646531072,negative,1.6978535652160645,-1.1880648136138916,2.7025985717773438
1403905690226204675,neutral,1.2998101711273193,0.10407420992851257,0.3488348424434662
1403905693279719427,negative,0.6005630493164062,-0.03164694458246231,1.6757049560546875
1403905700439363584,negative,1.4899942874908447,-1.1904056072235107,2.6518466472625732
1403905708949639168,negative,1.0135807991027832,-1.0410377979278564,3.5231802463531494
1403905713362112518,negative,1.0058828592300415,-1.3123762607574463,4.009227275848389
1403905718906880005,negative,1.8319954872131348,-0.6886903643608093,1.8880854845046997
1403905721251606529,negative,0.6175587773323059,0.1748710721731186,1.5016616582870483
1403905730089046017,negative,1.4897724390029907,-0.45895329117774963,1.5380555391311646
1403905738590748679,negative,1.279646873474121,-0.6596218943595886,2.000248908996582
1403905749487521796,negative,1.5870532989501953,-1.149758219718933,2.79582142829895
1403905764301889539,negative,1.4636417627334595,-0.8151233792304993,2.0517406463623047
1403905772275257353,negative,1.6984548568725586,-1.0016103982925415,2.3431053161621094
1403905772757659649,negative,1.8319954872131348,-0.6886903643608093,1.8880854845046997
1403905777597771782,negative,0.34204787015914917,-0.9348426461219788,3.008387327194214
1403905778361196547,negative,0.9817186594009399,-1.131283164024353,3.388235569000244
1403905781141999616,neutral,1.696049690246582,-0.7333489060401917,1.2063852548599243
1403905783780155400,neutral,2.086672067642212,0.637077808380127,0.5253390073776245
1403905787458555907,neutral,1.9893418550491333,0.9113278985023499,0.2564208507537842
1403905791116124161,neutral,1.6936140060424805,0.03097281977534294,1.1366279125213623
1403905791904604163,negative,1.2998687028884888,-0.5257214903831482,1.8014206886291504
1403905810770583553,negative,0.9132003784179688,-0.65791916847229,2.713191032409668
1403905829347201027,negative,0.24326711893081665,1.1190696954727173,1.1890166997909546
1403905844803084297,neutral,1.5793713331222534,-0.7269399166107178,1.2664724588394165
1403905846690693123,negative,0.9828267097473145,-0.1452641487121582,1.2681628465652466
1403905847814770692,negative,1.8319954872131348,-0.6886903643608093,1.8880854845046997
1403905860653436932,negative,0.8105258345603943,0.13051970303058624,2.2704548835754395
1403905869276880897,negative,1.7757117748260498,-1.0613116025924683,2.3412342071533203
1403905886918172674,negative,1.8062809705734253,-1.0508441925048828,2.2431118488311768
1403905920950620160,negative,1.0946474075317383,-1.1039867401123047,3.338918447494507
1403905921370181638,negative,1.2571240663528442,-0.5462281703948975,1.9248418807983398
1403905925488984064,positive,1.5230869054794312,1.9009325504302979,-0.3333825170993805
1403905926894166016,negative,1.0478752851486206,-1.393617033958435,3.828317165374756
1403905930463387649,negative,1.5343143939971924,-0.7225924134254456,1.9196258783340454
1403905932069773315,neutral,2.3491878509521484,0.16685140132904053,0.46995511651039124
1403905956958720003,negative,0.6064877510070801,-0.1947544515132904,2.2212822437286377
1403905962600132620,negative,1.232082486152649,-0.5905935168266296,2.1617014408111572
1403905970347012098,neutral,1.9920446872711182,-0.07114004343748093,1.211112141609192
1403905990186110976,negative,1.3615071773529053,-0.37930697202682495,1.5247995853424072
1403905993977827332,negative,0.6064877510070801,-0.1947544515132904,2.2212822437286377
1403906005562445826,negative,1.4899942874908447,-1.1904056072235107,2.6518466472625732
1403906005591748610,neutral,1.8032225370407104,-0.5792205929756165,0.5037133693695068
1403906008443875334,neutral,1.6942719221115112,-0.5392813086509705,1.549600601196289
1403906015784022020,negative,1.8319954872131348,-0.6886903643608093,1.8880854845046997
1403906027246944257,negative,1.8319954872131348,-0.6886903643608093,1.8880854845046997
1403906037959335937,negative,1.4899942874908447,-1.1904056072235107,2.6518466472625732
1403906042338086913,negative,1.1728616952896118,-1.3609353303909302,3.3415987491607666
1403906049720000512,negative,1.1252551078796387,-0.7755338549613953,2.294610023498535
1403906052257726464,negative,1.8319954872131348,-0.6886903643608093,1.8880854845046997
1403906081525583875,neutral,1.9920446872711182,-0.07114004343748093,1.211112141609192
1403906083974955008,negative,1.4052170515060425,-1.0416539907455444,2.4904308319091797
1403906101356105736,neutral,2.3038227558135986,-0.09026237577199936,1.0932890176773071
1403906109665005575,neutral,1.7038335800170898,-0.7302317023277283,1.1985828876495361
1403906112387043332,negative,0.7428182363510132,-0.3722345232963562,1.6514065265655518
1403906136487731201,negative,1.8319954872131348,-0.6886903643608093,1.8880854845046997
1403906146235158532,negative,1.4567277431488037,-1.28233802318573,3.274411678314209
1403906147317338113,neutral,1.9308923482894897,0.20126134157180786,-0.07199034094810486
1403906163490574342,negative,1.5191377401351929,-0.7819920182228088,2.121037244796753
1403906190476660737,neutral,1.84796142578125,-0.5796350836753845,0.7604393362998962
1403906200706617349,neutral,1.6125775575637817,-0.7191112637519836,1.244428277015686
1403906226338029574,negative,1.4899942874908447,-1.1904056072235107,2.6518466472625732
1403906227088859143,negative,1.512487769126892,-0.7085574269294739,1.6816500425338745
1403906245845729281,negative,1.2145280838012695,-0.2097303867340088,1.9243450164794922
1403906253085044740,negative,1.7125176191329956,-1.1174260377883911,2.763087034225464
1403906268201316352,positive,0.696298360824585,2.9290823936462402,-0.4501512944698334
1403906271401676803,neutral,0.7694358229637146,0.31084591150283813,0.759615421295166
1403906293488783363,negative,0.7169419527053833,0.23920932412147522,1.485007882118225
1403906297838202883,negative,1.7681790590286255,-1.0787168741226196,2.2617931365966797
1403906298446450690,positive,0.4508015513420105,3.956491231918335,-0.9146685004234314
1403906328628629506,negative,1.8319954872131348,-0.6886903643608093,1.8880854845046997
1403906370072571904,negative,1.8319957256317139,-0.6886903643608093,1.8880856037139893
1403906374422077445,positive,0.3670096695423126,1.4745101928710938,0.9852346181869507
1403906378779951105,neutral,1.092560052871704,-0.368022084236145,0.6426305174827576
1403906381057560577,neutral,1.7615466117858887,0.00722397118806839,1.2322256565093994
1403906400787513345,negative,1.4400850534439087,-0.841376781463623,1.8683260679244995
1403906434442665985,positive,0.7002057433128357,1.806276798248291,0.13242967426776886
1403906437001121794,neutral,1.5793713331222534,-0.7269399166107178,1.2664724588394165
1403906461512597507,negative,1.3118066787719727,-0.36379921436309814,1.9440888166427612
1403906470144450560,neutral,2.8566508293151855,-1.0774933099746704,2.132538080215454
1403906493305479170,negative,1.3802915811538696,-0.6670029759407043,2.1336348056793213
1403906502084026369,negative,1.5870532989501953,-1.1497581005096436,2.7958216667175293
1403906518102183938,neutral,1.4933032989501953,-0.6243946552276611,0.9792333841323853
1403906538314428425,negative,1.6433842182159424,-0.8264895081520081,2.084144115447998
1403906544329125893,neutral,2.117884397506714,-0.070530004799366,1.3943169116973877
1403906554626183168,neutral,1.8530646562576294,-0.4883674085140228,1.7519538402557373
1403906557683843077,negative,1.5100584030151367,-1.524693250656128,3.800525426864624
1403906578814685186,neutral,1.7969576120376587,-0.7758216261863708,1.320993185043335
1403906579594809349,negative,1.8062809705734253,-1.0508441925048828,2.2431118488311768
1403906595864580104,neutral,1.5793713331222534,-0.7269399166107178,1.2664724588394165
1403906629469233160,neutral,1.6610701084136963,1.1072131395339966,0.30111634731292725
1403906634267648001,negative,1.086754322052002,-0.8016157746315002,2.0961456298828125
1403906649174122497,negative,1.482888102531433,-0.933270275592804,2.1354005336761475
1403906658141491203,negative,1.5448676347732544,-1.1696819067001343,2.7970614433288574
1403906660209356800,neutral,1.6610701084136963,1.1072131395339966,0.30111634731292725
1403906704610250752,negative,1.1648216247558594,-1.2693397998809814,3.5716371536254883
1403906705948254209,neutral,1.6610701084136963,1.1072131395339966,0.30111634731292725
1403906712747212801,negative,1.3357831239700317,-0.526646077632904,2.1476221084594727
1403906715783925762,negative,1.7457417249679565,-1.1753103733062744,2.8050756454467773
1403906731265204225,neutral,1.351315975189209,-0.02485162764787674,0.5395717620849609
1403906753675337728,neutral,1.9854786396026611,-0.9072797298431396,1.6349507570266724
1403906771349954564,negative,1.0310953855514526,-0.15935373306274414,1.8955793380737305
1403906776974561284,negative,1.1666221618652344,-0.7266321182250977,2.3693549633026123
1403906780569104388,neutral,2.086671829223633,0.6370779275894165,0.5253390073776245
1403906781403750405,neutral,1.6610701084136963,1.1072131395339966,0.30111634731292725
1403906790912299008,neutral,1.261297583580017,-0.005994975566864014,1.1933274269104004
1403906800513175554,positive,0.853815495967865,1.452275276184082,0.10885262489318848
1403906816560435200,neutral,2.267655372619629,-0.20254483819007874,0.21959581971168518
1403906817671979012,positive,0.6952036619186401,1.1421135663986206,0.2721322774887085
1403906832456847361,neutral,1.6610701084136963,1.1072131395339966,0.30111634731292725
1403906838626668547,positive,0.7891009449958801,2.161653995513916,0.5585451722145081
1403906850152620032,negative,1.1432137489318848,-1.1749656200408936,3.016817331314087
1403906857266147334,neutral,1.6610701084136963,1.1072131395339966,0.30111634731292725
1403906865533173760,neutral,1.5603039264678955,-0.3369765877723694,1.0330605506896973
1403906868506873858,positive,1.020923137664795,1.7075575590133667,0.6501758694648743
1403906896457834499,negative,0.2915845811367035,1.1540056467056274,1.2472573518753052
1403906920948322304,negative,1.0219478607177734,-0.8227696418762207,2.542764663696289
1403906922525302784,neutral,1.6610701084136963,1.1072131395339966,0.30111634731292725
1403906940267282433,neutral,1.5793713331222534,-0.7269399166107178,1.2664724588394165
1403906946969653253,neutral,2.0810954570770264,0.21448960900306702,0.6333827972412109
1403906947405934598,neutral,1.757805585861206,-0.8210837841033936,1.3488701581954956
1403906974027186181,neutral,1.5793713331222534,-0.7269399166107178,1.2664724588394165
1403906987281244162,neutral,1.018394112586975,0.8140588402748108,0.37909892201423645
1403906990288613379,negative,1.419906497001648,-0.31355172395706177,1.826718807220459
1403907000522706946,neutral,1.5119551420211792,-0.15814462304115295,1.0395376682281494
1403907003798331398,neutral,2.221627712249756,-0.22097229957580566,1.314222812652588
1403907010853228547,negative,1.6984549760818481,-1.0016103982925415,2.3431055545806885
1403907014430916618,neutral,1.6610701084136963,1.1072131395339966,0.30111634731292725
1403907019615129603,neutral,1.9253677129745483,1.0019062757492065,-0.43688103556632996
1403907039303065606,neutral,1.8071799278259277,-0.9892266392707825,1.6790388822555542
1403907062136856577,negative,1.0988526344299316,-0.6334887742996216,2.9627838134765625
1403907063080697858,neutral,1.5709620714187622,0.04309069737792015,1.2782750129699707
1403907068726218755,negative,0.9428950548171997,-0.025289885699748993,2.372688055038452
1403907082634465287,neutral,1.6610701084136963,1.1072131395339966,0.30111634731292725
1403907083385413634,neutral,1.7429841756820679,0.8104071021080017,0.1279839426279068
1403907104268689412,negative,0.796845555305481,-0.7958709001541138,2.7971484661102295
1403907121352171526,neutral,1.4932805299758911,1.3871204853057861,0.40639010071754456
1403907151546834945,neutral,1.6610701084136963,1.1072131395339966,0.30111634731292725
1403907157620314117,neutral,1.4932805299758911,1.3871204853057861,0.40639010071754456
1403907163404259330,neutral,1.601867437362671,0.11800171434879303,1.2584551572799683
1403907198250536963,negative,0.851007342338562,0.30802062153816223,1.483465552330017
1403907198355349505,negative,1.8319954872131348,-0.6886903643608093,1.8880854845046997
1403907203593957376,negative,0.6064877510070801,-0.1947544515132904,2.2212822437286377
1403907209617018880,negative,1.3108232021331787,-0.8972833752632141,2.326232671737671
1403907223252660229,negative,1.5448676347732544,-1.1696819067001343,2.7970614433288574
1403907275392172032,neutral,1.5793713331222534,-0.7269399166107178,1.2664724588394165
1403907293188702208,neutral,1.1886190176010132,0.37776312232017517,0.7570098638534546
1403907295986155526,neutral,2.0041041374206543,0.597823441028595,0.6050179600715637
1403907302504103936,neutral,2.086672067642212,0.6370779275894165,0.5253390073776245
1403907311538565124,neutral,1.260735273361206,0.8553329706192017,0.45096319913864136
1403907334531960845,negative,0.851007342338562,0.30802062153816223,1.483465552330017
1403907337073557505,neutral,2.167839288711548,-0.1894306242465973,0.9042949080467224
1403907338893942789,negative,0.5042549967765808,-0.8632028698921204,2.6399528980255127
1403907347232268291,positive,0.7251287698745728,2.615924596786499,0.663962721824646
1403907357646766083,negative,1.4899942874908447,-1.1904056072235107,2.6518466472625732
1403907379712999424,neutral,1.5793713331222534,-0.7269399166107178,1.2664724588394165
1403907379918295044,negative,1.2944995164871216,-0.7608632445335388,2.717064142227173
1403907396028694528,neutral,1.8770958185195923,-0.2939918339252472,1.2161521911621094
1403907422175973387,negative,1.279646873474121,-0.6596218943595886,2.000248908996582
1403907431885807618,negative,0.9435246586799622,-0.6392565369606018,1.9156672954559326
1403907435509682177,neutral,1.7429841756820679,0.8104071021080017,0.1279839426279068
1403907439347503110,negative,0.6064877510070801,-0.1947544515132904,2.2212822437286377
1403907441155313669,negative,0.851007342338562,0.30802062153816223,1.483465552330017
1403907480376295430,negative,1.5595582723617554,-1.0117950439453125,2.063237428665161
1403907480816586753,negative,0.6625239849090576,-0.2574937045574188,2.052055835723877
1403907483689684995,positive,1.6073077917099,1.677945613861084,1.1119003295898438
1403907506452275203,negative,1.4972037076950073,-0.6863166093826294,1.9683879613876343
1403907507286941697,neutral,1.287520408630371,0.48499155044555664,0.5749838948249817
1403907518745612294,neutral,1.8347405195236206,1.6312679052352905,0.08585481345653534
1403907522264649733,negative,1.4899942874908447,-1.1904056072235107,2.6518466472625732
1403907535707410437,negative,1.8062810897827148,-1.0508443117141724,2.2431118488311768
1403907536508489729,neutral,1.8270113468170166,-0.4945913851261139,1.7411894798278809
1403907538236502019,neutral,1.287520408630371,0.48499155044555664,0.5749838948249817
1403907546604138502,neutral,1.5119551420211792,-0.15814462304115295,1.0395376682281494
1403907548193824773,negative,0.7120593786239624,-1.1352051496505737,3.2293994426727295
1403907561091330053,negative,1.186085820198059,-1.0099108219146729,2.643007278442383
1403907566875336707,negative,1.5376678705215454,-0.2492522895336151,1.9425792694091797
1403907577323286530,negative,1.0587358474731445,-0.578708827495575,1.233664631843567
1403907577788960772,neutral,1.1886190176010132,0.37776312232017517,0.7570098638534546
1403907587876216835,neutral,1.5793713331222534,-0.7269399166107178,1.2664724588394165
1403907599062372356,negative,1.8319954872131348,-0.6886903643608093,1.8880854845046997
1403907602824663042,neutral,1.4822800159454346,0.48073887825012207,1.087339162826538
1403907608612937731,negative,0.9626827836036682,-0.3213358521461487,2.3747241497039795
1403907611808997377,negative,1.1100448369979858,0.822045087814331,1.1160465478897095
1403907630758834181,neutral,1.7366337776184082,0.5065909624099731,0.45326149463653564
1403907631761309697,negative,1.1859973669052124,-1.222395658493042,2.699005365371704
1403907632478490632,negative,0.8153492212295532,0.2092822641134262,1.7891337871551514
1403907643580862465,neutral,1.2778736352920532,-0.15061509609222412,1.0892939567565918
1403907646474838019,negative,1.0784244537353516,-0.5851593017578125,1.9293508529663086
1403907660039270402,neutral,1.287520408630371,0.48499155044555664,0.5749838948249817
1403907660399792129,positive,0.9653542637825012,2.416337013244629,0.6012235283851624
1403907663650508802,neutral,0.7694358229637146,0.31084591150283813,0.759615421295166
1403907672727076864,neutral,1.993646264076233,0.31304073333740234,0.7440111637115479
1403907674799017987,neutral,0.9765865802764893,0.6128954887390137,0.8578060865402222
1403907677516926976,negative,0.6705124974250793,-0.293060302734375,2.56329345703125
1403907686501031941,negative,1.3226301670074463,-1.1389544010162354,2.89406156539917
1403907691953606656,neutral,0.7694358229637146,0.31084591150283813,0.759615421295166
1403907711524380673,negative,0.6064877510070801,-0.1947544515132904,2.2212822437286377
1403907773939716106,negative,1.4098408222198486,-0.33863207697868347,1.4598459005355835
1403907776368283648,negative,0.8338198661804199,0.23289930820465088,1.7017583847045898
1403907820487995395,negative,1.5224659442901611,-0.935604453086853,2.154677629470825
1403907825038991360,negative,1.5162512063980103,-0.6770659685134888,2.1843650341033936
1403907873416093696,negative,1.4052170515060425,-1.0416539907455444,2.4904308319091797
1403907888205152261,neutral,1.7429842948913574,0.8104072213172913,0.127983957529068
1403907899831816196,negative,0.9591507315635681,-0.903740406036377,2.902264356613159
1403907922862686209,negative,1.8319954872131348,-0.6886903643608093,1.8880854845046997
1403907924339040258,negative,1.3443958759307861,-0.809887707233429,2.387512445449829
1403907930227838980,neutral,2.221627712249756,-0.22097229957580566,1.314222812652588
1403907936536121346,negative,0.8550710082054138,-1.1841895580291748,3.1640686988830566
1403907943863566340,negative,0.851007342338562,0.30802062153816223,1.483465552330017
1403907949706186753,neutral,1.2392405271530151,0.24714460968971252,1.1413322687149048
1403907960867196930,negative,1.2541178464889526,-1.411780834197998,4.176986217498779
1403907962322759686,neutral,1.5793713331222534,-0.7269399166107178,1.2664724588394165
1403907962876444674,neutral,1.7429841756820679,0.8104071021080017,0.1279839426279068
1403907992391536640,neutral,1.0774321556091309,0.9536096453666687,0.619846522808075
1403907995935723530,neutral,1.8591095209121704,0.1594868302345276,1.5050956010818481
1403908017716924424,negative,1.4899942874908447,-1.1904056072235107,2.6518466472625732
1403908033139429376,neutral,1.8393986225128174,-0.992722749710083,1.7838869094848633
1403908048452612098,negative,0.566726565361023,0.12265670299530029,1.9913830757141113
1403908049476231175,negative,0.851007342338562,0.30802062153816223,1.483465552330017
1403908068165914624,neutral,2.9396896362304688,1.2272807359695435,-0.39518463611602783
1403908071202590725,negative,1.3993457555770874,-0.8759686946868896,2.1570229530334473
1403908093298286595,negative,1.6925203800201416,-0.4450121819972992,2.066018581390381
1403908093709361154,negative,1.2977007627487183,-0.7428230047225952,1.4811633825302124
1403908104148901891,neutral,2.020454168319702,-1.1200963258743286,1.8303065299987793
1403908123111268355,negative,0.6625239849090576,-0.2574937045574188,2.052055835723877
1403908131575373828,neutral,1.3896775245666504,0.43117430806159973,0.8971075415611267
1403908147782189059,neutral,1.7919790744781494,-0.5739696621894836,1.2098819017410278
1403908164714602497,negative,1.788899302482605,-1.0947762727737427,2.4831950664520264
1403908165251604481,neutral,2.134504795074463,-0.5447365045547485,1.0128285884857178
1403908177515716617,neutral,1.917979121208191,0.5398465394973755,0.6635971069335938
1403908177779838982,negative,1.1518821716308594,0.9599491953849792,1.1720908880233765
1403908192174854145,negative,1.8319954872131348,-0.6886903643608093,1.8880854845046997
1403908207362203651,negative,1.1465505361557007,-0.189517080783844,1.409468173980713
1403908208071217156,neutral,1.8367208242416382,0.16687381267547607,1.2788138389587402
1403908215348383749,negative,1.2073897123336792,-0.20615771412849426,1.3352160453796387
1403908228002553858,neutral,2.134504795074463,-0.5447365045547485,1.0128285884857178
1403908232675049473,neutral,2.3803768157958984,0.2504834234714508,-0.019276870414614677
1403908234482786312,negative,1.032246708869934,0.245265930891037,1.0759010314941406
1403908245148737540,neutral,1.5938687324523926,-0.3518421947956085,0.9317168593406677
1403908245979336704,neutral,1.3862537145614624,-0.022774063050746918,0.8311479091644287
1403908250177839107,negative,0.6999477744102478,-0.9796577095985413,3.5057625770568848
1403908259996700673,negative,1.6984549760818481,-1.0016103982925415,2.3431055545806885
1403908272051085313,neutral,2.382412910461426,0.43324828147888184,0.06195090711116791
1403908285913133058,neutral,2.0810954570770264,0.21448960900306702,0.6333827972412109
1403908290044522496,negative,0.8585625886917114,-0.7144784927368164,1.7299144268035889
1403908296134721541,neutral,1.9504672288894653,-0.7297502160072327,1.871309757232666
1403908308507975682,neutral,2.326303482055664,0.38628581166267395,0.40921464562416077
1403908313109065728,neutral,1.6726245880126953,-0.6682699918746948,1.019964575767517
1403908323980853248,negative,1.8319954872131348,-0.6886904239654541,1.8880854845046997
1403908328531578883,neutral,2.134504556655884,-0.5447365045547485,1.0128285884857178
1403908328737198082,neutral,1.8393986225128174,-0.992722749710083,1.7838869094848633
1403908347254870018,neutral,1.7429841756820679,0.8104071021080017,0.1279839426279068
1403908352145453056,negative,1.3740302324295044,-1.0767579078674316,2.802629232406616
1403908369426137089,neutral,1.5793713331222534,-0.7269399166107178,1.2664724588394165
1403908371791679490,negative,1.3529397249221802,-1.0359361171722412,2.410399913787842
1403908375985803267,negative,1.0947375297546387,-0.39431336522102356,2.0037424564361572
1403908384747786244,negative,0.44955846667289734,-0.05143111199140549,2.151207685470581
1403908387755098115,negative,0.6295196413993835,-0.9819046854972839,3.5471904277801514
1403908392196923395,negative,0.9272573590278625,-0.704431414604187,2.4702675342559814
1403908398358446087,negative,1.5736823081970215,-1.1418901681900024,2.429354429244995
1403908407824846861,negative,1.1100643873214722,0.44709235429763794,1.6896781921386719
1403908424937590788,neutral,1.7429841756820679,0.8104071021080017,0.1279839426279068
1403908447813447680,neutral,1.3896775245666504,0.43117430806159973,0.8971075415611267
1403908454427750403,neutral,1.54962956905365,-0.24693715572357178,1.4354784488677979
1403908454935236609,negative,1.082658290863037,0.26684698462486267,1.6511582136154175
1403908465358114821,neutral,1.9381062984466553,-0.2491944432258606,1.7045271396636963
1403908485545218049,negative,1.0061007738113403,-0.7904735803604126,1.8879203796386719
1403908488401543173,negative,1.4911726713180542,-0.7284219264984131,1.7381031513214111
1403908509939470339,negative,1.4052170515060425,-1.0416539907455444,2.490431070327759
1403908510627385345,negative,0.5449029207229614,-0.5030630826950073,3.2843353748321533
1403908512229511168,neutral,1.8393986225128174,-0.992722749710083,1.7838869094848633
1403908516344217600,neutral,1.3862537145614624,-0.022774063050746918,0.8311479091644287
1403908528096497664,negative,1.3848577737808228,-0.5075108408927917,2.008183002471924
1403908543561060358,negative,0.559765636920929,-0.9448806643486023,3.2322754859924316
1403908547285499907,neutral,1.5119551420211792,-0.15814462304115295,1.0395376682281494
1403908548455698435,neutral,2.0046279430389404,-0.5798121094703674,1.0355503559112549
1403908550749921288,negative,1.6984549760818481,-1.0016103982925415,2.3431055545806885
1403908552658493440,neutral,2.221627712249756,-0.22097229957580566,1.314222812652588
1403908554503819270,negative,1.8319954872131348,-0.6886903643608093,1.8880854845046997
1403908556731125769,negative,1.4899942874908447,-1.1904056072235107,2.6518466472625732
1403908559587454977,negative,0.9473843574523926,-0.6601434946060181,2.5421974658966064
1403908568240201728,negative,1.0947375297546387,-0.39431336522102356,2.0037426948547363
1403908571167793156,neutral,1.8702476024627686,-0.26093626022338867,0.7989005446434021
1403908595725471749,neutral,1.287520408630371,0.48499155044555664,0.5749838948249817
1403908598414012420,positive,2.0967800617218018,2.7515065670013428,-0.45074090361595154
1403908598850375683,neutral,2.134504795074463,-0.5447365045547485,1.0128285884857178
1403908613169631235,negative,1.4899942874908447,-1.1904056072235107,2.6518466472625732
1403908614545313792,neutral,2.597223997116089,0.4150363802909851,0.4733271896839142
1403908625119154186,negative,1.4899942874908447,-1.1904056072235107,2.6518466472625732
1403908640449257473,negative,1.340333342552185,0.18080498278141022,1.5527663230895996
1403908645213986817,neutral,2.426391839981079,1.9253427982330322,-0.8670993447303772
1403908652205969413,neutral,1.3794969320297241,-0.2971445322036743,0.3110300302505493
1403908655615971328,neutral,1.6388548612594604,-0.24265599250793457,0.9742136597633362
1403908658048626695,neutral,1.2650046348571777,1.0360556840896606,0.891659677028656
1403908666156195842,negative,1.8319954872131348,-0.6886903643608093,1.8880854845046997
1403908683646574592,neutral,1.3163340091705322,0.3045380115509033,0.2720549702644348
1403908717045637127,neutral,1.5824525356292725,0.5182542204856873,1.0131398439407349
1403908727883788289,negative,0.7786202430725098,-0.7505041360855103,1.8363962173461914
1403908728370434048,neutral,2.134504795074463,-0.5447365045547485,1.0128285884857178
1403908730362621958,negative,1.0840296745300293,-0.6470656394958496,2.937889814376831
1403908731692224514,neutral,1.5126452445983887,0.4077504575252533,1.085463523864746
1403908743427883013,neutral,1.9842616319656372,-0.6380168795585632,1.508884310722351
1403908754769256453,neutral,2.0605835914611816,-0.8088341951370239,1.2616403102874756
1403908761429835776,negative,0.7981216311454773,0.06051379442214966,1.613794207572937
1403908767020851201,neutral,1.4388219118118286,0.34448644518852234,1.392324447631836
1403908772263776257,negative,1.5142096281051636,-0.43836143612861633,1.9218717813491821
1403908772829990915,negative,1.3226301670074463,-1.1389544010162354,2.89406156539917
1403908782997053442,negative,1.2912702560424805,-0.8249854445457458,1.8825660943984985
1403908798201335808,negative,1.3726108074188232,-0.5005593299865723,1.9065625667572021
1403908804715110406,negative,1.3474791049957275,-1.082040548324585,2.8720579147338867
1403908823618781196,negative,0.44861748814582825,-0.5703421235084534,3.394155502319336
1403908827108413440,negative,1.3606083393096924,-0.7500169277191162,1.862692952156067
1403908831025958912,negative,1.4567265510559082,-0.29167285561561584,1.479923129081726
1403908835459309569,negative,1.514209508895874,-0.4383615553379059,1.9218716621398926
1403908837019578368,neutral,1.3890914916992188,-0.28662851452827454,1.0231965780258179
1403908871249350661,neutral,1.5552542209625244,-0.5111076831817627,1.5466758012771606
1403908874713899009,neutral,1.0166385173797607,-0.4971942901611328,1.0035277605056763
1403908876026597376,negative,1.4675235748291016,-0.6254640817642212,1.628678560256958
1403908876089581569,negative,1.8319956064224243,-0.6886904835700989,1.8880856037139893
1403908876404236293,negative,1.2396522760391235,-1.0921937227249146,2.9682700634002686
1403908887028264965,negative,1.0590084791183472,-1.2680050134658813,3.411878824234009
1403908904451510276,negative,0.6625239849090576,-0.2574937641620636,2.052055835723877
1403908908557606919,neutral,1.4310222864151,0.3351796269416809,0.8701801896095276
1403908919391514624,negative,1.013938307762146,-1.1358633041381836,2.719090223312378
1403908923766214660,neutral,2.1013989448547363,-0.4210796058177948,1.4057486057281494
1403908926379155459,negative,1.1139289140701294,-0.23974454402923584,1.863679051399231
1403908935866732545,negative,1.5281224250793457,-1.0715200901031494,2.232206344604492
1403908936546197511,negative,1.5670692920684814,-0.8229623436927795,1.7146711349487305
1403908974194401280,negative,1.551198124885559,-0.6687909364700317,1.5569067001342773
1403908984575201280,positive,1.842272400856018,3.4357523918151855,-0.6959347128868103
1403908989599973380,negative,1.170169472694397,-0.04482264071702957,1.9558640718460083
1403908997170728960,neutral,2.36348557472229,-0.37213754653930664,0.9928141236305237
1403908998852759552,neutral,2.134504795074463,-0.5447365045547485,1.0128285884857178
1403909000773599235,negative,0.47571271657943726,-0.5783860683441162,2.5427887439727783
1403909022357417984,neutral,1.2075426578521729,-0.5521405339241028,0.8677462339401245
1403909035934371841,neutral,1.9684014320373535,0.6682646870613098,0.1880805790424347
1403909044448862213,neutral,2.4895119667053223,0.07289186865091324,0.1782413125038147
1403909051428184065,neutral,1.669425129890442,-0.2931951582431793,1.214950680732727
1403909052938268680,negative,0.7540719509124756,-0.3830372393131256,1.6998862028121948
1403909079890857984,negative,0.6064877510070801,-0.1947544515132904,2.2212822437286377
1403909081535074304,neutral,1.6084011793136597,0.13496598601341248,1.0176209211349487
1403909084370378753,negative,1.1470831632614136,-0.37402620911598206,1.473132848739624
1403909102535806976,negative,1.354493498802185,-0.7226144671440125,1.91568922996521
1403909108944670723,negative,0.8801386952400208,-0.11554815620183945,1.807323932647705
1403909108978405376,neutral,1.9477852582931519,-0.9012129902839661,1.782433271408081
1403909109431169030,neutral,1.45108962059021,1.220422387123108,0.55703204870224
1403909126061629441,negative,1.8319954872131348,-0.6886903643608093,1.8880854845046997
1403909128494325768,neutral,2.7122128009796143,0.06343773007392883,0.2537898123264313
1403909163361570817,negative,1.4567277431488037,-1.28233802318573,3.274411678314209
1403909163571466243,negative,1.3074010610580444,-1.03622567653656,3.021533727645874
1403909192520331271,positive,0.8264528512954712,1.484263300895691,0.03474244475364685
1403909195322118152,negative,0.659082293510437,-1.3559650182724,4.401766300201416
1403909195972464641,neutral,1.5793713331222534,-0.7269399166107178,1.2664724588394165
1403909215790452737,neutral,1.2180004119873047,0.7249895930290222,0.7508246898651123
1403909224313372678,negative,0.9813773036003113,-0.5486285090446472,2.456639051437378
1403909229153447940,negative,0.7400240898132324,-0.981105625629425,3.2902066707611084
1403909231292649475,neutral,1.594359278678894,-0.11202619224786758,1.3583968877792358
1403909234501337090,negative,0.8042209148406982,-1.351862907409668,4.041177749633789
1403909234597761028,neutral,2.134504795074463,-0.5447365045547485,1.0128285884857178
1403909261306957827,negative,1.1503480672836304,-1.2103720903396606,3.287285804748535
1403909262473150465,negative,1.2627450227737427,-0.3222220540046692,1.4798123836517334
1403909265971159041,neutral,2.134504795074463,-0.5447365045547485,1.0128285884857178
1403909284916649986,negative,1.6984549760818481,-1.0016103982925415,2.3431055545806885
1403909291665367044,neutral,2.9109089374542236,0.9440732002258301,-0.6063929200172424
1403909298066018308,negative,1.4200828075408936,0.2700377404689789,2.062765598297119
1403909310724329472,neutral,1.4129549264907837,0.7559579610824585,0.48652055859565735
1403909315832868864,neutral,2.134504795074463,-0.5447365045547485,1.0128285884857178
1403909315895840775,neutral,1.8486710786819458,-0.5919172167778015,1.31110417842865
1403909340642357254,negative,0.548352062702179,0.2357003390789032,1.065935730934143
1403909349865578502,neutral,1.5793713331222534,-0.7269399166107178,1.2664724588394165
1403909353673936901,neutral,1.8294494152069092,0.6130180954933167,0.49890080094337463
1403909373521506305,negative,1.1709718704223633,-0.6449697613716125,2.038654327392578
1403909382094528514,negative,1.6984549760818481,-1.0016103982925415,2.3431055545806885
1403909403586093056,negative,1.061342477798462,-0.8370969295501709,2.6845099925994873
1403909403674255363,negative,1.2416609525680542,-1.2958751916885376,3.60334849357605
1403909412742385664,negative,1.641261100769043,-1.1604734659194946,2.406303882598877
1403909420099137536,neutral,1.7544095516204834,1.6884171962738037,0.02065117098391056
1403909422309543943,negative,1.375913381576538,-1.408284306526184,3.86521315574646
1403909424037564416,negative,1.4567277431488037,-1.28233802318573,3.274411678314209
1403909424930906121,negative,0.9968439936637878,-1.339557409286499,3.770740032196045
1403909427908923393,neutral,1.9060331583023071,0.053420182317495346,1.6728434562683105
1403909431381856260,negative,1.8319954872131348,-0.6886903643608093,1.8880854845046997
1403909450109313025,negative,1.3060024976730347,-0.5152528285980225,1.3491363525390625
1403909450503622663,negative,1.4897724390029907,-0.4589534103870392,1.538055419921875
1403909455935328260,negative,1.9596946239471436,-1.1222624778747559,2.3465301990509033
1403909456732188672,neutral,1.9790256023406982,-0.5212188959121704,1.3251230716705322
1403909457453539332,neutral,1.769901990890503,0.3513049781322479,0.6831607222557068
1403909460678963214,neutral,1.5119551420211792,-0.15814462304115295,1.0395376682281494
1403909462549692417,positive,2.3040716648101807,2.45058536529541,-0.8478080034255981
1403909464181202948,negative,1.4098408222198486,-0.33863207697868347,1.4598459005355835
1403909490022432773,negative,1.1484527587890625,-1.264296293258667,3.697319984436035
1403909509353926656,neutral,1.9504672288894653,-0.7297502160072327,1.871309757232666
1403909520141606916,negative,1.7888994216918945,-1.0947761535644531,2.4831950664520264
1403909524075933697,neutral,1.4564611911773682,-0.5863852500915527,0.9270175099372864
1403909529608146945,negative,1.0301960706710815,-0.8846170902252197,2.486377716064453
1403909556535582723,negative,1.1771291494369507,0.8200330138206482,1.2688289880752563
1403909556791656449,neutral,1.7646278142929077,1.0728572607040405,0.4333189129829407
1403909562634211328,positive,0.07776656001806259,1.8597334623336792,-0.13403445482254028
1403909570473476097,negative,0.7225556373596191,-0.8608253598213196,3.5456178188323975
1403909601452511238,negative,1.4899942874908447,-1.1904056072235107,2.6518466472625732
1403909605508345865,neutral,2.175671100616455,0.5143463611602783,0.2879955470561981
1403909617000751108,negative,0.49554765224456787,-0.15424096584320068,0.8683731555938721
1403909624781279240,negative,0.5902295708656311,-0.9447670578956604,3.4490785598754883
1403909639591321601,negative,0.851007342338562,0.30802062153816223,1.483465552330017
1403909668196564997,negative,1.1686979532241821,0.07422642409801483,1.4259790182113647
1403909671086268417,negative,1.336348295211792,-0.8347479701042175,2.4148552417755127
1403909673716260865,neutral,1.5793713331222534,-0.7269399166107178,1.2664724588394165
1403909686588366848,neutral,2.597223997116089,0.41503646969795227,0.4733271300792694
1403909696654700545,negative,1.1870299577713013,-0.8488361239433289,1.9072527885437012
1403909705219465221,negative,0.8338198661804199,0.23289930820465088,1.7017583847045898
1403909706981199877,negative,1.514209508895874,-0.4383615553379059,1.9218716621398926
1403909707060809730,negative,0.9376500248908997,-0.3360826373100281,2.0737357139587402
1403909713042063364,neutral,2.5080056190490723,-0.521680474281311,1.7573634386062622
1403909715319476225,negative,1.8319953680038452,-0.6886904835700989,1.8880854845046997
1403909735510855680,negative,1.8319954872131348,-0.6886903643608093,1.8880854845046997
1403909750236934151,negative,1.7757117748260498,-1.0613116025924683,2.3412342071533203
1403909767161028616,negative,1.5533860921859741,-0.33446648716926575,1.61454439163208
1403909783736881155,neutral,3.22835111618042,1.3388221263885498,-0.9317183494567871
1403909793538998278,negative,1.065543532371521,-0.6667584180831909,2.242152214050293
1403909804171661315,negative,1.2446205615997314,-0.5336608290672302,1.4174619913101196
1403909808571379722,neutral,0.7694358229637146,0.31084591150283813,0.759615421295166
1403909808835731458,negative,0.5830872058868408,-1.5766282081604004,4.826375484466553
1403909819057291270,neutral,2.5321593284606934,0.03542669117450714,0.26573023200035095
1403909862480920578,negative,0.879970908164978,-0.9503423571586609,2.706726312637329
1403909865572024320,negative,1.006495475769043,-0.41227367520332336,2.4558680057525635
1403909868688453635,negative,0.4116641879081726,-0.10713208466768265,2.82257080078125
1403909873411104771,neutral,1.2778736352920532,-0.15061509609222412,1.0892939567565918
1403909874124300288,neutral,1.8702476024627686,-0.26093626022338867,0.7989005446434021
1403909875332096002,negative,1.1686979532241821,0.07422642409801483,1.4259790182113647
1403909875634032640,negative,1.4899942874908447,-1.1904056072235107,2.6518466472625732
1403909875646689283,negative,1.5533860921859741,-0.33446648716926575,1.61454439163208
1403909884387672070,negative,1.5829969644546509,-1.1063408851623535,2.16125226020813
1403909909788385285,negative,1.0188487768173218,-1.4931000471115112,4.253678321838379
1403909914549010434,neutral,1.5793713331222534,-0.7269399166107178,1.2664724588394165
1403909937416261636,negative,1.559558391571045,-1.011795163154602,2.063237428665161
1403909948074074112,negative,1.145107626914978,-0.5703821778297424,1.5234501361846924
1403909958236872705,negative,1.8319954872131348,-0.6886903643608093,1.8880854845046997
1403909960711360518,neutral,1.860965609550476,0.12200335413217545,0.9149846434593201
1403909988720930818,neutral,1.9433164596557617,-0.5598208904266357,1.1066768169403076
