Tweet_ID,Sentiment_Label,Probability_pos
1361872999444402177,negative,1.0949458841578174e-09
1361872999952097284,negative,0.04626333091471994
1361873000140664832,neutral,0.49789225920557484
1361873000241516549,negative,0.04526885811592329
1361873002426552325,negative,0.04676703293216822
1361873002443378699,neutral,0.437369725752128
1361873006423810050,negative,1.6004680928359756e-09
1361873006981754881,neutral,0.5994897040673065
1361873010257518594,negative,0.0002282634317653464
1361873011599499269,negative,0.2717585236000847
1361873015093493768,negative,0.0004963985201758914
1361873015697457153,negative,0.2801839040494527
1361873015882084361,negative,0.010563165189195608
1361873016792231936,negative,0.0010002361821155772
1361873017605881857,positive,0.7875191906046681
1361873017672990723,negative,0.09530948409055756
1361873018167902213,negative,0.0018145507610497283
1361873018268516355,negative,0.05357457512678084
1361873018612568066,negative,0.016110347994777504
1361873018809688065,negative,0.0006267780975025548
1361873018817900544,neutral,0.4507454498615163
1361873019086528515,positive,0.9646962455319017
1361873019220680708,negative,0.32064570828245315
1361873019858264065,negative,0.05357457512678084
1361873019958878212,neutral,0.4237337412615085
1361873020172779524,negative,0.057765934825724174
1361873020512567296,negative,0.18151210971290924
1361873023033372672,negative,0.05357457512678084
1361873023628812288,negative,0.3143893309825648
1361873023712645126,negative,0.013807455330012288
1361873023956119553,neutral,0.46127768308170247
1361873024035749889,negative,0.0005042075821884034
1361873025096892416,negative,0.05357457512678084
1361873026216849410,negative,0.07702556336072718
1361873026271354882,negative,0.271735570322459
1361873026577551361,negative,9.435709533418693e-15
1361873027445755904,positive,0.8248130461312339
1361873027949027331,negative,0.0032335926421363163
1361873028427227138,negative,1.9751340913297344e-10
1361873028443906048,negative,0.037209146369517276
1361873028993462274,negative,0.1639554134894525
1361873029916221440,negative,0.00027965241561726735
1361873030423617539,negative,3.427475763378293e-05
1361873031157616642,negative,9.64756311604451e-07
1361873031161917445,negative,0.0087700997304632
1361873033024143360,negative,0.006859936298705416
1361873033472991234,negative,0.007954388140783968
1361873033510739973,negative,0.013788088976911252
1361873034513158146,negative,0.004478927258780815
1361873034563444742,negative,0.05357457512678084
1361873035939229696,negative,0.002163414710684138
1361873036123795456,negative,0.059102920714112
1361873036899721218,negative,8.225666825990779e-06
1361873037407223809,negative,0.17110783127166218
1361873037612773377,negative,0.10715633970361955
1361873037772140546,negative,0.00037863991420149565
1361873037809700869,negative,0.0022664764912796137
1361873037956685826,negative,0.00016332903465210425
1361873038078316545,negative,0.003254578175955396
1361873038254473217,negative,0.2160038061551961
1361873039596654602,negative,0.17227589552301045
1361873039680561153,negative,0.0010002361821155772
1361873040204845059,negative,0.23256374046388045
1361873040334753793,negative,1.1937717118237176e-05
1361873040787861511,negative,3.0170301482890034e-08
1361873040947224576,negative,0.004086329021375562
1361873041467334657,negative,0.07800672398898323
1361873041743958020,negative,3.017067273530733e-11
1361873042176167937,negative,0.007864933726125282
1361873042192924679,negative,0.0019366809666907883
1361873043770007552,negative,0.004086329021375562
1361873043971313672,negative,1.7083616779846068e-06
1361873045359448068,negative,0.013807455330012288
1361873046701801472,negative,0.0006634983013918844
1361873046932447234,neutral,0.3685943945839147
1361873047481901066,negative,0.06354901831542757
1361873047502921736,negative,6.165205562955907e-08
1361873047964246019,negative,0.02843956005779012
1361873048325017604,neutral,0.5196264172536924
1361873048702435332,negative,0.0011019334726737175
1361873049096658949,negative,0.0071325852184430764
1361873049532956675,negative,0.09482562772110438
1361873050388500481,negative,0.057069292185839456
1361873050875138050,negative,0.016110347994777504
1361873051139325953,negative,0.004753119203582874
1361873052380917764,negative,0.00020130582430730686
1361873053165191169,negative,4.1011749923846e-05
1361873054289321985,negative,1.2929395078381396e-05
1361873056797519874,negative,0.003970901874489672
1361873057971908609,positive,0.7480712952326452
1361873058080948227,negative,0.05357457512678084
1361873059666423815,negative,0.013434382290871114
1361873061960683520,negative,0.013807455330012288
1361873063441272832,negative,0.05357457512678084
1361873064464703491,negative,0.05357457512678084
1361873068126310401,negative,0.003807355552709479
1361873069330096129,negative,0.026210963983195244
1361873070798082049,negative,0.08783143329357333
1361873071460782087,negative,0.05357457512678084
1361873076145819661,negative,0.05357457512678084
1361873076712067073,negative,0.2565483707332332
1361873076884025347,negative,0.006390372425606752
1361873077307596801,negative,0.06930603672104613
1361873079278972929,negative,0.3112770591054966
1361873079442444290,neutral,0.49789225920557484
1361873079597748227,negative,0.012593957822313285
1361873079694209031,negative,0.029722762497409357
1361873082730840066,negative,4.654478642986655e-06
1361873083578150912,negative,0.0006094564863810628
1361873086052728833,negative,0.15152437474901384
1361873087881310208,negative,0.21257333126602235
1361873087910850562,negative,0.005077548764402328
1361873088200077313,negative,0.05357457512678084
1361873088363700228,neutral,0.3397172522164106
1361873089592586242,negative,0.0018145507610497283
1361873090268065793,negative,0.015722364902026675
1361873096865701890,negative,0.27891974442510026
1361873101416509440,negative,0.10385304441334715
1361873105656963076,negative,0.07795719425697545
1361873106189635591,positive,0.8443401048450347
1361873106407596032,negative,0.00020130582430730686
1361873109209464835,negative,0.2817175267713993
1361873109280768015,positive,0.6825414869725192
1361873109444423681,negative,0.006859936298705416
1361873109687672835,negative,0.2817175267713993
1361873110543323136,negative,0.001357847715399078
1361873110962761731,negative,0.00020130582430730686
1361873112074252293,negative,0.07192298659144568
1361873112116178945,neutral,0.4175848035725235
1361873113902899203,negative,0.029785070713733007
1361873113961611265,negative,0.11887702235225173
1361873114150404097,negative,0.1478033335894025
1361873114980876288,negative,0.0036870311138515093
1361873115140284417,negative,0.21454527611310242
1361873115484200961,negative,0.08821447544624814
1361873117996589060,negative,0.16473247212889158
1361873122429870085,negative,0.00020130582430730686
1361873122446761987,negative,0.023895433858317505
1361873123491119104,negative,0.05357457512678084
1361873124074037255,neutral,0.4667281207494068
1361873124241899521,negative,0.031219924419194873
1361873125680443392,negative,0.05357457512678084
1361873126167109640,negative,0.059102920714112
1361873131347001347,positive,0.8642176910844662
1361873132923981824,negative,0.03451650705128328
1361873136501874689,negative,0.0911582459616437
1361873137034428416,negative,0.1433956860250839
1361873137634336768,negative,0.17419598300104258
1361873137923743746,negative,0.00333315672436931
1361873143611105286,positive,0.9636470765275131
1361873143976067072,neutral,0.49789225920557484
1361873144278089729,negative,0.15205508751324923
1361873145490272259,negative,0.00020130582430730686
1361873145565700096,neutral,0.6115859785426441
1361873146316480517,negative,0.0036870311138515093
1361873148308828161,negative,0.0344457644801062
1361873149831315456,negative,0.05141204948052463
1361873150259044355,negative,0.002822284901713726
1361873153283084288,neutral,0.3789959416584929
1361873155481042949,negative,0.00010075577805108141
1361873155489492992,negative,0.0018145507610497283
1361873157775319044,negative,8.374169294874021e-05
1361873158064726018,negative,0.003970901874489672
1361873158979133440,negative,0.21257333126602235
1361873160463908867,neutral,0.4853896596109071
1361873160698789892,negative,0.05357457512678084
1361873162200317966,neutral,0.41193474847754386
1361873165538893828,positive,0.905385201415778
1361873165928960005,negative,0.017850304984436027
1361873166394478593,negative,0.00020130582430730686
1361873169959817218,negative,0.08408509812467337
1361873170962259968,negative,0.000547682667210138
1361873171520122880,negative,0.06397659360016339
1361873171721441285,negative,0.034641901391601164
1361873173554331649,negative,2.447845015962279e-06
1361873174900670464,negative,0.0009297749857605092
1361873176037232642,negative,0.033496634529330854
1361873176825896960,negative,0.2435364545050863
1361873178683965450,negative,0.00240724628413904
1361873178704965635,negative,0.14063284680158694
1361873181380915204,negative,0.03148616168577721
1361873182039375873,positive,0.7324884564022776
1361873182450454530,negative,0.002378222447355658
1361873183494692865,negative,0.00014666942211931155
1361873185021562882,negative,0.09530948409055756
1361873185164132352,negative,0.3223118533925611
1361873185394810881,negative,0.10493509996246646
1361873185944305665,positive,0.7228705013161616
1361873188507033600,negative,0.00020130582430730686
1361873188586676224,negative,1.6795759712422357e-06
1361873192776835073,negative,0.06030440661601793
1361873195817709575,negative,0.05357457512678084
1361873196664971265,negative,0.008157976426003641
1361873198116175881,negative,1.693871231497704e-07
1361873200150241284,negative,8.380867680271433e-05
1361873200519524355,negative,0.031844751893974566
1361873203958841351,negative,0.09530948409055756
1361873209692413954,negative,0.025632337111067577
1361873209990258688,negative,0.017494578387448275
1361873210078298117,negative,0.02005900463860665
1361873210388729859,negative,0.003949937545989596
1361873210774609927,negative,0.05357457512678084
1361873211147845650,negative,5.631012145954845e-10
1361873211609157632,negative,0.03696365454460867
1361873211642834957,negative,0.0009286375633135558
1361873211823185921,negative,0.05357457512678084
1361873212582227969,negative,0.05624985540122051
1361873212708159489,negative,0.21257333126602235
1361873212708171777,negative,3.415191231054743e-06
1361873213404426240,negative,2.251492630464139e-05
1361873215795118083,negative,0.05357457512678084
1361873218206715905,negative,0.08266061109434739
1361873218559242247,negative,5.087596700994791e-06
1361873218584408065,negative,0.003063938678352139
1361873220270510082,negative,0.06707962465304787
1361873221411352578,negative,0.033804987877426175
1361873222078255106,negative,0.032377968351464316
1361873224640966672,negative,0.2261176065585941
1361873225496559616,negative,0.023150832274050653
1361873226213695488,negative,0.3274903280201044
1361873227455291396,negative,0.09530948409055756
1361873227686023171,positive,0.8449706451271007
1361873228432633861,neutral,0.46127768308170247
1361873230466846724,negative,0.002182449904603047
1361873231167303680,negative,0.014715559051176805
1361873233486643205,negative,2.3931296607730356e-05
1361873233537077248,negative,2.1328169277588322e-07
1361873234128490496,negative,5.219183497409914e-05
1361873235479003145,negative,0.016787884429364814
1361873235537780738,negative,0.004757157643562101
1361873236397490177,neutral,0.408637760941531
1361873237047713793,neutral,0.48481419304338763
1361873238066921473,negative,0.05357457512678084
1361873238301679616,negative,0.005709192054873048
1361873238905786374,negative,0.03501890977918644
1361873239803383813,negative,0.2387914993706411
1361873240239591425,negative,0.004414969729711277
1361873243062304773,negative,0.004653631733387073
1361873244043763713,negative,0.021466572404826936
1361873244731691009,negative,0.0011273660141492346
1361873244752646146,negative,0.07275257019330632
1361873245176168450,negative,0.118936672967482
1361873245356519424,negative,0.11075333861526032
1361873245360824321,negative,0.08109843171811777
1361873246191239171,negative,0.0949444322441295
1361873246694572033,negative,2.4150233614338325e-08
1361873247780941826,negative,3.467247965799282e-06
1361873248984707075,positive,0.966293971684355
1361873249462874114,negative,0.05357457512678084
1361873250049998849,negative,0.0028473996535249776
1361873251484467200,negative,3.458494596305054e-06
1361873251492847618,negative,0.0009750088180462503
1361873251962662915,neutral,0.6106022776122633
1361873253153730564,neutral,0.49789225920557484
1361873253929783297,negative,0.001891183580962971
1361873254051414022,negative,0.2270916242691431
1361873254646956032,negative,0.044025472451188236
1361873255376773121,negative,0.08821447544624814
1361873257197101056,negative,0.00010075577805108141
1361873257293631489,negative,0.05357457512678084
1361873257650126849,negative,0.07275257019330632
1361873258304405510,neutral,0.49789225920557484
1361873258333749252,negative,0.05357457512678084
1361873258463772672,negative,0.0024754452362085915
1361873259277537282,negative,0.013807455330012288
1361873260196089859,negative,9.100899269133639e-09
1361873260527448064,negative,0.004757157643562101
1361873260619714560,negative,0.02864177057762534
1361873260804251652,negative,6.754047124043896e-07
1361873261630521344,negative,0.04526885811592329
1361873262272253961,negative,0.05357457512678084
1361873263492624389,negative,0.010962515406471808
1361873263580823554,negative,0.05357457512678084
1361873263954116613,negative,0.023139963450933228
1361873264201596937,negative,0.020187082971154412
1361873266424471553,negative,0.023444341991433502
1361873267028619267,negative,0.00698319887550523
1361873268240621576,negative,0.1603894675701918
1361873268261683204,negative,0.09151565997391957
1361873268622454785,positive,0.7260915554293396
1361873268718915598,negative,0.03838901031456881
1361873269402570752,neutral,0.49789225920557484
1361873269960437762,negative,0.13487384567578212
1361873270010769408,negative,0.1705196658734365
1361873270581125124,neutral,0.5136446707795853
1361873270618918912,positive,0.7228705013161616
1361873271684276224,negative,0.01581852242144625
1361873271780741120,negative,3.509179392421736e-05
1361873273231933440,negative,0.012593957822313285
1361873273395441664,negative,0.23748079876639447
1361873273395453953,negative,0.02023603281778985
1361873273575866369,negative,0.05357457512678084
1361873274423152641,positive,0.8694023517937001
1361873274431504393,negative,0.0022504716069815848
1361873276319002626,negative,0.004504232962672696
1361873276620967940,negative,0.05357457512678084
1361873277568835585,negative,0.00753060287639481
1361873277833146368,negative,0.03501890977918644
1361873277887655941,negative,0.03680230327726937
1361873277946314752,negative,0.039330199596147024
1361873278026022912,neutral,0.6190173780627386
1361873278382538756,negative,0.02722831352490404
1361873279070396417,negative,3.410532573411451e-06
1361873279619796995,negative,1.1937717118237176e-05
1361873282081951745,negative,0.05357457512678084
1361873283939975168,negative,0.003490224083403415
1361873287479975938,negative,0.00016396587749196
1361873291569475592,negative,0.03914557972906952
1361873291842105345,negative,0.013255239653530001
1361873293574352897,negative,0.08109843171811777
1361873293863776257,negative,0.05357457512678084
1361873294304157700,negative,0.012593957822313285
1361873295814123522,negative,0.05357457512678084
1361873296237723649,negative,0.05357457512678084
1361873296409649155,negative,0.05139868653131307
1361873298213244931,negative,0.05357457512678084
1361873300876644354,negative,0.004757157643562101
1361873301266718720,negative,7.263681252918724e-06
1361873302290116608,negative,0.005954296593156713
1361873302554349569,negative,0.0011094515016178011
1361873304882135041,negative,0.0671596808220715
1361873307910438912,negative,0.05357457512678084
1361873308258611201,negative,0.0019831235977468722
1361873308451414018,negative,0.006025199969989119
1361873310586265600,negative,0.0007364535672822278
1361873310800367617,negative,0.005716637004156381
1361873312373239809,negative,0.05357457512678084
1361873315028164618,positive,0.8542368681346015
1361873315904839684,negative,0.008157976426003641
1361873316236193794,negative,0.1728953783968395
1361873316567519235,negative,0.004757157643562101
1361873316936622083,negative,0.04526885811592329
1361873317137965060,negative,0.07192298659144568
1361873318949892096,positive,0.7228705013161616
1361873318987587584,neutral,0.45651513145676637
1361873319184728064,negative,0.032377968351464316
1361873320392626178,negative,0.15106824618337014
1361873323030904833,negative,0.022023838395146336
1361873323081220102,negative,0.21454527611310242
1361873323148210181,negative,0.006025199969989119
1361873323886407686,positive,0.8542368681346015
1361873326533148673,negative,0.05357457512678084
1361873327762079746,negative,3.5216772755926464e-06
1361873327997014017,negative,0.059102920714112
1361873330572173312,negative,0.033804987877426175
1361873332992434183,negative,0.0043765745462335985
1361873333613027330,negative,0.032377968351464316
1361873333843820546,negative,0.002378222447355658
1361873334770761731,positive,0.93614813110056
1361873340353441796,neutral,0.5136446707795853
1361873341674622979,negative,6.49551985649239e-05
1361873341926174724,negative,0.11085226259498815
1361873342710640642,negative,0.014410021282987497
1361873343721349128,negative,0.05357457512678084
1361873346527436802,negative,0.1518712703870652
1361873348452487168,negative,0.017984896579314208
1361873351040409603,negative,0.02439068850856169
1361873351522848785,negative,0.02091104031328803
1361873352974086144,neutral,0.5621655332629886
1361873353410306049,neutral,0.4563821307930494
1361873355775778818,negative,0.051909196127923996
1361873356975398912,negative,0.005605751832983206
1361873358422441986,negative,0.016110347994777504
1361873358606884870,negative,5.929738464151651e-06
1361873359219417088,negative,0.05357457512678084
1361873359877849089,neutral,0.5136446707795853
1361873366387470336,neutral,0.49789225920557484
1361873367167565828,negative,0.018805852616696664
1361873368383913988,negative,0.23562434052808948
1361873369893863424,neutral,0.5209932010848836
1361873370648883200,negative,0.004757157643562101
1361873373186437128,negative,0.04526885811592329
1361873377271627791,neutral,0.6134036422359632
1361873377389068291,negative,0.05357457512678084
1361873379528224773,negative,0.05357457512678084
1361873381721833472,negative,0.09530948409055756
1361873384066400257,negative,0.01070599575592381
1361873385391800326,negative,0.011069077457875996
1361873385547059202,negative,6.707150303137907e-10
1361873386616545286,positive,0.7228705013161616
1361873390877822976,negative,3.7315027362533294e-07
1361873395126849537,negative,0.13063936511586283
1361873395177185280,negative,0.00020130582430730686
1361873395512578055,negative,0.059102920714112
1361873396003397633,negative,0.001891183580962971
1361873397802754050,negative,1.147923143590515e-05
1361873397848842240,neutral,0.4545904767683513
1361873397953662979,negative,0.2270916242691431
1361873398679277572,negative,0.0014435211140411926
1361873398931075073,neutral,0.4323510242933817
1361873399006572548,negative,3.70444851636747e-05
1361873399115579395,negative,0.03490537139344192
1361873399644094464,negative,0.033194606476668935
1361873399811833856,negative,0.025410901341678793
1361873399967080454,negative,0.14586164036414112
1361873400088641536,negative,0.004757157643562101
1361873400436649988,negative,0.009761345140847096
1361873400470396928,negative,0.00028539918483224774
1361873400663310336,negative,0.23562434052808948
1361873400793231366,positive,0.93614813110056
1361873402651377665,negative,0.013255239653530001
1361873402785587201,negative,0.004892257398399707
1361873403746091009,negative,0.08229605095387442
1361873403976814594,negative,0.005314036913586103
1361873404043923456,negative,0.2270916242691431
1361873404761096193,positive,0.9785611433368351
1361873404937207810,negative,7.99621787387633e-07
1361873405876858886,negative,0.002378222447355658
1361873406141100035,negative,0.25904246346744453
1361873407361572870,negative,0.008646849781146368
1361873407365640194,negative,0.10054358213218693
1361873407541993475,negative,0.05357457512678084
1361873407592312835,negative,0.1906154574379743
1361873408389242880,negative,5.7118070453950214e-05
1361873410284994560,neutral,0.49789225920557484
1361873410926776321,negative,0.1647378382293729
1361873411266519040,negative,0.0025003225607004706
1361873411534970880,negative,0.004757157643562101
1361873412130435075,negative,0.00011286579445358821
1361873412147326983,neutral,0.5521868375443785
1361873412206047232,negative,0.0019367300665358042
1361873412377952262,neutral,0.41061435928781326
1361873412415709186,negative,0.03838901031456881
1361873413409759233,negative,1.3786491420405953e-05
1361873413778857984,negative,0.09530948409055756
1361873414106066944,negative,0.0013099745625667005
1361873416287100929,negative,0.005891844756089896
1361873418044518400,negative,0.0010135391573495229
1361873419550281732,negative,0.19481991233610219
1361873421022461953,negative,2.6743284854422935e-09
1361873421987119105,neutral,0.5196264172536924
1361873423283216387,negative,6.537005034779679e-08
1361873424411410436,negative,0.002035777119091177
1361873425040564227,neutral,0.4668851905993484
1361873425116102658,neutral,0.4285800248653759
1361873426600845314,negative,0.004757157643562101
1361873426626052096,negative,0.21616207251685612
1361873426781270018,negative,0.004223997671238436
1361873427313926145,negative,1.0294561896669077e-07
1361873428895129606,positive,0.954873127285284
1361873430757453826,negative,0.17506335522272826
1361873431600525313,negative,0.05357457512678084
1361873432154112001,negative,0.0006589188127882917
1361873432535846912,negative,0.013255239653530001
1361873432649023491,neutral,0.41193474847754386
1361873433101918210,negative,0.0007984219747013287
1361873433123053568,negative,0.0468217707996781
1361873433953529859,neutral,0.44525447722397243
1361873434314223619,negative,0.05357457512678084
1361873435329261568,negative,0.012534864053803607
1361873436201672706,negative,0.001891183580962971
1361873436579147780,negative,0.12693968478489281
1361873438068064257,neutral,0.3685943945839147
1361873438596554755,negative,0.009958200773428318
1361873439083155470,negative,0.07800672398898323
1361873439540326402,negative,0.14586164036414112
1361873440383389701,negative,0.11461605611542831
1361873440886652928,negative,0.0026718646847690027
1361873442547638273,negative,0.004086329021375562
1361873443021590534,negative,0.0009775846399424299
1361873444854370305,negative,0.023139963450933228
1361873446540636167,negative,0.004086329021375562
1361873447132016640,negative,0.00015418457969662886
1361873448075730948,negative,0.004757157643562101
1361873448398643200,negative,0.0932172316878499
1361873448520220673,negative,0.09174313280697485
1361873449807929346,negative,0.03490537139344192
1361873449891729408,negative,0.0005432727145017331
1361873450378223617,negative,0.0071325852184430764
1361873450395181058,negative,0.004086329021375562
1361873450676023300,neutral,0.36505317843515184
1361873450747453440,negative,2.520343615907846e-05
1361873450961432578,positive,0.9114473553232706
1361873451250819075,neutral,0.45750809082621896
1361873451322142723,negative,0.057511612483653635
1361873452320378883,neutral,0.3685943945839147
1361873453947748356,negative,1.8603690327964345e-06
1361873456304947201,negative,0.05357457512678084
1361873456778727430,negative,0.003063938678352139
1361873457206681601,negative,0.21454527611310242
1361873457353523207,neutral,0.44525447722397243
1361873457760194560,negative,0.023139963450933228
1361873457785544707,negative,0.0064108565834098425
1361873460461461505,negative,0.0069977113279204506
1361873460478300169,negative,0.08545408379192729
1361873460503449603,neutral,0.4320723072721836
1361873461455384580,negative,0.03379891532324992
1361873462105694210,negative,0.05357457512678084
1361873462210494474,negative,0.012593957822313285
1361873462357286920,negative,0.21454527611310242
1361873462982307848,negative,0.00025612713220817484
1361873462986502144,negative,0.19481991233610219
1361873464097968128,negative,0.008539165580923597
1361873465742139393,negative,0.004086329021375562
1361873466010595328,negative,0.1147479964234831
1361873466291609602,negative,0.05357457512678084
1361873466832670724,negative,0.12720849438117934
1361873467252039680,negative,0.0006309241745020446
1361873467688148994,negative,0.0005432727145017331
1361873468028051458,negative,0.129393378198483
1361873469915471872,neutral,0.4396091427402031
1361873470636781568,negative,0.000394075151839788
1361873473094754307,negative,0.033496634529330854
1361873473426104322,negative,0.03983031260542193
1361873473908469763,negative,0.004042472902135383
1361873475594518529,negative,0.2102771319126625
1361873475670073344,negative,0.21454527611310242
1361873476223705097,negative,0.0018145507610497283
1361873477981061120,negative,1.8487518876865708e-11
1361873478178246662,negative,0.032377968351464316
1361873480279539714,negative,6.850449780398391e-06
1361873480531206148,negative,0.007494963968982047
1361873482192064514,negative,0.033496634529330854
1361873484578611206,negative,0.033804987877426175
1361873484796813312,negative,0.21454527611310242
1361873486327787522,negative,7.951560774772043e-09
1361873486810124290,negative,0.066672668248738
1361873486902222848,negative,0.0003884559666259066
1361873491440631814,negative,8.912790181537978e-05
1361873493059641348,negative,0.006426218211711938
1361873493139234817,negative,0.05357457512678084
1361873493802049537,negative,0.2270916242691431
1361873494124937216,negative,0.0006094564863810628
1361873494439518209,negative,0.008157976426003641
1361873496155054080,negative,0.2715986399098022
1361873496415076352,negative,0.00462631625824325
1361873501376946177,positive,0.9448089884023652
1361873503167909893,negative,0.3020135550609068
1361873503725580290,neutral,0.5614152023143125
1361873504451371009,negative,0.021163474256086886
1361873506791788544,neutral,0.39344328614122354
1361873508838612994,negative,0.007107476045025841
1361873509404803072,negative,0.04740099252145226
1361873512240205827,negative,0.05357457512678084
1361873512558903296,negative,0.07093419857646728
1361873512957272064,negative,0.007954388140783968
1361873516451266564,negative,1.1583183135171107e-07
1361873517478776837,negative,0.05446778547152315
1361873518317699073,neutral,0.45330597087403485
1361873523111653382,negative,0.1433956860250839
1361873526018494465,negative,0.1728953783968395
1361873526479851526,positive,0.8824996641113757
1361873528488927232,negative,0.006569630689292784
1361873530430902273,negative,0.21257333126602235
1361873530447659010,negative,0.2270916242691431
1361873535145283589,negative,0.05357457512678084
1361873538060333058,negative,0.05357457512678084
1361873538538496003,negative,0.0018145507610497283
1361873541600223233,negative,0.0466553588434299
1361873542913159168,negative,0.006426218211711938
1361873542980251651,negative,0.012264430880202402
1361873543965900802,negative,0.05357457512678084
1361873544146264068,negative,7.951560774772043e-09
1361873544251117568,negative,3.5216772755926464e-06
1361873544553132033,negative,0.05357457512678084
1361873547061248000,negative,0.2001457779132655
1361873549754040324,negative,0.007597789360386962
1361873551129800707,negative,0.2510285503362691
1361873552790724608,negative,0.038045530411549754
1361873553033945093,negative,7.263681252918724e-06
1361873553763803139,negative,6.3834112513793e-05
1361873554128707588,negative,0.10366650515906842
1361873554241945602,negative,0.0008343037454376698
1361873554871091201,negative,3.470683229759093e-05
1361873556846432256,negative,0.21257333126602235
1361873557643485187,negative,0.129393378198483
1361873562684985349,negative,1.55343948890624e-06
1361873564257964036,negative,0.032377968351464316
1361873566459850764,negative,0.0018145507610497283
1361873567831449601,positive,0.9056094985841243
1361873568196362241,negative,0.001891183580962971
1361873569928654851,negative,0.21454527611310242
1361873570230538240,negative,0.03985378472838477
1361873571061129216,negative,0.24823690876847676
1361873571115589632,negative,0.13083632249042096
1361873571790913541,negative,0.019025378219518604
1361873571962757123,negative,0.009761345140847096
1361873573858607104,negative,0.09151565997391957
1361873574605303810,negative,0.15472041665105832
1361873576022867969,negative,0.032377968351464316
1361873577914626054,negative,0.006859936298705416
1361873579898523652,negative,0.002822284901713726
1361873580565364737,negative,0.00720160272808345
1361873580582182912,negative,0.05357457512678084
1361873584465997829,neutral,0.4667281207494068
1361873585288044544,negative,0.05498161906048136
1361873585472630784,negative,0.0018145507610497283
1361873586244489219,neutral,0.49789225920557484
1361873587003564034,negative,0.07774139487770342
1361873588182261761,negative,0.001891183580962971
1361873589838970880,negative,2.5121351908780057e-07
1361873592628240384,negative,1.1501672826146103e-05
1361873592812638210,negative,0.03145367404931414
1361873593127247874,negative,0.03335383108673471
1361873594586906624,negative,0.004519155449619053
1361873594687586306,negative,0.0077702995210053635
1361873595174117383,negative,0.00017991039229404838
1361873595216011266,negative,0.004892257398399707
1361873595694252033,negative,3.4454078477687496e-06
1361873595815907335,negative,0.09530948409055756
1361873596428255233,positive,0.6990333581335987
1361873597430652929,negative,0.033496634529330854
1361873597522845703,negative,0.011209023474986441
1361873599146172417,positive,0.954873127285284
1361873600513536004,negative,0.02033495783836284
1361873600798543873,negative,0.018029292749606
1361873601750728705,negative,0.020757563064043895
1361873601889263616,negative,0.0054800424490481356
1361873602518216707,negative,0.02023603281778985
1361873602564542468,negative,0.05357457512678084
1361873604506509312,negative,0.0647449299151915
1361873604946853892,negative,0.07800672398898323
1361873606381350917,positive,0.9977587623704025
1361873606637158400,negative,3.3821896068184566e-09
1361873608667185153,negative,0.013807455330012288
1361873608814039041,negative,0.0002977285144143152
1361873610688917510,neutral,0.46764355068197516
1361873610793750529,negative,0.0041604897079766945
1361873611221577728,positive,0.7228705013161616
1361873612949442568,neutral,0.49789225920557484
1361873613721391104,negative,0.048365371174776725
1361873614404993025,negative,0.129393378198483
1361873615965335554,negative,2.585771731972442e-06
1361873616313401344,negative,2.3428430184029944e-06
1361873616661528582,negative,0.0071325852184430764
1361873617177477124,negative,0.027126585755845513
1361873617617711104,negative,0.0019256087730724273
1361873619048136705,negative,0.0013012529240149671
1361873621019463682,negative,0.011629802905316075
1361873623909339136,negative,0.0038712641655717847
1361873624710459398,negative,0.057765934825724174
1361873625293361153,neutral,0.4129513878648966
1361873626367225856,negative,1.0123785780501023e-06
1361873627050889222,negative,0.0038712641655717847
1361873627272994816,negative,0.0011403136394949646
1361873628015464448,negative,7.461382137720118e-06
1361873628237860869,negative,0.004326956302588555
1361873630964121600,negative,0.14122887241097817
1361873631173869568,negative,0.05357457512678084
1361873631878479874,negative,0.011974978781238483
1361873632117555203,negative,0.0468217707996781
1361873632637648898,negative,0.029722762497409357
1361873633891651584,negative,0.07750438338298478
1361873634348818434,negative,0.05357457512678084
1361873634403487744,negative,0.0677422012322676
1361873634910904323,negative,0.0014435211140411926
1361873634973929473,positive,0.7758288771235058
1361873635397500929,negative,0.005604325898129143
1361873635426795523,negative,0.04142297445353
1361873635795951616,negative,0.0002977285144143152
1361873636395778051,negative,0.010829202755459991
1361873636609699844,negative,0.004653631733387073
1361873636924289027,negative,0.006859936298705416
1361873638090178563,negative,0.2270916242691431
1361873638564061186,negative,0.00020130582430730686
1361873638971105286,negative,0.24823690876847676
1361873639591849988,negative,5.48763791778218e-05
1361873639876956165,positive,0.7559176607569482
1361873640124465152,negative,0.004086329021375562
1361873640124542978,negative,5.056546232553845e-05
1361873640690712579,negative,1.448605119383436e-06
1361873640984371201,negative,0.0468217707996781
1361873642011975681,negative,3.968317997125242e-10
1361873643064680448,negative,0.17447743281163136
1361873643534434304,negative,0.06568553540705582
1361873643920318467,negative,0.12341305885845724
1361873644352397318,negative,0.002283538581090329
1361873644864098304,negative,0.006083741268705184
1361873646264942592,negative,0.11544081635508753
1361873647267438594,negative,0.005229386988754231
1361873649553268741,negative,0.11105713477849632
1361873651423846401,negative,0.00020130582430730686
1361873652501872641,negative,0.003514075114548952
1361873653000986627,negative,3.470683229759093e-05
1361873653898575877,negative,5.087596700994791e-06
1361873654095691781,negative,3.590653216250852e-05
1361873654594813953,negative,0.08528443742822049
1361873657044287488,negative,0.002822284901713726
1361873657727959042,negative,0.05357457512678084
1361873658038394885,neutral,0.49789225920557484
1361873661121208327,neutral,0.619237246208411
1361873664367595522,negative,0.05357457512678084
1361873665441361920,negative,0.016727150484437046
1361873665772703749,neutral,0.3685943945839147
1361873669342056451,negative,0.15152437474901384
1361873669434277895,negative,0.038045530411549754
1361873671711821825,neutral,0.48061219287488127
1361873672877846528,negative,0.050083744007838826
1361873673016213509,negative,0.037447663480442914
1361873673624428554,negative,0.04747891129994188
1361873673762791424,negative,7.263681252918724e-06
1361873674912083968,negative,0.06464851217189681
1361873676732350467,negative,0.05357457512678084
1361873677260910594,negative,0.0468217707996781
1361873677567025154,negative,1.0297747140457822e-05
1361873677579649025,negative,0.007954388140783968
1361873677617364994,neutral,0.5209932010848836
1361873678271668224,negative,3.895763812011618e-05
1361873678334500866,negative,0.002822284901713726
1361873678510804996,negative,0.029722762497409357
1361873678645010435,negative,0.0468217707996781
1361873680557428740,negative,0.011079232080894999
1361873682742845444,negative,0.04526885811592329
1361873682751229960,negative,0.0021029124790741234
1361873683539755009,negative,0.002822284901713726
1361873684651270145,negative,0.032377968351464316
1361873686479982593,negative,0.01638299321934717
1361873688207876098,negative,0.0041604897079766945
1361873688505761793,negative,6.582091195306713e-05
1361873689097236483,negative,0.022167072996221983
1361873690867208193,neutral,0.48481419304338763
1361873691064356866,negative,0.0041604897079766945
1361873691710271488,negative,0.009523548397814623
1361873692494614529,neutral,0.4667281207494068
1361873693723353091,neutral,0.49789225920557484
1361873694717542405,positive,0.9804629920025331
1361873695178952707,positive,0.7228705013161616
1361873695715831810,negative,0.012264430880202402
1361873696051269632,negative,0.005716637004156381
1361873696797900802,negative,1.8021595392160646e-07
1361873696911196160,positive,0.93614813110056
1361873697997545476,negative,0.032377968351464316
1361873698030981120,negative,0.2270916242691431
1361873698530099206,neutral,0.49789225920557484
1361873698882519043,negative,0.006505720040353983
1361873699247374336,negative,0.28930445208857464
1361873701562679297,negative,0.05357457512678084
1361873704075026433,negative,0.002113639522666961
1361873708978221057,negative,0.24823690876847676
1361873710995697666,negative,0.29150453131543796
1361873711490617346,negative,1.4614347961647005e-05
1361873714304974851,negative,0.05357457512678084
1361873715240255491,negative,0.21257333126602235
1361873715877867521,negative,0.04811632048039996
1361873716196564996,negative,0.2287206037784227
1361873720814542849,negative,0.017850304984436027
1361873721082830848,negative,0.05357457512678084
1361873723041738754,positive,0.6708163493117612
1361873723838640134,negative,1.1381876257125698e-07
1361873724551618561,negative,0.013709353635039445
1361873724685754369,negative,0.2270916242691431
1361873725067563010,negative,0.016110347994777504
1361873725927342081,negative,0.008157976426003641
1361873730968948738,negative,0.04526885811592329
1361873732256546817,negative,0.05357457512678084
1361873732751523841,negative,0.1384386423000231
1361873734479577096,positive,0.7718327826087977
1361873736371212298,negative,0.016279801400082564
1361873738313138177,negative,0.009958200773428318
1361873738887618561,negative,7.483029176098149e-08
1361873739844116485,negative,0.00010401475581352445
1361873741660176388,negative,0.2270916242691431
1361873743480512516,negative,0.0037922479818963996
1361873747779612675,neutral,0.49789225920557484
1361873748870262786,negative,0.00020130582430730686
1361873749029621761,negative,3.440155648800671e-05
1361873749687984132,negative,0.05357457512678084
1361873750182912001,negative,0.014152892480957914
1361873752749977603,negative,0.1728953783968395
1361873753022607366,negative,0.1705196658734365
1361873754050150401,negative,0.005605751832983206
1361873754079518727,negative,0.07024870883935617
1361873755216244738,positive,0.9997088714815023
1361873755363041280,negative,2.656461495201001e-05
1361873756512280579,negative,0.03002653173123882
1361873758533939206,negative,5.164151060200447e-10
1361873759049838593,negative,0.0022664764912796137
1361873761557954562,negative,0.0504763713703863
1361873762333847558,negative,0.002822284901713726
1361873769023692801,negative,0.11691365798042373
1361873769539764228,negative,0.19481991233610219
1361873769908871169,negative,0.004478927258780815
1361873770332393472,negative,3.5216772755926464e-06
1361873773603917825,neutral,0.408637760941531
1361873774358917121,negative,0.2347832874573503
1361873775327924224,negative,0.001891183580962971
1361873775730585602,negative,1.1602350888416674e-15
1361873776707837958,negative,0.10205980282793183
1361873777232138250,negative,0.035832760791353856
1361873778217730048,negative,0.010644718236010816
1361873778280644609,negative,0.09797448730401104
1361873778322661382,negative,0.11105713477849632
1361873778528161794,positive,0.9779081525615942
1361873779882885122,negative,0.003036438143240108
1361873780029624327,negative,1.209724072141214e-07
1361873782122635265,negative,0.001891183580962971
1361873784764989441,negative,0.0021636760585233786
1361873785977069568,negative,0.00720160272808345
1361873786056953858,negative,0.10291250270581426
1361873786128248832,negative,7.807385275497556e-08
1361873786329567232,neutral,0.553749164753881
1361873787210391556,negative,0.0314484057255293
1361873788913278980,negative,0.0017667107909137654
1361873789127073794,negative,0.05357457512678084
1361873789726973953,negative,0.05357457512678084
1361873790616109058,negative,0.03490537139344192
1361873791870263296,negative,0.09797448730401104
1361873791916396555,negative,2.8024568033686864e-07
1361873792109281282,negative,0.08183966977171381
1361873792205803520,negative,0.0041604897079766945
1361873793245982721,negative,0.09797448730401104
1361873793292120064,negative,0.3111455760950541
1361873793711497216,negative,0.017984896579314208
1361873795104051212,negative,0.007631957894198241
1361873796450426881,negative,0.007107476045025841
1361873798102994944,negative,4.298987227642207e-12
1361873798476267521,negative,0.012264430880202402
1361873798853722114,negative,0.006722943606366027
1361873799420014597,negative,0.010646593157572787
1361873801328402432,positive,0.7377465568169161
1361873802058170368,negative,0.09530948409055756
1361873802813190145,negative,9.642897702874129e-06
1361873802876051456,negative,0.026210963983195244
1361873802876104708,negative,0.09797448730401104
1361873803626831875,negative,0.01262989077933973
1361873803798663171,negative,0.0050849534133989875
1361873804235055106,positive,0.9535728740391106
1361873804532871170,negative,0.03766592235787038
1361873805199695874,negative,0.05357457512678084
1361873805627453440,negative,0.11105713477849632
1361873809092071424,negative,0.0001754741171529254
1361873809213685761,neutral,0.383592420803915
1361873809322737665,neutral,0.4323510242933817
1361873809670893570,negative,0.08310731648770045
1361873809826062340,negative,0.08229605095387442
1361873810090246144,negative,0.0027906755809074387
1361873810157371394,negative,0.3046101175466245
1361873811298205698,negative,0.09797448730401104
1361873811373776900,negative,9.127336721933004e-05
1361873811474321409,negative,3.427475763378293e-05
1361873811478634501,negative,0.06900995436644342
1361873811755454465,negative,0.1118435481203729
1361873811772170243,negative,0.00753708168788798
1361873812959096832,negative,0.0015343017638724213
1361873813470855169,negative,2.6920620575738328e-08
1361873815257706499,negative,0.03501890977918644
1361873816876699656,negative,9.36971088929621e-07
1361873816943788035,neutral,0.48481419304338763
1361873817346408448,negative,0.10493509996246646
1361873818663452674,neutral,0.4083289334275003
1361873819712032772,negative,0.03838901031456881
1361873820043345927,negative,6.330988099848413e-05
1361873820089544705,negative,0.0005271496179503533
1361873821914005505,negative,0.07381387634661611
1361873822744522755,negative,0.05357457512678084
1361873822870360064,negative,0.05357457512678084
1361873824229253120,negative,0.05954702403216077
1361873824363515905,neutral,0.49789225920557484
1361873824459853834,negative,0.00720160272808345
1361873824594210826,negative,0.015237904903964025
1361873826276118530,negative,6.247200317018598e-09
1361873826620055558,negative,0.17419598300104258
1361873826657701888,negative,0.023139963450933228
1361873828360683520,negative,0.018207975934190133
1361873829727993862,negative,0.2826080029917497
1361873830801768450,neutral,0.36652480939404136
1361873831657234435,negative,0.035207153358869384
1361873833733545984,positive,0.8542368681346015
1361873833804910592,negative,0.034864467066877146
1361873834899632129,negative,0.0062799678366080355
1361873835067236355,neutral,0.4129513878648966
1361873835235115008,negative,0.007645904060065005
1361873836053049347,negative,0.07770181468376303
1361873836254371849,negative,0.041350594160695656
1361873837026144258,negative,0.051336279047282427
1361873837579792385,neutral,0.45406176252070396
1361873837642637318,neutral,0.46127768308170247
1361873837780992003,negative,0.03451709748792609
1361873838070521859,negative,0.09797448730401104
1361873838716379139,negative,0.3247827604883775
1361873838762569731,negative,0.0314484057255293
1361873839878201346,negative,0.008539165580923597
1361873840402554884,negative,0.019989593375312815
1361873843036577795,negative,0.012593957822313285
1361873843472781312,negative,0.003970901874489672
1361873843695083530,negative,1.1381227537316932e-09
1361873845158838274,negative,0.00020130582430730686
1361873845993488384,negative,0.0087700997304632
1361873846094209028,negative,0.00738520276286348
1361873846547189761,negative,1.0297747140457822e-05
1361873846740123653,negative,0.327378095563068
1361873847532814338,neutral,0.5209932010848836
1361873848031936512,negative,0.019980790065713395
1361873848455561216,negative,0.02023603281778985
1361873848543703041,negative,0.005314036913586103
1361873848770195463,negative,0.008630160437779252
1361873848845684739,negative,0.035123581895652706
1361873850372411395,negative,0.002157346534550224
1361873850636509184,negative,0.012623906013255902
1361873850879778819,negative,0.005604325898129143
1361873854793191424,negative,0.2287206037784227
1361873854910586880,negative,0.24316678087226876
1361873855036280834,negative,3.6860439106232884e-05
1361873856496087043,negative,0.04479713725512996
1361873856579964932,positive,0.7228705013161616
1361873856777093126,negative,7.842365950990353e-07
1361873857930485765,negative,0.00042995933541424623
1361873858828058627,negative,3.257226482701124e-05
1361873861575335938,negative,0.05357457512678084
1361873862778966019,negative,0.03432006957056042
1361873863022424064,negative,0.033496634529330854
1361873864393957382,negative,0.029722762497409357
1361873865396260865,negative,0.012201846864495774
1361873865681629184,negative,0.05357457512678084
1361873866394656769,positive,0.829768297191724
1361873867044761603,neutral,0.49789225920557484
1361873867384496132,negative,0.3287744842612937
1361873870513299462,negative,6.942716638301938e-09
1361873871180292096,negative,0.0008863603050345248
1361873872015020033,negative,0.018881089919087168
1361873873126490120,negative,0.13587261788930544
1361873873214537731,negative,0.12021603373245746
1361873874435117058,negative,0.11507110715981334
1361873874703515649,positive,0.9785611433368351
1361873874841919489,negative,0.002905372052149883
1361873877455024130,negative,0.05357457512678084
1361873877555634177,negative,0.02315055182433907
1361873877962551296,negative,0.09797448730401104
1361873880944623624,negative,0.129393378198483
1361873881028460552,negative,0.00010659249843546814
1361873883666735111,negative,0.005303989465459191
1361873883717128195,negative,0.016110347994777504
1361873884224647171,negative,0.10493509996246646
1361873884597915650,negative,5.736348919463543e-07
1361873887051546626,negative,0.0006120654725066394
1361873887793975308,negative,0.006606213683417213
1361873888221650948,negative,0.033804987877426175
1361873889140166658,negative,0.00043542469188128226
1361873889941360640,negative,0.0005405452182681418
1361873890935525377,negative,0.2270916242691431
1361873891354939400,negative,0.14827557385622048
1361873891459760132,negative,6.188209169316326e-05
1361873892650975234,neutral,0.38186903032313096
1361873893028413444,negative,0.2287206037784227
1361873893594722305,negative,0.0009491062771751266
1361873894186115073,positive,0.8542368681346015
1361873897474424834,negative,0.09797448730401104
1361873898376151041,neutral,0.39344328614122354
1361873899877765124,negative,0.17419598300104258
1361873900699676676,negative,0.011079232080894999
1361873901941370890,negative,0.2287206037784227
1361873902142713864,positive,0.7228705013161616
1361873902306291715,neutral,0.3454326061465191
1361873902557888512,negative,0.012264430880202402
1361873903660982274,negative,0.17227589552301045
1361873904499888130,negative,0.010540620540615327
1361873904885780481,negative,0.17419598300104258
1361873906529951748,negative,0.2287206037784227
1361873906911567873,negative,0.23562434052808948
1361873907737853952,negative,0.09797448730401104
1361873909226893312,negative,0.0007738270421745523
1361873909826600960,negative,0.09797448730401104
1361873910023794688,negative,0.014410021282987497
1361873910036324353,negative,0.0014435211140411926
1361873910866714626,negative,0.012264430880202402
1361873911152017414,negative,0.00026283731474768254
1361873912695414786,neutral,0.408637760941531
1361873914805161986,negative,0.005517560454396493
1361873915086266368,negative,0.0007001858304018987
1361873915342159873,negative,0.05106637002907062
1361873915786616834,neutral,0.35003730219847534
1361873917342703616,negative,0.11772585519302337
1361873917812633600,negative,0.12046454866865364
1361873917909098497,negative,0.1383443445378622
1361873918307545088,negative,0.05357457512678084
1361873919872032768,negative,0.0468217707996781
1361873920857628673,negative,0.02023603281778985
1361873921944014856,negative,0.05357457512678084
1361873922187169792,negative,1.2936507640253172e-05
1361873922510254081,negative,0.005782038052619196
1361873923621675010,negative,0.004478927258780815
1361873923986571264,negative,0.05357457512678084
1361873925580476417,negative,0.1728953783968395
1361873927660851200,positive,0.8542368681346015
1361873929187561475,negative,0.05106637002907062
1361873930319929351,negative,1.6518217359392956e-05
1361873931506966531,positive,0.8542368681346015
1361873935361400835,negative,1.2936507640253172e-05
1361873935478980612,negative,0.09797448730401104
1361873936485597186,positive,0.7228705013161616
1361873937538367489,positive,0.954873127285284
1361873937903345674,negative,1.0297747140457822e-05
1361873940952608770,negative,0.013255239653530001
1361873941053202437,negative,0.0010014503924579037
1361873941279748096,negative,0.05357457512678084
1361873942055649280,negative,0.19289391564326766
1361873942277939203,negative,0.05357457512678084
1361873944224096257,neutral,0.49789225920557484
1361873945004109827,negative,0.2270916242691431
1361873946161930240,negative,1.2936507640253172e-05
1361873946195427331,negative,0.039574031080314855
1361873948586242048,negative,1.2936507640253172e-05
1361873949701849091,positive,0.7228705013161616
1361873949756444673,negative,0.061483376775450294
1361873950763069441,negative,0.05357457512678084
1361873951249608709,negative,0.05931198351197742
1361873951652257792,negative,1.2936507640253172e-05
1361873953858457603,neutral,0.553749164753881
1361873954244157440,negative,9.64756311604451e-07
1361873954529542144,negative,0.09151565997391957
1361873955418763265,negative,0.00016260056846972309
1361873955879931912,negative,8.912790181537978e-05
1361873956169527297,neutral,0.4291990802314077
1361873956555395077,neutral,0.6115859785426441
1361873958790979586,positive,0.9806003299703024
1361873959042637824,negative,0.05357457512678084
1361873959134846976,negative,0.02439068850856169
1361873961001377800,neutral,0.49913432551074804
1361873961907351558,negative,0.22420583782076137
1361873962137968642,positive,0.9806003299703024
1361873964419661827,negative,0.002113639522666961
1361873964700680195,negative,0.0026137897196443446
1361873967062147072,negative,0.030494030411913113
1361873967200485378,negative,1.7850043804224415e-05
1361873968014241793,negative,0.23585158435640602
1361873969431814149,negative,0.008157976426003641
1361873969528373248,negative,0.00343971934275321
1361873969620647937,negative,1.2936507640253172e-05
1361873972955123712,negative,0.001120175595835643
1361873973798125569,negative,0.01025825457183919
1361873974360162306,negative,0.0005355367510211682
1361873974532136963,negative,0.03672835920146498
1361873977854017536,negative,7.659937684052436e-07
1361873978508337152,negative,0.016787884429364814
1361873978726449160,negative,4.2301671432578184e-05
1361873978806177793,negative,0.0002977285144143152
1361873979787640840,negative,0.00020636335243577074
1361873980207079429,negative,0.2864145558920463
1361873980685250564,negative,0.0008496953345485857
1361873980899155968,negative,0.04380816347865611
1361873981293355009,negative,0.14401578613978494
1361873982014775307,negative,0.07710007760485454
1361873983453491202,negative,0.0076627860343016895
1361873984338333707,negative,0.2287206037784227
1361873985189728256,negative,2.7494984135931156e-05
1361873985324126209,negative,3.366391814257007e-07
1361873985361870848,negative,0.005604325898129143
1361873985982652423,negative,0.0006020755325039748
1361873986007818244,positive,0.9764834962738704
1361873986255261699,neutral,0.49789225920557484
1361873986498486279,negative,0.2825245963010117
1361873988880916481,negative,1.0934296839610894e-07
1361873988943708161,negative,0.00020130582430730686
1361873989329633281,negative,0.0488162814078609
1361873990126424064,negative,0.0024265365763960507
1361873990390800385,neutral,0.4151634330336113
1361873991120654338,negative,0.001891183580962971
1361873992106311683,negative,0.0014882854410579308
1361873993020637184,neutral,0.5519095492202634
1361873993569955841,positive,0.8449706451271007
1361873993599451140,negative,6.90117340416441e-06
1361873995302375428,negative,0.05357457512678084
1361873997160476675,negative,0.004086329021375562
1361873998943047681,neutral,0.49789225920557484
1361873999102242819,negative,0.23988732993880882
1361873999932911616,negative,0.005891844756089896
1361874000465563650,negative,0.008539165580923597
1361874001002438657,negative,0.28930445208857464
1361874001119875076,negative,0.016356594052029872
1361874001434447878,negative,0.0006110790983654817
1361874001505759233,negative,0.17110783127166218
1361874002101297158,negative,0.06693372327754489
1361874003212652548,negative,1.2936507640253172e-05
1361874003519021058,negative,0.004086329021375562
1361874003896528901,negative,0.012593957822313285
1361874004273987584,negative,3.5216772755926464e-06
1361874004617822208,negative,0.003558057708908329
1361874004798242819,negative,0.006341000987395532
1361874005104472067,neutral,0.5286592305484716
1361874005133844483,negative,0.005604325898129143
1361874005372923908,negative,0.030658631702848844
1361874005620363270,negative,0.01869870988099018
1361874006866067458,negative,1.2936507640253172e-05
1361874006945665027,negative,0.011422829848464027
1361874006949978113,negative,0.2706325850914428
1361874007008624641,negative,6.780856761346812e-14
1361874007038042115,negative,0.00025295631922529825
1361874007121817601,negative,0.0010135391573495229
1361874007205756929,negative,0.00749442447098596
1361874007696437253,negative,0.09418084068739434
1361874010045349896,negative,0.3046101175466245
1361874010120859648,negative,0.0082458490959877
1361874010494169089,negative,0.25550782312847725
1361874010682908672,negative,6.751286354918126e-06
1361874010871578626,negative,0.2336282789628039
1361874014499602433,negative,1.2936507640253172e-05
1361874014541611010,negative,1.2936507640253172e-05
1361874014659104770,negative,0.01564432942208198
1361874015862808579,negative,0.00020489089115316672
1361874016147939329,negative,0.03937045922557521
1361874016684941317,neutral,0.3565928076186849
1361874017846779919,negative,0.0012461847418759407
1361874018245218304,negative,0.09281467574460352
1361874018727579656,positive,0.954873127285284
1361874018941345796,negative,1.2936507640253172e-05
1361874020195594243,negative,0.002988925608052877
1361874020589838337,negative,0.09198090351033562
1361874021390909442,negative,0.21659070216520487
1361874021432885249,negative,0.05357457512678084
1361874021839556612,neutral,0.49789225920557484
1361874022468829186,negative,0.016787884429364814
1361874022611488771,negative,0.0026597942050713224
1361874023899160578,neutral,0.46127768308170247
1361874025262293004,negative,0.0010135391573495229
1361874025421574148,negative,0.016787884429364814
1361874027451621386,negative,0.00276762668987139
1361874027674021889,negative,0.024799532150057813
1361874027980054532,negative,0.017984896579314208
1361874029188161540,negative,0.20283175685192828
1361874029423038465,negative,0.129393378198483
1361874030035230721,negative,0.11271080343984559
1361874030681329667,negative,0.038920784622147805
1361874031075614723,negative,0.05208413089109728
1361874033122361346,negative,0.05106637002907062
1361874033206247424,negative,0.009959724022684842
1361874033466347528,negative,1.2936507640253172e-05
1361874034997268483,negative,0.010680776407679568
1361874035236368384,neutral,0.4667281207494068
1361874035819360257,negative,0.08941844409604452
1361874035823501313,positive,0.7128638320325897
1361874038000394241,positive,0.7824787724040015
1361874038633750533,negative,0.002822284901713726
1361874039426453506,negative,0.08615019002519037
1361874039619399680,negative,0.018881089919087168
1361874040063934468,negative,3.963280914547515e-06
1361874040198225922,negative,0.013255239653530001
1361874040428908546,negative,0.0018145507610497283
1361874042274390029,negative,0.01869870988099018
1361874046338629633,neutral,0.4853896596109071
1361874046758105088,negative,0.05357457512678084
1361874047651352586,negative,0.1256469064161899
1361874048930770949,negative,0.005314036913586103
1361874050570735624,negative,0.00028305608871124035
1361874052445573123,negative,0.007954388140783968
1361874056174329857,negative,0.02439068850856169
1361874057344483329,negative,0.0016770018017662899
1361874058573398016,negative,0.033496634529330854
1361874059789754372,negative,0.0004966788318731363
1361874059928215559,negative,0.2723360739951617
1361874061769506817,negative,0.22329524181951677
1361874062302134278,negative,2.4238777713300756e-05
1361874063912816652,negative,0.21257333126602235
1361874072339173378,negative,0.0038712641655717847
1361874072959877123,negative,0.09797448730401104
1361874072972500993,neutral,0.5209932010848836
1361874073480003587,neutral,0.4853896596109071
1361874073630957571,negative,0.2070084568655857
1361874073664577536,negative,0.3020135550609068
1361874074687975424,negative,0.012593957822313285
1361874075648479235,negative,1.2936507640253172e-05
1361874077246513160,negative,0.0016770018017662899
1361874078643142662,negative,0.0005414823282189465
1361874081906388993,negative,0.2287206037784227
1361874082019557380,negative,0.006859936298705416
1361874082673946625,negative,0.0018145507610497283
1361874084896866306,negative,0.003616903744319055
1361874086469783553,negative,0.00035755761198535437
1361874088113934337,negative,0.11105713477849632
1361874088948502528,neutral,0.5406493168195022
1361874091934953473,positive,0.9231540142841823
1361874093671342083,negative,0.013807455330012288
1361874095206522881,negative,0.001363782482016651
1361874095537676294,negative,0.028461166053449588
1361874096062144513,negative,0.00892003569622754
1361874097039421441,negative,4.021488333905368e-07
1361874097668579329,negative,0.09797448730401104
1361874098226307073,negative,1.2936507640253172e-05
1361874100893933572,negative,0.0018145507610497283
1361874102471053315,negative,0.03335383108673471
1361874104048095236,negative,0.003616903744319055
1361874104119422978,negative,0.017984896579314208
1361874104681381888,negative,0.08615019002519037
1361874106778583045,negative,0.00020130582430730686
1361874107428700160,negative,0.07848568489325435
1361874109815263232,negative,0.238139266195977
1361874111451062272,negative,0.0002124389959480032
1361874111769706496,negative,0.0018145507610497283
1361874112453480452,negative,0.02315055182433907
1361874113145495552,neutral,0.4667281207494068
1361874117067218959,negative,0.04762901604520223
1361874120678506498,negative,0.2287206037784227
1361874120858865665,negative,0.00010309601965185907
1361874121349562368,negative,0.006609832398081256
1361874122440019970,negative,1.2936507640253172e-05
1361874122851123205,negative,0.2248871272402879
1361874124642123776,negative,0.005314036913586103
1361874125501865991,negative,0.10346597115029324
1361874126210822145,negative,0.005782038052619196
1361874128018489345,negative,0.01869870988099018
1361874129754988549,negative,0.0029188040272063185
1361874129972957186,negative,0.013807455330012288
1361874132036694019,negative,0.09151565997391957
1361874132292444163,negative,0.276990151995389
1361874132997136390,negative,0.0010135391573495229
1361874133894766594,negative,0.09151565997391957
1361874135081771009,negative,0.2270916242691431
1361874136151322627,negative,0.05357457512678084
1361874136339939330,negative,0.2606082249004804
1361874136621006853,negative,0.05357457512678084
1361874139905224705,negative,0.0028749314900502303
1361874140311875590,negative,0.0045894883575813405
1361874141746454529,negative,0.0014435211140411926
1361874143550066688,negative,3.0049391682964487e-07
1361874144543993858,negative,0.2270916242691431
1361874146985181188,negative,0.0045894883575813405
1361874147949871104,negative,3.5426627016263606e-06
1361874152962088963,negative,0.05357457512678084
1361874154933354498,negative,0.05357457512678084
1361874155025620992,negative,0.03664246672486023
1361874156518785026,negative,0.2157852973131094
1361874156975980545,negative,0.24833193635417755
1361874157059919872,negative,0.0016770018017662899
1361874158389460995,positive,0.8449706451271007
1361874158729138182,negative,0.009761345140847096
1361874159350009866,negative,9.144480654569534e-05
1361874159584882693,positive,0.6752804012543866
1361874159668756480,negative,0.09797448730401104
1361874160570544132,negative,0.05357457512678084
1361874160851517442,negative,2.1328169277588322e-07
1361874161170345984,negative,0.08821447544624814
1361874161216479235,negative,0.004907861214960467
1361874161359089668,negative,0.0005355367510211682
1361874161442947074,negative,0.0010135391573495229
1361874161786789888,neutral,0.35640478905408673
1361874162059386880,negative,0.0011273660141492346
1361874162936070146,negative,1.8734562271535088e-05
1361874165045813249,negative,7.860377168561408e-05
1361874165544873985,negative,7.461382137720118e-06
1361874167201685508,neutral,0.48481419304338763
1361874167470166018,neutral,0.49789225920557484
1361874168321572865,negative,0.0011960531776240052
1361874169303031808,neutral,0.3545536465766357
1361874171597369345,negative,0.004478927258780815
1361874172801150976,negative,0.000222846385753774
1361874173413490689,negative,0.0020993090644885175
1361874174264958981,positive,0.966293971684355
1361874174952820736,negative,0.0002977285144143152
1361874176815099906,negative,0.09281467574460352
1361874177238716421,negative,0.3128792522391553
1361874177880436738,negative,0.009959724022684842
1361874178920562688,negative,1.860761828181878e-05
1361874178975105026,neutral,0.4667281207494068
1361874179147124736,negative,0.2270916242691431
1361874179839172610,negative,0.004757157643562101
1361874179843362822,negative,0.1897595822684432
1361874180086587392,negative,0.004086329021375562
1361874180887764993,negative,2.1328169277588322e-07
1361874181089091584,negative,0.05802915873378079
1361874182183788546,negative,0.00720160272808345
1361874182745837571,neutral,0.4545904767683513
1361874183916056579,negative,0.07800672398898323
1361874184339603456,negative,0.00091788814696798
1361874185023229952,negative,0.023559562580874365
1361874185077874690,negative,0.0017334760948033504
1361874185530744832,negative,0.032377968351464316
1361874185673400324,negative,2.1328169277588322e-07
1361874186185052160,negative,0.2598407968380923
1361874186449260548,negative,0.08359832265289407
1361874187539910657,negative,0.0468217707996781
1361874187829272580,neutral,0.45750809082621896
1361874189586554880,negative,0.00020130582430730686
1361874189699977216,negative,0.05357457512678084
1361874190270427142,neutral,0.5181965328242787
1361874190421401600,neutral,0.37013684287600723
1361874192329768961,negative,8.264058748807487e-05
1361874192912830473,negative,0.0006368637099472869
1361874193223196676,positive,0.9997088714815023
1361874193399316484,negative,0.000990050929999318
1361874194246610945,negative,2.6334288318948134e-11
1361874194535956481,negative,4.413376902025267e-05
1361874194540158978,negative,0.035207153358869384
1361874194925899777,negative,0.00015096421758854718
1361874195769004032,negative,0.0004963985201758914
1361874195941048333,negative,0.004892257398399707
1361874196826095620,negative,0.028706646150019118
1361874197040029696,negative,0.0004963985201758914
1361874197052485633,negative,0.004105393455555565
1361874197874622465,negative,0.008787525787110336
1361874198000500737,negative,0.01241233477651955
1361874198256357378,negative,0.21324998322146071
1361874198596096002,negative,0.12693968478489281
1361874199438970886,negative,0.15275052416388077
1361874199950675971,negative,7.595969077341419e-05
1361874200613564416,negative,0.0005088627560304163
1361874200638619650,negative,4.1011749923846e-05
1361874201213362179,negative,0.00010177762460849017
1361874201448169478,negative,0.0314484057255293
1361874201515159552,positive,0.9806003299703024
1361874201901035521,negative,0.048933419350629725
1361874202496819201,negative,1.3812993110793645e-05
1361874203171987456,negative,0.0002278268069008935
1361874203293724672,negative,0.2270916242691431
1361874204807815170,negative,0.21921412548362115
1361874205361532928,negative,0.005527170083806231
1361874207244775426,negative,1.3653999133431458e-05
1361874207538352130,negative,0.00028512364604243794
1361874207664009216,negative,0.029590328450427493
1361874208368771077,negative,0.002344729421398334
1361874208968572931,negative,0.0004963985201758914
1361874211007066112,negative,0.0005355367510211682
1361874212340834304,negative,0.23547448214396235
1361874213108334598,negative,0.012733965306920133
1361874213133553666,negative,0.00015418457969662886
1361874213288644615,negative,0.003970901874489672
1361874213854842880,negative,0.04521741015901718
1361874214819672066,negative,0.0004963985201758914
1361874215717253121,negative,9.078232306352716e-07
1361874216551936004,negative,0.05357457512678084
1361874217239740416,negative,0.2287206037784227
1361874218397421569,negative,0.03983031260542193
1361874219135610881,neutral,0.4323510242933817
1361874219529875457,negative,7.715835230906505e-05
1361874219756355586,negative,0.0043475920255877315
1361874219945103363,positive,0.8449706451271007
1361874220544905219,negative,0.010680776407679568
1361874221400530945,negative,0.019989593375312815
1361874221765378048,neutral,0.4237337412615085
1361874222608506881,positive,0.9805062973159188
1361874223141117954,negative,0.030461333279747257
1361874224684670979,negative,0.00020130582430730686
1361874225330589696,negative,0.0021554148847810046
1361874225502560259,negative,0.001828033853198001
1361874225754161155,negative,0.05357457512678084
1361874225766793222,positive,0.7228705013161616
1361874225766797312,negative,0.02839517461614872
1361874226270068736,negative,0.10888790560604424
1361874227478020097,negative,9.31324689938134e-15
1361874228707028995,negative,0.0007984219747013287
1361874228891500548,positive,0.720385791119503
1361874229306753025,negative,0.0002977285144143152
1361874230183395328,negative,0.01170241488629889
1361874231890436096,negative,0.0050579991365638085
1361874232511258625,negative,0.3020135550609068
1361874235296219140,neutral,0.6128527806443389
1361874235887677443,neutral,0.49789225920557484
1361874236059443200,neutral,0.6346277116764162
1361874236495831042,negative,0.005527170083806231
1361874236697174016,negative,0.010680498306051698
1361874237464707072,negative,0.20415194740456125
1361874238089617408,negative,0.004757157643562101
1361874239763189761,negative,0.00041863769733691686
1361874240115515397,neutral,0.5495922250151081
1361874240522313728,negative,0.21324998322146071
1361874240606253060,negative,0.016110347994777504
1361874240627232768,negative,0.04728269147515667
1361874240958566402,negative,0.0019721506107450624
1361874241017311235,negative,1.8734562271535088e-05
1361874242237648902,negative,0.016787884429364814
1361874242799882242,negative,0.005604325898129143
1361874243294789632,negative,0.10715633970361955
1361874243689058305,negative,0.034864467066877146
1361874243848388609,negative,0.0021029124790741234
1361874244070756352,negative,0.2003595770826265
1361874245731692544,negative,0.00720160272808345
1361874246205509632,negative,0.1705196658734365
1361874248323727361,negative,0.0003076056962548066
1361874248361521153,negative,0.0004963985201758914
1361874248776749057,negative,0.004086329021375562
1361874249053589504,negative,3.0307733294967923e-05
1361874251058446338,negative,0.005716637004156381
1361874251565924355,negative,0.002086237303569625
1361874251763093508,negative,5.920947693864641e-10
1361874251901452288,negative,0.041350594160695656
1361874252090249216,negative,7.858390434066288e-06
1361874254279622662,negative,2.1328169277588322e-07
1361874254573297664,negative,0.1771791862348512
1361874254728429568,negative,0.05931198351197742
1361874254858510340,negative,0.00010075577805108141
1361874254908784643,neutral,0.4964118300361966
1361874255630188546,negative,0.023075944015281635
1361874256917917696,negative,0.004086329021375562
1361874257022775301,negative,9.123660013132381e-07
1361874257186328580,negative,0.033804987877426175
1361874257337344000,negative,0.21412433154803479
1361874257446322183,neutral,0.45293461209902236
1361874258666913792,neutral,0.4373566423025436
1361874258981498883,negative,0.2327052516117644
1361874260478877697,neutral,0.403718931450955
1361874261506465793,negative,0.1552957530501846
1361874261795823619,negative,2.5163560977344177e-05
1361874261795889154,negative,0.010618848069565425
1361874263087669249,negative,0.14859121172013245
1361874263142141955,negative,0.033402959313287205
1361874263171604480,negative,0.0014435211140411926
1361874263431602177,negative,3.562610800857291e-05
1361874263708434433,negative,0.0315375708824792
1361874264249438211,negative,1.2936507640253172e-05
1361874264320864265,negative,7.715835230906505e-05
1361874264920629253,negative,2.3631256081062406e-05
1361874265532817410,negative,0.06502500097872087
1361874265990168580,negative,0.00028124586111928055
1361874266019528708,negative,0.0004438197153451352
1361874266132602881,negative,0.15382327319929384
1361874266631864322,neutral,0.4964118300361966
1361874266829049857,negative,0.004086329021375562
1361874267374309378,negative,0.035123581895652706
1361874267864850438,negative,0.05446778547152315
1361874268145868806,negative,0.05446778547152315
1361874269265887232,negative,0.05892982837770023
1361874269614051329,negative,1.0201056386587385e-06
1361874270096252930,negative,0.1563851242949093
1361874270243213312,negative,0.09530948409055756
1361874270561820673,negative,0.1563851242949093
1361874271140732929,negative,1.2936507640253172e-05
1361874271237271554,negative,0.05357457512678084
1361874271270809602,negative,0.22420583782076137
1361874271480336384,negative,0.05352904886041842
1361874271509876736,negative,0.005914201746047578
1361874273141456896,negative,0.14253048773046617
1361874273598640129,negative,0.003970901874489672
1361874273732882440,negative,0.013001752168251966
1361874273741201410,negative,0.01783695133542891
1361874273862754307,negative,0.016787884429364814
1361874274525528068,negative,0.0022600808968974095
1361874274684964865,negative,0.00666324598774434
1361874275016278017,negative,2.4941978590600627e-07
1361874275670450179,negative,0.05659661432313544
1361874275683229696,negative,0.0009286375633135558
1361874275880239105,neutral,0.4507454498615163
1361874276081569794,negative,4.075511940932459e-06
1361874276681478147,negative,0.0016770018017662899
1361874276928864258,negative,3.4454078477687496e-06
1361874277130117120,negative,0.037177097744751794
1361874277230911493,negative,0.01372655318087359
1361874277537112066,positive,0.9779081525615942
1361874278111715330,negative,0.007645904060065005
1361874278547939331,negative,1.2936507640253172e-05
1361874279609073668,negative,0.001128053374032825
1361874280443650048,negative,0.00016303113285761123
1361874280846217218,negative,0.23988732993880882
1361874281840410630,negative,0.0004127514285876195
1361874282587029504,negative,0.001891183580962971
1361874282591055876,negative,0.20118071425676004
1361874282918281217,negative,0.02853865961541794
1361874283841138690,negative,0.09126787907567749
1361874284281556994,negative,0.3110734899390277
1361874284868562946,negative,0.1826650518364943
1361874286386978820,negative,0.06815522424954162
1361874286571638786,negative,0.1728953783968395
1361874286617706497,negative,0.019989593375312815
1361874287632728066,negative,0.001891183580962971
1361874287787991043,negative,0.00013972871056856098
1361874289469894658,neutral,0.4853896596109071
1361874289562165251,negative,0.0029311105210509483
1361874289935450116,negative,0.31739997238104634
1361874289943662593,negative,1.2936507640253172e-05
1361874289989976066,neutral,0.4083289334275003
1361874291306815490,negative,0.28930445208857464
1361874291315277830,negative,1.2936507640253172e-05
1361874291340546055,negative,0.000181343210778222
1361874291957002243,negative,0.0012959481502826371
1361874292099731456,negative,0.033194606476668935
1361874292120690691,negative,0.004757157643562101
1361874292443648006,negative,0.1246273950239621
1361874293714526209,negative,0.02439068850856169
1361874294066843649,negative,0.056695696286986126
1361874294633037827,positive,0.7228705013161616
1361874294972833796,neutral,0.4667281207494068
1361874295635513345,negative,0.0015768985306212212
1361874295639654401,negative,0.0002977285144143152
1361874296096894977,negative,2.6743284854422935e-09
1361874298567233538,negative,0.0010540451309106965
1361874298701574146,negative,0.05357457512678084
1361874299250909187,negative,0.017984896579314208
1361874299401994242,neutral,0.35362277955607824
1361874299813064704,positive,0.9487930595798238
1361874300190482435,negative,0.013843497850535822
1361874300706426883,positive,0.9633894245446962
1361874301511606276,negative,0.00020130582430730686
1361874301847277570,negative,0.000990050929999318
1361874302421794816,negative,3.427475763378293e-05
1361874302526701568,negative,0.05205645563683465
1361874303176896514,negative,0.0028307793280024913
1361874303705370624,negative,0.011724737227430823
1361874304137375749,negative,0.10091099155150356
1361874304418340866,negative,0.0004794594201680375
1361874304661680128,negative,0.07460568534354083
1361874304745558024,negative,0.00039785535954796645
1361874305424973824,negative,0.00012684914431857999
1361874305651339265,negative,4.1011749923846e-05
1361874305970225153,neutral,0.4668851905993484
1361874307106938881,negative,0.000990050929999318
1361874308365180928,negative,0.012733965306920133
1361874308419579907,negative,0.15918667461932703
1361874309229268994,negative,0.011592040180563831
1361874310227398656,negative,1.2936507640253172e-05
1361874310651084801,negative,0.05357457512678084
1361874311406096385,negative,0.0038712641655717847
1361874311494123522,negative,0.030097005031004227
1361874312022605826,negative,0.016787884429364814
1361874312152682496,negative,0.00020130582430730686
1361874312421113862,negative,0.2270916242691431
1361874313205448706,negative,0.03824299981805227
1361874313536749568,negative,0.0005355367510211682
1361874315164147712,negative,0.17180287677118386
1361874315579334662,negative,7.461382137720118e-06
1361874316657221632,negative,0.17083780974751095
1361874317026287617,negative,0.214006560130113
1361874317202530309,negative,1.2936507640253172e-05
1361874317655609345,negative,0.004086329021375562
1361874317672394754,negative,3.4454078477687496e-06
1361874318116986881,negative,0.0009286375633135558
1361874318137827334,negative,0.004125133722766094
1361874318502678530,negative,0.00019692275399311833
1361874319673090048,negative,1.0090590067963723e-07
1361874319824072705,negative,0.003063938678352139
1361874319996039169,negative,0.004086329021375562
1361874320675516417,negative,1.2936507640253172e-05
1361874321061392386,negative,0.09797448730401104
1361874321266905089,positive,0.9920239195433589
1361874321791148037,negative,0.041350594160695656
1361874322281820164,negative,0.03628649305542313
1361874323154337795,negative,0.058807866646176585
1361874323439558660,negative,0.00017024727121880674
1361874323691167744,negative,0.0087700997304632
1361874323850551297,negative,0.15197433669104876
1361874325272473603,negative,0.005604325898129143
1361874325565939715,neutral,0.40506534230917196
1361874325708636161,negative,0.02439068850856169
1361874326811799554,negative,0.0016253739384305057
1361874326992150530,negative,4.726622647021661e-07
1361874327130562560,negative,0.09797448730401104
1361874327810035713,negative,0.06545136396469223
1361874328359428099,negative,0.033194606476668935
1361874328636293123,negative,4.1553514148378835e-06
1361874330251100163,negative,0.11105713477849632
1361874330641121282,neutral,0.48728019602140255
1361874330733469699,negative,0.005314036913586103
1361874331408740354,negative,0.0038712641655717847
1361874331412946944,negative,0.009761345140847096
1361874331828183042,negative,0.0076627860343016895
1361874332373278723,negative,0.017984896579314208
1361874332373417992,negative,0.000990050929999318
1361874332952252418,negative,0.011332112714301982
1361874333577084928,negative,0.1336995657242304
1361874333828792320,negative,0.020245608371976982
1361874334990675973,negative,0.09797448730401104
1361874335066189824,negative,0.15250061942374074
1361874335661772800,neutral,0.553749164753881
1361874336769060865,negative,5.547586483555178e-06
1361874336945070081,neutral,0.5655826440228839
1361874337624686595,negative,0.010167324819654017
1361874337964384256,negative,0.033496634529330854
1361874338375364612,negative,0.05357457512678084
1361874339591819264,negative,0.0159677364624094
1361874341479202816,negative,0.01869870988099018
1361874342418788352,negative,0.000990050929999318
1361874342527840256,negative,0.09797448730401104
1361874342641078272,negative,7.703932177828186e-06
1361874343538606080,negative,0.000990050929999318
1361874344993984519,negative,0.010536406285460057
1361874345149267971,negative,0.034864467066877146
1361874345291886594,negative,0.032377968351464316
1361874346181070850,negative,0.12625401927935648
1361874346332082177,negative,0.18620491622143104
1361874346424295425,negative,0.0009491062771751266
1361874346646654982,negative,0.11690958181569884
1361874348445941761,neutral,0.48481419304338763
1361874348462788614,negative,0.019989593375312815
1361874348672503813,neutral,0.49789225920557484
1361874350018752513,negative,0.0030020793044614703
1361874350119518217,positive,0.966293971684355
1361874350811586563,negative,0.00022326571768818245
1361874352015253515,negative,6.587877312390551e-09
1361874352833093634,negative,0.023139963450933228
1361874353013612544,negative,0.007275331649734032
1361874353621663746,negative,0.019779594456796955
1361874353789493249,negative,0.01756057067760346
1361874353856548869,negative,0.032377968351464316
1361874354074767368,negative,0.0015343017638724213
1361874354527690752,negative,0.09797448730401104
1361874355353976832,negative,7.66735522443285e-06
1361874355668590592,negative,0.12693968478489281
1361874355878322178,negative,0.02439068850856169
1361874359346991104,negative,0.029722762497409357
1361874360966012930,negative,0.03791627134522328
1361874361041510410,negative,0.02839517461614872
1361874361402220544,negative,0.003970901874489672
1361874361616113666,negative,0.00439030672464295
1361874362656198658,negative,0.008160647542272621
1361874363293655044,negative,0.00020130582430730686
1361874363339792386,negative,0.033496634529330854
1361874363478380544,negative,2.339953655661389e-05
1361874364296216579,negative,0.0021057342376929007
1361874364589895680,positive,0.8755686321492555
1361874364954722306,negative,0.041350594160695656
1361874365151916035,negative,0.08615019002519037
1361874365323837441,negative,0.005964500833516262
1361874365491593218,negative,0.016110347994777504
1361874366896701442,negative,0.004504232962672696
1361874367827730440,neutral,0.4667281207494068
1361874368582844417,negative,1.2936507640253172e-05
1361874371590127623,negative,0.004711532918898615
1361874371942494213,neutral,0.34795766205996864
1361874373221765121,negative,0.00024292619579313076
1361874374350032896,negative,0.016787884429364814
1361874374635048962,negative,1.2936507640253172e-05
1361874375146831875,negative,0.0002677120613089591
1361874376715567112,negative,0.04581770378565799
1361874376887566338,negative,0.004959303240017096
1361874377009074176,negative,0.00015096421758854718
1361874377202163716,neutral,0.49789225920557484
1361874378338623489,negative,0.15275052416388077
1361874378380746760,negative,0.033194606476668935
1361874378397376515,negative,0.013807455330012288
1361874380607918080,negative,0.05357457512678084
1361874380758917122,negative,0.16464994493176202
1361874382004625411,negative,0.07211524190255211
1361874382218539011,negative,0.3247827604883775
1361874382256242688,positive,0.84654850150124
1361874383174840322,negative,0.06919178400989995
1361874383992578048,negative,0.15275052416388077
1361874384084942849,negative,0.000990050929999318
1361874385666273282,negative,7.263681252918724e-06
1361874386211463175,negative,0.000697705663261945
1361874386547060738,negative,0.0046822017098186106
1361874386689658881,negative,0.05208413089109728
1361874388182835207,negative,6.534933555267757e-06
1361874388405084160,negative,0.03379891532324992
1361874389302734853,negative,0.004478927258780815
1361874390707765250,negative,0.10944822003342888
1361874390900756486,negative,1.1647951456518847e-07
1361874391001403393,negative,0.000990050929999318
1361874391081115655,negative,0.050091411345444044
1361874392599429121,negative,0.0002977285144143152
1361874392649773059,negative,0.0468217707996781
1361874393928974341,negative,0.026256083426674928
1361874395116023814,negative,0.04380816347865611
1361874395720019969,neutral,0.49789225920557484
1361874396630114307,negative,0.12780280218894333
1361874397443858434,negative,0.013948778576140644
1361874399436169217,negative,0.000990050929999318
1361874399767506944,negative,0.004086329021375562
1361874400165974018,positive,0.9779081525615942
1361874400321155080,negative,0.006217424018096347
1361874400736239617,negative,0.005604325898129143
1361874401738829825,negative,1.3118635338688407e-06
1361874401810026497,negative,5.1750287681499805e-06
1361874403630407686,negative,0.00108612151427691
1361874403693314050,negative,0.17110783127166218
1361874404418928649,negative,0.18608466503753784
1361874405127835651,negative,0.29292899295481994
1361874405186547713,negative,0.05357457512678084
1361874405396271105,negative,0.060478273157031644
1361874406004424712,negative,0.0001754741171529254
1361874406113435648,negative,0.04526885811592329
1361874406864207875,negative,0.03379891532324992
1361874407149301773,negative,0.23988732993880882
1361874408344854529,negative,0.03490537139344192
1361874408814628867,negative,0.3122639449501142
1361874408927731712,negative,0.1550815349476316
1361874408936210435,negative,0.000990050929999318
1361874410345426948,negative,0.21257333126602235
1361874410458734592,negative,9.512108268749251e-06
1361874410584571905,negative,0.29471718451465917
1361874412178399232,negative,0.0002977285144143152
1361874412203503621,negative,0.000760281081255939
1361874412434305026,negative,0.00013282896157132697
1361874412614672385,negative,0.004892257398399707
1361874413193490433,negative,0.0003270367379086387
1361874413428367360,negative,0.01226863775844593
1361874414850224128,negative,0.09175527122354733
1361874414854356992,negative,0.011322098644435693
1361874415600951305,neutral,0.46868074665779524
1361874415785566208,positive,0.792628162023723
1361874418537005056,negative,0.31251327812974533
1361874419484925962,negative,0.005527170083806231
1361874420252499971,negative,3.1970896349019965e-05
1361874420327845890,negative,0.05352904886041842
1361874420575436802,negative,0.004711532918898615
1361874421854707712,negative,0.17110783127166218
1361874422089584643,negative,0.000990050929999318
1361874423108702209,negative,0.016787884429364814
1361874423175729152,negative,0.0002154057627606076
1361874423503011843,negative,0.02487634209388752
1361874423754747906,negative,0.09530948409055756
1361874424291450881,negative,0.0018145507610497283
1361874425763749893,negative,7.552180868349369e-06
1361874425898020865,negative,1.0297747140457822e-05
1361874426887761925,negative,0.00017024727121880674
1361874426967580676,negative,5.902417154861717e-12
1361874427189882886,negative,0.29761571709333384
1361874428599148551,negative,4.534342661939723e-05
1361874429802856452,negative,0.0014435211140411926
1361874430134222848,negative,0.05357457512678084
1361874430767607809,negative,0.0001933108139154299
1361874431224741891,negative,3.427475763378293e-05
1361874432327901186,negative,0.2390937001935836
1361874432550174724,negative,1.625554059001434e-09
1361874433045102593,negative,0.007416303748662268
1361874433066024960,positive,0.8449706451271007
1361874433351315456,negative,0.2897634554724902
1361874433707827202,negative,0.14708558949184208
1361874434672369664,negative,3.6860439106232884e-05
1361874435297353731,negative,5.295390734651525e-07
1361874435620372483,negative,0.09530948409055756
1361874435985317889,negative,0.2715986399098022
1361874436144705536,negative,0.0009286375633135558
1361874436983554049,negative,0.0002977285144143152
1361874437516197889,negative,0.0062877297735551745
1361874437851734023,negative,0.2818781069636351
1361874438665375745,positive,0.8449706451271007
1361874438711566337,negative,0.000423514510803206
1361874438950703105,negative,0.006859936298705416
1361874439269400584,negative,0.18795859623648656
1361874439739236355,negative,0.012264430880202402
1361874439886041091,negative,9.144480654569534e-05
1361874441001521153,negative,0.01869870988099018
1361874441161084929,negative,0.010233199552116221
1361874441186275330,negative,0.004002353504187527
1361874441240723464,negative,3.0701923037778752e-06
1361874441643393025,negative,1.840671619651395e-05
1361874442515791873,negative,0.0026408863518842516
1361874444113829888,negative,0.005771336508332041
1361874444709294081,negative,0.004086329021375562
1361874444751413249,negative,0.004478927258780815
1361874447473532937,negative,0.00020130582430730686
1361874447553032193,negative,0.00020130582430730686
1361874447653687297,negative,0.2270916242691431
1361874447674793986,negative,0.003063938678352139
1361874447913934852,neutral,0.49789225920557484
1361874449868333056,negative,0.2270916242691431
1361874450006872068,negative,0.007735937293983702
1361874450400993282,negative,0.1934841929976673
1361874450778644485,negative,2.3021432883452092e-07
1361874450870894593,negative,0.000990050929999318
1361874450896068610,negative,0.007223059109533057
1361874451143524356,negative,0.0014435211140411926
1361874451684593671,negative,1.5147234558806916e-05
1361874452871598083,neutral,0.3726847435457324
1361874453714636806,negative,0.016575310659144273
1361874454532542467,negative,1.0297747140457822e-05
1361874455946014720,negative,0.13243501551947115
1361874456025661442,negative,0.0013084898926973545
1361874456445091841,neutral,0.3852523788670174
1361874456868769793,neutral,0.44525447722397243
1361874458605150213,neutral,0.37874993579954885
1361874459158847489,negative,1.7914561933859621e-06
1361874459389530112,negative,0.05357457512678084
1361874459892850689,negative,0.17110783127166218
1361874459930550274,negative,0.005716637004156381
1361874460366749702,negative,0.29103102993209923
1361874460601679873,neutral,0.5658409942690321
1361874460668747776,negative,0.010873429198365493
1361874461574762507,negative,0.02439068850856169
1361874461830483977,negative,0.00028124586111928055
1361874462799446016,negative,0.00044725134211801053
1361874463634112512,neutral,0.39274765723876304
1361874464506576897,positive,0.9805062973159188
1361874464514965507,negative,5.057119360755231e-10
1361874464598876161,negative,0.000990050929999318
1361874464829546505,negative,0.255652605646607
1361874465097998338,positive,0.9087641951894061
1361874465890705412,negative,0.000990050929999318
1361874466075267073,negative,0.0008701253827319157
1361874466251411458,negative,0.23525636682699314
1361874466259820559,negative,0.00020930911796022904
1361874466381254657,negative,0.15275052416388077
1361874467182501889,negative,0.01921257954171843
1361874467190943744,negative,0.026545128663504797
1361874467509702657,negative,0.04747891129994188
1361874467656499204,negative,0.006859936298705416
1361874468612820994,neutral,0.4274047939449264
1361874468688248837,negative,0.0038712641655717847
1361874469719994372,negative,0.004711532918898615
1361874469778837506,negative,0.006859936298705416
1361874469954883586,negative,0.01869870988099018
1361874470382796805,negative,0.06325770090132067
1361874470626066436,negative,0.000990050929999318
1361874470894403586,negative,1.2936507640253172e-05
1361874470965764098,negative,0.0026137897196443446
1361874471259430916,negative,0.006376811244267827
1361874472039407619,negative,0.0022664764912796137
1361874472563847170,negative,3.4454078477687496e-06
1361874474572873735,negative,0.005782038052619196
1361874476263231488,negative,0.03746737874012878
1361874476280008704,negative,0.005184480212421963
1361874477055959040,negative,0.001891183580962971
1361874477215346690,negative,0.0001193898709826936
1361874477995417601,negative,0.2812124665127172
1361874478339342336,negative,2.1328169277588322e-07
1361874478473617409,negative,0.04747891129994188
1361874478775599110,positive,0.894625540226325
1361874479245266945,negative,4.164205498016728e-09
1361874479547301888,negative,0.061483376775450294
1361874479807275012,negative,0.02023603281778985
1361874480151281666,negative,0.0016770018017662899
1361874480247824387,negative,0.0008496953345485857
1361874481262841856,negative,0.005303989465459191
1361874481891917826,negative,0.13435251616715033
1361874483808763906,negative,0.09797448730401104
1361874485146705924,neutral,0.41031827077199007
1361874486048489474,negative,0.000990050929999318
1361874486962839554,neutral,0.3639679855064753
1361874487302643720,negative,0.0468217707996781
1361874487420067840,negative,0.009435880821639032
1361874488074391552,negative,0.001891183580962971
1361874488539967490,negative,2.5823153625751646e-05
1361874488615448580,negative,0.00020130582430730686
1361874489336807429,negative,0.012593957822313285
1361874490129600512,negative,0.3043142145473243
1361874491165540352,negative,0.005604325898129143
1361874491408793600,negative,0.04479713725512996
1361874491832475652,negative,0.0004580011604988609
1361874492100927490,negative,0.21257333126602235
1361874492113362946,negative,0.00019692275399311833
1361874492369362947,negative,0.09530948409055756
1361874493216538625,negative,0.0009286375633135558
1361874493489242112,negative,0.23988732993880882
1361874493992361985,positive,0.8542368681346015
1361874494529372163,negative,0.15630830276745175
1361874495401779203,negative,0.09797448730401104
1361874495720411137,negative,0.0087700997304632
1361874496274255875,negative,0.241278691923845
1361874496479776773,negative,0.000990050929999318
1361874498123923458,negative,0.10715633970361955
1361874498266550273,negative,0.24900880054394361
1361874498501308422,negative,0.007301786101129846
1361874499482738689,negative,9.584971819716729e-06
1361874499751333890,negative,0.00023745481905641596
1361874500430651395,negative,0.00032890668002243746
1361874500757905410,negative,0.000990050929999318
1361874500783112194,negative,1.8734562271535088e-05
1361874501500289025,negative,0.000990050929999318
1361874501634580481,negative,4.477860807656303e-05
1361874501659729922,negative,0.017494578387448275
1361874502351794177,negative,0.022508698801506792
1361874504037892106,negative,3.6860439106232884e-05
1361874504222453762,negative,0.10944822003342888
1361874504805277699,negative,0.11533417398472315
1361874505296056321,neutral,0.3497338037277034
1361874505468108805,negative,0.05275360831155048
1361874506365751296,negative,0.07370417904254603
1361874506487386114,negative,0.21262315063761303
1361874506726408196,negative,0.013807455330012288
1361874506910957568,negative,2.998191738124143e-07
1361874507498217476,negative,0.03791627134522328
1361874507527462914,negative,0.0007666428370111485
1361874507640627207,negative,0.04094496840019615
1361874508093812740,positive,0.9383199044531967
1361874508131500045,negative,0.000990050929999318
1361874508483854338,neutral,0.4853896596109071
1361874508760678402,negative,0.015629095523422603
1361874508852953089,negative,0.008879956053849579
1361874509070888961,positive,0.9779081525615942
1361874509435858944,negative,0.11105713477849632
1361874509540720643,negative,0.15275052416388077
1361874510086045696,negative,0.06553508695222857
1361874510711042052,negative,0.051336279047282427
1361874511843512323,negative,0.0028890364937348752
1361874511990198274,neutral,0.47500118685377457
1361874513244397572,negative,0.11078730470781335
1361874513986805760,negative,0.2326420199428501
1361874514192125956,negative,0.02649426445268225
1361874515475771394,positive,0.7228705013161616
1361874515500933124,neutral,0.36440385825114957
1361874515568058368,negative,0.05357457512678084
1361874517484851203,negative,0.17110783127166218
1361874517510008832,negative,0.21257333126602235
1361874517677768705,negative,0.00022415320042247852
1361874518978023432,neutral,0.5979633639375569
1361874519825281026,negative,0.000990050929999318
1361874520106237952,negative,0.03838901031456881
1361874520123052034,negative,0.000990050929999318
1361874520882221056,negative,0.0038712641655717847
1361874521066790915,negative,0.032377968351464316
1361874522039754757,neutral,0.33705391487456143
1361874522442395650,negative,0.011664730065186212
1361874523163815936,positive,0.692053473466296
1361874524543868930,negative,0.044712805593316474
1361874524950720513,negative,0.00020130582430730686
1361874525017825280,negative,6.140930846224288e-05
1361874525462396930,negative,0.09797448730401104
1361874525537796100,neutral,0.5255784232230389
1361874526255120384,positive,0.9779081525615942
1361874526666182661,neutral,0.3318228626708164
1361874527786000385,negative,0.0041604897079766945
1361874528566079490,negative,1.9720821930073882e-05
1361874530990501890,negative,0.016882892266277705
1361874531204304898,negative,0.010702784663252595
1361874531816779779,negative,0.08645787872079731
1361874531992928261,negative,0.04023749359008311
1361874533477715968,negative,0.0020993090644885175
1361874534052335618,negative,1.2936507640253172e-05
1361874534698254336,negative,0.003065264926473213
1361874535335817216,negative,0.00020130582430730686
1361874535704838146,neutral,0.3330951121524989
1361874535776141313,negative,0.2864145558920463
1361874537269387267,negative,0.042954593819376566
1361874537428758528,negative,0.000990050929999318
1361874538242351108,negative,0.00020130582430730686
1361874538515095555,negative,0.06693372327754489
1361874538674458631,negative,0.10959463138292411
1361874538708037637,negative,0.05357457512678084
1361874539555282944,negative,0.05357457512678084
1361874542180769793,negative,0.017850304984436027
1361874542835204098,negative,0.00010292894391026401
1361874543183282180,negative,0.0076627860343016895
1361874543237861379,negative,0.11786918771417619
1361874543246245888,negative,0.03501890977918644
1361874543313367040,negative,2.6981584785796405e-07
1361874543867015168,negative,3.620107555925092e-07
1361874544013807621,negative,0.12374121930561761
1361874546530344961,negative,1.2936507640253172e-05
1361874547306336257,negative,0.004086329021375562
1361874547931283462,negative,2.898077349444826e-10
1361874548396818433,negative,0.011144192924690257
1361874549520891905,negative,0.004086329021375562
1361874550603059200,negative,0.016123597624891038
1361874550766456832,negative,0.05357457512678084
1361874551202844672,negative,0.10715633970361955
1361874551328628739,positive,0.997820926699349
1361874551618101249,negative,0.09530948409055756
1361874551831953409,negative,0.004757157643562101
1361874552092037120,negative,6.316895092554191e-07
1361874552859611136,negative,0.0010493406589820815
1361874553211940869,neutral,0.4836615648449466
1361874553350348809,negative,0.051909196127923996
1361874553824231430,negative,0.018182779790248835
1361874554759610369,negative,6.679045906668591e-05
1361874557125148673,negative,0.3046101175466245
1361874557162950666,negative,1.4069312183721335e-10
1361874559402704905,negative,0.005314036913586103
1361874560153485313,neutral,0.48218945664554064
1361874560547577858,negative,1.5870639711683985e-08
1361874560577015810,positive,0.7228705013161616
1361874561273323521,negative,0.0003923982038642577
1361874562590236674,negative,0.03696365454460867
1361874562644910081,negative,1.2936507640253172e-05
1361874563651563520,negative,2.7259143308527806e-08
1361874563932504064,negative,4.6311774825849373e-08
1361874564163207170,negative,0.05357457512678084
1361874565320818692,negative,3.2233982615317395e-05
1361874565438332928,negative,0.033194606476668935
1361874566390444038,negative,0.05413170782706402
1361874566969233408,negative,4.6311774825849373e-08
1361874567527084040,neutral,0.6242094968955547
1361874567547867138,negative,0.0038228132677717535
1361874567703257088,positive,0.9997088714815023
1361874568823140352,negative,0.022323573652540573
1361874568986718210,negative,0.03501890977918644
1361874569011859457,negative,0.12984879568405366
1361874569443827712,negative,2.6743284854422935e-09
1361874569586483202,negative,0.1196310782948086
1361874569938804737,negative,0.00911716195972042
1361874570140151809,negative,1.498349684719595e-07
1361874570853175296,negative,6.597881163019563e-05
1361874571515854848,negative,2.5770233174730144e-05
1361874571692036098,negative,0.02023603281778985
1361874572098830342,negative,0.03501890977918644
1361874574082772994,negative,0.00015418457969662886
1361874574388781060,negative,1.2936507640253172e-05
1361874574888103938,negative,0.12693968478489281
1361874575789871104,positive,0.6990333581335987
1361874575802445830,negative,0.0005405452182681418
1361874575886278658,negative,0.005184480212421963
1361874576133808139,positive,0.8297715025750092
1361874577182371840,negative,0.013255239653530001
1361874578549714944,negative,0.022115040833701215
1361874578721693699,negative,0.004693126352701164
1361874578901991426,negative,0.03696365454460867
1361874579308871682,negative,0.04479713725512996
1361874579501813760,neutral,0.49789225920557484
1361874579824644101,neutral,0.45509543827038806
1361874579862532097,negative,2.4238777713300756e-05
1361874580541964288,negative,0.003117547355270722
1361874581091479555,negative,0.3110734899390277
1361874581213044736,neutral,0.39746114404656896
1361874581905166340,negative,0.006859936298705416
1361874582551076865,negative,0.16305098309036486
1361874582840487946,negative,0.16460894108134297
1361874583775817729,negative,3.2965293895913014e-07
1361874584203485192,negative,1.2936507640253172e-05
1361874584912285699,negative,1.2936507640253172e-05
1361874585063460872,negative,0.0468217707996781
1361874585218654208,negative,0.004086329021375562
1361874585612939268,negative,0.000990050929999318
1361874586120433666,neutral,0.4323510242933817
1361874586367889410,negative,0.0012148496231762142
1361874586787344384,negative,0.020778260831952923
1361874587659563010,negative,0.032377968351464316
1361874587764494337,negative,0.0005607081311506511
1361874587911393280,negative,0.05357457512678084
1361874589874282500,negative,0.015588462689835316
1361874590830485508,negative,0.0033025051089800948
1361874591392620545,negative,1.3548211715445832e-08
1361874591480762369,negative,0.001891183580962971
1361874591497342978,neutral,0.49789225920557484
1361874591757524993,negative,0.0019903319919121073
1361874591933739012,negative,5.2447516762677234e-05
1361874592613171208,negative,0.032377968351464316
1361874593934422019,negative,1.4522989284562007e-05
1361874595989569542,negative,0.0018145507610497283
1361874596090241026,negative,0.00019692275399311833
1361874596526456833,negative,0.004086329021375562
1361874597071777799,negative,0.00010075577805108141
1361874597688270849,negative,0.000990050929999318
1361874598464286720,neutral,0.4323510242933817
1361874600238399489,negative,0.08545408379192729
1361874601534386176,negative,0.11105713477849632
1361874601798742017,negative,7.951868387399283e-05
1361874602096549890,negative,0.21033566789902375
1361874602402709506,negative,0.028722342639002595
1361874603195392000,negative,0.000990050929999318
1361874603673591808,negative,0.11105713477849632
1361874604004954112,neutral,0.4507454498615163
1361874604218753025,negative,0.006859936298705416
1361874605779083267,negative,0.12693968478489281
1361874607238709248,negative,3.894317682586235e-06
1361874607343611905,negative,0.004086329021375562
1361874607364530187,negative,0.19576051584226958
1361874608673161218,negative,0.23988732993880882
1361874610229248001,negative,0.0001282316005773219
1361874610384474113,negative,0.0026312235671196514
1361874610585763851,negative,0.000990050929999318
1361874611881668613,negative,2.089085006648338e-05
1361874613127548929,negative,0.032857299493615794
1361874613144195073,negative,1.5870639711683985e-08
1361874614075424769,negative,0.0010144493423111674
1361874614201290754,negative,0.0003076056962548066
1361874614700285953,negative,0.004086329021375562
1361874616398925827,negative,0.02439068850856169
1361874617246351363,negative,0.001622012320944179
1361874618680762368,negative,0.24490252709612087
1361874619075072002,negative,0.02839517461614872
1361874619137941505,negative,2.9195944912260718e-05
1361874619658104839,negative,0.000990050929999318
1361874619850838018,negative,0.023559562580874365
1361874620304007168,negative,0.18598802602580827
1361874621386129409,negative,0.0021029124790741234
1361874622145249280,negative,0.09797448730401104
1361874622178803713,negative,0.09797448730401104
1361874622711529474,negative,7.742756420226333e-11
1361874622862532610,negative,0.00385949904156067
1361874623340699649,negative,0.11544081635508753
1361874623374127109,negative,0.0015343017638724213
1361874623562870785,negative,2.6743284854422935e-09
1361874623776841730,negative,0.001891183580962971
1361874624766689283,negative,0.05357457512678084
1361874626457010177,negative,7.541677525674434e-08
1361874626473730052,negative,0.2897383934368775
1361874628159954947,negative,0.09797448730401104
1361874628361281539,negative,0.000990050929999318
1361874628650663943,negative,0.022115040833701215
1361874629380497409,negative,0.000990050929999318
1361874629992800259,negative,9.497152097601597e-10
1361874630080745474,negative,0.06828471034885072
1361874630982524934,negative,0.139548783714202
1361874631452483584,negative,0.006606213683417213
1361874631515381763,negative,0.019989593375312815
1361874631582441476,negative,0.005604325898129143
1361874632446341120,positive,0.9566871126165171
1361874632920485891,negative,1.2936507640253172e-05
1361874634963058691,negative,0.00012358171209365766
1361874635080441857,negative,0.04827847765646318
1361874635898372098,negative,0.023075944015281635
1361874636171001856,negative,0.048851735702001985
1361874636393316355,negative,0.11579010942057401
1361874636934311936,negative,0.016787884429364814
1361874637118967811,positive,0.8449706451271007
1361874637211099139,negative,0.030204576594151464
1361874637223682050,negative,1.2936507640253172e-05
1361874637894918145,negative,0.00020130582430730686
1361874637978824708,negative,0.00010075577805108141
1361874638075293698,negative,0.017850304984436027
1361874638763159555,negative,0.000990050929999318
1361874638809219077,negative,0.11510964433225435
1361874638851211265,negative,1.0297747140457822e-05
1361874639568297986,negative,0.11813710431282312
1361874639652184064,negative,0.000990050929999318
1361874639861936128,negative,3.5216772755926464e-06
1361874639958536194,negative,0.05357457512678084
1361874641304907782,negative,0.00020130582430730686
1361874642319867905,negative,0.001551765509680939
1361874642890330112,negative,0.02630347514207867
1361874644458962946,negative,0.0003400994387396066
1361874645171978245,negative,1.2034970801407888e-08
1361874646363082753,neutral,0.4257612081805749
1361874646417743875,negative,0.000990050929999318
1361874646635806721,negative,8.374169294874021e-05
1361874648263180289,negative,0.0009880485858576227
1361874648422617088,negative,0.000918674440490147
1361874648451973120,negative,0.012593957822313285
1361874648619569152,negative,0.016787884429364814
1361874648967831559,negative,0.00020130582430730686
1361874649609568258,negative,0.08759779275433092
1361874649752174592,neutral,0.48481419304338763
1361874650523967490,negative,0.000990050929999318
1361874651895517184,negative,0.002822284901713726
1361874652344246278,negative,0.00017852725565059506
1361874653292204037,negative,0.05357457512678084
1361874654038753285,negative,0.033194606476668935
1361874654151938049,negative,0.03829992410256085
1361874655070584838,negative,0.00020130582430730686
1361874655783620610,negative,0.0710711800632791
1361874656525967360,negative,3.5216772755926464e-06
1361874656668622850,negative,0.000990050929999318
1361874659009056768,negative,0.07275257019330632
1361874659852091395,negative,0.0036542992359395766
1361874659986276354,negative,0.04221041857281824
1361874660753887233,negative,0.03494478781268983
1361874661739552768,negative,1.404354449424273e-06
1361874662255255556,negative,0.016787884429364814
1361874662263820289,negative,3.1873081759187824e-05
1361874662930718724,neutral,0.4764016209320164
1361874663287193602,negative,1.2936507640253172e-05
1361874663522074624,negative,3.427475763378293e-05
1361874664331628544,negative,0.0025435905934768966
1361874665170419714,negative,0.00022976289107578125
1361874665216610306,negative,0.009462178129694446
1361874665799524352,negative,0.20149325467093282
1361874666311348228,negative,0.00891375960757663
1361874666755928068,neutral,0.4507454498615163
1361874669251493892,negative,0.001891183580962971
1361874669515776002,negative,0.009848487854380835
1361874671583567874,positive,0.6990333581335987
1361874672896344068,negative,0.004086329021375562
1361874673869484034,negative,0.3020135550609068
1361874675249410048,negative,0.03389754984878042
1361874675610091525,negative,0.00014926516014326062
1361874676860014594,negative,0.048851735702001985
1361874677191294983,neutral,0.6036811142298283
1361874677493334018,neutral,0.336119900499751
1361874677552058368,positive,0.7800095476267155
1361874678604722176,negative,0.051909196127923996
1361874678688542720,negative,0.003875666399275892
1361874679791763456,negative,0.09797448730401104
1361874679921848321,negative,0.022099109111642635
1361874680592891909,negative,3.6860439106232884e-05
1361874680634834945,negative,0.004086329021375562
1361874680697802753,negative,0.00020561807695836245
1361874681964466181,negative,0.02843956005779012
1361874682253873158,positive,0.6990333581335987
1361874683763826688,negative,0.07275257019330632
1361874684346793986,negative,0.327378095563068
1361874684573319171,negative,0.05357457512678084
1361874684799819785,negative,0.0069309985301994285
1361874685026328576,negative,0.004892257398399707
1361874685504278529,negative,0.03098392140152107
1361874686062297088,negative,0.14239930088059374
1361874686318157826,negative,0.01869870988099018
1361874687740030976,negative,0.1771791862348512
1361874688675307520,positive,0.8296121317748387
1361874688964706306,neutral,0.553749164753881
1361874690034262018,neutral,0.3852523788670174
1361874690164334597,negative,0.000990050929999318
1361874690294300676,negative,0.0896803251988609
1361874690940104704,negative,0.005604325898129143
1361874691447787521,negative,0.000553272366604666
1361874691514904581,negative,0.004086329021375562
1361874691758120961,neutral,0.41193474847754386
1361874692798259207,negative,1.2936507640253172e-05
1361874692882259974,negative,0.10715633970361955
1361874693146501121,negative,0.0006231027261198045
1361874693205155846,negative,0.05205645563683465
1361874693775646721,negative,0.002378222447355658
1361874696178917376,negative,0.000112858895840701
1361874697181425674,negative,0.07409858964317478
1361874697697316864,negative,1.7787565257330428e-07
1361874698183856128,negative,0.0317428524831321
1361874698435502081,negative,0.017494578387448275
1361874699823828999,negative,0.022115040833701215
1361874699828031493,negative,0.05571481631585723
1361874701354741770,negative,0.2995830450350162
1361874704005361667,negative,0.002822284901713726
1361874704101949450,negative,1.2936507640253172e-05
1361874704454221826,negative,0.013623594544133977
1361874705448390659,negative,0.0024265365763960507
1361874705821630479,negative,0.000990050929999318
1361874706241044482,negative,1.404354449424273e-06
1361874707578908672,negative,0.17530011606073342
1361874709625757696,negative,3.355457233302916e-05
1361874709697224706,negative,0.0007666428370111485
1361874709751685120,positive,0.9638562485692949
1361874710401802240,negative,0.001891183580962971
1361874710523490309,negative,0.19505045247487054
1361874710615760897,neutral,0.5136446707795853
1361874711311839234,negative,0.0001783764279215546
1361874713073635328,negative,0.1489026118724699
1361874713212030977,negative,1.2936507640253172e-05
1361874718052274177,negative,0.00010177762460849017
1361874718392000512,negative,0.00010075577805108141
1361874719084003330,positive,0.8631820571358622
1361874719268626434,positive,0.93614813110056
1361874719306317824,negative,0.027306823983217477
1361874719843241986,negative,0.0001783764279215546
1361874720396894208,negative,0.1771791862348512
1361874720942153730,negative,0.00015418457969662886
1361874722292715521,negative,2.9195944912260718e-05
1361874722594643972,negative,0.0007666428370111485
1361874722653364225,negative,0.0008816047370972163
1361874722821197833,negative,7.66735522443285e-06
1361874723018330113,negative,0.0007839210603744936
1361874723387428864,negative,3.7708554709627053e-06
1361874724368842755,negative,3.98847520015913e-06
1361874724456906753,negative,0.27945694760548073
1361874724582735873,negative,0.24339632402902336
1361874724809306113,negative,0.05357457512678084
1361874725480333314,negative,6.0343232360461026e-09
1361874726172446730,negative,0.000990050929999318
1361874726348591104,negative,0.008157976426003641
1361874727296450561,negative,9.405386939899348e-11
1361874727409704961,negative,0.000990050929999318
1361874728974118913,negative,0.01241233477651955
1361874729498517504,negative,0.010390988315110398
1361874729682968579,negative,0.0010002361821155772
1361874730509336577,negative,0.05357457512678084
1361874730760892419,positive,0.9779081525615942
1361874732295938050,negative,1.2936507640253172e-05
1361874734238097409,negative,0.001891183580962971
1361874734401679363,negative,0.000990050929999318
1361874735081095168,negative,0.016787884429364814
1361874735760613378,negative,0.0013099745625667005
1361874736284913666,negative,0.029946387394255404
1361874736905658369,negative,0.0003270367379086387
1361874737232703488,negative,1.2936507640253172e-05
1361874738511941638,negative,1.2936507640253172e-05
1361874738595975169,negative,1.1674400454211381e-06
1361874738784657410,negative,1.2876679960768836e-06
1361874738809692172,negative,0.004086329021375562
1361874740437254146,negative,0.035123581895652706
1361874740714090503,positive,0.9566871126165171
1361874741200584705,negative,0.0032009734704784836
1361874741884317696,neutral,0.5209932010848836
1361874742165307393,negative,2.932466935480807e-05
1361874742538608645,negative,0.000990050929999318
1361874743868145669,negative,1.5621053989440494e-05
1361874744543485955,negative,0.11510964433225435
1361874744899944448,negative,2.1328169277588322e-07
1361874747009736708,negative,0.03791627134522328
1361874747030667264,negative,0.005314036913586103
1361874747898920962,negative,0.000990050929999318
1361874749392044034,negative,0.3062144521954101
1361874750159601664,negative,0.0003295090265542264
1361874750751072256,negative,0.08941844409604452
1361874750860107785,negative,0.0025976868108881154
1361874752873377794,negative,0.013865640682372567
1361874753271836677,negative,0.000990050929999318
1361874753506705410,negative,0.0005568173948032496
1361874753657704451,negative,0.032377968351464316
1361874753691267075,negative,0.24339632402902336
1361874754412675072,negative,0.006859936298705416
1361874755754758152,neutral,0.3446328744982487
1361874755901657090,negative,0.0004127514285876195
1361874756224643074,negative,0.08693768131250049
1361874757025677314,negative,0.056433378955163656
1361874757898092545,negative,0.2104571830542489
1361874758028124164,negative,8.72892279320524e-08
1361874758367907841,neutral,0.49789225920557484
1361874758405672961,negative,0.000990050929999318
1361874759101915137,negative,0.035832760791353856
1361874760213426177,negative,3.6860439106232884e-05
1361874760368418818,negative,0.11105713477849632
1361874760649564161,negative,0.001398993909068903
1361874761048084481,neutral,0.3481594946733007
1361874761727561732,negative,0.000900885018494363
1361874761740021760,negative,0.13034916774803668
1361874761979211779,neutral,0.5460921180514503
1361874761983422464,negative,0.033496634529330854
1361874762167955456,negative,1.8603690327964345e-06
1361874763057156096,negative,0.011629802905316075
1361874763149320196,positive,0.9566871126165171
1361874763929448448,negative,0.00035906577513504967
1361874764063600641,negative,0.032377968351464316
1361874764160188416,negative,0.05931198351197742
1361874766769119234,negative,0.00022326571768818245
1361874767062523907,negative,1.7336606082786527e-08
1361874768182525953,negative,0.00385949904156067
1361874768769777671,neutral,0.42287946105306334
1361874770049007617,negative,0.05357457512678084
1361874770057326592,positive,0.9566871126165171
1361874770783047681,negative,0.15889131830048156
1361874771441422336,negative,0.00630357912196743
1361874771881910274,negative,4.712238420111349e-11
1361874774532648964,negative,1.7236594670569153e-06
1361874774872395776,positive,0.9566871126165171
1361874774947987459,negative,0.11105713477849632
1361874775325478912,negative,5.043557877513666e-07
1361874776336326663,negative,0.015681248088729935
1361874776352976906,negative,0.21918450888110114
1361874776520810496,negative,0.012005376002110723
1361874776948502528,negative,0.004711532918898615
1361874777003024386,negative,6.797935909337303e-05
1361874777149997056,negative,1.2936507640253172e-05
1361874777795928066,positive,0.7264240096332016
1361874777846218752,negative,0.012593957822313285
1361874778664153090,negative,0.0026718646847690027
1361874779452620804,negative,0.000990050929999318
1361874779645632515,negative,2.1328169277588322e-07
1361874780048084996,negative,0.05357457512678084
1361874780543201281,negative,0.09797448730401104
1361874781654589440,negative,1.2936507640253172e-05
1361874782640353281,negative,0.17110783127166218
1361874783705722880,negative,0.000918674440490147
1361874783898660864,negative,0.09530948409055756
1361874784464830468,negative,0.000990050929999318
1361874784779464705,neutral,0.40234993434680955
1361874785131765760,negative,0.15716053292515514
1361874785450532866,negative,7.715835230906505e-05
1361874787086200834,negative,0.02843956005779012
1361874787199500289,negative,0.000990050929999318
1361874787539292160,negative,0.2301917679834784
1361874787543506945,negative,1.1447355238049918e-10
1361874788113936385,negative,0.05571481631585723
1361874788235567110,negative,0.004086329021375562
1361874789430878210,negative,0.05357457512678084
1361874790613733379,negative,3.427475763378293e-05
1361874791012081665,negative,0.013807455330012288
1361874792274518025,negative,6.91065951086197e-05
1361874792278761473,neutral,0.41425338752720076
1361874792979329026,negative,0.003809814404607409
1361874793071599620,negative,0.041783627828109245
1361874793516068865,negative,0.12200904501969839
1361874795487318018,negative,0.011133892790721106
1361874795592310790,negative,0.0018145507610497283
1361874796049481728,negative,0.016787884429364814
1361874796309585922,negative,0.0002922819465086017
1361874798217986052,negative,0.017984896579314208
1361874798943551494,negative,0.05357457512678084
1361874798956191749,positive,0.8449706451271007
1361874800419901443,negative,2.7281320780672102e-06
1361874800445186049,negative,2.6315605087247658e-08
1361874800847818753,negative,0.17110783127166218
1361874801422434304,negative,0.0004127514285876195
1361874801502085122,negative,0.009307509443188866
1361874802991054849,negative,3.6860439106232884e-05
1361874803305676801,negative,0.0003295090265542264
1361874803519586305,negative,0.04232297281952151
1361874803666247684,negative,0.004086329021375562
1361874803855159297,negative,0.1489026118724699
1361874804555530245,positive,0.8449706451271007
1361874804673048577,negative,0.04678270541966506
1361874805448933385,negative,0.2801839040494527
1361874807101480963,negative,0.040409952814037225
1361874807281885190,negative,0.009761345140847096
1361874807323848709,negative,0.05357457512678084
1361874807328038912,positive,0.9780923588730216
1361874808208842752,negative,0.0069977113279204506
1361874808800215043,negative,0.0909958433240076
1361874809613877253,negative,0.033804987877426175
1361874809869672455,neutral,0.3789959416584929
1361874810213724160,negative,3.4454078477687496e-06
1361874810477797377,negative,0.00013277970342978482
1361874810779926528,negative,0.2287206037784227
1361874811165802498,negative,0.001891183580962971
1361874811555823618,negative,0.03501890977918644
1361874812331827202,negative,0.052656170055404676
1361874812856111106,negative,3.470683229759093e-05
1361874812910641156,negative,2.538731068710613e-05
1361874815238479875,negative,0.003809814404607409
1361874815305592837,negative,0.10366650515906842
1361874816874151939,negative,0.003970901874489672
1361874817956347905,neutral,0.4323510242933817
1361874818258399232,negative,0.019364287150155274
1361874819059449857,negative,0.0003341425336049586
1361874819554418688,negative,0.013434382290871114
1361874819835449346,negative,0.007954388140783968
1361874821844332546,negative,0.1564674962587686
1361874822670729221,neutral,0.3685943945839147
1361874822695903235,negative,0.3020135550609068
1361874822968573955,negative,0.00017852725565059506
1361874823023104003,negative,0.00028528500291304185
1361874823425712129,negative,0.06930603672104613
1361874823727747072,negative,0.05357457512678084
1361874825707466759,negative,0.01869870988099018
1361874826349195264,negative,2.918425866375857e-06
1361874826605002753,negative,0.06324380403993117
1361874827221618692,negative,0.0026137897196443446
1361874828127477763,negative,0.2270916242691431
1361874828236644355,negative,0.000990050929999318
1361874829465575430,negative,0.0007800118352225745
1361874829612355586,negative,0.00010075577805108141
1361874831235571714,negative,0.11167808579970208
1361874831273123843,negative,0.00019692275399311833
1361874831826911232,negative,0.07944812927764905
1361874833492033545,negative,0.03791627134522328
1361874833613725697,negative,6.0836462682944324e-05
1361874834280579074,negative,0.00019692275399311833
1361874834670710786,negative,6.283362256953369e-07
1361874834737741826,negative,7.258071549906429e-13
1361874835446587396,negative,8.416835725782805e-05
1361874836151291906,negative,0.03676243082423026
1361874836289712128,negative,3.6860439106232884e-05
1361874838281928707,negative,0.000990050929999318
1361874839741624320,negative,0.003627031577604329
1361874840060370948,negative,0.008651492531998454
1361874840395927555,negative,0.17937812822674068
1361874840769228800,negative,0.17803014696600622
1361874841910059008,negative,1.2936507640253172e-05
1361874842048487424,negative,0.00028512364604243794
1361874842413395975,negative,0.03983031260542193
1361874842841186313,negative,0.016787884429364814
1361874842916634625,negative,0.029548701636799075
1361874843080269829,negative,0.003652879433142377
1361874843554217991,negative,0.0016770018017662899
1361874843713552387,neutral,0.3685943945839147
1361874844053360641,negative,0.017850304984436027
1361874844342755334,negative,0.01869870988099018
1361874844426461184,positive,0.8449706451271007
1361874844489568259,negative,0.07381387634661611
1361874845240201217,negative,0.0009286375633135558
1361874846985158660,negative,0.0028406668777079644
1361874847215796224,negative,0.2287206037784227
1361874847635279872,negative,0.0006393784614563571
1361874847714918400,negative,1.2936507640253172e-05
1361874848587333634,negative,0.021443660813049225
1361874849422008321,negative,8.287495716766028e-08
1361874849686241281,negative,0.02439666455954558
1361874850361602053,negative,0.032377968351464316
1361874850407735297,negative,0.0007984219747013287
1361874851200462857,neutral,0.357899290320947
1361874851510816768,negative,2.2647070861647974e-11
1361874851561148422,neutral,0.4853896596109071
1361874851976253441,negative,0.23988732993880882
1361874853037498377,negative,0.008157976426003641
1361874853427609602,negative,0.22664324401202743
1361874853456998400,negative,0.006859936298705416
1361874854107086849,negative,0.3020135550609068
1361874854148857857,negative,0.005288332006060949
1361874854346174467,negative,9.64756311604451e-07
1361874854618742785,negative,0.05357457512678084
1361874854958538753,negative,0.0010002361821155772
1361874855704989696,negative,0.004086329021375562
1361874855906447362,negative,9.144480654569534e-05
1361874855960997888,negative,6.7114441020677685e-06
1361874857319931906,negative,0.023189088235085236
1361874857416421378,negative,0.12693968478489281
1361874858238500865,negative,0.0049395456270181935
1361874858754326528,negative,0.0012778755973791355
1361874858943070209,negative,0.0007772696700890628
1361874860863987720,negative,0.004086329021375562
1361874861518434308,negative,0.01581852242144625
1361874862084653070,neutral,0.3385252644667176
1361874862290178049,negative,0.03501890977918644
1361874862839631875,positive,0.9908868409071251
1361874862965465089,negative,0.00010309601965185907
1361874863233896452,negative,0.004753119203582874
1361874863988895744,negative,0.000990050929999318
1361874864143966208,negative,0.0011273660141492346
1361874864743841794,negative,0.000990050929999318
1361874865930653705,negative,1.2936507640253172e-05
1361874866471895042,negative,0.022115040833701215
1361874866895486978,negative,0.0014435211140411926
1361874868694827012,negative,0.03676243082423026
1361874868854288384,negative,0.17110783127166218
1361874869923827714,negative,0.08754071086322895
1361874870527787011,negative,0.18828942033266277
1361874870548783104,neutral,0.4237337412615085
1361874871375056907,negative,0.004086329021375562
1361874871580557312,negative,0.05516416329340532
1361874871773499392,negative,2.6743284854422935e-09
1361874873765818371,negative,0.00021970846744657103
1361874874336112643,negative,0.0009204645185991229
1361874874373976064,negative,6.188209169316326e-05
1361874875019886598,negative,1.2936507640253172e-05
1361874875380547590,negative,0.19570817904097038
1361874875510620169,negative,6.791110317003117e-08
1361874875711954946,negative,0.235825130958337
1361874875896446980,positive,0.9999804680943051
1361874876043317252,positive,0.9566871126165171
1361874876294922241,negative,0.2440103152428155
1361874877125304322,negative,0.2662272680639426
1361874877389635587,positive,0.74559989299848
1361874877590999041,negative,0.1255108306238583
1361874878945759240,negative,0.0001277727423686532
1361874880011067392,negative,3.4454078477687496e-06
1361874880103387136,negative,9.144480654569534e-05
1361874880157917184,negative,0.004757157643562101
1361874880292139013,neutral,0.5621655332629886
1361874881286008835,negative,0.00015738305492905374
1361874881667858442,negative,0.00013313316792283616
1361874881722216450,neutral,0.5227234543244901
1361874882200559616,negative,0.0057037901727760385
1361874882305417218,negative,2.3804822669080986e-09
1361874883991453697,negative,0.004922089600147133
1361874885711196163,negative,0.0016770018017662899
1361874886520635395,negative,0.001357847715399078
1361874886550056960,negative,0.030461333279747257
1361874886919094272,negative,0.05357457512678084
1361874887292428289,negative,0.0004965321904754686
1361874887426646022,negative,0.0014435211140411926
1361874888752050176,negative,0.00020130582430730686
1361874889125339145,negative,0.007477100689444068
1361874890731778049,negative,0.2270916242691431
1361874893365776384,positive,0.8550730915857905
1361874894107992065,negative,1.2936507640253172e-05
1361874894338859013,negative,0.001891183580962971
1361874894707949570,negative,0.18598802602580827
1361874894783279111,negative,0.0017019532400403656
1361874895433474052,negative,0.050049334934067644
1361874897413296129,negative,1.2936507640253172e-05
1361874897471873026,positive,0.9566871126165171
1361874898390372353,negative,0.03696365454460867
1361874899531423747,negative,2.538731068710613e-05
1361874900261109763,negative,0.032377968351464316
1361874900579975172,negative,0.000990050929999318
1361874900776935425,negative,0.0024265365763960507
1361874900999434241,negative,0.09797448730401104
1361874901477576707,negative,0.1518712703870652
1361874903964745730,negative,0.00351361614820378
1361874905411764226,negative,0.042400528405699626
1361874906414260226,positive,0.93614813110056
1361874908079357958,negative,0.3065077932362409
1361874909102768128,negative,0.013807455330012288
1361874909459283969,neutral,0.35362277955607824
1361874909849337862,negative,0.05357457512678084
1361874911325749252,negative,0.004757157643562101
1361874911422271493,negative,0.018581077395668038
1361874911526932481,negative,0.0024271284518167092
1361874911615148035,negative,0.023623115248721436
1361874912449875970,negative,1.404354449424273e-06
1361874912567255043,negative,0.013807455330012288
1361874912709902339,neutral,0.42507619662732005
1361874914580389891,negative,0.029722762497409357
1361874915088080897,negative,3.470683229759093e-05
1361874915423645698,negative,0.09530948409055756
1361874915587198980,negative,0.04479713725512996
1361874916551786498,negative,0.00017919506558729427
1361874918225436672,positive,0.7228705013161616
1361874918812512257,neutral,0.5468074469083943
1361874918875537408,positive,0.7418313296279335
1361874919341121538,negative,0.002113639522666961
1361874919911481348,negative,0.030946299880995645
1361874920041369601,negative,4.2034660333079426e-05
1361874920716853249,negative,0.05357457512678084
1361874921211760642,negative,0.0030020793044614703
1361874921278885893,negative,0.050049334934067644
1361874921421430785,negative,0.002822284901713726
1361874921526358018,negative,0.2491501874354565
1361874922767802372,negative,0.0016770018017662899
1361874923162013700,negative,0.035216377402273534
1361874923858321414,negative,0.00753708168788798
1361874924114173954,negative,0.01025825457183919
1361874924240048129,negative,0.10666725338980115
1361874924294520833,negative,0.012264430880202402
1361874925833752576,negative,0.005604126019471037
1361874925972299778,negative,9.732156934268211e-08
1361874926450409472,negative,0.012593957822313285
1361874926643347457,negative,0.023139963450933228
1361874926731460609,negative,0.05357457512678084
1361874927540822019,positive,0.8449706451271007
1361874928988024833,negative,0.0719376920759857
1361874930879524866,negative,0.05357457512678084
1361874931592658944,negative,1.3348303652652266e-06
1361874931785601024,negative,0.07736349569523265
1361874933282975751,negative,0.0014435211140411926
1361874933500928000,negative,0.0018145507610497283
1361874933668712448,negative,0.011855448244668904
1361874935052926977,negative,0.2726588503376269
1361874935094910978,negative,5.219183497409914e-05
1361874936596467713,negative,0.05357457512678084
1361874937183690752,neutral,0.48474791396106254
1361874937590521861,negative,0.0026137897196443446
1361874938160963585,negative,1.7341542969271197e-05
1361874938311811072,negative,0.035207153358869384
1361874939373113345,positive,0.8449706451271007
1361874939696058369,negative,0.0009880485858576227
1361874940878856192,negative,0.0009491062771751266
1361874941247950853,negative,0.007589970231134815
1361874942120312833,negative,0.17110783127166218
1361874942229372928,negative,0.0006094564863810628
1361874942736953344,negative,9.64756311604451e-07
1361874943324094465,positive,0.75351816299624
1361874944427241472,negative,0.17180287677118386
1361874945047846912,negative,0.016787884429364814
1361874946436161539,negative,0.0076627860343016895
1361874946553753606,negative,0.22420583782076137
1361874946805407752,negative,0.001891183580962971
1361874947522592770,negative,0.0013012529240149671
1361874947967172608,negative,0.012593957822313285
1361874950114566146,negative,6.385079707608235e-07
1361874950429237251,negative,0.033194606476668935
1361874950622175232,negative,0.0030020793044614703
1361874950789816321,negative,0.12015449513025074
1361874951180066817,negative,0.008157976426003641
1361874952018939904,negative,0.07754670209437127
1361874952346034177,negative,0.004086329021375562
1361874952979423234,negative,3.6860439106232884e-05
1361874953046474753,negative,0.29849294305299773
1361874953860231168,negative,0.05571481631585723
1361874953893781504,negative,0.0468217707996781
1361874954699079685,negative,0.04526885811592329
1361874955386949632,negative,0.0008496953345485857
1361874955823173633,negative,0.0036421678844244707
1361874957660155904,negative,0.023139963450933228
1361874958188740610,negative,8.117686803315368e-05
1361874958356471809,negative,0.05435501939169586
1361874958423449602,negative,0.2287206037784227
1361874958658502658,negative,0.004086329021375562
1361874958700466177,negative,0.000990050929999318
1361874960961179649,negative,2.0941803440456403e-07
1361874961317552130,negative,1.2936507640253172e-05
1361874961368043530,negative,0.051909196127923996
1361874961942552578,neutral,0.5205407559585987
1361874962873602053,negative,0.004892257398399707
1361874963934961669,positive,0.7228705013161616
1361874964316585991,negative,1.404354449424273e-06
1361874966128578560,negative,7.782898213396805e-05
1361874966220836864,negative,0.004892257398399707
1361874967655288837,negative,0.005604325898129143
1361874968087310346,negative,0.005604325898129143
1361874968645140483,negative,0.29761571709333384
1361874969295269890,negative,0.01457392451204539
1361874970725474304,negative,0.000990050929999318
1361874971472109570,negative,0.0215800685499412
1361874971614539777,negative,0.05357457512678084
1361874971715383296,negative,0.03791627134522328
1361874972025573379,negative,3.5216772755926464e-06
1361874972239687680,negative,0.08361872117067826
1361874972516503560,negative,0.1489026118724699
1361874972893921280,negative,0.3110734899390277
1361874973766414338,negative,1.2936507640253172e-05
1361874974034653187,negative,0.029755145533978664
1361874974378778624,negative,0.00012976538633370562
1361874974953324545,negative,0.01558083156826556
1361874975058137090,negative,5.1750287681499805e-06
1361874975637012483,negative,0.05357457512678084
1361874976064892931,negative,0.000990050929999318
1361874976127787009,negative,0.016110347994777504
1361874977507708937,negative,0.032625218733690786
1361874977914503168,negative,3.470683229759093e-05
1361874978342395905,negative,0.000990050929999318
1361874978749227012,neutral,0.35362277955607824
1361874979441188864,negative,0.02338316450036291
1361874979827179527,negative,2.933300974172879e-09
1361874979999072266,negative,0.03148626404244101
1361874981425184768,negative,0.050781783235227425
1361874981450375174,negative,0.033194606476668935
1361874982326857728,negative,0.12163528887635669
1361874982469533696,negative,0.05357457512678084
1361874982867976197,negative,0.000990050929999318
1361874983190999040,negative,1.8336700814612002e-07
1361874983283290112,negative,0.0003295090265542264
1361874983732080642,negative,0.051336279047282427
1361874983824330752,negative,0.004504232962672696
1361874984243707904,negative,5.376290134853781e-06
1361874984415752193,negative,0.06222530121602509
1361874984721805312,negative,0.0024265365763960507
1361874985787269121,negative,3.6403160473817037e-07
1361874986152116224,negative,0.002378222447355658
1361874986202517506,negative,0.2270916242691431
1361874986974257153,neutral,0.6443602246859581
1361874987058147334,negative,0.000464361185013171
1361874988056338434,negative,2.0894497268484875e-08
1361874988660326400,positive,0.7228705013161616
1361874988752642054,negative,0.011110936155491514
1361874989222408200,neutral,0.41255628797487864
1361874989843173378,negative,0.0018550880331691005
1361874990723907590,negative,0.2270916242691431
1361874992368148483,negative,0.000990050929999318
1361874993169240065,negative,0.14891824068183504
1361874993693536259,negative,0.000990050929999318
1361874996486897665,negative,0.0026137897196443446
1361874997082546177,negative,0.3065077932362409
1361874997371895811,negative,0.327378095563068
1361874997833306115,negative,0.08663288609948408
1361874998026244097,neutral,0.4668851905993484
1361874998974156802,negative,0.21454527611310242
1361875000563793921,positive,0.9779081525615942
1361875000773517312,negative,0.001551765509680939
1361875000899338240,negative,0.0087700997304632
1361875001117454336,negative,0.09797448730401104
1361875001645928448,negative,0.013827122078835711
1361875001671114754,negative,0.0005553046502620664
1361875002136666114,negative,0.10715633970361955
1361875002279223297,negative,0.020778260831952923
1361875002795188225,negative,0.311089393880208
1361875003168468996,negative,3.6086877645602876e-08
1361875004200255492,negative,0.07531687241761231
1361875004359659520,negative,0.011681066405068831
1361875006368608256,negative,0.1361360607406678
1361875006700064770,negative,0.05357457512678084
1361875007375372289,negative,1.840671619651395e-05
1361875007597514753,negative,0.014281284200859902
1361875009111752706,negative,0.015588462689835316
1361875009443012610,negative,0.049460448756032026
1361875011095515137,negative,0.004086329021375562
1361875011607220224,negative,0.2287206037784227
1361875011712274433,negative,8.750012914326984e-07
1361875012781826048,negative,0.0827523349203387
1361875013419286528,negative,0.00029275408274253266
1361875014123937792,negative,0.21454527611310242
1361875015059320844,negative,0.327378095563068
1361875016187600898,negative,0.07381387634661611
1361875017860964356,negative,0.03470513940255647
1361875018326695938,negative,0.03365179512036987
1361875018456645632,negative,0.004086329021375562
1361875018532212739,negative,0.07023726468102699
1361875020407050245,negative,0.022115040833701215
1361875020423655427,negative,0.061340249049807255
1361875021820350465,neutral,0.5268430817888309
1361875022105571331,positive,0.9170104995539303
1361875022948814849,negative,4.244243022825881e-05
1361875023817035776,negative,0.044712805593316474
1361875023976427520,negative,0.09797448730401104
1361875024098037764,negative,0.00019692275399311833
1361875025125638152,negative,0.016787884429364814
1361875025729626113,positive,0.954873127285284
1361875025784016897,negative,0.003970901874489672
1361875025788166150,negative,0.09095404445859741
1361875025821802496,negative,0.16238354240856034
1361875026237128708,negative,0.03490537139344192
1361875026346041349,negative,0.0010754508871118507
1361875028397207553,negative,0.13378753419929088
1361875029424799747,negative,0.00370988678964573
1361875029747662852,negative,0.032377968351464316
1361875029965864960,negative,1.404354449424273e-06
1361875030678896646,negative,0.0005355367510211682
1361875031484231681,negative,0.04718854417014228
1361875031660322816,negative,9.666994121044656e-09
1361875031916044295,neutral,0.3551261844169004
1361875032243322880,negative,0.023559562580874365
1361875032922877955,negative,0.008157976426003641
1361875032927055883,negative,8.685919605419881e-09
1361875033409265664,negative,0.17530011606073342
1361875033560391682,negative,9.64756311604451e-07
1361875033845624833,negative,0.3110734899390277
1361875034420088838,negative,3.2743907594513965e-06
1361875034982252549,negative,0.005103791870604374
1361875035049365508,negative,0.3029968537174699
1361875036081020929,negative,0.00014020585538747135
1361875036357857281,negative,0.033804987877426175
1361875036852879368,positive,0.9993964702976906
1361875036886470659,negative,0.00013802071831166992
1361875037737910272,negative,0.06661511644392898
1361875038593560576,negative,0.000990050929999318
1361875039084310533,negative,0.12015449513025074
1361875039474352131,negative,5.087596700994791e-06
1361875040388612106,negative,0.016787884429364814
1361875040950706179,negative,0.034641901391601164
1361875041311424515,negative,0.05185613739433271
1361875042620104706,negative,0.011629802905316075
1361875042934665216,negative,0.3110734899390277
1361875043496693767,negative,0.007577530281143447
1361875044209672196,negative,0.000612439713012269
1361875045149249538,negative,8.011753824292947e-06
1361875045220376576,negative,5.9619245638825286e-05
1361875045476401152,negative,0.049219716156446804
1361875046428512257,neutral,0.4545904767683513
1361875046436847617,negative,0.07612152983900733
1361875047024119809,negative,2.944627991515479e-07
1361875047116402692,negative,0.0014435211140411926
1361875047258939396,negative,1.4188336944880546e-05
1361875047292534785,negative,0.006859936298705416
1361875047644807168,negative,8.870868909202815e-06
1361875048127201283,negative,0.08293295578178206
1361875048416567299,negative,0.03738851482889881
1361875048882176001,negative,0.0007345113137219948
1361875049012219910,negative,0.1147479964234831
1361875049997881344,negative,0.006710464087369568
1361875050006278148,negative,0.00498957460374051
1361875050375258112,negative,0.00017919506558729427
1361875050400542720,negative,0.010536406285460057
1361875050517921793,negative,0.01869870988099018
1361875051394523142,negative,0.01210587185684528
1361875052174663681,positive,0.9287102831681987
1361875052556247040,negative,0.09151565997391957
1361875053370105858,negative,0.09797448730401104
1361875054007476228,negative,0.11964549192805293
1361875054729043970,negative,0.21454527611310242
1361875054754222083,negative,0.000990050929999318
1361875055559475205,negative,0.2079258794586688
1361875056138149889,negative,0.00020130582430730686
1361875056326889474,negative,0.00013972871056856098
1361875056511565824,negative,0.000990050929999318
1361875056712970241,negative,1.9116179468243965e-06
1361875056742313986,negative,0.004086329021375562
1361875056780058628,negative,0.06484227159761094
1361875057371451392,negative,0.04679791979707441
1361875057497243649,negative,0.000990050929999318
1361875058235351044,negative,0.019986629547199312
1361875058902265861,negative,3.5216772755926464e-06
1361875059506372611,negative,0.022115040833701215
1361875059632201729,negative,0.09530948409055756
1361875060005343237,negative,4.1011749923846e-05
1361875061410574341,negative,0.0018145507610497283
1361875061758717955,negative,9.525064663033747e-06
1361875062387843072,negative,6.443107667416796e-08
1361875063402860547,negative,0.0014435211140411926
1361875064472428547,negative,0.057511612483653635
1361875064602435589,negative,8.912790181537978e-05
1361875064736673793,negative,0.23562434052808948
1361875065067999234,negative,0.022520762225659744
1361875065751625729,neutral,0.6324917073150543
1361875065835577347,negative,0.00043437435277473045
1361875066057760771,negative,0.013807455330012288
1361875066108149760,negative,0.022247101519466562
1361875067471339521,negative,0.012264430880202402
1361875068356333568,negative,0.06976449073849526
1361875068624777217,negative,0.004086329021375562
1361875069140537347,negative,0.2270916242691431
1361875070663217154,negative,0.235825130958337
1361875071158091776,negative,0.17110783127166218
1361875071648882690,negative,0.0018145507610497283
1361875072475156480,negative,0.05415738844161195
1361875072550662144,neutral,0.6023227073761359
1361875073469186057,negative,0.004086329021375562
1361875074349998080,negative,0.0014435211140411926
1361875074559705091,negative,0.000990050929999318
1361875075457286149,negative,0.00015418457969662886
1361875076073848832,neutral,0.5041493142013094
1361875077508268032,negative,5.087596700994791e-06
1361875077571047425,negative,0.04221041857281824
1361875077873205249,negative,4.9229068106716085e-08
1361875077999038467,positive,0.9127850488921464
1361875078632382471,negative,0.00010075577805108141
1361875079022452741,negative,3.6860439106232884e-05
1361875079047622657,negative,0.02839517461614872
1361875079144087558,positive,0.6774024187612661
1361875081044119556,negative,0.007448949506623048
1361875081572581382,negative,0.016787884429364814
1361875081908154368,negative,0.0007984219747013287
1361875082038161411,negative,3.5216772755926464e-06
1361875082566598656,negative,0.0023880424734779226
1361875083011235840,negative,0.016110347994777504
1361875083241914372,negative,0.0020987306455975386
1361875083736809478,negative,0.004086329021375562
1361875084814798848,negative,0.012453061590421107
1361875084965777416,negative,0.018163495197611897
1361875086668521473,negative,1.2936507640253172e-05
1361875086869987331,negative,0.2902592164779429
1361875087755014145,negative,0.015012658292941064
1361875089373990912,negative,0.01996045728193121
1361875091253039104,negative,0.0010214079039590927
1361875091416612870,negative,0.000990050929999318
1361875091949240320,negative,0.002822284901713726
1361875094071635968,negative,0.050049334934067644
1361875094193192960,positive,0.9997088714815023
1361875094193209345,negative,0.05357457512678084
1361875094671405059,neutral,0.6462936808717131
1361875096491626497,negative,9.64756311604451e-07
1361875097703882759,negative,0.0038712641655717847
1361875098492424195,neutral,0.49391670037162294
1361875099654250498,negative,0.0839322693503543
1361875103710142466,negative,0.05386055115356305
1361875103940808705,negative,0.15077253970050086
1361875104796409856,negative,0.0012825224260907923
1361875105098256386,negative,1.2936507640253172e-05
1361875106369179652,positive,0.9566871126165171
1361875107480670209,negative,0.05357457512678084
1361875108265091078,negative,1.2936507640253172e-05
1361875112195207168,negative,0.05357457512678084
1361875113319288838,negative,0.0026137897196443446
1361875113432514561,negative,0.0004566344975282241
1361875115399610370,negative,0.023343046335480264
1361875115563171843,negative,0.00020130582430730686
1361875115584159744,negative,0.2270916242691431
1361875115865083905,negative,0.05357457512678084
1361875118063034369,negative,0.0999802654579844
1361875118318882818,negative,0.18795859623648656
1361875118604120065,negative,0.05357457512678084
1361875120646717441,negative,8.749885901647119e-06
1361875126770360321,positive,0.7078855302152476
1361875127307239426,negative,2.786716057067656e-05
1361875127999291394,negative,0.06760317071008312
1361875128326455302,negative,0.004376752438497323
1361875128733360130,negative,0.013255239653530001
1361875129316253700,negative,0.0013216328398227303
1361875129416904706,negative,0.09151565997391957
1361875129840640002,negative,0.09151565997391957
1361875131165990914,negative,0.15213999863611508
1361875133237841925,negative,0.009761345140847096
1361875134055931904,negative,6.283362256953369e-07
1361875134148141059,negative,5.141262950803881e-06
1361875134617821186,negative,0.0023880424734779226
1361875134823493634,negative,0.032377968351464316
1361875135591030787,negative,0.09797448730401104
1361875136576708615,negative,0.004757157643562101
1361875137079959556,negative,0.0468217707996781
1361875138208276490,negative,0.004757157643562101
1361875138220863497,positive,0.937067489695103
1361875138770305024,negative,0.0005443671050081029
1361875140871602177,neutral,0.4853896596109071
1361875141626593280,negative,0.0003241068922989049
1361875142893264898,negative,0.2623626450675118
1361875143656628226,neutral,0.383592420803915
1361875144453496833,negative,0.03145367404931414
1361875145850200065,neutral,0.48061219287488127
1361875146525532161,negative,0.003511184357252747
1361875149289578496,positive,0.7243598705618198
1361875149998481411,negative,0.005605751832983206
1361875151487295488,negative,0.016949762502525684
1361875154792558592,negative,0.005605751832983206
1361875155228585984,negative,0.00011093442582036136
1361875155555868672,negative,0.03680230327726937
1361875155648204805,negative,0.004087546291174061
1361875155669114880,negative,0.004478927258780815
1361875156667367425,negative,0.002361877262707047
1361875157690834944,negative,0.32309224174648143
1361875157778849792,neutral,0.4274047939449264
1361875161151078404,negative,4.9319343158441554e-11
1361875161155330049,negative,0.057814983648274844
1361875162337996800,negative,0.3065077932362409
1361875164368166913,neutral,0.49789225920557484
1361875164531671040,negative,0.057814983648274844
1361875164825321482,negative,0.039305666177064186
1361875165701840899,negative,0.00020130582430730686
1361875166075224070,negative,4.049458565818924e-05
1361875170550497282,negative,0.002064775172514102
1361875171431317504,negative,0.0001667909750938791
1361875171720708098,negative,0.006859936298705416
1361875174677602305,negative,0.011106343875148335
1361875174992211969,negative,0.05357457512678084
1361875176451809282,negative,0.05357457512678084
1361875178448379909,negative,0.0016155045184285993
1361875180159664128,negative,0.09797448730401104
1361875180801445895,negative,0.238139266195977
1361875185335291904,negative,0.010536406285460057
1361875186073690114,negative,0.17309034206570623
1361875186404888577,negative,0.05357457512678084
1361875186434379778,positive,0.8248130461312339
1361875187583623169,negative,0.011106343875148335
1361875187646533634,negative,0.013255239653530001
1361875187663273991,positive,0.9908868409071251
1361875187688476672,negative,0.2287206037784227
1361875188070154244,negative,0.00020130582430730686
1361875189445836801,negative,9.64756311604451e-07
1361875190788014082,negative,0.10051651251625925
1361875192151216129,negative,0.022115040833701215
1361875192914575363,negative,0.00020386295213144847
1361875193849856002,negative,0.10944822003342888
1361875194877534208,negative,0.09530948409055756
1361875195003289600,negative,0.08409111598193394
1361875198404886531,negative,0.0009491062771751266
1361875199684190209,neutral,0.5621655332629886
1361875199910699008,neutral,0.357899290320947
1361875201676484616,negative,0.3065077932362409
1361875203270270980,negative,0.26042539244000984
1361875209658204165,negative,0.05357457512678084
1361875210526285825,negative,7.21436170921748e-05
1361875210597781506,negative,0.08211446839229117
1361875212925607937,negative,0.06789609468746921
1361875213277929475,negative,0.0036731205735328373
1361875213361774596,negative,0.11121268781643867
1361875213521190914,negative,0.0018145507610497283
1361875214230036485,negative,0.07800672398898323
1361875214599135240,neutral,0.38677449595897695
1361875215073112064,neutral,0.39344328614122354
1361875216822108166,negative,0.000990050929999318
1361875216872460288,negative,0.13901278996373004
1361875217472245762,negative,0.1253012110904672
1361875217644220417,negative,0.00010724635768473666
1361875219724574725,negative,0.004757157643562101
1361875220945108995,negative,0.00018296474905533073
1361875221028904961,negative,0.006569630689292784
1361875221070848001,negative,0.004086329021375562
1361875221549056000,negative,0.1029595708857879
1361875221809160202,negative,0.235825130958337
1361875221964333056,negative,0.01210587185684528
1361875222098509828,negative,0.05357457512678084
1361875224233455617,negative,0.01869870988099018
1361875224699019271,negative,0.0001193898709826936
1361875224904364032,negative,0.3065077932362409
1361875226510917641,negative,0.0009286375633135558
1361875226955554816,negative,0.2129585725566682
1361875228385755139,positive,0.8746164320991404
1361875229182681091,negative,0.019989593375312815
1361875230394826752,negative,0.009003700340610703
1361875231011405825,negative,0.0069309985301994285
1361875231225352196,negative,0.0032009734704784836
1361875232756297734,negative,0.0012724301737191616
1361875232865280001,negative,0.3046101175466245
1361875232911458305,negative,0.12021603373245746
1361875232949080065,negative,0.0003295090265542264
1361875233183916032,negative,9.405553330386685e-05
1361875233280569346,negative,0.016110347994777504
1361875233704202242,negative,0.0016574410778643007
1361875233783881730,negative,1.554642605699867e-06
1361875234035560449,negative,0.015797586187059735
1361875234626760707,negative,0.1147479964234831
1361875235784581123,negative,8.128467678234514e-08
1361875236090744833,negative,0.29864444629363096
1361875237978001412,negative,0.0026597942050713224
1361875238011760646,negative,0.05357457512678084
1361875238288465922,negative,0.00020130582430730686
1361875241107140609,negative,0.3065077932362409
1361875241560125445,negative,0.00027213521192825425
1361875241706926085,positive,0.8661333256784889
1361875242793189377,negative,3.70444851636747e-05
1361875243845959680,negative,0.000990050929999318
1361875244210823168,negative,0.012593957822313285
1361875244227690500,negative,0.0030948389328183576
1361875244286410755,negative,0.0022562307921111064
1361875244378583042,negative,2.6743284854422935e-09
1361875244676509699,negative,0.012593957822313285
1361875245758615552,negative,0.2630695093947729
1361875246270337024,negative,0.04565996636161804
1361875246979112962,negative,0.0003931816410464235
1361875247105007617,negative,0.16557536117090987
1361875247423709189,negative,2.1406495002964214e-05
1361875247671238658,negative,0.013843497850535822
1361875248170295298,negative,1.915129247510746e-08
1361875248820473856,negative,0.005314036913586103
1361875252482093059,negative,0.000990050929999318
1361875252830236673,neutral,0.49789225920557484
1361875253400600582,negative,0.00040480517743799734
1361875253853585408,negative,0.21616207251685612
1361875254277201921,neutral,0.484408915873535
1361875254298214400,negative,0.014029811811660716
1361875254365343745,negative,0.04423571485717781
1361875254436487168,negative,0.13022124799196239
1361875255208386561,negative,0.0004965362604908
1361875255510376448,negative,0.3065077932362409
1361875255611052035,negative,0.022508698801506792
1361875255954968577,negative,6.782115807738659e-07
1361875256789581826,negative,0.0023215162369332547
1361875257481695238,negative,0.06926997512087074
1361875257955598336,neutral,0.5209932010848836
1361875258819641346,negative,0.05357457512678084
1361875259054432258,negative,2.348224144089962e-05
1361875259398455297,negative,0.001891183580962971
1361875259683659784,negative,0.09151565997391957
1361875259826331652,negative,0.28807529543046
1361875260900077568,negative,0.2710088235767847
1361875261185290242,negative,0.033194606476668935
1361875261306908674,negative,0.005604325898129143
1361875261654990856,negative,0.019989593375312815
1361875261755699200,negative,0.000990050929999318
1361875262334504961,negative,0.023789958191043927
1361875263525634048,positive,0.9779081525615942
1361875263542480898,neutral,0.4237337412615085
1361875264066715650,negative,0.0006470881575896634
1361875264284819459,negative,0.0014435211140411926
1361875264624549888,negative,0.005826147689335106
1361875264830070784,negative,0.000990050929999318
1361875264834256896,negative,0.0004861899186086479
1361875265014611970,neutral,0.3741177137740586
1361875266071646209,negative,0.012832773952489428
1361875266642059265,negative,0.06377292553448329
1361875266864377858,negative,3.470683229759093e-05
1361875267409620992,negative,0.10715633970361955
1361875269057982464,negative,0.24490252709612087
1361875269087342593,neutral,0.46127768308170247
1361875269599059968,negative,0.03838901031456881
1361875269699710979,negative,2.6743284854422935e-09
1361875269846450186,negative,0.0001670514928666876
1361875270077091841,negative,0.016787884429364814
1361875270370811909,negative,0.09488389392201765
1361875270492446720,negative,0.003627031577604329
1361875271549390855,negative,0.000990050929999318
1361875271876509698,negative,0.0032223702863862606
1361875272124014592,negative,0.03838901031456881
1361875272832843778,neutral,0.49789225920557484
1361875273935949825,negative,7.263681252918724e-06
1361875274137231362,negative,0.002988925608052877
1361875275143782404,negative,1.2936507640253172e-05
1361875275458437121,negative,0.00020417618697298232
1361875275785654273,negative,8.615355368778175e-05
1361875276129574913,negative,0.0002977285144143152
1361875277765296139,neutral,0.46127768308170247
1361875277924737024,positive,0.9678845146894467
1361875278025400321,negative,7.263681252918724e-06
1361875278419656704,negative,0.05357457512678084
1361875279183028230,negative,0.03126437869978669
1361875279656927232,negative,0.005314036913586103
1361875281766670340,negative,0.00012035390590452122
1361875285382201345,negative,0.012593957822313285
1361875286166548480,negative,0.002822284901713726
1361875287160487941,negative,0.0018145507610497283
1361875287219130372,negative,0.033804987877426175
1361875287349297156,negative,0.11579010942057401
1361875287940726786,negative,0.0002400436859737013
1361875288834080770,negative,3.470683229759093e-05
1361875290423615489,negative,0.0005826007211237815
1361875290612465666,neutral,0.6541104213361733
1361875290927095810,negative,0.2355288467372352
1361875292717899776,positive,0.9566871126165171
1361875292948627458,negative,0.3197187383085701
1361875293028376579,negative,0.006859936298705416
1361875293426900992,negative,0.3020135550609068
1361875293611433987,negative,0.003107157803433203
1361875293812764673,negative,0.3065077932362409
1361875295205265409,negative,0.0503306971459758
1361875296476147714,negative,0.03696365454460867
1361875296652304385,negative,0.012593957822313285
1361875297075888131,negative,0.30615387173604025
1361875297294053376,negative,0.01913493572459006
1361875297512148996,negative,0.0008293288124751297
1361875297965023234,negative,0.013008361258574533
1361875298560528386,negative,0.035215282926405585
1361875298673963013,negative,0.00498957460374051
1361875299005304832,negative,0.009534454370286247
1361875300821401605,negative,0.000990050929999318
1361875303128207361,negative,1.230923605313716e-07
1361875304227119107,negative,0.05357457512678084
1361875305875595267,negative,0.010680776407679568
1361875305892245506,negative,0.013008361258574533
1361875307762909187,negative,0.0018145507610497283
1361875308236922880,negative,0.05357457512678084
1361875308643819523,neutral,0.3685943945839147
1361875309465915396,negative,0.020778260831952923
1361875309922983938,neutral,0.42507619662732005
1361875312091480064,negative,0.05357457512678084
1361875312217387008,negative,0.02753424980914042
1361875312607453185,negative,0.29103102993209923
1361875313257496579,negative,0.004086329021375562
1361875313496645641,positive,0.8791555627888997
1361875313760763904,negative,1.6112113630068027e-06
1361875314469703683,negative,0.00026227081161100274
1361875314784276480,negative,0.02041756901975058
1361875315551780864,negative,0.000990050929999318
1361875315622993920,negative,0.029952522309455738
1361875316252229636,positive,0.9559558627193462
1361875316361281538,negative,0.09797448730401104
1361875316369686529,negative,0.05208413089109728
1361875316369731589,negative,3.5216772755926464e-06
1361875316495556614,negative,0.016441309434482472
1361875316617191424,negative,0.0011273660141492346
1361875316881391624,negative,0.03501890977918644
1361875319981023237,negative,0.005934150258489142
1361875320647933953,negative,0.004086329021375562
1361875321713291267,negative,0.14161800834439284
1361875326649909254,negative,0.012832773952489428
1361875327606259712,negative,0.22695773199677524
1361875327941832704,negative,0.00016173503020631104
1361875328218460160,negative,0.00020130582430730686
1361875328419856384,negative,8.58529474596844e-06
1361875329405624323,negative,0.09530948409055756
1361875329690660866,negative,0.06926997512087074
1361875330001108995,negative,0.09863127331083262
1361875330097577984,negative,9.64756311604451e-07
1361875330659672064,negative,0.17110783127166218
1361875331062378502,neutral,0.4931510404807362
1361875331343409160,negative,3.470683229759093e-05
1361875331813105667,negative,0.01519221026904545
1361875331863486468,negative,0.05295739635817618
1361875332022865921,negative,0.05357457512678084
1361875332312281089,negative,0.26079209232640216
1361875334086467585,neutral,0.33714572693828865
1361875336020054017,negative,0.011014988336179959
1361875336141672449,negative,0.09797448730401104
1361875336410124289,negative,0.011675699001299436
1361875336544333827,negative,0.08821447544624814
1361875336992940036,positive,0.9566871126165171
1361875337035075585,negative,0.06930603672104613
1361875341367783424,neutral,0.6384201340200341
1361875341489430532,negative,0.011629802905316075
1361875352000339968,negative,0.3110734899390277
1361875353468350464,negative,0.19414601007370585
1361875354919571460,negative,0.01355869494597056
1361875356035272709,negative,1.2936507640253172e-05
1361875356278546433,negative,0.0468217707996781
1361875356349849604,negative,0.0006953052114876493
1361875357671051265,positive,0.9997088714815023
1361875358165835777,negative,1.6585341199830428e-05
1361875358530772996,negative,1.2936507640253172e-05
1361875359671721986,negative,0.13152545889307815
1361875363412992003,negative,0.005314036913586103
1361875364675526659,negative,6.166953755492899e-08
1361875364851679232,negative,1.765165956234721e-05
1361875365308870656,negative,0.033327573213652914
1361875366105800714,negative,0.006426218211711938
1361875371684167686,negative,0.08560974487867468
1361875371755532288,neutral,0.41193474847754386
1361875372225294340,neutral,0.5169191973525927
1361875373198295041,negative,0.05357457512678084
1361875373336657921,neutral,0.4065684028296207
1361875373911343112,negative,0.0037922479818963996
1361875378336317440,negative,0.0660105329417496
1361875381066862594,negative,0.008510708431646447
1361875381259804673,negative,0.005490394012624871
1361875383147061252,negative,0.0838202074550268
1361875383793164291,negative,3.470683229759093e-05
1361875384271327232,negative,0.040727203360495554
1361875384871104521,negative,0.011629802905316075
1361875385454125060,negative,1.5671938592133095e-08
1361875385751904256,negative,0.011106343875148335
1361875385797935109,negative,0.00020130582430730686
1361875386003578883,negative,0.012593957822313285
1361875386506874884,negative,8.988754309754483e-07
1361875386670325761,negative,0.0018145507610497283
1361875387219869696,negative,0.032377968351464316
1361875388864020480,negative,0.013255239653530001
1361875389229002753,negative,0.012593957822313285
1361875392450158593,negative,0.3065077932362409
1361875393796521989,negative,0.02023603281778985
1361875395382022145,negative,6.769729472387274e-06
1361875397500153857,negative,0.1843468047297809
1361875401371488259,negative,0.08813883526389582
1361875402591854602,negative,0.2270916242691431
1361875403304960002,negative,0.006673330044537524
1361875403535712256,negative,0.13152545889307815
1361875405318221824,negative,0.11105713477849632
1361875405863489539,negative,0.010536406285460057
1361875405892943876,negative,0.08941844409604452
1361875407918743553,negative,0.004757157643562101
1361875410137583627,negative,7.954927366350796e-05
1361875413002309633,neutral,0.553749164753881
1361875413392388097,negative,0.05357457512678084
1361875414176694272,negative,3.7560618231894055e-08
1361875414633897985,negative,0.00343667435836989
1361875416278007817,negative,0.09530948409055756
1361875416470810624,positive,0.9566871126165171
1361875417918017541,negative,0.02023603281778985
1361875418014486536,negative,0.16305098309036486
1361875419453149185,negative,0.1890050454114449
1361875420401008641,negative,0.0010428720378015338
1361875422636556296,negative,0.0026137897196443446
1361875426214346758,neutral,0.3371348131876588
1361875426361098242,negative,0.023746379703026302
1361875428508631040,negative,0.010390988315110398
1361875428584140804,negative,0.003970901874489672
1361875432031854594,negative,0.022115040833701215
1361875435295039491,negative,0.006859936298705416
1361875436712689664,neutral,0.5495922250151081
1361875438377832448,negative,1.2004620685502685e-05
1361875444165992449,positive,0.9566871126165171
1361875445545918464,negative,0.004557512083457568
1361875447898923013,negative,0.23562434052808948
1361875449849257984,negative,0.034086954086767776
1361875451371794435,negative,0.0012461847418759407
1361875452541960198,negative,0.025548861669881014
1361875453062053896,negative,0.006859936298705416
1361875454630760449,negative,0.01869870988099018
1361875454894956545,negative,0.000990050929999318
1361875456186867712,negative,0.01869870988099018
1361875456476250117,negative,0.0001783764279215546
1361875456660758530,negative,0.0009880485858576227
1361875456665018369,negative,5.654976137060051e-13
1361875456971182080,negative,0.0013099745625667005
1361875457407336448,negative,0.02328086759096105
1361875458581749760,negative,0.005527170083806231
1361875459114479616,negative,3.4908778243282955e-06
1361875461110980610,negative,0.00022420932268833434
1361875461245202437,negative,0.2287206037784227
1361875461975007239,negative,0.057654441149580085
1361875462855794691,negative,0.13148355801930742
1361875463963090958,negative,0.007783162826227256
1361875464013275140,negative,0.00020561807695836245
1361875464306974720,negative,0.03791627134522328
1361875464420282371,negative,0.029548701636799075
1361875464969682945,neutral,0.46127768308170247
1361875465556922368,neutral,0.4103953103213277
1361875466064388096,negative,0.000990050929999318
1361875466559369220,negative,0.09530948409055756
1361875466785800193,negative,0.018029292749606
1361875467452772354,negative,0.0002903018292730388
1361875468039958533,negative,2.1328169277588322e-07
1361875470107705348,neutral,0.49789225920557484
1361875470950752261,negative,4.105342399043064e-10
1361875471298949122,negative,0.0022199466815856937
1361875473395933185,negative,1.2936507640253172e-05
1361875473865838592,negative,0.0018145507610497283
1361875473953914890,negative,0.12693968478489281
1361875474394284032,negative,2.709925467857455e-07
1361875474989920256,negative,0.06502500097872087
1361875475358830595,negative,0.14453719673417373
1361875475556147200,negative,0.16377633310613363
1361875475799232521,negative,0.1361321391997143
1361875476655071236,negative,0.11801273136172277
1361875477674139648,negative,0.03175381393284488
1361875478789947394,neutral,0.4323510242933817
1361875479133831176,negative,0.04479713725512996
1361875480299896833,negative,0.003202719049425588
1361875482208329731,negative,0.004504232962672696
1361875483005128704,negative,0.0024265365763960507
1361875483638587392,negative,0.2557359734892874
1361875483684573191,negative,9.64756311604451e-07
1361875483915399168,negative,3.4454078477687496e-06
1361875484070604800,negative,0.016395317403642633
1361875484439674880,negative,0.016110347994777504
1361875485890908163,negative,0.052494083270271316
1361875486515855364,negative,0.09797448730401104
1361875486591377421,negative,0.018026157949542196
1361875487732211712,negative,9.078232306352716e-07
1361875488566820866,positive,0.93614813110056
1361875489237966848,negative,0.12156401893128603
1361875490534027265,negative,0.026955611107272768
1361875490538151940,negative,0.08229605095387442
1361875491293134848,negative,0.00033209702734530934
1361875491406426113,negative,0.0014435211140411926
1361875491771330568,negative,0.09488389392201765
1361875492484362243,negative,0.23988732993880882
1361875494292094976,negative,1.2936507640253172e-05
1361875494396977155,negative,0.06602678592006048
1361875494799634436,negative,0.05357457512678084
1361875495776837638,negative,0.006426218211711938
1361875496196321280,negative,0.13022124799196239
1361875497211297795,negative,0.0005355367510211682
1361875498968752130,negative,0.0013245578533712266
1361875499123953667,negative,0.000990050929999318
1361875500206084097,positive,0.9210392041937171
1361875500386447361,negative,0.07349677693633695
1361875501162196993,neutral,0.4065684028296207
1361875501632094209,negative,0.022115040833701215
1361875501833478144,negative,0.0026137897196443446
1361875503368527872,negative,0.0002666633965837271
1361875503393734662,positive,0.9163982858404505
1361875504236793859,negative,0.014410021282987497
1361875504958210050,negative,0.0024265365763960507
1361875505360822277,negative,0.00020130582430730686
1361875505599942659,neutral,0.4323510242933817
1361875505952210948,negative,0.15585040364727296
1361875507361574920,negative,0.0003773415681505067
1361875507856379904,negative,0.0885640614832503
1361875508192018434,negative,0.22664324401202743
1361875508254937098,neutral,0.39274765723876304
1361875508439511042,negative,0.0015343017638724213
1361875508506542081,negative,0.327378095563068
1361875509085433877,negative,0.31207120743634015
1361875509177647105,negative,2.8510129388726875e-05
1361875509416759298,negative,0.000990050929999318
1361875510452752393,negative,0.10548923194481778
1361875512440807428,negative,0.061483376775450294
1361875514177290241,negative,0.05378460301345363
1361875514844135431,negative,0.014909893924671286
1361875514932174849,negative,0.005604325898129143
1361875515049656325,negative,0.0016770018017662899
1361875515586596866,negative,0.000990050929999318
1361875515825680385,negative,0.000990050929999318
1361875515850846208,negative,0.238139266195977
1361875515955576839,negative,0.018759567016917347
1361875516513484800,negative,0.2023860839497017
1361875516618399745,negative,0.02055213509963698
1361875516660338691,negative,0.06797307024701534
1361875516672761857,negative,0.05158229854202571
1361875516689707013,neutral,0.4641771515110484
1361875518967136259,negative,4.6311774825849373e-08
1361875518967189509,negative,0.0038712641655717847
1361875520288403456,negative,0.009537408172797189
1361875522045755393,negative,0.21454527611310242
1361875524482695169,negative,7.263681252918724e-06
1361875525891989504,neutral,0.5209932010848836
1361875526261039105,negative,0.22378380959851696
1361875528257576965,negative,0.007036602437482531
1361875532036603908,negative,0.06947026427946054
1361875532204306432,negative,0.0037922479818963996
1361875532808355840,negative,0.04602152775499699
1361875534532259845,negative,0.002822284901713726
1361875541230571520,negative,0.10538030813047634
1361875542035877891,negative,0.010642292083325832
1361875543134777350,negative,0.12200904501969839
1361875543214284801,negative,0.013807455330012288
1361875543377985536,negative,0.2952635237448952
1361875543797485569,negative,0.02303560624538249
1361875544250417153,negative,0.0007738270421745523
1361875546225971201,negative,0.3020135550609068
1361875546284707840,negative,3.49053604768588e-05
1361875547907907587,negative,0.00015096421758854718
1361875548956467203,negative,0.003511184357252747
1361875549841461248,negative,0.05357457512678084
1361875552152477697,negative,0.01638299321934717
1361875553234657281,negative,0.05357457512678084
1361875555021447169,positive,0.9997088714815023
1361875555038027783,negative,0.14453719673417373
1361875555243741184,negative,0.23136974629727583
1361875555520573441,negative,0.04747891129994188
1361875555700805634,negative,1.2936507640253172e-05
1361875558586609673,negative,0.01651366144522747
1361875559836504068,negative,0.018881089919087168
1361875560687935489,negative,0.09797448730401104
1361875560952168449,positive,0.9997088714815023
1361875565444280325,neutral,0.35989192783015506
1361875565981138950,negative,0.05357457512678084
1361875566857768960,negative,8.493697490738083e-07
1361875567075856386,negative,0.017984896579314208
1361875569231736832,negative,0.05357457512678084
1361875570309664769,negative,7.752130399430308e-05
1361875574231162883,negative,1.2936507640253172e-05
1361875577653911552,negative,0.21454527611310242
1361875578031325197,negative,1.2936507640253172e-05
1361875580015288321,negative,0.034641901391601164
1361875580455682050,negative,0.09797448730401104
1361875582720606209,negative,0.05357457512678084
1361875583634931712,negative,0.0002400436859737013
1361875585757302789,negative,0.10400467425647399
1361875587393060864,negative,0.011106343875148335
1361875589368598532,negative,0.09797448730401104
1361875589729308683,negative,0.0002514833617613579
1361875591461543936,neutral,0.5347602792691571
1361875591654440965,negative,0.006859936298705416
1361875592426192898,neutral,0.35989192783015506
1361875592786894848,negative,0.11554522806712889
1361875594225602562,negative,1.2936507640253172e-05
1361875594905067522,negative,0.04280137185627562
1361875597220282368,negative,1.2936507640253172e-05
1361875598621212673,negative,0.07208899591815199
1361875598709297153,negative,2.538731068710613e-05
1361875598709305352,negative,0.00035755761198535437
1361875601406197760,negative,3.963280914547515e-06
1361875601917841409,negative,0.00020130582430730686
1361875605688492034,negative,9.64756311604451e-07
1361875606976217092,negative,0.019310560437292026
1361875608410677251,neutral,0.5209932010848836
1361875609199255553,negative,0.235825130958337
1361875613133533184,negative,7.752130399430308e-05
1361875614991601664,negative,0.00017919506558729427
1361875616417611783,negative,0.0038712641655717847
1361875616426045440,neutral,0.4614403939185461
1361875625452142592,negative,6.646209299504424e-05
1361875628786659328,negative,0.058049581235663256
1361875628862169092,negative,0.07361420728205927
1361875630112071681,negative,0.08560974487867468
1361875630321713153,negative,0.04526885811592329
1361875631471026183,neutral,0.35989192783015506
1361875631760416768,negative,7.752130399430308e-05
1361875632351756292,negative,0.14328420543898748
1361875632993538052,negative,0.09797448730401104
1361875635015090176,negative,0.032377968351464316
1361875635820400640,neutral,0.40507988433281555
1361875637317865476,neutral,0.6021454686498765
1361875638873968642,negative,0.005314036913586103
1361875639222042626,negative,0.05357457512678084
1361875639611969537,negative,3.5216772755926464e-06
1361875640853659648,negative,0.05357457512678084
1361875642606891010,negative,0.09797448730401104
1361875643034710018,negative,0.09550020241130751
1361875644775362562,neutral,0.5544318268166607
1361875646545350656,negative,0.03023610093804304
1361875648575332352,negative,4.11858779098812e-06
1361875653822447616,negative,0.2270916242691431
1361875656938844164,negative,0.05106637002907062
1361875656951296001,negative,0.011106343875148335
1361875657815298052,negative,0.033496634529330854
1361875659975491586,negative,0.05357457512678084
1361875660466225155,negative,9.64756311604451e-07
1361875661992960003,negative,0.09797448730401104
1361875663515308036,negative,0.011482894530528757
1361875664522067973,negative,0.21454527611310242
1361875665465786373,negative,0.050049334934067644
1361875667395215361,positive,0.9806003299703024
1361875669211308032,negative,3.470683229759093e-05
1361875669911764995,negative,0.005527170083806231
1361875671065198593,negative,0.129393378198483
1361875673795584000,negative,1.2936507640253172e-05
1361875675112566795,negative,0.00020130582430730686
1361875675607535616,negative,0.05357457512678084
1361875680519020549,negative,0.003963994962915118
1361875682209525760,neutral,0.4497313986298474
1361875682905755649,negative,2.9040977066083965e-05
1361875684122120195,neutral,0.35989192783015506
1361875684407312391,negative,0.09797448730401104
1361875686252826628,negative,0.00011478171482630191
1361875687725010945,negative,0.09797448730401104
1361875690233221127,negative,0.00027184243522255304
1361875691000709121,negative,0.00020130582430730686
1361875692401614856,negative,0.07381387634661611
1361875694242955266,neutral,0.49789225920557484
1361875694528126978,negative,8.374169294874021e-05
1361875694901370880,negative,0.0408805541496681
1361875696662929408,negative,0.04676012072609111
1361875696788795399,negative,0.16238354240856034
1361875696826544130,negative,0.020069275666744036
1361875696965017606,negative,0.02932883099023715
1361875697484976128,negative,0.2740418162867745
1361875698093326336,negative,0.04479713725512996
1361875698248515584,negative,0.009900802133523637
1361875698281971715,positive,0.9566871126165171
1361875698391130112,negative,1.7015530380887598e-05
1361875698877673477,negative,0.0010902226979589097
1361875699099987972,negative,0.12693968478489281
1361875699154513920,negative,0.00044277945535473474
1361875699439697920,negative,0.04678270541966506
1361875701230497792,positive,0.6726694183877265
1361875701809307658,neutral,0.4545904767683513
1361875701960474628,negative,0.004086329021375562
1361875702291783683,positive,0.7400692210494794
1361875702941900801,negative,0.008244374390621008
1361875704267345926,negative,0.29864444629363096
1361875704627912706,negative,0.00037166319126048715
1361875705349431299,negative,0.016787884429364814
1361875705433309189,neutral,0.35362277955607824
1361875705710202881,negative,0.0019366809666907883
1361875706393878529,negative,0.016110347994777504
1361875707337539586,neutral,0.49789225920557484
1361875707685699589,negative,0.04526885811592329
1361875709065584642,neutral,0.40507988433281555
1361875709875154944,negative,0.2383631700052483
1361875713033441292,negative,0.21454527611310242
1361875716170682368,negative,0.025252507499638022
1361875716170743808,negative,0.0003076056962548066
1361875716183232514,negative,0.23988732993880882
1361875716950917124,negative,0.004757157643562101
1361875717978550272,negative,0.07902958441004398
1361875719781978114,negative,0.0002040675276924791
1361875720277024768,negative,0.23988732993880882
1361875721489174528,negative,0.004557512083457568
1361875721862324226,negative,0.11105713477849632
1361875724299337730,negative,0.0009077682465481652
1361875725251395585,negative,0.05357457512678084
1361875726044119040,negative,0.09797448730401104
1361875726069358596,negative,0.009025499247126097
1361875727663173633,negative,0.00010075577805108141
1361875728283951106,negative,2.6312308602349488e-06
1361875730091548673,negative,0.033496634529330854
1361875730725011456,negative,0.006569630689292784
1361875731266088961,negative,0.2287206037784227
1361875731958149126,negative,0.13709805466936162
1361875733065453570,negative,0.05357457512678084
1361875733694586881,negative,0.0038712641655717847
1361875734864809984,negative,0.00020130582430730686
1361875735942684675,negative,0.21454527611310242
1361875736261500930,positive,0.7228705013161616
1361875737016479744,negative,0.016110347994777504
1361875738048278530,negative,0.002822284901713726
1361875738421579778,negative,7.752130399430308e-05
1361875738887086080,negative,0.07211524190255211
1361875739004473346,neutral,0.49789225920557484
1361875742808698880,negative,0.1603894675701918
1361875744951988224,negative,0.032377968351464316
1361875746030026752,negative,0.011106343875148335
1361875747435147265,negative,0.28930445208857464
1361875749754572801,negative,0.002932414244460472
1361875751948214276,negative,0.022115040833701215
1361875752568967171,neutral,0.43181091194642107
1361875753797885958,negative,0.0925816539145018
1361875755127345154,negative,0.033496634529330854
1361875755601432578,negative,0.012188700205225432
1361875758235455489,negative,0.004757157643562101
1361875758260576264,negative,0.008204552964866902
1361875758260629504,negative,0.011106343875148335
1361875758688403457,negative,0.05106637002907062
1361875759447609349,negative,0.05357457512678084
1361875760097595399,negative,5.340420020327015e-06
1361875764338114563,negative,0.011332112714301982
1361875764774400005,neutral,0.5621655332629886
1361875765281849344,negative,0.02839517461614872
1361875765369991168,negative,0.0009086558423347848
1361875768146612226,negative,0.016110347994777504
1361875768704446466,negative,0.0005111105487475943
1361875772403818501,negative,0.02840234930135304
1361875774287011843,negative,0.05106637002907062
1361875775956414476,negative,0.05357457512678084
1361875776304513025,positive,0.9103384520502384
1361875776576974849,negative,0.05357457512678084
1361875776606507009,negative,3.70444851636747e-05
1361875778732924928,negative,0.0026718646847690027
1361875779668295687,negative,0.3065077932362409
1361875780100308992,negative,0.07418558543190691
1361875780486193154,negative,0.04747891129994188
1361875780502978564,negative,0.0002577413117573411
1361875780658208772,negative,0.002988925608052877
1361875781169856515,negative,1.5759527052165356e-06
1361875786815447046,negative,0.09797448730401104
1361875788019232771,negative,0.05357457512678084
1361875788396711940,negative,0.010642292083325832
1361875788405030913,negative,0.0021029124790741234
1361875790451867649,negative,0.2270916242691431
1361875792012185606,negative,0.002822284901713726
1361875793287258117,positive,0.7228705013161616
1361875795468288007,positive,0.9985125475934508
1361875797645139972,negative,0.0007984219747013287
1361875799004090368,neutral,0.33123192340415814
1361875799100452875,negative,0.013807455330012288
1361875799213805568,negative,0.02439068850856169
1361875800832770060,negative,0.06358872296906842
1361875802795687943,negative,0.2196858088448432
1361875803940790279,negative,0.19481991233610219
1361875804460883983,negative,1.2468455224389652e-05
1361875805324910599,negative,0.011106343875148335
1361875807447220224,neutral,0.34174852498808683
1361875807447220227,negative,0.28491510276845433
1361875807786917888,negative,0.004478927258780815
1361875809133359105,negative,1.2936507640253172e-05
1361875809288478720,negative,1.786047180103299e-05
1361875810475474945,negative,8.673350351015887e-05
1361875810689425409,negative,0.0010135391573495229
1361875812950155271,neutral,0.48061219287488127
1361875813289910275,negative,0.12024564580440851
1361875814753529864,negative,0.061483376775450294
1361875816087388165,negative,0.06926997512087074
1361875816360026117,neutral,0.5743791208074581
1361875817781944323,negative,0.005782038052619196
1361875818054639618,negative,0.0002755312716535823
1361875818956267527,negative,0.0006317662139399466
1361875819442753539,negative,0.21257333126602235
1361875820822876161,negative,0.3065077932362409
1361875821552496647,negative,0.23547448214396235
1361875821619802115,negative,0.0041121707392958945
1361875822827565058,negative,0.00020130582430730686
1361875825281351680,neutral,0.3685943945839147
1361875825725947904,negative,0.00720160272808345
1361875826027888643,negative,0.05357457512678084
1361875829429567494,negative,1.3147483872877239e-09
1361875829706358788,negative,0.013255239653530001
1361875829710553091,negative,3.8353774950826015e-07
1361875832080277511,negative,0.00020130582430730686
1361875836111114241,negative,0.05357457512678084
1361875836597600258,positive,0.6646648111677342
1361875836845064194,negative,0.1930949323804381
1361875837163814915,negative,0.022115040833701215
1361875837801349120,negative,0.2261878499486432
1361875838027841540,negative,0.012425824829383302
1361875838657048576,negative,0.0026137897196443446
1361875839844052997,negative,0.006859936298705416
1361875841714696193,negative,0.05357457512678084
1361875842675011585,negative,0.033946849575774055
1361875842704543747,negative,0.005782038052619196
1361875843266576386,negative,0.05378460301345363
1361875843547619329,negative,0.3020135550609068
1361875843870416898,negative,0.03145367404931414
1361875846210936835,negative,3.5216772755926464e-06
1361875846219272193,negative,0.02023603281778985
1361875847024701441,neutral,0.553749164753881
1361875850220564485,negative,0.025252507499638022
1361875850392698880,negative,0.002403506383747586
1361875850895876098,negative,0.2979169876004211
1361875857493663744,negative,0.011244214898474618
1361875857522847746,positive,0.8542368681346015
1361875857694990336,negative,0.012593957822313285
1361875857854377984,negative,0.02176093168497779
1361875858693234691,negative,0.0018145507610497283
1361875860601643009,neutral,0.49431238600448296
1361875861222391809,negative,4.04684606341953e-05
1361875861453086720,negative,0.013807455330012288
1361875864598773764,negative,0.00020130582430730686
1361875864644911104,negative,0.13152545889307815
1361875864825303043,negative,0.003652879433142377
1361875865567657986,negative,0.05357457512678084
1361875866163232769,negative,0.035832760791353856
1361875869111701513,negative,0.02439068850856169
1361875869967523844,negative,0.005771336508332041
1361875873394282497,negative,0.022930011586719815
1361875876166656004,negative,0.05357457512678084
1361875877156380676,negative,1.1105443954748823e-08
1361875877294993410,negative,0.09797448730401104
1361875877399683073,negative,0.3065077932362409
1361875882642575362,neutral,0.4667281207494068
1361875883053649920,negative,1.2936507640253172e-05
1361875885159292928,negative,0.05357457512678084
1361875885469630464,negative,0.006426218211711938
1361875885582921729,negative,0.3020135550609068
1361875889726840832,negative,0.0064108565834098425
1361875890825740290,negative,0.05357457512678084
1361875891400433667,negative,0.10366650515906842
1361875891706466304,negative,0.0005055133911040962
1361875894562938880,negative,2.0630971768641268e-05
1361875895288557570,negative,2.330166103975864e-09
1361875895343083520,negative,0.08501111754283117
1361875896567820290,negative,3.410532573411451e-06
1361875896618082310,negative,0.3065077932362409
1361875898379689985,positive,0.9566871126165171
1361875899503710211,positive,0.93614813110056
1361875899763802115,negative,0.09553991651887304
1361875900111986692,negative,0.0022394320623131043
1361875901114368001,positive,0.9363239163527401
1361875902896955392,neutral,0.5167531858261193
1361875904591368193,negative,0.05208413089109728
1361875906998935560,negative,1.2936507640253172e-05
1361875907741376514,negative,0.3020135550609068
1361875909981134850,negative,0.002063734862162059
1361875910220255232,negative,1.2936507640253172e-05
1361875913034579969,negative,0.2270916242691431
1361875913894461441,negative,0.10538030813047634
1361875914997583875,negative,1.2936507640253172e-05
1361875915714756608,negative,0.00010075577805108141
1361875916637540353,negative,0.006606213683417213
1361875920592732162,negative,0.044556402715299384
1361875921121071107,negative,0.007954388140783968
1361875922530537472,negative,0.02303560624538249
1361875923071557632,negative,0.006859936298705416
1361875924195676160,negative,0.00720160272808345
1361875926066298882,negative,0.10538030813047634
1361875926418665473,negative,0.0028406668777079644
1361875926523334656,positive,0.8072167401911536
1361875929233055746,negative,1.7615214441573483e-06
1361875929572777985,negative,0.05357457512678084
1361875931644657668,neutral,0.4667281207494068
1361875932483448834,negative,0.00020130582430730686
1361875933251080192,positive,0.6873965071252229
1361875934358372355,negative,0.05357457512678084
1361875936946356224,negative,0.05357457512678084
1361875939739721729,negative,0.06377292553448329
1361875941031628800,positive,0.7644527378147956
1361875941241200641,negative,0.0018145507610497283
1361875944173047811,negative,0.00020130582430730686
1361875946580582401,positive,0.7228705013161616
1361875948669448192,negative,0.09797448730401104
1361875948728168449,negative,0.11790484287132175
1361875949139197958,negative,0.3020135550609068
1361875949281771523,negative,0.18436736847389262
1361875951475249155,negative,0.2270916242691431
1361875952389812232,negative,0.129393378198483
1361875954709237776,negative,0.0629161275727005
1361875959343960065,negative,0.004757157643562101
1361875961835315200,negative,0.007778433011336656
1361875962770644994,negative,0.0025003225607004706
1361875964947431424,negative,0.0082458490959877
1361875965954060289,positive,0.7236645497490646
1361875966356844547,negative,0.006564964297993355
1361875969221545985,negative,0.012593957822313285
1361875969921998853,negative,0.17419598300104258
1361875970530152451,negative,1.4127058064825812e-08
1361875973382283265,negative,0.0012379169120068723
1361875974560894979,negative,0.021163474256086886
1361875976062394368,negative,4.210769307729731e-10
1361875976506908673,negative,0.3065077932362409
1361875979539537920,negative,0.05357457512678084
1361875980760076291,negative,0.1501551870353995
1361875980772642818,negative,0.0009491062771751266
1361875981758304262,negative,0.06738306927300768
1361875981972230144,negative,0.09530948409055756
1361875986246037507,positive,0.7228705013161616
1361875986309144576,negative,8.388363251120052e-06
1361875987022159873,negative,1.2936507640253172e-05
1361875987537911809,negative,0.0018145507610497283
1361875988171395073,negative,1.339509848671189e-05
1361875990939598848,negative,0.006859936298705416
1361875993477206017,negative,0.02303560624538249
1361875994697748490,negative,0.00010075577805108141
1361875995800788992,negative,0.000861617759698979
1361875996861939715,negative,0.09936580728205985
1361875997528903683,negative,0.006859936298705416
1361875999458267136,neutral,0.49789225920557484
1361876002360553474,negative,0.002657164624161726
1361876004340432898,negative,0.006426218211711938
1361876005317726214,negative,0.041350594160695656
1361876005355474947,negative,0.05106637002907062
1361876006387277827,negative,0.033804987877426175
1361876006408253441,negative,0.016110347994777504
1361876009914564609,negative,0.2287206037784227
1361876011210608640,negative,0.08663288609948408
1361876011688853507,negative,4.453104982535192e-05
1361876011827294214,negative,0.05785620350799833
1361876012263497730,negative,0.006845567814811827
1361876015765745664,negative,0.22473190687340588
1361876017648984064,negative,9.837458183868226e-06
1361876018018058240,negative,0.0018145507610497283
1361876019137941504,negative,3.5216772755926464e-06
1361876019888717828,negative,4.4049064164195487e-05
1361876021125988360,negative,0.007954388140783968
1361876022027763715,positive,0.7300840865009319
1361876022619209730,negative,1.6831851690869264e-05
1361876022862430209,negative,6.468691970955696e-05
1361876023634055175,negative,7.462974712741798e-07
1361876024208875520,negative,0.24955026494900232
1361876024515039232,negative,0.0006284268112928095
1361876024556945408,negative,0.00027845611167668505
1361876025047711745,neutral,0.4513605618894927
1361876025844596743,negative,0.000990050929999318
1361876026796765184,negative,0.004267821741035016
1361876027119697922,negative,0.05357457512678084
1361876027157446662,negative,0.006440151655794703
1361876027560124424,negative,0.2287206037784227
1361876027882889223,negative,0.004892257398399707
1361876027887267844,negative,0.13709805466936162
1361876029351034884,negative,0.0026597942050713224
1361876029552398337,negative,0.05357457512678084
1361876030181490690,negative,0.001891183580962971
1361876030625964034,negative,3.580193515487426e-05
1361876032358334464,negative,0.04669780512611039
1361876032832299011,negative,0.007885065382584964
1361876033117581315,negative,0.0016546063887676928
1361876035005001730,positive,0.7849730764754382
1361876035684474883,negative,0.03490537139344192
1361876038784065536,negative,0.11969892329619812
1361876038838591497,negative,0.07381387634661611
1361876039757037571,negative,0.023139963450933228
1361876040298029060,negative,0.2745031447642803
1361876041334222853,negative,0.2287206037784227
1361876041694928902,negative,0.08019862014468751
1361876043464867841,negative,1.404354449424273e-06
1361876044437946369,negative,0.02328086759096105
1361876045444632578,negative,0.026899390390357332
1361876047055183875,negative,0.23988732993880882
1361876047319490561,neutral,0.49789225920557484
1361876048925851650,negative,0.012003285764501857
1361876049232097280,negative,0.07381387634661611
1361876050234466309,positive,0.9304620785065221
1361876052025442304,negative,0.013807455330012288
1361876053384441857,positive,0.8398369318738396
1361876054726430727,negative,1.2936507640253172e-05
1361876054902792199,negative,2.045646770511469e-06
1361876055049400324,negative,9.64756311604451e-07
1361876058463559688,negative,0.2270916242691431
1361876058585374728,negative,0.009294108961583173
1361876059449405440,negative,0.002086237303569625
1361876060934205444,positive,0.8804793908618945
1361876061294718979,negative,0.004791579250228382
1361876063631015942,negative,0.05357457512678084
1361876064218329092,negative,0.011399121000433865
1361876064751013891,negative,0.07699666720720659
1361876068492271619,negative,0.11631077212269345
1361876068827885573,negative,0.06408076277638888
1361876069519941638,negative,0.11544081635508753
1361876070216183808,negative,0.012593957822313285
1361876070883094531,negative,0.09530948409055756
1361876070887268355,negative,0.0006634983013918844
1361876071378018304,neutral,0.4667281207494068
1361876071826743299,negative,0.0004409111662762873
1361876072644673536,negative,0.011106343875148335
1361876073420627976,negative,0.011629802905316075
1361876075295440898,negative,1.2936507640253172e-05
1361876075521970178,negative,0.002344729421398334
1361876075790413827,negative,0.018881089919087168
1361876076687888384,negative,0.005716637004156381
1361876077824647171,negative,0.03906028246943114
1361876080496312320,negative,1.2936507640253172e-05
1361876081079422976,negative,3.470683229759093e-05
1361876082069282819,negative,0.00720160272808345
1361876082291580928,negative,0.005716637004156381
1361876083256262658,negative,1.2936507640253172e-05
1361876084338397185,negative,0.013807455330012288
1361876086888558594,neutral,0.3353500257179539
1361876089656680450,negative,0.01869870988099018
1361876089727975426,negative,1.2936507640253172e-05
1361876091133186050,negative,0.0026137897196443446
1361876091137359878,negative,0.00013480745644169095
1361876093322551300,negative,0.05357457512678084
1361876093435805696,negative,5.06063063551946e-07
1361876093792215040,neutral,0.40507988433281555
1361876096883580933,negative,0.21257333126602235
1361876098011824133,neutral,0.5209932010848836
1361876098510966787,negative,0.02932883099023715
1361876100784156678,negative,0.05357457512678084
1361876103065911297,negative,0.00020130582430730686
1361876105708396544,negative,0.02439068850856169
1361876107243499522,negative,0.05357457512678084
1361876110552805377,negative,0.035123581895652706
1361876113136484356,negative,0.0014435211140411926
1361876113815928833,negative,1.6680516809152512e-10
1361876114075959296,negative,0.006569630689292784
1361876115225149444,negative,0.0827523349203387
1361876117863297024,negative,0.0014684638760934122
1361876118295445508,neutral,0.5621655332629886
1361876121000816643,negative,0.09530948409055756
1361876125975199745,negative,0.0006284268112928095
1361876129351688198,positive,0.8840757314493582
1361876129888559108,negative,1.2936507640253172e-05
1361876132161855492,negative,0.17419598300104258
1361876134682451974,negative,4.1011749923846e-05
1361876135148097539,neutral,0.4836615648449466
1361876135500480515,negative,7.739988368392696e-05
1361876135739555844,positive,0.9738886034661556
1361876136389672960,negative,2.4450692185690414e-06
1361876137174040576,negative,0.06930603672104613
1361876138973306882,negative,1.1937717118237176e-05
1361876139703205897,neutral,0.49789225920557484
1361876141091520517,negative,0.003560558423302975
1361876142668537856,negative,2.4132269637755638e-15
1361876144509829121,positive,0.7228705013161616
1361876145201946624,negative,0.32064570828245315
1361876145692684290,negative,0.012425824829383302
1361876147315777536,negative,0.0041121707392958945
1361876148267974659,neutral,0.357899290320947
1361876150079913984,negative,0.139548783714202
1361876152394997760,negative,0.0007984219747013287
1361876153154359297,negative,0.0087700997304632
1361876153296969729,negative,0.09797448730401104
1361876153301164046,negative,0.04747891129994188
1361876153980637185,negative,0.04747891129994188
1361876157692526594,negative,0.006426218211711938
1361876157734539265,negative,0.002822284901713726
1361876160079159300,negative,0.05357457512678084
1361876162612461569,negative,0.29761571709333384
1361876162650271744,negative,0.05357457512678084
1361876162759262212,negative,0.0026137897196443446
1361876163505901570,negative,0.04526885811592329
1361876164088913921,negative,0.05357457512678084
1361876164126658568,negative,0.09797448730401104
1361876164646760452,negative,0.011629802905316075
1361876166626451459,negative,0.0026516371316873157
1361876167028969473,negative,0.0023880424734779226
1361876168555733000,negative,0.06926997512087074
1361876169159831561,negative,0.0019366809666907883
1361876171240177665,negative,0.050764442448256245
1361876171462475781,negative,9.098110222170116e-05
1361876171953238025,negative,3.5216772755926464e-06
1361876172540235779,negative,0.006025199969989119
1361876173639348227,negative,0.010873429198365493
1361876174192967680,negative,0.005771336508332041
1361876175530917889,negative,0.0007016108451183634
1361876178752176131,negative,0.0003926166085772292
1361876182132736000,negative,0.22353157434535123
1361876182799589378,negative,0.017850304984436027
1361876183164608513,negative,0.0784609147518485
1361876188138979329,negative,0.3065077932362409
1361876188336160773,negative,0.04526885811592329
1361876189577641984,neutral,0.40507988433281555
1361876191590842368,negative,0.01227293686200589
1361876193138651136,negative,0.09327120236897872
1361876193503551490,negative,0.00012074290335649326
1361876193520226305,negative,4.096214001652858e-05
1361876195055312898,neutral,0.48061219287488127
1361876199786614787,negative,0.017850304984436027
1361876201409835010,negative,0.05357457512678084
1361876201808232450,negative,0.05357457512678084
1361876201967616001,negative,0.07142115813996994
1361876202722631681,negative,1.1381876257125698e-07
1361876203284611072,negative,0.0010014503924579037
1361876203473264640,neutral,0.5614152023143125
1361876204475842565,positive,0.9566871126165171
1361876204513599490,negative,4.782562266134689e-11
1361876205469900800,negative,1.2936507640253172e-05
1361876207088902148,negative,0.05357457512678084
1361876207600599050,negative,0.035832760791353856
1361876209987162113,negative,0.015115186768849688
1361876211065118722,negative,0.0004127514285876195
1361876211148939271,neutral,0.4274047939449264
1361876211186696193,negative,0.15630830276745175
1361876211367084034,negative,0.03501890977918644
1361876211547389952,negative,0.00037467806330059744
1361876211597774851,negative,0.015720973430539874
1361876211807436800,negative,0.05357457512678084
1361876212184940545,negative,0.3020135550609068
1361876212231061506,negative,0.00020130582430730686
1361876212776280064,negative,0.008717773075588606
1361876213405417477,negative,0.004086329021375562
1361876214475075584,negative,1.2936507640253172e-05
1361876214504321026,neutral,0.48728019602140255
1361876215825588226,negative,2.7494984135931156e-05
1361876216328904706,negative,0.09797448730401104
1361876216366694400,negative,8.388363251120052e-06
1361876216387674116,negative,0.016110347994777504
1361876216630886401,negative,0.000990050929999318
1361876217738190850,negative,0.003650378438992002
1361876218040172553,negative,0.00011630639797149919
1361876218942001154,negative,0.04678270541966506
1361876218979749889,negative,0.021652742337632636
1361876219260731394,negative,0.21257333126602235
1361876219642277888,negative,0.05357457512678084
1361876220128813056,positive,0.8449706451271007
1361876220359696385,negative,0.11579010942057401
1361876220493856768,negative,0.09797448730401104
1361876221211074566,neutral,0.49789225920557484
1361876221274058753,negative,0.05357457512678084
1361876221307613185,negative,0.0004127514285876195
1361876221366312962,negative,0.004757157643562101
1361876221701726208,negative,0.0014861617591731833
1361876223471706114,negative,0.0014435211140411926
1361876224172253185,positive,0.6901078024205235
1361876224394596353,negative,0.05957797832934463
1361876224734351363,negative,0.012593957822313285
1361876225799696387,negative,0.000990050929999318
1361876227049615363,negative,0.0008402436427985292
1361876227154395137,negative,0.23988732993880882
1361876227561304066,negative,0.02023603281778985
1361876228618207234,negative,5.219183497409914e-05
1361876229398396929,negative,0.3065077932362409
1361876230111301634,negative,0.06926997512087074
1361876231252279296,negative,0.009900802133523637
1361876231688511488,negative,0.006859936298705416
1361876232619626496,negative,0.10992731356760405
1361876233294905346,neutral,0.4365138498665115
1361876234347573251,negative,0.00020130582430730686
1361876234783883268,negative,0.021163474256086886
1361876235408732161,negative,0.016787884429364814
1361876236021161986,negative,0.03166470546763182
1361876237162020875,negative,0.03983031260542193
1361876237271134208,negative,0.0008496953345485857
1361876237715599361,negative,0.0012461847418759407
1361876238705565696,negative,0.06693372327754489
1361876238940397568,negative,0.004086329021375562
1361876239087263747,negative,0.004757157643562101
1361876240592953351,negative,0.008690896866425544
1361876241708638208,negative,0.02303560624538249
1361876242887282689,negative,1.7074091105534237e-12
1361876243281567745,negative,0.00385949904156067
1361876243289931780,negative,0.04526885811592329
1361876246045597701,negative,9.627218030274778e-08
1361876246494384128,negative,0.05357457512678084
1361876247907737603,negative,0.09577720064211888
1361876248243310594,negative,0.0007082540596055529
1361876248637628421,negative,0.04526885811592329
1361876248927105024,negative,0.17110783127166218
1361876249023369217,negative,0.0027650782546240218
1361876249103261700,negative,0.011893600402031624
1361876249677824003,positive,0.7031052899271505
1361876250118225929,negative,0.012264430880202402
1361876250831298563,negative,0.033194606476668935
1361876251884011520,neutral,0.5873106135754727
1361876253276520449,negative,0.005782367508792728
1361876253377183747,negative,0.00020130582430730686
1361876253528227843,neutral,0.5531092746135309
1361876254706737155,negative,0.054334822544456846
1361876255964946436,neutral,0.5391371911639813
1361876257336623109,positive,0.8542368681346015
1361876257462509572,negative,0.0011660166126244177
1361876257470898181,negative,0.04747891129994188
1361876257651253249,positive,0.9368081623987643
1361876257668009987,negative,2.6548075624874706e-07
1361876258288775175,negative,0.1477878257826216
1361876258422939651,negative,0.0016770018017662899
1361876259278569472,negative,0.00042871502834157315
1361876259282763778,negative,0.05357457512678084
1361876259291099138,negative,0.05357457512678084
1361876260134256641,negative,0.18795859623648656
1361876260385927170,negative,0.04380816347865611
1361876260469813250,negative,0.16473247212889158
1361876261140918273,negative,0.04021325956152147
1361876261463678979,negative,1.2936507640253172e-05
1361876263670079488,neutral,0.45881106662685794
1361876263997210630,negative,0.17110783127166218
1361876268107640832,negative,1.7932727513583388e-06
1361876268111847424,negative,0.00011941137881460796
1361876268233457667,neutral,0.4237337412615085
1361876268472500231,negative,0.04316765158906722
1361876269118464002,negative,0.016787884429364814
1361876269156233216,negative,0.13427982660654192
1361876269776965638,negative,0.004086329021375562
1361876270049550336,negative,0.00017459207000843527
1361876270083149824,negative,0.0010832194956059919
1361876270137675779,negative,0.04526885811592329
1361876271316221953,negative,0.29021340564090414
1361876271442059266,negative,0.21048269055057647
1361876272469655552,negative,0.14720683121191502
1361876272901742600,negative,0.09797448730401104
1361876272926711809,negative,0.00020130582430730686
1361876273430204416,negative,7.752130399430308e-05
1361876274864562179,negative,0.033496634529330854
1361876275237949444,negative,0.000990050929999318
1361876275556720640,negative,6.573389553416229e-13
1361876276362043392,negative,0.000990050929999318
1361876276491993089,positive,0.9259815607928116
1361876276605198337,negative,0.20597788124959643
1361876276743667718,negative,0.3020135550609068
1361876277007949827,negative,0.05357457512678084
1361876277456637957,negative,0.054460455069341884
1361876277532196869,negative,0.010167324819654017
1361876278845067265,negative,0.053223206093125766
1361876280245968897,negative,0.0004127514285876195
1361876281898512384,negative,0.02439068850856169
1361876282041114627,negative,0.009959724022684842
1361876282095591426,neutral,0.3823916724275486
1361876284393943041,neutral,0.47429971280587185
1361876284989669384,negative,0.23988732993880882
1361876285660819457,negative,0.004500908720721487
1361876287028137984,negative,8.374169294874021e-05
1361876288257085440,negative,0.05357457512678084
1361876291159474177,negative,0.022115040833701215
1361876291318910978,negative,0.05357457512678084
1361876292543643648,negative,0.0016049919271772938
1361876292866629632,neutral,0.35989192783015506
1361876293118091264,neutral,0.5614152023143125
1361876293458014215,positive,0.8542368681346015
1361876295479615497,negative,0.005549527622296738
1361876296679133187,positive,0.9566871126165171
1361876296687628296,negative,0.0028890364937348752
1361876297383878656,negative,0.08336940673719916
1361876297618755589,negative,0.09006181970181705
1361876297748779009,negative,0.006859936298705416
1361876298541510659,negative,0.012425824829383302
1361876298562367489,negative,0.033496634529330854
1361876298671550464,negative,0.011106343875148335
1361876299183255552,negative,0.032377968351464316
1361876300198199296,negative,0.05357457512678084
1361876300542042114,negative,0.05208413089109728
1361876300986675200,negative,0.2270916242691431
1361876302748336131,negative,0.004757157643562101
1361876303490785283,negative,3.881532368670552e-07
1361876305223053312,negative,0.04526885811592329
1361876308263903242,negative,1.2936507640253172e-05
1361876309404774405,negative,0.009959724022684842
1361876310222635011,negative,1.2936507640253172e-05
1361876311271088129,negative,0.024174723579096374
1361876311371886598,negative,0.029271315122810997
1361876317403295745,negative,0.014019620992779149
1361876320741855232,positive,0.9566871126165171
1361876320884559872,negative,0.04132685470836238
1361876322696499200,negative,0.004753119203582874
1361876323270946822,negative,0.05357457512678084
1361876323870920705,negative,0.3020135550609068
1361876324843937793,negative,0.005314036913586103
1361876324986585092,negative,0.002822284901713726
1361876325833838593,negative,0.08208975163686717
1361876326987268096,negative,0.08560974487867468
1361876329117847553,negative,0.00020130582430730686
1361876329214468100,negative,0.052096405603344054
1361876329357053963,negative,3.3712111480023866e-05
1361876329688408064,negative,0.0001828200344963609
1361876329877172226,negative,0.21257333126602235
1361876333786185729,negative,0.05357457512678084
1361876334096523270,negative,0.05357457512678084
1361876334700597248,negative,0.014281284200859902
1361876334969036803,negative,0.001891183580962971
1361876335552057344,negative,1.1272705735076318e-05
1361876338433527813,negative,3.70444851636747e-05
1361876339901489152,negative,0.04526885811592329
1361876343160512514,negative,0.012859967923524267
1361876343575601153,negative,0.23988732993880882
1361876348881547265,negative,0.003511184357252747
1361876349183475712,neutral,0.4062043049697301
1361876351901392901,negative,0.05357457512678084
1361876357593112577,neutral,0.49789225920557484
1361876359103082497,negative,0.016110347994777504
1361876361292439552,negative,0.033167025878074165
1361876362538196996,positive,0.6873965071252229
1361876364501028872,neutral,0.40507988433281555
1361876365746835458,negative,1.2936507640253172e-05
1361876366430502922,negative,0.006859936298705416
1361876366900224005,negative,0.051909196127923996
1361876367948673029,negative,1.2936507640253172e-05
1361876368196317185,negative,0.30922748635059033
1361876371585261570,negative,4.1011749923846e-05
1361876374525386757,positive,0.7634347203295336
1361876378111500288,negative,1.94221936802366e-05
1361876379256713220,neutral,0.5009396838143622
1361876379680333827,negative,0.002822284901713726
1361876381873881092,positive,0.7228705013161616
1361876385422319618,negative,3.70444851636747e-05
1361876386848403459,negative,7.263681252918724e-06
1361876388752613376,negative,0.16904932776577128
1361876390468018178,positive,0.9956547424026557
1361876392460304385,negative,0.03107382707148795
1361876392955281409,negative,0.09530948409055756
1361876395073372163,negative,3.7315027362533294e-07
1361876395987763203,negative,0.004478927258780815
1361876396159741952,negative,0.002822284901713726
1361876397380284416,negative,0.026795195403981033
1361876397719920644,negative,3.1223793915575116e-05
1361876397837410305,negative,0.042400528405699626
1361876398391050245,positive,0.9993964702976906
1361876401255829506,negative,1.2936507640253172e-05
1361876401482330115,negative,0.3020135550609068
1361876401817845763,negative,0.1166567400667652
1361876402170118147,negative,5.547586483555178e-06
1361876403461963780,negative,0.09797448730401104
1361876403923353600,negative,0.0069309985301994285
1361876404481257475,negative,0.02238414195147
1361876405693394946,negative,0.0015343017638724213
1361876405756297216,negative,0.014918291470551183
1361876405886345216,negative,0.00015418457969662886
1361876406054096898,negative,0.05931198351197742
1361876407475990528,negative,0.033194606476668935
1361876408373501953,negative,0.059852643323256835
1361876408646123525,negative,0.00020561807695836245
1361876410940461058,neutral,0.39813416277740166
1361876411687067651,negative,0.011014018173277145
1361876412744007680,negative,3.4454078477687496e-06
1361876412882448385,negative,0.0005042075821884034
1361876413448658949,negative,0.000990050929999318
1361876414509834240,negative,0.10459094208359733
1361876416791519232,negative,1.086618818677641e-07
1361876417592627205,neutral,0.46570989149392666
1361876417928167426,negative,0.011591647418516388
1361876418012053506,negative,0.014872263179173577
1361876418175635460,negative,0.011106343875148335
1361876418477625346,negative,0.20118071425676004
1361876418557272064,positive,0.9259815607928116
1361876419702358021,negative,0.1336995657242304
1361876420130074634,negative,0.0027650782546240218
1361876420482502656,negative,9.405553330386685e-05
1361876420503470080,negative,0.011629802905316075
1361876420511764480,negative,0.0013627972799442989
1361876421623308288,positive,0.93614813110056
1361876422059515904,neutral,0.49789225920557484
1361876422973812736,negative,0.1647378382293729
1361876423015858179,neutral,0.3499352441185855
1361876423087038466,negative,3.5216772755926464e-06
1361876423808581634,negative,0.054082587372687826
1361876424060190725,negative,3.427475763378293e-05
1361876424467111938,negative,6.652540986918967e-07
1361876425087848452,negative,0.21550513947060182
1361876425687531525,negative,8.912790181537978e-05
1361876425905737729,negative,0.05106637002907062
1361876426014785538,negative,0.004086329021375562
1361876426534838276,negative,0.032907976533616365
1361876427747057665,negative,0.00020130582430730686
1361876427788996608,negative,0.00020636335243577074
1361876428212621314,negative,0.02218027738890461
1361876428820787200,negative,1.6352159230570564e-06
1361876428959059971,negative,0.008157976426003641
1361876428988547074,negative,0.05357457512678084
1361876430553051136,positive,0.8550730915857905
1361876430582382594,negative,0.007036602437482531
1361876430959869952,negative,0.05357457512678084
1361876431752544256,negative,1.7325687172816144e-07
1361876431828115459,positive,0.920866800984937
1361876431878373376,negative,2.2610693856261525e-05
1361876432675344390,negative,0.0630155219966574
1361876432914415616,negative,0.000990050929999318
1361876433832980485,negative,0.06693372327754489
1361876435510513668,negative,1.424474963643116e-06
1361876436232118277,negative,0.0010051846683394828
1361876437062610944,negative,0.0004127514285876195
1361876438639648770,negative,0.0019366809666907883
1361876439226871808,negative,0.05357457512678084
1361876439965048832,positive,0.8449706451271007
1361876440887799809,negative,0.0030261050692042516
1361876441282011138,negative,0.002822284901713726
1361876444104777732,negative,3.6860439106232884e-05
1361876444347916289,positive,0.9960761873896654
1361876444499095552,negative,0.000990050929999318
1361876445145018369,negative,3.5269043181490946e-05
1361876445224697858,negative,0.07432755929889998
1361876445417635840,negative,0.20235617661217725
1361876445937635334,negative,0.00015418457969662886
1361876446432616450,negative,0.02055213509963698
1361876446457831427,negative,0.0013012529240149671
1361876446680145921,negative,0.0004294534499501817
1361876446826934273,negative,0.12693968478489281
1361876446847791109,negative,0.016787884429364814
1361876447502233603,negative,0.019914684297266127
1361876448861167624,negative,0.07847696196057613
1361876449263771649,negative,0.03490537139344192
1361876449964290048,positive,0.954873127285284
1361876450543034369,negative,0.0076627860343016895
1361876450907979776,negative,0.03501890977918644
1361876451193020424,negative,0.009808467417780124
1361876452187262981,negative,0.000990050929999318
1361876452350693378,negative,0.01661517520103425
1361876454586343425,negative,0.0004343564517957847
1361876454821289988,negative,0.0018145507610497283
1361876454968025091,negative,0.032625218733690786
1361876455056171010,negative,0.10493509996246646
1361876455723048966,negative,1.0297747140457822e-05
1361876456729681924,negative,0.05357457512678084
1361876457178472449,negative,0.0005311473147342016
1361876457182683136,negative,8.872984501590753e-05
1361876457673404419,negative,0.022831600472618716
1361876457795026950,negative,0.12693968478489281
1361876458499620865,negative,0.022167072996221983
1361876459594207237,negative,5.1750287681499805e-06
1361876460777005058,positive,0.8574322426189381
1361876461016162309,negative,0.2270916242691431
1361876462224232449,negative,0.05357457512678084
1361876463377666050,positive,0.9798258896590838
1361876464560467972,negative,0.05357457512678084
1361876465873281024,negative,0.018759567016917347
1361876467303481347,negative,0.05357457512678084
1361876467580305409,negative,1.2664124047453964e-08
1361876468096204801,negative,0.05699523510193887
1361876470189215744,negative,0.04678270541966506
1361876472911323143,negative,0.00753708168788798
1361876473582399490,negative,0.07214598436989786
1361876473674686467,negative,0.004478927258780815
1361876474719051778,negative,0.09530948409055756
1361876475553714183,negative,4.055578940121825e-09
1361876476195459075,negative,1.2936507640253172e-05
1361876476681838595,negative,4.200373299238651e-05
1361876478942658562,negative,0.00020130582430730686
1361876480435838978,negative,0.2900972576170943
1361876482340093956,negative,8.475452106835862e-07
1361876483099086852,negative,3.132733584267467e-05
1361876483543887875,negative,0.28244425337298346
1361876484638580740,negative,0.00011990792597600006
1361876485854945284,negative,0.0016049919271772938
1361876486613921794,negative,0.032377968351464316
1361876486895128578,negative,0.05357457512678084
1361876487243243524,negative,1.4901983261756577e-05
1361876489285890050,negative,4.266154372128875e-05
1361876490456039428,negative,0.3247827604883775
1361876490841956353,negative,0.0004933008639472128
1361876497586339846,negative,1.0470095011133218e-05
1361876497926025219,negative,0.0087700997304632
1361876498555281409,negative,0.004478927258780815
1361876500992192513,negative,0.033267178815688594
1361876505530408965,negative,0.003970901874489672
1361876506008502272,negative,0.02315055182433907
1361876506528518149,negative,0.01786134592908245
1361876507078049792,neutral,0.40507988433281555
1361876507413475334,negative,0.018216115066631264
1361876508302696458,neutral,0.4667281207494068
1361876508978016258,neutral,0.48349616605478324
1361876509145858052,negative,0.0008158419620003859
1361876509846351873,negative,0.2287206037784227
1361876510039187458,negative,0.004752749571747932
1361876511205318657,negative,0.0013314042346441372
1361876513134698499,negative,0.09797448730401104
1361876515118604288,negative,7.752130399430308e-05
1361876517882646528,negative,0.01786134592908245
1361876518947991555,negative,7.935572041400017e-06
1361876519602294791,neutral,0.4667281207494068
1361876519610691586,negative,0.009761345140847096
1361876519614746624,negative,0.05357457512678084
1361876520029933573,neutral,0.49789225920557484
1361876520051048452,negative,1.364158298127357e-06
1361876520747360258,negative,0.01318157397793152
1361876521477152768,negative,0.05357457512678084
1361876523947499524,negative,0.00022657550926936858
1361876526296231940,negative,0.0014435211140411926
1361876526954856449,negative,0.013812504468133742
1361876527529545729,negative,0.17419598300104258
1361876528074735620,negative,0.05357457512678084
1361876528758407168,negative,0.0009000647634591556
1361876533267345409,positive,0.7228705013161616
1361876535960027145,negative,0.0005394078757857395
1361876536249503745,negative,0.08109843171811777
1361876539596505091,negative,0.09151565997391957
1361876539978231815,negative,0.05357457512678084
1361876540573761541,negative,0.3065077932362409
1361876541848846339,positive,0.966293971684355
1361876542511587332,negative,0.23988732993880882
1361876544369614848,negative,0.2270916242691431
1361876545011343361,negative,0.3065077932362409
1361876545531498496,negative,0.00010075577805108141
1361876546630389768,negative,0.019989593375312815
1361876546672279554,negative,0.011106343875148335
1361876547553153027,negative,0.008759251296388307
1361876549704822786,negative,0.0020899506625194674
1361876551227363330,negative,0.008157976426003641
1361876551747440640,negative,0.05357457512678084
1361876552129085440,negative,0.00014741290558226286
1361876552435326980,negative,1.2936507640253172e-05
1361876552577937408,negative,0.30685542703623636
1361876553781682180,positive,0.9058514647712873
1361876554490462209,negative,0.005782038052619196
1361876555031527432,negative,7.935653266317737e-10
1361876555618783233,negative,0.14643504282116973
1361876557917224960,negative,0.006859936298705416
1361876558621868033,negative,0.0005208767949454292
1361876560249118721,negative,0.31523446545852435
1361876561318850564,negative,0.05357457512678084
1361876561784430592,negative,0.007353091766250963
1361876566679166977,negative,0.06815522424954162
1361876567018909697,negative,0.10278158773404031
1361876568180727817,negative,0.008079980957480321
1361876568344256517,negative,1.8250618926671305e-06
1361876570617638914,negative,0.033804987877426175
1361876571104055298,positive,0.9806003299703024
1361876571183792129,negative,0.1728953783968395
1361876572186292225,negative,0.013255239653530001
1361876572530180098,negative,0.006859936298705416
1361876572865765377,negative,6.283362256953369e-07
1361876575399084033,negative,0.07699666720720659
1361876575571095555,negative,0.005210400083344971
1361876578339352576,negative,0.0373955989184398
1361876578439987205,positive,0.954873127285284
1361876578460966915,negative,0.12341305885845724
1361876581153660928,neutral,0.5251083678055524
1361876583024386050,negative,0.05357457512678084
1361876584429453315,negative,0.0038712641655717847
1361876585746337793,negative,0.10992731356760405
1361876588158062598,negative,8.056430610551333e-19
1361876588229492736,negative,0.03680230327726937
1361876590292996096,negative,0.04526885811592329
1361876590347476994,negative,0.0039007646926110615
1361876591392022536,negative,0.0023044312759373242
1361876591874215942,negative,0.05308938670886328
1361876594336403456,negative,0.0018145507610497283
1361876596630687744,negative,0.013807455330012288
1361876596781678592,negative,0.009586025178473198
1361876596832010243,negative,0.010870029137482067
1361876598362898432,negative,0.05357457512678084
1361876598786555904,neutral,0.37583732993026725
1361876599067574275,neutral,0.49789225920557484
1361876599621251072,neutral,0.5761133098083588
1361876605560315908,negative,0.00020130582430730686
1361876606432772096,negative,0.15298959144031538
1361876606730596353,negative,0.1293681568386672
1361876608672559105,negative,0.15864117857728244
1361876618768187395,positive,0.7343521098279054
1361876623059005440,negative,0.002113639522666961
1361876623843278849,positive,0.9138443837794084
1361876625827061760,negative,0.0012778755973791355
1361876626213109760,negative,0.0004965321904754686
1361876626284425218,negative,0.09797448730401104
1361876627383271427,negative,0.0041121707392958945
1361876629535010819,neutral,0.553749164753881
1361876629946007558,negative,0.08879426402764704
1361876630625538048,negative,0.004609049502380443
1361876631766319104,negative,0.05357457512678084
1361876632861081601,negative,0.00020130582430730686
1361876635851587584,negative,0.05357457512678084
1361876636958920704,negative,0.00035755761198535437
1361876637827043329,negative,0.00025612713220817484
1361876637973958657,negative,0.09175527122354733
1361876638896713733,negative,1.7071241834916645e-05
1361876639102029825,negative,0.009910498999076957
1361876641027358729,negative,0.005604325898129143
1361876641371348992,negative,0.023189088235085236
1361876642025648129,negative,0.0030166748788996237
1361876642545680388,negative,0.05357457512678084
1361876642751275011,negative,0.17110783127166218
1361876643900493827,negative,0.000990050929999318
1361876644198117377,negative,0.021790675452404446
1361876644345085954,negative,0.00753708168788798
1361876644571586562,negative,4.413376902025267e-05
1361876646920355841,negative,0.24175704556638422
1361876647138369538,negative,0.0023880424734779226
1361876647356608512,negative,0.0024265365763960507
1361876649231417347,negative,0.004086329021375562
1361876649327947777,negative,0.000990050929999318
1361876649768341510,negative,0.051909196127923996
1361876650049290241,negative,0.000990050929999318
1361876650191904778,negative,0.0023880424734779226
1361876650212925444,negative,0.025544161393730128
1361876653253791747,negative,0.001891183580962971
1361876653996130304,positive,0.9588731821981696
1361876655011209218,negative,0.011629802905316075
1361876655527059456,negative,0.17110783127166218
1361876657208889345,negative,0.023139963450933228
1361876658668646400,negative,0.10839799508375048
1361876659289391108,negative,0.0021670281704597085
1361876661608861696,negative,0.020069275666744036
1361876661998915592,negative,4.660275170809989e-06
1361876663286566915,negative,0.08388745204999315
1361876663903031299,negative,0.05130164310333838
1361876664339345412,negative,0.3062144521954101
1361876665010429952,negative,0.000990050929999318
1361876665320800257,negative,0.0024265365763960507
1361876665341632514,negative,0.13631607677561033
1361876666985963520,negative,0.07800672398898323
1361876667619246088,neutral,0.49789225920557484
1361876668135190530,positive,0.7418313296279335
1361876668407816199,neutral,0.4624435458175151
1361876668869132288,negative,0.03910202695863972
1361876669586366466,negative,8.134523972579089e-07
1361876670404321280,negative,0.0827523349203387
1361876672342085632,neutral,0.553749164753881
1361876672618799106,negative,0.11756839460665358
1361876672845402115,negative,8.942901936958828e-05
1361876674061553667,positive,0.8398369318738396
1361876674149761026,positive,0.6742142355615076
1361876674753789952,negative,0.0024027925091031827
1361876675605262338,negative,0.00020502372897546976
1361876676234346497,negative,0.07917379546463647
1361876676683198464,positive,0.9566871126165171
1361876677413003266,positive,0.954873127285284
1361876680462188546,negative,1.2936507640253172e-05
1361876681011597314,negative,0.05357457512678084
1361876681624068096,negative,0.23988732993880882
1361876685344428035,negative,0.05357457512678084
1361876688200634370,negative,0.033804987877426175
1361876688217509888,negative,0.0087700997304632
1361876688683024387,negative,0.0003076056962548066
1361876690532786179,negative,0.011106343875148335
1361876691262570496,negative,7.147066930989769e-07
1361876696614514688,negative,0.05414633500412448
1361876697549832195,neutral,0.49789225920557484
1361876698120282112,negative,1.569492636588466e-05
1361876699600744449,negative,2.0650103397257916e-14
1361876701580566531,negative,0.028602532372184113
1361876704743075842,neutral,0.4513605618894927
1361876705137287168,negative,0.007882200431115025
1361876705997180928,negative,0.05357457512678084
1361876709797199873,negative,0.05357457512678084
1361876711470727170,negative,0.041350594160695656
1361876712804515841,negative,0.016110347994777504
1361876716872998913,negative,0.1551121714199894
1361876719074967558,negative,0.032377968351464316
1361876722707267584,negative,0.05357457512678084
1361876723579641867,negative,0.004757157643562101
1361876724317847552,negative,0.006426218211711938
1361876726738018305,negative,0.005661370956755728
1361876727996194819,negative,0.2270916242691431
1361876728801542146,negative,0.13709805466936162
1361876730135289862,neutral,0.49789225920557484
1361876730810687488,negative,2.2128690321202563e-12
1361876731892666368,neutral,0.45213954193494327
1361876733574668291,negative,0.00032571999975944366
1361876733612457985,negative,0.11544081635508753
1361876740981858306,negative,0.09797448730401104
1361876743288729607,negative,0.05357457512678084
1361876743355834371,neutral,0.3556119426141939
1361876745406840832,negative,0.05357457512678084
1361876746992238592,negative,0.04526885811592329
1361876747742945281,neutral,0.6009087158032419
1361876747818532864,negative,0.05357457512678084
1361876747936010240,negative,0.0021196166289968385
1361876748183474176,negative,0.08063307794668882
1361876748586131459,negative,0.02089169712059392
1361876749001388034,positive,0.9566871126165171
1361876751056535555,negative,0.022115040833701215
1361876751442468870,negative,0.00020130582430730686
1361876751710838787,negative,1.3435466308453904e-05
1361876752310677504,negative,0.0026137897196443446
1361876754214838275,neutral,0.5056162179407367
1361876754294591489,negative,0.00462631625824325
1361876754789498881,negative,0.09151565997391957
1361876755389304835,negative,1.2936507640253172e-05
1361876757834436610,negative,1.2936507640253172e-05
1361876760506212357,negative,1.2936507640253172e-05
1361876760514682880,negative,9.726274779795951e-10
1361876761395359747,negative,0.05357457512678084
1361876762402119683,negative,0.0010889558136930703
1361876763912134658,negative,0.2270916242691431
1361876764583100417,negative,0.22695773199677524
1361876766952947712,negative,9.64756311604451e-07
1361876767171096581,negative,5.956258597165983e-05
1361876767586287618,negative,0.004757157643562101
1361876769054334979,negative,0.002988925608052877
1361876769205342218,negative,0.2717585236000847
1361876771981783044,negative,0.05169774655231378
1361876774829883394,negative,3.861052679855366e-05
1361876774976712707,neutral,0.4332652361408676
1361876774980780034,negative,0.3087290515561506
1361876777799454725,negative,0.006569630689292784
1361876780429287425,negative,0.000509642550485086
1361876781431730180,negative,0.011106343875148335
1361876783088418816,negative,0.003897934207674265
1361876783105269762,negative,0.0010051846683394828
1361876783285477390,negative,1.2936507640253172e-05
1361876784703242240,negative,0.08737938676356574
1361876784757809157,negative,0.00528506162529623
1361876785781219330,negative,0.007555486730596344
1361876787169533955,negative,0.00023490449861701833
1361876789753221120,negative,0.3110734899390277
1361876789816143875,negative,9.827095053115437e-10
1361876789921001473,neutral,0.49789225920557484
1361876790915043328,positive,0.9349677335923944
1361876791850373125,negative,0.016279801400082564
1361876792773120001,neutral,0.6387765042918215
1361876793859313664,negative,0.01580383625672494
1361876795176402947,negative,0.05357457512678084
1361876795180650499,neutral,0.4514321842747589
1361876796153749505,negative,0.00035755761198535437
1361876799173484545,neutral,0.47511024713808625
1361876800369020936,negative,0.012593957822313285
1361876804181581825,negative,0.2270916242691431
1361876804777222145,negative,3.1259040566444865e-06
1361876805821620224,neutral,0.35989192783015506
1361876807759331329,negative,0.0013627972799442989
1361876811009908736,negative,7.752130399430308e-05
1361876811370688512,negative,0.04526885811592329
1361876812314202116,negative,0.0009417338035239701
1361876812884676608,neutral,0.3523126957141878
1361876820396802049,negative,0.04567876122223103
1361876821428568065,negative,0.0038712641655717847
1361876821499854854,negative,0.004757157643562101
1361876821999030272,negative,0.0018145507610497283
1361876822544293891,neutral,0.5251083678055524
1361876827396997126,negative,0.007579212408959946
1361876828319670273,negative,0.05357457512678084
1361876828487442441,negative,1.2936507640253172e-05
1361876829473288193,negative,0.04747891129994188
1361876830039511041,negative,0.0012379169120068723
1361876831507542019,neutral,0.40385138911734125
1361876834485374977,negative,0.28930445208857464
1361876835588571142,negative,4.200373299238651e-05
1361876836087660548,negative,0.005661370956755728
1361876837970939907,negative,3.70444851636747e-05
1361876838520348676,negative,0.0016336194727517234
1361876841611542531,negative,0.0007524003017906472
1361876842563723267,negative,2.6454662876189033e-05
1361876842639200258,negative,1.2936507640253172e-05
1361876842735669249,positive,0.9997088714815023
1361876850067333123,negative,0.25369808576029645
1361876850318979072,negative,0.0016770018017662899
1361876850570584070,negative,0.29150453131543796
1361876850860040192,negative,0.033496634529330854
1361876851111694336,negative,0.00720160272808345
1361876853141700611,negative,0.1501551870353995
1361876853972234244,negative,0.0009491062771751266
1361876854945308679,negative,0.07214574456215542
1361876858103623682,negative,0.07172160966477797
1361876859298992129,negative,0.005314036913586103
1361876859865210882,neutral,0.40507988433281555
1361876860016103424,positive,0.8840757314493582
1361876861765181441,negative,0.007954388140783968
1361876862553780224,negative,0.024468489764543896
1361876862717206528,negative,0.032377968351464316
1361876863371649029,negative,0.08293295578178206
1361876865070354433,neutral,0.3685943945839147
1361876866592817154,negative,0.055057252092284965
1361876868010553350,negative,0.19481991233610219
1361876871735091200,negative,0.012593957822313285
1361876874616520711,negative,0.3060443145945135
1361876874725498884,negative,0.1647378382293729
1361876883353206785,negative,0.00753708168788798
1361876883424636931,negative,0.017984896579314208
1361876885014274049,negative,0.01696251867093306
1361876885035245570,neutral,0.4667281207494068
1361876886788448257,negative,0.09670635359457072
1361876888113860608,negative,0.04913469702897805
1361876889112035328,negative,0.01729925792086354
1361876889384742913,negative,0.1843468047297809
1361876890487767044,negative,0.2270916242691431
1361876893155352576,negative,0.0874461232935242
1361876893407051776,negative,0.032377968351464316
1361876894178635780,negative,0.00020130582430730686
1361876895596478469,positive,0.6998066955029342
1361876898628960256,negative,0.13934407866944687
1361876898909929473,negative,0.0654201385212326
1361876904500994052,negative,1.2936507640253172e-05
1361876904517787650,negative,0.033804987877426175
1361876909274103810,neutral,0.46010103845823863
1361876910528151558,negative,0.11105713477849632
1361876911857815555,negative,0.011415782273118584
1361876912482750464,negative,0.022706971253967086
1361876913292197890,negative,0.003970901874489672
1361876913657155585,negative,0.13022124799196239
1361876914361794560,negative,1.2936507640253172e-05
1361876917637550081,positive,0.9997088714815023
1361876920846209025,negative,0.02868842176233287
1361876924524617728,negative,0.013101448058150451
1361876925292011520,negative,1.2936507640253172e-05
1361876925308940291,negative,0.08821447544624814
1361876927959756800,negative,8.912790181537978e-05
1361876930665078784,negative,0.010680776407679568
1361876931621367809,negative,0.0011208187462924285
1361876932934201344,negative,0.2952635237448952
1361876933789687810,negative,0.06502500097872087
1361876937690464262,negative,0.022115040833701215
1361876940840435726,positive,0.7146109223858157
1361876940865609733,neutral,0.4667281207494068
1361876941779832835,negative,0.1433956860250839
1361876942589419527,positive,0.7228705013161616
1361876944107802633,negative,0.09530948409055756
1361876944346902529,neutral,0.35989192783015506
1361876945978417158,negative,0.032377968351464316
1361876947257720833,negative,0.09797448730401104
1361876947324780546,negative,0.26758916191918164
1361876948146917378,negative,0.011106343875148335
1361876948889313280,negative,0.22120822446807836
1361876949400838145,negative,0.0087700997304632
1361876949543444480,negative,0.0007984219747013287
1361876951569477632,negative,0.016465772388539007
1361876958536228864,negative,0.030494030411913113
1361876959723143173,negative,0.009384691050624058
1361876961107136514,negative,0.05498161906048136
1361876961954570240,negative,0.032377968351464316
1361876964118843396,negative,3.70444851636747e-05
1361876964399861762,negative,0.05357457512678084
1361876965066756097,negative,0.0012778755973791355
1361876965272162305,negative,0.0036731205735328373
1361876966018846720,negative,7.416952987214359e-06
1361876966685741059,negative,1.2936507640253172e-05
1361876968187322368,negative,0.2952635237448952
1361876969055526918,positive,0.7300922578946069
1361876970557108224,negative,0.005314036913586103
1361876971303624704,negative,0.0016770018017662899
1361876971861475331,negative,7.143554974656078e-07
1361876971865661441,negative,0.2153496257756521
1361876972582932482,negative,0.002378222447355658
1361876974315073540,negative,0.0028406668777079644
1361876977611857920,negative,0.05357457512678084
1361876977750323200,negative,0.09530948409055756
1361876978173845508,negative,0.23988732993880882
1361876978815668224,negative,0.04697103299482176
1361876980833075202,negative,0.000990050929999318
1361876982712131591,negative,0.010775217877156108
1361876982888341507,negative,0.00020561807695836245
1361876983358099456,negative,0.0026137897196443446
1361876984104640524,negative,0.07381387634661611
1361876984507293700,negative,0.17110783127166218
1361876984603815937,negative,0.07275257019330632
1361876985895657475,neutral,0.4153373325707398
1361876986348584964,neutral,0.4153373325707398
1361876986734460928,neutral,0.49789225920557484
1361876987019751424,neutral,0.5159436667231726
1361876987204292610,negative,0.0030136684430273376
1361876987304960001,negative,0.11579010942057401
1361876988101853185,negative,0.2270916242691431
1361876989204975616,negative,0.06693372327754489
1361876989418889218,negative,7.485141770978874e-09
1361876989477490689,negative,0.016787884429364814
1361876989523554308,negative,0.09797448730401104
1361876989611823105,negative,0.031219924419194873
1361876990714908673,negative,0.07699666720720659
1361876990878494722,negative,3.6860439106232884e-05
1361876993000812548,neutral,0.4100004157505896
1361876993076248578,negative,0.1057612349122399
1361876993323720704,negative,0.04983517936655807
1361876993558601735,negative,3.470683229759093e-05
1361876993831239680,negative,0.003560558423302975
1361876994208763904,positive,0.9831668699782002
1361876994405892097,negative,0.24363733070878515
1361876995072798723,positive,0.9459032845880064
1361876995437699074,negative,0.0001783764279215546
1361876996201066499,negative,0.29864444629363096
1361876996897312772,negative,0.0003295090265542264
1361876997425750018,positive,0.7377465568169161
1361876997455110146,positive,0.9566871126165171
1361876997882978312,negative,0.0014277246222061909
1361876998847672321,negative,0.002618136875526619
1361876999132897281,negative,0.04526885811592329
1361876999179038725,negative,0.0082458490959877
1361877000013549572,negative,0.016787884429364814
1361877001032900613,neutral,0.49931895447025065
1361877001452322817,neutral,0.35989192783015506
1361877001875972099,negative,0.000990050929999318
1361877002555428872,neutral,0.4798454490107824
1361877002786062336,neutral,0.45881106662685794
1361877003285262346,negative,3.427475763378293e-05
1361877003352367116,negative,5.219183497409914e-05
1361877003859877888,negative,0.007245032650023527
1361877004094734341,negative,0.021934531059536348
1361877005269143555,negative,0.001891183580962971
1361877005973790726,negative,0.1336995657242304
1361877006317666306,negative,2.6584563648535397e-07
1361877006913327106,negative,0.001891183580962971
1361877007106269187,negative,1.442899142401636e-06
1361877007261462532,negative,0.0012248826903470734
1361877008318398467,negative,0.18760959871025415
1361877008410583043,negative,0.10424107373400548
1361877010256187394,negative,0.05357457512678084
1361877010348400643,neutral,0.6347260753818035
1361877010411380737,neutral,0.5291122481256859
1361877011548037127,negative,0.02641213902648477
1361877013284356098,neutral,0.46127768308170247
1361877013947174915,negative,0.08560974487867468
1361877014760747013,positive,0.9566871126165171
1361877015540998153,negative,0.00020114670086400098
1361877016312709127,negative,0.15630830276745175
1361877018716028928,neutral,0.4667281207494068
1361877018946777091,negative,0.0004933008639472128
1361877019240386567,negative,5.351869158045998e-07
1361877019802423296,negative,0.000990050929999318
1361877020133773314,negative,0.3065077932362409
1361877020636897280,negative,0.0007783360061158829
1361877021199130630,negative,0.002927283758078011
1361877022855864320,negative,0.07800672398898323
1361877024869150722,neutral,0.6347260753818035
1361877026844663808,negative,0.018661451619743672
1361877027788357632,negative,0.09151565997391957
1361877027935186950,negative,0.3065077932362409
1361877028392349698,negative,0.02315055182433907
1361877028539088896,negative,0.004959303240017096
1361877028916576257,negative,0.012908336661115847
1361877029831008259,negative,0.000990050929999318
1361877030195892224,negative,0.05357457512678084
1361877030468476930,negative,9.574430178345846e-13
1361877031756169216,negative,9.967407124647723e-07
1361877032263688193,negative,0.038318010342447834
1361877032465031168,negative,0.00015583908576547855
1361877032544649216,negative,0.001783441291442284
1361877032754319363,neutral,0.6115859785426441
1361877032804704260,negative,0.004086329021375562
1361877032888635397,negative,3.4454078477687496e-06
1361877034272776197,negative,0.15630830276745175
1361877034448912388,negative,0.001133079425850937
1361877035199660032,negative,0.001891183580962971
1361877035845574657,neutral,0.4813987335791494
1361877035895959552,negative,0.016110347994777504
1361877036135030790,positive,0.7288167076603498
1361877036135051267,negative,0.0013012529240149671
1361877036168605705,negative,0.22890605491657987
1361877037472837633,negative,1.2936507640253172e-05
1361877039448481793,negative,1.1855131616061609e-05
1361877039553388546,negative,0.17937812822674068
1361877041306624000,negative,6.742134749193116e-10
1361877041843478530,negative,0.00462631625824325
1361877042036412418,negative,0.000760281081255939
1361877042405474312,negative,7.949617757100682e-11
1361877042636095489,negative,0.004458692101486
1361877046046130180,negative,0.0543909853066446
1361877047488913411,positive,0.9566871126165171
1361877048835325952,negative,0.05357457512678084
1361877051779743745,negative,0.016110347994777504
1361877051943305218,negative,0.005661370956755728
1361877052668977152,negative,0.023150832274050653
1361877053851774976,neutral,0.4667281207494068
1361877054816403456,negative,7.752130399430308e-05
1361877059325333505,negative,0.027510570263746963
1361877061279703044,negative,0.05357457512678084
1361877062966005761,positive,0.8542368681346015
1361877063460737028,negative,0.0018145507610497283
1361877063863463944,neutral,0.4831294931072111
1361877064018706438,negative,0.008764881891835696
1361877066413527043,neutral,0.4831294931072111
1361877066824695808,negative,0.10779393458118613
1361877067445379076,negative,0.00020130582430730686
1361877068934447106,negative,0.09936580728205985
1361877068955475970,negative,3.080440321349032e-05
1361877069697851392,negative,1.4421369614225472e-07
1361877071023210496,negative,7.66735522443285e-06
1361877072382222337,negative,0.05357457512678084
1361877075133665281,negative,0.05357457512678084
1361877076354031620,negative,0.032377968351464316
1361877077063069696,negative,1.2936507640253172e-05
1361877079382491136,negative,0.21921412548362115
1361877080884002817,negative,0.19453100699237005
1361877082373054470,negative,0.09277572656041219
1361877082469519362,neutral,0.3685943945839147
1361877082578509824,negative,0.21306744640541353
1361877082884755467,negative,0.0026137897196443446
1361877083765506049,negative,0.004008752772848631
1361877085069971458,negative,0.016378728852445547
1361877085426360320,negative,0.04037233046546875
1361877090027593728,negative,0.018881089919087168
1361877092166688770,negative,0.0018709009457311076
1361877093836070915,negative,0.03000466290534043
1361877094750433284,negative,0.3065077932362409
1361877097543852036,negative,0.09530948409055756
1361877097648709633,negative,0.003398264383705741
1361877098583973889,neutral,0.5403610993508579
1361877098617442305,negative,0.002988925608052877
1361877100886654976,negative,0.0004983065725127046
1361877103747207174,negative,0.3015045545087783
1361877104015650821,negative,0.022115040833701215
1361877107895369729,negative,3.5216772755926464e-06
1361877107899588609,negative,1.0297747140457822e-05
1361877109153660928,negative,0.20014744742293905
1361877112358117377,negative,0.1902468900431735
1361877112475574273,positive,0.9566871126165171
1361877114086174721,negative,0.3065077932362409
1361877114933411840,negative,0.0016770018017662899
1361877115185082370,neutral,0.48728019602140255
1361877117626114048,neutral,0.48481419304338763
1361877117802274818,negative,8.558205637519228e-10
1361877117961723907,negative,0.05357457512678084
1361877123481415684,negative,3.470683229759093e-05
1361877125373046787,negative,0.00020130582430730686
1361877127553970177,negative,0.10038488210136585
1361877129370214411,negative,0.06975225644913115
1361877129693188099,negative,0.12218275348144898
1361877134155857929,negative,0.011106343875148335
1361877135707811840,negative,0.2627896215729405
1361877137888849923,negative,1.3848531337186237e-08
1361877138379575297,negative,0.00642488653225192
1361877140497661952,negative,0.3020135550609068
1361877140531208192,negative,0.022115040833701215
1361877141273669632,negative,1.6185447760931872e-10
1361877142632546305,negative,6.188209169316326e-05
1361877143534379008,negative,0.0087700997304632
1361877144033521664,neutral,0.42316735311055936
1361877146147442690,negative,6.188209169316326e-05
1361877147447660546,negative,0.026210963983195244
1361877152753451010,negative,0.006859936298705416
1361877153684598789,negative,0.05357457512678084
1361877154385002498,negative,0.05357457512678084
1361877159841792006,negative,0.17810025064542567
1361877160001175552,negative,0.05357457512678084
1361877160479268864,negative,0.05357457512678084
1361877160961662982,negative,0.05357457512678084
1361877162660425731,negative,0.0022780069723526766
1361877165005025284,negative,0.005490394012624871
1361877165621485570,negative,0.16471513029311147
1361877165634117642,negative,0.11045692546583236
1361877168985432068,neutral,0.619148943750877
1361877169174056964,negative,0.035207153358869384
1361877169236893700,negative,0.032377968351464316
1361877169752993793,negative,0.11045692546583236
1361877169790722049,negative,0.01773415169039675
1361877169866113027,negative,0.10054358213218693
1361877170054905856,negative,0.023344746045892376
1361877170319216643,positive,0.9566871126165171
1361877170386165761,neutral,0.6121625124877881
1361877170579255304,positive,0.945893021281637
1361877171573301266,negative,0.0009524042325147944
1361877172865146880,neutral,0.46900700657118266
1361877174861455363,negative,0.003063938678352139
1361877175243329538,negative,1.6110464477536734e-09
1361877175469821953,negative,0.002687545032806357
1361877176027652097,negative,0.045030771652647704
1361877176291835904,negative,0.00034516263838119154
1361877176958730242,negative,0.03501890977918644
1361877177894076418,negative,0.05957797832934463
1361877178686791688,negative,0.005314036913586103
1361877181052243971,negative,0.3110734899390277
1361877181060681731,negative,0.0003951383442751891
1361877182449152011,negative,0.0018145507610497283
1361877182453342209,negative,0.0314484057255293
1361877182461566977,negative,0.023559562580874365
1361877182474162184,negative,0.11105713477849632
1361877182893748227,negative,0.006722943606366027
1361877183891931138,negative,0.05357457512678084
1361877184034529280,negative,0.005740998145122487
1361877184214949898,negative,0.004086329021375562
1361877184420454402,negative,1.2936507640253172e-05
1361877184974118917,negative,0.012797871141848022
1361877185049612292,negative,0.036331865682472424
1361877185901002759,negative,2.1328169277588322e-07
1361877186597318661,negative,0.24490252709612087
1361877186848915458,negative,3.6860439106232884e-05
1361877186957828097,negative,2.6315605087247658e-08
1361877187390033923,negative,0.012908336661115847
1361877187507453956,negative,0.030494030411913113
1361877188262436865,negative,0.11756839460665358
1361877188811907072,neutral,0.44525447722397243
1361877189252308992,negative,0.10861382929038309
1361877190162452480,negative,0.000990050929999318
1361877190317666305,positive,0.8449706451271007
1361877191118774279,neutral,0.36505317843515184
1361877191349436418,negative,0.00020561807695836245
1361877192037261320,negative,0.07931060444889389
1361877193643593728,negative,0.013167136607865441
1361877194042085383,negative,0.00020130582430730686
1361877196487483394,negative,0.07381387634661611
1361877196617502720,positive,0.9496824062858197
1361877196751720450,negative,0.00032890668002243746
1361877197385068554,negative,0.09126787907567749
1361877197548646401,negative,0.1506757712968942
1361877197678653440,negative,0.012264430880202402
1361877198479781891,negative,0.00020130582430730686
1361877198530084864,negative,0.08560974487867468
1361877198882426880,positive,0.8443401048450347
1361877198991482881,negative,0.003970901874489672
1361877199385681922,negative,0.0019903319919121073
1361877199616270336,negative,0.05897235857735733
1361877199817748482,negative,7.752130399430308e-05
1361877200308469761,neutral,0.37013684287600723
1361877200325197826,negative,2.7279387673353513e-05
1361877200459431936,negative,0.00037863991420149565
1361877200832778244,negative,0.08865218423279747
1361877201587691528,negative,0.023139963450933228
1361877202032357376,negative,0.12822221058458944
1361877203512946688,negative,0.1256469064161899
1361877203550670848,negative,0.09151565997391957
1361877204259471360,negative,0.17419598300104258
1361877205710737410,neutral,0.6324917073150543
1361877205752586243,negative,1.426484275948004e-07
1361877206155206658,negative,0.00020130582430730686
1361877208369950720,negative,3.114264427806508e-06
1361877209649061888,negative,0.003005162465285778
1361877210676793345,negative,3.114264427806508e-06
1361877210836033538,negative,0.0076627860343016895
1361877210907426816,neutral,0.5544318268166607
1361877211796680708,neutral,0.5255784232230389
1361877213306630146,neutral,0.5490855189298719
1361877214212591617,negative,0.050049334934067644
1361877214220886025,negative,0.26435706746012855
1361877214225068036,negative,0.09327120236897872
1361877214673920003,negative,0.003473688903801059
1361877214762065920,negative,0.00385949904156067
1361877215240024067,negative,0.07800672398898323
1361877215923822593,neutral,0.44846293211155425
1361877215999328261,negative,0.15068592259564786
1361877218327203841,negative,0.035832760791353856
1361877219694440450,negative,0.001039703261157155
1361877219828772869,negative,0.10961750465895001
1361877220340432899,positive,0.6852514777666846
1361877221124804612,negative,0.2270916242691431
1361877221628129280,positive,0.8398369318738396
1361877223985336323,negative,0.0002977285144143152
1361877224161427461,negative,0.09530948409055756
1361877224966733825,negative,0.01737907734730707
1361877225679814665,negative,0.04526885811592329
1361877226023776263,negative,0.05357457512678084
1361877226694795270,negative,0.032377968351464316
1361877228083150852,negative,2.407193928924421e-08
1361877228330573824,negative,0.005782038052619196
1361877229400190980,negative,3.986040610607948e-05
1361877229622362113,negative,7.752130399430308e-05
1361877230134042625,negative,0.015645614587833936
1361877230390018049,negative,1.404354449424273e-06
1361877230981238785,negative,0.0024192668930649768
1361877231300186117,negative,0.0014512534811316417
1361877231480541184,negative,0.0744461552875368
1361877231589539845,negative,0.000990050929999318
1361877232004849665,negative,0.05357457512678084
1361877232726265867,negative,4.413376902025267e-05
1361877233179242496,negative,0.0016770018017662899
1361877234043277312,neutral,0.5157797548060896
1361877234093588480,negative,0.0005363369190353316
1361877234479366145,negative,0.0018145507610497283
1361877235754405890,negative,0.002822284901713726
1361877237843308548,negative,0.004757157643562101
1361877238514352132,negative,0.0005405452182681418
1361877240510697473,negative,0.050083744007838826
1361877243002187778,negative,0.007582000172453336
1361877244357079047,positive,0.8577638040664197
1361877244646285314,neutral,0.34422356728402703
1361877245124517892,negative,0.0018145507610497283
1361877248849174534,negative,0.11105713477849632
1361877249641881602,positive,0.9997088714815023
1361877250463965184,negative,0.19576051584226958
1361877251357302786,negative,0.035832760791353856
1361877252846219264,negative,0.054323735486130176
1361877255492886528,negative,1.9582993357605506e-05
1361877256918999043,negative,0.011863868214002503
1361877259729186816,negative,0.09797448730401104
1361877261285273604,negative,0.29792266249183086
1361877261331406852,positive,0.7377465568169161
1361877262338035713,negative,0.11544081635508753
1361877262459674625,negative,0.051909196127923996
1361877263982157825,negative,0.009241907296623494
1361877266360393738,positive,0.9738886034661556
1361877267358633984,negative,6.600756830910765e-05
1361877267429920771,negative,0.05106637002907062
1361877267740315649,neutral,0.4622903534400044
1361877268767924224,negative,0.0007559980217885541
1361877269170577410,negative,0.006859936298705416
1361877272005931009,negative,0.02245795492063657
1361877273650028545,negative,0.06599720239626815
1361877273968844800,negative,0.002927283758078011
1361877275432615936,negative,0.2518112172723663
1361877278091849731,negative,0.016110347994777504
1361877279643758593,negative,0.0023880424734779226
1361877284601421826,negative,0.19916986819936988
1361877284714643457,negative,0.03281992945339038
1361877285763219460,negative,6.283362256953369e-07
1361877286564163589,positive,0.93614813110056
1361877288497930245,negative,0.00026536018018242727
1361877289114488834,negative,0.0007068729347055865
1361877290460852224,negative,0.0007422248347507547
1361877293782732801,negative,0.005864001569624947
1361877294852235264,negative,1.3720113071423145e-07
1361877300871110656,negative,0.2745031447642803
1361877301252644864,negative,0.23988732993880882
1361877302360084480,negative,0.00017265216403648695
1361877305849765888,negative,2.131532020177433e-06
1361877309721042947,negative,3.5216772755926464e-06
1361877314552922116,neutral,0.5610299939568647
1361877315333074949,neutral,0.49789225920557484
1361877318327799808,negative,0.0026137897196443446
1361877323520303108,neutral,0.40507988433281555
1361877323767812096,negative,0.01424880427650955
1361877326447796226,negative,0.20118071425676004
1361877329778212864,negative,0.058099721059389216
1361877330340286466,negative,0.22008476836450055
1361877331942416390,positive,0.7228705013161616
1361877332181532673,negative,0.003970901874489672
1361877332856885253,negative,0.04037536170962743
1361877338305269770,negative,0.1603894675701918
1361877340322549760,negative,1.2936507640253172e-05
1361877341559996417,negative,0.05357457512678084
1361877341987876866,negative,0.010680776407679568
1361877343590100993,negative,0.000918674440490147
1361877344529625088,negative,3.5216772755926464e-06
1361877345016172551,positive,0.9997088714815023
1361877345519493128,negative,0.01705321957494064
1361877346878451712,negative,0.0013455476900050582
1361877349327847426,negative,0.25121625163780253
1361877349697015808,neutral,0.40507988433281555
1361877353434087424,negative,9.938374140826857e-05
1361877354482655233,negative,0.00015556075237566034
1361877356764258312,negative,0.008157976426003641
1361877357619994627,neutral,0.4667281207494068
1361877358249193475,negative,0.033804987877426175
1361877360123994114,negative,0.013807455330012288
1361877360316940290,negative,0.00454154320105951
1361877361172561921,negative,0.005854886164562234
1361877362141503492,negative,0.006569630689292784
1361877362338635777,negative,0.04109181779104877
1361877362665791490,negative,0.17530011606073342
1361877362846138370,negative,0.0004913745068661218
1361877363617890305,negative,0.03145367404931414
1361877364586733569,neutral,0.6023227073761359
1361877364796395526,negative,3.6860439106232884e-05
1361877364897058818,negative,0.0911582459616437
1361877367585599493,negative,9.64756311604451e-07
1361877369007529988,negative,0.24581536692869518
1361877370009976832,negative,0.004125927928028763
1361877370706268160,negative,0.011668536657713583
1361877371310067713,negative,0.033496634529330854
1361877371326971905,negative,0.001891183580962971
1361877371477983234,negative,0.08069163204309866
1361877372677599232,neutral,0.5210225410674549
1361877373201825794,neutral,0.4622903534400044
1361877373973635077,negative,0.0006094564863810628
1361877374229446657,positive,0.9566871126165171
1361877376158871556,negative,0.022115040833701215
1361877378167930880,negative,0.03983031260542193
1361877379166187520,negative,0.0012113486881602012
1361877379304607747,negative,0.001501795847824176
1361877379388477445,negative,0.014410021282987497
1361877381682716672,negative,0.0012706291428990198
1361877382215462912,neutral,0.4274047939449264
1361877382634823682,negative,0.0011273660141492346
1361877384367136770,negative,0.00039191463623161084
1361877384694276098,negative,0.032377968351464316
1361877385642209285,negative,1.2936507640253172e-05
1361877385684082689,negative,1.1246080447983411e-10
1361877385713496064,positive,0.939352581272034
1361877385788993536,neutral,0.4964118300361966
1361877385856057345,neutral,0.40507988433281555
1361877386028085252,neutral,0.5621655332629886
1361877386690764806,negative,6.26883146318163e-06
1361877387240177673,negative,0.11027578652131938
1361877388498509824,negative,0.21257333126602235
1361877389027008517,negative,0.1513056666882868
1361877389781962753,negative,5.547586483555178e-06
1361877390063005699,negative,0.004757157643562101
1361877390385815557,negative,0.0325407159690931
1361877390742458371,negative,0.06693372327754489
1361877391002468354,neutral,0.49789225920557484
1361877391082143744,negative,0.00017265216403648695
1361877393275691008,negative,0.0012332761512170106
1361877393795805190,negative,0.00020130582430730686
1361877394047516676,negative,0.07481435007171786
1361877394706092034,neutral,0.4964118300361966
1361877395591036929,neutral,0.4936520534092619
1361877395716726784,negative,0.002334060443721599
1361877396396376073,negative,0.23988732993880882
1361877396958441473,negative,0.001622012320944179
1361877397130379268,negative,0.004086329021375562
1361877397960753155,positive,0.7228705013161616
1361877398141112325,positive,0.9566871126165171
1361877398187368448,negative,0.0006045967898486234
1361877400263401472,negative,6.288518423436392e-05
1361877400535977986,negative,0.01783695133542891
1361877400838004739,neutral,0.49789225920557484
1361877400838148099,negative,0.001891183580962971
1361877403077861376,negative,0.22120822446807836
1361877403753193472,positive,0.7228705013161616
1361877404021620736,negative,0.2270916242691431
1361877404424294402,negative,0.16666564617579174
1361877404457832450,negative,0.032377968351464316
1361877405430865924,negative,1.2936507640253172e-05
1361877406412333059,negative,2.0718447128366545e-06
1361877407406383105,negative,2.7279387673353513e-05
1361877407473537024,negative,5.965612441756686e-06
1361877407532150797,negative,0.008157976426003641
1361877408572469254,negative,0.0005895675400845291
1361877409591484416,positive,0.8905187627731634
1361877409818173450,negative,0.0005826007211237815
1361877409839124482,negative,0.00026475938848241447
1361877410942226433,negative,0.000990050929999318
1361877412460462084,negative,0.0015343017638724213
1361877412527693826,negative,0.052096405603344054
1361877413337182211,negative,3.244049160531488e-06
1361877414226386945,negative,0.02839517461614872
1361877414436028416,negative,0.25581042421126
1361877415740366855,positive,0.9566871126165171
1361877416071856128,negative,0.0022664764912796137
1361877416604557313,negative,5.203855436011057e-08
1361877416864604160,positive,0.8731223605735925
1361877416927453185,negative,0.012908336661115847
1361877417854267395,negative,2.933300974172879e-09
1361877418533879809,negative,0.0009880485858576227
1361877418873511938,negative,1.5508307116738037e-06
1361877419758657540,positive,0.8182891775513598
1361877419863511046,negative,0.09797448730401104
1361877419989348355,negative,0.14161800834439284
1361877420249387009,negative,0.016787884429364814
1361877421532667909,negative,0.13358896047396798
1361877421734170624,positive,0.9566871126165171
1361877422002622468,negative,0.2598407968380923
1361877423860678656,negative,0.011106343875148335
1361877423911030786,negative,0.009761345140847096
1361877427387916292,neutral,0.3734886429250822
1361877429250383874,negative,0.02023603281778985
1361877430181507074,negative,0.01581852242144625
1361877431481749504,negative,1.1937717118237176e-05
1361877435063562240,negative,0.11756839460665358
1361877435734781953,negative,3.889269645512794e-07
1361877435885752323,negative,0.09789928535029414
1361877438528163841,negative,0.017396439842872428
1361877441795432448,neutral,0.48439634580644964
1361877441917157377,negative,0.017984896579314208
1361877443502563330,negative,0.018098289369118514
1361877444643405827,negative,1.0297747140457822e-05
1361877444815421441,negative,0.003202719049425588
1361877448024076288,neutral,0.49789225920557484
1361877449156493314,negative,0.005716637004156381
1361877450897182722,negative,0.05357457512678084
1361877451853340673,negative,0.021163474256086886
1361877452956594183,negative,0.006859936298705416
1361877453480882179,positive,0.8542368681346015
1361877456223895553,negative,0.10366650515906842
1361877458140684292,negative,0.05357457512678084
1361877458396606464,negative,0.0087700997304632
1361877463870144513,negative,9.06651567820773e-06
1361877465065480192,negative,3.4121691723598005e-05
1361877465518514177,negative,0.0029495434121114715
1361877466403504134,negative,0.0007984219747013287
1361877467703746560,neutral,0.5056162179407367
1361877469754585091,negative,1.4881233204203913e-07
1361877470203568130,negative,0.006662422054497106
1361877470362927105,negative,0.0009491062771751266
1361877470438391816,negative,0.04526885811592329
1361877472321626116,negative,0.011106343875148335
1361877474800467971,negative,0.008101856897140169
1361877475370934276,negative,0.011106343875148335
1361877479544262657,negative,0.0018145507610497283
1361877479930093573,neutral,0.6121625124877881
1361877480425021442,negative,0.010391345084241603
1361877481536561154,negative,0.000104487365974947
1361877482421411845,negative,0.00012966764093106647
1361877483080015872,negative,0.0036870311138515093
1361877484845887488,negative,3.470683229759093e-05
1361877485961510915,negative,0.04526885811592329
1361877491623866370,negative,0.03448171972518603
1361877491988758531,negative,0.004757157643562101
1361877492664061953,negative,0.0032560628616400615
1361877492718534656,negative,2.894965626240221e-06
1361877493070917632,negative,0.04464019551155619
1361877494903803904,negative,0.05357457512678084
1361877495293820930,positive,0.7635454040676911
1361877495465848834,negative,0.003150691658095973
1361877495520329733,negative,0.011106343875148335
1361877495612588036,negative,0.1687607818689967
1361877496371773444,negative,0.0087700997304632
1361877497109962752,negative,0.21257333126602235
1361877498045337601,negative,0.05357457512678084
1361877501425901571,negative,0.002822284901713726
1361877501715349506,negative,8.542395316343814e-05
1361877502902214662,negative,0.2057688669834302
1361877503829299209,negative,0.00039891133038695787
1361877504911437824,negative,0.0030169702628354573
1361877505880313856,negative,0.030445369572476573
1361877506123530251,negative,0.23562434052808948
1361877508006707203,negative,0.27292421987320603
1361877508422008833,negative,0.029722762497409357
1361877509860515847,negative,0.019779594456796955
1361877510129082370,negative,0.07845411417819613
1361877514424111107,neutral,0.39194959015058095
1361877515816566785,negative,0.00020130582430730686
1361877517473370114,negative,8.142713313018208e-06
1361877519411142658,negative,0.0037777057052380066
1361877519629180929,negative,0.0038583705933200596
1361877523995512841,negative,0.09797448730401104
1361877527073943552,positive,0.9566871126165171
1361877527288045572,neutral,0.6010617675389737
1361877531817897985,positive,0.9738886034661556
1361877531822088196,negative,0.061668659016440405
1361877533860392962,negative,1.2936507640253172e-05
1361877538113486848,negative,0.02315055182433907
1361877539371671558,negative,1.2936507640253172e-05
1361877539875000324,negative,2.01378933343792e-05
1361877540223254529,negative,0.00045524720517294497
1361877540558807047,negative,0.238139266195977
1361877543348031488,negative,0.009761345140847096
1361877548515414016,negative,0.13034916774803668
1361877548574134272,negative,0.22356984575219174
1361877548809003008,negative,0.026795195403981033
1361877550088278022,negative,0.059102920714112
1361877551489155073,negative,0.0087700997304632
1361877554299363330,negative,0.000990050929999318
1361877554425180161,negative,0.09418084068739434
1361877555280773121,negative,2.6743284854422935e-09
1361877555289202688,neutral,0.6089092057836831
1361877556035809280,negative,6.564134476637021e-06
1361877556228726785,negative,3.6860439106232884e-05
1361877557113745414,negative,9.179477921244153e-10
1361877557319262210,negative,0.12453765594933912
1361877557642158082,negative,0.004801848118182913
1361877558376230915,negative,4.413376902025267e-05
1361877558426542082,negative,0.009761345140847096
1361877558627864579,negative,0.007806535691244187
1361877560775311360,negative,0.05357457512678084
1361877562029408256,negative,3.6860439106232884e-05
1361877562205552648,negative,0.000990050929999318
1361877562234966020,negative,0.10713637903667975
1361877564352983043,negative,0.005604325898129143
1361877564361433090,negative,0.022115040833701215
1361877564457893888,negative,9.64756311604451e-07
1361877564608966656,negative,3.4707563339898353e-06
1361877566194335744,negative,0.004757157643562101
1361877567196774404,negative,0.033194606476668935
1361877567246983176,negative,0.13187259990833236
1361877568576753667,negative,0.00019475047778788994
1361877570090844160,negative,0.10493509996246646
1361877572607488004,negative,0.005782038052619196
1361877573345693696,negative,0.14184549148017694
1361877573421195266,negative,0.001133079425850937
1361877574842945545,negative,0.01946489520464502
1361877576055214082,negative,0.016787884429364814
1361877576638205956,negative,0.024799532150057813
1361877577045049348,negative,0.21033566789902375
1361877578945036291,negative,0.04678270541966506
1361877580480151554,negative,0.17110783127166218
1361877580782133250,negative,0.0028406668777079644
1361877580924739587,negative,0.0032952471641983644
1361877581587505153,neutral,0.41193474847754386
1361877582556372998,negative,0.05357457512678084
1361877582950633472,negative,0.019989593375312815
1361877583168692226,negative,0.005728030292617755
1361877583277744131,neutral,0.49789225920557484
1361877583579799553,negative,0.004049275777795076
1361877583764185088,negative,0.11105713477849632
1361877584053755910,positive,0.6714276212627558
1361877584150200325,negative,6.283362256953369e-07
1361877584368316423,negative,0.09797448730401104
1361877584691294209,positive,0.7609330316214683
1361877584993255429,negative,0.014896217126528612
1361877587073531909,negative,0.2950508825172392
1361877587950252032,neutral,0.396839257851683
1361877588021366784,negative,0.010390988315110398
1361877589242089474,negative,0.03985378472838477
1361877589913198595,negative,0.0023682895822509553
1361877591351820290,negative,0.2006094605894217
1361877591943176193,neutral,0.35303148939763984
1361877592312274945,negative,0.004086329021375562
1361877592664649729,negative,0.19289391564326766
1361877593151176704,neutral,0.5008265300778674
1361877593826467841,negative,3.6860439106232884e-05
1361877593897791488,negative,0.009958200773428318
1361877594346553344,positive,0.9678951434620127
1361877594971525121,negative,0.011106343875148335
1361877595709714432,negative,3.95095924135652e-06
1361877596062052352,negative,0.0468217707996781
1361877596619833347,negative,0.18795859623648656
1361877597643182086,negative,0.007861099586789228
1361877598389829639,negative,0.07699666720720659
1361877598540869636,negative,1.0774410816027388e-08
1361877599472017409,negative,3.4454078477687496e-06
1361877599560085506,negative,0.026955611107272768
1361877599635582979,neutral,0.49789225920557484
1361877600629649409,negative,0.15784872887475487
1361877600751284225,negative,0.2630695093947729
1361877601942462464,negative,0.093073500668731
1361877602366013444,neutral,0.47645183724233287
1361877602391240710,negative,0.0007411449878396016
1361877602869387266,negative,0.0024265020517426693
1361877603154599937,negative,0.09797448730401104
1361877603595014144,negative,5.982716346296584e-06
1361877603682902016,negative,0.00015418457969662886
1361877604337246213,negative,0.007747453427570151
1361877604710707202,negative,0.012996625246854212
1361877605700542464,negative,7.752130399430308e-05
1361877606883332102,neutral,0.34507766952526503
1361877608422596611,negative,0.17347870191393963
1361877609634668546,negative,0.00033102574166882416
1361877611438366720,neutral,0.6084843692356606
1361877612264644609,negative,0.014281284200859902
1361877614143692804,negative,0.2270916242691431
1361877614688940032,negative,0.05275360831155048
1361877617587195905,negative,0.00020130582430730686
1361877623702315013,negative,0.0007984219747013287
1361877624293883904,neutral,0.4274047939449264
1361877624855920641,negative,0.003511184357252747
1361877625912897536,negative,0.002822284901713726
1361877632023994369,negative,0.3020135550609068
1361877632678305793,negative,0.0002651388703473313
1361877633420648450,negative,0.01636380667409668
1361877636578967552,negative,0.0018145507610497283
1361877637690449920,negative,0.2270916242691431
1361877637971529731,negative,0.009959871078820983
1361877638533545987,negative,1.2936507640253172e-05
1361877640924327936,neutral,0.49789225920557484
1361877641301798916,negative,0.002822284901713726
1361877642333597699,negative,0.024799532150057813
1361877642765557764,negative,0.00020130582430730686
1361877646691471360,negative,0.11510964433225435
1361877648432009219,negative,0.01869870988099018
1361877648838959106,negative,0.008157976426003641
1361877650772484097,negative,0.00010075577805108141
1361877651099684864,negative,0.05357457512678084
1361877651770793985,negative,0.004557512083457568
1361877652328562690,negative,0.023431258321305732
1361877652341153792,negative,0.0002973324514720322
1361877652437614593,negative,0.11510964433225435
1361877654610341893,negative,0.0004913745068661218
1361877657160470532,negative,0.0009539335409850669
1361877658888376321,negative,0.06184542492242527
1361877659010105344,negative,0.0027015262983460225
1361877659379236864,negative,0.09530948409055756
1361877661564346368,negative,0.0007984219747013287
1361877662134845442,neutral,0.4813987335791494
1361877662545838082,positive,0.8587750374002797
1361877662952792071,negative,0.10944822003342888
1361877667218395138,neutral,0.526125622149662
1361877667222605831,neutral,0.49789225920557484
1361877668585738242,negative,0.006859936298705416
1361877668984205313,negative,0.09797448730401104
1361877669323804677,negative,0.00020130582430730686
1361877671844732931,negative,0.016205824857229705
1361877674126434305,negative,0.09797448730401104
1361877674457780224,neutral,0.40507988433281555
1361877678366879745,negative,9.64756311604451e-07
1361877678366879747,negative,0.09797448730401104
1361877678752686084,negative,3.70444851636747e-05
1361877679465787393,negative,0.022115040833701215
1361877681374195717,negative,0.00017168601342784805
1361877681525182469,negative,0.04679791979707441
1361877688428945408,negative,0.0041604897079766945
1361877688689061891,negative,0.006859936298705416
1361877690333200386,negative,0.29012903495377335
1361877691922808835,neutral,0.38172300596426745
1361877692908363776,negative,0.009959724022684842
1361877696490442755,negative,0.022115040833701215
1361877696670793735,negative,0.13306643287821535
1361877697840963589,negative,0.005661370956755728
1361877697975123973,neutral,0.49789225920557484
1361877698226909186,negative,0.006859936298705416
1361877698633728000,negative,9.868291907472103e-06
1361877700042964992,negative,0.004478927258780815
1361877700621733891,negative,1.2936507640253172e-05
1361877700961570816,negative,7.752130399430308e-05
1361877701292920833,negative,0.05357457512678084
1361877701322276874,negative,0.0006634983013918844
1361877704346193922,negative,0.017984896579314208
1361877705164267524,negative,0.0021029124790741234
1361877710361026560,negative,0.00023490449861701833
1361877712047013892,negative,0.028602532372184113
1361877712219090946,neutral,0.5159436667231726
1361877713162674176,neutral,0.49789225920557484
1361877717986152448,negative,0.2270916242691431
1361877718372147204,negative,0.09530948409055756
1361877718422355969,negative,0.13022124799196239
1361877719701667842,negative,0.00925231820984951
1361877720339210242,negative,7.665214579455634e-11
1361877720477667328,negative,0.0003076056962548066
1361877721001963521,neutral,0.48481419304338763
1361877722222497792,negative,1.9582993357605506e-05
1361877722675380224,negative,1.2936507640253172e-05
1361877723241713668,negative,0.11710383813592994
1361877724533575681,negative,0.05357457512678084
1361877726047703041,negative,0.00020130582430730686
1361877726492254211,negative,0.013807455330012288
1361877727448625153,negative,0.00014610265906462954
1361877728727863298,negative,3.186976576756074e-06
1361877729906417671,negative,0.006730712943104071
1361877730615255045,negative,0.10493509996246646
1361877731034755076,negative,0.3046101175466245
1361877734629269505,negative,0.05357457512678084
1361877737045172226,negative,7.752130399430308e-05
1361877739586740227,negative,3.5216772755926464e-06
1361877742007054341,negative,0.08950560852008499
1361877742380331010,negative,0.032377968351464316
1361877744565579776,negative,0.00020130582430730686
1361877745467150340,negative,0.032377968351464316
1361877745890955266,negative,0.0016851629944559087
1361877747509972993,negative,0.012264430880202402
1361877747799379968,negative,0.04479713725512996
1361877747832926210,negative,7.752130399430308e-05
1361877748055216128,negative,0.05357457512678084
1361877748499767297,negative,0.013807455330012288
1361877748902338563,negative,0.0012048482575250396
1361877748902481922,negative,0.17110783127166218
1361877749393018883,negative,0.0024265020517426693
1361877749888131075,negative,0.08545408379192729
1361877749959286784,negative,0.0024265365763960507
1361877750592643073,negative,0.017984896579314208
1361877750752108545,negative,1.6795759712422357e-06
1361877750865395712,negative,0.001891183580962971
1361877751628718089,negative,7.715835230906505e-05
1361877751976837121,negative,0.0001251642981189048
1361877752765435906,negative,3.5128011432735097e-07
1361877755508314112,negative,3.5216772755926464e-06
1361877755902713856,negative,0.006859936298705416
1361877757257474049,negative,0.05158229854202571
1361877757450477568,negative,4.413923819907031e-08
1361877758826008579,negative,0.011859050208202613
1361877759199506439,negative,0.17110783127166218
1361877759790886915,negative,0.033496634529330854
1361877760629760001,positive,0.6615556368103815
1361877760801722368,negative,0.001248158182961448
1361877761128816654,negative,3.114264427806508e-06
1361877761179140098,negative,0.05357457512678084
1361877761833508867,negative,0.032625218733690786
1361877761971941378,negative,0.0314484057255293
1361877762026459136,negative,0.12634714607288736
1361877763800649729,negative,0.27471604074601264
1361877764001959937,neutral,0.3960918921793624
1361877764320731140,negative,2.998191738124143e-07
1361877764572213253,negative,0.053150945765754964
1361877764694028293,negative,0.12693968478489281
1361877765683830785,negative,0.07688578306819976
1361877766048788482,negative,0.051336279047282427
1361877766233329664,positive,0.8070401092844129
1361877766518439936,negative,0.014410021282987497
1361877767076282371,negative,0.023559562580874365
1361877768368132101,neutral,0.4667281207494068
1361877769634766853,negative,0.033496634529330854
1361877770096300042,positive,0.9779081525615942
1361877772394766338,negative,0.02839517461614872
1361877772554002439,negative,0.11710383813592994
1361877772663201795,negative,0.017984896579314208
1361877774194081792,negative,1.0297747140457822e-05
1361877774496112643,negative,0.09797448730401104
1361877774605176833,negative,0.12693968478489281
1361877774982672385,negative,6.468691970955696e-05
1361877775125073920,negative,0.008157976426003641
1361877775678849026,negative,0.00021444354419663055
1361877775683043330,negative,0.03281992945339038
1361877775783784455,positive,0.9566871126165171
1361877777067225088,negative,0.0026137897196443446
1361877777406976000,negative,0.000990050929999318
1361877777872379913,negative,0.05357457512678084
1361877780007419906,negative,0.00029456910244169174
1361877781609652227,negative,0.024372630489801525
1361877781882273795,negative,0.013807455330012288
1361877782322634752,neutral,0.553749164753881
1361877783144779776,negative,1.2539938027171259e-09
1361877783257866240,negative,0.003594990902306767
1361877783539036164,negative,3.70444851636747e-05
1361877784369520641,negative,0.11526560072129641
1361877785220947969,negative,0.003867171259231283
1361877787309535234,neutral,0.49789225920557484
1361877787515228168,negative,0.004757157643562101
1361877787653660672,negative,0.001152742779503454
1361877787951329281,negative,0.016074444646491614
1361877788190535680,negative,0.000990050929999318
1361877790946074627,neutral,0.46949108262454065
1361877791218761728,negative,6.188209169316326e-05
1361877792950874121,negative,0.2128627421877172
1361877793118773251,negative,0.05357457512678084
1361877793219477504,negative,0.0056444516048282396
1361877794007957514,negative,0.0038288643090745476
1361877795144622081,negative,8.872984501590753e-05
1361877797036322818,negative,0.0037850413984074687
1361877798235885573,negative,0.0019509162181003002
1361877798982402050,negative,0.07699666720720659
1361877799242457094,negative,0.033194606476668935
1361877799284453379,negative,1.2936507640253172e-05
1361877799821271044,negative,0.007954388140783968
1361877800987238400,negative,3.427475763378293e-05
1361877803487141890,negative,5.973382643439072e-10
1361877803617034243,negative,0.05005596201596471
1361877803885596672,negative,0.014234213646092822
1361877804862771204,negative,0.008651492531998454
1361877805231837188,negative,3.6078703341950807e-13
1361877805408092161,negative,0.1084951265693784
1361877805496066050,positive,0.9259815607928116
1361877805655592962,negative,9.680641615740121e-08
1361877805710114821,positive,0.9997088714815023
1361877807249383426,negative,4.200373299238651e-05
1361877807521878019,negative,0.0071325852184430764
1361877807681445888,negative,0.24490252709612087
1361877809896054786,negative,3.470683229759093e-05
1361877811540201475,negative,2.511674868191013e-06
1361877813641568257,negative,0.11786918771417619
1361877814929215489,negative,0.05357457512678084
1361877815046647811,negative,0.3020135550609068
1361877815172464642,negative,0.004478927258780815
1361877817881845768,negative,0.00028080192691186373
1361877819450667013,negative,0.022167072996221983
1361877819731673089,negative,0.00020130582430730686
1361877820272750594,negative,0.02439068850856169
1361877822277644288,negative,0.21257333126602235
1361877822671900672,negative,3.5216772755926464e-06
1361877825452601346,negative,0.010536406285460057
1361877825586933761,negative,0.11579010942057401
1361877826048323585,negative,0.05357457512678084
1361877826836729858,positive,0.6745498378952323
1361877827734310918,negative,0.05413170782706402
1361877832201211906,negative,0.00019770949889604716
1361877834961203206,neutral,0.41193474847754386
1361877835636346884,negative,0.055763747330969386
1361877837280591876,negative,0.1728953783968395
1361877837725261824,negative,0.004711532918898615
1361877838203396098,neutral,0.47371072416927557
1361877839734259712,negative,0.23988732993880882
1361877840069857281,negative,0.00020130582430730686
1361877842716483585,negative,3.6803089548643965e-05
1361877843529986049,neutral,0.5621655332629886
1361877843957833729,negative,1.2936507640253172e-05
1361877845195243526,negative,0.05911396919588841
1361877847334338560,neutral,0.36247754660771764
1361877848441683972,positive,0.7505899576705768
1361877851474173953,negative,0.05357457512678084
1361877851931344898,negative,0.022115040833701215
1361877852090757122,negative,0.00020130582430730686
1361877852182863873,negative,0.0018145507610497283
1361877853055369220,negative,0.0003076056962548066
1361877854238109702,negative,1.5803421977065273e-07
1361877855550988293,positive,0.9566871126165171
1361877856402481152,negative,0.011106343875148335
1361877859791429636,negative,0.09797448730401104
1361877864061296642,negative,0.006859936298705416
1361877864577171459,positive,0.9566871126165171
1361877868502999042,negative,0.05357457512678084
1361877868687462404,negative,0.11660726147904776
1361877869547372546,negative,0.03281992945339038
1361877869937491970,negative,0.005821458417031486
1361877871124492294,negative,1.2936507640253172e-05
1361877871980146688,neutral,0.37765961114144964
1361877872370200577,negative,3.5216772755926464e-06
1361877873938882561,negative,0.02023603281778985
1361877876186955777,negative,0.018098289369118514
1361877878514802689,negative,0.011106343875148335
1361877878766526465,negative,2.01378933343792e-05
1361877879068520449,negative,1.800472842554806e-05
1361877879102005249,neutral,0.4898631585877994
1361877879634747399,negative,0.03198637565464466
1361877880008044552,negative,0.05987621428011466
1361877880733638658,negative,0.0039021654644714365
1361877880800698369,positive,0.9531036059045972
1361877880981053443,negative,0.03432006957056042
1361877881245364226,negative,0.013807455330012288
1361877884428640262,negative,0.012650270618064147
1361877884512657410,negative,0.00010309601965185907
1361877885167034368,negative,0.0003646161770083367
1361877885645127685,negative,0.0007024111630017743
1361877886492368897,negative,0.0006284268112928095
1361877887490666499,negative,0.028602532372184113
1361877887545200641,negative,0.011106343875148335
1361877889134780416,negative,0.0026137897196443446
1361877890799964163,negative,0.03146357588667541
1361877892385267716,negative,0.05357457512678084
1361877895728234500,positive,0.8542368681346015
1361877898219712514,negative,0.05357457512678084
1361877899998068739,negative,0.016378728852445547
1361877901025673223,negative,0.10493509996246646
1361877901365362692,negative,1.4412148446286242e-10
1361877904611762180,positive,0.7228705013161616
1361877908403466241,negative,0.0018642944150397123
1361877910005702656,negative,0.00020130582430730686
1361877910366355456,negative,0.008787525787110336
1361877910525792256,negative,0.0038712641655717847
1361877911096197121,negative,0.08487548209730622
1361877911805001731,negative,0.0039021654644714365
1361877912195055618,negative,0.09797448730401104
1361877912471887875,negative,0.017850304984436027
1361877912711028736,negative,0.005349601905188255
1361877915420536832,negative,0.007778433011336656
1361877915504312322,neutral,0.46127768308170247
1361877916284575754,neutral,0.39344328614122354
1361877918113226752,neutral,0.40507988433281555
1361877923909763074,negative,0.008178362527209763
1361877924635361283,negative,3.470683229759093e-05
1361877925650436099,negative,3.1873081759187824e-05
1361877925704962048,negative,0.00012149367482118069
1361877925956448259,negative,0.009761345140847096
1361877926271213573,positive,0.7836390760677848
1361877927051161603,negative,0.05357457512678084
1361877928854904832,negative,0.05807009588571822
1361877929496633349,positive,0.9997435592868792
1361877932722053124,neutral,0.4668851905993484
1361877932747218946,negative,1.2936507640253172e-05
1361877933170839556,negative,0.0002677120613089591
1361877933577695239,negative,0.05357457512678084
1361877934101778438,negative,0.21674615824667542
1361877934127017986,positive,0.8505430007840827
1361877934173224963,negative,0.02283408322666055
1361877934915678211,negative,0.009959724022684842
1361877935037313024,negative,0.020245608371976982
1361877938870906881,negative,0.0034152655601882727
1361877939076427778,negative,7.018992195525063e-06
1361877939294461953,negative,3.7841470757475346e-06
1361877940938629120,negative,1.3927536916041738e-05
1361877941597188100,negative,0.00020130582430730686
1361877942893219841,negative,0.08941844409604452
1361877943224586246,negative,0.018661451619743672
1361877943530758145,neutral,0.4425453826828395
1361877944000335872,negative,1.7697521997602549e-07
1361877944008810501,negative,0.00020130582430730686
1361877944847761410,negative,0.10861382929038309
1361877945195913218,negative,0.05357457512678084
1361877945241985027,negative,0.028469617687398776
1361877946470854661,negative,0.17977966716814694
1361877946504515590,negative,0.0023215162369332547
1361877946739396608,negative,0.004959303240017096
1361877947146072067,negative,0.0018145507610497283
1361877948127531010,negative,0.21921412548362115
1361877948635230208,negative,0.05300772514102839
1361877949180485632,neutral,0.37467658043258295
1361877949247545347,negative,0.00020130582430730686
1361877950145187841,negative,0.012987690116745259
1361877950476529664,negative,0.06693372327754489
1361877950908481537,negative,2.1328169277588322e-07
1361877951759933441,negative,0.033194606476668935
1361877952447852548,negative,0.033194606476668935
1361877953102163968,positive,0.8449706451271007
1361877954859585537,negative,0.011315149391344887
1361877955069239296,negative,0.00020130582430730686
1361877955606102018,negative,0.1552957530501846
1361877956163944449,neutral,0.4793479617581989
1361877957015457794,negative,0.00011464372327823284
1361877958009487364,negative,0.21781166714281905
1361877959380901890,negative,0.0019014599485002277
1361877960693743616,negative,0.002334060443721599
1361877961218142210,negative,0.023139963450933228
1361877965471166468,negative,0.000423514510803206
1361877967052431362,negative,0.005856359237694681
1361877967798943744,negative,0.000990050929999318
1361877968667164673,negative,0.013807455330012288
1361877968876937217,negative,0.2546916305421647
1361877970697265154,negative,0.16889050019450527
1361877970894417924,negative,0.00015045382166813503
1361877972089778176,negative,8.236493157771466e-06
1361877973561970692,negative,0.03494478781268983
1361877973750661124,neutral,0.49789225920557484
1361877974191132674,negative,0.004883559330274063
1361877974556016640,negative,0.23934860471451935
1361877974765699072,negative,0.09797448730401104
1361877975042564096,negative,0.0006951597517288699
1361877978133770244,negative,0.06185274543752574
1361877979035545605,negative,3.037819924814793e-05
1361877979173777410,negative,0.000760281081255939
1361877981032050691,negative,0.014379751209106567
1361877981480812549,negative,0.02086594186491789
1361877982089015308,negative,0.2287206037784227
1361877983145828352,neutral,0.632384103695864
1361877983259222016,negative,0.012733965306920133
1361877983334699008,negative,0.2979274446249787
1361877983963799552,neutral,0.4396091427402031
1361877986371321856,negative,0.004767840700264559
1361877986912456704,negative,0.05357457512678084
1361877987713572865,negative,0.009241907296623494
1361877988946681856,neutral,0.49789225920557484
1361877989231910912,negative,3.4454078477687496e-06
1361877989466775553,negative,0.2546916305421647
1361877989944885255,negative,0.24581536692869518
1361877990871883780,negative,0.005303989465459191
1361877991492640771,positive,0.8694023517937001
1361877994063749120,negative,0.31732489718339985
1361877995288461319,neutral,0.5521868375443785
1361877995380695041,negative,0.03404752202402992
1361877997540827136,negative,0.007369912526909172
1361877997641424900,negative,0.000990050929999318
1361877998664900608,negative,0.03219379844197929
1361877999642169347,negative,0.001891183580962971
1361877999709278208,negative,0.023139963450933228
1361878000103534593,neutral,0.44117505596214035
1361878000179032072,negative,0.007369912526909172
1361878000250290177,negative,0.00015306308039010977
1361878000942395393,negative,0.08487548209730622
1361878000950775809,negative,0.004557512083457568
1361878000967499777,negative,0.14122887241097817
1361878000980156419,negative,2.6315605087247658e-08
1361878001177276416,negative,0.004086329021375562
1361878001718288391,negative,0.0005355367510211682
1361878002494242819,negative,0.008410537040639049
1361878002976632836,negative,0.021163474256086886
1361878003291201541,negative,0.00025366413147017
1361878003941261313,positive,0.9574195520121335
1361878005153431555,negative,0.012733965306920133
1361878006151659523,negative,0.00028512364604243794
1361878006432686081,negative,0.08737938676356574
1361878006801846272,negative,0.0016770018017662899
1361878008697548802,negative,0.016787884429364814
1361878008840163328,negative,0.24089251553669566
1361878009121243138,negative,0.0002336301479566096
1361878009733664768,negative,0.00020130582430730686
1361878009897226242,neutral,0.3685943945839147
1361878010719256577,negative,1.0345761149643369e-08
1361878011650445317,neutral,0.5136446707795853
1361878012719992839,negative,8.686645596497456e-05
1361878013068066816,negative,0.02404485562702223
1361878014099865600,neutral,0.3734015585145194
1361878014691139586,negative,0.0014435211140411926
1361878015219752961,negative,0.014410021282987497
1361878015626649600,negative,0.007954388140783968
1361878016318660609,negative,1.6880655741831058e-14
1361878016717058050,negative,0.00017143300941425624
1361878018336161796,negative,0.02315055182433907
1361878018382204932,negative,3.6860439106232884e-05
1361878019036438528,negative,9.64756311604451e-07
1361878019355381763,negative,0.04040492098959543
1361878019560923137,negative,0.1629757814740142
1361878019737010183,negative,0.17110783127166218
1361878019816775681,negative,0.0006231027261198045
1361878020219404288,positive,0.9252019798570035
1361878020487790593,negative,0.004086329021375562
1361878022538862593,negative,0.1143978630985797
1361878022597574657,negative,0.002157346534550224
1361878022899523584,negative,0.002067856992839193
1361878023344164867,positive,0.9804629920025331
1361878023818117121,negative,0.0002124389959480032
1361878024455655430,negative,0.029722762497409357
1361878025118375936,negative,1.404354449424273e-06
1361878025810436096,negative,0.08017114651707459
1361878025831288836,negative,0.09418084068739434
1361878025923682308,negative,0.10859188604493948
1361878026343112705,negative,0.04479713725512996
1361878028020822018,negative,0.23562434052808948
1361878028054388743,positive,0.806196629517099
1361878028788375556,negative,0.19481991233610219
1361878029052575746,negative,0.011106343875148335
1361878029430116355,negative,0.000990050929999318
1361878029950201859,negative,2.7279387673353513e-05
1361878032164782080,negative,0.004049275777795076
1361878032378712067,neutral,0.5544318268166607
1361878032823316480,negative,0.24823690876847676
1361878033049677828,negative,0.1500864718797429
1361878033058168836,negative,0.08487548209730622
1361878033074946049,negative,0.11469789974542237
1361878033079017474,negative,6.149618329156032e-06
1361878033125187591,negative,0.0019284831072224583
1361878033154588674,negative,0.24756442386864408
1361878033188143105,negative,0.2858511862612643
1361878033242591233,negative,0.24050279402574007
1361878033246932992,neutral,0.34879542933982316
1361878033255206912,negative,0.03145367404931414
1361878033263702023,negative,0.006486168199592201
1361878033272029191,neutral,0.646109150430391
1361878033309777923,negative,0.0009872961390072381
1361878033368371200,negative,0.15771531838317512
1361878033653657600,negative,0.002960445799032225
1361878033699856388,negative,0.05357457512678084
1361878035528613895,negative,0.08487548209730622
1361878035641888768,negative,0.0024265365763960507
1361878036073902082,negative,0.016110347994777504
1361878036392660992,negative,8.374169294874021e-05
1361878036451385345,negative,0.033496634529330854
1361878036950507521,negative,9.64756311604451e-07
1361878037147635712,positive,0.7243139030420994
1361878037332123652,negative,0.11484269129509692
1361878037692874758,negative,0.03490537139344192
1361878038233964546,negative,6.468691970955696e-05
1361878038565240833,negative,2.7661162171332268e-06
1361878040087822338,negative,0.004086329021375562
1361878040947666945,negative,0.00017919506558729427
1361878041048338433,negative,0.001891183580962971
1361878041350316041,negative,0.003807355552709479
1361878041639665666,negative,0.08615019002519037
1361878043464237057,positive,0.9912265130997859
1361878043799740419,negative,0.015279476292829957
1361878043908857861,negative,2.3892733818265383e-07
1361878044407975936,negative,0.05808899606133956
1361878044567339008,positive,0.7758288771235058
1361878045183860737,negative,0.006657639708580657
1361878045276180482,negative,0.06451979863383574
1361878045322317827,negative,0.13980554361266803
1361878045531979776,negative,0.3291915378068502
1361878046018535424,negative,0.017984896579314208
1361878046266044418,negative,0.003809814404607409
1361878048291901443,positive,0.9997505160826125
1361878048350629890,negative,2.825027797799352e-05
1361878048379928579,negative,3.2211760420813984e-07
1361878048526782464,neutral,0.4813987335791494
1361878048937705472,positive,0.7618300734257567
1361878049646661635,neutral,0.48728019602140255
1361878050372206592,negative,1.2936507640253172e-05
1361878050674253825,negative,0.0002977285144143152
1361878052247113728,positive,0.9997088714815023
1361878052368748544,negative,0.001891183580962971
1361878053236789253,negative,0.005604325898129143
1361878053719269376,negative,0.1771791862348512
1361878054344265729,negative,0.011724737227430823
1361878055258632201,negative,0.0468217707996781
1361878055627726848,negative,0.023139963450933228
1361878057003462656,positive,0.9880228296205934
1361878057435484162,negative,0.016734716510400732
1361878057506787330,negative,0.03983031260542193
1361878059515789314,positive,0.954873127285284
1361878060040146944,negative,0.1552957530501846
1361878060165967874,positive,0.9566871126165171
1361878060241412099,neutral,0.4237337412615085
1361878060723703808,negative,0.07165323427534191
1361878060887379968,negative,0.000990050929999318
1361878061461962752,negative,0.004478927258780815
1361878061642223618,negative,0.004458692101486
1361878062204391425,negative,0.011724737227430823
1361878062703521792,negative,0.07381387634661611
1361878064083447809,negative,0.09530948409055756
1361878064532193281,negative,4.286506397512254e-09
1361878064754552835,negative,0.005314036913586103
1361878065597407236,negative,0.00041315151635408026
1361878065723437058,neutral,0.4640997496744958
1361878067287912450,negative,0.000990050929999318
1361878067384365062,negative,0.28930445208857464
1361878067464069120,negative,0.019989593375312815
1361878067485036547,negative,0.006426218211711938
1361878067707334657,negative,0.004086329021375562
1361878068911108100,negative,0.20291899194318053
1361878069137575939,negative,0.0007472712108025468
1361878069531795457,negative,0.004326956302588555
1361878070274236420,negative,0.001891183580962971
1361878070626570242,negative,0.011592040180563831
1361878074720157697,negative,0.071388086298748
1361878075114475524,negative,0.3089445261071964
1361878077681369090,negative,8.335953356717733e-06
1361878078583164929,negative,0.05357457512678084
1361878079522676740,negative,0.004086329021375562
1361878079879204869,negative,0.030827449019743273
1361878081439432704,neutral,0.35362277955607824
1361878082068631553,negative,0.0004834971448535085
1361878083196776453,negative,0.010298855735979325
1361878083310133248,positive,0.7228705013161616
1361878083331121152,negative,0.039253281644740796
1361878083708604416,negative,0.1246273950239621
1361878084337754113,negative,0.0006094564863810628
1361878084690055171,neutral,0.35362277955607824
1361878085692518400,negative,1.1050121612668656e-07
1361878086460014593,positive,0.954873127285284
1361878086845927424,negative,0.09151565997391957
1361878087143739392,positive,0.9828733889242799
1361878087252795398,negative,0.011724737227430823
1361878087638605826,negative,0.01960775763417031
1361878089047941121,negative,0.27049890295802725
1361878089421254658,negative,8.415477915885733e-06
1361878089450590211,negative,0.07275257019330632
1361878089542889474,negative,0.0004965321904754686
1361878090515963910,neutral,0.6506954671704506
1361878090654375936,negative,0.000990050929999318
1361878092428541955,negative,0.06574869926527628
1361878092575174662,neutral,0.5246439486868372
1361878094710202368,negative,0.2248871272402879
1361878095452647425,negative,0.00027550366249283253
1361878095519752194,negative,0.002174957920734071
1361878095729369088,negative,0.2129585725566682
1361878097960796161,negative,0.012593957822313285
1361878098044743681,negative,0.09797448730401104
1361878098866819072,negative,0.008061199719809458
1361878100146089984,negative,0.2864145558920463
1361878100397748227,negative,0.3029968537174699
1361878102239019008,negative,0.01241233477651955
1361878102327111680,negative,0.0004127514285876195
1361878102331195392,negative,0.033486289265289425
1361878103065124864,negative,0.032377968351464316
1361878104432607240,negative,0.013807455330012288
1361878104935960576,negative,0.09574155656664075
1361878105300889604,negative,0.01869870988099018
1361878105388961793,negative,0.023746379703026302
1361878106437349381,negative,0.061340249049807255
1361878107976851458,positive,0.9259815607928116
1361878109071560706,negative,0.041350594160695656
1361878109394460679,neutral,0.408637760941531
1361878110174642179,negative,0.002157346534550224
1361878111336423426,negative,0.03281992945339038
1361878114440073222,neutral,0.5697438864236807
1361878115480440832,negative,6.3492551763847854e-06
1361878115925000199,negative,0.003511184357252747
1361878116658946050,negative,0.0087700997304632
1361878117321596928,negative,0.000990050929999318
1361878118533898240,negative,0.2767349394733515
1361878118563270660,negative,0.3029968537174699
1361878118601023488,negative,0.004757157643562101
1361878118630309889,neutral,0.4964118300361966
1361878119863308290,negative,0.20149325467093282
1361878121285214208,neutral,0.3483776439259413
1361878121650225156,negative,0.0005682575570874796
1361878121708990466,positive,0.8542368681346015
1361878122413621248,negative,0.0029387308275552818
1361878122518437890,negative,0.00025612713220817484
1361878123034329089,negative,0.042855580762021984
1361878124531773443,negative,9.332134583205833e-05
1361878125295067144,neutral,0.49789225920557484
1361878126591168512,negative,0.2504143456343174
1361878126918311936,negative,0.04747891129994188
1361878129959133184,negative,0.1771791862348512
1361878130818838529,negative,0.033496634529330854
1361878130890309634,negative,0.012264430880202402
1361878130965835777,negative,0.0010002361821155772
1361878131041333249,negative,0.05357457512678084
1361878131813085186,negative,0.0004127514285876195
1361878132094078979,neutral,0.5056162179407367
1361878132253466625,negative,0.03791627134522328
1361878132521906178,negative,0.0005042075821884034
1361878133104869377,negative,0.18459858958932926
1361878133729865738,negative,0.1728953783968395
1361878133935325185,negative,1.697665737540839e-05
1361878134115741697,negative,0.05357457512678084
1361878134648266754,negative,6.751286354918126e-06
1361878134807650308,negative,0.07726133771775802
1361878135051018240,negative,0.0005382374605182403
1361878135499722770,negative,0.00020130582430730686
1361878136745558019,negative,0.05357457512678084
1361878137425055746,negative,0.04479713725512996
1361878137529905156,negative,0.015588462689835316
1361878138423308290,negative,0.01678154902376081
1361878140327317504,positive,0.7758288771235058
1361878140763713537,negative,0.24173899944507102
1361878141082374152,negative,0.0032952471641983644
1361878141342543873,negative,0.006859936298705416
1361878142030385153,neutral,0.4365203686175272
1361878142068154370,negative,0.013255239653530001
1361878143011807233,negative,5.219183497409914e-05
1361878143687131142,negative,0.21257333126602235
1361878143792009221,negative,3.1482552654207956e-08
1361878144404377603,negative,0.019779594456796955
1361878145234837509,negative,0.21412433154803479
1361878145578782722,negative,0.004757157643562101
1361878146476167170,negative,0.01869870988099018
1361878146719563781,negative,7.752130399430308e-05
1361878146799304709,negative,0.007810788211427084
1361878147457777664,neutral,0.4987649897682233
1361878148477026306,negative,0.07275257019330632
1361878148556722180,negative,0.011893600402031624
1361878149013917697,negative,0.1705196658734365
1361878149064228864,negative,0.1513056666882868
1361878149953249285,negative,0.24977838472738464
1361878150003773440,negative,0.003511184357252747
1361878151882760193,negative,1.5671938592133095e-08
1361878152700690432,negative,0.05357457512678084
1361878154017579008,negative,0.005604325898129143
1361878154407780354,negative,0.021147872030986517
1361878154860761088,negative,0.005809911475111816
1361878155389247490,negative,0.17110783127166218
1361878156257464321,negative,0.0041604897079766945
1361878156328787969,negative,8.374169294874021e-05
1361878156538507265,negative,0.02404363266966823
1361878156840468483,negative,0.033194606476668935
1361878158069301249,negative,0.05005596201596471
1361878158564335622,neutral,0.45363818803442224
1361878158673338369,negative,0.09797448730401104
1361878158736293899,negative,0.03838901031456881
1361878159180914688,negative,0.005604325898129143
1361878159424184324,negative,0.005604325898129143
1361878160879415296,neutral,0.34471561869663214
1361878161236049923,negative,0.002822284901713726
1361878162314063873,negative,0.001891183580962971
1361878162595078148,negative,0.0026137897196443446
1361878163538784263,negative,0.10054358213218693
1361878164373442565,negative,0.0009880485858576227
1361878165434609667,neutral,0.3863203964841595
1361878165640142850,negative,0.09327120236897872
1361878167884091392,negative,0.033194606476668935
1361878168622276609,negative,0.004087546291174061
1361878168647442432,negative,1.404354449424273e-06
1361878168840400900,negative,0.030946299880995645
1361878169255616513,negative,1.0001454736479662e-05
1361878170165796865,negative,0.000990050929999318
1361878171222695936,negative,0.005314036913586103
1361878173466697730,negative,0.22664324401202743
1361878174246690820,neutral,0.4507454498615163
1361878175165280257,negative,0.01869870988099018
1361878175723085827,negative,0.004086329021375562
1361878175823908865,negative,0.07381387634661611
1361878178432749575,negative,0.004267821741035016
1361878178785075201,negative,0.0468217707996781
1361878178927497218,negative,0.21857568741237043
1361878180353687559,negative,0.08983454411980052
1361878180618002432,negative,0.11786918771417619
1361878181360390144,negative,0.2745031447642803
1361878181385494536,negative,0.0996714708752153
1361878182073413636,neutral,0.5495922250151081
1361878184355053576,negative,0.0005682575570874796
1361878184875208705,neutral,0.3708285720008068
1361878186368397312,negative,3.6860439106232884e-05
1361878186498342917,negative,1.0779685685262847e-06
1361878187672809475,positive,0.8449706451271007
1361878188343795712,negative,0.102742709948032
1361878189123850244,negative,0.06789609468746921
1361878190319362053,negative,0.32068088831224084
1361878190537527296,negative,0.04678270541966506
1361878194765324288,negative,0.0028890364937348752
1361878194802974722,negative,0.016787884429364814
1361878195033767936,negative,2.880466162149502e-11
1361878195834863618,negative,0.12604023267740214
1361878197860728836,positive,0.7291268461064191
1361878198011588615,negative,0.0074835670662074345
1361878198267568131,negative,0.04299261109200606
1361878198708011014,positive,0.8449706451271007
1361878200025042944,negative,0.02843956005779012
1361878201312677896,positive,0.6777777806487693
1361878201828573184,neutral,0.4265620653203338
1361878201883127808,negative,4.562061549743336e-08
1361878202122199040,negative,0.034587341614493214
1361878202130591745,negative,0.0001783764279215546
1361878203757977600,negative,0.26299883048214356
1361878203967635457,negative,0.0010135391573495229
1361878204911398915,positive,0.954873127285284
1361878205125263362,negative,0.09797448730401104
1361878205200814081,negative,0.1603894675701918
1361878205540483074,negative,0.05357457512678084
1361878206718955526,negative,0.000760281081255939
1361878207381843975,negative,7.12353071801365e-11
1361878208472211458,negative,0.006025199969989119
1361878208526888960,negative,0.003147772638877806
1361878209021804547,negative,2.6800068454020174e-06
1361878210829516800,negative,0.01534610167416735
1361878211727159297,negative,0.0012379169120068723
1361878211974598659,negative,3.4454078477687496e-06
1361878212641497089,negative,0.23445886053834736
1361878212800733190,negative,0.0024265365763960507
1361878214663168000,negative,0.0012113486881602012
1361878215267127298,negative,0.12689934176336065
1361878216064049157,negative,0.009486526916622549
1361878216697409536,negative,3.470683229759093e-05
1361878216894472195,negative,0.0215800685499412
1361878217041317891,negative,0.006253988416460199
1361878217502687233,negative,2.8493217924306377e-05
1361878218035367937,negative,0.0004127514285876195
1361878218442219521,negative,0.0314484057255293
1361878218496561152,negative,0.31251327812974533
1361878218953867266,neutral,0.4323510242933817
1361878219276906500,negative,0.023139963450933228
1361878220853895168,positive,0.954873127285284
1361878221155934210,negative,0.031371595922380084
1361878222988861441,positive,0.723871548342349
1361878223756398592,negative,0.00010075577805108141
1361878224142221312,negative,0.020245608371976982
1361878224712716288,neutral,0.4274047939449264
1361878226939838476,negative,0.26435706746012855
1361878226981826560,negative,0.00385949904156067
1361878228630200329,negative,0.0018145507610497283
1361878231335403528,negative,0.017984896579314208
1361878231461351425,negative,0.000990050929999318
1361878231574577157,negative,0.0010135391573495229
1361878231738114051,negative,0.020757563064043895
1361878232145010688,negative,2.7759009984306875e-05
1361878233306791937,negative,0.21454527611310242
1361878234590281732,negative,2.719741002584359e-05
1361878234607009793,negative,0.019646311446675443
1361878235315773443,negative,3.4454078477687496e-06
1361878235374583811,negative,2.3931296607730356e-05
1361878236230279168,negative,0.03696365454460867
1361878236473475074,negative,2.1328169277588322e-07
1361878237639548928,negative,0.00370988678964573
1361878239791124480,negative,0.033496634529330854
1361878241020022784,negative,5.351869158045998e-07
1361878242236456960,negative,1.382092672182211e-08
1361878242291027977,neutral,0.5671750814356303
1361878243742203909,negative,0.17110783127166218
1361878243842826241,negative,0.012264430880202402
1361878243855527936,negative,0.0023880424734779226
1361878243931009025,negative,0.00017265216403648695
1361878243989667840,neutral,0.5136446707795853
1361878244388200449,negative,0.018759567016917347
1361878244522291205,negative,0.00020130582430730686
1361878244635643907,negative,0.006440151655794703
1361878244916670469,negative,0.019989593375312815
1361878245126385668,negative,0.053807958641948525
1361878247823319040,negative,0.15630830276745175
1361878251338145796,negative,0.017984896579314208
1361878252193775619,negative,0.0006482781419825417
1361878252659310594,negative,0.031219924419194873
1361878253015810051,negative,0.007861751679606656
1361878253363986437,negative,0.004478927258780815
1361878254861381633,negative,0.04479713725512996
1361878255452700672,negative,5.1750287681499805e-06
1361878255838576642,negative,0.0468217707996781
1361878255951876099,negative,0.09530948409055756
1361878256400683008,negative,0.19570817904097038
1361878257973477377,negative,0.04479713725512996
1361878258573316100,negative,0.005306972493188619
1361878258577526788,negative,0.10493509996246646
1361878259131031554,negative,0.016734716510400732
1361878261056245763,neutral,0.4076755986967422
1361878261337325571,negative,0.010320231446011024
1361878261941362689,negative,0.005303989465459191
1361878263321292800,negative,0.07800672398898323
1361878263438671872,negative,0.03501890977918644
1361878263451299841,negative,0.05357457512678084
1361878263765684225,negative,3.4454078477687496e-06
1361878264633991168,negative,1.2936507640253172e-05
1361878265363890176,negative,0.006113473105819878
1361878266005626880,negative,2.1328169277588322e-07
1361878266118864901,negative,0.00026536018018242727
1361878266345385986,neutral,0.4769953994562881
1361878266618015751,negative,0.000990050929999318
1361878266634788864,negative,0.08560974487867468
1361878267503005698,negative,0.10278158773404031
1361878269193256962,negative,0.000423514510803206
1361878269750964230,negative,3.285960441664825e-05
1361878269969248259,negative,0.008690896866425544
1361878270434816000,negative,5.037223159632929e-06
1361878270904438789,negative,0.05357457512678084
1361878271449829377,negative,0.08545408379192729
1361878272196378626,positive,0.8449706451271007
1361878273341480963,negative,0.0660105329417496
1361878273664446467,negative,0.010642292083325832
1361878274448703495,positive,0.7972458672281234
1361878274796904449,negative,0.008157976426003641
1361878274964619266,negative,0.0015915768883020395
1361878277044924419,negative,0.00020130582430730686
1361878277074337792,negative,0.0468217707996781
1361878277217001473,negative,0.0018145507610497283
1361878277292457985,negative,0.00541622804760615
1361878278416572420,negative,4.177891668440116e-07
1361878278445891589,negative,0.17419598300104258
1361878278454136835,negative,0.000990050929999318
1361878279192535040,neutral,0.5286592305484716
1361878280199094280,negative,0.0023426919486359645
1361878280958271488,negative,1.1254046895531442e-05
1361878282606673924,negative,0.10625560530492485
1361878282757619714,negative,0.0076627860343016895
1361878283046952960,negative,0.11389072041584207
1361878283214876674,negative,0.008108819478107583
1361878283571384324,negative,1.087271453790426e-05
1361878284049534976,negative,0.18446367032329125
1361878284066115584,neutral,0.4514321842747589
1361878284653371394,negative,0.11086514297916852
1361878284779343874,negative,0.048851735702001985
1361878284787589124,negative,0.0030169702628354573
1361878284909305857,positive,0.7789900239099247
1361878286897451008,negative,0.04526885811592329
1361878287614623745,negative,0.07621154898278715
1361878287895642114,neutral,0.47939300051077605
1361878289267187713,negative,0.05357457512678084
1361878289279819777,negative,0.05808899606133956
1361878289489555457,negative,0.11786918771417619
1361878289971884032,negative,2.6743284854422935e-09
1361878290349318147,negative,0.21454527611310242
1361878290449981440,negative,0.0468217707996781
1361878291716653058,negative,0.0012778755973791355
1361878292731748357,negative,0.017984896579314208
1361878292878548997,negative,0.004326956302588555
1361878293134397442,positive,0.9997088714815023
1361878293398446094,negative,0.0005694274983754299
1361878293767745541,negative,0.3020135550609068
1361878294409457664,negative,0.03432006957056042
1361878294921101321,negative,0.005604325898129143
1361878294988210186,negative,3.287390442445657e-11
1361878295097335809,negative,0.0009143430625753482
1361878296510791682,negative,1.4891052957955145e-05
1361878296749887490,negative,5.918678129435592e-07
1361878297060274177,negative,0.033804987877426175
1361878298029142021,negative,0.07426682368880635
1361878298146476036,negative,0.014896217126528612
1361878298687655938,negative,0.001133079425850937
1361878299413262342,negative,0.001891183580962971
1361878299572641800,neutral,0.35362277955607824
1361878300478464004,positive,0.9170104995539303
1361878302361853953,negative,2.7284875081079537e-06
1361878303880056835,negative,0.03222818308134103
1361878304438030339,negative,0.18795859623648656
1361878304622542852,negative,0.0020023587330759095
1361878305008463874,negative,0.00044241594097824556
1361878305230573569,negative,3.5216772755926464e-06
1361878306405122048,negative,0.027635357407982186
1361878308426768384,negative,0.004064870430987558
1361878308640686084,positive,0.9566871126165171
1361878308913307649,negative,4.413376902025267e-05
1361878309240508416,negative,0.07381387634661611
1361878312121958400,negative,0.016110347994777504
1361878312340099073,negative,0.0468217707996781
1361878315104165889,negative,0.006949107719798921
1361878315523571712,negative,0.0032009734704784836
1361878316106403849,negative,0.05357457512678084
1361878316333084675,negative,0.11191071753391976
1361878317272596482,negative,0.00017265216403648695
1361878318283452419,negative,8.222001875874004e-06
1361878318363082755,negative,3.767509793162354e-09
1361878320288301059,negative,0.016110347994777504
1361878320569339905,negative,1.1036267047822742e-10
1361878322477686789,negative,0.04479713725512996
1361878322838405120,negative,0.11786918771417619
1361878322922291202,neutral,0.49789225920557484
1361878324033826816,negative,0.0008834037310993816
1361878324272910341,negative,0.0050579991365638085
1361878324868448266,negative,0.08737938676356574
1361878327904989189,negative,1.2936507640253172e-05
1361878329020801027,negative,0.08691560031796162
1361878332137168899,negative,4.4485191088819876e-05
1361878332590018562,negative,0.05357457512678084
1361878332619579392,negative,0.001385631519239884
1361878332892151811,negative,2.1328169277588322e-07
1361878334553157633,negative,0.033804987877426175
1361878334691442692,negative,0.2270916242691431
1361878335354269696,neutral,0.4853896596109071
1361878336109092873,negative,0.139548783714202
1361878337338167299,negative,0.13202595737248782
1361878337837273092,negative,0.0026137897196443446
1361878339980578820,negative,0.05378460301345363
1361878340399939590,negative,0.04479713725512996
1361878341331148801,positive,0.8449706451271007
1361878343113715712,negative,0.06359045933680586
1361878344824979458,negative,0.000553272366604666
1361878345806458883,negative,0.21454527611310242
1361878349014913028,negative,0.012181048898825661
1361878349187059718,negative,0.04023749359008311
1361878349514235904,negative,0.19254748361116575
1361878349791043585,negative,0.0018145507610497283
1361878349933469697,negative,0.0024549904045598077
1361878350508093441,negative,0.014410021282987497
1361878350751535106,negative,0.00017265216403648695
1361878351271645187,negative,0.000990050929999318
1361878351498141696,negative,0.02689769707030903
1361878352815087619,negative,0.005716637004156381
1361878354543206400,negative,0.17110783127166218
1361878355705008131,negative,0.1374771324959347
1361878355746967555,negative,0.013719039350473852
1361878355780513793,neutral,0.4274047939449264
1361878355801432066,negative,0.0014639977547979343
1361878357420498946,positive,0.954873127285284
1361878357999120386,negative,0.003875666399275892
1361878358829764608,negative,0.15793352111761647
1361878359123365889,negative,0.033194606476668935
1361878359446196231,negative,0.01869870988099018
1361878359504949252,negative,3.5216772755926464e-06
1361878359593029634,negative,5.133364294166942e-07
1361878359647600641,negative,0.0021254015416703833
1361878360427810828,positive,0.7789900239099247
1361878360494850048,negative,8.95772450821153e-05
1361878360704565250,negative,0.05386055115356305
1361878360939397123,negative,0.0012794638846299338
1361878361119875072,negative,0.0004127514285876195
1361878361455362050,positive,0.915527616728779
1361878361509920768,negative,0.020018196568580747
1361878361627361283,negative,0.2864145558920463
1361878362919108612,negative,0.02604219653864642
1361878363930062848,negative,0.016110347994777504
1361878365284753408,negative,0.044712805593316474
1361878365737791491,negative,5.219183497409914e-05
1361878365859426305,negative,0.12021603373245746
1361878367209947142,negative,0.004086329021375562
1361878367549726720,negative,1.089039072294006e-07
1361878369537769472,negative,0.00720160272808345
1361878369768517635,negative,0.00392533666361936
1361878369932087297,negative,0.11786918771417619
1361878370292793347,negative,0.004255379258306117
1361878370317918208,negative,0.05357457512678084
1361878370431229956,negative,0.004279957736775829
1361878371362353160,negative,0.009959724022684842
1361878371484000258,negative,0.3089445261071964
1361878374474481664,negative,0.00020130582430730686
1361878375481024512,negative,8.58529474596844e-06
1361878375829274626,positive,0.999203723433127
1361878375992877056,negative,0.0012437477178887776
1361878376554795009,negative,2.047073861191731e-05
1361878377255366659,negative,0.3110734899390277
1361878378538803200,negative,1.1028727189252157e-05
1361878378849124353,negative,0.00015418457969662886
1361878378878562305,negative,0.0026137897196443446
1361878378886930434,negative,0.0468217707996781
1361878379016945666,neutral,0.5578477503674926
1361878379201454082,negative,0.0007449749825635989
1361878380266749955,negative,0.01869870988099018
1361878380648554499,negative,0.03838901031456881
1361878381617364993,negative,0.010747590523185685
1361878382368145409,negative,0.05957797832934463
1361878382477250560,negative,3.1971311992223415e-09
1361878383504875522,negative,0.08545408379192729
1361878385312555008,negative,0.0008496953345485857
1361878385354551297,negative,0.006025199969989119
1361878386453450753,negative,0.00020130582430730686
1361878387862691840,negative,0.18598802602580827
1361878388001095687,negative,0.13187259990833236
1361878388387045380,negative,0.0004883005721346498
1361878388462526465,negative,0.0002977285144143152
1361878389825634304,negative,0.000990050929999318
1361878391490756612,negative,0.0003076056962548066
1361878391675355140,negative,0.10944822003342888
1361878392048521217,negative,2.8233557582091195e-05
1361878392128364545,negative,0.005604325898129143
1361878393470545921,neutral,0.33687396889773297
1361878393902489600,negative,0.004504232962672696
1361878394972102657,negative,3.4454078477687496e-06
1361878395466973187,negative,5.859364246330477e-06
1361878395911630848,negative,2.3278319341370376e-06
1361878396339421196,negative,0.014131668861253414
1361878396377169920,negative,0.05357457512678084
1361878396540755968,positive,0.9779081525615942
1361878396922458113,negative,0.000990050929999318
1361878398042337283,negative,0.12021603373245746
1361878398306426880,negative,0.016787884429364814
1361878399824887816,positive,0.7789900239099247
1361878400336560135,negative,0.0030169702628354573
1361878402119200768,negative,0.033804987877426175
1361878402127527938,negative,0.000990050929999318
1361878402161115136,negative,0.05378460301345363
1361878402999803905,negative,0.0026605026472125578
1361878403507359746,negative,0.059746523047891624
1361878404094713859,negative,0.0020023587330759095
1361878404413423616,negative,0.03145367404931414
1361878404480577538,negative,1.1539816102466408e-18
1361878405172592642,negative,0.002113639522666961
1361878405705326593,negative,0.000990050929999318
1361878405805993990,negative,0.08560974487867468
1361878406678392833,negative,3.292771620928251e-09
1361878406820990976,negative,0.05357457512678084
1361878407005540355,negative,0.11806622649183515
1361878407265542146,negative,2.7279387673353513e-05
1361878408138006530,negative,0.0021254015416703833
1361878409064968195,negative,0.0021687853025047
1361878410298015749,negative,4.7451656268045316e-05
1361878412093194240,negative,0.02862850044334376
1361878412542025731,negative,0.008996707933923887
1361878413158531075,negative,0.21257333126602235
1361878413326364675,positive,0.9972092293711141
1361878414081355776,negative,0.005314036913586103
1361878414332944387,negative,3.121916514517076e-05
1361878414454648834,neutral,0.6133083325739653
1361878414706151428,negative,0.006859936298705416
1361878414823743489,negative,6.727265374813534e-06
1361878415901622272,negative,0.0009757974092888295
1361878417453445120,negative,0.0014435211140411926
1361878418325983232,negative,0.015259930136945965
1361878419437285378,negative,0.20785989292929502
1361878419630297098,neutral,0.33705811524907736
1361878421081579526,negative,0.000990050929999318
1361878421094076416,negative,0.29752714842564004
1361878421152784388,neutral,0.4507454498615163
1361878421354274818,negative,0.21921412548362115
1361878421391958016,negative,0.25581042421126
1361878422503510021,negative,0.00025612713220817484
1361878423736565762,negative,0.238139266195977
1361878423912742915,negative,0.00019475047778788994
1361878424256606209,negative,0.032377968351464316
1361878424294477824,negative,3.590653216250852e-05
1361878424713846786,negative,0.00027426140960316994
1361878425196093440,negative,1.7603280211904658e-05
1361878425540194305,negative,0.14837573380253669
1361878426307723267,negative,0.0315375708824792
1361878426412580865,negative,0.0004127514285876195
1361878426722910211,negative,0.005184480212421963
1361878427326963713,negative,0.11003295163605703
1361878427809288195,neutral,0.45750809082621896
1361878428052520960,negative,0.0018721651070770754
1361878428203499531,negative,0.3046101175466245
1361878428576862213,negative,3.470683229759093e-05
1361878428576870404,neutral,0.6527247472559132
1361878429403148291,negative,0.12187479747618297
1361878429424103424,negative,0.0004215052244770732
1361878430422355971,negative,0.011106343875148335
1361878430845919232,negative,0.03838901031456881
1361878432443887621,positive,0.9259815607928116
1361878432943140864,positive,0.9912265130997859
1361878433073143809,neutral,0.49789225920557484
1361878434541101058,negative,3.4753476449001233e-06
1361878438316023809,negative,0.005184480212421963
1361878439586918400,negative,0.0005055401126923198
1361878440841007108,negative,0.00025873184462588307
1361878441285550087,negative,0.1771791862348512
1361878441348448259,negative,0.07460568534354083
1361878442011205633,negative,0.05357457512678084
1361878442652884993,negative,0.3065077932362409
1361878444670263298,negative,0.0087700997304632
1361878446222282754,negative,0.0001783764279215546
1361878447476396036,negative,0.0005452475934937183
1361878447858077697,negative,0.18534825208862052
1361878447958671360,negative,0.0314484057255293
1361878448101351425,negative,0.009727817237798543
1361878449468682242,negative,0.005894619004293435
1361878451024769025,negative,0.05357457512678084
1361878451041554434,negative,8.912790181537978e-05
1361878451314163715,negative,0.29864444629363096
1361878453340020737,negative,0.012264430880202402
1361878453843341316,negative,0.016110347994777504
1361878455277731841,negative,5.350161659031534e-09
1361878455651041288,negative,0.0006231027261198045
1361878455663656964,neutral,0.42507619662732005
1361878455684636675,negative,0.0024754452362085915
1361878456280047616,negative,4.220629795798186e-06
1361878457295208453,negative,5.02189278405874e-06
1361878457869881344,negative,0.327378095563068
1361878462135418880,negative,0.07764812014832749
1361878462810701828,neutral,0.5630410866502906
1361878462890409984,negative,0.002113639522666961
1361878463284707331,negative,1.5759527052165356e-06
1361878464446427136,negative,0.24490252709612087
1361878465604124673,negative,8.11881205985749e-11
1361878465708965896,negative,0.06693372327754489
1361878466455474176,negative,0.008157976426003641
1361878467189616643,negative,0.0024265365763960507
1361878467860602886,negative,0.0004127514285876195
1361878467902603264,negative,0.0007198488524816785
1361878467910983680,negative,3.484335103523406e-07
1361878468607229953,negative,0.029722762497409357
1361878469576122373,negative,8.635072398457575e-09
1361878469622321159,positive,0.9993964702976906
1361878469634756617,positive,0.7464075308243391
1361878470394077184,negative,0.005604325898129143
1361878471203577858,negative,0.022115040833701215
1361878472319266818,neutral,0.4274047939449264
1361878472562536448,negative,0.00041518626577272035
1361878473438945281,negative,0.0062899480639258334
1361878474596745218,negative,0.3223118533925611
1361878474818945025,negative,0.016787884429364814
1361878475242676225,neutral,0.46127768308170247
1361878475502673921,negative,7.461382137720118e-06
1361878476630982656,negative,0.08524285120745279
1361878476698116099,negative,0.03179831675662408
1361878477369208832,negative,0.2825245963010117
1361878478144999426,negative,0.09151565997391957
1361878478929358849,neutral,0.34879542933982316
1361878479671812096,negative,0.004086329021375562
1361878480779100164,negative,0.05357457512678084
1361878480921755648,negative,0.037375401833578965
1361878481840308231,negative,0.05357457512678084
1361878482071019521,negative,0.004086329021375562
1361878482809159682,negative,0.11579010942057401
1361878483404734464,negative,2.1328169277588322e-07
1361878483832627204,negative,0.002064775172514102
1361878487620026384,negative,0.09418084068739434
1361878487695556608,negative,0.07381387634661611
1361878487716540421,negative,0.2940960595971694
1361878488588967938,negative,0.07381387634661611
1361878488978845698,negative,0.00020130582430730686
1361878489079500805,neutral,0.37583732993026725
1361878489264099328,positive,0.9566871126165171
1361878489327161345,neutral,0.498577538671403
1361878489629159427,negative,0.2147765753586945
1361878489763307525,negative,0.06620897483397828
1361878490115670020,negative,0.05357457512678084
1361878492082806785,negative,0.000990050929999318
1361878492934209539,negative,4.6311774825849373e-08
1361878493542367233,negative,0.004268674256701203
1361878494679031811,negative,0.026955611107272768
1361878496629444608,negative,0.041962092491110756
1361878497258577920,positive,0.7789900239099247
1361878497518645253,negative,0.08545408379192729
1361878497925492736,negative,0.00982216559176996
1361878498210508806,negative,0.0023880424734779226
1361878498353291265,negative,0.05357457512678084
1361878498479120384,negative,0.013466567852651637
1361878499049504777,negative,0.00020561807695836245
1361878499468791808,negative,0.008760297556449081
1361878499716444163,positive,0.8449706451271007
1361878500274302978,negative,0.05357457512678084
1361878500307857408,negative,0.03838901031456881
1361878500609830912,negative,2.465556155180316e-06
1361878501356404744,negative,0.17180287677118386
1361878501670985728,negative,0.05357457512678084
1361878501956218880,negative,0.005696827708209876
1361878502023172099,negative,5.219183497409914e-05
1361878502388215810,negative,0.004086329021375562
1361878505047396356,negative,0.015588462689835316
1361878505949196288,negative,0.0026137897196443446
1361878506645389313,negative,0.005490394012624871
1361878507157037057,negative,0.014410021282987497
1361878507572322305,negative,4.2481880060057125e-06
1361878508176367619,negative,0.15630830276745175
1361878508230889472,negative,0.11786918771417619
1361878509375873027,negative,1.737870804489695e-06
1361878510625841152,negative,0.30895336613985097
1361878511171084289,negative,0.0006482781419825417
1361878511988994050,negative,0.17292744774822652
1361878514681729024,neutral,0.3499352441185855
1361878515478593539,negative,0.004086329021375562
1361878516032286720,positive,0.954873127285284
1361878516292333568,negative,3.0858800435316746e-06
1361878516397084675,negative,0.0014376455070661657
1361878516543983617,negative,0.11544081635508753
1361878516854366210,neutral,0.4274047939449264
1361878517227618306,negative,0.17110783127166218
1361878517269622789,positive,0.7789900239099247
1361878517395443714,negative,0.010156553432146307
1361878517730979840,negative,0.06197071486108885
1361878518267842560,negative,0.29543909049246575
1361878519077351424,negative,2.1328169277588322e-07
1361878519287013376,negative,0.08416889446819398
1361878520796971011,negative,0.029608885629010394
1361878520977309696,negative,0.000990050929999318
1361878521677758467,negative,0.009029859625822595
1361878521912639493,negative,0.002222067239869841
1361878522013356035,neutral,0.4323510242933817
1361878523024076803,negative,0.0009815657964487184
1361878523590438912,negative,3.470683229759093e-05
1361878524320227331,neutral,0.40507988433281555
1361878524710240258,negative,0.327378095563068
1361878525620482048,negative,0.07994498918640447
1361878526107013120,negative,0.0004127514285876195
1361878526585163781,negative,0.016787884429364814
1361878526962503684,negative,0.046227600372561024
1361878528493559808,negative,0.10965109491008324
1361878528808030214,negative,0.0031808961651726394
1361878532390084608,negative,0.00012994171714117845
1361878533262352387,negative,0.005604325898129143
1361878534172667906,neutral,0.411551939596641
1361878534298480640,neutral,0.47545235627806554
1361878536773136389,negative,5.682691373093251e-10
1361878537712590849,negative,0.10715633970361955
1361878538601836551,positive,0.7789900239099247
1361878539331661827,negative,3.123081808996126e-08
1361878539549704199,negative,1.2936507640253172e-05
1361878539780431873,neutral,0.4667281207494068
1361878540149530624,negative,0.2858682844231396
1361878541462200321,negative,0.2270916242691431
1361878541885915139,negative,0.000990050929999318
1361878542569660424,negative,0.009025499247126097
1361878542863265796,neutral,0.49056348971267033
1361878543517573122,negative,5.551236471055963e-07
1361878545723650052,negative,0.10217186774182256
1361878547913039875,negative,0.05357457512678084
1361878548642996225,negative,1.8603690327964345e-06
1361878549670592513,neutral,0.39981612691879054
1361878550001893380,negative,0.26079209232640216
1361878550295552000,negative,0.04492308707639433
1361878550622711808,negative,0.0036958540267676286
1361878550975021056,negative,0.0018145507610497283
1361878551344078853,positive,0.954873127285284
1361878551784423431,negative,0.0015343017638724213
1361878552044589059,negative,0.000990050929999318
1361878553269305346,negative,0.09746511940956047
1361878553483243522,negative,6.0406993719217415e-09
1361878553734823940,negative,0.03838901031456881
1361878553915240450,negative,2.4337787897430624e-07
1361878554393399296,negative,0.004086329021375562
1361878555098046465,negative,0.032377968351464316
1361878555215482880,neutral,0.49789225920557484
1361878555869777923,negative,0.00020636335243577074
1361878556050096128,negative,0.09716414640747792
1361878556654129157,negative,0.11638180988709157
1361878558684180480,negative,0.3065077932362409
1361878559929733121,negative,0.016787884429364814
1361878561045549061,negative,0.0004127514285876195
1361878561351602180,neutral,0.4507454498615163
1361878561372721153,negative,0.02218027738890461
1361878561397825539,positive,0.9993964702976906
1361878561796349952,negative,0.00020561807695836245
1361878562542940165,negative,3.5216772755926464e-06
1361878562995855362,negative,0.022115040833701215
1361878564476444673,negative,0.004086329021375562
1361878564547739650,negative,0.04556396807679163
1361878564627505154,negative,0.0001783764279215546
1361878564900118530,negative,0.19576051584226958
1361878565042716673,negative,0.0001783764279215546
1361878565206298626,negative,0.03281992945339038
1361878565898321921,negative,0.20584473655274807
1361878568096198661,negative,3.70444851636747e-05
1361878568469336064,negative,0.00020130582430730686
1361878568926642176,negative,3.0315493536764525e-07
1361878570151378946,negative,7.365098416293855e-06
1361878570998636544,negative,0.16821528496454677
1361878571069939714,negative,0.023139963450933228
1361878571514535941,negative,0.008061199719809458
1361878573116755972,negative,0.03842505604831912
1361878573854773248,negative,0.0217872501273163
1361878573905158158,negative,0.05357457512678084
1361878574320484354,negative,2.4238777713300756e-05
1361878574588825603,negative,0.05357457512678084
1361878576031793158,negative,0.004757157643562101
1361878576937787392,negative,0.22412208244206366
1361878577189425158,negative,3.570878867862774e-10
1361878577285894145,negative,0.030461333279747257
1361878577298501632,negative,0.032936040640911546
1361878577801621506,negative,3.6860439106232884e-05
1361878577852141573,negative,0.29150453131543796
1361878578212659202,positive,0.7789900239099247
1361878578275643394,negative,4.82049464545473e-14
1361878579164905482,negative,0.08411092696622104
1361878580163207170,negative,0.00020930911796022904
1361878580452618241,negative,0.10054358213218693
1361878580616167425,negative,0.05942391476065711
1361878581194993666,negative,0.21109641806088067
1361878581467561985,negative,0.0215800685499412
1361878581832466434,negative,0.11786918771417619
1361878583157936129,negative,0.2825245963010117
1361878583392817155,negative,9.64756311604451e-07
1361878583950467075,negative,0.12710074349086004
1361878584579805186,negative,0.003147772638877806
1361878588358852608,negative,3.8353774950826015e-07
1361878588472066053,negative,0.012593957822313285
1361878588824420354,negative,0.00385949904156067
1361878589625483267,negative,0.0009880485858576227
1361878590111948801,negative,7.951560774772043e-09
1361878590460166150,negative,0.12693968478489281
1361878591768829958,negative,0.004053723291090082
1361878592007856130,negative,9.094549764178897e-05
1361878592016252933,negative,0.015803430250599708
1361878595975532545,negative,0.032377968351464316
1361878596491608066,negative,7.658448972776236e-10
1361878597313699847,negative,0.0026137897196443446
1361878598181879810,negative,1.8734562271535088e-05
1361878599599546369,negative,0.12710074349086004
1361878600874622978,neutral,0.35260928573316896
1361878600908161026,negative,0.0005682575570874796
1361878602569105408,negative,0.001213033731295966
1361878602992680961,negative,0.017984896579314208
1361878603667922947,negative,2.7494984135931156e-05
1361878604225871880,negative,0.08615019002519037
1361878604884414469,negative,0.3020135550609068
1361878605215764481,negative,0.052096405603344054
1361878605631004673,negative,0.012323869667502546
1361878605928759296,negative,0.012760596851457487
1361878608512487425,negative,0.05357457512678084
1361878612354490373,negative,0.00040694084156118007
1361878613138829317,negative,0.00020130582430730686
1361878613575016449,negative,0.026916923620729703
1361878615416209411,negative,0.2270916242691431
1361878615676260360,negative,0.1982861418509875
1361878616611684352,positive,0.7922769975577183
1361878617517486083,negative,0.004086329021375562
1361878618239078402,negative,0.008410537040639049
1361878618268434437,negative,0.012264430880202402
1361878618398470150,negative,0.000990050929999318
1361878620923379714,negative,0.03791627134522328
1361878622676480001,neutral,0.5009396838143622
1361878622827646978,negative,0.2792003326006205
1361878622857027589,negative,0.011106343875148335
1361878623116873728,negative,0.062398822241184676
1361878623641366528,negative,1.0090590067963723e-07
1361878623645556737,neutral,0.41135403576663393
1361878624018726912,negative,0.010747590523185685
1361878624308244481,negative,0.10715633970361955
1361878624689864705,negative,0.08941844409604452
1361878625386168324,negative,0.0009286375633135558
1361878626703200258,positive,0.9779081525615942
1361878628091502592,negative,0.327378095563068
1361878628930228224,negative,4.913409696871689e-06
1361878629769240576,negative,2.6743284854422935e-09
1361878630515769346,negative,0.09797512242317932
1361878630524219394,positive,0.8542368681346015
1361878631958642688,negative,1.1969895087726491e-08
1361878632835260418,negative,0.0024265365763960507
1361878635091648513,negative,0.016787884429364814
1361878635880284163,negative,0.0005682575570874796
1361878636740116481,negative,0.017984896579314208
1361878639344820225,negative,0.10625560530492485
1361878639604867076,negative,0.005604325898129143
1361878639705423879,negative,0.017984896579314208
1361878640196222977,negative,0.09418084068739434
1361878640477302788,negative,6.630329184682251e-10
1361878641672679425,neutral,0.48728019602140255
1361878641873985536,negative,0.2287206037784227
1361878642641563655,negative,0.04678270541966506
1361878643149066243,negative,0.05357457512678084
1361878644923203584,negative,0.0885640614832503
1361878645275508738,positive,0.954873127285284
1361878645460135937,negative,0.21360344433572329
1361878645791481856,negative,0.2798612140994752
1361878646185594884,negative,1.2936507640253172e-05
1361878647112667139,negative,0.002426192466140078
1361878647448166400,negative,0.009738292717154082
1361878647737622529,neutral,0.40507988433281555
1361878648232554499,negative,0.020018196568580747
1361878648769437698,negative,0.09797448730401104
1361878648786190336,negative,0.0005989919557490856
1361878649063018497,negative,0.00010309601965185907
1361878649671155712,negative,0.09126787907567749
1361878650291965955,negative,0.0001754741171529254
1361878651139153920,negative,0.001133079425850937
1361878653424922626,negative,0.007954388140783968
1361878654683402243,positive,0.7413170608578935
1361878655836782595,negative,0.014410021282987497
1361878655845224449,positive,0.7228705013161616
1361878655920701443,negative,0.000990050929999318
1361878657577361408,negative,0.09449921501678965
1361878657736695814,negative,2.6315605087247658e-08
1361878659485868032,negative,0.004086329021375562
1361878659615883264,negative,0.19263816000160972
1361878659888480257,negative,0.01869870988099018
1361878660081451010,negative,0.11786918771417619
1361878660110839808,negative,0.0024265365763960507
1361878660156956672,negative,1.0855118646425613e-05
1361878660542791684,negative,0.09327120236897872
1361878660723179525,negative,2.55686572027587e-05
1361878661247496194,negative,0.022901732625165667
1361878661348159495,negative,0.01783695133542891
1361878661385838594,negative,0.006859936298705416
1361878661692092418,negative,0.001923665929057623
1361878662065262595,negative,0.005604325898129143
1361878662807699457,negative,0.05357457512678084
1361878662925209602,negative,2.6743284854422935e-09
1361878662962905092,negative,0.003063938678352139
1361878663734710272,negative,0.31251327812974533
1361878663818579969,negative,3.4454078477687496e-06
1361878664078581762,negative,0.01678154902376081
1361878664204464132,positive,0.7111884652077075
1361878664368058369,negative,0.016787884429364814
1361878664590348289,negative,0.09418084068739434
1361878665945108483,neutral,0.49789225920557484
1361878666297376768,negative,0.004064870430987558
1361878666691698688,negative,0.05357457512678084
1361878666855251969,negative,0.11786918771417619
1361878667396341762,negative,0.001133079425850937
1361878667488600064,negative,6.880393120754711e-12
1361878667706703875,negative,0.00018151866938896129
1361878667916414976,negative,0.10625560530492485
1361878668344254466,negative,0.08527213968450766
1361878668453306371,negative,0.0011960531776240052
1361878668700696580,neutral,0.4237337412615085
1361878668784652290,negative,0.00018311436971921833
1361878669426388998,negative,0.3205746300160878
1361878670168760320,negative,0.1647378382293729
1361878671817117706,negative,8.924739036682199e-07
1361878672026853376,negative,0.002822284901713726
1361878672223969280,negative,0.10366650515906842
1361878673331286017,negative,0.15060904918648724
1361878674518269955,negative,0.02439068850856169
1361878676309172226,positive,0.9997088714815023
1361878676854493188,negative,0.03501890977918644
1361878677236121600,negative,0.25158208053717795
1361878677944950784,negative,0.03791627134522328
1361878678720942083,negative,0.3128644394723362
1361878678779686912,negative,0.0011456281787628197
1361878678875987969,negative,1.2936507640253172e-05
1361878680243474433,negative,0.016110347994777504
1361878680398671874,negative,0.02470498486017299
1361878681640140801,negative,6.434994741631169e-08
1361878681799569413,neutral,0.35989192783015506
1361878681950560262,negative,3.427475763378293e-05
1361878682634227714,negative,0.013719039350473852
1361878683108188160,negative,0.01946489520464502
1361878683275960321,negative,0.09151565997391957
1361878683607261185,negative,0.004757157643562101
1361878683749867520,negative,0.005604325898129143
1361878683758264320,negative,0.30376899122309153
1361878684907565062,negative,0.0031721300981015143
1361878686077755392,negative,0.005888289965360215
1361878686799065088,negative,1.2670868831861548e-12
1361878686908219395,negative,0.14184549148017694
1361878687168217088,neutral,0.49789225920557484
1361878689160511489,negative,0.005771336508332041
1361878691081576452,negative,0.02623726528899103
1361878692335599617,negative,3.4287089286028106e-06
1361878692365021186,negative,0.2287206037784227
1361878694394880000,negative,0.001275908644571695
1361878695187783683,negative,0.00010075577805108141
1361878697553371138,negative,0.006859936298705416
1361878700086747139,negative,0.07699666720720659
1361878700921413632,negative,0.0013599180312325965
1361878705203777537,negative,0.01227337522656001
1361878707162513408,negative,0.013807455330012288
1361878707405783040,negative,1.2936507640253172e-05
1361878708672466945,negative,0.005184480212421963
1361878710404587521,negative,0.0660105329417496
1361878711654617088,positive,0.744314123100283
1361878712472412162,negative,0.013807455330012288
1361878712946425857,negative,3.14796232394215e-06
1361878714968137728,negative,0.00015096421758854718
1361878717950283781,negative,0.00020130582430730686
1361878719317483520,negative,0.0023861167841936447
1361878723176316929,positive,0.9450104859099169
1361878723344089091,neutral,0.5136446707795853
1361878723633565698,negative,0.0004966788318731363
1361878728356331529,negative,6.394681138432248e-07
1361878729140686851,negative,0.026210963983195244
1361878732533825539,negative,0.05357457512678084
1361878732655443969,negative,0.0007449749825635989
1361878734261878786,negative,0.0468217707996781
1361878734610038784,negative,4.3096600238162795e-09
1361878734693937152,negative,0.005771336508332041
1361878736241500161,negative,0.057069292185839456
1361878746370879489,negative,0.05357457512678084
1361878746651910153,positive,0.9030534436278485
1361878746853220354,negative,1.146501304371886e-07
1361878748920963072,negative,0.00037467806330059744
1361878749646626817,negative,0.0004804666674808722
1361878751936659468,negative,0.00020130582430730686
1361878752754597888,negative,0.0012321538226973405
1361878754046304256,negative,7.951560774772043e-09
1361878754872733696,negative,7.263681252918724e-06
1361878755250167811,negative,0.2270916242691431
1361878756395155460,negative,4.6026935692713364e-05
1361878763731120135,negative,0.006426218211711938
1361878765744361475,positive,0.9999804680943051
1361878766977490944,negative,0.005314036913586103
1361878767585607681,negative,0.18446367032329125
1361878770697703425,negative,0.014410021282987497
1361878771633127424,negative,0.003970901874489672
1361878775928135680,negative,0.006859936298705416
1361878779103223814,negative,0.1352270033764777
1361878779333775365,negative,0.013880482508218552
1361878780722094081,negative,0.002378222447355658
1361878784123817986,negative,0.0025680711485500736
1361878784824119296,negative,0.0010135391573495229
1361878785583423488,negative,9.525064663033747e-06
1361878793481289731,negative,0.0087700997304632
1361878793829314569,negative,0.03432006957056042
1361878795494506497,negative,1.2339553500403264e-08
1361878796064858116,negative,0.0038712641655717847
1361878801525968897,negative,0.0012083863138232774
1361878802805088258,negative,1.2936507640253172e-05
1361878804415807493,negative,0.004757157643562101
1361878805388926976,negative,0.10226556973987806
1361878809121808389,negative,0.04526885811592329
1361878809419644931,negative,0.22921733517149395
1361878809469997061,negative,0.03837681976528
1361878809956544512,negative,0.0004682419297492846
1361878810090754049,negative,0.007954388140783968
1361878811420352517,positive,0.93614813110056
1361878813244870659,negative,0.12971878701520773
1361878813496414208,neutral,0.5989690548258717
1361878813639065600,negative,0.010441595085329458
1361878813874020354,negative,0.29150453131543796
1361878813886484481,negative,0.0014435211140411926
1361878815132299264,negative,0.004757157643562101
1361878816197660672,negative,0.01636380667409668
1361878816742928385,negative,0.004711532918898615
1361878817753726982,negative,0.24173899944507102
1361878818017918976,positive,0.7760414530495556
1361878819670536192,negative,0.00020130582430730686
1361878820412919810,negative,0.05357457512678084
1361878820463259651,neutral,0.49789225920557484
1361878821796995083,negative,2.879889411521284e-06
1361878822145175552,neutral,0.3624591728563067
1361878824925814786,negative,0.2270916242691431
1361878831645212676,neutral,0.3541825598819092
1361878832496705536,negative,0.002113639522666961
1361878833385918465,neutral,0.39849015269815063
1361878835298512896,negative,0.006859936298705416
1361878835638251528,negative,0.00020561807695836245
1361878836602949632,negative,0.001891183580962971
1361878836762263555,negative,0.002067856992839193
1361878837244682242,negative,0.08109843171811777
1361878838641381378,negative,0.0013497233064043222
1361878839870169088,negative,0.016787884429364814
1361878839950012416,negative,0.09530948409055756
1361878842818846724,negative,4.067939598143211e-05
1361878843087147014,negative,0.03432006957056042
1361878843401805826,negative,0.046227600372561024
1361878843699716096,neutral,0.5136446707795853
1361878843892649985,neutral,0.411551939596641
1361878844056231936,negative,0.08809403059920935
1361878845037502469,negative,0.0018145507610497283
1361878846052601856,neutral,0.3497338037277034
1361878847268945921,negative,0.023139963450933228
1361878847772266496,negative,0.3081217853201809
1361878848132902914,neutral,0.48061219287488127
1361878848158195713,positive,0.9477931060999414
1361878848229412868,negative,0.16985894851757302
1361878848497979402,negative,2.3844524604437687e-06
1361878849219305477,negative,0.01869870988099018
1361878849525530626,negative,0.05738731705847255
1361878849693360128,negative,0.002157346534550224
1361878849768861698,negative,0.08545408379192729
1361878850234384386,negative,0.04326749920868208
1361878850788073475,negative,4.310945468370274e-06
1361878851119325184,negative,0.17977966716814694
1361878851496902657,negative,0.28930445208857464
1361878852172214272,negative,0.011106343875148335
1361878852436455427,negative,0.2147765753586945
1361878854751686661,negative,0.016787884429364814
1361878855913512961,negative,0.00022046058784295155
1361878856194535428,negative,0.12820300070647456
1361878856420966400,negative,1.1930389601290817e-05
1361878857754755075,negative,5.85620887921641e-09
1361878858069385218,negative,2.1328169277588322e-07
1361878858111344643,negative,0.05357457512678084
1361878858509778949,neutral,0.35362277955607824
1361878859184939009,negative,2.0028087380238264e-16
1361878859398971394,neutral,0.49789225920557484
1361878862171418624,negative,0.004757157643562101
1361878862259453952,negative,0.00037863991420149565
1361878863685451781,negative,0.21257333126602235
1361878863987412992,negative,0.016787884429364814
1361878864918634501,negative,6.917880812164924e-11
1361878866931814402,negative,0.09151565997391957
1361878867401654276,negative,0.04747891129994188
1361878868349489155,negative,0.03145367404931414
1361878868680794112,negative,0.23988732993880882
1361878869054226432,positive,0.8542368681346015
1361878869851176961,negative,0.0002427910602009645
1361878870291451904,negative,0.028602532372184113
1361878872376160259,negative,0.008410537040639049
1361878872799793153,negative,0.0076627860343016895
1361878873051455492,negative,0.0026137897196443446
1361878874200682496,negative,0.1692461648199643
1361878875379167233,negative,0.026916923620729703
1361878875916148739,negative,0.0038712641655717847
1361878877262524419,negative,5.1750287681499805e-06
1361878877522563074,negative,0.03490537139344192
1361878877753073664,negative,0.01869870988099018
1361878877832941568,negative,0.059746523047891624
1361878878147530759,negative,0.012264430880202402
1361878880848670723,negative,0.2812124665127172
1361878880982810627,negative,0.11315079756609057
1361878884233396225,negative,0.06502500097872087
1361878885500076033,negative,5.037223159632929e-06
1361878885827301376,negative,0.001334428010582135
1361878887416872961,negative,0.12021603373245746
1361878887639244800,negative,0.013880482508218552
1361878887962005505,negative,0.0010002361821155772
1361878887970578434,positive,0.9444606454306671
1361878888385826818,negative,0.018026157949542196
1361878889002369027,positive,0.9779081525615942
1361878890088714243,negative,0.0011273660141492346
1361878890331836416,negative,0.03379891532324992
1361878891753799682,negative,0.022115040833701215
1361878892642922496,neutral,0.4667281207494068
1361878892978589696,negative,0.07192298659144568
1361878893007953922,negative,0.017850304984436027
1361878893544759296,negative,0.001806563073387317
1361878894643658754,negative,0.0002977285144143152
1361878895209897985,negative,0.008061199719809458
1361878895537053697,negative,0.09797448730401104
1361878895780384769,negative,0.10715633970361955
1361878895872651264,negative,0.17110783127166218
1361878896078020609,negative,0.01783695133542891
1361878896120115201,positive,0.9833354477892181
1361878896271118337,negative,0.20291899194318053
1361878896392683522,negative,0.09530948409055756
1361878896468258817,negative,2.330166103975864e-09
1361878896958914560,negative,0.004959303240017096
1361878897378344970,negative,0.0004127514285876195
1361878898401755139,negative,6.040919674697654e-11
1361878899022565388,negative,0.05357457512678084
1361878900809285638,negative,0.09126787907567749
1361878901425905665,negative,0.15506871554626545
1361878901434298372,negative,0.10055271454036803
1361878902357053445,negative,0.0009592143683737593
1361878904269656064,negative,0.0069309985301994285
1361878904642928642,negative,0.0037272221370965126
1361878904781369344,negative,0.0002124389959480032
1361878905712427014,negative,5.872357027345802e-05
1361878906349887499,negative,0.11756839460665358
1361878906748420096,neutral,0.48481419304338763
1361878906815598594,negative,0.004326956302588555
1361878908191338498,neutral,0.4025231129539707
1361878908468146178,negative,0.023971714330724456
1361878910447865856,negative,0.012593957822313285
1361878911601299458,negative,0.17110783127166218
1361878912049967104,negative,0.011106343875148335
1361878912930893825,negative,0.05357457512678084
1361878913505505282,negative,0.00025022798889676764
1361878914117890049,negative,0.09418084068739434
1361878914621128713,negative,0.01241233477651955
1361878914814083072,negative,0.00023203384448548543
1361878916340842499,negative,0.003897934207674265
1361878917372592129,negative,0.0038712641655717847
1361878918601584641,negative,0.00720160272808345
1361878918819627008,negative,0.04479713725512996
1361878918953906186,negative,0.033332223540923286
1361878919566168066,neutral,0.4323510242933817
1361878920262545415,negative,0.001093419475097918
1361878920719646721,negative,0.019989593375312815
1361878921311100928,negative,0.0002146712566289862
1361878921583734786,positive,0.7789900239099247
1361878921646649346,negative,0.08487548209730622
1361878921709518848,negative,0.07846510457427983
1361878923676704770,negative,0.0024265365763960507
1361878925614399490,negative,0.02862850044334376
1361878927191506945,negative,0.23331473445003967
1361878927325683716,negative,0.0005311473147342016
1361878927476748288,negative,0.3046101175466245
1361878927610904579,negative,0.00020130582430730686
1361878928764399619,negative,0.0050849534133989875
1361878930152583175,negative,0.029946387394255404
1361878930257547268,neutral,0.5251083678055524
1361878930387587074,negative,0.24037690887339314
1361878930450505730,negative,0.00020130582430730686
1361878931104821256,negative,0.0032238048628010912
1361878931880763392,negative,0.2079258794586688
1361878933080260608,negative,0.0050849534133989875
1361878933441048577,negative,0.0026137897196443446
1361878933491355648,negative,0.0001783764279215546
1361878935433326596,negative,0.006569630689292784
1361878935676583936,neutral,0.4518924931794885
1361878936800555010,negative,0.26698615160710265
1361878937064800270,negative,0.00013972871056856098
1361878938142846976,negative,0.03501890977918644
1361878940906901507,negative,8.865237543583443e-05
1361878942064529408,negative,2.225883214925287e-05
1361878942475550720,negative,0.00720160272808345
1361878945042472960,negative,0.0012778755973791355
1361878945239621632,negative,0.022115040833701215
1361878946732793856,negative,0.0026137897196443446
1361878949488439298,negative,0.007500716561718452
1361878951761743872,negative,0.002822284901713726
1361878952894074888,negative,0.05357457512678084
1361878953422561286,negative,0.0007019044388367595
1361878953682681858,negative,0.08560974487867468
1361878956144812032,negative,0.016025636984079578
1361878956450795525,negative,0.0018145507610497283
1361878959529590794,negative,0.041350594160695656
1361878959668031488,negative,0.00017991039229404838
1361878960355893252,negative,0.08276079644252901
1361878960657866754,negative,0.04526885811592329
1361878962885042178,negative,0.0003530845795822881
1361878967045812224,negative,0.033194606476668935
1361878973370814470,negative,0.04103364659523573
1361878977313443843,negative,0.013434382290871114
1361878978697580549,negative,0.0660105329417496
1361878979028930561,negative,1.2936507640253172e-05
1361878979087638531,negative,0.05357457512678084
1361878979389640705,negative,0.2287206037784227
1361878979750232070,negative,0.0056305166829000615
1361878980211716096,negative,0.005716637004156381
1361878980618424322,negative,0.05855605991398019
1361878981625135107,negative,0.014410021282987497
1361878982401142784,negative,0.3020135550609068
1361878985257451520,negative,0.023084906354524776
1361878987388108800,negative,0.09530948409055756
1361878988050685955,negative,0.011300045238409148
1361878989229481984,negative,0.0012083863138232774
1361878989778915331,negative,0.013807455330012288
1361878990538100736,negative,0.12693968478489281
1361878990810738689,negative,0.007954388140783968
1361878991678881793,negative,0.1728953783968395
1361878997064376327,negative,0.032377968351464316
1361878998024941568,negative,0.23988732993880882
1361878998305898498,neutral,0.5280695836141819
1361878998716981249,negative,1.2936507640253172e-05
1361879005092335617,negative,0.023150832274050653
1361879006002438144,negative,0.002182449904603047
1361879006912647168,negative,0.05308938670886328
1361879009261473795,negative,3.963280914547515e-06
1361879009374572545,negative,0.006859936298705416
1361879010355990529,negative,0.023854987256047858
1361879010406465541,negative,0.19114615109067562
1361879011593445379,negative,0.06455927335273216
1361879012478361603,negative,0.059746523047891624
1361879013900374022,negative,0.03315903712669002
1361879014277869568,negative,0.013807455330012288
1361879017243164674,neutral,0.4667281207494068
1361879018195320832,negative,0.059746523047891624
1361879020032434178,negative,0.005716637004156381
1361879022515421185,negative,0.017850304984436027
1361879022725181440,negative,4.6311774825849373e-08
1361879024499359747,negative,3.8647050398862195e-08
1361879025015271424,positive,0.93614813110056
1361879026575544322,negative,0.05357457512678084
1361879028521701378,positive,0.954873127285284
1361879028869832704,negative,2.538731068710613e-05
1361879029582856195,negative,0.1418009476490596
1361879030820143111,negative,0.01304077388780902
1361879031180894209,negative,0.009939352472037635
1361879032061566977,negative,0.033486289265289425
1361879032095272960,negative,0.008157976426003641
1361879033806528517,negative,0.010390988315110398
1361879035551354882,negative,0.05357457512678084
1361879036197134338,negative,0.2270916242691431
1361879036994015237,neutral,0.408637760941531
1361879038420213767,negative,0.012932689544902263
1361879038420283392,negative,0.1256469064161899
1361879038885847042,neutral,0.36247754660771764
1361879038915141635,negative,0.021686418669915115
1361879039699378178,negative,0.008781547619020301
1361879041574330373,negative,0.04109181779104877
1361879043570692098,negative,0.00020504086133020443
1361879045672218627,negative,0.006053755697939212
1361879046687240197,negative,0.02439068850856169
1361879048759164930,neutral,0.4667281207494068
1361879051913355266,negative,0.05357457512678084
1361879054509617152,negative,0.028602532372184113
1361879056166354945,negative,0.21257333126602235
1361879056753418249,negative,0.034682236056689415
1361879059232411654,negative,0.06568442921875249
1361879059353993222,negative,3.5216772755926464e-06
1361879060050284547,neutral,0.5531092746135309
1361879062021632001,negative,0.1705196658734365
1361879064387215364,negative,0.23988732993880882
1361879064479477760,negative,0.14005131420298386
1361879064487866368,negative,0.17937812822674068
1361879066589167616,negative,0.010463075458794834
1361879067897774082,negative,0.05357457512678084
1361879068577259521,negative,0.046227600372561024
1361879068753428483,negative,0.21257333126602235
1361879070062104584,negative,0.004757157643562101
1361879070498242563,negative,0.001891183580962971
1361879073212014596,negative,0.002822284901713726
1361879073681793028,negative,0.0021680195765598764
1361879073870524416,negative,0.0006185815429898296
1361879076164796419,positive,0.668964206240212
1361879076303167496,negative,0.1728953783968395
1361879076470882316,positive,0.7789900239099247
1361879076756201475,negative,6.188209169316326e-05
1361879077058134021,negative,0.24490252709612087
1361879077108523010,negative,0.0073688261252194045
1361879079067254785,negative,0.11544081635508753
1361879079960670215,negative,0.000990050929999318
1361879080371589122,negative,9.685544555033043e-05
1361879080686215168,negative,3.562960986856965e-07
1361879080757567488,negative,0.01460810412241391
1361879081885794307,negative,0.017984896579314208
1361879082745679874,neutral,0.383592420803915
1361879083383152643,negative,0.13148355801930742
1361879083643248640,negative,0.28930445208857464
1361879085161578498,negative,0.2668564277732199
1361879085773959171,negative,0.05357457512678084
1361879085866225667,neutral,0.33252887801185055
1361879086579273735,negative,0.0007022342553655268
1361879086583406592,negative,0.0024265365763960507
1361879087342440449,negative,7.689960626854818e-05
1361879087942430720,neutral,0.486660564206817
1361879089070690305,negative,0.026210963983195244
1361879091817951237,negative,0.03838901031456881
1361879091910172673,neutral,0.49789225920557484
1361879092480548865,negative,0.00024532035008592806
1361879092522594304,negative,0.032377968351464316
1361879092526776325,neutral,0.437369725752128
1361879092828766210,negative,3.68809922802269e-07
1361879093126565891,negative,0.09797448730401104
1361879093197885441,negative,0.007244387116467494
1361879094082883584,negative,0.021983480737893652
1361879094305169409,negative,0.061483376775450294
1361879094825213952,negative,0.004086329021375562
1361879095424937990,negative,0.0062899480639258334
1361879097878536197,negative,0.00021427885686067617
1361879098264608770,negative,0.04678270541966506
1361879098872725508,negative,0.026916923620729703
1361879099065700354,negative,0.1629757814740142
1361879099334156289,negative,0.0369566676399756
1361879099418046464,neutral,0.36014310329058447
1361879100844040198,neutral,0.4545904767683513
1361879101259141120,negative,0.0022664764912796137
1361879102488207364,negative,0.0020713833198863366
1361879103616536584,negative,2.678171803827462e-06
1361879104300195842,negative,0.0004922476065097374
1361879104455401482,negative,0.16271602689265202
1361879104820293635,positive,0.8542368681346015
1361879106829357058,negative,8.61845040755312e-05
1361879107429036033,negative,0.003875666399275892
1361879107609505792,negative,0.032377968351464316
1361879107739475970,negative,9.078232306352716e-07
1361879108179877896,negative,0.2196858088448432
1361879109085896704,negative,0.002822284901713726
1361879109136244738,negative,0.013880482508218552
1361879109287223300,negative,4.855561025869869e-13
1361879111535239171,negative,0.020488260069377543
1361879113850638336,negative,0.05817265393155838
1361879114001641473,negative,0.1771791862348512
1361879114366476294,neutral,0.49789225920557484
1361879114844692480,negative,2.1328169277588322e-07
1361879115092099072,negative,0.001133079425850937
1361879115754840065,negative,1.454458915697449e-07
1361879115847135232,negative,0.02023603281778985
1361879117562474497,negative,0.00020130582430730686
1361879117562544129,neutral,0.36014310329058447
1361879117952655360,negative,0.01876420060681046
1361879117986230273,negative,0.0005682575570874796
1361879118665703425,negative,0.015827160026217767
1361879119810674697,negative,0.02023603281778985
1361879120490225667,negative,0.012593957822313285
1361879122352431105,neutral,0.4274047939449264
1361879123317161985,negative,0.09797448730401104
1361879123392659458,negative,0.00028512364604243794
1361879123606528001,negative,0.002284866238558542
1361879124558684162,negative,0.005820839985640748
1361879125250695168,negative,0.01643752504175838
1361879126051876864,negative,0.006859936298705416
1361879127217885184,negative,0.14253048773046617
1361879129004658690,negative,0.1379714623725191
1361879129440870400,negative,0.11579010942057401
1361879129876881412,negative,0.0012024946796120603
1361879130233577475,positive,0.8542368681346015
1361879131139489795,negative,4.678228719159428e-10
1361879131407974402,neutral,0.5136446707795853
1361879131428966400,negative,0.0030169702628354573
1361879131470848004,negative,0.0010214079039590927
1361879131714162689,negative,0.05357457512678084
1361879131936407553,negative,0.05747881618246752
1361879131978428419,negative,0.022115040833701215
1361879132062298112,negative,0.001806563073387317
1361879132825661440,negative,0.005604325898129143
1361879133341515780,negative,8.374169294874021e-05
1361879135321219074,negative,0.034353499813125146
1361879137737207809,negative,0.005049243477471005
1361879138806747141,negative,0.00020130582430730686
1361879139121303553,negative,0.10605360416167782
1361879139318341635,negative,0.23988732993880882
1361879139381374978,neutral,0.5533970533999424
1361879139859521536,negative,0.004767840700264559
1361879139876179968,positive,0.9701835813063873
1361879139960184832,negative,0.0002755312716535823
1361879141037993984,negative,4.075511940932459e-06
1361879141344247811,negative,0.059198686678872056
1361879141616939017,negative,0.2270916242691431
1361879141801467904,negative,0.07381387634661611
1361879142430617600,negative,0.023854987256047858
1361879143596572678,negative,0.022115040833701215
1361879143726649353,negative,0.04747891129994188
1361879143848112132,negative,0.11444244915513263
1361879144401940482,negative,0.023139963450933228
1361879145358188545,negative,0.09059232297646257
1361879145807032320,negative,0.0003019887607823205
1361879146423455750,negative,0.0016241993193356883
1361879149103763456,negative,0.004086329021375562
1361879149321854976,negative,0.0690874900744595
1361879149414146048,neutral,0.36014310329058447
1361879149841944577,negative,0.007255817592405783
1361879151163105281,neutral,0.5209932010848836
1361879151901372416,negative,7.959282162634908e-07
1361879152241102852,negative,0.02181096598997324
1361879152392028165,negative,0.010354269733520058
1361879152660480001,negative,0.00041315151635408026
1361879152694018049,negative,0.21257333126602235
1361879152891224067,negative,0.003063938678352139
1361879153515978764,negative,0.014526650671420147
1361879153587421186,negative,0.005604325898129143
1361879153780215810,negative,0.02222338894017361
1361879153990074369,negative,0.01515860936684964
1361879154849943552,neutral,0.36014310329058447
1361879155634298882,negative,0.000990050929999318
1361879156276006915,neutral,0.4323510242933817
1361879156624158722,negative,3.0788675339060496e-05
1361879156674482176,negative,0.004757157643562101
1361879157823709191,negative,0.00891375960757663
1361879158247292930,negative,3.426020782711348e-05
1361879158322790401,negative,2.5726657146331532e-08
1361879159593594880,negative,0.06693372327754489
1361879161330106372,negative,0.004478927258780815
1361879161393074177,negative,1.155458602262199e-05
1361879162563264512,negative,2.719741002584359e-05
1361879162827464704,negative,0.25158208053717795
1361879163129507848,negative,0.02439068850856169
1361879164064702470,negative,7.951560774772043e-09
1361879164215693315,negative,2.6743284854422935e-09
1361879165226647556,negative,0.0015206839080776074
1361879165784514561,negative,0.001133079425850937
1361879166350671873,neutral,0.4667281207494068
1361879167143469058,negative,0.04526885811592329
1361879167189602305,negative,0.00029700240582768237
1361879167780929544,negative,0.009810496709421173
1361879167818694661,negative,0.00017265216403648695
1361879169760710659,neutral,0.4733760523761983
1361879170725384196,negative,0.017984896579314208
1361879172671545344,negative,0.003063938678352139
1361879173103558657,negative,0.03457314222372281
1361879173267132417,negative,1.209736225654863e-05
1361879173485236225,negative,0.029590328450427493
1361879175913684994,negative,0.2117984940064524
1361879176509345793,negative,0.04526885811592329
1361879177121599488,negative,0.09023176510854186
1361879177192955908,negative,0.0002977285144143152
1361879178816098310,negative,0.0885640614832503
1361879180762357760,negative,7.951560774772043e-09
1361879181001424896,negative,0.06661511644392898
1361879181080977410,negative,0.00020130582430730686
1361879182221991937,negative,0.006859936298705416
1361879182326837250,negative,0.22664324401202743
1361879182523867142,negative,0.007008142414008011
1361879183287152662,negative,0.008594046037127575
1361879183593533441,negative,0.013807455330012288
1361879183660486658,negative,0.023139963450933228
1361879184298106880,negative,0.0916087408224313
1361879185690685443,positive,0.7228705013161616
1361879186244263937,negative,0.050083744007838826
1361879187003432963,negative,0.07800672398898323
1361879187250888705,negative,0.005604325898129143
1361879187624230914,negative,1.2936507640253172e-05
1361879187662008320,negative,0.29797611903559484
1361879187926233089,negative,0.18295850916255363
1361879188018446336,negative,0.005137558717225873
1361879188165304320,negative,0.0024265365763960507
1361879188479881221,negative,1.2936507640253172e-05
1361879189071294467,negative,0.06568442921875249
1361879189419360256,negative,1.9887712863268125e-05
1361879190677651459,negative,0.07192298659144568
1361879191722033158,negative,0.03983031260542193
1361879191768227844,negative,0.05357457512678084
1361879192447639552,neutral,0.41193474847754386
1361879193206853633,negative,0.01869870988099018
1361879194469359617,negative,2.723401077084053e-06
1361879194708422657,neutral,0.35989192783015506
1361879194897121280,negative,0.07192298659144568
1361879195719237635,negative,0.0041604897079766945
1361879195811516416,negative,0.05357457512678084
1361879196809781252,negative,0.0020899506625194674
1361879197661151236,neutral,0.6084843692356606
1361879198936276993,negative,0.04526885811592329
1361879200836239362,positive,0.9997088714815023
1361879203969445895,negative,0.0012778755973791355
1361879206599229441,negative,0.000918674440490147
1361879206716653569,negative,0.10082063368051679
1361879206884306944,negative,0.05357457512678084
1361879207203102725,negative,0.00020130582430730686
1361879208792907779,neutral,0.5625811932284609
1361879208939589634,neutral,0.4667281207494068
1361879210911014916,negative,3.931891039297637e-08
1361879211544354817,negative,1.454458915697449e-07
1361879213264011264,neutral,0.4667281207494068
1361879214463414273,negative,3.5216772755926464e-06
1361879223099678720,negative,0.05357457512678084
1361879224638992390,negative,3.470683229759093e-05
1361879224861270021,negative,0.022901732625165667
1361879228887814154,negative,0.04526885811592329
1361879229026234368,neutral,0.39194959015058095
1361879232289325061,negative,0.09797448730401104
1361879233895817219,negative,0.02023603281778985
1361879234046754823,negative,0.13012028275118281
1361879234067636226,negative,0.13022124799196239
1361879235011506178,negative,0.019779594456796955
1361879238417276928,positive,0.7922769975577183
1361879242234028033,neutral,0.383592420803915
1361879243983122432,negative,3.70444851636747e-05
1361879244259938304,negative,0.09797448730401104
1361879244566122496,negative,0.021513896855955346
1361879245442740224,positive,0.7789900239099247
1361879247032356867,negative,0.004352427852387563
1361879247036567553,negative,0.2637220248508947
1361879247535689728,negative,0.08797738995953856
1361879248219365376,negative,0.21454527611310242
1361879249947222020,negative,0.0018145507610497283
1361879250521841664,neutral,0.5621655332629886
1361879254984781827,negative,0.03842505604831912
1361879255123185667,negative,0.0014630707839703328
1361879255865507841,negative,0.15384651792813187
1361879256352055299,negative,0.0009491062771751266
1361879256519766019,negative,0.0009106924920511882
1361879257853607937,negative,0.0018145507610497283
1361879259569094661,negative,0.013880482508218552
1361879265294381057,negative,0.11510964433225435
1361879268901412865,negative,0.001891183580962971
1361879273917714439,negative,8.184921040047398e-05
1361879274207199234,negative,0.006390372425606752
1361879276291784707,negative,0.00022758342227897468
1361879276958662659,negative,0.050049334934067644
1361879280490319872,neutral,0.47645183724233287
1361879283573096451,negative,0.003511184357252747
1361879286349778945,negative,0.05357457512678084
1361879286697889794,negative,0.006859936298705416
1361879286878261248,negative,0.05357457512678084
1361879288824397825,negative,0.004757157643562101
1361879289050910721,negative,0.0022664764912796137
1361879289323487234,negative,1.2936507640253172e-05
1361879289902346246,negative,8.140136102515033e-05
1361879291449991172,negative,0.14584778566277282
1361879291772952579,negative,0.010680776407679568
1361879291915624450,negative,0.016279801400082564
1361879294402822145,negative,0.0013455476900050582
1361879294457368578,negative,0.05357457512678084
1361879295338102784,negative,0.0031054195439432337
1361879298538434560,negative,0.05357457512678084
1361879300706885633,positive,0.8542368681346015
1361879305584848899,negative,0.13012028275118281
1361879308248219649,negative,0.09797448730401104
1361879308705419264,negative,0.13012123830575806
1361879309368000513,negative,0.003674588992823047
1361879322513014787,negative,0.022115040833701215
1361879323800576004,negative,0.2556082519654582
1361879323888680963,negative,0.0012458453252682964
1361879323901362183,negative,0.11105713477849632
1361879324798967808,negative,0.012005376002110723
1361879325142904833,negative,0.05357457512678084
1361879327244189697,neutral,0.41193474847754386
1361879327353241609,negative,0.06849842208794904
1361879328557047809,negative,0.2270916242691431
1361879329421074434,negative,0.08951207938652915
1361879329878253569,negative,0.05106637002907062
1361879331325292546,negative,0.2432690597467076
1361879332008919044,negative,0.00020130582430730686
1361879333812461578,negative,0.08487548209730622
1361879334663970818,negative,0.0009592143683737593
1361879337365106690,negative,0.002988925608052877
1361879337423675397,neutral,0.49789225920557484
1361879337541267458,negative,2.3178922862435407e-06
1361879338036027399,negative,0.3082327245217659
1361879338497507330,negative,0.06568442921875249
1361879341232054272,neutral,0.5009396838143622
1361879346772905985,negative,7.263681252918724e-06
1361879351428538377,negative,0.22420583782076137
1361879352632344576,negative,0.0003235328154028386
1361879352997208066,negative,0.002988925608052877
1361879355182440452,negative,0.06568442921875249
1361879355404783617,positive,0.9633894245446962
1361879357904457728,negative,0.005586956235353348
1361879359108358144,negative,0.0009491062771751266
1361879359234183170,negative,0.008840107791593103
1361879367945756676,negative,1.011496870437719e-09
1361879368046288897,negative,0.051909196127923996
1361879369573163009,neutral,0.6116370598816296
1361879371645153280,negative,0.23562434052808948
1361879371649331203,negative,0.008157976426003641
1361879373402488832,negative,0.03175381393284488
1361879374249811968,negative,0.0006634983013918844
1361879379295485953,neutral,0.346708467355799
1361879380696334338,negative,0.033496634529330854
1361879381971529730,negative,0.04050699072306139
1361879382218985475,negative,0.0028406668777079644
1361879382827139074,negative,0.0029311105210509483
1361879384983035910,negative,0.004757157643562101
1361879388426493953,negative,0.13646928084302773
1361879390158807041,negative,2.4557300976096997e-05
1361879391383523330,negative,0.01319658541482687
1361879395573649408,negative,0.03680230327726937
1361879396013981696,negative,0.006859936298705416
1361879397293252611,negative,0.007954388140783968
1361879398006329346,negative,0.04678270541966506
1361879401038639104,negative,0.006859936298705416
1361879402846502914,negative,0.0041604897079766945
1361879405770010625,negative,0.002208800445441661
1361879407539937280,positive,0.954873127285284
1361879407636451334,negative,0.002378222447355658
1361879411189051393,negative,0.002822284901713726
1361879412682199042,negative,0.23988732993880882
1361879413277814785,negative,0.04246285201044607
1361879415005663233,negative,9.64756311604451e-07
1361879415903379459,negative,3.5216772755926464e-06
1361879416561754114,negative,0.00023203384448548543
1361879416633180164,negative,0.1728953783968395
1361879417480478722,negative,0.09797448730401104
1361879417497276416,neutral,0.6324917073150543
1361879417979604993,negative,0.03255120382427716
1361879418138984452,negative,0.012264430880202402
1361879418340331523,negative,0.007677279359036295
1361879419103551490,negative,4.0458632810359776e-08
1361879419464392704,negative,0.000918674440490147
1361879419711856640,negative,0.24138596809222568
1361879419892207621,negative,3.962144610941925e-05
1361879422060486656,negative,1.4602636364257266e-12
1361879422807150594,negative,0.00020130582430730686
1361879424900222976,negative,0.018661451619743672
1361879424917000192,neutral,0.36014310329058447
1361879424984092680,negative,0.12582371707492263
1361879426519113728,negative,0.0012461847418759407
1361879426854760452,negative,1.4720904530206196e-06
1361879431338332167,negative,0.016787884429364814
1361879431606718464,negative,0.22142411467369477
1361879431795539969,negative,3.916388936318144e-07
1361879432349306883,negative,0.18795859623648656
1361879432877629441,negative,0.04678270541966506
1361879434668736513,neutral,0.5621655332629886
1361879436057079808,negative,0.0011034285421706298
1361879438070276096,negative,0.0038712641655717847
1361879438917517313,negative,0.04790766750656389
1361879439328612354,negative,0.00137667097188559
1361879439630622721,positive,0.8443401048450347
1361879439743746057,negative,0.031219924419194873
1361879440163295237,negative,0.05357457512678084
1361879442138812416,negative,0.02857715501452219
1361879444055556096,negative,0.00023490449861701833
1361879445200658432,negative,0.004785051258177748
1361879449898213376,negative,0.0017334760948033504
1361879452217663491,negative,0.08487548209730622
1361879453358559238,positive,0.9997088714815023
1361879454100774922,negative,0.15431023254981524
1361879456902692864,neutral,0.437369725752128
1361879458156851201,negative,0.009939352472037635
1361879458471370752,neutral,0.346708467355799
1361879465735905280,negative,0.05357457512678084
1361879465928744963,negative,0.05357457512678084
1361879466952314885,negative,0.01384527856742932
1361879467996581890,negative,0.28930445208857464
1361879468172746753,negative,0.026210963983195244
1361879469590511617,positive,0.8694023517937001
1361879471289155586,negative,0.2270916242691431
1361879475051503618,negative,0.038318010342447834
1361879479484899328,neutral,0.3411848709808351
1361879482576080897,neutral,0.40507988433281555
1361879483410571265,negative,0.15590454891793734
1361879483989561346,negative,0.15582675307124827
1361879484329320448,negative,0.00017265216403648695
1361879485071687680,negative,0.004959303240017096
1361879487592472578,negative,0.006859936298705416
1361879489899229188,neutral,0.5209932010848836
1361879491652571136,negative,1.0195459887486462e-05
1361879497310666752,positive,0.7228705013161616
1361879497558130689,negative,0.021163474256086886
1361879502234804227,negative,0.0026137897196443446
1361879502809350152,neutral,0.5846190691681313
1361879502935134210,negative,0.06815522424954162
1361879504231297024,negative,1.2936507640253172e-05
1361879505829175301,negative,7.838567182827242e-06
1361879506978541576,negative,0.033804987877426175
1361879508018733057,negative,0.08487548209730622
1361879509033766919,negative,0.06341218315438026
1361879509620977666,negative,1.2936507640253172e-05
1361879510229131266,negative,7.263681252918724e-06
1361879511462248451,negative,0.0006634983013918844
1361879511890026499,negative,8.374169294874021e-05
1361879512166793220,negative,1.2936507640253172e-05
1361879512640860161,negative,0.022708803407880496
1361879513139843076,negative,0.05357457512678084
1361879516642226178,negative,0.10493509996246646
1361879519636975617,neutral,0.3403391890910929
1361879520551264257,negative,1.0297747140457822e-05
1361879522589765632,negative,1.2936507640253172e-05
1361879523139198982,negative,4.3696755752137876e-05
1361879523290185728,negative,0.14122887241097817
1361879530147745793,negative,0.002822284901713726
1361879532609953802,negative,0.05357457512678084
1361879532995805184,negative,0.0013455476900050582
1361879533264261121,negative,0.022115040833701215
1361879534346371075,negative,0.0468217707996781
1361879537328488449,negative,0.002201657166961549
1361879539194994689,negative,0.0468217707996781
1361879542462373896,negative,0.2270916242691431
1361879544886685698,neutral,0.5904081907407573
1361879545666748416,negative,0.0040122378121261884
1361879545750695938,negative,0.0007984219747013287
1361879551245250565,negative,3.5216772755926464e-06
1361879552302186501,negative,0.02315055182433907
1361879553367568384,negative,0.23988732993880882
1361879553954746368,positive,0.8486752209075209
1361879556240470021,neutral,0.4640843543965683
1361879556685254656,neutral,0.383592420803915
1361879559977787396,negative,0.00020130582430730686
1361879560011341825,negative,0.008176217733373006
1361879561164656641,negative,0.00020130582430730686
1361879564922798083,negative,0.00720160272808345
1361879565283516417,negative,0.07914158706868349
1361879565736415233,negative,0.16348149048197697
1361879566189551621,negative,0.002086237303569625
1361879567682650113,negative,0.0015761646087024152
1361879570333523969,negative,0.0019366809666907883
1361879572598390790,negative,1.2936507640253172e-05
1361879572644511745,neutral,0.41193474847754386
1361879578973790209,positive,0.8157995629402082
1361879579128983552,negative,0.03071579605302475
1361879579628097539,negative,0.10490050841089574
1361879582836723712,negative,9.576587463705787e-06
1361879583772069893,negative,0.032603769261862
1361879584086581248,negative,1.4897250917464864e-05
1361879584111689736,negative,0.006859936298705416
1361879584510156802,negative,0.22420583782076137
1361879587504930820,negative,0.07723908006447607
1361879587903336450,negative,0.09151565997391957
1361879588444528641,negative,0.23034934112881708
1361879589295824907,negative,0.2270916242691431
1361879589451046913,negative,0.10346597115029324
1361879594886975489,negative,0.05357457512678084
1361879597827174404,negative,0.00029817480747082334
1361879598120775682,negative,0.003970901874489672
1361879598510784516,positive,0.9155019489148106
1361879598905057281,negative,0.0064108565834098425
1361879600213688323,negative,3.3712111480023866e-05
1361879600901611520,negative,1.806193073138655e-08
1361879602197450752,negative,0.013807455330012288
1361879604152201217,negative,0.001092853097018045
1361879604676427776,negative,0.0087700997304632
1361879605578194944,negative,0.0038712641655717847
1361879608006610951,negative,1.7278169857530291e-06
1361879608489050113,negative,0.2661151877949288
1361879609587998721,negative,0.005064691023522173
1361879610368028673,negative,0.0013315051936701118
1361879612083560448,negative,0.005966436144339702
1361879612100206599,negative,0.008157976426003641
1361879612775661568,negative,0.050083744007838826
1361879613505499138,negative,0.024239498532398908
1361879613916520451,negative,0.04526885811592329
1361879615464230912,negative,0.003063938678352139
1361879616185581568,negative,0.09530948409055756
1361879616865116162,negative,0.006859936298705416
1361879617737551872,negative,0.008157976426003641
1361879618261811206,negative,0.0026137897196443446
1361879618354110465,neutral,0.4545904767683513
1361879618798632961,neutral,0.3459411217743327
1361879619209752579,negative,0.05357457512678084
1361879619469778948,negative,0.3029968537174699
1361879620744863745,negative,0.008592441454125462
1361879621101228034,negative,0.0015343017638724213
1361879621915049985,positive,0.8449706451271007
1361879622787289088,negative,0.02439068850856169
1361879622909100034,negative,0.04526885811592329
1361879624385519618,negative,3.114264427806508e-06
1361879625274638338,negative,0.004767840700264559
1361879625488474116,negative,0.00457103083354667
1361879625828335623,negative,0.11579010942057401
1361879625866088450,neutral,0.5389667627337374
1361879625903857666,negative,3.5216772755926464e-06
1361879626784604169,negative,0.03432006957056042
1361879628034437125,positive,0.9785611433368351
1361879628525240321,negative,0.1287802280079519
1361879629766696962,negative,0.015588462689835316
1361879631775690752,negative,0.0007561883652324563
1361879632736358402,negative,0.00015096421758854718
1361879633600405511,negative,0.02303560624538249
1361879634061656067,negative,0.16348149048197697
1361879634527350786,positive,0.9566871126165171
1361879636070850563,negative,0.023075944015281635
1361879637220016131,negative,0.0019956148615700737
1361879637245235202,negative,0.001551765509680939
1361879637601697794,negative,0.03516151577026775
1361879637681270791,negative,0.0011273660141492346
1361879638511878144,negative,5.524636877511817e-05
1361879638687903747,negative,0.05357457512678084
1361879639115915269,negative,0.05357457512678084
1361879639883280384,negative,0.022497880380245437
1361879640026054659,negative,0.004086329021375562
1361879641242370049,negative,0.051909196127923996
1361879641322102791,negative,8.479297222396175e-05
1361879642995634177,positive,0.7789900239099247
1361879643557658625,negative,0.00010830121197705926
1361879643586969602,neutral,0.36014310329058447
1361879644660768772,negative,0.0037777057052380066
1361879646233649153,negative,6.358529510927e-05
1361879647173107712,positive,0.7789900239099247
1361879647332540416,negative,0.0884199172248835
1361879647416385538,negative,0.004757157643562101
1361879648272056321,negative,0.000990050929999318
1361879649626775557,negative,0.03983031260542193
1361879650553757698,negative,2.7284875081079537e-06
1361879651535249413,neutral,0.49789225920557484
1361879651598168065,negative,0.02315055182433907
1361879652034351108,negative,0.1442571837118117
1361879652059525120,negative,0.004959303240017096
1361879652726374400,negative,0.00017143300941425624
1361879652923400192,positive,0.9844334079938465
1361879652961292288,positive,0.9259815607928116
1361879652965502978,neutral,0.3708879529546514
1361879653129060352,negative,0.0018145507610497283
1361879654211141633,negative,0.0062899480639258334
1361879654311874561,negative,0.023150832274050653
1361879654374727680,negative,8.156191650914465e-05
1361879654966116354,negative,0.00020130582430730686
1361879655448518656,negative,9.49901558700279e-06
1361879655494471683,negative,0.2270916242691431
1361879655675011073,negative,0.0036542992359395766
1361879655767179264,negative,0.048325234289756734
1361879657755344896,negative,0.03490537139344192
1361879657860136961,negative,0.08310731648770045
1361879658791329793,negative,0.011530502388091609
1361879660452274178,negative,0.004086329021375562
1361879660523626502,neutral,0.3497338037277034
1361879660984999936,negative,3.6860439106232884e-05
1361879661593124865,negative,0.033194606476668935
1361879661664366592,neutral,0.5753831087314336
1361879663077953538,negative,0.16805453198342898
1361879663925227520,negative,0.14122887241097817
1361879663967100928,negative,0.0007984219747013287
1361879664873111552,negative,9.405553330386685e-05
1361879665502167047,negative,0.0008261947519293194
1361879668132098048,negative,0.0009563141215365408
1361879668610187265,negative,1.2936507640253172e-05
1361879669063094276,negative,0.003970901874489672
1361879670426320897,neutral,0.5209932010848836
1361879670753525760,negative,0.000990050929999318
1361879671797932034,negative,0.037375401833578965
1361879672611479552,negative,0.008342079787923106
1361879672724799490,negative,0.07214598436989786
1361879674301919234,negative,0.000990050929999318
1361879677158240257,negative,0.017984896579314208
1361879677816754179,neutral,0.49789225920557484
1361879678005501955,negative,0.05357457512678084
1361879679209250816,negative,0.018098289369118514
1361879681113481220,negative,1.7364658689391416e-07
1361879684737232897,negative,0.001970804497377146
1361879684783439875,negative,0.014410021282987497
1361879685949440001,negative,0.2270916242691431
1361879686100434946,negative,0.09151565997391957
1361879686188572674,positive,0.8440740621694243
1361879686242967556,negative,0.011106343875148335
1361879686763134979,negative,0.012593957822313285
1361879689518845955,negative,0.09797448730401104
1361879689741148163,negative,3.1873081759187824e-05
1361879690990948354,negative,0.005303989465459191
1361879692291276800,negative,0.15532794220890897
1361879693415317504,neutral,0.5846190691681313
1361879696103911426,negative,0.22741646282523326
1361879696334614528,negative,0.05357457512678084
1361879698687614983,negative,0.008018758544048014
1361879699841028100,negative,7.951560774772043e-09
1361879701535481857,negative,0.006859936298705416
1361879702659604487,negative,0.19505045247487054
1361879706870681601,negative,0.06568442921875249
1361879708271575043,negative,0.06568442921875249
1361879709538131968,negative,0.017984896579314208
1361879710733590532,positive,0.6824837810859113
1361879714768375814,negative,0.2270916242691431
1361879717779894276,negative,0.2270916242691431
1361879718216273923,negative,0.0012825224260907923
1361879718450974720,negative,0.006859936298705416
1361879718837026822,negative,0.0087700997304632
1361879719000625155,negative,0.05357457512678084
1361879719625584648,negative,0.11507110715981334
1361879720153862149,negative,0.00020130582430730686
1361879720980148226,negative,0.00011093442582036136
1361879721202614272,negative,0.0041604897079766945
1361879722377031685,negative,0.00020130582430730686
1361879726747496449,negative,0.00027585667296755586
1361879726856560642,negative,3.470683229759093e-05
1361879728093880320,negative,0.22695773199677524
1361879730455109632,negative,0.00020130582430730686
1361879730526580736,negative,0.0035426750047825666
1361879736570568704,negative,9.64756311604451e-07
1361879738994819073,negative,0.005314036913586103
1361879739011534854,negative,0.032377968351464316
1361879739917598727,negative,0.008157976426003641
1361879740269924352,neutral,0.38725710591031876
1361879740743880705,negative,0.05357457512678084
1361879745248391169,negative,0.03222818308134103
1361879746322128897,negative,0.21257333126602235
1361879746620063745,negative,0.0039623719558410505
1361879747920281603,negative,0.01190654301086955
1361879748067139587,negative,0.043703385511204416
1361879748083806208,negative,0.05357457512678084
1361879750910869505,negative,0.1902468900431735
1361879751179177993,neutral,0.4640843543965683
1361879753305829376,negative,0.09151565997391957
1361879753322602496,negative,0.00010075577805108141
1361879753624584193,negative,0.2471051277119641
1361879755478495233,negative,1.0940377074391238e-06
1361879757370101760,negative,0.0006208307475301257
1361879759400153091,negative,0.12226184260577197
1361879759769264129,negative,0.013812504468133742
1361879760264167425,neutral,0.4896658094840433
1361879763258810368,negative,0.017984896579314208
1361879763883761666,negative,0.15725650457246618
1361879764110295042,negative,0.10779470608538386
1361879766073278464,negative,0.0026137897196443446
1361879769516769281,negative,0.07323238268373612
1361879769831333894,negative,3.165412148546894e-07
1361879772301819908,negative,0.04526885811592329
1361879772377317377,negative,0.05357457512678084
1361879774742855683,negative,0.00020130582430730686
1361879775825035264,negative,0.11507110715981334
1361879780031889409,negative,0.023687884022805847
1361879780971450368,negative,0.004757157643562101
1361879782586277888,negative,7.618265693996751e-09
1361879785551654917,negative,0.05357457512678084
1361879785681608704,negative,0.05205645563683465
1361879788307283973,negative,3.470683229759093e-05
1361879788743458820,negative,0.05032832196625731
1361879790450405378,negative,0.007954388140783968
1361879792396754945,negative,0.0006634983013918844
1361879792887476224,negative,0.0004750290973408381
1361879792962859011,negative,1.2936507640253172e-05
1361879793696993280,negative,0.0018145507610497283
1361879793751449600,negative,0.23988732993880882
1361879793944436746,negative,5.980307692841076e-08
1361879794430976000,negative,9.858876222671818e-05
1361879795404005381,negative,0.12200904501969839
1361879797467652102,negative,0.3029968537174699
1361879799552040963,negative,0.004711532918898615
1361879800449818628,negative,0.0008010792140070876
1361879800999206914,negative,0.0011109331468057047
1361879803377442819,negative,0.23562434052808948
1361879803729739776,positive,0.8564554710323602
1361879803964522497,negative,0.00753708168788798
1361879806233763845,negative,0.000990050929999318
1361879806594408450,negative,0.0009959151834037273
1361879807441522688,negative,4.20998995429627e-08
1361879807789826048,negative,0.01783695133542891
1361879808603545600,negative,0.001551765509680939
1361879809073287173,neutral,0.4545904767683513
1361879809220083716,negative,0.00896998547158379
1361879810390245382,negative,0.057486312940207625
1361879810654560257,negative,0.1224912896954097
1361879811627642881,negative,0.03490537139344192
1361879812353130502,negative,0.005248896538000656
1361879812537790464,positive,0.720385791119503
1361879813083041796,negative,0.2864145558920463
1361879814744002564,negative,0.09797448730401104
1361879815062659072,negative,0.0003604513980418139
1361879815851298816,negative,0.10715633970361955
1361879816463519747,neutral,0.3505730031339304
1361879818451623937,negative,0.011530502388091609
1361879818619469826,negative,7.263681252918724e-06
1361879819114459137,negative,0.08941844409604452
1361879819747786754,negative,0.001891183580962971
1361879822083973120,negative,0.12607353463440418
1361879823019245568,negative,0.051909196127923996
1361879823816282116,negative,0.0024192668930649768
1361879824487301120,negative,1.2936507640253172e-05
1361879825301073921,negative,0.0013012529240149671
1361879826051657732,negative,0.023139963450933228
1361879827385442304,neutral,0.3505730031339304
1361879827385618448,negative,3.114264427806508e-06
1361879828400586752,negative,0.007954388140783968
1361879829948301312,negative,0.01643752504175838
1361879830279589893,negative,0.012238323406394268
1361879830938157056,negative,0.007954388140783968
1361879830963367938,negative,0.11544081635508753
1361879830980042756,negative,0.00024292619579313076
1361879831860842500,negative,0.023139963450933228
1361879833127616514,negative,0.016913863642653758
1361879835283398659,negative,0.05357457512678084
1361879836541784064,negative,0.0076627860343016895
1361879837204357123,negative,0.023139963450933228
1361879837464494080,negative,0.09530948409055756
1361879838039154690,negative,9.201976532490084e-07
1361879838122942464,neutral,0.3505730031339304
1361879839234490369,negative,0.09058112324565559
1361879839259697155,negative,0.000990050929999318
1361879839662239744,negative,0.05308938670886328
1361879839733653506,negative,0.001891183580962971
1361879839809015810,negative,0.08266061109434739
1361879841839153152,negative,0.175786860515388
1361879842388590593,negative,0.019989593375312815
1361879842896101378,negative,0.012100029205263107
1361879842912878598,negative,0.0007449749825635989
1361879842921328642,negative,0.010390988315110398
1361879842933899267,negative,0.1728953783968395
1361879843005169664,negative,0.2798947313077043
1361879845475676162,positive,0.7260915554293396
1361879845748285445,negative,0.0010486909583283383
1361879846008274946,negative,7.263681252918724e-06
1361879849510588418,negative,0.12579053327155038
1361879850064216067,negative,0.004723097064745778
1361879850529792000,negative,0.0001124802973192231
1361879850609483777,positive,0.7789900239099247
1361879850861133825,negative,0.016110347994777504
1361879851305590786,neutral,0.3505730031339304
1361879851599298564,negative,2.6731767237321756e-05
1361879852396126211,negative,5.719023233241002e-06
1361879853495156737,negative,0.012593957822313285
1361879854048636932,negative,0.2270916242691431
1361879854615048192,negative,0.0002979253903337509
1361879854967369732,negative,8.374169294874021e-05
1361879854984159235,negative,0.24138874503440758
1361879855013502977,negative,0.018026157949542196
1361879856464625664,positive,0.9779081525615942
1361879857521717249,negative,0.004086329021375562
1361879857840463873,negative,1.404354449424273e-06
1361879857932591109,neutral,0.3958277100863295
1361879857987207170,negative,0.00011347134927974044
1361879858201042946,negative,0.03822162174034726
1361879858595434497,negative,0.0014559392152529215
1361879859014889473,negative,0.16797575057930084
1361879859513933825,negative,0.1771791862348512
1361879860440883200,negative,0.010686554670710936
1361879860705026048,negative,0.004086329021375562
1361879861963423744,neutral,0.48481419304338763
1361879863871823874,negative,0.06679650817978414
1361879864169627650,negative,0.008157976426003641
1361879864492630016,neutral,0.42751476324057247
1361879865071448070,negative,0.0001193898709826936
1361879865507655685,negative,0.01620922304831521
1361879867588042758,negative,0.2572021438370705
1361879868321923074,negative,0.004478927258780815
1361879868783353859,negative,1.2741211006983214e-06
1361879868820967429,negative,0.0018145507610497283
1361879870842757124,negative,0.15771531838317512
1361879871207608323,negative,0.23080091386908652
1361879872042377222,negative,0.005064691023522173
1361879872503746563,negative,0.013434382290871114
1361879873552338945,negative,0.02862850044334376
1361879873636216836,negative,9.64756311604451e-07
1361879873762045952,negative,0.006569630689292784
1361879874642661378,neutral,0.3505730031339304
1361879875863347201,negative,0.004757157643562101
1361879875913740289,negative,3.873020016183998e-05
1361879878317015041,negative,0.009939352472037635
1361879880355303426,negative,0.033486289265289425
1361879881685024770,negative,2.330166103975864e-09
1361879883572469762,negative,0.013807455330012288
1361879885585735685,negative,4.481400929552519e-05
1361879885665419264,negative,0.0068851673250851795
1361879889977118720,neutral,0.3505730031339304
1361879892216930307,neutral,0.346708467355799
1361879893458513920,negative,0.004757157643562101
1361879894414786563,negative,0.05357457512678084
1361879895417253893,neutral,0.4226408704156019
1361879896654573570,negative,0.21082771510953308
1361879900525895684,negative,0.054261507286053265
1361879901989650433,neutral,0.49789225920557484
1361879902421680131,negative,0.03108900539825365
1361879904162353156,negative,0.1260254551687073
1361879905156366336,negative,0.08560974487867468
1361879908058816512,negative,4.1011749923846e-05
1361879909715636224,negative,0.05357457512678084
1361879910038568960,negative,0.004757157643562101
1361879910986440709,negative,0.006859936298705416
1361879911103873028,negative,0.032377968351464316
1361879911707914243,negative,0.0020899506625194674
1361879912391524352,negative,0.000918674440490147
1361879912651624451,negative,0.020093090962703758
1361879913670864896,negative,0.08276079644252901
1361879913817649154,negative,0.032377968351464316
1361879914429837315,negative,1.2936507640253172e-05
1361879914501312512,negative,0.12320819048990124
1361879916107726848,negative,0.0069977113279204506
1361879918334869509,negative,0.05357457512678084
1361879918406078467,negative,3.355457233302916e-05
1361879921023475717,negative,0.032377968351464316
1361879922990546944,negative,0.006536266526461944
1361879924370518016,negative,0.020274671719451798
1361879925779759106,negative,0.0036870311138515093
1361879926987755522,neutral,0.46010103845823863
1361879927121973248,negative,0.0017910071461701778
1361879928799715329,negative,0.010680776407679568
1361879932557795328,negative,0.05357457512678084
1361879935166611456,neutral,0.49789225920557484
1361879935804051459,negative,0.2270916242691431
1361879938136178690,neutral,0.5621655332629886
1361879939012771841,negative,0.06551739250341565
1361879939906232322,negative,0.004757157643562101
1361879940375990279,negative,0.23988732993880882
1361879942640893952,negative,0.2197975164461288
1361879944113119233,negative,0.00017132292893504944
1361879944582815747,negative,0.017850304984436027
1361879946906521600,negative,0.005854886164562234
1361879949343404043,negative,0.08865844426661175
1361879953365630976,negative,0.0002755312716535823
1361879955139923972,negative,0.0008380912841211009
1361879955643060227,negative,0.00020130582430730686
1361879956356235264,negative,0.05931198351197742
1361879958021419009,negative,0.02303560624538249
1361879958143008768,neutral,0.5531092746135309
1361879958151340033,neutral,0.5205407559585987
1361879961804681218,negative,0.05357457512678084
1361879962312200195,negative,0.042090164203138276
1361879965826908165,negative,0.07699666720720659
1361879966103851012,neutral,0.5621655332629886
1361879966573621248,neutral,0.36816491682518465
1361879968767217671,negative,0.0006135657598634511
1361879972013514752,neutral,0.408637760941531
1361879973905248257,negative,0.00015096421758854718
1361879974735712258,positive,0.7952366865424576
1361879975796817924,neutral,0.49789225920557484
1361879977432670208,negative,0.0005682575570874796
1361879979856920579,negative,0.11507110715981334
1361879981035552772,neutral,0.346708467355799
1361879982893588480,negative,0.00020902908670386211
1361879983061413891,negative,0.0069977113279204506
1361879983627460616,negative,0.1647378382293729
1361879985183547393,positive,0.9997088714815023
1361879988216213509,negative,0.012264430880202402
1361879990208405504,negative,0.0003295090265542264
1361879992615976960,negative,4.654478642986655e-06
1361879993324773378,negative,0.0022664764912796137
1361879993995956226,negative,0.09151565997391957
1361879997581959169,negative,0.008157976426003641
1361879999696011264,neutral,0.5904081907407573
1361880000836866050,negative,4.0458632810359776e-08
1361880001105321984,negative,0.0038712641655717847
1361880004834033667,negative,0.00027585667296755586
1361880005828112385,negative,0.19764706732251713
1361880005941161985,negative,0.020069275666744036
1361880007208009728,negative,3.057671093117155e-09
1361880007279312898,negative,0.2719183686992666
1361880009548333057,negative,0.30408725248470075
1361880010123051009,negative,0.06455927335273216
1361880010899009536,negative,0.10190330507068142
1361880012161441797,negative,0.00020130582430730686
1361880016158621700,negative,0.22420583782076137
1361880016263471104,negative,0.05357457512678084
1361880018356469767,positive,0.954873127285284
1361880018926854146,negative,0.09151565997391957
1361880019539136512,negative,0.0021935374313142974
1361880019614765056,negative,0.25289925531169644
1361880020910821376,negative,0.2761036621779638
1361880022018109442,negative,0.01869870988099018
1361880025461641216,negative,0.005771336508332041
1361880026128539648,negative,0.25086885752512766
1361880028938575884,negative,0.12710074349086004
1361880030998007815,negative,3.796525502408362e-06
1361880035473432578,negative,0.2598407968380923
1361880037939703809,negative,0.0012083863138232774
1361880039105642497,neutral,0.346708467355799
1361880039952945152,negative,0.004086329021375562
1361880042784104448,positive,0.7526863718164255
1361880043186716676,neutral,0.49789225920557484
1361880043299995651,neutral,0.5136446707795853
1361880043769769987,negative,0.004086329021375562
1361880043941584897,negative,5.219183497409914e-05
1361880044121939973,negative,0.05357457512678084
1361880044793126912,negative,0.001891183580962971
1361880045283901440,negative,0.0011845310884072906
1361880045644623872,negative,0.2287206037784227
1361880046437232640,negative,0.27309050856973577
1361880046877687812,negative,0.12774335157087038
1361880046990893056,negative,0.05357457512678084
1361880047334866944,neutral,0.35362277955607824
1361880050514227200,negative,0.015588462689835316
1361880050975531009,neutral,0.4083289334275003
1361880050975576065,neutral,0.4545904767683513
1361880051193696258,negative,0.002822284901713726
1361880051650805761,positive,0.9993984031737153
1361880052011573250,negative,0.0009286375633135558
1361880053114671104,negative,1.404354449424273e-06
1361880053123006465,negative,3.952550572035514e-05
1361880054574292995,negative,0.004086329021375562
1361880054796611592,negative,0.000990050929999318
1361880054918246401,negative,0.12218275348144898
1361880056293847042,neutral,0.4985928500860049
1361880056700796929,negative,0.07931461890189807
1361880056776314887,negative,0.0029124813807416172
1361880057413853184,positive,0.6990333581335987
1361880058298851330,neutral,0.39713093067806526
1361880060395945986,negative,0.037209146369517276
1361880060857352192,negative,0.0037922479818963996
1361880061008367619,negative,0.05357457512678084
1361880062505623557,negative,0.00020772758046010527
1361880063612870663,negative,0.0001400139322507217
1361880063852093441,negative,0.12774335157087038
1361880064145686528,negative,0.006025199969989119
1361880064451895304,negative,0.004757157643562101
1361880065064259586,negative,3.114264427806508e-06
1361880065563361289,negative,0.012408488002127965
1361880066284740611,negative,0.1084951265693784
1361880069770272770,negative,0.05357457512678084
1361880070139224068,negative,0.0007984219747013287
1361880071338926080,negative,0.04028707143068538
1361880074463698944,negative,0.00020130582430730686
1361880075738771459,negative,0.05205645563683465
1361880078020411398,negative,0.09988409880788611
1361880080797032455,positive,0.954873127285284
1361880080834719746,negative,0.05357457512678084
1361880082260905990,negative,0.1379052104645031
1361880084844605444,negative,0.2287206037784227
1361880085159051265,neutral,0.5846190691681313
1361880085448515586,negative,0.13187259990833236
1361880085477818373,negative,0.09151565997391957
1361880091303632904,negative,0.16110835016267994
1361880092373356551,neutral,0.3676422012301863
1361880093937795073,negative,0.0012825224260907923
1361880095816826881,negative,5.528634000081107e-09
1361880097528111105,negative,0.05357457512678084
1361880102905274370,negative,0.00018139869528293744
1361880105912586246,negative,1.860761828181878e-05
1361880109939126275,neutral,0.49789225920557484
1361880116146692098,negative,0.05106637002907062
1361880117044121605,negative,0.03145367404931414
1361880121251147777,negative,0.09797448730401104
1361880121666379776,negative,0.0949697281698562
1361880122463309824,neutral,0.6190173780627386
1361880124421906437,neutral,0.408637760941531
1361880124510121985,negative,0.0009080084501668257
1361880124568842242,negative,0.001891183580962971
1361880124854042626,negative,0.00462631625824325
1361880125306888199,negative,0.058435685435484615
1361880125546070017,negative,0.11389072041584207
1361880126670135297,negative,0.004757157643562101
1361880132173107201,negative,0.07102364675937975
1361880133288738818,negative,0.05357457512678084
1361880136300298240,negative,0.032377968351464316
1361880136375820291,negative,0.013807455330012288
1361880137076068358,negative,0.0010135391573495229
1361880137118187523,negative,0.0050682401559444396
1361880137311145990,negative,0.09788594872226708
1361880138724618243,negative,0.00020130582430730686
1361880144370106369,negative,0.006859936298705416
1361880146316169220,negative,7.951560774772043e-09
1361880146442129410,positive,0.7228705013161616
1361880147331325952,negative,0.09530948409055756
1361880150015696896,negative,0.05357457512678084
1361880150812590083,negative,0.11544081635508753
1361880151542272010,negative,0.005461337699871241
1361880155694764033,negative,0.006025199969989119
1361880155895988228,positive,0.9566871126165171
1361880163554893833,positive,0.7228705013161616
1361880166432186368,neutral,0.5398056149664772
1361880168466423809,negative,0.10366650515906842
1361880169204490240,negative,0.23988732993880882
1361880170869653504,negative,0.2270916242691431
1361880171331129349,negative,0.00041967148725880545
1361880172018958337,negative,0.002988925608052877
1361880172904009731,negative,0.05357457512678084
1361880173189160960,negative,0.09530948409055756
1361880173604315139,negative,0.0018145507610497283
1361880175399604224,negative,0.081779458283067
1361880179593871369,negative,0.07944812927764905
1361880181900775426,negative,0.04037536170962743
1361880182173360130,negative,7.263681252918724e-06
1361880182294859780,negative,0.2270916242691431
1361880184039833606,negative,3.963280914547515e-06
1361880184253784075,neutral,0.35362277955607824
1361880186086711296,negative,8.373754620919552e-05
1361880188133531663,neutral,0.3411848709808351
1361880189320515585,negative,0.0006191405840349932
1361880189479845890,neutral,0.37632302388905625
1361880190260023297,positive,0.9566871126165171
1361880192596213762,neutral,0.3411848709808351
1361880193967751168,negative,0.0877542568396517
1361880196908003330,negative,0.3065077932362409
1361880199311335427,negative,0.013880482508218552
1361880199621730311,negative,7.752130399430308e-05
1361880201316208640,negative,0.0038712641655717847
1361880201978925059,negative,0.02862850044334376
1361880203258175491,negative,1.2936507640253172e-05
1361880204797349899,negative,0.11379771586896333
1361880204956770305,negative,0.008157976426003641
1361880206605221888,negative,0.016110347994777504
1361880207951466498,negative,3.412242813828346e-05
1361880208459108354,negative,0.0018197566354621346
1361880208563912705,negative,0.03680230327726937
1361880211097333762,negative,0.06188809982595996
1361880213253152772,negative,0.06568442921875249
1361880214024974337,negative,0.02023603281778985
1361880215144853506,negative,6.451508402893109e-07
1361880218319880196,negative,0.02439068850856169
1361880218986827778,negative,0.003807355552709479
1361880220266037248,negative,0.002406368237562796
1361880222736539648,positive,0.954873127285284
1361880225949380612,positive,0.8564554710323602
1361880227165650944,neutral,0.46127768308170247
1361880228302376962,negative,0.2287206037784227
1361880230781210632,negative,0.22420583782076137
1361880231695560706,negative,0.0006634983013918844
1361880231951368197,negative,0.006426218211711938
1361880233251663872,neutral,0.49789225920557484
1361880233406828548,negative,0.05413170782706402
1361880233788534784,negative,0.02315055182433907
1361880236338548737,negative,0.00020130582430730686
1361880237605351428,negative,0.05357457512678084
1361880238687404034,negative,0.04526885811592329
1361880241019498497,negative,0.002086237303569625
1361880241652723716,negative,0.026916923620729703
1361880244345577472,negative,0.002822284901713726
1361880245524189184,negative,0.006859936298705416
1361880245670969346,negative,0.00020130582430730686
1361880246648193024,negative,1.870477056029289e-11
1361880248543899652,negative,0.0007984219747013287
1361880252667035651,negative,0.046227600372561024
1361880253128269829,negative,0.11544081635508753
1361880253421993991,negative,0.0872996074995733
1361880253921116161,negative,0.25674356956917044
1361880254130847744,negative,1.454458915697449e-07
1361880254172774400,negative,0.18598802602580827
1361880256550903808,negative,0.017984896579314208
1361880257725304834,negative,0.00020130582430730686
1361880257742127107,negative,0.29543909049246575
1361880263320621063,negative,9.631583398984075e-06
1361880264821993475,negative,0.00020130582430730686
1361880265887535105,negative,0.051909196127923996
1361880266692780032,negative,0.0013597246314140036
1361880266772463617,negative,0.01379957957586366
1361880266864791552,negative,0.002378222447355658
1361880267825242114,neutral,0.41255628797487864
1361880268550926337,negative,0.19576051584226958
1361880271138791428,negative,0.09530948409055756
1361880273063997446,negative,0.11544081635508753
1361880276637515778,neutral,0.4505116904708701
1361880278973755397,negative,0.001363782482016651
1361880279216971777,negative,0.02811768481343112
1361880279858745346,negative,0.0069977113279204506
1361880282203377667,negative,3.2180157037713313e-12
1361880285751750657,negative,3.470683229759093e-05
1361880289820221442,negative,0.0012887614483803353
1361880290034135040,negative,1.3207682237352076e-06
1361880290432610305,negative,0.01897503153493638
1361880292353523714,negative,0.013255239653530001
1361880292470845440,negative,0.013880482508218552
1361880293674803209,negative,0.05357457512678084
1361880295750971394,negative,0.008157976426003641
1361880296086401035,negative,0.00031824236840200166
1361880296736620547,neutral,0.3685943945839147
1361880298200440832,negative,0.04566932072925678
1361880299609739265,neutral,0.5209932010848836
1361880300637274115,negative,0.013807455330012288
1361880302302490624,neutral,0.48061219287488127
1361880306966355970,negative,0.001303279348788714
1361880307042037760,negative,0.22695773199677524
1361880307868254208,neutral,0.5342040278944793
1361880307948007428,negative,2.8720651922451577e-08
1361880308732358659,negative,0.033496634529330854
1361880309600509960,negative,0.0013135899716463216
1361880309759766531,negative,0.004757157643562101
1361880311680925696,negative,0.09530948409055756
1361880313820045315,negative,0.1990955711527771
1361880314075701252,negative,0.21257333126602235
1361880314814070788,negative,0.012593957822313285
1361880316194025473,positive,0.8074410485362107
1361880317720727554,negative,0.05357457512678084
1361880317792055301,negative,7.884151719067176e-08
1361880323110371329,negative,0.007087156121662381
1361880324528091146,negative,0.00010075577805108141
1361880324842655746,neutral,0.49789225920557484
1361880325715034115,negative,0.015220784677949198
1361880326901886977,negative,0.003963994962915118
1361880327711514626,negative,4.87973802022812e-14
1361880330790047754,negative,0.012593957822313285
1361880331205439493,negative,0.21257333126602235
1361880331981324290,negative,0.00703442822418813
1361880332857933827,negative,0.13094219395485018
1361880335169052676,negative,0.05357457512678084
1361880336129531906,negative,0.00424899509133177
1361880336242720768,negative,0.22695773199677524
1361880336322428929,negative,0.03051559218468634
1361880340143480835,neutral,0.592600621440815
1361880340189630464,positive,0.962673008582339
1361880340877381633,neutral,0.49789225920557484
1361880341011517443,neutral,0.5136446707795853
1361880342446112768,negative,0.003970901874489672
1361880344366960644,negative,0.007858042678027045
1361880345591873543,negative,3.5269043181490946e-05
1361880346795589633,negative,0.24581536692869518
1361880348544688129,negative,0.031026317980786783
1361880351585554434,negative,0.013880482508218552
1361880358615191554,negative,0.05357457512678084
1361880360863285250,negative,0.01249972553855605
1361880364231372803,negative,0.02023603281778985
1361880365519011841,neutral,0.5342040278944793
1361880365858775044,negative,0.06372861162536796
1361880366399725571,negative,0.0018145507610497283
1361880366546583554,negative,0.006859936298705416
1361880367649730560,negative,0.08615019002519037
1361880369499435013,positive,0.9785611433368351
1361880371110039553,neutral,0.4894886660404289
1361880372036964353,negative,0.029722762497409357
1361880372980699138,negative,0.005303989465459191
1361880376298332163,negative,0.03980719228908091
1361880377242120192,positive,0.8542368681346015
1361880378764652545,negative,1.4639121700428885e-05
1361880379792240641,negative,0.022323573652540573
1361880382615003136,negative,0.0087700997304632
1361880387773956096,negative,0.014410021282987497
1361880389128753154,negative,0.006859936298705416
1361880390034747397,negative,7.263681252918724e-06
1361880390454153217,negative,0.000962004838053672
1361880392781987845,negative,3.989716009246792e-06
1361880394468110336,neutral,0.35362277955607824
1361880395042615301,negative,0.014410021282987497
1361880396733050882,positive,0.954873127285284
1361880396917596161,negative,3.258183587943616e-07
1361880398779854851,negative,1.2936507640253172e-05
1361880399073456128,negative,0.005184480212421963
1361880399501213697,negative,0.006859936298705416
1361880400830877699,negative,0.11631077212269345
1361880402013523970,negative,0.00020130582430730686
1361880402718314496,negative,0.032377968351464316
1361880404211433474,negative,6.365118808363507e-14
1361880404588785670,negative,0.02439068850856169
1361880405889208324,negative,0.18446367032329125
1361880406044278787,negative,0.00012432289069951808
1361880408183496706,negative,0.0023880424734779226
1361880410523906049,negative,0.05357457512678084
1361880412453232648,positive,0.9881320925101074
1361880413128585217,negative,3.5216772755926464e-06
1361880413392801794,negative,0.0003076056962548066
1361880413678010372,negative,0.23988732993880882
1361880414223228928,negative,0.003560558423302975
1361880416689479685,negative,0.05357457512678084
1361880417801015296,negative,0.035832760791353856
1361880418048495618,neutral,0.5648950696901264
1361880419310911488,negative,0.061483376775450294
1361880430924988417,negative,0.005314036913586103
1361880431184994304,negative,0.038261504905116483
1361880432250290179,positive,0.9566871126165171
1361880438806093830,negative,5.079098139274615e-05
1361880439628177408,negative,0.0006930093049278704
1361880439821127680,negative,0.01581852242144625
1361880442983641090,negative,0.003970901874489672
1361880443403071490,negative,0.004757157643562101
1361880444896235523,negative,0.0005138764758652554
1361880445454077953,neutral,0.4813987335791494
1361880446653595651,positive,0.93614813110056
1361880449404952576,negative,1.2936507640253172e-05
1361880453846880259,negative,0.027256912825905494
1361880455247724544,negative,0.00021832252246377324
1361880457437151236,negative,1.6208451995626925e-08
1361880457831407618,negative,0.17143941624686013
1361880460020895745,negative,0.026210963983195244
1361880460201230344,neutral,0.5209932010848836
1361880460830375937,negative,0.0010999853964459322
1361880460830388225,negative,2.330166103975864e-09
1361880462008999939,negative,0.0022664764912796137
1361880463351173121,negative,0.0006835590595443555
1361880469663531008,negative,0.02315055182433907
1361880470368190468,negative,3.5216772755926464e-06
1361880470980558848,negative,0.006859936298705416
1361880471844626434,negative,0.004753119203582874
1361880472352153601,negative,3.1873081759187824e-05
1361880474663194624,negative,6.371590844661352e-05
1361880474927390720,negative,0.007954388140783968
1361880476487741444,negative,0.002378222447355658
1361880478228377600,negative,0.005716637004156381
1361880483127263233,negative,6.172242548304004e-06
1361880483345399813,negative,0.011629802905316075
1361880484188422150,negative,0.11544081635508753
1361880484326887425,neutral,0.49789225920557484
1361880486709231618,negative,0.026795195403981033
1361880487908626433,negative,0.010760703874948168
1361880490374914048,negative,0.0012321538226973405
1361880490739830795,negative,0.2270916242691431
1361880491658510337,negative,0.0037922479818963996
1361880492677726208,negative,0.005716637004156381
1361880494456119296,negative,0.05808899606133956
1361880495261290498,negative,0.1253012110904672
1361880496058241026,negative,0.009761345140847096
1361880497975132162,negative,0.0016512014976737828
1361880499896123394,negative,3.5216772755926464e-06
1361880500533657600,negative,0.017984896579314208
1361880503985537026,negative,0.0005720287663489383
1361880505482964993,negative,0.05357457512678084
1361880505629704196,negative,0.0027118362310929217
1361880506724327430,negative,9.464269737859332e-06
1361880507345235977,positive,0.9087641951894061
1361880509580775430,positive,0.9881320925101074
1361880509857603585,negative,0.06502500097872087
1361880510197235716,negative,0.006859936298705416
1361880512017674245,negative,0.0087700997304632
1361880513556877314,negative,0.11105713477849632
1361880514181746692,negative,0.1728953783968395
1361880514278350865,negative,0.0026312235671196514
1361880514651709444,negative,0.0006634983013918844
1361880515217920000,negative,0.026795195403981033
1361880516606251013,negative,0.12604023267740214
1361880518510403584,negative,0.033496634529330854
1361880520217550848,negative,0.00015915806793377122
1361880523233243136,negative,4.483033580060207e-05
1361880523958812678,negative,0.010680498306051698
1361880524554395653,negative,0.012593957822313285
1361880524768346120,positive,0.8587750374002797
1361880524969623552,neutral,0.49789225920557484
1361880526664196096,neutral,0.49789225920557484
1361880529688096777,negative,0.2284662432979343
1361880530300633089,negative,0.07764812014832749
1361880534452953093,negative,0.05357457512678084
1361880535543537664,negative,7.774236436843063e-06
1361880536785047556,negative,0.006859936298705416
1361880539800735744,negative,0.09151565997391957
1361880540631232512,negative,0.006859936298705416
1361880541042245632,negative,0.05357457512678084
1361880541218410497,negative,0.004343620418422399
1361880542942175243,negative,0.23988732993880882
1361880543617421313,neutral,0.5163082661294067
1361880546192875527,negative,0.05357457512678084
1361880548139012096,negative,0.10493509996246646
1361880548331958277,positive,0.8487990658929405
1361880548755570688,positive,0.954873127285284
1361880550139518978,negative,1.957107261646273e-05
1361880552857567233,neutral,0.47837303468572906
1361880553616793607,negative,0.04872962085378533
1361880554929586180,negative,0.00424899509133177
1361880555097366529,negative,0.00020130582430730686
1361880557039341570,negative,0.28930445208857464
1361880557488062465,negative,0.002822284901713726
1361880557723017218,negative,0.007555486730596344
1361880560902279175,negative,0.0003346347745741923
1361880561338449920,negative,0.004003784851177086
1361880562730864645,negative,0.02981893349031055
1361880567697072130,neutral,0.5621655332629886
1361880569076932612,negative,0.05357457512678084
1361880571144765440,negative,0.05357457512678084
1361880572516306944,negative,0.08705702804263488
1361880572583424000,negative,0.2270916242691431
1361880573015330817,negative,0.05357457512678084
1361880576123355137,positive,0.9566871126165171
1361880577134256129,neutral,0.49789225920557484
1361880577926975492,negative,0.002406368237562796
1361880578497404932,negative,0.016110347994777504
1361880579566956544,negative,0.3171990826103869
1361880580133117952,negative,0.0004965321904754686
1361880582825902082,negative,6.434994741631169e-08
1361880583803133952,negative,4.413376902025267e-05
1361880585002758147,negative,6.434994741631169e-08
1361880585296297984,negative,0.0035352761308597705
1361880585803878401,negative,0.001622012320944179
1361880585925496837,negative,0.327378095563068
1361880586806317059,negative,0.3046101175466245
1361880586911178753,neutral,0.36014310329058447
1361880586957303808,negative,0.07800672398898323
1361880586999238656,negative,0.0013120349734988747
1361880587880046594,negative,0.000990050929999318
1361880588404326404,negative,0.00720160272808345
1361880589272551425,negative,5.547586483555178e-06
1361880590451097602,negative,0.0005525751555790632
1361880592304979970,negative,0.00020674376725657436
1361880592594440198,positive,0.9259815607928116
1361880592737050631,negative,5.196134946060613e-09
1361880592955019264,negative,0.00017265216403648695
1361880592997040132,negative,6.700689600404676e-07
1361880593412349952,negative,0.017984896579314208
1361880593810751488,negative,0.06090565950281914
1361880594804862979,negative,0.004977173861600752
1361880595106791428,negative,0.00011710731664603971
1361880595459145729,negative,0.003511184357252747
1361880595622600704,negative,1.7603280211904658e-05
1361880595706621952,negative,0.1433956860250839
1361880595882795012,neutral,0.6591804319148262
1361880596994269187,negative,0.1147479964234831
1361880597606653954,negative,0.13200769550016114
1361880598097321989,negative,0.03054878634277903
1361880599426985986,negative,0.00017944387878325292
1361880599703785473,negative,4.0458632810359776e-08
1361880601532329986,negative,0.00034655699448619243
1361880601645772800,negative,0.0014435211140411926
1361880602140581891,negative,9.282837337769556e-05
1361880602279112704,negative,0.139548783714202
1361880603549908993,negative,0.0016265026302941111
1361880604107808769,negative,0.004086329021375562
1361880604262957058,negative,8.086243055263685e-05
1361880604967510017,negative,0.003926528115702833
1361880606506967048,negative,0.31785110463407945
1361880606716657664,negative,0.009864037501071718
1361880607136038912,neutral,0.5585477578569895
1361880608092340230,negative,0.035207153358869384
1361880610722226177,negative,0.0050849534133989875
1361880610910961664,negative,0.001385631519239884
1361880611825332230,negative,0.0006182493968960272
1361880612529913856,neutral,0.48481419304338763
1361880613133901838,negative,0.05357457512678084
1361880613423378432,negative,0.000990050929999318
1361880613461106689,negative,0.02862850044334376
1361880613482029056,negative,1.4043472070915122e-09
1361880615721848840,negative,0.0004127514285876195
1361880616082538496,negative,0.0002199200435947413
1361880616120299524,negative,0.22664324401202743
1361880616610971648,negative,0.21257333126602235
1361880618984894472,negative,0.007433977462535108
1361880619790262274,neutral,0.49789225920557484
1361880620775993346,negative,0.028103173716211235
1361880623363727362,negative,0.00020130582430730686
1361880623397425154,negative,0.000990050929999318
1361880623451959301,negative,0.09667311097470403
1361880623493734400,negative,0.15275052416388077
1361880624043331584,negative,0.00040721480044935153
1361880624617959427,negative,1.1274088179791437e-06
1361880625385517056,negative,0.011748033501187898
1361880626195005441,negative,0.00010601407640790975
1361880626857656320,negative,0.00011107678204953278
1361880627352637440,negative,0.039872378433051504
1361880627486711817,negative,1.7688253623660607e-07
1361880629399420930,negative,0.0008460851757930763
1361880629651140616,negative,0.000990050929999318
1361880629667840004,negative,0.1827535547264391
1361880630590664704,negative,3.550784898581507e-05
1361880630691328000,neutral,0.552604093023779
1361880633564418049,negative,0.32209853339293787
1361880633740578818,negative,0.012932689544902263
1361880636500377600,negative,0.0002549847915118636
1361880636647120902,negative,0.2270916242691431
1361880637225992193,negative,2.7494984135931156e-05
1361880638094254084,negative,3.470683229759093e-05
1361880639713275904,negative,1.737870804489695e-06
1361880639931355136,negative,0.022115040833701215
1361880641059446789,negative,0.032377968351464316
1361880643395813378,negative,0.012085512557981692
1361880644666724352,negative,0.00720160272808345
1361880646130556929,negative,0.032377968351464316
1361880646843592710,positive,0.9198300771796096
1361880647208468482,neutral,0.49789225920557484
1361880648793874432,negative,0.000560798512411972
1361880649607561216,negative,0.005303989465459191
1361880649712496642,positive,0.6986956127328704
1361880652140990472,negative,1.2690634950254329e-06
1361880654271688710,negative,0.006859936298705416
1361880654342979592,negative,7.334964427787258e-05
1361880655882317825,negative,0.005527170083806231
1361880656494657537,negative,0.05357457512678084
1361880656674889729,negative,1.2936507640253172e-05
1361880658155610114,negative,0.23988732993880882
1361880659183067138,negative,0.2270916242691431
1361880664019243008,negative,0.035123581895652706
1361880664325373955,negative,0.0018700729229298527
1361880664778416130,negative,0.0009491062771751266
1361880667110469633,negative,0.003809814404607409
1361880668507172866,negative,2.461359847415967e-05
1361880671107616768,negative,0.2432690597467076
1361880673217351680,negative,0.015404223694801059
1361880673691316224,negative,0.035701496514644146
1361880674337226754,negative,0.05357457512678084
1361880675314466816,negative,0.03432006957056042
1361880675608068098,negative,0.06449795712703821
1361880675675222016,negative,0.008840107791593103
1361880676979597314,negative,0.04526885811592329
1361880677587832838,negative,0.1660268175714993
1361880677638094848,negative,0.005586119862930584
1361880678497935361,negative,0.03983031260542193
1361880682553888768,negative,0.05106637002907062
1361880685372407810,negative,0.004122357793389287
1361880685422739457,negative,0.1433956860250839
1361880686819385346,neutral,0.5431820207855756
1361880686945271811,negative,3.1704671967762006e-05
1361880687725412357,negative,0.0004580011604988609
1361880687960334336,negative,0.07006257022385395
1361880700018962435,negative,0.009307509443188866
1361880700560039937,negative,0.07192298659144568
1361880703261057025,negative,0.033496634529330854
1361880704884371460,neutral,0.5535496384253448
1361880705995862024,negative,0.001307965408020558
1361880706855690243,negative,0.2952635237448952
1361880707497422853,neutral,0.4226408704156019
1361880708948635654,neutral,0.49789225920557484
1361880709506478080,negative,0.003560558423302975
1361880711809089536,neutral,0.4964118300361966
1361880713302261760,negative,0.05357457512678084
1361880713700777987,negative,0.012593957822313285
1361880718557777921,negative,1.1778786770899706e-05
1361880719828656132,neutral,0.4964118300361966
1361880720369737728,negative,0.04526885811592329
1361880720520568840,negative,0.23988732993880882
1361880720818335745,negative,0.0018145507610497283
1361880720877223936,negative,0.00424899509133177
1361880721544130560,negative,0.00010075577805108141
1361880722403962886,negative,3.470683229759093e-05
1361880723918106625,negative,1.2419397740760916e-05
1361880725633523713,neutral,0.357899290320947
1361880726216482821,neutral,0.4062043049697301
1361880727072215040,negative,0.016110347994777504
1361880728754155522,negative,0.006662422054497106
1361880729303601152,negative,0.05398272765311015
1361880730108907521,negative,0.27384417624071355
1361880730612211715,negative,0.2270916242691431
1361880732055048193,negative,9.64756311604451e-07
1361880733501939714,negative,0.08758599985141521
1361880735150391299,negative,0.09530948409055756
1361880735687213064,negative,0.06353730062373318
1361880741047656455,negative,3.470683229759093e-05
1361880741966184448,negative,8.374169294874021e-05
1361880745741082625,negative,0.20180510221487036
1361880746252771331,negative,0.05357457512678084
1361880746969956353,negative,1.6208451995626925e-08
1361880748236697601,negative,0.035123581895652706
1361880748677029890,negative,0.1603894675701918
1361880754251329536,negative,1.6208451995626925e-08
1361880754435809282,negative,0.10395025905198611
1361880755895496709,negative,0.11544081635508753
1361880755996160003,negative,0.005490394012624871
1361880758365736964,negative,7.182051327586879e-11
1361880759599063043,negative,0.144283747404967
1361880759967969284,negative,0.0925866392407242
1361880763809996800,negative,0.09451605761375827
1361880764883738624,negative,0.006221101766321913
1361880766964264960,negative,3.470683229759093e-05
1361880771116494853,negative,0.10821446795283174
1361880771489787915,negative,0.1442571837118117
1361880772706242561,negative,0.01715409132939894
1361880773175828481,negative,6.751286354918126e-06
1361880773322760194,negative,6.112424830899026e-07
1361880773536722944,negative,0.017850304984436027
1361880774417539072,negative,0.04326749920868208
1361880774534959115,neutral,0.35362277955607824
1361880777433116674,negative,0.00041315151635408026
1361880777613533185,negative,0.09151565997391957
1361880777844219907,negative,0.004086329021375562
1361880777886228480,negative,0.09011799014460188
1361880779127668736,negative,0.0037777057052380066
1361880779329052673,negative,0.0013627972799442989
1361880779396177920,negative,1.2936507640253172e-05
1361880779576512512,neutral,0.3606238228452436
1361880779714945025,negative,0.004086329021375562
1361880780063059970,negative,0.0031054195439432337
1361880780214009867,negative,0.32871489766280654
1361880781963018244,neutral,0.3499352441185855
1361880782139179009,negative,0.007718156046333455
1361880782273458178,negative,0.06602678592006048
1361880782789365761,neutral,0.47837303468572906
1361880782952935427,negative,0.00137667097188559
1361880783133286401,negative,5.072827720810891e-10
1361880783196024835,negative,0.15275052416388077
1361880783577882627,negative,0.05357457512678084
1361880783745675268,negative,0.14424502942014927
1361880784315944961,negative,0.02484474612913507
1361880785301745666,negative,0.11049856034410635
1361880786249547780,negative,0.0007984219747013287
1361880786589396993,negative,0.21257333126602235
1361880788229369860,negative,0.06663668783824335
1361880788296491009,negative,0.039119096487535004
1361880790364286979,negative,0.01869870988099018
1361880791278583818,negative,0.3020135550609068
1361880791786139656,neutral,0.4083289334275003
1361880792021037057,negative,0.018876846760010713
1361880792096456706,negative,0.000990050929999318
1361880792834727941,neutral,0.4083289334275003
1361880793371578368,negative,0.12693968478489281
1361880793874841607,neutral,0.4737554465528978
1361880795455971328,negative,0.004557512083457568
1361880795598700544,negative,0.0041604897079766945
1361880795833597956,negative,0.015722510413565604
1361880796991258626,negative,0.2035477441056301
1361880797397966849,negative,0.2463212832987803
1361880797716893696,negative,0.004086329021375562
1361880798190690307,negative,0.2717585236000847
1361880798589239297,neutral,0.3499352441185855
1361880799361060864,negative,0.01170241488629889
1361880799663054850,negative,0.2077250893753918
1361880799776280577,negative,0.0022159883529455724
1361880800036290564,neutral,0.4667281207494068
1361880800879390721,negative,0.009864037501071718
1361880801466490884,negative,0.006780325507586055
1361880803316277248,negative,0.05357457512678084
1361880803471282178,neutral,0.5315278002356723
1361880804587094017,negative,0.009864037501071718
1361880805027418112,negative,0.022708803407880496
1361880805925146627,negative,0.17110783127166218
1361880806285856782,negative,0.004757157643562101
1361880806856265728,negative,0.03255120382427716
1361880807380578304,negative,0.000990050929999318
1361880807497949190,negative,2.103120640518557e-06
1361880807497990148,negative,0.03801610846604707
1361880807720239106,negative,1.1035432912916929e-05
1361880810215804936,negative,0.057069292185839456
1361880810761162753,negative,1.3028964837776848e-26
1361880811545518084,negative,0.10911730871865548
1361880812946358275,negative,0.096699495347021
1361880813214785539,negative,0.11790484287132175
1361880813508395010,negative,0.001334428010582135
1361880813969825792,negative,0.004757157643562101
1361880814137524224,negative,0.10664163221918237
1361880815307812866,negative,4.067939598143211e-05
1361880815387443200,negative,4.413376902025267e-05
1361880816104660994,negative,0.011106343875148335
1361880816280875009,negative,0.0022780069723526766
1361880817581121537,neutral,0.49789225920557484
1361880818835054595,negative,0.004086329021375562
1361880819263033344,negative,0.0006393784614563571
1361880820022181894,negative,0.005314036913586103
1361880820064026627,negative,0.020069275666744036
1361880820688900099,negative,0.00424899509133177
1361880821775409154,negative,0.2270916242691431
1361880822685569025,negative,8.388363251120052e-06
1361880823201476608,negative,0.012793641371307642
1361880823402790912,negative,0.05386055115356305
1361880824262574080,positive,0.7613010889162367
1361880824463978499,negative,0.3046101175466245
1361880825122476035,negative,0.0010214079039590927
1361880825927761920,negative,0.002113639522666961
1361880826825355267,negative,0.10256544995207437
1361880827701977088,negative,0.0008496953345485857
1361880828100419588,negative,0.02439068850856169
1361880828679184384,negative,0.015722510413565604
1361880830012981251,negative,1.4709777085224618e-08
1361880830189125634,negative,0.0026597942050713224
1361880830696706051,negative,0.13451079577541883
1361880831019655170,negative,0.0788396678525446
1361880831309078528,negative,0.004271745358997047
1361880831489409025,negative,0.004086329021375562
1361880831938060295,negative,0.004478927258780815
1361880832953241602,negative,0.0007214514794971062
1361880833477459968,negative,4.998451949330333e-12
1361880834710659072,negative,0.014331789528848532
1361880836446904326,negative,0.009795028661514467
1361880837969608705,negative,0.0022664764912796137
1361880842881089539,negative,0.0016427478415842985
1361880843522891779,negative,0.001891183580962971
1361880845250932746,negative,0.00424899509133177
1361880847431864321,negative,0.23988732993880882
1361880849969512449,negative,0.005934150258489142
1361880854348324864,negative,0.2637220248508947
1361880855615066114,negative,0.23988732993880882
1361880855724126215,negative,0.006859936298705416
1361880857032732673,negative,6.600756830910765e-05
1361880858240638977,negative,0.0327599972253643
1361880858454609923,negative,0.005666522533107119
1361880861570818050,negative,0.0026597942050713224
1361880863475130368,negative,0.0004834971448535085
1361880863986900997,negative,0.06761607733891095
1361880864771162115,positive,0.9566871126165171
1361880865870147585,negative,0.10788485300559593
1361880870446112770,negative,0.2270916242691431
1361880871406604290,negative,0.050703337540405735
1361880871872118790,negative,0.016110347994777504
1361880875848388609,negative,0.0001041679336681676
1361880880961191939,negative,2.3100899779633262e-08
1361880882190106627,negative,0.011106343875148335
1361880883305852929,negative,2.0749821681379505e-06
1361880883414798339,positive,0.8398369318738396
1361880885105197059,negative,0.0006284268112928095
1361880885960839172,negative,0.139548783714202
1361880890314473472,negative,0.20235617661217725
1361880891438608392,neutral,0.4428942104488348
1361880892076134404,negative,0.031088795809869944
1361880895326674945,negative,0.05357457512678084
1361880896970780673,negative,0.0011646953971710071
1361880897117634563,negative,0.17576675366707725
1361880897805422605,negative,0.17995735710042884
1361880897876860928,negative,0.004757157643562101
1361880898082324484,negative,0.0023880424734779226
1361880899231637506,negative,0.016804844532573106
1361880902037430276,negative,0.008157976426003641
1361880902113107969,negative,3.470683229759093e-05
1361880902117318664,negative,0.18795859623648656
1361880904642125825,negative,0.07033661184354281
1361880904650657792,negative,0.28930445208857464
1361880905808293895,neutral,0.49789225920557484
1361880910535262209,neutral,0.49789225920557484
1361880911076233218,negative,0.059102920714112
1361880912166719490,negative,0.018759567016917347
1361880913538342912,neutral,0.568915810457854
1361880914863783936,negative,0.05357457512678084
1361880915878817792,negative,0.0001251642981189048
1361880920396029952,negative,0.0026137897196443446
1361880922245763082,negative,0.08310731648770045
1361880922782638082,negative,3.470683229759093e-05
1361880928604323841,neutral,0.4274047939449264
1361880929233420288,negative,0.00017991039229404838
1361880929594204162,negative,0.004557512083457568
1361880931024437249,negative,0.002210241752340234
1361880933381660677,negative,6.661552953720674e-05
1361880933767536640,negative,0.0018615254181156293
1361880935654977538,negative,0.007954388140783968
1361880936812544000,negative,0.001891183580962971
1361880938150567939,negative,0.022323573652540573
1361880938318282752,negative,0.08744719697448433
1361880940318973959,negative,0.006859936298705416
1361880940583153667,negative,9.64756311604451e-07
1361880941145305094,negative,0.001891183580962971
1361880942802046980,negative,0.05357457512678084
1361880943418572802,negative,0.18362677473659444
1361880948225236996,negative,0.032377968351464316
1361880954780983296,negative,0.009761345140847096
1361880956487917571,negative,0.00020130582430730686
1361880957133946881,negative,0.20118071425676004
1361880957977042944,negative,9.063806104891212e-09
1361880961978368002,negative,0.0026516371316873157
1361880962179727360,negative,2.1439190820878795e-05
1361880962397732865,negative,0.1384101976754521
1361880962704023558,negative,0.15902684963017272
1361880963161194498,negative,3.251596688206825e-09
1361880963161219072,negative,0.03490537139344192
1361880963224109063,negative,0.017984896579314208
1361880964268314624,negative,0.0010135391573495229
1361880964322983937,negative,0.02484384283174331
1361880965023416320,negative,0.2864145558920463
1361880965312876550,negative,0.10944822003342888
1361880966046781442,positive,0.8449706451271007
1361880966256594945,negative,0.14756677184751973
1361880967825162242,negative,0.000990050929999318
1361880968311758856,neutral,0.37366113247590893
1361880969565728769,negative,0.028602532372184113
1361880970115354625,negative,3.4454078477687496e-06
1361880970123640832,negative,3.6860439106232884e-05
1361880970287325185,negative,0.2270916242691431
1361880971226869760,positive,0.7758288771235058
1361880972162199552,negative,0.15484360459731233
1361880974028464130,negative,0.008398550917616402
1361880974636777472,negative,0.00010597120423208348
1361880976742318086,negative,0.003970901874489672
1361880977602183168,negative,0.0009299699821820414
1361880978856308745,negative,0.004757157643562101
1361880981049860097,negative,0.189044359689947
1361880981578211331,negative,0.1084951265693784
1361880981603516418,negative,1.8011522282036118e-06
1361880981813284866,negative,0.00424899509133177
1361880981825859586,negative,0.0022502040675922257
1361880982501040128,negative,2.487465473825185e-07
1361880984526991363,negative,0.000990050929999318
1361880985156132865,negative,0.0009491062771751266
1361880985214865409,negative,0.00020130582430730686
1361880987077115904,negative,1.404354449424273e-06
1361880987144175623,negative,0.08409111598193394
1361880988243091458,negative,1.5621053989440494e-05
1361880988301811713,negative,0.2432690597467076
1361880988637347841,negative,3.700622176497225e-05
1361880989312704512,neutral,0.35362277955607824
1361880989740507136,negative,0.016110347994777504
1361880990185046016,negative,0.01146155993872993
1361880990227058688,negative,3.162148234835636e-09
1361880991065899008,neutral,0.4739607432362514
1361880993154682886,negative,0.00010597120423208348
1361880993418735626,negative,2.1374229143717997e-05
1361880993725046784,negative,0.0005682575570874796
1361880994882727938,negative,0.006859936298705416
1361880995398615049,negative,0.00017168601342784805
1361880996229038082,negative,0.004086329021375562
1361880996728037379,negative,0.05817265393155838
1361880996728213505,negative,0.016787884429364814
1361880996807901184,negative,0.00020636335243577074
1361880996858236930,negative,0.002157346534550224
1361880997466374149,negative,0.175578220319202
1361880998129065984,negative,0.05357457512678084
1361881000410808323,negative,0.22664324401202743
1361881000452763650,negative,0.3046101175466245
1361881000792502276,negative,0.03451709748792609
1361881001148833794,negative,0.008108819478107583
1361881001543290885,negative,0.004478927258780815
1361881001572491266,negative,0.1687607818689967
1361881001916588035,negative,0.10493509996246646
1361881003002916866,negative,1.258170176133041e-05
1361881006006009857,negative,0.0001452083143852048
1361881006664544256,negative,8.843514444829838e-06
1361881007222185985,negative,6.7114441020677685e-06
1361881008531001345,negative,0.0009280528635701556
1361881009558605825,negative,0.05699523510193887
1361881009885745153,negative,0.000990050929999318
1361881010011521029,negative,0.0009880485858576227
1361881010460188681,negative,0.2270916242691431
1361881010913370115,negative,2.2038405764613933e-07
1361881011508965378,negative,0.0010168749325552122
1361881013954228225,negative,0.0037693652196063637
1361881015401254912,neutral,0.3387659427432253
1361881015690608640,negative,0.032307128912560726
1361881015732510723,negative,8.844780606253413e-05
1361881016357572610,negative,0.032907976533616365
1361881016458240001,negative,0.08941844409604452
1361881017775255552,negative,0.29288634974811484
1361881019608141824,negative,0.00020636335243577074
1361881019738189831,positive,0.9156418321325731
1361881020006600704,negative,3.470683229759093e-05
1361881020165988352,negative,0.1442571837118117
1361881020472115207,negative,0.08744719697448433
1361881020790882310,negative,0.05357457512678084
1361881022720262146,negative,0.0468217707996781
1361881022749696003,negative,1.404354449424273e-06
1361881023659835394,neutral,0.35362277955607824
1361881024599371777,negative,0.10715633970361955
1361881028873359360,negative,0.09530948409055756
1361881030320263168,negative,0.18598802602580827
1361881031813566465,neutral,0.40507988433281555
1361881032967020549,negative,0.011106343875148335
1361881038025338880,neutral,0.5209932010848836
1361881038843183104,negative,0.006753492882028895
1361881039845531653,negative,0.0011646953971710071
1361881040222973954,negative,0.006142194147700173
1361881041829560330,positive,0.8518677290385078
1361881042064470016,negative,0.016110347994777504
1361881042718765057,negative,0.09797448730401104
1361881044950122496,negative,0.003809814404607409
1361881046019674118,negative,0.002822284901713726
1361881047814856705,negative,0.03680230327726937
1361881051501645826,negative,0.008646849781146368
1361881053191933952,negative,0.0003998648201026224
1361881053468704768,negative,0.24490252709612087
1361881054039199748,negative,0.026210963983195244
1361881056086011904,negative,0.0022664764912796137
1361881057835053058,negative,0.27657797087114616
1361881059756019715,negative,0.19289391564326766
1361881060326400001,negative,0.22353157434535123
1361881061983158272,positive,0.9566871126165171
1361881062767538176,negative,0.007954388140783968
1361881064130576387,negative,0.0018145507610497283
1361881065489641475,negative,0.022901732625165667
1361881069172195330,negative,0.05789237236714251
1361881071642685441,negative,0.11579010942057401
1361881074641559556,negative,0.011106343875148335
1361881076097052672,negative,0.13018053256853576
1361881076684132352,negative,4.858058086064161e-11
1361881081507684356,negative,1.2936507640253172e-05
1361881086431813633,negative,0.050049334934067644
1361881096108068865,negative,0.21921412548362115
1361881096401481729,negative,0.0007565978547514207
1361881097672491009,negative,0.003807355552709479
1361881097718689801,negative,0.16828037139362875
1361881100335808513,negative,0.2270916242691431
1361881101485166598,negative,0.23562434052808948
1361881105780137984,negative,0.008581541791753406
1361881106346373120,positive,0.8542368681346015
1361881109269794817,positive,0.954873127285284
1361881109391368192,negative,0.004757157643562101
1361881110729342977,negative,0.004757157643562101
1361881111878660099,negative,0.0038712641655717847
1361881112935469058,negative,0.008802578677749381
1361881113011118082,negative,0.11656487400379939
1361881113795395589,negative,0.012593957822313285
1361881115779284992,negative,0.034768501583067685
1361881116555292676,negative,0.14579364358129376
1361881120535642112,negative,0.0007984219747013287
1361881121257107457,negative,9.246177661870524e-06
1361881123316506626,negative,6.90491079402073e-05
1361881124427890689,negative,0.02716485553424103
1361881125262606341,negative,0.11389072041584207
1361881127011704833,negative,0.012264430880202402
1361881128400015360,negative,0.058994776612109744
1361881129419231234,negative,0.0014435211140411926
1361881130375471105,negative,0.10258689595691739
1361881133651292161,neutral,0.35938205512769933
1361881135974739969,negative,0.23988732993880882
1361881136411115523,negative,0.015414746052912747
1361881137912696843,negative,0.05357457512678084
1361881139489746944,neutral,0.49789225920557484
1361881140269887489,negative,0.05534036519357211
1361881142987796481,negative,0.004122357793389287
1361881143772119040,negative,0.018881089919087168
1361881144690675722,negative,0.062317714816357825
1361881147433746433,negative,0.004757157643562101
1361881147802853376,negative,0.2270916242691431
1361881148675289089,negative,0.16162672419013735
1361881149975445504,negative,0.026795195403981033
1361881151577718786,negative,0.008840107791593103
1361881153184165889,negative,0.00015985508125458157
1361881153502863362,negative,0.002157346534550224
1361881153884614659,negative,0.001133079425850937
1361881154564067330,negative,0.0002977285144143152
1361881156048805890,negative,0.04479713725512996
1361881157386854403,negative,0.005490394012624871
1361881157823041539,negative,0.0073688261252194045
1361881158825426955,negative,0.000760281081255939
1361881158980677639,neutral,0.5255784232230389
1361881160083734529,negative,0.03983031260542193
1361881160545161216,negative,0.08487548209730622
1361881161149120515,negative,0.0006522280078566557
1361881161442734081,neutral,0.5425813081463247
1361881161451122689,negative,0.0012778755973791355
1361881163246276609,negative,0.07699742627739915
1361881163543973890,negative,0.07699666720720659
1361881164001271808,negative,9.64756311604451e-07
1361881164575690753,negative,0.3274903280201044
1361881165137780742,negative,0.07817492889598171
1361881166014345223,negative,0.007579212408959946
1361881166148751361,negative,0.0062877297735551745
1361881168648495107,negative,0.000990050929999318
1361881169445482496,negative,0.0012706291428990198
1361881171907514375,negative,0.03791627134522328
1361881171932626948,positive,0.8063149309748051
1361881172058329089,negative,0.027652976323862814
1361881172515516420,neutral,0.6180694972383053
1361881173102886913,negative,0.02932883099023715
1361881173409030147,negative,6.119246755170695e-05
1361881173694308356,negative,0.001891183580962971
1361881173937463301,negative,0.12758416079611132
1361881175296516099,negative,0.10278158773404031
1361881177938829314,neutral,0.5185169326490013
1361881178215763974,negative,0.000990050929999318
1361881179704745985,negative,3.6860439106232884e-05
1361881180514242560,negative,0.0004127514285876195
1361881181168484355,negative,1.223182257203602e-05
1361881183433457666,negative,2.487465473825185e-07
1361881183920009218,negative,2.1328169277588322e-07
1361881185358655493,negative,0.08941844409604452
1361881186176356355,negative,0.026955611107272768
1361881186340110337,negative,0.05378460301345363
1361881186872696832,negative,0.006256351455476025
1361881187036372995,negative,2.1603671161472932e-05
1361881187887767555,negative,0.0038712641655717847
1361881189003501569,negative,0.04678270541966506
1361881189146124294,neutral,0.39274765723876304
1361881189473214465,negative,1.4555603188596914e-06
1361881189750046720,neutral,0.36014310329058447
1361881190131789825,negative,0.1434131477054091
1361881190135980045,positive,0.8661333256784889
1361881190454730752,negative,0.004990585573935015
1361881190739894272,negative,4.809299442023033e-09
1361881190744080390,negative,0.1843468047297809
1361881190807048195,negative,0.000990050929999318
1361881191276826625,negative,0.0073688261252194045
1361881191989805060,negative,3.5216772755926464e-06
1361881192480583680,negative,0.036499154887726135
1361881193621389312,positive,0.954873127285284
1361881194133135360,negative,0.1771791862348512
1361881195731161090,negative,0.04678270541966506
1361881197517959169,neutral,0.5621655332629886
1361881197928976385,negative,0.11891789731469517
1361881197941555205,negative,0.127260510863151
1361881198092550147,negative,0.04479713725512996
1361881199677964290,negative,0.10154808384735615
1361881200105828354,negative,0.033194606476668935
1361881200290324482,negative,0.11891789731469517
1361881201968054273,negative,0.051336279047282427
1361881202219757578,negative,0.032907976533616365
1361881203624845314,negative,0.0013012529240149671
1361881204161732608,negative,0.0314484057255293
1361881204358799360,negative,0.0459294416804549
1361881204719411201,negative,0.012859967923524267
1361881204824268800,negative,0.04109181779104877
1361881205923217409,negative,1.9265442471246366e-09
1361881207177420803,negative,0.29864444629363096
1361881209295548420,neutral,0.36910484540355737
1361881209421393922,negative,0.059066837431102644
1361881209786277895,negative,0.06661511644392898
1361881211166162944,negative,0.016913863642653758
1361881211254243329,negative,0.17110783127166218
1361881211510157312,negative,0.24490252709612087
1361881211963142145,negative,0.3112256551110494
1361881212592218114,negative,0.000990050929999318
1361881218976014339,neutral,0.47837303468572906
1361881221828124672,negative,0.004757157643562101
1361881222230773762,negative,0.09151565997391957
1361881224906735619,negative,0.2056063186924674
1361881226240548865,negative,0.034768501583067685
1361881226357915648,negative,0.032377968351464316
1361881227951767552,negative,0.009025499247126097
1361881228224450560,neutral,0.48728019602140255
1361881229591777280,negative,0.0007449749825635989
1361881230350970880,negative,0.15677290386399767
1361881231772815363,negative,0.016110347994777504
1361881232368353281,negative,3.470683229759093e-05
1361881232594755584,negative,0.05357457512678084
1361881233668603906,negative,0.0298262555986401
1361881237674201093,negative,0.02023603281778985
1361881243416203265,negative,0.0009080084501668257
1361881248050933763,negative,0.2270916242691431
1361881250143739906,negative,0.01869870988099018
1361881252287102977,negative,0.0018145507610497283
1361881256200445952,neutral,0.40507988433281555
1361881257668468736,positive,0.9611958417475951
1361881259849494536,positive,0.7500757924771347
1361881260386320388,neutral,0.49789225920557484
1361881260390506498,negative,0.22353157434535123
1361881262940704769,negative,0.05357457512678084
1361881266983952384,negative,0.2826080029917497
1361881270561685504,negative,7.752130399430308e-05
1361881271912198148,negative,0.057069292185839456
1361881273430536192,negative,0.1442571837118117
1361881274063990785,negative,0.016378728852445547
1361881277629087746,negative,0.033804987877426175
1361881277666844673,negative,0.05384885330526493
1361881279243968513,negative,0.09797448730401104
1361881280472899584,negative,0.007778433011336656
1361881283551498243,negative,0.012188700205225432
1361881283920424961,negative,0.007298586742174468
1361881284621000715,negative,0.014410021282987497
1361881286021939204,negative,0.00020130582430730686
1361881287200538624,negative,0.0006783881342261441
1361881290337898499,negative,0.09436932155362424
1361881292695035906,negative,0.05357457512678084
1361881293181583361,negative,0.00424899509133177
1361881293252886530,negative,0.09151565997391957
1361881294284742657,negative,0.005782038052619196
1361881294536343557,negative,0.0008319325641453259
1361881295110823940,negative,0.013880482508218552
1361881296637726724,negative,0.03680230327726937
1361881296860033024,negative,0.005771336508332041
1361881298650988544,negative,0.2287206037784227
1361881299523407873,negative,0.0018145507610497283
1361881299607248898,negative,0.00424899509133177
1361881302220365827,neutral,0.6030035165019055
1361881303046639616,negative,0.059102920714112
1361881306146238464,negative,1.8520931056246854e-06
1361881306209124356,negative,0.00753708168788798
1361881307589079043,negative,0.011106343875148335
1361881309711376384,negative,0.032377968351464316
1361881313125539842,negative,0.29103102993209923
1361881315012935683,negative,0.0038712641655717847
1361881315289759744,negative,7.752130399430308e-05
1361881315667279877,negative,0.00020130582430730686
1361881316514541568,negative,0.019989593375312815
1361881317030440961,negative,0.05357457512678084
1361881320729812995,negative,0.006859936298705416
1361881321761628160,negative,0.08560974487867468
1361881322659188739,negative,0.10493509996246646
1361881325557358593,negative,0.00012358171209365766
1361881326761242628,neutral,0.48481419304338763
1361881327260360706,positive,0.7228705013161616
1361881327327469570,positive,0.9566871126165171
1361881327381975045,negative,0.0004913745068661218
1361881328568782848,negative,0.23961838729200416
1361881330506735619,neutral,0.49789225920557484
1361881330997288961,negative,0.1647378382293729
1361881331806969856,negative,3.470683229759093e-05
1361881331861487617,negative,0.005184480212421963
1361881334952517639,negative,0.00020130582430730686
1361881334986244101,negative,7.719506180643407e-05
1361881335158177797,negative,0.05357457512678084
1361881337167241219,neutral,0.357899290320947
1361881339402866688,negative,0.0018145507610497283
1361881343504834563,negative,0.0004879086990003439
1361881344503148544,negative,0.014399158546753802
1361881344771579909,negative,0.011106343875148335
1361881344926711809,negative,0.07211524190255211
1361881344956108804,negative,0.12822221058458944
1361881345035800577,negative,0.0009280528635701556
1361881345144815619,negative,0.00010597120423208348
1361881345954377728,positive,0.9999999874736433
1361881346658893825,negative,0.0018145507610497283
1361881346910478336,negative,0.15081581478266345
1361881348244443138,positive,0.6990333581335987
1361881348407984128,negative,2.7279387673353513e-05
1361881349003628545,negative,0.0011960531776240052
1361881350379290629,negative,0.002196958054990246
1361881351050387456,negative,0.001891183580962971
1361881352748945408,negative,0.03822162174034726
1361881353273438208,negative,8.374169294874021e-05
1361881355768979456,negative,0.017850304984436027
1361881357287370752,neutral,0.46511884455441777
1361881358893735937,negative,0.00016332903465210425
1361881359103500289,negative,0.000990050929999318
1361881359598379011,negative,2.3140757518409706e-05
1361881359753609216,negative,0.23108660748076523
1361881360105955329,negative,1.4406818623466623e-06
1361881360110092289,negative,0.001133079425850937
1361881360307167234,negative,0.004086329021375562
1361881360437305345,negative,0.10625560530492485
1361881360722444288,negative,0.000990050929999318
1361881361091543042,negative,0.00027374348622912815
1361881364472152066,negative,0.05957797832934463
1361881364572893184,negative,1.174742010597118e-10
1361881364946169858,negative,0.015722510413565604
1361881366632267781,negative,5.547586483555178e-06
1361881367148187649,negative,0.09797448730401104
1361881367336808450,negative,0.04766054270621441
1361881367861059585,neutral,0.49789225920557484
1361881368125448193,negative,0.0052508421080548545
1361881368427380738,neutral,0.3442449504306551
1361881368658014209,negative,0.00020130582430730686
1361881369039806465,negative,0.052656170055404676
1361881369559896064,negative,0.06967154541412532
1361881369828347909,negative,0.0162914553276855
1361881369975136256,negative,0.09530948409055756
1361881371090817026,negative,0.0007295685845579237
1361881371673841664,negative,0.0002977285144143152
1361881374542745601,negative,0.015827160026217767
1361881375377252353,negative,0.0087700997304632
1361881375461101572,negative,0.022771670787193346
1361881375800926209,negative,0.0009011222288182106
1361881375993982988,negative,0.05357457512678084
1361881376040058881,negative,0.0014191368381265398
1361881376539181061,negative,0.045125635494388514
1361881376828645380,negative,0.016787884429364814
1361881378778992644,negative,3.5497201586087555e-06
1361881379882086402,negative,0.04479713725512996
1361881380037087241,negative,0.01946489520464502
1361881380041478148,negative,4.04215263227373e-05
1361881381291327488,negative,0.0468217707996781
1361881381341691911,negative,0.0001221884489004902
1361881381945700353,negative,0.23988732993880882
1361881382658723843,negative,0.0009248498931677552
1361881384118341634,negative,0.1400282191858976
1361881385997389824,negative,0.05357457512678084
1361881386471329793,negative,0.21257333126602235
1361881387050098688,neutral,0.4292577801630465
1361881387717058560,negative,0.00351361614820378
1361881388568477698,negative,0.09262226271607896
1361881388870426626,negative,0.0019366809666907883
1361881389029851138,negative,1.0406664833635017e-08
1361881391395311621,negative,0.01241233477651955
1361881391533801475,negative,0.002157346534550224
1361881391940726784,negative,0.001133079425850937
1361881392259477510,negative,0.3046101175466245
1361881392691429377,negative,0.001891183580962971
1361881393282752512,negative,0.017984896579314208
1361881393790390274,neutral,0.5989690548258717
1361881394754973697,negative,2.487465473825185e-07
1361881395002568705,negative,0.08545408379192729
1361881395585548293,negative,0.166326143944959
1361881396625756166,negative,0.008108819478107583
1361881397053575168,negative,0.0012536006550391988
1361881397183582208,negative,0.0021268004483543466
1361881397514940417,neutral,0.4737554465528978
1361881399439990784,neutral,0.3372486985714326
1361881400094384130,negative,0.09667311097470403
1361881400694231041,negative,3.471402048545758e-05
1361881402468360194,negative,0.11544081635508753
1361881403340836866,negative,0.016787884429364814
1361881404171292676,negative,0.00020130582430730686
1361881404485890059,positive,0.9611958417475951
1361881404754300928,negative,0.00753708168788798
1361881405131751427,negative,0.016110347994777504
1361881405345705987,negative,0.01673773711628871
1361881405517627393,negative,0.004478927258780815
1361881406071328769,neutral,0.36014310329058447
1361881406331355136,negative,0.10366650515906842
1361881407556120576,negative,4.159226791445438e-06
1361881410009763840,negative,0.012425824829383302
1361881410370379777,negative,0.016110347994777504
1361881410970275841,negative,0.004753119203582874
1361881413415358465,negative,0.13039104301609916
1361881419627298816,negative,0.00017919506558729427
1361881420113797120,neutral,0.5947739335076231
1361881423079219200,negative,0.05357457512678084
1361881424031318017,positive,0.9757982178182791
1361881425662902273,negative,0.059066837431102644
1361881426728255490,negative,0.22695773199677524
1361881427915272199,negative,0.15928527917045507
1361881430507327492,negative,7.752130399430308e-05
1361881430733819905,neutral,0.553749164753881
1361881430800883714,negative,0.019333376788251467
1361881431279042561,negative,0.01869870988099018
1361881434458361857,negative,0.2270916242691431
1361881435901149185,negative,0.16386336839572385
1361881437260156928,negative,0.026795195403981033
1361881438237425664,negative,0.06926997512087074
1361881439806095363,negative,0.002822284901713726
1361881443060879361,neutral,0.49789225920557484
1361881443966746626,negative,0.0024265365763960507
1361881445904523264,negative,0.23988732993880882
1361881445938176001,negative,0.05106637002907062
1361881446135132166,negative,0.00017919506558729427
1361881451327852546,negative,0.006859936298705416
1361881451545903104,negative,1.0810200789966221e-08
1361881452049281036,negative,0.00017919506558729427
1361881453429215233,negative,0.05413170782706402
1361881454876188673,negative,0.09530948409055756
1361881457115947008,negative,0.011592040180563831
1361881460727144448,negative,0.05086158447884676
1361881461851385862,negative,0.052096405603344054
1361881465185779718,negative,0.02781022414330101
1361881466590871555,negative,5.983305305776217e-08
1361881467010211844,negative,0.002822284901713726
1361881467635331075,negative,0.09530948409055756
1361881473738018816,neutral,0.5425813081463247
1361881476606750722,negative,0.002196958054990246
1361881481392443399,negative,1.2936507640253172e-05
1361881482143412224,neutral,0.5056162179407367
1361881482436861955,negative,0.15275052416388077
1361881485897306115,negative,0.004757157643562101
1361881486518087680,negative,0.03262774916085371
1361881490045427712,negative,0.035832760791353856
1361881490926231555,negative,0.011300045238409148
1361881491744174080,negative,0.1784025402299154
1361881492083924993,negative,0.3217963267499168
1361881493472239616,negative,0.0012778755973791355
1361881497314222089,negative,0.0660105329417496
1361881497339191301,negative,0.00020130582430730686
1361881498278846465,neutral,0.36742492523419246
1361881498446667776,negative,3.5216772755926464e-06
1361881498778017792,negative,0.004757157643562101
1361881499293921280,negative,0.00720160272808345
1361881500334055426,negative,0.04199644421414279
1361881501105860608,negative,0.0026137897196443446
1361881510480117765,neutral,0.36693669880798785
1361881511134453761,positive,0.9999804680943051
1361881511897804800,negative,0.000918674440490147
1361881512967352320,negative,0.0012778755973791355
1361881513814540294,negative,3.470683229759093e-05
1361881519057481729,negative,0.006859936298705416
1361881525382438912,negative,0.1603894675701918
1361881525634035715,negative,0.058099721059389216
1361881526137462787,negative,0.010203737506184956
1361881530612776962,negative,0.09530948409055756
1361881530763800578,negative,0.2287206037784227
1361881531485204481,negative,0.2630695093947729
1361881535222284290,neutral,0.5023027254428927
1361881535285182464,negative,0.05357457512678084
1361881535482314752,negative,0.004757157643562101
1361881537273290758,negative,1.0297747140457822e-05
1361881539777331200,neutral,0.3556581468340795
1361881540511293440,negative,1.1425939405614204e-11
1361881540515487745,positive,0.7789900239099247
1361881540519747586,negative,0.013567349189120653
1361881541811597315,negative,0.0032952471641983644
1361881543115902980,negative,4.633140673977734e-06
1361881543560552452,negative,0.034864467066877146
1361881545561284608,positive,0.8449706451271007
1361881546035245059,neutral,0.35362277955607824
1361881546194624517,neutral,0.49789225920557484
1361881547436089346,negative,0.08941844409604452
1361881547796799488,negative,0.001891183580962971
1361881548828663810,neutral,0.5255784232230389
1361881549608747010,negative,0.0031054195439432337
1361881549705261056,negative,0.059102920714112
1361881549810126849,negative,0.000990050929999318
1361881549944201220,negative,0.00102930314706044
1361881550124691457,negative,0.03175381393284488
1361881551563345924,negative,0.000918674440490147
1361881551647039496,negative,0.12021603373245746
1361881552804790275,negative,8.750012914326984e-07
1361881553362640900,negative,0.004086329021375562
1361881554323177472,negative,0.016787884429364814
1361881554541309952,positive,0.7377465568169161
1361881554881040388,negative,0.09797448730401104
1361881555178782720,negative,9.302678959096292e-16
1361881556097327105,negative,5.742716272335274e-06
1361881556424396808,neutral,0.46127768308170247
1361881556432936961,negative,0.017900259043027743
1361881556558643202,negative,0.2975904442248701
1361881557087248385,negative,0.00046523728108092163
1361881557431181315,negative,0.04678270541966506
1361881558391525376,negative,1.2936507640253172e-05
1361881559066947587,negative,0.015538836788586592
1361881559859687425,negative,0.004086329021375562
1361881560543334404,negative,1.2936507640253172e-05
1361881561063383040,negative,0.03341329596589055
1361881561965219840,positive,0.9779081525615942
1361881565161283586,negative,0.040165065462446
1361881565404487684,negative,0.00010597120423208348
1361881565492559872,negative,0.23366297181567583
1361881567006781443,neutral,0.49789225920557484
1361881568290070530,negative,0.00030114263724958737
1361881568332181504,negative,0.000990050929999318
1361881569275744263,negative,0.10054358213218693
1361881570039263234,neutral,0.36014310329058447
1361881570303488001,negative,8.458830726341782e-06
1361881570542374912,negative,0.008108819478107583
1361881570706079747,negative,0.053167413611673556
1361881572471889926,negative,0.0009280528635701556
1361881573184872448,negative,9.249664091325757e-07
1361881573671469056,negative,0.3223118533925611
1361881573793136640,negative,0.000990050929999318
1361881574413922304,negative,0.001349141850161149
1361881575647043588,negative,0.004977173861600752
1361881575902900228,negative,0.0007121589440853431
1361881577018568713,neutral,0.45750809082621896
1361881578478125057,negative,0.001133079425850937
1361881580533411846,negative,0.01012508073882542
1361881581523259392,negative,0.2794653930830212
1361881581854593024,neutral,0.36014310329058447
1361881583070949383,negative,0.0660105329417496
1361881584220200961,negative,2.268203577744254e-06
1361881584480124930,neutral,0.6411101032281088
1361881585130246151,negative,0.004653631733387073
1361881588242345985,negative,0.020647037984382857
1361881590452740099,negative,0.02439068850856169
1361881591434403841,negative,0.1861001281028274
1361881591593775104,negative,3.5216772755926464e-06
1361881593019838464,negative,0.0013352290027309592
1361881593284026372,negative,0.05357457512678084
1361881593627877379,negative,0.033496634529330854
1361881603203547136,negative,0.0014435211140411926
1361881603987959809,negative,0.05357457512678084
1361881608358424580,negative,0.011106343875148335
1361881610166046726,negative,1.2936507640253172e-05
1361881610543636481,negative,0.007846987538238079
1361881612284223488,neutral,0.5142680950292507
1361881612636491777,negative,0.004522309556120251
1361881612980486152,negative,0.18795859623648656
1361881613735395329,negative,0.2287206037784227
1361881614247149568,negative,0.06599720239626815
1361881614498856965,negative,0.005333720814183585
1361881614913921027,negative,0.013880482508218552
1361881616533114880,negative,0.05386055115356305
1361881616847618051,negative,0.002901525094327883
1361881617564852224,negative,0.2147765753586945
1361881619485843456,negative,0.23988732993880882
1361881620895174658,negative,0.0010135391573495229
1361881623415971840,negative,0.0005682575570874796
1361881624049192964,negative,3.07935914275861e-07
1361881624363810816,negative,0.006859936298705416
1361881624749740032,negative,0.2147765753586945
1361881630550487041,negative,0.02439068850856169
1361881630655266821,positive,0.8225993884580293
1361881631657713664,negative,9.64756311604451e-07
1361881631976542208,neutral,0.4667281207494068
1361881632752427012,negative,0.00020130582430730686
1361881635864641536,negative,0.014152892480957914
1361881636212772871,negative,0.10493509996246646
1361881637810806784,negative,0.09006181970181705
1361881638540435460,negative,0.032377968351464316
1361881639434006529,neutral,0.43162394384745467
1361881639849197571,negative,0.02559078758393841
1361881641837342725,negative,0.08935250649894187
1361881642332262403,negative,0.00017265216403648695
1361881644542668806,negative,4.1011749923846e-05
1361881646660804609,negative,0.0005641274309445002
1361881647314964480,negative,0.07699666720720659
1361881649953329157,negative,0.0087700997304632
1361881651589091328,negative,0.05208413089109728
1361881652083982336,negative,5.340420020327015e-06
1361881653476384771,negative,0.002822284901713726
1361881659105247241,negative,0.00020130582430730686
1361881659893833733,neutral,0.4667281207494068
1361881659960926211,negative,3.5216772755926464e-06
1361881662485917700,negative,0.033500863897591236
1361881664398393351,negative,0.03885599851815908
1361881664998244364,negative,0.06975225644913115
1361881667871203342,negative,0.033804987877426175
1361881668110462977,negative,3.864619622408372e-05
1361881669104467968,negative,0.002822284901713726
1361881673218940928,negative,0.23988732993880882
1361881674116718594,negative,0.0012675861158613592
1361881674959777796,negative,0.04678270541966506
1361881675450486787,negative,0.11910064131159283
1361881675878260737,negative,0.10217186774182256
1361881676599742467,negative,0.0010135391573495229
1361881677501448194,negative,0.0003998648201026224
1361881684820578310,negative,0.20118071425676004
1361881692127047688,negative,4.868287601441508e-05
1361881692437413893,negative,0.0087700997304632
1361881693255270400,negative,0.0001914735893973449
1361881696249864194,negative,0.015722510413565604
1361881699697721345,neutral,0.4274047939449264
1361881700163346436,negative,0.011106343875148335
1361881701509722115,neutral,0.6126819563343542
1361881702247890946,negative,0.04942613249038806
1361881703917236230,negative,0.04082196853590742
1361881706030985217,negative,0.0018145507610497283
1361881706186366982,negative,0.07057045199570935
1361881707612311552,negative,0.0001221305618482212
1361881709973766144,negative,0.05357457512678084
1361881710309367812,negative,5.590630658234687e-05
1361881711089483777,negative,0.0026137897196443446
1361881711345295361,negative,0.013880482508218552
1361881711521501189,negative,0.0010165363421569128
1361881711638904835,negative,8.310422919920284e-06
1361881714864377857,negative,0.23562434052808948
1361881717011853312,negative,0.09530948409055756
1361881724301561856,negative,0.17309034206570623
1361881727149432833,negative,0.004522309556120251
1361881728256782337,negative,0.0050849534133989875
1361881729561206787,negative,0.0001783764279215546
1361881730102292481,negative,2.9632696099077925e-09
1361881730903400448,negative,0.061721186948758416
1361881730920103937,negative,3.443975348583723e-07
1361881733013118976,negative,0.0008496953345485857
1361881735441473540,negative,0.016787884429364814
1361881736066514944,negative,0.0005271496179503533
1361881736305643524,negative,0.10944822003342888
1361881737027080194,neutral,0.48061219287488127
1361881739354865667,negative,2.7279387673353513e-05
1361881740982247427,negative,0.01678154902376081
1361881743029075968,negative,3.470683229759093e-05
1361881744245415940,negative,0.09418084068739434
1361881744954294281,negative,0.0911237997999076
1361881746136985601,negative,0.0005163060872046701
1361881746741035012,negative,0.01869870988099018
1361881747307327490,positive,0.93614813110056
1361881747764355080,negative,0.15275052416388077
1361881749152792582,negative,0.006859936298705416
1361881750348193793,negative,0.0012148496231762142
1361881751031853056,negative,0.0004127514285876195
1361881752113979392,positive,0.8449706451271007
1361881753040932866,negative,0.09418084068739434
1361881753439399937,negative,5.154951393520822e-07
1361881754047557637,neutral,0.46127768308170247
1361881754307559424,negative,0.00014795429640365338
1361881755842715651,negative,0.0010135391573495229
1361881756291497985,negative,5.087596700994791e-06
1361881758237683713,negative,0.017984896579314208
1361881758413688835,negative,0.09418084068739434
1361881758548000777,negative,0.037209146369517276
1361881758745165825,negative,0.033229249848535605
1361881758808100867,negative,0.008988875933138817
1361881759454011394,neutral,0.4853896596109071
1361881761584660489,negative,0.00010507919301868437
1361881762331193344,negative,0.023139963450933228
1361881762931040257,negative,0.000990050929999318
1361881763925131267,negative,2.1686550472905447e-07
1361881764541652992,neutral,0.41254745920976893
1361881764675923970,negative,0.2812124665127172
1361881765699330049,neutral,0.39137898901953566
1361881766433284098,positive,0.8651618779548107
1361881768719241216,negative,0.00020130582430730686
1361881769209778177,positive,0.9566871126165171
1361881769222447104,negative,0.00024292619579313076
1361881769910427651,neutral,0.40873259110597676
1361881772468805635,negative,0.04206815507267597
1361881774293454854,negative,4.413376902025267e-05
1361881774616416257,negative,1.147923143590515e-05
1361881774721236992,negative,0.04526885811592329
1361881774989656064,negative,0.011398794290645239
1361881775291604992,negative,1.8678350586732432e-05
1361881775748698115,negative,0.0010135391573495229
1361881775774060549,negative,0.02303560624538249
1361881776252215298,negative,0.000990050929999318
1361881776931573768,positive,0.8449706451271007
1361881778722648068,negative,0.3046101175466245
1361881779209125889,negative,0.13152545889307815
1361881779376959488,negative,0.000990050929999318
1361881780874223616,negative,1.2936507640253172e-05
1361881783965523968,negative,0.0073688261252194045
1361881785160916998,negative,0.2241600926200658
1361881786427523073,negative,3.417237775050289e-06
1361881787148959746,negative,1.657065283097788e-06
1361881787308388352,negative,2.9788518585339686e-05
1361881788436647938,negative,0.12693968478489281
1361881788553957379,negative,0.0013627972799442989
1361881789346680832,negative,0.00020130582430730686
1361881789535580161,neutral,0.39274765723876304
1361881790256939015,negative,7.782898213396805e-05
1361881790315515907,negative,0.035207153358869384
1361881791653683204,negative,0.001133079425850937
1361881793880756227,negative,0.06314308493213065
1361881794409345025,negative,0.0024265365763960507
1361881795432620034,negative,0.005461337699871241
1361881795789283332,negative,0.05357457512678084
1361881796099649538,negative,0.05957797832934463
1361881797672325123,negative,0.0062877297735551745
1361881798238740481,negative,0.013955714247602391
1361881802319691780,negative,5.219183497409914e-05
1361881802340712454,negative,0.00010597120423208348
1361881803196428292,negative,0.00010597120423208348
1361881804492398592,negative,0.033496634529330854
1361881806220398595,negative,0.2270916242691431
1361881806484639745,positive,0.8449706451271007
1361881807688450048,negative,0.04102531390741859
1361881807969484803,negative,0.012385282464564789
1361881808049238021,negative,0.00749442447098596
1361881808053227524,negative,0.11395987743648485
1361881808053227527,negative,0.23972773971202263
1361881808175050754,negative,0.0006045967898486234
1361881808183250949,negative,0.1408391663269699
1361881808183447553,negative,0.07736349569523265
1361881808384581633,negative,0.041338873334735404
1361881810599297031,negative,0.023139963450933228
1361881811048103937,neutral,0.49789225920557484
1361881811182321673,negative,0.0004965321904754686
1361881811601784833,negative,0.010320231446011024
1361881812264452152,negative,0.14586164036414112
1361881812369309696,negative,0.09458669463109234
1361881812730011649,negative,0.3274903280201044
1361881812868493313,negative,0.032377968351464316
1361881812948062212,negative,0.033804987877426175
1361881813052964873,negative,0.033199612638999176
1361881814286143488,negative,6.348727319245547e-14
1361881814319714307,negative,0.10715633970361955
1361881815275962374,neutral,0.63508994294863
1361881815653441536,negative,0.015722510413565604
1361881816492355585,neutral,0.5008265300778674
1361881817373097986,negative,0.24490252709612087
1361881817452789761,negative,0.01783695133542891
1361881817654169600,negative,0.001363782482016651
1361881817943396357,negative,0.09530948409055756
1361881818081996802,negative,0.19570694901960253
1361881818304143360,negative,0.0024265365763960507
1361881818597892099,negative,0.05357457512678084
1361881818606284801,negative,0.005103791870604374
1361881818652422145,negative,0.014133286461236577
1361881820669874178,negative,0.00046911426860848937
1361881820862640136,negative,0.0012778755973791355
1361881821139582978,negative,0.021089766419910824
1361881821886226434,negative,0.0027996231396652865
1361881822422921220,negative,0.11105713477849632
1361881822918025219,positive,0.7830555770585808
1361881823517663235,negative,0.2270916242691431
1361881823681380352,negative,0.033146332592495276
1361881824251711497,negative,0.03822162174034726
1361881824943833093,negative,0.033194606476668935
1361881826655145991,negative,0.014281284200859902
1361881827766657025,negative,0.035207153358869384
1361881828609716230,negative,0.004122454321964001
1361881829456957442,negative,0.001133079425850937
1361881830509711360,negative,0.0022664764912796137
1361881830513901568,positive,0.9932840603930891
1361881831478558725,negative,0.010642292083325832
1361881831864475652,negative,0.0008150245627202774
1361881832753487875,negative,0.0007952396496046828
1361881833277968397,negative,0.00020130582430730686
1361881835400290306,negative,0.005527170083806231
1361881835547086850,negative,0.011106343875148335
1361881836943769604,negative,0.11579010942057401
1361881837052850176,negative,0.003809814404607409
1361881837057044483,negative,0.3225646416005243
1361881838369861634,negative,0.0038712641655717847
1361881840173350916,neutral,0.36014310329058447
1361881840890638338,negative,4.197876886187315e-05
1361881840919998464,negative,0.0024265020517426693
1361881841343602688,negative,0.005490394012624871
1361881841356144640,negative,0.006976774096290364
1361881841834156034,negative,0.004760763492932852
1361881842027233280,negative,0.001133079425850937
1361881842920611844,positive,0.7157934371815674
1361881843478405125,negative,0.019939286596423113
1361881843495301120,positive,0.9259815607928116
1361881844048924672,negative,0.000990050929999318
1361881846208937985,neutral,0.4840635283313082
1361881846703919105,negative,0.13790829785540254
1361881849186963456,negative,0.02811768481343112
1361881850323431429,negative,0.23988732993880882
1361881851175043072,negative,0.05357457512678084
1361881851321745409,negative,0.09552935331609308
1361881851401547777,negative,0.22664324401202743
1361881851988697088,negative,0.05808899606133956
1361881852135497729,negative,0.002182449904603047
1361881852924026884,negative,0.0010135391573495229
1361881853129613314,negative,4.067939598143211e-05
1361881855339991043,negative,0.000631150699573897
1361881855717433345,negative,0.0004127514285876195
1361881855730077697,positive,0.7228705013161616
1361881855784534021,negative,1.0297747140457822e-05
1361881856048832514,negative,0.0519469092772644
1361881856136871937,neutral,0.3458901997620256
1361881856640245763,negative,0.00020130582430730686
1361881857047068674,negative,0.033496634529330854
1361881857990746115,neutral,0.5451710279798619
1361881858783518723,neutral,0.4507454498615163
1361881859450417153,negative,0.016787884429364814
1361881859563528195,negative,0.021036804454949178
1361881859949547522,positive,0.7758288771235058
1361881860163465219,negative,0.05357457512678084
1361881860427575301,positive,0.9486631512279288
1361881860901658630,negative,0.03501890977918644
1361881862004760578,negative,0.2135140083070197
1361881862059266048,negative,0.0009547231292815011
1361881863619547138,negative,0.000990050929999318
1361881863699238914,negative,0.03695752490426392
1361881864064106496,negative,0.0001284651829373238
1361881864143835142,negative,0.013255239653530001
1361881865464995840,negative,0.005604325898129143
1361881865523707904,negative,0.0590071017600028
1361881866081628164,negative,1.1230573798892524e-05
1361881867566403584,negative,0.016913863642653758
1361881867952267273,negative,0.0038712641655717847
1361881868623306759,negative,0.1404861320541009
1361881870695346179,negative,0.00015316948550583818
1361881871852969988,negative,0.10906462876483691
1361881872133984256,negative,0.07736349569523265
1361881872268156931,negative,0.0049304725671026174
1361881873635540992,negative,0.04479713725512996
1361881873652346881,negative,3.427475763378293e-05
1361881873975230465,negative,0.011362394906680718
1361881875086770176,negative,0.00017265216403648695
1361881875090841603,negative,0.017984896579314208
1361881877431336965,negative,0.015588462689835316
1361881877972410369,negative,1.3137432255892885e-07
1361881878261886978,neutral,0.3499352441185855
1361881879557918722,negative,0.0006045967898486234
1361881880115752961,negative,0.027843144893088416
1361881880220626946,negative,0.0014539877848125458
1361881880614813696,negative,0.0024265365763960507
1361881881436897281,negative,0.019116945221707916
1361881881759936512,positive,0.9925167953230853
1361881881910923264,negative,0.0162876925759372
1361881882728800260,negative,0.05357457512678084
1361881882871365634,negative,0.03680230327726937
1361881882955292672,negative,0.001828033853198001
1361881883525713922,negative,0.07736349569523265
1361881884012109830,negative,0.00370988678964573
1361881884448329732,negative,0.032377968351464316
1361881884649750530,negative,1.28123490915707e-05
1361881884947587075,negative,0.000990050929999318
1361881885476085761,negative,0.05106637002907062
1361881885677395970,negative,5.547586483555178e-06
1361881886008688642,negative,0.03390654434664696
1361881886180663296,negative,0.0001783764279215546
1361881888265293824,negative,5.219183497409914e-05
1361881888428724232,negative,0.19576051584226958
1361881889745862659,negative,0.16117862868369137
1361881890421170177,positive,0.7789900239099247
1361881892233043968,negative,5.547586483555178e-06
1361881893415882752,negative,0.024564435534352856
1361881894456090627,negative,0.2287206037784227
1361881894963535872,negative,0.10788485300559593
1361881896293138432,negative,0.29021340564090414
1361881896855216128,negative,0.0013455476900050582
1361881897794641922,negative,0.00020130582430730686
1361881897954119682,negative,0.000990050929999318
1361881899174658050,negative,0.07736349569523265
1361881901053726724,positive,0.9779081525615942
1361881902572064768,negative,0.006116635385121882
1361881903389884416,negative,0.12156401893128603
1361881903914242049,negative,0.0062899480639258334
1361881904115556352,negative,0.004086329021375562
1361881904480276482,negative,2.6743284854422935e-09
1361881905633759232,positive,0.9909400242026554
1361881905721917440,negative,0.000990050929999318
1361881905784905729,negative,0.061721186948758416
1361881906414047232,negative,3.7315027362533294e-07
1361881907215138818,negative,0.0003421370751812602
1361881907798024193,negative,0.02487634209388752
1361881908762841088,negative,0.000990050929999318
1361881908821561348,negative,0.0010002361821155772
1361881909689802753,neutral,0.40234993434680955
1361881910029340678,negative,0.000317015944162607
1361881910063071233,negative,0.16305889594729991
1361881910335668224,negative,0.022708803407880496
1361881910402818048,negative,0.000990050929999318
1361881910717341697,negative,0.03490537139344192
1361881910788587521,negative,0.1787169082967429
1361881910792777728,negative,0.035207153358869384
1361881911019331584,negative,0.016787884429364814
1361881911694606337,neutral,0.36014310329058447
1361881912705384449,negative,3.417237775050289e-06
1361881913724727301,negative,2.4044233419996706e-05
1361881914102214656,negative,0.02045825604883988
1361881914311798788,negative,0.1603894675701918
1361881914752331778,negative,0.000990050929999318
1361881915012317185,negative,0.036420213240054976
1361881917008838656,negative,0.15498661121398763
1361881917335998464,negative,0.22390936353552177
1361881917734453249,neutral,0.35362277955607824
1361881917755375619,negative,0.059066837431102644
1361881918577532930,neutral,0.49789225920557484
1361881919504416770,negative,0.0719376920759857
1361881921047953409,negative,0.00012348706371970172
1361881921710673920,negative,0.0654201385212326
1361881921962332161,negative,0.008061199719809458
1361881925003182080,negative,0.003970901874489672
1361881925913358338,negative,0.0014454517044287785
1361881926781566978,negative,7.503364275880304e-06
1361881928434089984,negative,5.153236853619097e-09
1361881928899698691,positive,0.9566871126165171
1361881929247830017,negative,0.05357457512678084
1361881929247838210,negative,0.1416875594532655
1361881930216701953,negative,0.27573504579545793
1361881930275450880,negative,0.24049686817969856
1361881931835703299,negative,0.09530948409055756
1361881932280250368,negative,0.14298890361588043
1361881932703891457,neutral,0.4513605618894927
1361881932817182720,negative,0.0087700997304632
1361881933261717505,negative,0.1603894675701918
1361881933903499268,negative,0.012593957822313285
1361881934192910337,negative,0.008079980957480321
1361881934289379331,negative,0.00020130582430730686
1361881934289383425,negative,0.0076627860343016895
1361881934314545157,negative,0.00039785535954796645
1361881935212118016,negative,0.005417047493701125
1361881935715446785,positive,0.954873127285284
1361881935937699848,negative,0.004038108454513459
1361881935971110914,negative,3.6860439106232884e-05
1361881938085228546,negative,0.005314036913586103
1361881938747744257,negative,0.05357457512678084
1361881938848530434,negative,0.000990050929999318
1361881939406254084,negative,0.3274903280201044
1361881939427393537,negative,0.000990050929999318
1361881939691663363,negative,0.26079209232640216
1361881941172097027,negative,0.017984896579314208
1361881941352488960,negative,0.016787884429364814
1361881943604940803,negative,0.000990050929999318
1361881944565444610,negative,0.059066837431102644
1361881945177792516,neutral,0.4323510242933817
1361881945211351041,negative,0.17835192571030348
1361881946213736448,negative,0.10715633970361955
1361881946389835778,negative,0.017984896579314208
1361881946981339136,negative,0.17110783127166218
1361881947002273792,negative,0.003970901874489672
1361881947467902976,negative,0.015588462689835316
1361881947870556163,negative,0.003866089760200314
1361881948130586631,negative,0.005728030292617755
1361881948839362561,negative,7.555386655721703e-05
1361881949476954112,negative,0.040165065462446
1361881949846048770,negative,7.752130399430308e-05
1361881950131277824,neutral,0.4614403939185461
1361881952463319041,negative,0.2918564722831717
1361881954162008064,negative,0.12703271384507175
1361881954266701829,negative,0.013880482508218552
1361881956364021760,negative,0.004753119203582874
1361881958033350656,neutral,0.346708467355799
1361881958737969155,negative,0.0468217707996781
1361881960025587712,positive,0.8449706451271007
1361881960285675525,negative,0.012885399606980593
1361881961204248577,negative,0.11317747200765257
1361881961996943363,negative,1.9713479700273965e-07
1361881963678863360,negative,0.09797448730401104
1361881964421275649,negative,7.752130399430308e-05
1361881964958150657,negative,6.600756830910765e-05
1361881965033648135,negative,0.0006045967898486234
1361881965042020354,negative,0.15270914106115177
1361881965935407106,negative,0.2630695093947729
1361881967294349312,negative,0.01187816415512862
1361881967600545798,negative,0.09530948409055756
1361881971203338243,negative,0.012137846701921182
1361881972394631168,negative,0.3239816024854695
1361881973044740097,neutral,0.49789225920557484
1361881974001049600,negative,0.000990050929999318
1361881974101729280,negative,0.10538030813047634
1361881974940590082,neutral,0.35362277955607824
1361881976165326848,negative,0.039872378433051504
1361881978300030977,negative,0.005604325898129143
1361881979478810625,negative,6.468691970955696e-05
1361881981030699008,negative,0.07736349569523265
1361881981097635840,negative,0.005604325898129143
1361881981995397124,positive,0.9998346173284736
1361881982175768580,negative,0.00031311779577884686
1361881982473547778,negative,0.09797448730401104
1361881983027011586,negative,0.0069309985301994285
1361881983274676226,negative,0.0014435211140411926
1361881983433904136,negative,0.014663671922893627
1361881984239357961,negative,0.000990050929999318
1361881984327430154,negative,0.09410139867030919
1361881984457453568,negative,1.2936507640253172e-05
1361881985283551233,negative,0.04235832237062954
1361881986369916929,negative,0.05218307574147477
1361881986785308678,negative,0.00042353084294700634
1361881988521725955,negative,0.17110783127166218
1361881989142302722,negative,0.0018145507610497283
1361881989306060802,negative,6.648187899836074e-07
1361881989457063940,negative,0.019989593375312815
1361881990048473090,neutral,0.48728019602140255
1361881991147384832,negative,0.009761345140847096
1361881991759675393,negative,0.033146332592495276
1361881992170668038,negative,1.2936507640253172e-05
1361881992237842433,negative,0.004086329021375562
1361881995001929733,negative,1.2936507640253172e-05
1361881995584937987,negative,0.00035368461468789943
1361881996675280898,negative,3.355457233302916e-05
1361881997820444672,negative,0.03173832375291585
1361881998760030215,negative,0.006426218211711938
1361881999892389890,negative,0.0012461847418759407
1361882000295141378,negative,0.0009880485858576227
1361882000458715137,neutral,0.6527247472559132
1361882000760705024,negative,0.09126787907567749
1361882001259790336,negative,0.000990050929999318
1361882001771532288,negative,0.05357457512678084
1361882002107023360,negative,0.0006525200091543852
1361882002492956673,negative,0.008646849781146368
1361882002757189634,negative,0.0006634983013918844
1361882003512131584,neutral,0.39274765723876304
1361882003793195011,negative,0.000990050929999318
1361882003960786944,negative,3.417237775050289e-06
1361882004191649792,negative,0.004892257398399707
1361882004229341186,negative,0.000990050929999318
1361882004548177920,negative,0.041350594160695656
1361882011116445704,negative,0.003068859081307111
1361882012144041986,negative,0.017984896579314208
1361882012194324480,negative,0.03496123872401832
1361882013167464455,negative,0.09449283389162401
1361882014530568200,positive,0.8505430007840827
1361882016229261319,negative,0.10458923474975473
1361882017319763974,negative,9.094549764178897e-05
1361882017923801088,negative,0.14424502942014927
1361882018578124801,negative,0.14184549148017694
1361882019442159625,negative,0.011629802905316075
1361882019937079296,negative,6.751286354918126e-06
1361882020100460545,negative,3.417237775050289e-06
1361882020624883716,negative,0.0009848739515071492
1361882020788523008,negative,0.04526885811592329
1361882021631578113,negative,0.014331789528848532
1361882023313424385,negative,6.819922498114256e-07
1361882023359442945,neutral,0.584923686653108
1361882024181723138,negative,0.048981831435994175
1361882024877899777,negative,0.03175665263782722
1361882026958348289,negative,0.23562434052808948
1361882027063148544,negative,0.15902066851370936
1361882027302207491,negative,0.0037777057052380066
1361882027616841729,positive,0.8998798821255818
1361882028376006662,negative,0.23988732993880882
1361882028594122752,negative,0.15497715679400342
1361882028849975301,negative,0.07271753467465127
1361882028950568962,negative,0.001891183580962971
1361882028971618306,negative,0.04199644421414279
1361882029810470918,positive,0.6990333581335987
1361882031404314625,neutral,0.40860474794660473
1361882031475589122,negative,0.0062877297735551745
1361882031945302018,negative,0.3223118533925611
1361882032217985028,negative,0.05378460301345363
1361882032289234945,negative,0.1843468047297809
1361882032322805761,positive,0.9633894245446962
1361882033191059456,negative,0.05357457512678084
1361882034789089283,negative,0.029722762497409357
1361882035116265472,negative,0.0012484571762012829
1361882036907233281,negative,0.14424502942014927
1361882037590712320,neutral,0.4542303419466057
1361882040640167937,negative,0.05817265393155838
1361882040887508993,negative,0.25846450476066457
1361882043001561090,negative,0.027306823983217477
1361882043223846916,negative,3.417237775050289e-06
1361882044859625472,negative,0.041338873334735404
1361882044930875395,negative,1.404354449424273e-06
1361882045505503236,negative,0.036331865682472424
1361882046612844546,negative,0.0001526521557617967
1361882046658969600,negative,0.05357457512678084
1361882047548190726,negative,0.0012778755973791355
1361882047980179457,negative,0.1728524614740479
1361882048240250883,negative,0.10366650515906842
1361882048860946433,positive,0.7789900239099247
1361882050211553288,positive,0.7758288771235058
1361882052195450882,negative,0.000990050929999318
1361882052476477441,negative,0.0005042075821884034
1361882054707716102,neutral,0.49789225920557484
1361882055571873793,negative,0.000990050929999318
1361882056058425346,negative,0.07736349569523265
1361882056209399812,negative,0.1434131477054091
1361882059703087104,negative,0.0023372401361913485
1361882060697137158,negative,0.0006045967898486234
1361882061221425154,negative,3.417237775050289e-06
1361882061632593920,negative,0.29405724666276273
1361882063750758406,positive,0.954873127285284
1361882064593641474,negative,0.0018145507610497283
1361882064606298118,negative,0.09151565997391957
1361882065508175873,negative,0.0013971125971327769
1361882065688526848,negative,0.013095796371666154
1361882065998913536,negative,0.004086329021375562
1361882066229551108,neutral,0.45760144536329134
1361882066279948293,negative,0.10308896748178487
1361882067039100931,negative,0.10308896748178487
1361882067328524290,negative,0.0004127514285876195
1361882068054134787,negative,0.033496634529330854
1361882068343533568,negative,5.200160304918181e-08
1361882073028567046,negative,0.05161965971790963
1361882073934532609,negative,3.417237775050289e-06
1361882074723008513,negative,0.00017265216403648695
1361882075813601282,negative,0.00020130582430730686
1361882076014862341,neutral,0.40234993434680955
1361882077084352514,negative,0.016787884429364814
1361882077092806656,negative,1.2936507640253172e-05
1361882081719156737,negative,0.14736251575735088
1361882082041978884,negative,3.355457233302916e-05
1361882082272804866,negative,0.003201522615581168
1361882082482470913,negative,0.12453765594933912
1361882083451371524,negative,0.000990050929999318
1361882084437065728,negative,0.0009547231292815011
1361882085477081089,negative,0.026551221636493916
1361882086056095746,negative,0.0006634983013918844
1361882086362275840,negative,5.087596700994791e-06
1361882086429384705,negative,0.004757157643562101
1361882087347740672,negative,0.0006045967898486234
1361882088044171265,negative,0.0027248052903073054
1361882088736227329,negative,1.2936507640253172e-05
1361882089264730116,negative,0.14161800834439284
1361882090451656707,neutral,0.5167531858261193
1361882091533705217,negative,1.2936507640253172e-05
1361882092892782592,negative,0.023150832274050653
1361882093903622148,negative,0.04479713725512996
1361882093962342401,negative,0.016787884429364814
1361882094591483906,negative,0.000990050929999318
1361882095359000582,negative,0.022075620805422216
1361882095388266496,negative,0.002196958054990246
1361882096684437504,negative,0.00017935925468726756
1361882097061941248,negative,0.29103102993209923
1361882097066135552,negative,0.004757157643562101
1361882097133174789,negative,0.03801610846604707
1361882099289124866,positive,0.6777777806487693
1361882099633057793,negative,0.013955714247602391
1361882100971040768,negative,0.05357457512678084
1361882101448994818,negative,0.016787884429364814
1361882101885321216,negative,0.18948102182959006
1361882102099288064,negative,0.018999805511496347
1361882102741016578,negative,0.004086329021375562
1361882104867344387,negative,7.166235249834237e-07
1361882105089843204,negative,0.000990050929999318
1361882105526030340,negative,0.1336995657242304
1361882105677025281,negative,0.06972437480884489
1361882106931085313,negative,1.0696365192662596e-06
1361882107132465152,positive,0.9470229429998196
1361882108558336001,negative,0.001385631519239884
1361882109011365891,negative,0.0018145507610497283
1361882109938434049,negative,0.0041604897079766945
1361882110269784066,negative,9.067981071381233e-06
1361882111460933633,negative,0.000990050929999318
1361882111490232321,negative,0.008690896866425544
1361882111897186304,negative,0.00024292619579313076
1361882113507692545,negative,0.23369812925535294
1361882113662976000,negative,0.016787884429364814
1361882114392735745,negative,0.000990050929999318
1361882114585743366,negative,0.32669635912674927
1361882115005112321,negative,0.0038712641655717847
1361882115823046656,neutral,0.4323510242933817
1361882115944701954,negative,0.03832931606655762
1361882115969810438,negative,0.0008674230135748699
1361882118129909763,negative,0.031728215217635476
1361882118322855936,negative,0.0031259588036252426
1361882118582906883,negative,0.001319581500372737
1361882118817726467,negative,0.1771791862348512
1361882118926778374,negative,0.0001754741171529254
1361882119602061314,neutral,0.49789225920557484
1361882120432590850,negative,0.010680776407679568
1361882120835239939,negative,0.03791627134522328
1361882121321803776,negative,0.0076627860343016895
1361882121674125313,positive,0.954873127285284
1361882121871179777,negative,0.3247827604883775
1361882122592600065,negative,0.10888790560604424
1361882122617643008,negative,0.03451709748792609
1361882122961752066,negative,0.00015308949213585976
1361882123934777345,negative,8.684238016951448e-06
1361882125629235201,negative,0.0087700997304632
1361882125679616000,positive,0.9156418321325731
1361882126006812679,negative,0.3004164870193191
1361882126065500160,negative,0.033496634529330854
1361882127768387584,negative,3.1510083315005123e-11
1361882129701945347,negative,0.007881291276833543
1361882130566041600,negative,0.011362394906680718
1361882130733621251,negative,0.018759567016917347
1361882130842857474,negative,6.300384629624793e-08
1361882132495429632,negative,0.09175527122354733
1361882133728428032,negative,0.0014435211140411926
1361882134139527171,negative,8.373754620919552e-05
1361882136127680518,negative,0.034353499813125146
1361882136534536195,negative,2.6743284854422935e-09
1361882136685510656,negative,0.07699666720720659
1361882137012498432,neutral,0.40506534230917196
1361882137033588737,neutral,0.3530933766614842
1361882137134252036,negative,0.0014559392152529215
1361882137226600450,negative,0.000990050929999318
1361882137234923520,negative,0.011122693029466694
1361882138069651458,negative,0.005738350104634932
1361882139441176578,negative,0.05846651021340024
1361882140577824774,negative,0.07736349569523265
1361882140691095553,negative,3.110575521878144e-06
1361882142024810496,negative,0.05357457512678084
1361882142091988992,negative,0.0019366809666907883
1361882143241236480,negative,7.715835230906505e-05
1361882143631237125,negative,0.001891183580962971
1361882144147144704,negative,0.000990050929999318
1361882144323248132,negative,0.00027671342114441144
1361882144663076868,negative,7.461382137720118e-06
1361882144822370307,negative,0.0071325852184430764
1361882146307076098,negative,3.6570444371724085e-06
1361882146940485634,positive,0.9779081525615942
1361882147112501251,negative,1.9472510272729275e-09
1361882147229941762,negative,0.0026137897196443446
1361882148358090759,negative,3.971150663975751e-09
1361882149142618114,negative,0.0026718646847690027
1361882150287646722,negative,4.6152758069199954e-07
1361882150702874631,negative,6.188209169316326e-05
1361882150895714304,negative,3.417237775050289e-06
1361882150912614403,negative,0.0009280528635701556
1361882152569307136,neutral,0.4323510242933817
1361882152770617346,negative,3.417237775050289e-06
1361882154746208256,negative,0.059066837431102644
1361882156562145287,neutral,0.35850359135193266
1361882156663005188,negative,0.000990050929999318
1361882156809785346,negative,0.022142681542684218
1361882157019521026,negative,0.059066837431102644
1361882157187289090,negative,2.6315605087247658e-08
1361882158290337795,negative,0.0004127514285876195
1361882158831439875,negative,0.008018868561209877
1361882159431233537,negative,0.015588462689835316
1361882160152518659,negative,0.2270916242691431
1361882163000479746,negative,3.5216772755926464e-06
1361882163046711306,negative,0.09530948409055756
1361882163323502596,negative,3.358646412449159e-05
1361882163692646402,negative,0.059066837431102644
1361882163839459332,negative,0.000990050929999318
1361882166112579587,negative,0.014410021282987497
1361882167815643142,negative,0.032377968351464316
1361882168318849035,negative,0.23547448214396235
1361882168885133313,negative,0.11786918771417619
1361882169304580098,negative,0.00020130582430730686
1361882170084720641,negative,0.03379891532324992
1361882170730680324,positive,0.9633894245446962
1361882171217223683,negative,0.059066837431102644
1361882172043517953,negative,0.000990050929999318
1361882172521644032,negative,0.041338873334735404
1361882172915937281,negative,0.06661511644392898
1361882174220288007,negative,0.00026358715247077876
1361882175767986180,negative,0.05357457512678084
1361882176636215296,negative,0.059066837431102644
1361882177454166018,negative,6.3492551763847854e-06
1361882178095833088,negative,0.000990050929999318
1361882178662129664,negative,0.02862850044334376
1361882178720849923,negative,0.059066837431102644
1361882179601502216,negative,0.16449090882587974
1361882179983314944,negative,0.08758599985141521
1361882180595638272,negative,0.044712805593316474
1361882181057019904,neutral,0.39642838508630834
1361882182671880192,negative,1.8734562271535088e-05
1361882182990655493,negative,0.011336104168856742
1361882183573594112,negative,0.001133079425850937
1361882183871328259,negative,0.1603894675701918
1361882184525692930,negative,0.00424899509133177
1361882185880506368,negative,0.008157976426003641
1361882186253795330,negative,0.023139963450933228
1361882186601873409,negative,0.035832760791353856
1361882186815692807,negative,0.0015343017638724213
1361882187184951298,negative,0.027306823983217477
1361882187432402946,positive,0.9247033609254065
1361882189688954880,negative,0.000990050929999318
1361882190968217602,negative,7.774236436843063e-06
1361882191874121730,negative,0.005314036913586103
1361882192092139522,negative,0.0014435211140411926
1361882192226451460,negative,0.3274903280201044
1361882192247414787,negative,0.05469565531054591
1361882192545271808,negative,0.012593957822313285
1361882193501511680,negative,0.02839517461614872
1361882193962946564,negative,0.05897235857735733
1361882195766505472,positive,0.7228705013161616
1361882196374675456,negative,0.0010014503924579037
1361882196810887168,negative,0.1974243898795919
1361882197033058314,positive,0.6600029025252675
1361882198547324929,negative,0.10715633970361955
1361882198912204802,negative,0.0006634983013918844
1361882199738503168,negative,0.033496634529330854
1361882202791936001,negative,0.0004056884615220298
1361882202879983619,negative,9.464269737859332e-06
1361882202880040960,positive,0.7228705013161616
1361882202905206787,negative,0.001891183580962971
1361882203328827393,negative,0.059066837431102644
1361882203739815938,negative,0.04526885811592329
1361882203802783747,negative,0.0002977285144143152
1361882204188606466,negative,0.00028528500291304185
1361882204884844545,negative,0.000990050929999318
1361882205325320192,negative,3.70444851636747e-05
1361882205446889475,negative,0.2270916242691431
1361882205811802118,negative,1.6208451995626925e-08
1361882205958643716,negative,0.05357457512678084
1361882206386286595,negative,0.0001511631158924984
1361882206415835137,negative,0.1407145915201862
1361882207342759937,negative,0.000990050929999318
1361882208726880258,negative,3.470683229759093e-05
1361882208848531460,negative,0.015827160026217767
1361882209242783745,negative,0.059066837431102644
1361882210001895428,negative,0.10715633970361955
1361882210282930177,negative,0.0038712641655717847
1361882210714984449,positive,0.954873127285284
1361882210845028353,negative,0.000990050929999318
1361882210899537923,negative,2.3931296607730356e-05
1361882211142815744,negative,0.05357457512678084
1361882212250042371,negative,0.004757157643562101
1361882212715659264,negative,0.004086329021375562
1361882214225633289,negative,0.03680230327726937
1361882214565306370,negative,0.0468217707996781
1361882214695337986,negative,0.0026137897196443446
1361882215244783619,negative,2.462497264869912e-07
1361882217555836932,negative,0.000990050929999318
1361882217677479937,negative,8.684238016951448e-06
1361882218214404098,negative,0.0007022342553655268
1361882218625437696,negative,0.00010597120423208348
1361882218759651328,negative,0.17110783127166218
1361882219833417728,negative,0.08069163204309866
1361882221414666241,negative,0.09190350529125238
1361882221683081216,positive,0.8991938692865286
1361882222912024577,negative,0.00014795429640365338
1361882223574736898,negative,0.2580155945596261
1361882223708938242,neutral,0.6380142393451528
1361882224006557696,positive,0.9779081525615942
1361882224883286017,negative,0.059066837431102644
1361882227685134343,negative,7.782898213396805e-05
1361882228305899522,neutral,0.35362277955607824
1361882228549160960,negative,0.059066837431102644
1361882230751195138,negative,5.806832646073113e-07
1361882231019606018,negative,0.011629802905316075
1361882231791226884,negative,3.6860439106232884e-05
1361882232076570624,negative,0.04212930954248163
1361882232101752833,negative,0.059066837431102644
1361882232424722434,negative,0.03832931606655762
1361882232676356096,negative,8.809633762454282e-05
1361882233334689794,neutral,0.4737554465528978
1361882234760941568,positive,0.9852916603658365
1361882235142615042,negative,0.000990050929999318
1361882235419328512,negative,0.000990050929999318
1361882235943612418,negative,0.059066837431102644
1361882236421824512,negative,0.05357457512678084
1361882237776453638,negative,0.07000812748950432
1361882238183501826,negative,0.013807455330012288
1361882238808383490,negative,0.15630830276745175
1361882240599293959,negative,1.2936507640253172e-05
1361882241576615940,negative,0.00013479046429447703
1361882241970888705,negative,0.00014491138165983897
1361882244135215105,negative,0.06815522424954162
1361882244546252800,negative,0.0004958928774941547
1361882245552893955,negative,0.0038712641655717847
1361882247859757057,negative,2.1328169277588322e-07
1361882248325201922,negative,0.2736552094324365
1361882248635686914,negative,0.2805594507293369
1361882250103693313,negative,3.4032851043498677e-06
1361882250816720897,negative,0.05357457512678084
1361882251395551234,negative,0.008942520506853931
1361882251852607490,negative,0.00020130582430730686
1361882253622710275,negative,0.07612152983900733
1361882258316152833,negative,0.05357457512678084
1361882259377303554,negative,0.000990050929999318
1361882259746357250,negative,1.7298764783720144e-07
1361882260903985154,negative,0.015279476292829957
1361882260908163075,negative,0.0019509162181003002
1361882261684170755,negative,0.09797448730401104
1361882262158118912,negative,1.2936507640253172e-05
1361882262300672003,negative,3.417237775050289e-06
1361882262439137281,neutral,0.4545904767683513
1361882262732742656,negative,0.21257333126602235
1361882262825013250,negative,4.067939598143211e-05
1361882263634411525,negative,0.18980085201321764
1361882265073123331,negative,5.7191951858763706e-05
1361882265626755072,negative,0.20235617661217725
1361882265710698499,negative,0.10715633970361955
1361882266037870594,positive,0.8449706451271007
1361882266067206145,negative,0.01673773711628871
1361882267522637826,negative,0.004522309556120251
1361882270534139906,negative,0.07381387634661611
1361882271096180746,negative,0.07736349569523265
1361882272203493382,negative,0.001783441291442284
1361882272597704708,neutral,0.4083289334275003
1361882273340141573,negative,0.059066837431102644
1361882275445673990,negative,4.654478642986655e-06
1361882275802189824,negative,0.000990050929999318
1361882276062130179,negative,0.1894749495996524
1361882276167110660,negative,0.012323869667502546
1361882276561358849,negative,3.5216772755926464e-06
1361882277219868672,negative,0.0004983065725127046
1361882279635808256,negative,0.23988732993880882
1361882279660953600,positive,0.8449706451271007
1361882280944414721,negative,0.04574408352313678
1361882281359511558,negative,0.14424502942014927
1361882281724448775,negative,2.346082441824337e-07
1361882282399784966,negative,0.04261217016947372
1361882282450157568,negative,0.05357457512678084
1361882282496294916,negative,0.000990050929999318
1361882283075121154,negative,0.000990050929999318
1361882283414798337,negative,0.003040679486282651
1361882285377785859,negative,0.034768501583067685
1361882285734301700,negative,0.059066837431102644
1361882285876916225,negative,0.03838901031456881
1361882286623498243,positive,0.9993847932231492
1361882287491723264,positive,0.8642176910844662
1361882287730786304,positive,0.7587933956716318
1361882287974023171,negative,0.001891183580962971
1361882288737419267,negative,0.07736349569523265
1361882288926130178,negative,0.0009501916194228114
1361882289735622657,negative,0.08828057670553215
1361882290511560704,negative,0.04479713725512996
1361882290821816322,negative,0.019143669820547122
1361882291031728129,neutral,0.35362277955607824
1361882291040096258,positive,0.8864176589472282
1361882292000595968,negative,0.11786918771417619
1361882292155777027,negative,0.0012778755973791355
1361882293384658944,negative,2.2941320997273632e-12
1361882294492012553,negative,0.023139963450933228
1361882294806597637,negative,0.0026137897196443446
1361882294978371586,negative,0.0002683610811342674
1361882295104385029,negative,0.0005641274309445002
1361882295154724870,negative,0.006353044830138305
1361882296123600897,negative,0.059066837431102644
1361882296379465728,neutral,0.49789225920557484
1361882296408825856,negative,0.006256351455476025
1361882296928845824,negative,0.000990050929999318
1361882297419649029,negative,0.059066837431102644
1361882298514292739,negative,0.0026137897196443446
1361882299390955525,negative,0.0024265365763960507
1361882299458060288,negative,0.0007121589440853431
1361882301039185922,negative,0.26005264167670294
1361882302817718272,negative,0.00021129166519007656
1361882303958568962,negative,0.21882203718961118
1361882304369549312,negative,0.015205630996249992
1361882304726056961,negative,0.000990050929999318
1361882304742912000,negative,0.0719376920759857
1361882304864546822,negative,0.009864037501071718
1361882304872935425,negative,9.02881418362286e-06
1361882304897933313,negative,3.5216772755926464e-06
1361882305384632323,negative,0.0014435211140411926
1361882305594351620,negative,3.417237775050289e-06
1361882305762103297,negative,0.000990050929999318
1361882306143653892,negative,3.5216772755926464e-06
1361882306852569091,negative,0.00020130582430730686
1361882307431391232,negative,2.0861848677912105e-09
1361882307729248265,negative,0.019989593375312815
1361882307989241858,negative,3.427475763378293e-05
1361882310887505921,negative,8.043459618081516e-07
1361882312569466887,negative,0.02439068850856169
1361882313597067265,negative,1.9617316835520415e-06
1361882313911582729,positive,0.8542368681346015
1361882314754646018,positive,0.9779081525615942
1361882315794886657,negative,0.0790354329209114
1361882317489385473,negative,0.004081083133824026
1361882317606821891,negative,0.25597616519481653
1361882317669728257,negative,0.000990050929999318
1361882318084964353,negative,0.014331789528848532
1361882319020318721,negative,0.07102364675937975
1361882319271829504,negative,0.2994871920492459
1361882321004212227,negative,0.059066837431102644
1361882321012547585,negative,0.11786826560155962
1361882321402609664,negative,0.05378460301345363
1361882323642368002,negative,0.11189969710999041
1361882324426780674,negative,0.006859936298705416
1361882327056404482,negative,0.07271753467465127
1361882327383695361,negative,0.0017100201149330152
1361882328772079617,negative,0.0005138764758652554
1361882329942265857,negative,0.001133079425850937
1361882329980010499,negative,0.000990050929999318
1361882330286194691,negative,0.005604325898129143
1361882331884175360,negative,0.059066837431102644
1361882332513337344,negative,0.000990050929999318
1361882334081871875,negative,0.000990050929999318
1361882335034167298,negative,0.004478927258780815
1361882335159975936,negative,0.004478927258780815
1361882335327752193,neutral,0.370898925569438
1361882335420026881,negative,0.004757157643562101
1361882335797518339,negative,0.00424899509133177
1361882335872966656,negative,0.0005042075821884034
1361882336778944513,negative,5.399224111225215e-07
1361882337219403776,negative,0.00020130582430730686
1361882337634615296,negative,0.2004446067439457
1361882338649640960,negative,0.0226187725244861
1361882340130193408,negative,0.000990050929999318
1361882342705487874,negative,3.295073347581998e-09
1361882343422631937,negative,0.0003716372043340413
1361882343779295234,negative,0.03501890977918644
1361882344303509504,neutral,0.6126819563343542
1361882346631426049,negative,0.08106683193795378
1361882346694311939,negative,0.059066837431102644
1361882346820091904,negative,0.010487552140255907
1361882347138908165,negative,0.023623115248721436
1361882347335991296,negative,0.001891183580962971
1361882347549908992,negative,0.000990050929999318
1361882348137172995,negative,3.6860439106232884e-05
1361882349026353152,negative,0.0038712641655717847
1361882349076643841,negative,0.000990050929999318
1361882349491863552,neutral,0.3685943945839147
1361882349596798978,neutral,0.6111778966085625
1361882349902856192,negative,0.04010992564151364
1361882350490124291,negative,0.003507871319277151
1361882351035420674,negative,0.0020987306455975386
1361882351144497154,negative,1.5759527052165356e-06
1361882351547125761,negative,0.23562434052808948
1361882351891083267,negative,0.2147765753586945
1361882352583127043,neutral,0.49789225920557484
1361882352906043392,negative,3.7600065083072625e-07
1361882353128374273,negative,0.07736349569523265
1361882353220669441,negative,1.2709632525935702e-05
1361882353627504640,negative,0.0004913745068661218
1361882354160177152,negative,0.003970901874489672
1361882355078676480,negative,0.00048599592014308827
1361882355238113280,negative,0.000990050929999318
1361882356194439170,negative,0.12693968478489281
1361882357280694276,negative,9.130682347670928e-05
1361882357482061829,negative,2.1328169277588322e-07
1361882357670830081,negative,0.017302050429354145
1361882359117864963,negative,0.00985285306598853
1361882359226851328,negative,0.000990050929999318
1361882359667245056,negative,0.05357457512678084
1361882360158052352,negative,0.027306823983217477
1361882360187248641,negative,0.022901732625165667
1361882360296464386,positive,0.7916867319311394
1361882360489328642,negative,0.0010014503924579037
1361882361680588805,negative,0.09418084068739434
1361882363765137411,negative,0.1827535547264391
1361882365233147904,negative,0.09677315952310135
1361882366176866309,neutral,0.504473126482348
1361882367779078149,negative,0.2270916242691431
1361882368097849344,negative,0.059066837431102644
1361882369054175237,negative,0.000990050929999318
1361882369255497728,negative,0.000990050929999318
1361882369293172737,negative,0.011629802905316075
1361882370144665600,negative,0.11544081635508753
1361882370148818944,negative,0.059066837431102644
1361882370509402112,neutral,0.39194959015058095
1361882370576637958,negative,0.07736349569523265
1361882370815758337,negative,0.000990050929999318
1361882371067379712,negative,0.0003741147755820988
1361882372195639299,negative,0.03696365454460867
1361882372233453568,negative,0.0008496953345485857
1361882372539580419,negative,0.014331789528848532
1361882373995065344,negative,0.002657340021988393
1361882374003433473,positive,0.954873127285284
1361882375513382913,neutral,0.3327922716568728
1361882375727304709,negative,0.00030475051326112274
1361882376377405442,negative,0.25846450476066457
1361882379133079555,negative,0.13602187491506443
1361882379305037825,negative,6.446623871998594e-10
1361882379569225729,negative,0.059066837431102644
1361882379808354306,negative,0.0013497233064043222
1361882380202610688,negative,0.004977173861600752
1361882381423157249,neutral,0.5755436691302463
1361882381729333250,positive,0.9779081525615942
1361882382446387200,negative,0.2270916242691431
1361882383369326593,negative,0.04492308707639433
1361882383868436487,negative,0.000990050929999318
1361882384896000001,negative,0.000990050929999318
1361882386020003842,negative,0.033496634529330854
1361882386460528644,negative,7.096242082787954e-12
1361882386603143168,negative,0.006426218211711938
1361882390591864832,neutral,0.36014310329058447
1361882390646423556,negative,0.059066837431102644
1361882391200022529,negative,0.3112256551110494
1361882391334256641,negative,0.000990050929999318
1361882391736963072,negative,0.059066837431102644
1361882392823234567,negative,0.15630830276745175
1361882392907120642,negative,0.07736349569523265
1361882393083265027,negative,0.000990050929999318
1361882393754406913,negative,1.2402108770594638e-08
1361882395121766405,negative,0.0024265365763960507
1361882395704778752,negative,0.3029968537174699
1361882396434530308,negative,0.012323869667502546
1361882397244092418,negative,0.03838901031456881
1361882398141644800,negative,0.01607990608213496
1361882398603026433,negative,3.6886901366729315e-05
1361882398812631040,negative,0.023139963450933228
1361882399341228032,negative,0.0004127514285876195
1361882399391453184,negative,0.12758416079611132
1361882399408324611,negative,0.00020352777735161911
1361882400708571136,negative,0.0009077682465481652
1361882400943452163,negative,0.09254749269413862
1361882400989597699,negative,0.002157346534550224
1361882403346788360,negative,0.04479713725512996
1361882403816488960,negative,0.09151565997391957
1361882404982579202,negative,0.0009880485858576227
1361882405502677003,negative,1.0297747140457822e-05
1361882406437928961,neutral,0.37024352799666777
1361882406647644160,neutral,0.37142605093897746
1361882407096451072,negative,0.030137860749612874
1361882407130066944,negative,0.0911582459616437
1361882408291819522,negative,0.050703337540405735
1361882408564514818,positive,0.954873127285284
1361882409000701953,negative,0.000990050929999318
1361882409357213696,negative,0.000990050929999318
1361882409461899265,negative,0.1603894675701918
1361882410246356992,negative,0.13152545889307815
1361882411664039936,positive,0.8449706451271007
1361882412200976387,negative,0.02328086759096105
1361882412444180481,negative,2.1328169277588322e-07
1361882413773844480,negative,0.00015727116619328603
1361882414981734409,negative,0.2864145558920463
1361882415141187595,neutral,0.5209932010848836
1361882416927932417,negative,0.00017024727121880674
1361882418353995777,negative,0.016787884429364814
1361882420623114240,negative,0.008646849781146368
1361882421029990400,negative,0.000786449144153538
1361882421642289156,negative,0.3126008460771522
1361882421814308865,negative,0.20008518647920276
1361882421822652417,negative,0.0030020793044614703
1361882421998845955,negative,0.059066837431102644
1361882423630450689,negative,0.2728313432342145
1361882425240952833,negative,0.032377968351464316
1361882425958297602,positive,0.954873127285284
1361882427854102528,negative,0.059066837431102644
1361882428806168576,negative,0.05357457512678084
1361882428852363266,positive,0.9779081525615942
1361882429527580677,negative,0.001551765509680939
1361882429544357890,negative,0.000990050929999318
1361882430106439683,negative,0.08664065887122181
1361882430437793794,negative,0.2270916242691431
1361882430454521857,negative,0.000990050929999318
1361882430618165251,negative,0.0005641274309445002
1361882430802718720,negative,1.28123490915707e-05
1361882432669106176,negative,0.000990050929999318
1361882433231142913,negative,0.022958295523397444
1361882433453510660,negative,0.29761571709333384
1361882433927405568,negative,0.00033264134545499626
1361882434405605377,negative,0.011816094553905827
1361882435328221185,negative,9.405553330386685e-05
1361882435588419585,negative,0.000496510700353317
1361882437278707712,negative,0.11057389419732083
1361882437484183552,negative,0.0009028090638779906
1361882438268518403,negative,0.0004127514285876195
1361882438679552000,negative,0.027956140801726037
1361882439178727426,neutral,0.35362277955607824
1361882439338057729,negative,2.896033362434217e-05
1361882440952918029,negative,0.0009080084501668257
1361882441393217544,negative,0.010583216072385555
1361882442647429128,neutral,0.36014310329058447
1361882443243003908,negative,0.0012461847418759407
1361882443570176001,negative,0.0018846164597296907
1361882443599462402,negative,0.011362394906680718
1361882443830157314,negative,0.013955714247602391
1361882443888943110,negative,0.0895775593508395
1361882448531980290,negative,0.0002611118481605664
1361882448682913796,negative,0.0010135391573495229
1361882449240748034,negative,0.013880482508218552
1361882449341390849,negative,0.002040233807535202
1361882450251636736,positive,0.9981973166301282
1361882450457108481,negative,3.6860439106232884e-05
1361882450755002369,negative,0.12693968478489281
1361882451895865345,negative,0.003970901874489672
1361882452340453379,negative,2.7279387673353513e-05
1361882453191852034,negative,0.000553272366604666
1361882453254799360,neutral,0.46567222680619486
1361882453384822787,negative,0.000990050929999318
1361882453720317952,negative,0.0018145507610497283
1361882454836019203,neutral,0.39194959015058095
1361882454844391424,negative,0.09530948409055756
1361882454945112070,negative,0.18795859623648656
1361882456291381251,negative,0.0009556081907271526
1361882456455061506,negative,0.000990050929999318
1361882456702521349,negative,0.17085514286487227
1361882457264521217,negative,0.0004632545704049923
1361882457663025157,negative,0.00011935965137231235
1361882458275393537,negative,0.0003294114777227516
1361882459735003137,negative,0.0004632545704049923
1361882460959744001,negative,1.8734562271535088e-05
1361882461861511170,negative,0.0006045967898486234
1361882461999927298,negative,0.0006482781419825417
1361882465078562816,negative,0.033194606476668935
1361882465288089601,negative,0.00017024727121880674
1361882466341052429,negative,0.034768501583067685
1361882467628630016,negative,0.0007984219747013287
1361882467657998337,negative,3.5943551754252135e-05
1361882468924719104,negative,0.000827792289985398
1361882469843283970,negative,0.014765297770554174
1361882471072227333,negative,0.013880482508218552
1361882471500029957,negative,0.0062877297735551745
1361882472758337536,negative,0.0680520747990598
1361882473014116352,negative,0.011629802905316075
1361882474507341831,negative,0.017984896579314208
1361882475266367491,negative,0.00370988678964573
1361882476554125312,negative,0.07736349569523265
1361882478307328001,negative,0.02811768481343112
1361882478420627457,negative,0.08713908436662463
1361882478898683907,negative,0.05357457512678084
1361882479188148224,negative,0.16283059082776566
1361882480802988033,negative,0.06823796898842509
1361882481834754054,negative,0.004757157643562101
1361882482023559169,negative,0.000990050929999318
1361882482673557504,negative,0.009761345140847096
1361882483097223169,negative,0.12136478020708999
1361882484351328257,neutral,0.425954730201347
1361882484401700865,negative,0.025815305994991943
1361882484905037825,negative,0.033804987877426175
1361882485047627779,negative,0.22664324401202743
1361882485165031431,negative,0.024329481724881367
1361882485743837194,negative,0.016110347994777504
1361882487253794818,neutral,0.4103274610055738
1361882487581003777,negative,3.427475763378293e-05
1361882489430499332,negative,3.7315027362533294e-07
1361882489657192450,negative,0.0026270938253454864
1361882490756030466,neutral,0.5734576952979002
1361882491800276993,negative,0.05357457512678084
1361882491825577987,negative,0.002378222447355658
1361882493524209669,negative,0.0003076056962548066
1361882493864001537,negative,0.0004127514285876195
1361882494048600066,negative,0.022901732625165667
1361882495113953283,negative,0.03838901031456881
1361882495344668672,negative,0.19505045247487054
1361882496367960065,negative,0.05357457512678084
1361882497060139008,negative,0.07736349569523265
1361882499333451779,negative,0.005604325898129143
1361882500960813058,negative,0.03791627134522328
1361882501875073026,negative,0.3274903280201044
1361882502521122816,negative,0.08264512075323048
1361882504400166912,negative,4.024066727123727e-05
1361882504504999937,positive,0.8980740280984877
1361882506631479296,negative,1.0254394712224928e-06
1361882506715365377,negative,0.001102347417139523
1361882508795777025,negative,0.0003295090265542264
1361882508896440321,neutral,0.39274765723876304
1361882509412364288,negative,0.1336995657242304
1361882509483663361,negative,0.1199216954771052
1361882509856899073,negative,0.059066837431102644
1361882511475957760,negative,0.11992404626470207
1361882511740178432,negative,0.05357457512678084
1361882511849250818,negative,2.462497264869912e-07
1361882512528564226,negative,2.1375591121002965e-11
1361882513321426945,negative,0.0005632136415084618
1361882513921171456,negative,5.244715056558233e-07
1361882513958912006,negative,0.0654201385212326
1361882514323738627,negative,0.005604325898129143
1361882514978185218,negative,0.05357457512678084
1361882515175329792,negative,0.024564435534352856
1361882515632390148,negative,0.06661511644392898
1361882517293334531,negative,0.002334060443721599
1361882517398192128,negative,0.00018250152804631697
1361882518845345792,negative,0.00017265216403648695
1361882520522956809,negative,3.410532573411451e-06
1361882521898688515,negative,0.014747153865294484
1361882523136057348,negative,0.04678270541966506
1361882523970732032,neutral,0.553749164753881
1361882524427902978,negative,0.000990050929999318
1361882524499255298,negative,0.004478927258780815
1361882525019340800,negative,0.000990050929999318
1361882528127270912,neutral,0.4372371996426999
1361882528462876672,negative,0.04678270541966506
1361882528563556357,negative,0.03576458195562582
1361882528861335554,negative,0.01241233477651955
1361882528899080193,negative,0.00020561807695836245
1361882529884561408,negative,0.15260865453186603
1361882530010583040,negative,0.11544081635508753
1361882530274762753,negative,0.1728953783968395
1361882530824261633,negative,0.000990050929999318
1361882531826556928,negative,0.000990050929999318
1361882532132904966,negative,0.29543909049246575
1361882533462503424,negative,6.616742756507187e-05
1361882533714161669,negative,0.059066837431102644
1361882533961555968,negative,5.037223159632929e-06
1361882535555399680,neutral,0.44117505596214035
1361882535626764288,negative,0.059066837431102644
1361882535790223361,negative,6.0836462682944324e-05
1361882535794475010,negative,0.009959724022684842
1361882536465620993,negative,0.1336995657242304
1361882536742420482,negative,0.00749442447098596
1361882536989896704,negative,0.002860494133762994
1361882537098842112,negative,0.005604325898129143
1361882539128991745,negative,0.0012986400546549193
1361882539179311104,negative,0.09530948409055756
1361882539510681601,negative,0.000990050929999318
1361882539678445568,negative,0.0004127514285876195
1361882543679750152,negative,0.000990050929999318
1361882544128589824,negative,0.016913863642653758
1361882545030377473,positive,0.9997088714815023
1361882545042960384,negative,0.22542885910175847
1361882545667899397,negative,0.03312553818827482
1361882545697226752,negative,0.07736349569523265
1361882546624159744,negative,0.07688578306819976
1361882547341451269,negative,9.64756311604451e-07
1361882547651825668,positive,0.8578897848458764
1361882548142542848,negative,2.0037461209204094e-07
1361882548993982464,negative,0.00033357272441960354
1361882549786664966,negative,0.03838901031456881
1361882550554214400,negative,0.27309050856973577
1361882551275708416,negative,0.006859936298705416
1361882552269754369,negative,0.00012318705769944887
1361882554442350594,negative,1.2936507640253172e-05
1361882554564022279,negative,0.005527170083806231
1361882556317204486,neutral,0.41315028156970646
1361882556904439809,negative,0.000990050929999318
1361882556929617921,negative,2.465556155180316e-06
1361882557906845700,negative,0.016787884429364814
1361882559051948033,negative,0.059066837431102644
1361882559777538050,negative,0.09151565997391957
1361882560167436290,negative,0.2270916242691431
1361882560507297793,negative,7.030867565015157e-05
1361882560507355138,negative,0.07409858964317478
1361882561329389570,negative,0.13790829785540254
1361882561505591298,negative,4.116654315654443e-11
1361882562122178565,negative,0.0026137897196443446
1361882562717749248,negative,0.0669408298720909
1361882562977800195,negative,0.15575982744181324
1361882563011297280,negative,0.014534233877655222
1361882563183333377,negative,0.01611940833713144
1361882564231888897,negative,0.09817084865759632
1361882564600885248,negative,0.0016770018017662899
1361882564722581507,negative,0.047263455614071505
1361882566274523142,negative,0.09530948409055756
1361882566714945537,negative,0.0001783764279215546
1361882567209857030,neutral,0.5983432279427474
1361882567910297601,negative,0.045859966055717
1361882567943847937,negative,0.000990050929999318
1361882568258441223,negative,0.15497715679400342
1361882568338112516,negative,1.8862098331382043e-06
1361882568623337473,negative,5.547586483555178e-06
1361882570338762752,negative,0.024329481724881367
1361882571039195136,negative,0.2812124665127172
1361882571286618116,negative,0.09449283389162401
1361882572360454145,negative,0.000990050929999318
1361882572402343939,negative,0.000990050929999318
1361882572914122752,neutral,0.4323510242933817
1361882573128028164,negative,0.09530948409055756
1361882573555847171,positive,0.9779081525615942
1361882574524715008,negative,0.022115040833701215
1361882575250325505,negative,0.000990050929999318
1361882576789655552,negative,0.004223997671238436
1361882576940539907,negative,0.004086329021375562
1361882577213169665,negative,0.02667271355288567
1361882578534367236,negative,0.05357457512678084
1361882580325392387,neutral,0.5364214748273817
1361882582305169411,negative,3.4454078477687496e-06
1361882582443380736,negative,0.16120419353057774
1361882583450017797,negative,5.340420020327015e-06
1361882583542472707,negative,0.09797448730401104
1361882583655710723,negative,0.000990050929999318
1361882585379528704,neutral,0.5056162179407367
1361882587011178501,negative,0.29150453131543796
1361882588596551680,negative,2.3428430184029944e-06
1361882588986683392,negative,1.8734562271535088e-05
1361882589397737473,negative,0.02439068850856169
1361882590454575107,negative,5.1750287681499805e-06
1361882590744096769,negative,0.02986563251909385
1361882592346267648,neutral,0.35362277955607824
1361882592400846849,negative,0.0019898227762214647
1361882595584323586,negative,0.06693372327754489
1361882595722727424,negative,0.0004632545704049923
1361882595798171650,negative,0.01249972553855605
1361882596897095686,negative,0.07275257019330632
1361882597169717249,positive,0.9804629920025331
1361882597375102976,negative,1.2936507640253172e-05
1361882598415486978,negative,0.026304822038648003
1361882600093208576,negative,0.0007022342553655268
1361882600147673091,negative,0.17110783127166218
1361882600672014336,neutral,0.42507619662732005
1361882600709763076,negative,0.03281992945339038
1361882600948793344,negative,0.006859936298705416
1361882601166942208,negative,0.18509011518167406
1361882601636700165,negative,0.00028512364604243794
1361882601854824450,negative,0.004086329021375562
1361882603494776832,negative,0.02843956005779012
1361882603624792065,positive,0.905336556663952
1361882603834515458,negative,0.04858045328835231
1361882603876409344,negative,0.0005042075821884034
1361882604446900226,negative,0.0026137897196443446
1361882605013073926,negative,0.001891183580962971
1361882605013114883,negative,0.00020352777735161911
1361882605105278978,positive,0.9566871126165171
1361882605533073408,negative,0.0018145507610497283
1361882605663051780,negative,6.119246755170695e-05
1361882605986086912,negative,0.05357457512678084
1361882606162366464,positive,0.6706704499760596
1361882607814905858,negative,0.000261386083074137
1361882608326627328,negative,0.1404861320541009
1361882608829882374,negative,0.0023557708757551365
1361882609463287808,negative,0.04315127531094182
1361882610411188230,neutral,0.4323510242933817
1361882611199729667,neutral,0.6214117238283011
1361882611833049090,negative,0.006859936298705416
1361882612508340224,negative,0.05940611671901801
1361882614819414017,neutral,0.6416401429292425
1361882615108816901,negative,0.015519581729506434
1361882616639746048,negative,0.016110347994777504
1361882617893818370,negative,1.8862098331382043e-06
1361882618090967042,negative,3.016418103502672e-05
1361882618145492996,negative,4.075511940932459e-06
1361882619177279496,negative,0.00015667891203181795
1361882619709771780,negative,2.8510129388726875e-05
1361882620318081024,neutral,0.3442449504306551
1361882620666122242,negative,0.016787884429364814
1361882620863381504,negative,0.008801355342401673
1361882620947271681,negative,0.2982476780041198
1361882621102481411,negative,0.0719376920759857
1361882621668687873,negative,2.602495876112181e-07
1361882622146846723,negative,7.760436957299475e-05
1361882622536929281,neutral,0.35362277955607824
1361882622620667907,negative,9.64756311604451e-07
1361882622876598272,negative,0.09530948409055756
1361882625221287938,negative,0.03501890977918644
1361882626169135105,negative,0.03451709748792609
1361882626521464833,negative,4.0458632810359776e-08
1361882627486154755,negative,0.15497715679400342
1361882628178272256,negative,0.059066837431102644
1361882630657081347,negative,0.07275257019330632
1361882630833119236,negative,0.012137846701921182
1361882631026208774,negative,1.2936507640253172e-05
1361882632330575872,negative,0.023139963450933228
1361882634515869702,negative,0.12703271384507175
1361882634616455171,negative,0.027306823983217477
1361882634889146372,negative,0.05357457512678084
1361882634901716994,negative,0.10493509996246646
1361882635077885954,negative,2.1328169277588322e-07
1361882636428451840,negative,0.003107389739754974
1361882637355384837,negative,0.22949407482612988
1361882638886256643,negative,0.0016770018017662899
1361882639351881729,negative,0.000990050929999318
1361882639662219267,negative,0.016787884429364814
1361882640450748421,positive,0.8716407901399239
1361882641000263683,negative,0.0010692840624659502
1361882641700651016,negative,0.000990050929999318
1361882642430316545,negative,0.3020135550609068
1361882642560540673,neutral,0.34698392733952893
1361882642988363776,negative,0.11786918771417619
1361882643965607938,positive,0.7106021722809146
1361882644204711937,negative,2.7494984135931156e-05
1361882644754087937,negative,0.0004127514285876195
1361882644842217475,negative,0.059852643323256835
1361882645106487298,negative,0.07381387634661611
1361882646259916802,negative,0.05357457512678084
1361882647493046272,negative,0.00020130582430730686
1361882647543308299,negative,0.07459234120080684
1361882649397198848,negative,0.006426218211711938
1361882650437423107,negative,0.004757157643562101
1361882650999459841,negative,0.035832760791353856
1361882651511173125,negative,0.025252507499638022
1361882651607580674,negative,3.6860439106232884e-05
1361882653130035200,negative,0.00019692275399311833
1361882654807896064,negative,0.05357457512678084
1361882655227314176,negative,0.00010075577805108141
1361882655604752387,negative,0.2952635237448952
1361882656523321349,negative,1.4555603188596914e-06
1361882657630560258,negative,0.004086329021375562
1361882658012356608,negative,0.005314036913586103
1361882659136409607,negative,0.0003835881565611164
1361882660440801284,negative,0.016787884429364814
1361882660591779841,negative,0.10054358213218693
1361882661913055235,negative,0.003117547355270722
1361882662131159043,negative,0.19481991233610219
1361882662772817922,negative,0.0036870311138515093
1361882663267745793,negative,0.008646849781146368
1361882663737556994,negative,0.012885399606980593
1361882664085585921,negative,0.129072290009579
1361882664224096258,negative,0.01869870988099018
1361882665381732353,negative,0.0014232926116085052
1361882665494867970,negative,5.037223159632929e-06
1361882667042619397,negative,0.00020561807695836245
1361882668443594754,neutral,0.4323510242933817
1361882668451975170,negative,0.00015412968866377645
1361882670611881992,negative,0.023559562580874365
1361882670708494339,negative,0.0001783764279215546
1361882671287332868,negative,0.10644472933452974
1361882672033890305,negative,0.2812124665127172
1361882673690607617,negative,0.000990050929999318
1361882673959034880,negative,2.7279387673353513e-05
1361882674193817601,negative,0.033496634529330854
1361882675485810689,negative,0.004086329021375562
1361882676723073025,negative,0.014179332712869544
1361882676987322368,negative,0.08105365601335333
1361882677377441800,negative,0.00033357272441960354
1361882677868134403,negative,0.000990050929999318
1361882679541706753,negative,0.005661370956755728
1361882679613022210,negative,0.00010075577805108141
1361882679709495296,negative,0.008892851735117247
1361882679881453568,negative,0.0032952471641983644
1361882682435731457,negative,0.00753060287639481
1361882682762944523,negative,0.04678270541966506
1361882683043958792,negative,0.039545442763710865
1361882684499185665,negative,2.3698913426307563e-09
1361882684562296832,negative,0.007508398756198759
1361882684587401216,neutral,0.6527247472559132
1361882684658765826,negative,0.07083336326467107
1361882684818079752,negative,0.12693968478489281
1361882685032038402,negative,9.078232306352716e-07
1361882685225000960,negative,0.002157346534550224
1361882685338226688,negative,0.01528825580970145
1361882685497565185,negative,0.024502704241918274
1361882685677858821,negative,0.05357457512678084
1361882687904997380,negative,0.00020130582430730686
1361882688626585603,negative,0.04102531390741859
1361882689960243203,negative,0.3133605713465327
1361882690040041476,negative,0.15980820871827278
1361882690631442438,negative,0.001133079425850937
1361882690874707970,negative,0.0062877297735551745
1361882691134709760,negative,0.03281992945339038
1361882691226984448,negative,0.19576051584226958
1361882691558334464,neutral,0.3685943945839147
1361882692690849797,neutral,0.4837330689059781
1361882694116859904,negative,0.00019003054884689303
1361882694154657794,neutral,0.5983432279427474
1361882699653410817,neutral,0.3685943945839147
1361882699934404608,negative,0.002715005462916403
1361882700932657157,negative,0.00031216018589956193
1361882703168167936,negative,0.009761345140847096
1361882704954990593,negative,0.002972410416523241
1361882707047960578,negative,0.003511184357252747
1361882707756777472,negative,4.011073156761707e-06
1361882708696268800,negative,0.0012778755973791355
1361882710592086018,negative,0.0006359597708532811
1361882711691038720,negative,0.0015284797502869048
1361882712504758279,negative,0.05357457512678084
1361882713221955588,negative,0.0026597942050713224
1361882714736123905,neutral,0.49789225920557484
1361882717156179970,negative,0.003970901874489672
1361882720423579650,negative,0.09797448730401104
1361882721467961344,negative,0.002822284901713726
1361882723938369536,negative,0.004478927258780815
1361882725221859330,negative,0.2270916242691431
1361882728094965764,negative,0.05357457512678084
1361882729726545921,negative,0.008996707933923887
1361882734206062595,neutral,0.5130605840822943
1361882735862759429,positive,0.9999804680943051
1361882739939500033,negative,0.03822162174034726
1361882741600567299,negative,5.114698396722605e-08
1361882743706177536,neutral,0.5056162179407367
1361882745702612992,negative,0.29543909049246575
1361882746629537797,negative,9.64756311604451e-07
1361882746654765057,negative,0.05106637002907062
1361882746977718274,negative,0.001201029331534237
1361882748311527429,negative,0.059066837431102644
1361882749280407555,neutral,0.6350875016534672
1361882749322158086,negative,0.000553272366604666
1361882750236639232,neutral,0.4667281207494068
1361882750689574913,negative,0.003544792826410031
1361882752140926979,negative,0.005537801796480404
1361882755378806784,negative,0.033496634529330854
1361882756184039428,negative,0.03822982743019998
1361882759191531522,negative,0.00011247513927554911
1361882760080748544,neutral,0.6347260753818035
1361882760454012929,negative,0.03531766264732796
1361882762957971456,negative,0.025319535929547537
1361882763562012674,negative,0.0010135391573495229
1361882765298339844,negative,0.059066837431102644
1361882765403295745,negative,0.27657797087114616
1361882766330191872,negative,0.11457625911712198
1361882769962512384,negative,5.114698396722605e-08
1361882771560534017,negative,7.526504065918299e-05
1361882771866681345,negative,0.0036731205735328373
1361882772994940932,negative,1.2936507640253172e-05
1361882773192073218,negative,0.007037373806095824
1361882773741473793,neutral,0.40507988433281555
1361882775066976258,negative,0.059066837431102644
1361882775498932228,negative,1.5147234558806916e-05
1361882776568541185,positive,0.7228705013161616
1361882777667268609,neutral,0.5238647188365528
1361882780511133700,negative,0.002822284901713726
1361882781236699140,negative,0.0018145507610497283
1361882781958221824,negative,0.00020130582430730686
1361882781991731205,negative,0.033804987877426175
1361882783229050886,negative,0.00020130582430730686
1361882783367516160,neutral,0.49789225920557484
1361882784298582016,negative,0.3103939046055992
1361882785686896640,negative,0.005883683635652412
1361882788245495808,negative,0.11457625911712198
1361882788836868096,negative,0.059066837431102644
1361882789059190787,negative,4.404369888564591e-09
1361882789180805122,negative,0.05357457512678084
1361882789382135809,negative,0.010730908870499696
1361882789918900227,neutral,0.5483846270529672
1361882792829853698,negative,0.05357457512678084
1361882793395978242,negative,0.03753236156445144
1361882793735692292,negative,0.011514907084433663
1361882794117406725,positive,0.9566871126165171
1361882794717310977,negative,0.025319535929547537
1361882794834673664,negative,0.05106637002907062
1361882798475403266,negative,0.2270916242691431
1361882799582683137,negative,0.015092165307336347
1361882799679168515,negative,0.01318157397793152
1361882801033928705,positive,0.9566871126165171
1361882801071661059,negative,0.005314036913586103
1361882802057338880,negative,0.0017563496155101669
1361882802078117890,negative,0.04747891129994188
1361882803504316418,negative,0.003970901874489672
1361882803672141828,negative,0.12262152563634875
1361882804628373506,negative,0.0018145507610497283
1361882807400882177,negative,0.05357457512678084
1361882812014424065,negative,0.09797448730401104
1361882817387503618,negative,0.012593957822313285
1361882819551768576,neutral,0.49789225920557484
1361882820554162176,negative,0.13709805466936162
1361882823397953541,negative,0.0018145507610497283
1361882825373454340,negative,0.00044840426339147645
1361882825885155330,negative,2.0087885161889592e-07
1361882826174394372,negative,5.0314490967927785e-05
1361882826564653060,negative,8.685919605419881e-09
1361882826933739523,negative,0.025319535929547537
1361882827478994944,negative,0.11544081635508753
1361882827902644230,negative,0.004622462078195156
1361882828296839171,negative,0.009848487854380835
1361882830402379779,negative,5.219183497409914e-05
1361882830700224513,negative,0.004086329021375562
1361882831711010816,negative,0.004522309556120251
1361882831975235584,negative,0.0003076056962548066
1361882832105312257,negative,0.020069275666744036
1361882833858433026,negative,0.0082458490959877
1361882835313975298,negative,0.05357457512678084
1361882835720826880,negative,0.02439068850856169
1361882836266016770,negative,0.004086329021375562
1361882836538687496,negative,0.11544081635508753
1361882837285298177,negative,0.12200904501969839
1361882838153494528,negative,0.013466567852651637
1361882840032509952,negative,0.000990050929999318
1361882840204529667,negative,0.0076627860343016895
1361882840221114368,negative,9.256138946251584e-05
1361882842142244869,negative,0.07381387634661611
1361882842280718337,negative,0.004086329021375562
1361882842507210752,negative,0.000990050929999318
1361882842825900033,negative,0.004356344615342773
1361882844130344960,positive,0.9779081525615942
1361882844788883462,negative,0.09151565997391957
1361882845979963392,neutral,0.4667281207494068
1361882846554705923,positive,0.9779081525615942
1361882847217414147,neutral,0.44413161528146694
1361882848299466753,negative,0.07381387634661611
1361882848576360448,negative,3.4454078477687496e-06
1361882850123911168,negative,0.05357457512678084
1361882850560073730,negative,0.028498552250866116
1361882850790961156,negative,0.12693968478489281
1361882851319443457,negative,0.05357457512678084
1361882851793395717,negative,0.07736349569523265
1361882852246323206,negative,0.000990050929999318
1361882854498705410,negative,0.00033107839212041654
1361882855387889664,negative,0.0069977113279204506
1361882855811481601,negative,0.14995220075632698
1361882856277090309,negative,0.040165065462446
1361882856604188677,negative,0.0020728338153571044
1361882856964952064,negative,2.462497264869912e-07
1361882856998326276,negative,0.008840107791593103
1361882857489203205,negative,0.0009491062771751266
1361882858063880200,negative,2.019991272637617e-05
1361882861058539521,neutral,0.49789225920557484
1361882861121507328,neutral,0.379949001725885
1361882861180223489,negative,0.006940135371460224
1361882861398335490,negative,0.041350594160695656
1361882862081966091,negative,0.3283759616354759
1361882862308511749,negative,6.0244592660433324e-05
1361882862434324482,negative,0.004757157643562101
1361882862480424960,negative,0.0719376920759857
1361882862686007299,neutral,0.4545904767683513
1361882863034134530,negative,0.059066837431102644
1361882863126392832,negative,0.17110783127166218
1361882863591968772,negative,0.000990050929999318
1361882864833429505,neutral,0.49789225920557484
1361882865554849793,negative,2.5829422444421834e-05
1361882867018600449,negative,0.0022159883529455724
1361882869119991814,negative,0.32068088831224084
1361882871527596032,negative,0.005604325898129143
1361882872156745728,negative,0.0026516371316873157
1361882873985462275,negative,0.0654201385212326
1361882874899800066,negative,0.09723876070249023
1361882876174872580,negative,0.00017024727121880674
1361882876602589185,positive,0.8449706451271007
1361882877311528965,negative,0.003970901874489672
1361882878985043971,negative,1.2936507640253172e-05
1361882879433842690,negative,0.031133786420848436
1361882879509299201,negative,0.03801610846604707
1361882879521923074,negative,8.776596286260426e-06
1361882880222375936,negative,0.004086329021375562
1361882881698725891,negative,0.000990050929999318
1361882881740709900,negative,6.331541878955887e-10
1361882882504085504,negative,0.059066837431102644
1361882882579468296,negative,0.0018145507610497283
1361882882852204544,negative,0.000990050929999318
1361882883141431297,negative,0.3020135550609068
1361882889080741892,negative,0.000990050929999318
1361882889265250306,positive,0.8157995629402082
1361882889802162177,neutral,0.49789225920557484
1361882889969885185,negative,0.024329481724881367
1361882890771066886,neutral,0.3497338037277034
1361882893581189122,negative,0.0012803193038004956
1361882894449401858,negative,0.004757157643562101
1361882895829381121,negative,0.10793296948724072
1361882896085233666,negative,0.06602678592006048
1361882897230295041,negative,7.782898213396805e-05
1361882897511305218,negative,5.547586483555178e-06
1361882897712570370,negative,0.008840107791593103
1361882898056495104,negative,0.04925627981938985
1361882899184840706,negative,3.0443970700589454e-13
1361882899373514757,negative,0.2270916242691431
1361882901130993664,negative,0.010194643363712112
1361882901361655814,negative,0.028045349494150086
1361882903739850756,negative,0.004086329021375562
1361882905593708553,negative,0.00495144242675048
1361882906080268297,negative,0.004561985705927791
1361882906268958724,negative,0.000990050929999318
1361882906537385984,negative,0.0005563748943437691
1361882906780725261,negative,0.0007408691198112122
1361882907153956865,negative,0.1142822967585968
1361882907904798720,negative,0.04479713725512996
1361882909624385539,negative,0.29471718451465917
1361882910173917184,negative,0.07736349569523265
1361882910320717824,negative,0.000990050929999318
1361882910463299584,negative,0.000990050929999318
1361882910505205766,negative,0.01294282868504193
1361882912635842560,negative,2.6315605087247658e-08
1361882913881612290,negative,0.000990050929999318
1361882914498093058,negative,0.033496634529330854
1361882914649038850,negative,0.06502500097872087
1361882915186081795,positive,0.8804793908618945
1361882915861323778,negative,0.004086329021375562
1361882918088548353,negative,0.06317086254939713
1361882919367823363,negative,0.003809814404607409
1361882920177332236,negative,0.07275257019330632
1361882920705662977,positive,0.7228705013161616
1361882921100075017,negative,0.05357457512678084
1361882921376878596,neutral,0.44525447722397243
1361882921762701315,negative,0.006859936298705416
1361882922559627270,negative,6.146696558010737e-07
1361882923012554753,negative,3.427475763378293e-05
1361882924581199877,negative,0.026551221636493916
1361882924799430660,negative,0.05378460301345363
1361882925059473409,negative,0.005604325898129143
1361882926875504643,negative,0.013880482508218552
1361882928012263424,negative,0.139548783714202
1361882928049840128,negative,0.00015524816160064224
1361882928549085187,negative,0.2864145558920463
1361882928733634568,negative,0.0026137897196443446
1361882928784027652,negative,0.059066837431102644
1361882929052274689,negative,0.22707567550596763
1361882929178308609,neutral,0.3541770752341696
1361882929241104391,negative,0.029786501490654933
1361882929526419457,positive,0.9566871126165171
1361882932122710019,negative,0.0885640614832503
1361882932693110784,negative,0.05413170782706402
1361882933066350596,neutral,0.4667281207494068
1361882933339049985,negative,0.017984896579314208
1361882934983147524,negative,0.011332112714301982
1361882935507496962,negative,0.21454527611310242
1361882935931113472,negative,0.16150172126896783
1361882937541730306,negative,0.0002154057627606076
1361882939575988224,negative,0.14253048773046617
1361882940448382978,negative,0.013434382290871114
1361882942100881408,neutral,0.49789225920557484
1361882943753498628,negative,0.059066837431102644
1361882946890784771,negative,0.05357457512678084
1361882952066502656,negative,0.006859936298705416
1361882953861636103,neutral,0.3499352441185855
1361882954335674370,negative,0.04434118397966268
1361882957162627072,negative,0.0023764021153722063
1361882959066902533,negative,0.2270916242691431
1361882961671557123,negative,0.03148626404244101
1361882965530144772,negative,0.012859967923524267
1361882970303430656,negative,0.006382385083684903
1361882972211859456,negative,0.08476325582234145
1361882972278951939,negative,0.2287206037784227
1361882972413165570,negative,0.0014435211140411926
1361882972513828865,negative,0.0016770018017662899
1361882972832616449,negative,0.025212945109387798
1361882972962627586,negative,0.010233273803793014
1361882975848325123,negative,0.05357457512678084
1361882978159382530,negative,0.18446367032329125
1361882978310189057,negative,0.00020130582430730686
1361882979027533829,negative,0.050509343328118655
1361882980101275649,negative,3.70444851636747e-05
1361882980440895490,negative,0.0004984737945824667
1361882980558524417,negative,0.059066837431102644
1361882986774294532,negative,0.00011093442582036136
1361882991639875586,negative,0.059066837431102644
1361882995297296384,negative,0.2003595770826265
1361882995972591617,negative,0.05357457512678084
1361882997138616324,negative,0.059066837431102644
1361882997969059843,negative,0.02315055182433907
1361882998568869890,negative,0.27292421987320603
1361882998988177408,negative,0.021143138018748224
1361883000527605760,negative,0.0026137897196443446
1361883002855424003,neutral,0.46127768308170247
1361883003648159751,negative,0.05357457512678084
1361883003773943808,negative,0.0018145507610497283
1361883004210212866,negative,9.64756311604451e-07
1361883004994543621,negative,0.0006284268112928095
1361883005367824384,negative,0.052641335653386974
1361883007926349828,negative,1.0364068500580982e-09
1361883012716199936,negative,0.025319535929547537
1361883013680951297,neutral,0.49789225920557484
1361883014477864960,negative,0.02228777524545421
1361883018802176001,negative,0.22860995289022265
1361883019133468674,negative,0.07271753467465127
1361883020073000960,negative,0.05357457512678084
1361883020114935809,negative,0.01326783776309599
1361883021834600448,neutral,0.5533970533999424
1361883024254722049,negative,0.21360344433572329
1361883024783212544,negative,0.011415782273118584
1361883025336860674,negative,0.024725794565393748
1361883027324997633,negative,0.2287206037784227
1361883030332334081,negative,0.059066837431102644
1361883035352911877,negative,0.004757157643562101
1361883035679948805,negative,1.2936507640253172e-05
1361883037626171394,negative,1.2936507640253172e-05
1361883043397570561,neutral,0.49789225920557484
1361883043531804677,negative,0.010136296834279978
1361883046379544583,negative,0.008840107791593103
1361883046962675714,negative,0.010583216072385555
1361883048443314178,negative,0.26030167423750084
1361883049814872064,negative,0.059066837431102644
1361883052947828739,negative,1.2936507640253172e-05
1361883056429092865,negative,1.2936507640253172e-05
1361883059994431488,negative,0.0045732044367837
1361883062305456129,negative,0.0005682575570874796
1361883063752531968,negative,0.059066837431102644
1361883064385871874,negative,0.01000971937163835
1361883064700461056,negative,0.1603894675701918
1361883065912590339,negative,0.012593957822313285
1361883066763993088,negative,1.2936507640253172e-05
1361883067141529605,negative,0.12710074349086004
1361883068198490113,negative,0.017984896579314208
1361883070777995265,negative,0.029722762497409357
1361883074657665024,negative,0.06891304579495022
1361883074770788352,negative,0.022903846523820673
1361883075035226112,negative,0.00020130582430730686
1361883076410806279,negative,3.417237775050289e-06
1361883077346230274,negative,0.007954388140783968
1361883078201802756,negative,0.26645814620233865
1361883079716044800,negative,5.92805948430876e-05
1361883080907247618,negative,0.005527170083806231
1361883082056474624,negative,0.05357457512678084
1361883082324779009,negative,0.2079092790296835
1361883082391977987,negative,4.252268760036912e-08
1361883082811453443,negative,0.1408391663269699
1361883084786970624,negative,0.0026137897196443446
1361883084984098816,negative,0.032377968351464316
1361883085260914796,negative,0.02839517461614872
1361883085474791427,negative,0.03696365454460867
1361883085587931139,neutral,0.3752751158882658
1361883086439464962,negative,2.1328169277588322e-07
1361883087169183745,negative,9.64756311604451e-07
1361883089404715009,negative,0.006859936298705416
1361883089618808836,neutral,0.4629644064217626
1361883090105208835,negative,0.056587575303359686
1361883090654756873,negative,0.001133079425850937
1361883091346849797,positive,0.8449706451271007
1361883091678203904,negative,2.8510129388726875e-05
1361883091845984260,neutral,0.5521868375443785
1361883092982640645,negative,0.004498414469732188
1361883093666123780,neutral,0.6571677431475812
1361883094043799552,negative,1.404354449424273e-06
1361883096702984195,negative,0.000990050929999318
1361883097281810434,negative,0.22353157434535123
1361883097482989577,negative,3.417237775050289e-06
1361883097684463617,negative,4.641404264870702e-19
1361883097919336450,negative,0.21139109066500397
1361883098238042118,negative,0.05357457512678084
1361883098712076290,neutral,0.4323510242933817
1361883098959532034,negative,3.417237775050289e-06
1361883099097874434,negative,0.029722762497409357
1361883100423323648,negative,0.12349429145986153
1361883101685833730,negative,0.004064870430987558
1361883101727584260,neutral,0.5621655332629886
1361883102759501826,negative,1.016975776028868e-06
1361883103258681345,negative,0.07994498918640447
1361883103699042305,negative,0.000990050929999318
1361883104097546242,negative,0.0010847327224166189
1361883104605011973,negative,0.1142822967585968
1361883105959714820,positive,0.9566871126165171
1361883106584760321,negative,0.17419598300104258
1361883108753162242,negative,0.003970901874489672
1361883108908261378,negative,3.4454078477687496e-06
1361883109675958275,negative,0.032377968351464316
1361883111357833216,negative,0.00035755761198535437
1361883112582561793,negative,0.00019833814448358623
1361883112960110592,negative,0.09801574809415366
1361883113198997507,negative,1.2936507640253172e-05
1361883113773752323,negative,0.01869870988099018
1361883116785205256,negative,0.0007984219747013287
1361883116814569475,negative,0.033496634529330854
1361883117485776908,negative,0.000990050929999318
1361883120056885249,negative,0.059066837431102644
1361883120136556545,negative,0.05357457512678084
1361883120195293184,negative,2.1328169277588322e-07
1361883121394671624,negative,0.2270916242691431
1361883123441668098,negative,0.015588462689835316
1361883123957587968,negative,0.10493509996246646
1361883124624457729,negative,0.024329481724881367
1361883124930654210,negative,0.000990050929999318
1361883125299761153,negative,0.004638310009039358
1361883126088298497,negative,0.13790829785540254
1361883127619198983,negative,0.0016343484465562897
1361883127812030469,negative,6.754169566903322e-07
1361883128248348674,negative,0.000990050929999318
1361883128571301888,negative,0.0719376920759857
1361883128990756866,negative,1.8060083251108874e-08
1361883129942786048,positive,0.8272868523606141
1361883130643251202,negative,0.004086329021375562
1361883130811006978,negative,0.0003588465926224209
1361883131570253826,negative,0.08545408379192729
1361883131792420872,negative,0.03696365454460867
1361883132757164040,neutral,0.3958277100863295
1361883133377990657,negative,0.017789472448715635
1361883133814198274,neutral,0.49789225920557484
1361883133872775168,negative,3.5216772755926464e-06
1361883134137098245,negative,0.011748033501187898
1361883134338486273,negative,0.15826601371839383
1361883134485217290,negative,2.6743284854422935e-09
1361883135139405827,negative,0.000990050929999318
1361883135722409986,negative,0.029722762497409357
1361883135739363331,negative,0.14161800834439284
1361883135781265409,negative,0.05357457512678084
1361883135881990149,positive,0.6685562357770048
1361883136112664580,negative,0.006722943606366027
1361883136557281280,negative,0.06667755730150197
1361883141909184512,negative,0.02932883099023715
1361883143913963524,negative,0.0087700997304632
1361883144358490114,negative,0.00020130582430730686
1361883144656453633,negative,0.05357457512678084
1361883145252069377,negative,7.951560774772043e-09
1361883145663045633,negative,0.0005682575570874796
1361883145700859906,negative,0.011629802905316075
1361883146812334082,negative,0.059066837431102644
1361883148062134273,negative,0.03579277504754802
1361883155372859396,negative,0.05208413089109728
1361883157977522177,negative,0.009351984955753364
1361883160905195521,negative,0.048851735702001985
1361883166072578050,negative,0.005238310673835643
1361883166525513729,negative,0.0023880424734779226
1361883166882029570,negative,0.10538030813047634
1361883167439863813,neutral,0.6442292769883152
1361883173647482883,neutral,0.475539275938343
1361883175505387520,negative,3.7315027362533294e-07
1361883178152042497,negative,0.31251327812974533
1361883180551331840,negative,0.013255239653530001
1361883180563902464,negative,0.033496634529330854
1361883182145003522,negative,0.019333376788251467
1361883182732374024,negative,0.012593957822313285
1361883183361490947,neutral,0.5140789474640426
1361883183726292993,negative,0.04003906873047557
1361883184040935428,neutral,0.48481419304338763
1361883185160806402,negative,0.21344088490431692
1361883185957597184,negative,0.011495802453682888
1361883186112958468,negative,7.263681252918724e-06
1361883186163286018,neutral,0.4670626438530625
1361883186612043776,negative,0.07271753467465127
1361883188478492674,negative,0.05413170782706402
1361883191188062208,negative,0.017769799900533616
1361883191326441478,negative,0.01143988560075548
1361883191527768068,negative,0.014410021282987497
1361883194371567625,negative,0.2762251291860919
1361883194795184131,negative,3.417237775050289e-06
1361883196284141570,negative,0.003560558423302975
1361883196477083652,negative,0.002988925608052877
1361883197139656706,negative,0.09151565997391957
1361883197211090945,neutral,0.5136446707795853
1361883198121275392,negative,0.07192298659144568
1361883198767075329,negative,0.009761345140847096
1361883198792359939,negative,0.1603894675701918
1361883200662962179,neutral,0.6407068560760963
1361883202449768450,negative,0.059066837431102644
1361883202810437638,neutral,0.3752688200273915
1361883205096402948,negative,0.059066837431102644
1361883208430870529,negative,0.0003076056962548066
1361883212973150211,negative,0.020069275666744036
1361883213191241730,negative,0.033167025878074165
1361883214340579332,negative,0.0007449749825635989
1361883219658907652,negative,3.417237775050289e-06
1361883221303177223,negative,0.2165458491675826
1361883222238445574,neutral,0.49789225920557484
1361883223911981060,negative,0.013807455330012288
1361883225036099584,negative,1.2936507640253172e-05
1361883226512457735,negative,0.025319535929547537
1361883226835410953,negative,0.09530948409055756
1361883227737186304,negative,0.09797448730401104
1361883228089499650,negative,3.7238217570075986e-06
1361883229918232577,negative,0.0003470139859397712
1361883235798708225,negative,0.2147765753586945
1361883235815456769,negative,0.02303560624538249
1361883236704600072,negative,0.03917785259222878
1361883237027639300,neutral,0.40507988433281555
1361883237971296257,negative,0.22420583782076137
1361883238369812484,negative,0.21782822309963426
1361883238701105159,negative,0.008157976426003641
1361883238998953986,neutral,0.3685943945839147
1361883241280634880,negative,0.0028406668777079644
1361883247416905729,negative,0.09797448730401104
1361883247924236290,negative,0.03614426333425489
1361883250042544130,negative,0.0002767179396495396
1361883250680070147,negative,0.04858045328835231
1361883251611156484,negative,0.005821458417031486
1361883256203976707,negative,0.003807355552709479
1361883258561171457,negative,0.00020130582430730686
1361883259790000131,negative,3.417237775050289e-06
1361883260134051841,negative,0.012593957822313285
1361883262243786755,positive,0.954873127285284
1361883262411505664,negative,0.00018654825483754975
1361883262692585472,negative,0.1603894675701918
1361883262960959489,neutral,0.5802423411117443
1361883265859280896,negative,9.525064663033747e-06
1361883266849112064,positive,0.9983925884044779
1361883269193756674,negative,0.1647378382293729
1361883269202120707,negative,0.011629802905316075
1361883270191869961,negative,0.1705196658734365
1361883272385544194,negative,0.21307996350047567
1361883272943394819,negative,0.0069977113279204506
1361883273102839811,negative,4.1011749923846e-05
1361883273291513856,negative,8.912790181537978e-05
1361883274998644742,negative,0.0073678066081475455
1361883275489390593,negative,0.0788396678525446
1361883280564486146,negative,0.005782038052619196
1361883280711254018,negative,1.2936507640253172e-05
1361883281491451904,negative,0.008996707933923887
1361883281655009282,negative,0.00020130582430730686
1361883282611326977,negative,0.07736349569523265
1361883282871353347,negative,3.417237775050289e-06
1361883287824846849,negative,0.16557605753267154
1361883288181362688,negative,0.0026137897196443446
1361883288537866243,negative,0.004757157643562101
1361883291142488064,negative,0.004478927258780815
1361883292438568961,positive,0.701619187954771
1361883292899962881,negative,0.024329481724881367
1361883295420731394,negative,0.0019903319919121073
1361883295659790338,negative,0.025319535929547537
1361883295710130177,negative,0.19481991233610219
1361883298046373890,negative,0.3075046062492301
1361883298801287170,negative,0.004757157643562101
1361883299937976326,neutral,0.49789225920557484
1361883305214431234,negative,0.005023641682374119
1361883309140303872,negative,0.1226001769149991
1361883309672980487,negative,2.008480900313931e-09
1361883309870039042,negative,0.006426218211711938
1361883310029492228,negative,1.4059291794501726e-06
1361883312176963587,neutral,0.6285316364397717
1361883312671891458,negative,0.016378728852445547
1361883312730509312,negative,0.007694731457877382
1361883313271541768,neutral,0.40507988433281555
1361883314290909187,negative,1.2709632525935702e-05
1361883314521579520,negative,0.011322098644435693
1361883314660003840,negative,0.0001783764279215546
1361883314810810368,negative,0.017984896579314208
1361883316559962112,negative,7.068261740209212e-05
1361883316576784385,negative,0.05357457512678084
1361883316576792587,negative,0.029856005315172688
1361883318120112128,negative,0.19107594964581934
1361883318220955656,negative,0.0004983065725127046
1361883319420346374,negative,0.013829186582841557
1361883319877709827,neutral,0.49789225920557484
1361883320221630467,negative,0.0654201385212326
1361883320779423744,negative,0.044754424462532943
1361883321282740224,negative,0.00010129371413066258
1361883321400254466,negative,0.009864037501071718
1361883321937068032,negative,0.10715633970361955
1361883322713014273,negative,0.019364287150155274
1361883324298498051,negative,0.16985894851757302
1361883324369809408,negative,9.130682347670928e-05
1361883324554371075,negative,0.059066837431102644
1361883324847955969,negative,0.06529201369005279
1361883325007204361,negative,0.05357457512678084
1361883326315962370,negative,0.004086329021375562
1361883326588542979,negative,0.011106343875148335
1361883327884574721,negative,0.0004056172954345122
1361883328555589642,negative,0.00753708168788798
1361883328660520963,negative,0.004086329021375562
1361883329176436737,negative,0.10911730871865548
1361883329306492929,negative,3.746868183421403e-05
1361883331021914114,negative,0.0004127514285876195
1361883331454005250,negative,0.025319535929547537
1361883331667845120,negative,0.012593957822313285
1361883336327761924,negative,0.026210963983195244
1361883337586069508,negative,0.07699666720720659
1361883338152185859,negative,0.0030169702628354573
1361883342006673414,negative,9.207974592836684e-06
1361883342027644929,negative,9.207974592836684e-06
1361883343697162246,negative,0.0018145507610497283
1361883344020115456,negative,3.470683229759093e-05
1361883347811766274,negative,0.008145527908159476
1361883349984415744,neutral,0.3757091372971964
1361883351603441667,negative,0.0021196166289968385
1361883357022478339,negative,0.035832760791353856
1361883357588643842,negative,0.16594987411191853
1361883359102779392,negative,0.000525501069785204
1361883360033984512,negative,0.0018145507610497283
1361883361162199041,negative,0.03822162174034726
1361883361711644673,negative,0.004757157643562101
1361883363209003011,negative,0.054460455069341884
1361883363435442177,negative,0.1368566461542506
1361883364198866946,negative,0.033496634529330854
1361883370481987585,negative,0.059066837431102644
1361883374726615040,negative,0.09530948409055756
1361883376484024323,negative,0.1733470103063928
1361883376995733507,negative,0.03157525626288607
1361883379797553154,negative,0.000990050929999318
1361883381118607360,negative,0.2196858088448432
1361883382079193091,negative,0.005661370956755728
1361883382624444419,negative,0.12313742924993856
1361883383152975877,negative,0.05357457512678084
1361883384197251080,neutral,0.49789225920557484
1361883385346588673,negative,0.03909418678506916
1361883387489882113,negative,0.0024265365763960507
1361883388056068096,neutral,0.49789225920557484
1361883388760719363,negative,0.2147765753586945
1361883389914087427,negative,3.5216772755926464e-06
1361883391063375877,negative,3.806906620311329e-05
1361883392455884801,negative,0.10310003405773556
1361883392858599424,negative,0.0003076056962548066
1361883393894440968,negative,0.004503829859621574
1361883394355920896,negative,0.005490394012624871
1361883395102363659,negative,0.029722762497409357
1361883395324805123,negative,0.002988925608052877
1361883395698143233,negative,0.2147765753586945
1361883396562108425,positive,0.8542368681346015
1361883396813815808,negative,0.059066837431102644
1361883399087087616,negative,0.002803174905859984
1361883399837908992,negative,0.004757157643562101
1361883400299311104,negative,0.03175381393284488
1361883400878096386,negative,0.12029545305536435
1361883401515630613,negative,0.01143988560075548
1361883404170592256,neutral,0.4513605618894927
1361883407379271680,negative,0.018881089919087168
1361883409111375876,negative,5.168183830182258e-05
1361883409526771713,negative,0.03952502394870131
1361883412047548417,negative,0.022115040833701215
1361883413100306436,negative,0.021081123713444592
1361883413179994112,negative,0.004757157643562101
1361883415717543939,positive,0.7228705013161616
1361883417504317445,negative,0.05357457512678084
1361883417562869760,negative,0.013677822296312377
1361883417890217987,negative,0.002406368237562796
1361883422311002116,negative,0.009959724022684842
1361883423636414466,negative,0.00736612796908188
1361883424252952576,neutral,0.47837303468572906
1361883424382980099,negative,0.004757157643562101
1361883425431580672,negative,0.04526885811592329
1361883425444102149,negative,0.005314036913586103
1361883427742572547,negative,0.009025499247126097
1361883428413530137,negative,0.028334328274746082
1361883430099836932,negative,0.0004019230797895827
1361883431244877825,negative,0.033496634529330854
1361883431718821890,negative,0.0012369160430398005
1361883432310235136,negative,0.07192298659144568
1361883436143808513,negative,0.01885327263787496
1361883437326626819,negative,0.059066837431102644
1361883438287097858,negative,0.05106637002907062
1361883442603036672,negative,0.00016466734729978793
1361883444192681985,negative,0.0005682575570874796
1361883445006245888,negative,0.0312270213278929
1361883449682984962,negative,0.09530948409055756
1361883450274443264,negative,0.011106343875148335
1361883450874228744,negative,0.0021196166289968385
1361883451331330054,negative,0.1084951265693784
1361883453080277002,negative,0.09806382291146466
1361883453818462209,negative,5.114698396722605e-08
1361883454229594112,negative,0.004653631733387073
1361883454498045955,negative,0.0010014503924579037
1361883455156535296,negative,0.0004766889241619763
1361883455177560064,negative,0.05413170782706402
1361883457736085504,negative,0.09530948409055756
1361883462584647680,negative,0.0018145507610497283
1361883464920948738,neutral,0.3685943945839147
1361883470650294273,negative,0.3055950302665505
1361883472541880322,negative,0.00023817800626274192
1361883472651026432,positive,0.7983934764917716
1361883474899083265,negative,0.0002755312716535823
1361883475813490688,negative,0.0009975231778871576
1361883477252182018,positive,0.7983934764917716
1361883477671632899,negative,0.01375142202015353
1361883479747788801,negative,2.170723009286398e-06
1361883484558675970,negative,0.006859936298705416
1361883485967892482,negative,0.09530948409055756
1361883487691751425,negative,0.00010075577805108141
1361883487901536257,positive,0.954873127285284
1361883488132227076,negative,0.28867381762890676
1361883490594283527,negative,0.022115040833701215
1361883494494822403,negative,1.2936507640253172e-05
1361883497728790533,negative,0.00424899509133177
1361883499179999233,negative,0.00010679779602015276
1361883499431665665,negative,2.7087837409919598e-08
1361883503806214148,negative,0.06283575186309646
1361883505534382081,negative,0.039574031080314855
1361883506146635777,negative,0.051909196127923996
1361883507111432193,negative,0.004753119203582874
1361883508260691968,neutral,0.37536851402589344
1361883508877103107,negative,0.09027111475966766
1361883510760497153,negative,0.0009491062771751266
1361883511955861505,negative,0.059066837431102644
1361883514656948224,negative,0.0087700997304632
1361883517542670337,neutral,0.5521868375443785
1361883518796771328,negative,0.05357457512678084
1361883520474439680,negative,0.0051636604958203505
1361883521753763842,negative,8.912790181537978e-05
1361883523439865859,negative,0.03148626404244101
1361883526145011714,negative,0.0012444295824266128
1361883526145089538,negative,0.0012444295824266128
1361883528930148352,negative,0.033804987877426175
1361883530381430788,negative,0.00030114263724958737
1361883531484487682,negative,0.006912463564198242
1361883533392957441,negative,0.033804987877426175
1361883533703335940,negative,3.1873081759187824e-05
1361883535058100225,negative,9.256138946251584e-05
1361883535087267840,negative,0.004458692101486
1361883536307945475,negative,0.05357457512678084
1361883541336907779,negative,0.0016043736797806797
1361883542041550849,negative,0.02303560624538249
1361883543199178753,negative,0.061721186948758416
1361883544444895235,negative,0.042835020348720006
1361883544721711105,neutral,0.5209932010848836
1361883546730782722,neutral,0.41171671661479453
1361883547418718208,negative,0.20319990145175765
1361883547716493313,negative,0.012593957822313285
1361883548064579584,negative,0.004478927258780815
1361883549897551873,negative,0.2287206037784227
1361883550803460102,negative,3.7315027362533294e-07
1361883552284033028,negative,0.026210963983195244
1361883553626279936,negative,0.00013762689388039696
1361883554649493505,negative,0.25401421255941126
1361883554980970496,negative,0.09530948409055756
1361883555077513217,negative,0.013434382290871114
1361883556134457344,negative,0.006025199969989119
1361883561884794880,negative,0.0009491062771751266
1361883561918271497,negative,0.009761345140847096
1361883563151552512,negative,0.2864145558920463
1361883563671638024,negative,0.05357457512678084
1361883564078292993,neutral,0.5251083678055524
1361883564653051904,negative,0.0021196166289968385
1361883570550300673,negative,0.0964224038685325
1361883571162468356,negative,0.05357457512678084
1361883571770822660,positive,0.6841245404679394
1361883574840958978,negative,0.24198286248348236
1361883576246145026,negative,0.059066837431102644
1361883576552353798,negative,0.05357457512678084
1361883576837435397,negative,0.05357457512678084
1361883578821443584,negative,0.10365880917329634
1361883586966786048,negative,4.1011749923846e-05
1361883587340087296,negative,0.0018145507610497283
1361883589021958144,negative,0.024767360646041684
1361883592629121025,negative,3.172516778737034e-05
1361883593216319489,negative,0.04526885811592329
1361883595212812289,negative,0.009725206200260147
1361883596047470594,negative,0.025319535929547537
1361883596957581316,negative,0.00020130582430730686
1361883597746094082,negative,0.04526885811592329
1361883597892964354,negative,0.059066837431102644
1361883599344201730,negative,0.002606627172117776
1361883605950205953,neutral,0.4311180630242795
1361883606424186881,negative,0.03157525626288607
1361883606822584324,positive,0.9633894245446962
1361883606965055491,neutral,0.4898631585877994
1361883608412266498,negative,0.06968324687546311
1361883612086468609,negative,0.05357457512678084
1361883615550963720,neutral,0.49789225920557484
1361883616154816518,negative,9.460512298841348e-06
1361883617195081738,negative,0.07110699202937885
1361883617241292801,neutral,0.49789225920557484
1361883617832624131,neutral,0.5521868375443785
1361883620131143680,negative,2.0982579130357964e-09
1361883621267812353,negative,0.00011941137881460796
1361883621968248836,negative,0.2270916242691431
1361883621972447233,negative,3.170570736002375e-05
1361883629207617537,negative,0.23562434052808948
1361883629513760768,negative,0.059066837431102644
1361883629731778561,negative,0.2369710931082333
1361883630335758336,negative,1.2936507640253172e-05
1361883631984254976,negative,0.01113174610092418
1361883632428863488,negative,2.967957746394103e-08
1361883633070596096,negative,0.059066837431102644
1361883633481515009,negative,0.020647037984382857
1361883637419888654,negative,0.00020130582430730686
1361883642423894016,neutral,0.49789225920557484
1361883643199766528,negative,0.033496634529330854
1361883644202254338,negative,0.032377968351464316
1361883644701396992,negative,0.0006020755325039748
1361883645770891267,negative,0.05357457512678084
1361883646777561091,negative,0.05357457512678084
1361883648950165504,negative,0.002715005462916403
1361883649461911552,negative,0.05357457512678084
1361883649990397954,negative,0.00024328191079999703
1361883651277996032,negative,0.05357457512678084
1361883654843207680,negative,0.002113639522666961
1361883656072163332,negative,0.21257333126602235
1361883656210374658,negative,0.0014435211140411926
1361883657020067842,negative,0.07271753467465127
1361883657980542977,neutral,0.3560423282182877
1361883659742150662,negative,8.963465986199221e-05
1361883661059182599,negative,0.10493509996246646
1361883662430724096,negative,0.07736349569523265
1361883662803951619,negative,0.002822284901713726
1361883663835791360,negative,0.1843468047297809
1361883665702207489,negative,0.059066837431102644
1361883671981158400,negative,0.0006869640707132963
1361883675613425664,negative,0.02811768481343112
1361883678545182720,negative,0.01921257954171843
1361883679103016960,negative,0.0026137897196443446
1361883679409152000,negative,0.00020130582430730686
1361883680575082498,negative,1.6208451995626925e-08
1361883681275613185,negative,0.013880482508218552
1361883683335008258,negative,3.417237775050289e-06
1361883683523813383,negative,0.02774095905144988
1361883685688074247,neutral,0.45881106662685794
1361883685730017282,negative,0.008816408544524661
1361883685755183108,negative,1.6939466942538843e-06
1361883686170427392,negative,0.022115040833701215
1361883686526976000,negative,0.004122357793389287
1361883688603123714,negative,0.002182449904603047
1361883691132342273,negative,0.019333376788251467
1361883692650668033,negative,0.27626037608679505
1361883693837557762,negative,0.002549781156789734
1361883702020739072,negative,0.011629802905316075
1361883705330049026,negative,3.417237775050289e-06
1361883706525446146,negative,0.0041121707392958945
1361883706542219264,negative,5.454653669550915e-05
1361883708110831616,positive,0.7922769975577183
1361883713445842946,negative,0.009761345140847096
1361883714641346562,negative,0.0013455476900050582
1361883714733637632,negative,0.03652869567889581
1361883714897080323,negative,0.032377968351464316
1361883717040537605,neutral,0.5621655332629886
1361883718378545152,negative,0.00020130582430730686
1361883719284510720,negative,0.30144616543222735
1361883719393370119,negative,0.09027111475966766
1361883721893347328,negative,0.059066837431102644
1361883722040172549,negative,0.0010999853964459322
1361883722593755142,negative,1.1254046895531442e-05
1361883723336146945,negative,0.021163474256086886
1361883723411652608,negative,0.0010135391573495229
1361883723470278667,negative,0.0018145507610497283
1361883725831749632,negative,0.008157976426003641
1361883727962525699,negative,0.004653631733387073
1361883728356790273,negative,0.013807455330012288
1361883728511791107,negative,0.302408432032602
1361883728558063617,negative,0.02906146500436658
1361883731288539146,negative,1.291391637418562e-06
1361883731313782785,negative,0.005314036913586103
1361883734862045184,negative,0.2576921297097865
1361883736288165888,positive,0.954873127285284
1361883736460193800,negative,0.004757157643562101
1361883738121134085,negative,3.7004702058965532e-06
1361883738314055684,negative,0.00010100876239805728
1361883740121804800,negative,0.10493509996246646
1361883743389167618,negative,0.1843468047297809
1361883746002231299,positive,0.8804793908618945
1361883746941759491,negative,0.21257333126602235
1361883749957447682,negative,6.0836462682944324e-05
1361883752012595200,negative,3.470683229759093e-05
1361883753874866178,neutral,0.3499352441185855
1361883754516672512,negative,0.05357457512678084
1361883756684931075,negative,0.0010135391573495229
1361883758538940416,negative,0.03680230327726937
1361883759809875969,negative,0.005782038052619196
1361883762007498756,negative,0.21375059833821136
1361883764046069761,negative,0.00014896218295711914
1361883767191830531,negative,0.03680230327726937
1361883767527325697,negative,0.013255239653530001
1361883770345779202,negative,0.1603894675701918
1361883770413015045,negative,0.0002282634317653464
1361883770790494209,negative,7.985005209097959e-05
1361883773026107393,negative,0.005303989465459191
1361883773999185920,neutral,0.49789225920557484
1361883774900912140,negative,1.1140693012061063e-10
1361883777878945795,negative,0.05357457512678084
1361883780496191493,negative,0.002803174905859984
1361883782329040897,negative,0.0011533030593752509
1361883783721541632,negative,0.005314036913586103
1361883783885189121,negative,0.05357457512678084
1361883784380116994,negative,0.0037272221370965126
1361883784828751874,negative,0.0020925436102252424
1361883785130881024,negative,3.470683229759093e-05
1361883786187837445,negative,0.003511184357252747
1361883787597144064,neutral,0.45760144536329134
1361883787701985280,negative,0.004478927258780815
1361883787773190145,negative,0.0029311105210509483
1361883789916401668,negative,3.3645780989289666e-12
1361883791661400072,negative,0.00020130582430730686
1361883791661404163,neutral,0.5495922250151081
1361883792483315712,negative,1.2936507640253172e-05
1361883795029446657,negative,0.02023603281778985
1361883796354834433,negative,0.00027550366249283253
1361883799450247168,positive,0.7228705013161616
1361883799697510400,negative,0.002549781156789734
1361883800968581120,negative,0.03476132765853389
1361883802373652481,negative,1.2936507640253172e-05
1361883803870978054,negative,0.0021196166289968385
1361883805217411074,negative,0.0004765668631687762
1361883805368336389,negative,0.004757157643562101
1361883805762658304,negative,1.1140693012061063e-10
1361883805884182528,negative,0.005864001569624947
1361883806127521794,negative,0.21257333126602235
1361883808161792002,negative,0.059066837431102644
1361883808434434051,negative,0.07736349569523265
1361883809046691849,negative,0.05855605991398019
1361883809105408002,negative,1.2936507640253172e-05
1361883810229592069,positive,0.8542368681346015
1361883810581909506,negative,0.00010309601965185907
1361883812146348034,negative,8.896552336851779e-13
1361883813618593799,negative,0.14833482483770155
1361883814432288770,neutral,0.4436160602121132
1361883817603137536,negative,0.05357457512678084
1361883820719443971,negative,0.21257333126602235
1361883820975292418,negative,0.023623115248721436
1361883825706565635,negative,3.329284314185823e-05
1361883829749825536,negative,0.0087700997304632
1361883831679262720,negative,0.005716637004156381
1361883835445641216,negative,1.2936507640253172e-05
1361883838574690305,negative,1.2936507640253172e-05
1361883839841230850,negative,3.417237775050289e-06
1361883841749807122,negative,1.2936507640253172e-05
1361883843112935425,negative,0.059066837431102644
1361883847332425728,negative,0.00033382889760131775
1361883847479205890,negative,4.629123693332913e-06
1361883847948926981,negative,0.013144937263848742
1361883853376417794,negative,0.32060723626006504
1361883853464436739,negative,0.059066837431102644
1361883854185918466,negative,0.004757157643562101
1361883854215200769,negative,0.1647378382293729
1361883854626164738,negative,3.417237775050289e-06
1361883854848548869,negative,3.4707563339898353e-06
1361883854869561350,negative,0.0024600001773448545
1361883856358567936,negative,0.000990050929999318
1361883856865947652,negative,0.02408133521209762
1361883857721696257,neutral,0.4274047939449264
1361883858908696577,negative,0.02862850044334376
1361883859118358530,negative,1.0569848104493797e-08
1361883860527636484,negative,0.013466567852651637
1361883860645146624,negative,0.004086329021375562
1361883861517537280,negative,0.004428691513296725
1361883861538508801,neutral,0.35362277955607824
1361883862960332803,negative,0.08545408379192729
1361883863153262593,negative,0.11579010942057401
1361883863304273922,positive,0.702121470577264
1361883864004706305,negative,0.01241233477651955
1361883864063479808,negative,4.105356162905055e-06
1361883864671674374,negative,0.0012778755973791355
1361883864814215169,negative,0.30268140521912346
1361883864931708931,negative,0.00424899509133177
1361883865514672128,negative,2.462497264869912e-07
1361883865665703938,negative,0.0007984219747013287
1361883865665724421,negative,1.1723467803022745e-05
1361883867523727363,negative,5.087596700994791e-06
1361883869344116737,negative,0.016395317403642633
1361883869755170820,negative,2.1328169277588322e-07
1361883871915163651,negative,0.0019903319919121073
1361883872561139713,negative,6.399161808712415e-14
1361883874960105481,negative,0.00022604706252202776
1361883875140509700,negative,3.417237775050289e-06
1361883876021456898,negative,0.0005758903327991032
1361883876432486402,negative,0.0902851851929025
1361883876923215874,negative,0.05378460301345363
1361883878143774722,negative,0.004086329021375562
1361883878353477633,negative,0.0011189424420249838
1361883878399504387,negative,0.009534454370286247
1361883878953259008,negative,0.0003119986829994803
1361883879548751879,negative,1.6001080953426926e-06
1361883880027009027,negative,0.05357457512678084
1361883880161181697,negative,0.21921412548362115
1361883883822809097,negative,0.05357457512678084
1361883883831238658,negative,7.858390434066288e-06
1361883887446740995,negative,0.03952502394870131
1361883889732628482,negative,0.0004920156931941813
1361883889917186050,negative,0.0016770018017662899
1361883890110115842,neutral,0.38648463292877455
1361883890382692354,negative,0.023139963450933228
1361883891322224649,negative,0.03501890977918644
1361883891406168064,negative,0.0010135391573495229
1361883892341424129,negative,0.23824495332627738
1361883892681121792,negative,0.0041604897079766945
1361883893591388163,negative,0.005661370956755728
1361883894581252097,neutral,0.49789225920557484
1361883895298465799,negative,2.7543052777806086e-05
1361883895453614083,negative,0.0014435211140411926
1361883895474450434,negative,0.0797681334013625
1361883895801786368,negative,0.11430745502275984
1361883896317550593,neutral,0.44086945805243716
1361883896606908424,negative,0.00020130582430730686
1361883897072660481,negative,0.07381387634661611
1361883897752137728,negative,0.00010177762460849017
1361883898238541824,negative,0.009959724022684842
1361883898913968128,negative,0.000553272366604666
1361883899329134595,negative,0.000990050929999318
1361883899513753602,neutral,0.5544318268166607
1361883899517886466,negative,0.11579010942057401
1361883899756834830,negative,0.10715633970361955
1361883899870121988,positive,0.9566871126165171
1361883901258530816,negative,3.734510812992872e-06
1361883902902759425,negative,0.18598802602580827
1361883903150104581,negative,0.009534454370286247
1361883903548514306,negative,0.028602532372184113
1361883903607386117,negative,1.7218432737233102e-06
1361883904039264256,negative,1.9390971445678767e-06
1361883904530132996,negative,0.000990050929999318
1361883905138118656,negative,0.005343110914706336
1361883907017371649,neutral,0.3685943945839147
1361883907424149509,negative,0.000990050929999318
1361883908678299648,negative,0.3112256551110494
1361883909466820614,negative,2.418557607262292e-08
1361883910691557376,negative,3.417237775050289e-06
1361883911991812100,negative,0.00020130582430730686
1361883913019342850,negative,0.0062899480639258334
1361883914026024960,negative,0.009534454370286247
1361883914269167616,negative,0.23972773971202263
1361883914491498497,negative,0.11555766284984298
1361883915745656832,negative,3.7315027362533294e-07
1361883915817017345,negative,0.001133079425850937
1361883916949413894,negative,0.059066837431102644
1361883917134008321,negative,0.000990050929999318
1361883918354571269,negative,0.004086329021375562
1361883918677508097,negative,0.08545408379192729
1361883919596072963,negative,0.059066837431102644
1361883919684091904,negative,4.20998995429627e-08
1361883922485903360,negative,0.013829186582841557
1361883922607575041,negative,0.10366650515906842
1361883923589042176,negative,0.00010100876239805728
1361883925019299840,negative,0.1843468047297809
1361883925556195329,negative,0.05357457512678084
1361883931348529154,neutral,0.5251083678055524
1361883932535492609,negative,0.0007743921965247463
1361883933957316609,negative,0.0021196166289968385
1361883934963994624,negative,0.0022562307921111064
1361883937568604163,negative,0.317845662114741
1361883938252353537,negative,0.00015727116619328603
1361883939544195072,negative,0.002113639522666961
1361883941054078979,negative,0.004753119203582874
1361883941259665408,negative,0.007405481356584276
1361883944308903936,negative,0.1201907976105119
1361883945927925762,negative,0.0013599534469193825
1361883946053689347,negative,0.00254643252766912
1361883947584528393,negative,0.1253012110904672
1361883948154986499,negative,0.0018145507610497283
1361883949291683840,negative,0.059066837431102644
1361883950898163713,negative,0.0010014503924579037
1361883950902177798,negative,3.417237775050289e-06
1361883951430795264,negative,0.13152545889307815
1361883953788026881,negative,0.004757157643562101
1361883954278780929,negative,0.05357457512678084
1361883958158512128,negative,0.0010135391573495229
1361883958296911872,neutral,0.39344328614122354
1361883958607302657,neutral,0.49789225920557484
1361883959119011840,negative,0.006426218211711938
1361883962260533250,negative,0.03822162174034726
1361883963757715460,negative,0.023150832274050653
1361883966337343488,positive,0.9445242126674523
1361883966589042688,negative,0.005661370956755728
1361883967549566976,negative,0.12703271384507175
1361883968501657602,negative,0.09797448730401104
1361883969806102531,negative,0.025252507499638022
1361883971630608385,negative,0.041350594160695656
1361883972310032390,negative,0.013255239653530001
1361883973140574211,negative,0.00020130582430730686
1361883974457585665,negative,8.7130852323973e-05
1361883975875231749,negative,0.0003076056962548066
1361883977028624389,negative,0.0005682575570874796
1361883978605682689,negative,0.02328086759096105
1361883979855654921,negative,0.22695773199677524
1361883981713723393,negative,0.31087387788166776
1361883982153977858,negative,5.340420020327015e-06
1361883982745513989,neutral,0.42507619662732005
1361883988831461381,negative,0.033496634529330854
1361883989582184448,negative,3.4692671099503603e-08
1361883992287567872,negative,0.0004668867832111186
1361883995378765824,negative,0.0009491062771751266
1361884001519230978,negative,0.025319535929547537
1361884002081247235,negative,0.0018145507610497283
1361884004199370753,negative,4.215453697828313e-06
1361884006212640769,negative,0.004757157643562101
1361884008645328896,neutral,0.4898631585877994
1361884009152847872,positive,0.764607114129324
1361884009702301697,negative,0.004267821741035016
1361884010516000769,negative,0.0007867989563992153
1361884011103219717,negative,0.028098098279859204
1361884012537667584,negative,0.0016318258288604488
1361884014550859777,negative,0.001891183580962971
1361884014894870532,neutral,0.5791696604121439
1361884018682298368,negative,0.059066837431102644
1361884020460642309,negative,0.05357457512678084
1361884020649394185,negative,0.018759567016917347
1361884021685420032,negative,0.05357457512678084
1361884025124749312,negative,0.04767712086181488
1361884025267376130,negative,0.006426218211711938
1361884027070918657,neutral,0.49789225920557484
1361884027230195718,negative,0.05357457512678084
1361884030350876675,negative,0.059066837431102644
1361884031852380162,negative,0.021163474256086886
1361884033488093195,negative,0.1562945674844288
1361884033546821633,negative,0.00020130582430730686
1361884033949573121,negative,0.032377968351464316
1361884034767458304,positive,0.7228705013161616
1361884035115601920,negative,0.003970901874489672
1361884043369979906,negative,0.12021603373245746
1361884043718127618,negative,0.051336279047282427
1361884043873288194,negative,0.000990050929999318
1361884044892454912,negative,0.26798007455025463
1361884044900892672,negative,0.00018654825483754975
1361884046729621504,negative,0.0015249756968211414
1361884046830284803,negative,0.0011845310884072906
1361884047505416193,negative,0.11173290990844764
1361884047568437249,negative,3.70444851636747e-05
1361884047622963202,negative,5.412950702325138e-07
1361884047786586114,neutral,0.6242094968955547
1361884048839372806,negative,0.05427426378136908
1361884051272069120,negative,0.019131015119573946
1361884052568088576,negative,0.0013223081925055188
1361884052727472131,positive,0.9962432790466457
1361884053901701122,negative,0.007297485372277968
1361884054484828161,negative,6.283362256953369e-07
1361884054648475650,negative,0.006949107719798921
1361884054702931968,negative,3.7238217570075986e-06
1361884056829497345,negative,0.1379714623725191
1361884057454403585,negative,0.025319535929547537
1361884057810792455,neutral,0.49789225920557484
1361884058347851777,negative,0.047103378223112065
1361884058528153607,negative,0.0026516371316873157
1361884060042342400,negative,2.0591440760789436e-12
1361884060369444864,negative,0.021146569257822007
1361884061682307072,negative,0.011629802905316075
1361884062282092545,negative,0.10198503616523642
1361884062655393793,negative,0.12582371707492263
1361884062860804096,negative,0.004500908720721487
1361884062898655232,negative,0.00026122419772544616
1361884065482301442,negative,3.1607115796554584e-07
1361884066513969153,negative,0.03379891532324992
1361884066799374337,negative,0.000990050929999318
1361884067017465857,negative,1.5571708444860827e-05
1361884067323666434,negative,0.0019879064434824493
1361884067877257217,negative,0.033496634529330854
1361884067998949379,negative,0.005604325898129143
1361884068107935744,negative,9.474097225706187e-08
1361884068204445702,negative,0.000990050929999318
1361884068665839618,negative,0.001133079425850937
1361884068997136385,negative,0.000990050929999318
1361884069529853952,negative,0.00741092882386613
1361884070041559041,negative,0.000990050929999318
1361884070368538625,negative,0.009534454370286247
1361884070909775873,negative,0.009534454370286247
1361884072054837248,positive,0.9997435663971619
1361884072704954369,negative,4.687965153816397e-05
1361884073594155008,negative,0.000990050929999318
1361884075716403204,negative,0.012832773952489428
1361884077440307200,negative,0.004757157643562101
1361884077947764736,negative,0.00038354695829209657
1361884079008931841,negative,2.823818191098024e-11
1361884079960940546,negative,0.02902716428286758
1361884079986118657,negative,4.5515975637286496e-05
1361884080179204096,negative,0.31286115825799865
1361884080195960835,negative,0.05357457512678084
1361884080732831744,positive,0.7068119332458728
1361884080766386176,negative,1.6170575529006664e-05
1361884081915576321,negative,0.021707942696162757
1361884082083221505,positive,0.9991982881214635
1361884082917896195,negative,0.023139963450933228
1361884083123486725,negative,0.2979169876004211
1361884084281044995,negative,0.03707266573652449
1361884085115883520,negative,0.00020130582430730686
1361884085744848898,negative,6.7114441020677685e-06
1361884085887463428,negative,0.00753060287639481
1361884086164459529,negative,0.22853677066771239
1361884088102174722,negative,0.011106343875148335
1361884088190312448,negative,0.2835981466772259
1361884088437641221,negative,0.08995529039895615
1361884088962084864,negative,0.06693372327754489
1361884089301762048,negative,0.03680230327726937
1361884089469394953,negative,6.312659056323899e-07
1361884090040004608,negative,1.6208451995626925e-08
1361884091625398275,negative,1.2306773106751264e-05
1361884091671597056,negative,0.0010847327224166189
1361884097770061825,neutral,0.37091351175316956
1361884100131446786,negative,0.020925713224748944
1361884100232179712,neutral,0.49789225920557484
1361884101368827906,positive,0.954873127285284
1361884101972811777,negative,0.06930603672104613
1361884104539729920,negative,1.864364300278329e-13
1361884106683015174,negative,0.0054800424490481356
1361884107022688256,negative,0.02811768481343112
1361884108582961157,negative,0.05357457512678084
1361884113372729346,negative,0.033804987877426175
1361884113855262721,negative,0.00038354695829209657
1361884113930706944,negative,0.0013455476900050582
1361884115180662784,negative,0.00010075577805108141
1361884120318631938,negative,0.14122887241097817
1361884122399076352,negative,9.874315969427666e-06
1361884122789130243,negative,0.03476132765853389
1361884122809995266,negative,0.012593957822313285
1361884123292463106,negative,0.05357457512678084
1361884123594424321,negative,0.05357457512678084
1361884126211682306,negative,0.3233824984701617
1361884126350110720,positive,0.954873127285284
1361884130678464513,negative,3.417237775050289e-06
1361884132519915524,neutral,0.48728019602140255
1361884132826054657,negative,1.6208451995626925e-08
1361884137204953089,negative,0.059066837431102644
1361884137976598528,neutral,0.49789225920557484
1361884138794606592,negative,0.12200904501969839
1361884139541168128,negative,0.033496634529330854
1361884139671199746,neutral,0.5495922250151081
1361884141596254208,negative,1.2936507640253172e-05
1361884143613837315,negative,1.2936507640253172e-05
1361884144201068547,negative,0.0016770018017662899
1361884144926674945,negative,0.042400528405699626
1361884146344280065,negative,7.752130399430308e-05
1361884148160466945,negative,0.016110347994777504
1361884148164677638,negative,0.003277083747127493
1361884150236655616,negative,4.464548021742873e-07
1361884151234899970,negative,0.0007984219747013287
1361884151847215106,negative,0.0004965321904754686
1361884154095312897,negative,0.003970901874489672
1361884157576626181,negative,0.2398886060325194
1361884159233384448,negative,2.0924378519794473e-09
1361884161288601604,negative,0.0002977285144143152
1361884161578049538,negative,3.417237775050289e-06
1361884162014261253,negative,0.0014435211140411926
1361884165440946177,negative,0.006859936298705416
1361884165776564230,negative,0.0008481261417022945
1361884168209244163,neutral,0.5910239451607394
1361884175448629251,negative,0.00424899509133177
1361884175771570177,negative,0.05357457512678084
1361884176119660545,negative,0.09797448730401104
1361884176631230466,negative,0.033804987877426175
1361884176975351810,negative,0.059066837431102644
1361884185854676993,negative,0.0004983065725127046
1361884188190908417,negative,0.001240339476818672
1361884190581612548,negative,0.059066837431102644
1361884191412146179,negative,0.059066837431102644
1361884192397815810,negative,0.26435706746012855
1361884192544600066,negative,0.004757157643562101
1361884192838139912,negative,0.31087387788166776
1361884193022758912,negative,0.0038712641655717847
1361884193106522112,negative,0.003963994962915118
1361884195975536640,negative,0.021163474256086886
1361884196474601476,neutral,0.5056162179407367
1361884198261444608,neutral,0.45252863108211083
1361884198680875010,negative,0.00010100876239805728
1361884199767207937,negative,0.0013599534469193825
1361884199947493377,negative,0.05357457512678084
1361884200941588481,negative,0.12341305885845724
1361884202472456193,negative,0.0036870311138515093
1361884210286452736,negative,3.465558246170031e-05
1361884211012136962,negative,0.0016770018017662899
1361884212144529408,negative,0.05413170782706402
1361884218767388672,negative,0.04788952547087939
1361884219169939460,negative,0.032377968351464316
1361884219392286721,negative,0.13152545889307815
1361884220642234369,negative,0.033804987877426175
1361884220797431816,negative,0.013880482508218552
1361884220919078915,neutral,0.36742492523419246
1361884221552271368,neutral,0.5621655332629886
1361884223095848960,positive,0.954873127285284
1361884224232521729,neutral,0.41754670747631223
1361884228368015365,negative,0.06661511644392898
1361884229135724544,neutral,0.4737554465528978
1361884229202817029,negative,0.09530948409055756
1361884230964420608,negative,0.05357457512678084
1361884231325028357,negative,0.018759567016917347
1361884233585819650,negative,0.057069292185839456
1361884234869321737,negative,0.02086570227491957
1361884235049693187,negative,0.011629802905316075
1361884235754332163,negative,0.05357457512678084
1361884236643520512,negative,0.0023880424734779226
1361884236899373056,negative,2.170723009286398e-06
1361884237281042435,negative,1.2936507640253172e-05
1361884238564495362,negative,0.1728953783968395
1361884240451932166,negative,0.05106637002907062
1361884241257263107,negative,0.011629802905316075
1361884243861848065,negative,0.08109843171811777
1361884244377800706,negative,0.05357457512678084
1361884244415545345,negative,0.00010100876239805728
1361884245220818944,negative,0.3065077932362409
1361884249528360960,negative,0.05357457512678084
1361884250618933249,negative,0.00424899509133177
1361884253928226816,negative,5.7191951858763706e-05
1361884255228420098,negative,2.0206920075548593e-11
1361884259141574661,positive,0.7228705013161616
1361884261167546369,negative,0.1647378382293729
1361884262899863558,negative,0.2864145558920463
1361884263176695809,neutral,0.357899290320947
1361884263604514822,negative,0.008157976426003641
1361884268029444097,neutral,0.41255628797487864
1361884268549578752,negative,1.5759527052165356e-06
1361884269782695945,negative,0.059066837431102644
1361884270407667713,negative,0.00020130582430730686
1361884271468830720,negative,8.730232192352034e-05
1361884275331670019,negative,0.06546326492219934
1361884277852557313,negative,0.00017919506558729427
1361884278531891205,negative,0.00934175276161837
1361884279819665411,negative,8.361884481874418e-17
1361884280427712517,negative,0.06815522424954162
1361884285880393730,neutral,0.41193474847754386
1361884286777876483,negative,0.00753708168788798
1361884287759511556,negative,0.056587575303359686
1361884288300498945,neutral,0.49789225920557484
1361884288959021060,negative,0.005314036913586103
1361884289411866628,neutral,0.40506534230917196
1361884291081322497,negative,9.114523256915217e-07
1361884291593084932,negative,0.033496634529330854
1361884291706290178,negative,0.27040267298350223
1361884294378061824,negative,0.05357457512678084
1361884295527346179,negative,3.470683229759093e-05
1361884295669891073,negative,0.05357457512678084
1361884296299044865,negative,3.5216772755926464e-06
1361884296462614528,negative,0.010706368727839864
1361884297666433028,negative,0.07688578306819976
1361884298060566528,negative,0.009534454370286247
1361884298660388864,positive,0.7978013647028452
1361884298823962627,negative,0.00753708168788798
1361884298924748800,negative,0.13807374118163496
1361884299516145664,negative,0.14089266409377468
1361884299948142593,negative,0.08545408379192729
1361884300342218754,negative,0.009534454370286247
1361884300724027398,negative,0.0008501169829824081
1361884300933623810,negative,9.995230034274305e-05
1361884303009923072,negative,0.12693968478489281
1361884303072899080,negative,0.037209146369517276
1361884305941692419,negative,0.003530964618446538
1361884305983746049,negative,1.0821371643941125e-08
1361884306935672833,negative,0.0028779014742352986
1361884307082661888,negative,0.0014559392152529215
1361884308030574594,negative,0.002334060443721599
1361884308336615426,neutral,0.5217345507221479
1361884309397770244,negative,0.011748033501187898
1361884309959884804,negative,0.004757157643562101
1361884310161289216,negative,0.00698319887550523
1361884310937227264,negative,0.000990050929999318
1361884312124203014,negative,0.2079258794586688
1361884312409407493,negative,0.02023603281778985
1361884313046953986,negative,0.0038712641655717847
1361884314724564996,neutral,0.4513605618894927
1361884316259610625,negative,0.033804987877426175
1361884317585178624,negative,0.017984896579314208
1361884317924945922,negative,0.04526885811592329
1361884318432448513,negative,0.03368100718803626
1361884319711711236,neutral,0.381761445836901
1361884321221644291,negative,4.424374631505908e-06
1361884321515261960,negative,2.418557607262292e-08
1361884324577087490,neutral,0.41843933238008735
1361884326980370432,negative,0.0069708925714942515
1361884330914684929,negative,0.21257333126602235
1361884332303015939,positive,0.7760414530495556
1361884332344963072,negative,0.0013599534469193825
1361884332357525511,negative,8.374169294874021e-05
1361884333410185216,negative,3.114201509139993e-14
1361884334391783424,negative,0.009900802133523637
1361884335851397121,negative,0.22252779164072473
1361884338812559362,negative,0.0014435211140411926
1361884339999539203,negative,2.596947123353245e-06
1361884340272177154,negative,0.00091788814696798
1361884341261922306,negative,0.033496634529330854
1361884341438210049,negative,0.0012233184206841587
1361884341538676739,negative,0.0032127552334346833
1361884342251757571,negative,0.00020130582430730686
1361884343275290625,negative,3.470683229759093e-05
1361884343929475074,negative,0.0018145507610497283
1361884346886586374,negative,0.012859967923524267
1361884348908244995,negative,0.23332669408908435
1361884350023884807,negative,0.013807455330012288
1361884350577586181,negative,0.009652742178033073
1361884353471602688,negative,0.0008057644835998556
1361884357271703552,negative,0.0004215052244770732
1361884362481033219,negative,7.66735522443285e-06
1361884364141957121,neutral,0.357899290320947
1361884364234248192,negative,0.00026122419772544616
1361884366327193602,negative,0.008157976426003641
1361884366650167297,negative,0.00029338525574625746
1361884367015063555,negative,3.5216772755926464e-06
1361884371129671680,negative,0.01113174610092418
1361884371238739968,negative,0.002113639522666961
1361884374606749697,negative,0.0007867989563992153
1361884380206096394,negative,5.7191951858763706e-05
1361884380386443271,negative,1.531675812963927e-09
1361884380801757186,negative,3.1282431583278154e-08
1361884381913231369,negative,0.27657797087114616
1361884381980278789,negative,0.05357457512678084
1361884382160650240,negative,0.2157424626952354
1361884386052825091,negative,7.709865261059442e-05
1361884389303549954,negative,0.059066837431102644
1361884390968545283,negative,0.039628564812682364
1361884396421324806,negative,0.05357457512678084
1361884396501028864,negative,0.01869870988099018
1361884397251809287,negative,0.1629757814740142
1361884398195511296,negative,0.0002872042174484225
1361884401915867138,positive,0.954873127285284
1361884403509690374,negative,0.0019903319919121073
1361884410220589056,negative,0.012593957822313285
1361884412259033089,negative,0.22466081127930992
1361884414851112963,negative,0.004401934082480212
1361884416411381760,negative,0.10054358213218693
1361884417812291586,neutral,0.3599131410806974
1361884419745841157,negative,0.00010309601965185907
1361884421314531328,negative,1.7731030947714908e-05
1361884422430208000,negative,0.07944812927764905
1361884423931629568,negative,0.01807014585265116
1361884425114554370,negative,0.0017334760948033504
1361884432509067267,negative,0.00010100876239805728
1361884433817681920,positive,0.954873127285284
1361884434497105920,negative,0.00014082775046059877
1361884434824392705,negative,0.00024292619579313076
1361884437181530116,positive,0.9995845597596971
1361884438855090177,negative,7.263681252918724e-06
1361884439350022144,negative,0.2794653930830212
1361884440100823040,neutral,0.5196264172536924
1361884440335704073,negative,0.2115126233340662
1361884447164010502,negative,0.05357457512678084
1361884447507816450,negative,0.1253012110904672
1361884448728432641,positive,0.7228705013161616
1361884449361772544,negative,0.005782038052619196
1361884451542888452,negative,0.0005175116261239693
1361884452415303683,negative,0.0026137897196443446
1361884452666957827,negative,0.034641901391601164
1361884453732253702,negative,0.023623115248721436
1361884454164250629,negative,0.032377968351464316
1361884455149961220,negative,0.004757157643562101
1361884457129578496,negative,0.07897384918512618
1361884460103401476,negative,0.00036855080785403366
1361884460145401856,neutral,0.49789225920557484
1361884460774551553,neutral,0.49789225920557484
1361884463647649792,negative,0.00010177762460849017
1361884468773068803,negative,0.003970901874489672
1361884469762924544,negative,0.0023880424734779226
1361884470425616386,neutral,0.38966083377267685
1361884485860663296,negative,0.06614316587461475
1361884486682705920,neutral,0.6030035165019055
1361884488612016129,negative,0.0014435211140411926
1361884489656528897,negative,0.09806382291146466
1361884491606872065,negative,0.0004765668631687762
1361884493733392384,negative,5.684104563487762e-10
1361884496891699200,negative,4.199540157151706e-09
1361884498183532546,negative,0.007777946154601166
1361884498246455303,negative,0.001891183580962971
1361884505376583686,negative,0.05357457512678084
1361884506349842433,negative,0.316469533656467
1361884506844725248,negative,0.11544081635508753
1361884506874146819,negative,0.23988732993880882
1361884508216205315,negative,0.017154350236738437
1361884510170869763,negative,0.24534909870240096
1361884512196702212,negative,0.04526885811592329
1361884514365095947,negative,0.011629802905316075
1361884515291918339,negative,0.0001542049408884731
1361884520501370889,negative,1.2936507640253172e-05
1361884520757174278,negative,0.06815522424954162
1361884522615238659,negative,8.709734075087535e-09
1361884523613552642,negative,0.0004501411252630319
1361884525119172610,neutral,0.3794095594708052
1361884525127680002,negative,0.02089169712059392
1361884526247469059,negative,0.0015724506552988549
1361884526960668672,negative,0.0003381384899971722
1361884529909264386,negative,0.00020130582430730686
1361884534153871360,negative,0.059066837431102644
1361884534183243779,negative,0.12703271384507175
1361884541435187201,negative,0.04434118397966268
1361884542420869121,negative,0.041953931100383264
1361884542429200387,negative,0.0012778755973791355
1361884549324677121,negative,0.0069977113279204506
1361884549605699585,negative,0.23988732993880882
1361884550234845185,negative,0.0002060646716849427
1361884550641577986,negative,0.09167537070265966
1361884551111454723,negative,0.00240724628413904
1361884552352980992,negative,0.09797448730401104
1361884552969347074,negative,1.3561749049646128e-06
1361884561400037378,negative,0.04526885811592329
1361884561714663424,negative,0.2794653930830212
1361884564415787011,neutral,0.3481594946733007
1361884566944907268,negative,0.00333315672436931
1361884567968223235,negative,0.00020130582430730686
1361884568203255809,neutral,0.40507988433281555
1361884568576536577,negative,0.000918674440490147
1361884568924655617,negative,0.0009154019077532433
1361884569725792256,negative,0.15152914074310808
1361884570405269507,negative,0.002113639522666961
1361884573781684224,negative,0.07981004259930642
1361884574997970944,negative,0.09797448730401104
1361884576315043841,negative,0.004478927258780815
1361884576658948099,negative,0.00202887609052922
1361884580320542725,negative,2.348024209115571e-05
1361884581666947072,negative,0.004267821741035016
1361884582983856129,negative,0.08737938676356574
1361884584242274309,negative,0.032377968351464316
1361884589178896388,negative,0.00020734304710696543
1361884590344859650,negative,0.051909196127923996
1361884594841206786,negative,0.000547682667210138
1361884595713671171,negative,5.441205085461163e-05
1361884596065824772,negative,0.031219924419194873
1361884596405608448,negative,0.09167537070265966
1361884598188339201,negative,0.21257333126602235
1361884599471726592,negative,0.05357457512678084
1361884602063867905,negative,0.010853300845792838
1361884602210476036,negative,0.0018145507610497283
1361884604085460993,negative,0.002822284901713726
1361884606044069891,negative,3.5216772755926464e-06
1361884609156374528,negative,0.09530948409055756
1361884609248714752,negative,0.012593957822313285
1361884609349365762,negative,0.003033565030797348
1361884609579999232,negative,1.6122150705406696e-07
1361884610133700608,negative,0.09530948409055756
1361884610599264256,negative,0.032072231686379904
1361884610649612289,neutral,0.49789225920557484
1361884611790450692,positive,0.7886569262213873
1361884612537028609,neutral,0.49789225920557484
1361884617641517058,negative,1.2440412087327185e-07
1361884617788260358,negative,0.004757157643562101
1361884618560057346,negative,1.6208451995626925e-08
1361884618803281922,negative,6.283362256953369e-07
1361884619193344001,negative,0.05357457512678084
1361884619281485824,negative,0.036868456642577686
1361884619327606784,negative,0.014152892480957914
1361884619889467392,negative,0.009534454370286247
1361884620573270019,positive,0.8804793908618945
1361884621529579523,negative,0.19549811943184967
1361884621965848576,negative,0.022115040833701215
1361884621982609411,negative,0.05357457512678084
1361884622439800832,negative,0.0032952471641983644
1361884622989139970,negative,0.0010062325383328491
1361884623563870209,negative,0.2830446498445194
1361884623702290433,negative,0.014869157784337651
1361884624675217411,negative,0.07606362445307661
1361884625728020482,neutral,0.38019679021634445
1361884626898341889,negative,0.00043731688261437046
1361884627904856065,negative,0.003253056252401833
1361884628412477442,negative,0.009534454370286247
1361884629024837634,negative,0.1199216954771052
1361884629255348227,negative,0.1408391663269699
1361884629389611010,negative,0.033804987877426175
1361884629532356608,negative,0.000990050929999318
1361884631163936769,negative,0.00385949904156067
1361884631356772352,positive,0.7352803579791246
1361884631688220676,negative,0.0026137897196443446
1361884633261088770,negative,3.70444851636747e-05
1361884633525334016,negative,0.02023603281778985
1361884633919545344,negative,2.0258902914464802e-05
1361884634104102915,negative,0.09126787907567749
1361884634355818497,negative,0.0005355367510211682
1361884634418569219,negative,0.0007479695930198525
1361884634653421570,negative,6.220079574878064e-09
1361884635257589760,negative,0.0468217707996781
1361884635404337153,negative,0.00020130582430730686
1361884635572146176,negative,0.31087387788166776
1361884636293586953,negative,0.008992027727511289
1361884636637372426,negative,0.0006204015519257364
1361884637304389635,negative,0.20675803406034501
1361884637690269698,negative,0.00018269316377482654
1361884639283961858,negative,0.26525800674759353
1361884639942479879,negative,0.0002977285144143152
1361884639967678469,negative,0.0645266832625039
1361884640001335302,negative,0.016787884429364814
1361884640248668160,negative,0.016787884429364814
1361884640298946566,negative,0.032377968351464316
1361884640840138753,negative,0.05378460301345363
1361884642132000768,neutral,0.49789225920557484
1361884643113332737,negative,0.09167537070265966
1361884644845756419,negative,0.22664324401202743
1361884645424459779,negative,0.15773568605510307
1361884645755940866,negative,3.5393618621901715e-06
1361884646229880835,negative,0.016787884429364814
1361884647555227651,negative,0.01170241488629889
1361884648838602752,negative,0.004086329021375562
1361884651187560453,neutral,0.5625811932284609
1361884652378718208,negative,0.17110783127166218
1361884652441591810,negative,0.004757157643562101
1361884653473456130,negative,0.013807455330012288
1361884654811422722,neutral,0.49789225920557484
1361884655587389444,negative,0.06926213799586046
1361884655591514113,positive,0.8542368681346015
1361884655738368000,negative,0.06364415716959747
1361884655977443329,negative,0.17110783127166218
1361884656002617344,negative,0.11579010942057401
1361884657520844800,neutral,0.3513017674278485
1361884658686955522,negative,0.012264430880202402
1361884659689357313,negative,5.509691135988513e-06
1361884660247244800,negative,0.009534454370286247
1361884660251377670,negative,0.3089445261071964
1361884662201802755,negative,0.11631077212269345
1361884662361190410,negative,0.016787884429364814
1361884663086796801,negative,0.013255239653530001
1361884663829168130,negative,0.000990050929999318
1361884664265334785,negative,0.011748033501187898
1361884664294756356,negative,0.0654201385212326
1361884665565515778,negative,0.006345744565336363
1361884665632620544,negative,0.2270916242691431
1361884666546987008,negative,0.009241907296623494
1361884666689691650,negative,0.11579010942057401
1361884666702278657,neutral,0.4274047939449264
1361884667046150144,negative,0.03801610846604707
1361884667780206595,negative,0.012593957822313285
1361884668774273024,neutral,0.49789225920557484
1361884669659271171,negative,0.03983031260542193
1361884670451998724,negative,0.059066837431102644
1361884670468763648,negative,0.27657797087114616
1361884671550885893,neutral,0.49789225920557484
1361884671689121795,negative,0.001767087297518093
1361884671714426880,negative,0.011748033501187898
1361884673715048458,negative,0.19044882193484333
1361884673773813760,positive,0.6873965071252229
1361884673983578113,negative,0.000990050929999318
1361884674717454336,negative,0.005728030292617755
1361884675275390978,negative,0.011748033501187898
1361884676076494848,negative,0.1379714623725191
1361884676571484161,negative,0.012264430880202402
1361884677582241795,negative,0.004086329021375562
1361884681520701440,negative,0.07271753467465127
1361884684519694344,neutral,0.48481419304338763
1361884685324873728,negative,1.2936507640253172e-05
1361884687258578945,negative,0.008840107791593103
1361884694992814081,negative,0.00026629668632591506
1361884699988291584,negative,0.05357457512678084
1361884700038623232,negative,0.3233824984701617
1361884701049430017,neutral,0.3808134579608576
1361884703490510848,negative,0.0026572097068470685
1361884704664739843,negative,0.04075910793648389
1361884704857874433,neutral,0.49789225920557484
1361884705570885635,negative,0.035832760791353856
1361884708687261697,negative,0.2621435295041906
1361884709509353474,negative,0.02617733745986091
1361884710453071873,negative,0.004757157643562101
1361884711736520706,negative,0.016110347994777504
1361884712088690688,negative,3.417237775050289e-06
1361884713355522051,neutral,0.35989192783015506
1361884713384878081,negative,1.2936507640253172e-05
1361884714450231296,negative,0.012083097681466488
1361884714777403392,positive,0.8642176910844662
1361884715779690498,negative,0.01619881214908794
1361884716689842178,neutral,0.4640843543965683
1361884716996173825,negative,0.0003283818696513769
1361884718812250112,neutral,0.3685943945839147
1361884719831347202,positive,0.9806003299703024
1361884722238996481,negative,0.016110347994777504
1361884722679447552,neutral,0.5056162179407367
1361884722826145792,negative,0.05208413089109728
1361884723644096514,negative,0.059066837431102644
1361884726655598592,negative,0.06649621560919991
1361884726676639746,negative,0.15197433669104876
1361884726789865473,negative,0.05208413089109728
1361884728316620800,negative,0.02439068850856169
1361884729067339776,negative,0.009537408172797189
1361884733270093824,neutral,0.49789225920557484
1361884734775648256,negative,0.00753708168788798
1361884735857971203,positive,0.7500757924771347
1361884738156380160,negative,0.0016378187995207117
1361884738349379584,neutral,0.5544318268166607
1361884738764615683,negative,0.011542283165814696
1361884740777836544,negative,0.2794653930830212
1361884741138546689,negative,0.22420583782076137
1361884741293674497,neutral,0.49789225920557484
1361884742438780930,negative,0.01454943995246734
1361884743009189892,neutral,0.5251083678055524
1361884745089613826,neutral,0.49789225920557484
1361884745362255872,neutral,0.49789225920557484
1361884746746372102,negative,0.059066837431102644
1361884747467788290,negative,0.0927426033122559
1361884748273098752,negative,0.025319535929547537
1361884749116145665,negative,0.10274826209714674
1361884749527216128,negative,0.043510683565183166
1361884751297142788,negative,0.002086237303569625
1361884757567672324,positive,0.93614813110056
1361884759194968064,neutral,0.4667281207494068
1361884759543209984,negative,0.004683392168661066
1361884759887147008,negative,0.0006284268112928095
1361884760046333952,negative,0.00015096421758854718
1361884761489350657,negative,0.13790829785540254
1361884762303062018,negative,0.0006247178281532211
1361884764169469955,negative,0.238139266195977
1361884764777635843,negative,0.048664989419744877
1361884768674152448,negative,0.016110347994777504
1361884771102588928,negative,0.00020130582430730686
1361884772499357696,negative,0.11544081635508753
1361884772650262529,negative,0.139548783714202
1361884772981743618,neutral,0.5251083678055524
1361884774877581313,negative,0.011030706963922825
1361884778761494529,negative,0.008733594160505778
1361884780829229061,negative,5.6148402053028414e-06
1361884780946722818,negative,0.2627896215729405
1361884781575872513,neutral,0.6284961297180359
1361884781969956865,negative,0.0063843591581510565
1361884782037245952,negative,0.013807455330012288
1361884782255308805,negative,3.497847338196655e-10
1361884787519066119,negative,0.0087700997304632
1361884790652366853,negative,0.005303989465459191
1361884792892055558,negative,0.05357457512678084
1361884793617735681,negative,0.011651323186962343
1361884794582310915,negative,0.08663288609948408
1361884794666299394,negative,0.011748033501187898
1361884794922143745,negative,0.004580027458162238
1361884799112273922,negative,0.11544081635508753
1361884800668209153,negative,0.0018145507610497283
1361884801175805953,neutral,0.3752751158882658
1361884802727751686,negative,3.70444851636747e-05
1361884803977650177,negative,0.0026137897196443446
1361884805332369410,negative,0.22420583782076137
1361884806775209987,negative,1.2936507640253172e-05
1361884806976573442,negative,0.11173290990844764
1361884807148560388,neutral,0.49789225920557484
1361884809065340929,negative,5.219183497409914e-05
1361884809069539333,negative,0.05357457512678084
1361884809346379783,negative,0.06663668783824335
1361884809631592449,negative,0.07736349569523265
1361884810407530496,negative,0.26946072723466363
1361884810457845760,negative,0.0007461740459412762
1361884810520715266,negative,0.000990050929999318
1361884811489468417,negative,0.009534454370286247
1361884812341043200,negative,0.05106637002907062
1361884812718592000,negative,0.21257333126602235
1361884813779681280,negative,1.28123490915707e-05
1361884814060761094,negative,0.0013677726356542779
1361884814639513601,negative,0.04479713725512996
1361884815444881408,neutral,0.4274047939449264
1361884816594116609,negative,0.321390999369443
1361884816694603778,negative,0.0031232408397973534
1361884818665992195,negative,0.28325412808115524
1361884822336139266,neutral,0.3499352441185855
1361884823514722305,neutral,0.49789225920557484
1361884824382955522,negative,0.000990050929999318
1361884824970162176,negative,0.003809814404607409
1361884825234325506,negative,0.02269215134379555
1361884827084083201,negative,0.005527170083806231
1361884827881009153,negative,2.462497264869912e-07
1361884829776814081,neutral,0.49789225920557484
1361884829998977026,negative,3.417237775050289e-06
1361884830259179523,positive,0.8449706451271007
1361884831840432134,negative,0.004711532918898615
1361884832498876422,negative,0.06644928533823509
1361884832729546754,negative,0.08647275825444502
1361884832813510656,negative,0.3094932620930101
1361884833257906182,negative,0.003679907007066752
1361884835111972864,negative,0.15511240779515895
1361884835703377923,negative,0.005716637004156381
1361884835770339332,negative,0.2365614907472147
1361884837204885510,negative,0.07381387634661611
1361884838140207105,negative,0.010194116428337768
1361884841239797760,negative,0.0019498059927792043
1361884841394995203,negative,2.174366260460448e-06
1361884841420201991,negative,0.027306823983217477
1361884842443628544,negative,0.009534454370286247
1361884842695266306,negative,0.016787884429364814
1361884845660639232,negative,0.0654201385212326
1361884846243647490,negative,0.009534454370286247
1361884846583332864,negative,0.03819642171844735
1361884846851784705,negative,0.0026137897196443446
1361884847036375041,negative,0.013255239653530001
1361884847204159494,negative,0.00202887609052922
1361884848340815873,negative,3.920322080004214e-06
1361884848630063107,negative,0.1827535547264391
1361884849397788674,negative,0.00010075577805108141
1361884850387582978,negative,3.211423246989318e-05
1361884852170145793,neutral,0.44525447722397243
1361884852342034438,negative,0.005248896538000656
1361884852501549060,negative,3.470683229759093e-05
1361884853273296901,negative,0.09806382291146466
1361884854443515904,negative,0.09530948409055756
1361884855064137728,negative,0.0087700997304632
1361884855886299136,negative,0.29103102993209923
1361884856817508353,negative,0.02023603281778985
1361884856846811137,neutral,0.40507988433281555
1361884857639518210,negative,7.782898213396805e-05
1361884858340036615,negative,0.11786918771417619
1361884858562273280,negative,0.004122357793389287
1361884859392618496,negative,0.003708318740903362
1361884859451527170,negative,0.020018196568580747
1361884859518619649,negative,0.009534454370286247
1361884860273614852,neutral,0.5582380906083698
1361884860504236032,negative,0.000918674440490147
1361884860768530432,negative,0.0024265365763960507
1361884860785119237,negative,0.0014435211140411926
1361884861955534848,positive,0.7745982578167736
1361884862391734277,negative,0.004086329021375562
1361884863348015104,negative,3.470683229759093e-05
1361884865390669828,negative,0.10558767324574576
1361884865495527427,negative,0.000990050929999318
1361884865780719622,negative,0.000990050929999318
1361884866170740737,negative,0.000990050929999318
1361884866208542722,negative,0.033804987877426175
1361884866472722432,negative,0.03696365454460867
1361884866854420483,negative,1.7568073396931294e-09
1361884866917273601,negative,0.0025624069326877137
1361884867475210242,negative,0.000990050929999318
1361884868632842242,negative,0.0069977113279204506
1361884868833992704,negative,0.009534454370286247
1361884868838371335,negative,0.0002977285144143152
1361884868913733635,neutral,0.5883527666049111
1361884869173915649,negative,0.000990050929999318
1361884870297997312,negative,0.1412987013077413
1361884871258423297,negative,3.417237775050289e-06
1361884871866654725,negative,0.035150095208013744
1361884872890077187,positive,0.8542368681346015
1361884873187762177,negative,0.03462349131055854
1361884873376555013,negative,0.006859936298705416
1361884874764931076,negative,0.09806382291146466
1361884875029164034,negative,0.009761345140847096
1361884875691728900,negative,0.00020130582430730686
1361884876451028995,neutral,0.4667281207494068
1361884877835091977,negative,0.2270916242691431
1361884878304931840,negative,0.000918674440490147
1361884878732550150,negative,0.23988732993880882
1361884880381108228,neutral,0.49789225920557484
1361884883010912258,negative,0.0013599534469193825
1361884885799948294,negative,3.1428819651791404e-06
1361884886005673984,neutral,0.49789225920557484
1361884887058366467,negative,0.00020130582430730686
1361884889490944000,negative,0.09151565997391957
1361884889709166593,neutral,0.511041116931147
1361884891110113282,negative,0.29543909049246575
1361884891923685377,negative,0.01650760388200148
1361884895413420033,negative,0.02439068850856169
1361884896399138817,negative,0.00013259318445473122
1361884897133142017,negative,0.00027845611167668505
1361884897531613184,positive,0.7365038327568109
1361884901402963968,neutral,0.45252863108211083
1361884902313111559,negative,1.1140693012061063e-10
1361884904179564546,negative,0.00883086840646453
1361884910282297344,negative,0.05357457512678084
1361884911112753154,negative,0.1603894675701918
1361884911305560068,negative,0.15949544478525773
1361884913490927621,negative,0.012593957822313285
1361884920784818177,negative,0.1647378382293729
1361884926883282946,negative,0.033500863897591236
1361884934722514955,negative,0.004026622496910906
1361884935276085249,negative,0.018759567016917347
1361884938069549058,positive,0.7693591781974535
1361884943622819841,negative,0.18419652981286466
1361884943824125952,negative,0.03680230327726937
1361884944977420293,negative,0.03822162174034726
1361884947108216832,negative,0.011106343875148335
1361884956973174790,negative,0.0007984219747013287
1361884960316129280,negative,0.0019903319919121073
1361884964837548032,negative,0.00020130582430730686
1361884965630337026,negative,0.041350594160695656
1361884966821498884,negative,0.009435880821639032
1361884971317612545,negative,0.016110347994777504
1361884975663087617,negative,0.0026516371316873157
1361884977231708162,negative,0.032377968351464316
1361884978091548675,negative,0.04526885811592329
1361884978498269186,positive,0.8006514727732293
1361884980012605443,negative,0.0016770018017662899
1361884983066034177,positive,0.7745982578167736
1361884983565107201,positive,0.93614813110056
1361884983942475778,negative,0.00020130582430730686
1361884984433405952,negative,0.002822284901713726
1361884986127896576,negative,0.08412840065570716
1361884989563039745,negative,0.11019960618398054
1361884989588180996,neutral,0.40869131131135467
1361884991152652292,negative,0.013417996896912707
1361884991341400066,negative,8.083730388297564e-05
1361884994831007746,negative,0.07275257019330632
1361884995120336899,negative,0.00017919506558729427
1361884995372134404,negative,6.754169566903322e-07
1361884995917389826,neutral,0.4274047939449264
1361884997792202752,negative,0.009534454370286247
1361884999285268482,negative,0.2411868395653379
1361884999318982660,negative,0.0003645079415226714
1361885000728276995,negative,0.018544228327339405
1361885000858222595,negative,0.15630830276745175
1361885001130913794,negative,0.016176725409275776
1361885003844640776,negative,0.18419652981286466
1361885005442674691,negative,0.009534454370286247
1361885006134611968,negative,0.0054696886520263594
1361885006638051334,negative,0.002822284901713726
1361885007128715267,negative,0.000990050929999318
1361885008861003780,negative,0.007954388140783968
1361885010408562690,negative,0.31820487300311295
1361885010698059776,negative,0.059066837431102644
1361885010706522112,negative,0.0004250914562019253
1361885012451278855,negative,0.016787884429364814
1361885012602322945,neutral,0.35362277955607824
1361885012786884609,negative,0.017984896579314208
1361885014187794434,negative,0.23562434052808948
1361885014271684608,negative,0.03696365454460867
1361885017446756353,negative,7.6224590754276154e-06
1361885018050723841,positive,0.8400589895932459
1361885020961599488,negative,0.2135140083070197
1361885021439672321,negative,0.0006366873684712185
1361885024002453505,negative,0.005716637004156381
1361885024426016777,negative,0.00012384426504638001
1361885025654906880,negative,1.6168352748389402e-08
1361885026292551680,negative,0.17937812822674068
1361885026753814528,negative,0.0016770018017662899
1361885027668086788,negative,0.026551221636493916
1361885028037312516,positive,0.7228705013161616
1361885028435779586,negative,0.0026137897196443446
1361885028578258948,negative,0.004086329021375562
1361885028599357441,negative,0.0006247178281532211
1361885029434073088,negative,8.809633762454282e-05
1361885029459128322,negative,0.00017473699268569966
1361885029467619329,neutral,0.36652480939404136
1361885029509513219,neutral,0.49789225920557484
1361885030595907585,neutral,0.5795568074728261
1361885033032744962,negative,0.00020561807695836245
1361885033636581376,negative,3.417237775050289e-06
1361885034056138752,negative,0.008840107791593103
1361885034068799488,negative,0.006859936298705416
1361885034354003968,negative,0.2794653930830212
1361885034848931840,negative,0.11579010942057401
1361885037197672448,neutral,0.4226408704156019
1361885037445206016,positive,0.7745982578167736
1361885040377012228,neutral,0.4274047939449264
1361885041798782976,positive,0.9764834962738704
1361885042264391685,negative,0.11019960618398054
1361885042369257472,negative,0.002606627172117776
1361885043652714496,negative,0.21153732455882404
1361885044260880384,positive,0.6687574237108322
1361885044386758657,negative,0.00033107839212041654
1361885044390973440,negative,0.016787884429364814
1361885044479057922,negative,0.010233199552116221
1361885046345527298,negative,0.0468217707996781
1361885046378962946,negative,0.00020130582430730686
1361885047268245509,negative,0.0026572097068470685
1361885049730269187,negative,8.776596286260426e-06
1361885050409799682,negative,0.032377968351464316
1361885051068289024,negative,0.016816631305722293
1361885051227668482,neutral,0.36652480939404136
1361885051957477379,negative,0.05357457512678084
1361885052154568707,negative,0.00023177039866178342
1361885052607594497,negative,0.000990050929999318
1361885053006073857,negative,0.00424899509133177
1361885053257723904,neutral,0.6324917073150543
1361885053857464324,negative,0.05357457512678084
1361885057447694337,negative,0.2621435295041906
1361885059410759682,negative,0.05357457512678084
1361885061298143232,negative,0.022901732625165667
1361885061612724225,negative,0.002113639522666961
1361885063303077895,negative,3.70444851636747e-05
1361885070819221504,negative,0.029722762497409357
1361885072127852544,negative,0.00012069484704128595
1361885074958999553,negative,0.05357457512678084
1361885077731487747,negative,0.10493509996246646
1361885079052705792,negative,0.00010075577805108141
1361885079123992576,negative,0.004757157643562101
1361885079912538113,negative,0.008157976426003641
1361885081049047040,negative,0.007858042678027045
1361885081414025217,neutral,0.40507988433281555
1361885083209138176,negative,1.2936507640253172e-05
1361885086556119043,negative,0.1496044186277316
1361885086954717187,negative,0.19289391564326766
1361885091157442561,negative,0.2147765753586945
1361885096018649089,negative,0.20089631505497071
1361885096245161986,negative,1.7961229403099433e-07
1361885099386679297,negative,0.009851819266680792
1361885099784953856,negative,0.00020130582430730686
1361885100921692164,negative,0.05357457512678084
1361885101743886343,negative,0.025114181231449772
1361885103413149704,negative,0.12200904501969839
1361885104050593793,negative,0.0264676688005609
1361885105724219392,negative,9.549068222470088e-05
1361885107926102017,negative,0.0014435211140411926
1361885108521861121,negative,0.18419652981286466
1361885110258302976,negative,0.05357457512678084
1361885111369805824,negative,0.0015271586203368195
1361885113638912003,neutral,0.5250137350369191
1361885116679794688,negative,0.002822284901713726
1361885118726561792,neutral,0.5048748037225073
1361885120991494149,negative,0.09797448730401104
1361885121066991616,negative,0.07612152983900733
1361885123889815554,negative,0.12329738021943021
1361885125785616387,negative,0.3029968537174699
1361885125999554563,neutral,0.39573800285988736
1361885126859317249,negative,2.1259649078348346e-07
1361885131032715264,negative,0.002113639522666961
1361885131384913933,negative,0.017850304984436027
1361885134480420864,negative,0.05208413089109728
1361885134543220744,negative,0.00753708168788798
1361885135684202499,negative,0.09151565997391957
1361885136376254466,negative,0.0014435211140411926
1361885138385211393,negative,3.470683229759093e-05
1361885142961299456,negative,0.04526885811592329
1361885144211214339,negative,0.03157525626288607
1361885144622202888,negative,0.032377968351464316
1361885146572537861,negative,0.10366650515906842
1361885147092680704,negative,0.0654201385212326
1361885147625369602,negative,0.0034616326826008687
1361885150070657029,negative,9.64756311604451e-07
1361885154231390209,negative,0.0007984219747013287
1361885158639611906,negative,0.06815522424954162
1361885158710775808,negative,0.007740852045363698
1361885163135852544,negative,0.011106343875148335
1361885164394143744,negative,0.05357457512678084
1361885164717170692,negative,0.005184480212421963
1361885167632187392,negative,0.07192298659144568
1361885168408162305,negative,0.014281284200859902
1361885172069773317,negative,0.00020025818512425396
1361885172317175808,negative,0.0004747740027820122
1361885172572905473,negative,0.006175159767561927
1361885174338830340,negative,0.05357457512678084
1361885174368264193,negative,0.1603894675701918
1361885175030968321,neutral,0.381761445836901
1361885175530082309,neutral,0.357899290320947
1361885176448573447,negative,1.2968181563057644e-09
1361885182643499010,negative,0.033804987877426175
1361885185424375809,negative,0.05357457512678084
1361885187794157570,negative,0.000990050929999318
1361885187836162048,negative,3.9656357932296034e-05
1361885189299965953,negative,0.001133079425850937
1361885189648109569,negative,0.15419101294875243
1361885189790662658,negative,3.1873081759187824e-05
1361885191002677251,negative,0.00015052868043204586
1361885191237689344,negative,0.18754576355902744
1361885192370221057,negative,0.05987621428011466
1361885192831586310,negative,0.02839517461614872
1361885193288712195,negative,0.0654201385212326
1361885193716572160,negative,0.00015418457969662886
1361885194211520514,negative,0.019989593375312815
1361885194731597825,neutral,0.49789225920557484
1361885195675328512,negative,0.0087700997304632
1361885195897569280,negative,0.004892257398399707
1361885196044304385,negative,0.0006181816126561194
1361885196560306178,negative,0.3004144798788833
1361885196627435523,negative,0.02062999430208849
1361885196774236160,negative,0.000423514510803206
1361885196983885827,negative,0.017984896579314208
1361885197189279752,negative,1.2430110114299765e-05
1361885197210447872,positive,0.7228705013161616
1361885197453639682,negative,5.547586483555178e-06
1361885198024122370,negative,0.04989146434285392
1361885198384791556,negative,0.013829186582841557
1361885199903186946,negative,0.025319535929547537
1361885200385519617,negative,0.006426218211711938
1361885200511340544,negative,6.502960749748028e-07
1361885201618661376,neutral,0.49789225920557484
1361885201752862722,positive,0.7461318321565278
1361885202541330434,positive,0.9779081525615942
1361885203476713476,negative,0.0022736830385441135
1361885203531194374,negative,0.0031806236774456543
1361885203594158083,negative,0.05357457512678084
1361885204743286787,negative,0.000990050929999318
1361885204760133635,negative,1.8734562271535088e-05
1361885204978274308,neutral,0.37632302388905625
1361885205909430273,neutral,0.6407068560760963
1361885206664404997,negative,0.0013599534469193825
1361885206953648134,negative,0.0023880424734779226
1361885208769744897,neutral,0.5136446707795853
1361885210200199171,negative,0.0504347074840962
1361885210464428032,negative,0.04479713725512996
1361885211026423810,negative,0.30895589162194187
1361885211781439488,negative,8.374169294874021e-05
1361885213522067458,negative,3.592770449997963e-06
1361885213752713219,negative,0.04526885811592329
1361885213870223360,negative,7.752130399430308e-05
1361885214092316673,negative,1.2936507640253172e-05
1361885214188965888,negative,0.09530948409055756
1361885216147722240,negative,0.0020780300957300166
1361885217481519106,negative,3.5216772755926464e-06
1361885219125489667,negative,3.212593612673155e-06
1361885220006490112,negative,0.00024328191079999703
1361885220501401600,negative,0.000990050929999318
1361885222359416833,negative,0.003809814404607409
1361885223571628034,negative,0.0004127514285876195
1361885223873630210,negative,0.04678270541966506
1361885224179703812,negative,0.06453766310401075
1361885226495070208,negative,0.033343222358974994
1361885226864107522,negative,0.17110783127166218
1361885228340371464,negative,0.09418084068739434
1361885228906725379,negative,0.000990050929999318
1361885229477097472,negative,0.24452059075275717
1361885230714486784,negative,0.059066837431102644
1361885230773239809,negative,0.0012778755973791355
1361885230932484103,negative,0.017984896579314208
1361885231192670211,negative,0.03696365454460867
1361885231616323588,neutral,0.36652480939404136
1361885231951867909,negative,0.02811768481343112
1361885233747025924,negative,4.413376902025267e-05
1361885235420528641,negative,0.002988925608052877
1361885235512762369,negative,0.022115040833701215
1361885235630272512,negative,0.00020636335243577074
1361885239996481538,negative,0.09530948409055756
1361885240801824773,negative,0.0013314042346441372
1361885244916310019,negative,1.0846406096368017e-10
1361885246338252808,negative,0.04915305196148844
1361885248359960579,negative,0.2130221283826675
1361885248880054274,negative,0.09530948409055756
1361885250197065728,negative,0.0038712641655717847
1361885250889142273,negative,0.1603320585610599
1361885251849629697,negative,0.012083097681466488
1361885252285784065,negative,0.0019903319919121073
1361885253472813057,negative,0.0013223081925055188
1361885253766381569,negative,0.016110347994777504
1361885258094936065,negative,4.688586294805001e-06
1361885260456357889,negative,0.09151565997391957
1361885263081967618,negative,0.0001914735893973449
1361885264164061186,neutral,0.3731027472026949
1361885264994398211,negative,0.03265131013543398
1361885268878495744,negative,0.11579010942057401
1361885270203899904,negative,7.363757933454132e-05
1361885271332110337,positive,0.8514844108534244
1361885272275709954,negative,1.2936507640253172e-05
1361885273282478085,negative,0.0005503964744971213
1361885273370488836,negative,0.09167537070265966
1361885274981105665,neutral,0.39194959015058095
1361885277862641669,negative,0.1983117520509433
1361885280618352649,negative,0.013255239653530001
1361885282157625349,negative,0.055031088431440556
1361885284548284421,neutral,0.5251083678055524
1361885285185970176,neutral,0.49789225920557484
1361885286993719305,negative,3.70444851636747e-05
1361885287778037760,neutral,0.5755436691302463
1361885290307158017,positive,0.9566871126165171
1361885290948943875,negative,0.012899008491708533
1361885290965704704,negative,0.07131990579149898
1361885293532512261,negative,3.417237775050289e-06
1361885295461957641,neutral,0.4428942104488348
1361885300516130816,negative,0.00462631625824325
1361885301413675010,negative,0.0031488749254910352
1361885301581488129,negative,0.2691890483332061
1361885302491672579,negative,0.05357457512678084
1361885302709760002,negative,0.014335261269308881
1361885304395718663,neutral,0.3511648119130708
1361885304546856963,negative,0.0087700997304632
1361885305339576324,negative,0.2248871272402879
1361885313824657409,negative,0.29150453131543796
1361885314420211712,negative,0.001891183580962971
1361885315762380802,neutral,0.47882083269069964
1361885315930152968,negative,0.0012253762261707818
1361885318362787841,negative,0.2745031447642803
1361885321135292419,neutral,0.48481419304338763
1361885323937079297,neutral,0.5521868375443785
1361885325979623426,negative,0.0014838812527099897
1361885327992971266,neutral,0.3685943945839147
1361885328051740672,negative,0.004376752438497323
1361885329725120514,negative,0.21978411134604145
1361885336209674244,negative,0.00024328191079999703
1361885337002328064,negative,0.05357457512678084
1361885338906542082,negative,0.002113639522666961
1361885339720159235,negative,0.26047575747868834
1361885340689121280,negative,0.0052576489440671805
1361885340945043456,negative,0.012593957822313285
1361885345550376961,negative,0.0027171041912485224
1361885347643334656,neutral,0.49789225920557484
1361885348998115328,negative,0.05357457512678084
1361885350809976832,negative,0.0006247178281532211
1361885351355252743,neutral,0.5621655332629886
1361885351401390083,negative,8.953255102841868e-08
1361885352491892739,negative,0.00137667097188559
1361885355050434563,negative,0.04858045328835231
1361885356698832901,positive,0.9626024121547851
1361885357172797440,negative,0.002113639522666961
1361885357642575873,negative,0.05218307574147477
1361885358133301248,negative,0.0087700997304632
1361885359030812672,negative,6.591993654572699e-07
1361885359748108290,negative,0.09530948409055756
1361885362201657344,negative,0.05756127083107092
1361885363099287556,negative,0.029835515891683432
1361885364336615424,negative,0.059066837431102644
1361885364806385664,negative,0.2546916305421647
1361885367461416962,negative,0.005782038052619196
1361885367775846400,negative,0.16271172357483218
1361885370841980931,negative,0.09530948409055756
1361885371492163585,negative,0.025319535929547537
1361885371739561986,negative,0.009534454370286247
1361885372607827970,negative,0.12200904501969839
1361885373555757061,negative,0.0797924330883275
1361885373803229187,negative,0.009534454370286247
1361885373941637121,negative,0.0015343017638724213
1361885374625304576,negative,0.027347347924725353
1361885375103340544,negative,0.009534454370286247
1361885375296380931,negative,0.000990050929999318
1361885375610847235,positive,0.9611958417475951
1361885376558690305,negative,2.6743284854422935e-09
1361885377410310147,negative,0.18795859623648656
1361885377770917892,negative,1.2936507640253172e-05
1361885378240794629,negative,0.012593957822313285
1361885378601361409,negative,0.020757563064043895
1361885378953715716,negative,0.00018654825483754975
1361885379067011073,negative,0.00494245366640731
1361885381898215424,negative,0.03179831675662408
1361885382069997569,negative,0.00753708168788798
1361885382472851456,negative,2.487465473825185e-07
1361885382531448833,negative,0.01406821613752309
1361885382737076227,negative,0.01869870988099018
1361885383118716929,negative,0.05614574179878317
1361885383290724354,negative,0.0019445119536270975
1361885384674713605,negative,3.363211507171691e-06
1361885385035575296,negative,0.0005271496179503533
1361885385236779009,negative,0.11295126343482391
1361885385282977794,negative,0.03222818308134103
1361885387585511424,negative,0.219248543397489
1361885388097409031,neutral,0.40408747470901035
1361885388114071552,negative,0.02439068850856169
1361885388789477377,negative,0.033496634529330854
1361885389246648322,negative,0.034353499813125146
1361885389376651266,negative,0.0006634983013918844
1361885391675158529,neutral,0.49789225920557484
1361885392820125696,negative,0.0002977285144143152
1361885393902202881,negative,1.4538967375839406e-11
1361885394648895490,negative,2.7494984135931156e-05
1361885395365945350,negative,0.008157976426003641
1361885395563208706,negative,0.2794653930830212
1361885396301455364,negative,0.0010459542206944982
1361885396565716992,negative,0.10732559289113351
1361885396607651841,negative,0.20132471840176108
1361885397526061061,negative,0.002549781156789734
1361885398281117696,negative,0.011913759087053421
1361885399036162048,negative,0.17110783127166218
1361885399187140609,negative,0.002822284901713726
1361885399732408326,negative,0.0037777057052380066
1361885399963103233,negative,0.02315055182433907
1361885401041022977,negative,5.705749878982704e-08
1361885401196150786,neutral,0.40234993434680955
1361885401695350784,negative,0.003562112492176889
1361885402144116746,negative,0.007409410290735708
1361885402907500546,negative,0.0036542992359395766
1361885403805081601,positive,0.9997088714815023
1361885405071765507,negative,0.0050572898406177225
1361885405726056454,negative,1.2936507640253172e-05
1361885407714172929,negative,0.12123568444402755
1361885408381009920,negative,0.029722762497409357
1361885408813084674,negative,6.737914396144705e-05
1361885409068908544,neutral,0.4172001037592972
1361885409500946433,neutral,0.4302157084738883
1361885411346317313,negative,0.11105713477849632
1361885413464367105,neutral,0.408637760941531
1361885414118858753,negative,0.1728953783968395
1361885415339270146,negative,0.026551221636493916
1361885417365262336,negative,0.0006186151420834414
1361885417751068672,negative,0.2615401952084947
1361885418334003201,negative,1.2936507640253172e-05
1361885418401185793,negative,0.03791627134522328
1361885418766159875,negative,0.0004127514285876195
1361885418816376832,negative,0.0016231849100968782
1361885419919585280,negative,0.040458277165176235
1361885420129189888,neutral,0.5205407559585987
1361885420158672896,negative,0.10644472933452974
1361885420536102912,negative,0.03175665263782722
1361885421161037829,negative,0.02843956005779012
1361885421597294594,negative,0.31793229079579644
1361885421660119042,negative,0.009534454370286247
1361885421748314114,negative,0.0002831027398221021
1361885421886722053,negative,1.6612405181350883e-05
1361885423212109828,negative,0.016787884429364814
1361885423765749763,negative,0.03838901031456881
1361885423908261892,negative,0.19465098718701426
1361885424596234241,negative,0.03326737106658517
1361885425636417541,negative,0.01099940849633268
1361885425745485826,negative,0.0014185049487299506
1361885426773069825,negative,0.03490537139344192
1361885427116998656,negative,0.027306823983217477
1361885428656312322,negative,0.21139109066500397
1361885429486809089,negative,0.00029153188906329167
1361885430287900673,negative,0.00029422734942124106
1361885430464020483,negative,0.29150453131543796
1361885431915294724,negative,3.70444851636747e-05
1361885432133398529,negative,0.000990050929999318
1361885433953665025,negative,0.04678270541966506
1361885434742243329,negative,0.11173290990844764
1361885435157499904,negative,0.0980479596694323
1361885436847796224,negative,0.05299797650250638
1361885438861053952,negative,0.07736349569523265
1361885439167201282,neutral,0.35989192783015506
1361885439460855809,negative,6.797935909337303e-05
1361885443688722432,negative,0.052656170055404676
1361885444263317505,neutral,0.4737554465528978
1361885444628242438,negative,0.017850304984436027
1361885444955275265,neutral,0.48481419304338763
1361885445647437824,negative,0.05357457512678084
1361885446624604160,negative,0.08360367651676097
1361885446645628929,negative,0.05357457512678084
1361885447266455556,negative,0.010390988315110398
1361885449191587840,negative,0.2270916242691431
1361885449250340864,negative,0.003405162773339504
1361885449896288262,negative,6.119246755170695e-05
1361885450277896192,negative,0.009851819266680792
1361885450361839616,negative,0.0004127514285876195
1361885451364270082,negative,6.188209169316326e-05
1361885451469131790,negative,0.10429195453606328
1361885451796234240,negative,0.023075944015281635
1361885452660170755,negative,0.08647275825444502
1361885452966514688,negative,0.000990050929999318
1361885454551908355,negative,0.07699666720720659
1361885455440994307,negative,0.005604325898129143
1361885455537606659,negative,0.03983031260542193
1361885457072746496,negative,7.958681188910157e-05
1361885459178270723,negative,0.057765934825724174
1361885459492831234,negative,0.004478927258780815
1361885459736051713,negative,0.03448171972518603
1361885460050624513,neutral,0.4739607432362514
1361885460084187136,negative,0.00017265216403648695
1361885460935630849,negative,0.0004127514285876195
1361885461426429955,neutral,0.3782565752636697
1361885462378389505,positive,0.9995845597596971
1361885462512697344,negative,3.1873081759187824e-05
1361885462516875268,neutral,0.36813182756493934
1361885462999289857,negative,0.0021687853025047
1361885465578725379,negative,1.5854425377520505e-05
1361885465620668416,negative,0.1897595822684432
1361885465843036160,neutral,0.437369725752128
1361885466044157952,neutral,0.5530838629679491
1361885466417455105,negative,0.0005540176264986611
1361885467814289418,negative,0.03983031260542193
1361885468871303170,negative,0.0622606144164768
1361885469068288002,negative,0.022247101519466562
1361885469500264450,negative,2.7378413278673553e-05
1361885469617893377,negative,0.012264430880202402
1361885469819211778,positive,0.954873127285284
1361885470041473024,neutral,0.35362277955607824
1361885470448381954,negative,0.002803174905859984
1361885470762835970,negative,0.0005322346091971601
1361885471052234753,negative,0.009534454370286247
1361885471303892997,negative,0.00753060287639481
1361885472990068736,negative,0.0010135391573495229
1361885473602420737,negative,0.004086329021375562
1361885473648607235,negative,0.02839517461614872
1361885474638340097,negative,0.009534454370286247
1361885474827235330,negative,8.94440001633344e-07
1361885475443720192,positive,0.9496372501312157
1361885475909349379,negative,0.00020130582430730686
1361885475997446145,negative,2.1601918508124117e-06
1361885477607940096,negative,0.010536406285460057
1361885477658320896,negative,0.00013408458661734958
1361885477972885508,negative,0.00020130582430730686
1361885478002307072,negative,2.3631256081062406e-05
1361885478018945026,negative,0.14750065970362322
1361885478417534976,positive,0.9670847589917495
1361885478652370944,negative,0.016558696737659428
1361885478920855560,neutral,0.49789225920557484
1361885481282064388,negative,7.860377168561408e-05
1361885481722654722,negative,0.00023869845777135915
1361885482171453441,negative,0.06926997512087074
1361885482771095552,negative,0.10821446795283174
1361885483148734469,negative,0.009534454370286247
1361885483182227465,negative,0.009534454370286247
1361885483408773124,positive,0.8542368681346015
1361885483484209154,negative,0.03952502394870131
1361885484134379522,negative,1.0297747140457822e-05
1361885484507684865,negative,0.05357457512678084
1361885485195493376,negative,0.15881893468528369
1361885485434605568,negative,0.26104225083978394
1361885486164418561,neutral,0.3462783373968111
1361885486231539713,neutral,0.41193474847754386
1361885487070388224,negative,0.00023869845777135915
1361885488970424320,negative,1.2936507640253172e-05
1361885489079472131,negative,0.009534454370286247
1361885489805033476,neutral,0.4323510242933817
1361885490119548931,positive,0.6687574237108322
1361885491273072646,neutral,0.49789225920557484
1361885491315015680,negative,0.0016265026302941111
1361885492325871620,negative,0.004757157643562101
1361885492799758342,positive,0.890325585588439
1361885493152071682,neutral,0.3601599064650153
1361885494704037889,negative,0.017024552037887233
1361885497992208385,negative,0.0087700997304632
1361885499665883137,negative,0.0005271496179503533
1361885501427511296,negative,0.000990050929999318
1361885501909733382,negative,3.4454078477687496e-06
1361885502438277121,negative,0.0018302096598618932
1361885502677258244,negative,0.09740577865885833
1361885503965065222,neutral,0.41193474847754386
1361885505336582144,neutral,0.4062510222410361
1361885505571405826,negative,0.19289391564326766
1361885505990897665,negative,0.09960542470522397
1361885506259324930,negative,0.048851735702001985
1361885507085508608,negative,7.22796497737855e-05
1361885508243193864,negative,0.08207176110250133
1361885508243247104,negative,0.0041604897079766945
1361885508713017346,negative,0.013829186582841557
1361885509451194369,negative,0.06512349719510147
1361885509618982912,negative,0.2940960595971694
1361885509908242432,negative,0.023559562580874365
1361885511917441025,negative,0.21257333126602235
1361885512504467462,neutral,0.4667281207494068
1361885513419005952,negative,0.27471604074601264
1361885515037958144,negative,0.03222818308134103
1361885515671359492,positive,0.9127850488921464
1361885515788787712,negative,0.035832760791353856
1361885515948122115,negative,0.0026137897196443446
1361885516531077124,negative,0.0041121707392958945
1361885519559417856,negative,1.936933181642614e-06
1361885520318627840,negative,0.0007870964091255154
1361885521052581890,negative,3.417237775050289e-06
1361885521157509122,negative,0.011014988336179959
1361885521451110403,negative,0.000990050929999318
1361885521660817409,negative,0.0031992710687766012
1361885521983774723,neutral,0.5829810709340948
1361885522344374279,negative,0.02086594186491789
1361885523384623104,negative,0.00023869845777135915
1361885523732803584,positive,0.9995845597596971
1361885524068360193,negative,0.18460384064695112
1361885524290637824,negative,0.00891375960757663
1361885524466819072,negative,1.6247693702588454e-05
1361885525355954176,negative,0.1778492412019424
1361885525741862914,negative,4.3569010707307446e-05
1361885526123544576,neutral,0.5136446707795853
1361885526391812097,negative,3.7558347132330655e-06
1361885528896000000,neutral,0.46450226977960235
1361885529055322113,positive,0.93614813110056
1361885529122377728,negative,0.00026122419772544616
1361885529902620672,negative,7.6224590754276154e-06
1361885530233966593,negative,0.0031120797908031897
1361885531613716483,negative,0.0006860004517889781
1361885531794067465,negative,6.119246755170695e-05
1361885532024889344,negative,0.000990050929999318
1361885533073506307,negative,0.05357457512678084
1361885533983621120,negative,2.1328169277588322e-07
1361885533996220418,negative,0.05357457512678084
1361885534088556546,negative,0.009534454370286247
1361885534612774915,negative,0.0010002361821155772
1361885534843469826,negative,1.2936507640253172e-05
1361885535095111682,neutral,0.4428942104488348
1361885535191654401,positive,0.8449706451271007
1361885535334248448,negative,0.0017655917877672023
1361885535678197761,negative,0.0006291326527010249
1361885535904673793,negative,0.029722762497409357
1361885536269590528,negative,3.470683229759093e-05
1361885537796251650,negative,0.19140396658390318
1361885538232512512,negative,1.087271453790426e-05
1361885539645980673,negative,0.0050849534133989875
1361885540216279044,negative,0.1633598716635277
1361885540417564676,negative,0.00020025818512425396
1361885541223038976,negative,0.0031992710687766012
1361885541567000577,negative,0.015737765436266912
1361885541810245632,negative,0.06492026228303985
1361885544091942913,positive,0.9995845597596971
1361885544150663174,negative,0.3156342808770678
1361885544440020997,negative,0.11203435574694157
1361885544960114689,negative,0.030635679359393674
1361885546365284354,positive,0.9995845597596971
1361885546906222595,positive,0.9566871126165171
1361885546969145351,negative,0.004892257398399707
1361885547095072771,negative,0.0009239805484464217
1361885547225047045,positive,0.6777777806487693
1361885547409465344,negative,0.011846575839373279
1361885548441444356,negative,0.001891183580962971
1361885549053763584,negative,0.005559852402945254
1361885550156910594,negative,3.963280914547515e-06
1361885550848991232,negative,0.00025537664655593106
1361885551977242627,negative,5.467266987169354e-05
1361885552002367488,neutral,0.4964118300361966
1361885552723841024,positive,0.8661333256784889
1361885553201938434,negative,0.0007209038303545535
1361885553956950016,negative,0.14944688011118987
1361885554204422147,negative,0.05357457512678084
1361885554523144194,negative,1.737870804489695e-06
1361885554795835394,negative,2.9335120688291844e-06
1361885556221870085,negative,0.000990050929999318
1361885556490137601,negative,0.001275908644571695
1361885556825858048,negative,0.00020025818512425396
1361885557157220352,negative,0.08647275825444502
1361885558763630594,negative,0.0004144037273153549
1361885558839128066,negative,0.07736349569523265
1361885559174619136,negative,0.00020130582430730686
1361885559287873536,negative,0.07409858964317478
1361885559724118018,negative,1.3073813040104958e-05
1361885559854096387,negative,0.1728953783968395
1361885560089022465,negative,0.0041604897079766945
1361885560806256640,negative,5.087596700994791e-06
1361885561305366529,negative,0.08487548209730622
1361885561775087616,negative,0.059066837431102644
1361885562089660416,neutral,0.37214300194494904
1361885564253962243,negative,0.001806563073387317
1361885564602114049,negative,3.09983078127273e-08
1361885564665016322,negative,4.413376902025267e-05
1361885566049034242,negative,0.00032890668002243746
1361885566351118336,neutral,0.5359887442700925
1361885567160614915,negative,0.05357457512678084
1361885568200769538,negative,6.146831866390414e-11
1361885568418906116,negative,0.010395678007535753
1361885568452366336,negative,0.033804987877426175
1361885570058891265,negative,0.0027262311891695272
1361885570167934978,negative,0.027306823983217477
1361885570620919808,negative,0.3291915378068502
1361885574341263360,negative,7.752130399430308e-05
1361885575117160448,negative,0.09530948409055756
1361885575679258626,negative,0.007954388140783968
1361885576065073160,negative,7.461382137720118e-06
1361885576132259841,negative,0.05738731705847255
1361885576451026944,negative,0.00026337719257461855
1361885576610349058,negative,0.27728986129828415
1361885576660611072,negative,3.417237775050289e-06
1361885577017237506,negative,0.08545408379192729
1361885577172246529,negative,0.0018963702890343478
1361885577185026048,negative,0.0023092008356248375
1361885577252020224,negative,3.937704756007619e-05
1361885577273040896,negative,0.15889131830048156
1361885577675739139,negative,0.09451605761375827
1361885578116096001,negative,0.009761345140847096
1361885579949060101,negative,0.07271753467465127
1361885579974217733,negative,0.00021487038762118218
1361885580087410690,negative,0.023075944015281635
1361885580607463429,negative,0.0014838533522350517
1361885580720631809,negative,0.023139963450933228
1361885581358346243,negative,0.033496634529330854
1361885581517746179,negative,0.0031045502790757263
1361885581702225922,negative,0.0026572097068470685
1361885581777715203,negative,0.000553272366604666
1361885582247354372,negative,1.1373549583006882e-06
1361885582788612098,positive,0.6708163493117612
1361885582796992513,negative,0.0029463300639130047
1361885582805397507,negative,0.009938697350425334
1361885582822043653,negative,0.0017093062156741704
1361885582889086976,negative,0.31732489718339985
1361885582910050307,positive,0.7836616705400056
1361885582931202053,negative,1.9083471869502815e-06
1361885582981402626,neutral,0.33960852417863896
1361885585380630528,negative,0.0011197476733635448
1361885586110500867,neutral,0.3685943945839147
1361885586404110336,negative,0.000990050929999318
1361885586915688449,neutral,0.6233822132722342
1361885587461066752,negative,5.5220851837807374e-05
1361885589260431361,negative,0.05106637002907062
1361885589394628608,negative,0.0002873659137205575
1361885589478408198,negative,0.2728313432342145
1361885589881126913,negative,0.20149325467093282
1361885590388621312,negative,1.737870804489695e-06
1361885590829076481,positive,0.9999997076750874
1361885591080603648,negative,0.23988732993880882
1361885591198068742,negative,0.0009750423414500489
1361885591504359424,neutral,0.5436588111366084
1361885592552755200,neutral,0.3513017674278485
1361885592691367936,negative,4.387778340276927e-06
1361885592896815104,negative,0.04678270541966506
1361885593270181889,negative,0.005782038052619196
1361885593488134145,positive,0.9804629920025331
1361885593706266626,positive,0.9995845597596971
1361885594071175169,negative,0.14750065970362322
1361885594679455747,negative,0.012593957822313285
1361885595195252749,negative,7.860377168561408e-05
1361885595472187395,negative,0.18868479610502056
1361885595593809921,negative,0.001806563073387317
1361885595845459969,negative,0.23562434052808948
1361885595983831042,negative,0.02023603281778985
1361885596982124544,negative,0.001861121063915207
1361885597464428546,negative,0.005314036913586103
1361885598605336576,negative,0.006963298707965468
1361885599179755522,negative,0.007029192520502612
1361885599221878788,negative,0.009307509443188866
1361885599746129920,negative,4.464588861380786e-06
1361885600115228673,negative,0.00023869845777135915
1361885600811528197,negative,0.2270916242691431
1361885601100828672,negative,0.013812504468133742
1361885601319026690,negative,0.0009286375633135558
1361885602195533831,negative,0.07271753467465127
1361885603135188992,negative,0.009534454370286247
1361885603256823809,negative,0.014410021282987497
1361885603835609093,negative,0.009534454370286247
1361885604334632963,negative,0.0011273660141492346
1361885604401852416,negative,0.04595332448131147
1361885604854849538,negative,0.1552957530501846
1361885604938723332,negative,0.00370988678964573
1361885605093859331,negative,0.009534454370286247
1361885605253287938,negative,0.006426218211711938
1361885605366542336,negative,0.13790829785540254
1361885605819543556,negative,0.0660105329417496
1361885606192807938,negative,0.03869614983977936
1361885606540959751,negative,0.2270916242691431
1361885606800879616,negative,0.009534454370286247
1361885607849517058,negative,0.0004127514285876195
1361885610294804483,positive,0.9995845597596971
1361885610483609604,negative,0.01654843900370827
1361885610567495689,negative,0.07211524190255211
1361885610961756163,negative,0.000553272366604666
1361885610978459649,negative,0.0468217707996781
1361885611062345730,negative,0.005418327376080311
1361885612412862466,negative,0.004086329021375562
1361885613142601844,negative,9.370655902112381e-05
1361885613256019983,negative,0.08986600479301148
1361885614082314241,negative,1.0443057285004128e-05
1361885614300364802,negative,0.0022748404269300002
1361885615571271681,negative,0.009534454370286247
1361885616431071233,negative,0.09749915278724053
1361885617974632450,negative,0.059066837431102644
1361885618549252097,negative,0.00018998135019597387
1361885618566029312,neutral,0.48349616605478324
1361885620381970440,negative,0.033496634529330854
1361885621036457984,negative,0.2270916242691431
1361885621162237953,negative,0.06045045613352996
1361885623460589569,positive,0.9566871126165171
1361885624035336192,negative,0.08545408379192729
1361885624148643840,negative,0.029722762497409357
1361885624194711553,negative,3.470683229759093e-05
1361885624610009090,negative,1.2936507640253172e-05
1361885625394335747,neutral,0.49789225920557484
1361885625830551552,negative,0.05357457512678084
1361885627105607680,negative,0.009534454370286247
1361885627168522240,negative,3.963280914547515e-06
1361885627382460424,positive,0.8542368681346015
1361885628653309954,negative,0.000990050929999318
1361885628745605127,negative,9.542669054141428e-07
1361885629081133056,negative,7.461382137720118e-06
1361885629412335616,negative,0.0015343017638724213
1361885629517299719,negative,0.0020993090644885175
1361885631547285505,negative,0.32060723626006504
1361885631803105280,positive,0.8449706451271007
1361885633304616962,negative,0.214006560130113
1361885633963323392,negative,0.22383835857488535
1361885635770945543,negative,0.023139963450933228
1361885638891511809,negative,0.32060723626006504
1361885639449468929,negative,0.00020130582430730686
1361885640028119040,negative,0.00033382889760131775
1361885640766459904,negative,4.983725187419863e-05
1361885640770600961,negative,0.12693968478489281
1361885640892186625,positive,0.8449706451271007
1361885641492074498,negative,0.08147031569956523
1361885642628587522,negative,0.2096655525844855
1361885646000947200,negative,0.005303989465459191
1361885646277779456,negative,0.009534454370286247
1361885648597233665,negative,0.2630695093947729
1361885649465393152,negative,0.00018654825483754975
1361885650006536198,negative,0.2829504229013018
1361885650300006402,negative,1.2936507640253172e-05
1361885650325233667,negative,0.0014435211140411926
1361885650463690753,negative,0.011530502388091609
1361885650727956485,negative,0.055057252092284965
1361885653735256065,negative,0.004086329021375562
1361885656679673857,negative,0.06502500097872087
1361885657090707457,negative,0.0038914274051722367
1361885657749192713,negative,0.05357457512678084
1361885659468808193,negative,0.17110783127166218
1361885660249006080,negative,0.025312965130963757
1361885661159129089,negative,1.0143537331381817e-07
1361885661511487489,negative,0.023139963450933228
1361885662044119042,negative,0.04526885811592329
1361885662371336192,negative,1.5765967627693481e-07
1361885662753001478,negative,0.059066837431102644
1361885662765604864,negative,0.00010075577805108141
1361885663264710659,negative,0.004579023229448974
1361885663814180864,negative,5.747929717622769e-05
1361885665542070272,negative,0.0002500700782455184
1361885665906941954,negative,0.02484474612913507
1361885667115032578,negative,0.09150382860343913
1361885667429605377,negative,0.23562434052808948
1361885668700524550,negative,0.012314658028107297
1361885668759261184,negative,0.10054358213218693
1361885669350596613,negative,0.033194606476668935
1361885670206234625,negative,1.209736225654863e-05
1361885671594598405,positive,0.9947628958626143
1361885671833624593,negative,1.9369180806497687e-06
1361885672018116608,negative,0.23315327800461524
1361885672513142786,negative,0.004086329021375562
1361885672907374592,negative,0.07944812927764905
1361885673041575938,negative,0.016787884429364814
1361885673196773377,positive,0.9995845597596971
1361885673330855941,positive,0.9566871126165171
1361885673410691073,negative,2.1328169277588322e-07
1361885674924879872,positive,0.8974056040274403
1361885675319136260,negative,0.02439068850856169
1361885675415425025,positive,0.9995845597596971
1361885676233490433,positive,0.8449706451271007
1361885676313141249,negative,5.9094281436542305e-05
1361885677344993280,negative,0.04526885811592329
1361885677479227398,negative,0.214006560130113
1361885677885956096,negative,1.2936507640253172e-05
1361885678003445761,negative,0.004086329021375562
1361885678083203075,negative,0.0003295090265542264
1361885679463055361,negative,0.00010186934475398737
1361885680519979016,negative,0.005367483279323134
1361885680780144644,negative,3.424923005960712e-05
1361885681904156673,negative,0.05897235857735733
1361885682139021315,negative,0.03572216996214012
1361885682206085124,negative,0.004086329021375562
1361885683372019712,negative,0.016787884429364814
1361885683422527488,negative,0.31793229079579644
1361885684454330368,negative,0.059066837431102644
1361885685611851780,negative,9.64756311604451e-07
1361885686836641793,negative,0.002157346534550224
1361885688023629826,negative,0.0018298097129133284
1361885688237555714,negative,5.157065315676036e-09
1361885688287821833,negative,0.04070061241827201
1361885688858370049,negative,5.0064390054477175e-05
1361885688959033346,neutral,0.4667281207494068
1361885691131617280,negative,6.154341152615606e-06
1361885691794309121,negative,0.000990050929999318
1361885691941179394,negative,0.03501890977918644
1361885695288225795,negative,0.059066837431102644
1361885696001273857,positive,0.9995845597596971
1361885696663953411,negative,0.2794653930830212
1361885697314029568,negative,0.0010014503924579037
1361885697330847744,neutral,0.49789225920557484
1361885698152927233,negative,0.003809814404607409
1361885699272826881,negative,0.004086329021375562
1361885699641905154,negative,0.013255239653530001
1361885702087131137,negative,0.013565194360334164
1361885702275801097,negative,0.26092382432862554
1361885702456299521,negative,4.913409696871689e-06
1361885703802609666,negative,0.005604325898129143
1361885707325874179,negative,0.22949407482612988
1361885707439079424,negative,0.025319535929547537
1361885707829092358,negative,0.023139963450933228
1361885711725694976,negative,0.009922011082795203
1361885712715567105,positive,0.7526863718164255
1361885713126592516,negative,0.005604325898129143
1361885714607185922,negative,1.2876091462675612e-05
1361885719648690176,negative,0.003622382192563074
1361885719732617218,neutral,0.49789225920557484
1361885720231768066,negative,0.05357457512678084
1361885720709713922,negative,1.2936507640253172e-05
1361885721536188418,negative,0.0007479695930198525
1361885721875783683,negative,6.268317886650354e-07
1361885721938833410,negative,1.843670891024184e-07
1361885722991616002,positive,0.7952835009217499
1361885724258283523,negative,0.0020222382906556363
1361885725105524737,negative,0.0020222382906556363
1361885725130694660,negative,2.6743284854422935e-09
1361885725327785986,negative,2.0065148065055003e-06
1361885726485397504,negative,0.07612152983900733
1361885728133828614,neutral,0.49789225920557484
1361885728284815363,negative,3.417237775050289e-06
1361885729991905280,neutral,0.36014310329058447
1361885730386100226,negative,0.04326749920868208
1361885731799580672,negative,0.019323379850765224
1361885732810317826,negative,2.6743284854422935e-09
1361885732948877314,negative,2.036294298984584e-06
1361885733498347522,neutral,0.47249304846280493
1361885734555164678,negative,0.0014435211140411926
1361885734903422981,negative,0.04416226960992356
1361885735423533058,positive,0.8449706451271007
1361885735775854592,negative,0.27133394356672186
1361885735784120326,negative,0.004086329021375562
1361885736719572992,negative,0.000990050929999318
1361885737554227204,positive,0.9991953628789991
1361885739043192832,negative,0.0002977285144143152
1361885739278086145,negative,0.019989593375312815
1361885739533950976,neutral,0.518497055973229
1361885740041388037,neutral,0.5210225410674549
1361885740955701258,negative,0.00020130582430730686
1361885741282979840,negative,0.012593957822313285
1361885742562242561,negative,0.07192298659144568
1361885743598166017,negative,0.004173064883211525
1361885744810233856,negative,3.417237775050289e-06
1361885745280143360,negative,0.06695864543577425
1361885747339550722,negative,0.04479713725512996
1361885748794916867,negative,0.03157525626288607
1361885748983701508,negative,0.000990050929999318
1361885749524766720,negative,0.012593957822313285
1361885750422237187,neutral,0.4026687263091541
1361885752221716480,negative,0.0019498059927792043
1361885752238497799,negative,0.09006181970181705
1361885753043808259,negative,0.059066837431102644
1361885753173827584,positive,0.9995845597596971
1361885753312120843,negative,0.000990050929999318
1361885754281066498,negative,0.00016626942142513448
1361885754952187911,negative,0.07275257019330632
1361885755283566592,neutral,0.4237337412615085
1361885755715575810,negative,0.0041921444563796555
1361885756847837185,negative,0.00020352777735161911
1361885757510615040,negative,0.0011968473965929156
1361885757850480642,negative,0.0008496953345485857
1361885758324367364,negative,0.0004250914562019253
1361885758932611072,negative,0.006569630689292784
1361885758991130624,negative,0.08647275825444502
1361885759435919361,negative,0.04742047966685392
1361885760501252096,negative,0.0018197566354621346
1361885760983617543,negative,0.000990050929999318
1361885761943969792,negative,0.009534454370286247
1361885762740916224,negative,9.405553330386685e-05
1361885763789611011,negative,0.010390988315110398
1361885763986731009,negative,0.11544081635508753
1361885764020273156,positive,0.8734031326736411
1361885764590665730,negative,0.029249095322205536
1361885765098221570,negative,0.016816631305722293
1361885765207212033,negative,0.03265131013543398
1361885765698002947,negative,0.2794653930830212
1361885765781909508,negative,0.00020130582430730686
1361885767975460864,negative,0.17419598300104258
1361885768306810884,negative,0.0008646844156101929
1361885769187479557,negative,0.0015343017638724213
1361885770659876872,neutral,0.5392962857474268
1361885771343400960,negative,0.21166570622843983
1361885772647976970,negative,1.2211574604134265e-11
1361885773406949376,negative,0.006859936298705416
1361885774283755521,negative,0.0023215162369332547
1361885774489206784,negative,0.0010014503924579037
1361885774908645377,negative,0.0012206973117882573
1361885776045248512,positive,0.9130303993389384
1361885776406077441,negative,0.05357457512678084
1361885777588797440,negative,0.016787884429364814
1361885777752453128,neutral,0.4614403939185461
1361885778364624896,negative,0.00026122419772544616
1361885778712948738,negative,0.17049253340523368
1361885779299946498,negative,1.1575611733670639e-07
1361885779358810112,negative,0.04070061241827201
1361885779559993344,negative,0.0008450337660564701
1361885780449370114,negative,0.0087700997304632
1361885782236135429,negative,0.007806535691244187
1361885782382903300,neutral,0.4237337412615085
1361885782991011844,neutral,0.39194959015058095
1361885783897083904,negative,0.035123581895652706
1361885785444806665,neutral,0.46127768308170247
1361885785549643777,negative,0.0012685941665970116
1361885785608355846,negative,0.04645624666019445
1361885786363232258,negative,0.08647275825444502
1361885787181178882,negative,6.725938142723797e-07
1361885788078829569,negative,0.007084007566387838
1361885788137533442,negative,0.04858045328835231
1361885788489854977,negative,0.06693372327754489
1361885788867297283,negative,0.012593957822313285
1361885788884074498,negative,0.004086329021375562
1361885789458628613,negative,0.016787884429364814
1361885790742016001,negative,1.5765967627693481e-07
1361885791287443456,negative,0.0024265365763960507
1361885792407289856,neutral,0.5621655332629886
1361885792608673792,negative,0.03866886950735717
1361885793392844804,negative,0.008902368515059272
1361885793787260929,negative,0.17530011606073342
1361885793799798784,negative,0.03157525626288607
1361885795322368001,negative,3.417237775050289e-06
1361885795708198915,negative,0.03362813843429816
1361885796798783488,negative,0.001133079425850937
1361885797180440589,negative,0.017302050429354145
1361885797822136323,negative,0.011126057875935534
1361885798090563586,negative,4.1011749923846e-05
1361885798438559745,negative,0.0087700997304632
1361885799311114240,negative,0.07208899591815199
1361885799768354817,negative,0.03663939799035199
1361885800460406784,negative,0.005527170083806231
1361885800586039299,negative,0.033496634529330854
1361885801894715396,neutral,0.42507619662732005
1361885802658205696,negative,0.00023869845777135915
1361885802892992517,negative,0.0018298097129133284
1361885802897235970,negative,0.147777949004269
1361885803102810114,negative,1.5765967627693481e-07
1361885803618664451,negative,0.0026312235671196514
1361885804491132933,negative,0.05357457512678084
1361885804717617157,negative,1.2936507640253172e-05
1361885804948123652,negative,0.008902368515059272
1361885806550519808,negative,0.06926997512087074
1361885806667923457,negative,0.04070061241827201
1361885807087337474,negative,1.3516926178757354e-07
1361885808500895745,negative,6.434994741631169e-08
1361885808748355585,negative,0.001891183580962971
1361885808857403395,negative,0.00424899509133177
1361885809410863107,negative,0.0005841327096462873
1361885810920931329,negative,0.09797448730401104
1361885811252297730,negative,3.417237775050289e-06
1361885812057645058,negative,0.00023439252358744238
1361885812347011072,neutral,0.49789225920557484
1361885813328523264,negative,4.723027050945373e-05
1361885814385475585,negative,3.4454078477687496e-06
1361885815480147969,negative,0.1702017017008768
1361885816809689090,neutral,0.4274047939449264
1361885816981716992,negative,0.03368100718803626
1361885817610899458,negative,1.5765967627693481e-07
1361885818319736839,negative,0.13148355801930742
1361885818734997505,negative,0.0030184864499725912
1361885819011813376,negative,2.846889783211158e-08
1361885819385098240,negative,1.2936507640253172e-05
1361885820072828934,negative,0.032377968351464316
1361885821574410244,negative,0.002157346534550224
1361885821608075268,negative,0.09530948409055756
1361885822576971778,negative,4.413376902025267e-05
1361885822748790790,negative,0.048140717612104374
1361885822820118532,negative,0.009534454370286247
1361885823344533504,negative,0.2894349643485185
1361885823717629960,negative,0.033804987877426175
1361885823852044288,negative,5.405177069595621e-05
1361885826771283969,negative,0.00023869845777135915
1361885826884452355,negative,2.9008559880514205e-06
1361885827773698048,negative,0.021694281415062112
1361885829870870531,negative,0.009761345140847096
1361885832030871556,negative,1.5621053989440494e-05
1361885832051892225,negative,0.0026572097068470685
1361885834035798017,negative,0.03791627134522328
1361885834828525570,negative,0.04497431454215357
1361885835293941774,negative,0.059066837431102644
1361885835482845185,negative,0.02439068850856169
1361885836241952768,negative,0.000990050929999318
1361885836523024387,negative,0.003063938678352139
1361885836883689481,negative,0.017302050429354145
1361885837953277955,negative,0.022520762225659744
1361885838511022085,neutral,0.4187529671864109
1361885839085752321,negative,3.5216772755926464e-06
1361885841455521793,negative,0.0001754741171529254
1361885841644224514,negative,0.0013455476900050582
1361885843120611328,negative,0.001447537148987475
1361885843124846592,negative,0.3274903280201044
1361885843577860097,negative,0.0018721651070770754
1361885844366368768,positive,0.8449706451271007
1361885847285616643,neutral,0.5136446707795853
1361885847931518979,negative,0.05378460301345363
1361885848539693057,negative,5.342595928636795e-06
1361885849151934467,negative,0.021217979924340536
1361885850850766851,negative,0.00020130582430730686
1361885851786108931,negative,0.2104571830542489
1361885851819589633,negative,0.00023869845777135915
1361885854155886592,negative,0.000990050929999318
1361885855040761856,negative,0.0014435211140411926
1361885855628034049,negative,1.0443057285004128e-05
1361885855724486656,negative,0.035832760791353856
1361885856714403842,negative,0.0004435807591379298
1361885857053990918,positive,0.9995845597596971
1361885858312298497,positive,0.8449706451271007
1361885858832543744,negative,0.005716637004156381
1361885859235192832,negative,2.5240277202833965e-05
1361885860480880642,negative,0.02487634209388752
1361885860610904070,negative,0.06663668783824335
1361885860866756608,negative,0.004757157643562101
1361885861021970433,negative,0.0036542992359395766
1361885862796140544,negative,7.395360249404434e-06
1361885863509172224,negative,0.04070061241827201
1361885864922644480,negative,0.01059080994522442
1361885865182720000,negative,0.042253114579788476
1361885865820225536,negative,0.000990050929999318
1361885866524827648,negative,0.00025612713220817484
1361885866730401792,negative,0.001891183580962971
1361885866843602944,negative,4.203082103594162e-08
1361885867623677953,negative,9.64756311604451e-07
1361885867640557570,negative,0.05457278365740507
1361885867871145986,negative,0.04199644421414279
1361885870190657539,negative,7.461382137720118e-06
1361885870299742209,negative,0.003063938678352139
1361885870312157193,negative,0.015319110670362658
1361885870781992960,negative,0.04070061241827201
1361885871054684164,negative,0.025319535929547537
1361885871406989312,negative,3.417237775050289e-06
1361885873256554496,negative,0.07211524190255211
1361885873650896898,negative,5.1750287681499805e-06
1361885874464698370,negative,0.10715633970361955
1361885876888825859,negative,0.00023203384448548543
1361885877593509889,negative,0.09151565997391957
1361885878885355521,negative,6.654479095210334e-06
1361885881049710594,negative,0.10715633970361955
1361885882366758914,positive,0.8449706451271007
1361885882979123200,negative,0.0012461847418759407
1361885885348925441,negative,4.279302103407198e-06
1361885885378224132,negative,0.0010214079039590927
1361885885629935618,negative,0.002344729421398334
1361885886103830530,negative,1.2936507640253172e-05
1361885888012312581,negative,0.0032952471641983644
1361885889027313666,negative,0.012593957822313285
1361885889052495873,negative,0.19481991233610219
1361885890600050689,negative,0.006221101766321913
1361885890830868482,negative,0.22420583782076137
1361885891195731969,negative,0.05357457512678084
1361885891501948929,negative,0.0003076056962548066
1361885893548675073,negative,0.04070061241827201
1361885895083896843,negative,0.15152914074310808
1361885895775817728,negative,0.00026122419772544616
1361885898045063168,negative,0.09126787907567749
1361885898896465924,negative,0.19197121475316964
1361885899236274177,negative,0.012832773952489428
1361885899596967939,neutral,0.4545904767683513
1361885899789918208,negative,0.32476364743820707
1361885899966005249,negative,0.10871772074988914
1361885900268011520,negative,0.015193628977256544
1361885900947529731,negative,0.025830361172790837
1361885901291479058,negative,0.0002282634317653464
1361885901341798405,negative,0.2825245963010117
1361885901899640832,negative,2.2896329252883816e-05
1361885902574915586,negative,0.26412429040355123
1361885902704934921,negative,0.23055262148297245
1361885903216644096,neutral,0.36811240652478117
1361885903354957825,negative,2.3199584366352988e-05
1361885904063791104,negative,0.016787884429364814
1361885905208958979,negative,0.17110783127166218
1361885905368285187,negative,0.11134547921699633
1361885905523535873,negative,0.011106343875148335
1361885906324570121,negative,0.0004127514285876195
1361885906433683458,negative,0.00020130582430730686
1361885906689531911,negative,0.2135140083070197
1361885907285065729,negative,0.00028528500291304185
1361885907679383552,negative,0.009534454370286247
1361885909436751874,positive,0.8974056040274403
1361885910732836864,negative,0.2794653930830212
1361885911177449473,negative,0.1224991600180179
1361885911932309504,positive,0.9566871126165171
1361885912502829056,positive,0.954873127285284
1361885914750984192,negative,0.2296343923197831
1361885914805530627,negative,0.059066837431102644
1361885915602448387,negative,0.006345744565336363
1361885915719860225,negative,0.03680230327726937
1361885915736641536,negative,0.000990050929999318
1361885915866664960,neutral,0.36014310329058447
1361885916462084099,negative,0.009761345140847096
1361885917313716226,negative,0.03791627134522328
1361885919201144836,negative,0.011362394906680718
1361885919566004225,negative,0.004478927258780815
1361885921302437889,negative,0.1181806615258334
1361885921591906305,negative,0.005716637004156381
1361885922225250306,negative,0.002157346534550224
1361885922321715203,negative,0.011126057875935534
1361885924636901379,negative,0.00020025818512425396
1361885924976701442,negative,0.0015233116707741405
1361885926981586945,neutral,0.3685943945839147
1361885927778496513,negative,0.006859936298705416
1361885927866585090,positive,0.6763517683108127
1361885928839602177,negative,0.000990050929999318
1361885930324451328,positive,0.9995845597596971
1361885931268165632,negative,0.06512349719510147
1361885932220264450,neutral,0.3499352441185855
1361885932849405958,positive,0.8449706451271007
1361885933973499905,negative,0.03801610846604707
1361885934199971840,negative,0.006859936298705416
1361885934539726850,positive,0.9991953628789991
1361885935105961985,negative,0.006426218211711938
1361885935630221314,negative,0.009534454370286247
1361885935701475328,negative,0.00012910902568668474
1361885938729824261,negative,0.021021421828116286
1361885938771755008,negative,0.004177002516357312
1361885940772261889,negative,0.017984896579314208
1361885941472899072,neutral,0.4545904767683513
1361885941657464833,negative,0.10054358213218693
1361885941804187651,negative,0.0013599534469193825
1361885942672408576,negative,0.0013312978268703746
1361885944857694208,negative,0.023139963450933228
1361885945310502912,negative,0.05357457512678084
1361885945927188480,negative,0.05357457512678084
1361885946501861376,negative,0.000990050929999318
1361885948292853760,neutral,0.42507619662732005
1361885952050888705,negative,0.07370417904254603
1361885953011437569,negative,0.0009286375633135558
1361885953502162944,negative,0.002157346534550224
1361885955066646529,negative,0.04526885811592329
1361885955385405447,negative,1.0071400386492806e-06
1361885955913826310,neutral,0.4695677200211166
1361885956224151553,positive,0.9995845597596971
1361885956673056775,negative,2.7279387673353513e-05
1361885957688070145,negative,0.03801610846604707
1361885958875082753,negative,0.00023869845777135915
1361885959659397122,negative,0.00030945079054182657
1361885960024301574,neutral,0.49789225920557484
1361885962670919681,negative,0.04595332448131147
1361885962930966529,negative,0.000990050929999318
1361885963446796291,negative,3.470683229759093e-05
1361885963606241285,negative,2.657549645651955e-06
1361885965560651780,negative,0.22333358926196867
1361885967137783809,negative,0.07860251424425349
1361885968173776897,negative,0.2798947313077043
1361885968333230080,negative,0.00289385294902069
1361885968714858508,negative,0.0719376920759857
1361885970598043649,negative,0.005604325898129143
1361885971252469760,negative,0.03838901031456881
1361885971587940353,negative,0.004086329021375562
1361885971936137217,negative,0.17110783127166218
1361885971969572865,negative,0.08418087760855235
1361885972175204352,negative,0.14615773215360417
1361885972816941058,negative,0.05357457512678084
1361885973127249920,negative,0.004478927258780815
1361885973680824321,negative,0.017984896579314208
1361885976830898176,negative,0.007339340887259012
1361885977048977415,neutral,0.5316624617817726
1361885977271275521,neutral,0.5829810709340948
1361885977514500096,negative,0.008112596206137019
1361885978017865728,negative,7.958681188910157e-05
1361885978474913794,negative,0.009534454370286247
1361885978777047042,neutral,0.46127768308170247
1361885980450521090,negative,0.00023869845777135915
1361885980828069889,negative,0.002822284901713726
1361885984376389634,negative,0.0001783764279215546
1361885984783220738,negative,1.5096094623381663e-05
1361885985726992385,negative,6.671167997717554e-11
1361885987018792961,negative,0.0019509162181003002
1361885987157254147,positive,0.9633894245446962
1361885988138717184,negative,0.011629802905316075
1361885989673787392,negative,0.11134547921699633
1361885990898573312,negative,0.05931198351197742
1361885991116541956,positive,0.9995845597596971
1361885994329518082,negative,0.0038712641655717847
1361885994753081351,negative,0.007795108638693716
1361885995617169409,negative,4.3114427171631713e-05
1361885995709452289,negative,0.033194606476668935
1361885995772354560,negative,0.03362813843429816
1361885995784937474,negative,0.05931198351197742
1361885999144468484,negative,0.009534454370286247
1361885999270404096,negative,0.001133079425850937
1361885999769546754,neutral,0.49789225920557484
1361885999865987073,negative,0.09797448730401104
1361886000016982019,negative,0.13022124799196239
1361886000243372039,negative,0.02932883099023715
1361886000587407361,negative,0.003365991324757508
1361886001308659712,negative,0.0253392370409745
1361886002789322757,negative,3.6860439106232884e-05
1361886003212947461,positive,0.8449706451271007
1361886004286803968,negative,4.413376902025267e-05
1361886004425199621,negative,0.00015727116619328603
1361886004974673920,negative,0.018039434546288566
1361886006925029386,negative,0.07409858964317478
1361886007168176131,negative,4.061255497698814e-11
1361886008015540224,negative,5.0064390054477175e-05
1361886008229453825,negative,0.09960542470522397
1361886009005273088,negative,0.00042532639794493055
1361886009265299456,negative,0.016787884429364814
1361886009265434630,negative,0.00020025818512425396
1361886009625956354,negative,0.1633598716635277
1361886010318200839,negative,0.027306823983217477
1361886011752595460,negative,0.00020025818512425396
1361886012520030213,negative,0.020439750413435046
1361886012914487296,negative,0.002822284901713726
1361886013937905665,negative,2.5619490750384848e-06
1361886014055276544,negative,0.0026137897196443446
1361886014751576090,negative,0.025323848135062853
1361886015292657665,negative,0.00020025818512425396
1361886015305232385,negative,3.470683229759093e-05
1361886016924053504,positive,0.9995845597596971
1361886017809219587,negative,1.9005790488576463e-07
1361886018543243266,negative,0.08225862861041094
1361886019117871106,negative,0.2812124665127172
1361886020011249668,negative,0.002905372052149883
1361886020124504064,negative,0.00014795429640365338
1361886020246069249,negative,0.08276079644252901
1361886023119237121,negative,0.004086329021375562
1361886024306208768,negative,0.008079980957480321
1361886024398499840,negative,6.773389721053176e-05
1361886024725626887,negative,0.0019498059927792043
1361886024750796801,negative,0.0015250064652860675
1361886025551872002,negative,0.09519983239616056
1361886027531575296,negative,0.000990050929999318
1361886027787497476,negative,0.15537384480737393
1361886028110397440,negative,0.11675964483427509
1361886028328542212,neutral,0.41193474847754386
1361886029389701123,negative,0.020211575336075264
1361886029742026752,negative,0.05357457512678084
1361886030048157696,negative,0.000990050929999318
1361886030861893636,negative,0.0006110790983654817
1361886031084150786,negative,4.170218811145853e-06
1361886031545573376,negative,3.5073778607803828e-09
1361886032090845186,negative,1.5582005912581715e-05
1361886032103374855,neutral,0.41754670747631223
1361886032350892033,negative,0.000990050929999318
1361886032954818561,negative,7.782898213396805e-05
1361886033013444608,negative,0.009534454370286247
1361886033051348992,negative,0.0019041949949299875
1361886033722368002,negative,0.003639781019060994
1361886035911659522,negative,3.836552944046478e-11
1361886036398284800,negative,0.009761345140847096
1361886036838797312,positive,0.8449706451271007
1361886037291663364,negative,0.23988732993880882
1361886038575128583,negative,0.04070061241827201
1361886038780649472,negative,0.014802898490886821
1361886039342780418,negative,0.01807014585265116
1361886039607029761,negative,0.000317015944162607
1361886039699193858,negative,3.4454078477687496e-06
1361886042085801986,negative,0.027306823983217477
1361886043356692482,negative,0.17049253340523368
1361886043981627395,negative,4.6152758069199954e-07
1361886044216524802,neutral,0.5516444756848474
1361886044342398977,negative,0.0003760939997776219
1361886044522700801,positive,0.9993964702976906
1361886045839753217,positive,0.9995845597596971
1361886046011592705,negative,0.0018145507610497283
1361886046255013891,negative,0.059066837431102644
1361886046674419714,neutral,0.36014310329058447
1361886047152570368,negative,0.05357457512678084
1361886047160926208,neutral,0.42507619662732005
1361886047341314049,negative,0.003970901874489672
1361886048247291906,negative,0.002130815945727251
1361886048301838339,neutral,0.6190173780627386
1361886049811726336,neutral,0.5382171459845081
1361886050231201796,positive,0.954873127285284
1361886050386399240,negative,0.0007581972719854928
1361886051921403904,negative,0.009534454370286247
1361886052236095488,negative,0.0013012529240149671
1361886052659564548,neutral,0.49789225920557484
1361886052886016002,negative,0.00013380726913341524
1361886053825667074,negative,0.10441958426800306
1361886055339802624,negative,0.000166112773600242
1361886055511769088,positive,0.7228705013161616
1361886057311133697,negative,0.029946387394255404
1361886058070347776,negative,0.0041604897079766945
1361886058644983810,negative,0.20038765962962587
1361886059022471168,negative,8.74230693747174e-05
1361886059118870530,negative,0.021163474256086886
1361886062004604928,negative,0.04070061241827201
1361886063321612288,negative,0.00231167707678412
1361886063413886978,negative,0.0001783764279215546
1361886064009486336,negative,0.019989593375312815
1361886064030400513,negative,0.000262578586927288
1361886065058082816,negative,0.15275052416388077
1361886066391744514,negative,0.0019498059927792043
1361886067704565762,negative,6.597989382743207e-05
1361886069151653889,negative,0.07275257019330632
1361886069894107137,neutral,0.4274047939449264
1361886070779052033,negative,6.906772752229964e-05
1361886072381218824,negative,0.032377968351464316
1361886072398094336,negative,0.03490537139344192
1361886072607698944,negative,1.3385457746038143e-05
1361886073505284096,negative,0.0007984219747013287
1361886073593430021,negative,0.059066837431102644
1361886074788798465,negative,0.09797448730401104
1361886074981789696,negative,0.005910532162526081
1361886076474970113,negative,0.000990050929999318
1361886078039384065,negative,0.07800672398898323
1361886080354582533,positive,0.905385201415778
1361886082342739968,negative,0.011300045238409148
1361886082745446401,negative,0.002113639522666961
1361886082850316288,negative,0.001133079425850937
1361886083584299011,positive,0.9764834962738704
1361886083643019264,negative,2.3446428268679843e-05
1361886083785453571,neutral,0.5390926194679104
1361886089133387782,positive,0.9194034181944843
1361886089674375170,neutral,0.5477470041553616
1361886089925980162,negative,0.00038687635353522814
1361886090177753089,negative,0.000423514510803206
1361886091020804101,negative,0.12693968478489281
1361886092375568384,negative,0.000990050929999318
1361886094300762114,negative,1.0297747140457822e-05
1361886094829182976,negative,3.4454078477687496e-06
1361886095164727298,negative,0.2794653930830212
1361886095718424579,neutral,0.49789225920557484
1361886096645316608,negative,0.0087700997304632
1361886096708177925,negative,0.00020130582430730686
1361886097069010945,negative,0.1721618493222561
1361886097345806338,negative,0.00018654825483754975
1361886097928814594,negative,2.1328169277588322e-07
1361886098012606466,negative,0.034220703376665586
1361886098239201280,negative,0.07944812927764905
1361886099371528201,neutral,0.5163489225188522
1361886099560398848,negative,0.000990050929999318
1361886099757559809,negative,0.000990050929999318
1361886099971301378,negative,0.24977838472738464
1361886100449615874,negative,0.04526885811592329
1361886100986413057,positive,0.9738372284737578
1361886102555082755,negative,0.25706062562948623
1361886103553327105,negative,0.0010214079039590927
1361886103658233857,neutral,0.5136446707795853
1361886104065093632,negative,0.1300244924050022
1361886104513871873,negative,0.04070061241827201
1361886107193991169,negative,0.004522309556120251
1361886107265196034,negative,0.009088196375864397
1361886107512811522,negative,0.09530948409055756
1361886107953205249,negative,0.03635467375277907
1361886109098196992,negative,0.017984896579314208
1361886109911908355,negative,0.00022535816339435902
1361886111509995521,negative,0.016787884429364814
1361886111660990464,negative,0.002113639522666961
1361886112248176643,negative,0.0029003795840026755
1361886112747298817,negative,0.0075937345068488975
1361886114210979841,negative,0.032377968351464316
1361886114383093767,negative,0.09530948409055756
1361886116496949251,neutral,0.35362277955607824
1361886116715061252,negative,0.000990050929999318
1361886117671407618,negative,0.020211575336075264
1361886117981786112,negative,0.0004127514285876195
1361886118115827712,negative,3.427475763378293e-05
1361886118694825987,negative,0.05357457512678084
1361886120439648259,negative,0.0011880793191243455
1361886121513394177,negative,0.003970901874489672
1361886122398281729,negative,0.04638511276340767
1361886123610546177,negative,1.0800650586397565e-06
1361886123954491393,negative,0.0062899480639258334
1361886124424253440,negative,0.004478927258780815
1361886124466180097,negative,0.001806563073387317
1361886125137264643,negative,0.033194606476668935
1361886125384753152,negative,0.007806535691244187
1361886125917417472,negative,0.000990050929999318
1361886126475272196,negative,0.0009491062771751266
1361886127150555137,negative,1.787015538501259e-05
1361886128257855489,negative,0.08254831090166154
1361886129759293444,negative,3.6860439106232884e-05
1361886131256774656,negative,0.09329274441141422
1361886131734929412,negative,0.000990050929999318
1361886131802042369,negative,0.003970901874489672
1361886132745609218,negative,0.017984896579314208
1361886132774952962,negative,0.08647275825444502
1361886132871589888,negative,0.01678154902376081
1361886132938629121,negative,0.002211656843460886
1361886133341327367,negative,0.2021112890894942
1361886134389923845,neutral,0.49789225920557484
1361886134620413956,negative,0.004086329021375562
1361886135585243139,negative,0.05357457512678084
1361886135656587275,negative,0.00020130582430730686
1361886136180891651,negative,0.05357457512678084
1361886136248004613,neutral,0.39194959015058095
1361886137011212293,negative,0.04070061241827201
1361886138135310337,negative,0.023139963450933228
1361886139196571649,negative,0.00385949904156067
1361886139225759747,negative,0.3000489332914566
1361886139255152648,negative,0.002549781156789734
1361886140601671680,negative,0.00020130582430730686
1361886142971412480,negative,0.0038324134809878687
1361886143185375233,negative,0.010027321483144568
1361886144057798657,negative,0.011126057875935534
1361886144699506689,negative,0.02303560624538249
1361886145777393671,negative,0.0006154008699890389
1361886145949421571,negative,0.00017919506558729427
1361886148335820801,negative,0.0023880424734779226
1361886149057380353,negative,0.1084951265693784
1361886149124440068,negative,0.0015133384208262243
1361886152601534465,negative,0.007298586742174468
1361886152752521216,negative,0.059066837431102644
1361886153209745408,negative,5.547586483555178e-06
1361886153260085252,negative,0.20089631505497071
1361886153520119811,neutral,0.3685943945839147
1361886153666945025,negative,3.5216772755926464e-06
1361886154098892800,negative,0.000990050929999318
1361886154161868801,negative,3.4454078477687496e-06
1361886154170261507,negative,0.15784872887475487
1361886154954571778,negative,9.64756311604451e-07
1361886156066070529,negative,0.0010335067273038769
1361886156783300608,negative,0.006202033149994718
1361886156875583497,positive,0.9650878890361773
1361886157039144960,negative,0.017302050429354145
1361886160088305666,negative,0.003672477027681664
1361886160209940480,negative,0.002549781156789734
1361886161422155776,negative,0.018661451619743672
1361886161493495808,negative,0.01946489520464502
1361886162001014786,negative,0.0007377708350654068
1361886162701418496,negative,8.74230693747174e-05
1361886163301265411,negative,4.261203192073225e-09
1361886163854913543,negative,0.006241414513361405
1361886164182069250,negative,0.023139963450933228
1361886164949602304,negative,9.376171467579442e-12
1361886166006460417,negative,0.00020130582430730686
1361886166014963714,negative,0.15573430370564928
1361886166283354113,negative,0.00020130582430730686
1361886166555889665,negative,0.09241246223605425
1361886166740533250,negative,0.01678154902376081
1361886167671525384,negative,0.009534454370286247
1361886168002875392,negative,0.01869870988099018
1361886168783212547,negative,2.0935438906719054e-08
1361886169391370241,negative,0.000990050929999318
1361886169554952193,negative,0.007954388140783968
1361886169806626819,negative,0.009534454370286247
1361886170666295296,negative,0.016787884429364814
1361886170691477505,negative,0.0014435211140411926
1361886172742574084,neutral,0.34754261738804654
1361886173573111809,negative,7.838567182827242e-06
1361886176110608386,negative,0.11173290990844764
1361886176379027458,negative,1.6208451995626925e-08
1361886176874012674,negative,0.00020130582430730686
1361886177280872449,negative,0.05442344599926261
1361886177624813570,positive,0.9566871126165171
1361886177763225600,negative,1.2568593791175488e-08
1361886179008925696,negative,0.012973032086108402
1361886179726135296,negative,0.004757157643562101
1361886180032282626,negative,4.413376902025267e-05
1361886180455964673,negative,0.05142061060620068
1361886180980178946,negative,0.009534454370286247
1361886181919780865,negative,0.20672379175287398
1361886181965901830,neutral,0.5246205998808149
1361886183878496258,negative,0.0026572097068470685
1361886184193093634,negative,2.330166103975864e-09
1361886184197267457,negative,0.0631158356495984
1361886184864014336,negative,0.009534454370286247
1361886185979740160,negative,0.013843497850535822
1361886188659957761,negative,0.23547448214396235
1361886188676800512,negative,5.350161659031534e-09
1361886190983667715,negative,0.006426218211711938
1361886192958992385,negative,0.0014435211140411926
1361886193680539650,negative,0.004086329021375562
1361886194745761793,negative,9.347468223798345e-05
1361886194791931910,negative,0.03451709748792609
1361886195538657280,negative,0.2287206037784227
1361886197048619010,negative,0.000990050929999318
1361886197325336587,negative,2.487465473825185e-07
1361886198831144962,negative,0.0024265365763960507
1361886199070273536,negative,0.009534454370286247
1361886199095377920,negative,0.023743740489675504
1361886200156594178,negative,0.2623804369059869
1361886200664125442,negative,0.1678110359735367
1361886201016324097,negative,5.350161659031534e-09
1361886201066754050,negative,0.017984896579314208
1361886203314847745,negative,0.027306823983217477
1361886203344216065,negative,0.0011646953971710071
1361886203482673154,negative,0.0034251064187815383
1361886204967419917,negative,0.003970901874489672
1361886205743304706,negative,0.009534454370286247
1361886206359920642,negative,0.011415782273118584
1361886206385147907,negative,0.08865844426661175
1361886208901668869,negative,0.003970901874489672
1361886210805932034,positive,0.8449706451271007
1361886212169039872,negative,0.09192732112936819
1361886212588470281,neutral,0.4323510242933817
1361886213125341188,negative,0.00010349170123541391
1361886215176396801,negative,0.055289988483423196
1361886215222534146,negative,0.0014435211140411926
1361886215574855684,negative,0.003796148920415803
1361886216342429698,negative,6.249243543177303e-06
1361886217936199681,negative,0.06111386607480849
1361886218720403458,negative,0.053824515045315435
1361886219022573568,neutral,0.35989192783015506
1361886219215364097,negative,0.033804987877426175
1361886219764985856,neutral,0.5144158419199569
1361886220289245185,negative,0.009534454370286247
1361886220972875777,positive,0.9995845597596971
1361886221576900608,negative,0.026551221636493916
1361886221937614851,negative,0.001797685986471396
1361886222608646145,negative,0.004711532918898615
1361886223271415809,negative,2.170723009286398e-06
1361886224319971328,negative,0.003970901874489672
1361886225217556482,negative,4.413376902025267e-05
1361886228455555073,negative,0.0023880424734779226
1361886228895985668,negative,0.009334399085438863
1361886229579628544,negative,0.00020130582430730686
1361886229885812740,negative,0.0026312235671196514
1361886230473043968,negative,0.000990050929999318
1361886230615588864,negative,0.001133079425850937
1361886231425134594,negative,0.002113639522666961
1361886231441899521,negative,0.0001193898709826936
1361886232205221888,negative,0.2270916242691431
1361886233526480896,negative,0.018759567016917347
1361886235350822914,negative,0.033486289265289425
1361886235770429445,negative,0.013955714247602391
1361886237280391169,negative,2.1328169277588322e-07
1361886237431275520,negative,0.00020130582430730686
1361886238014197760,negative,0.032377968351464316
1361886238442213376,negative,0.00010100876239805728
1361886238547017733,negative,0.018759567016917347
1361886240635817992,negative,0.03638110741194439
1361886241160126467,negative,0.14161800834439284
1361886242095308803,negative,3.427475763378293e-05
1361886242259034112,negative,0.02023603281778985
1361886242749693953,negative,0.035832760791353856
1361886244624457730,negative,0.20149325467093282
1361886244695867392,negative,0.004760763492932852
1361886245421346816,negative,0.00018724277707544458
1361886245606092802,neutral,0.5496678701602578
1361886246180712448,negative,0.00025612713220817484
1361886248412020745,negative,1.2876091462675612e-05
1361886249376702465,negative,0.0018145507610497283
1361886249426952196,negative,0.020439750413435046
1361886250664394753,positive,0.8542368681346015
1361886251025055745,negative,0.033194606476668935
1361886251486482433,negative,0.017302050429354145
1361886251712929793,negative,0.0038712641655717847
1361886253235527682,negative,3.364687317409996e-05
1361886253461954565,negative,1.404354449424273e-06
1361886253470392320,negative,0.0032952471641983644
1361886254841880576,negative,4.0458632810359776e-08
1361886254904844289,negative,0.003970901874489672
1361886255198310400,negative,0.0012253762261707818
1361886257702297601,positive,0.8449706451271007
1361886257710833665,negative,0.08556303987542349
1361886258662952960,negative,0.003639781019060994
1361886258772008962,negative,1.2936507640253172e-05
1361886258998484992,negative,0.000990050929999318
1361886259942203396,negative,0.000990050929999318
1361886260076425227,negative,0.003970901874489672
1361886263100510208,negative,8.473308067128481e-08
1361886263452835840,negative,0.008018868561209877
1361886264098701313,neutral,0.49625537642939327
1361886264945876995,negative,0.21921412548362115
1361886265348620294,negative,0.15484360459731233
1361886265466093570,negative,0.016639424006558257
1361886266996981761,negative,3.963280914547515e-06
1361886267806343173,negative,0.00020025818512425396
1361886268720898053,negative,1.0443057285004128e-05
1361886268733460486,negative,0.009727817237798543
1361886269203169281,negative,0.001891183580962971
1361886269366763522,negative,0.009761345140847096
1361886270058823683,negative,0.10493509996246646
1361886270885101569,negative,0.02439068850856169
1361886271040274434,negative,0.016787884429364814
1361886272059371521,negative,0.3274903280201044
1361886272785121281,negative,0.021753725169411448
1361886272973918210,negative,2.170723009286398e-06
1361886273443680257,negative,9.776016481295449e-05
1361886274034888708,negative,1.7902908502478103e-07
1361886274492243968,negative,1.404354449424273e-06
1361886275406606341,negative,0.0010002361821155772
1361886275788279811,negative,0.003970901874489672
1361886277537202182,negative,0.1702439508390435
1361886278560718848,negative,0.02181096598997324
1361886278602563584,negative,0.03222818308134103
1361886278602678274,negative,1.686729944914938e-07
1361886279059853312,negative,0.20839043604536187
1361886279454105601,negative,0.0018606282973587527
1361886281588965377,neutral,0.4530078620609285
1361886281689686017,negative,0.0013671060157078127
1361886281962258434,positive,0.9995845597596971
1361886282276876290,negative,0.06090565950281914
1361886282721419267,negative,0.035341182231272604
1361886283371606019,negative,0.1874043278780933
1361886284025749510,negative,0.016787884429364814
1361886286232117250,negative,0.06828471034885072
1361886286521466880,negative,0.11579010942057401
1361886286777303042,negative,2.6743284854422935e-09
1361886286827634689,negative,0.00037320841734878415
1361886287494529027,negative,0.002822284901713726
1361886288161304576,negative,0.00030114263724958737
1361886288689979395,negative,0.02839517461614872
1361886289256046599,negative,1.2876091462675612e-05
1361886289650462720,negative,0.002158225217200704
1361886289914601472,negative,0.03822162174034726
1361886290988433409,negative,0.07754670209437127
1361886291185516546,negative,0.10715633970361955
1361886291500142593,negative,0.019989593375312815
1361886292959756290,negative,0.0004260498826530021
1361886293114949634,negative,0.00020130582430730686
1361886293442105348,negative,4.330386946934993e-05
1361886293685383172,negative,0.003970901874489672
1361886293903486976,negative,0.00020025818512425396
1361886294696226819,negative,0.004757157643562101
1361886295413428225,negative,0.011748033501187898
1361886295878991874,negative,0.016787884429364814
1361886296839311362,negative,0.06416515816722833
1361886297531551744,negative,0.16694585630803452
1361886297758048256,negative,0.004711532918898615
1361886297795698690,positive,0.9995845597596971
1361886297938395136,negative,0.010395678007535753
1361886300161384448,negative,0.07310269836550409
1361886300257869824,negative,0.008322472619091286
1361886300534628353,negative,0.11134547921699633
1361886300970885122,negative,0.02308126562818667
1361886300975083521,negative,0.035832760791353856
1361886301562298375,negative,0.000990050929999318
1361886302229045252,neutral,0.45391801652582003
1361886302929645576,negative,0.0020911866619513783
1361886302963200002,negative,0.00700302546224076
1361886303441289218,positive,0.6708163493117612
1361886303462301698,neutral,0.3863203964841595
1361886303533625349,negative,0.11134547921699633
1361886303667826688,negative,0.059066837431102644
1361886305173471232,negative,0.032377968351464316
1361886305928372228,negative,5.068512773391707e-08
1361886306058395649,negative,0.0024265365763960507
1361886308134748162,negative,0.009534454370286247
1361886308336087042,negative,0.0024265365763960507
1361886308457738240,negative,4.714725763985754e-05
1361886309082673153,neutral,0.35989192783015506
1361886309929910277,negative,0.000990050929999318
1361886312110907399,negative,0.0002577291434913703
1361886312333271040,negative,0.013807455330012288
1361886312555556864,negative,0.05357457512678084
1361886312807100416,negative,0.005459705131567661
1361886313306275841,negative,0.00020352777735161911
1361886314535215104,negative,2.462497264869912e-07
1361886315357343752,negative,0.001891183580962971
1361886318234599425,negative,0.0016444797693943294
1361886319140560898,positive,0.954873127285284
1361886320226877443,negative,0.2745031447642803
1361886320780582912,positive,0.93614813110056
1361886321745264642,negative,0.04070061241827201
1361886321774501890,negative,0.14424502942014927
1361886323469090818,negative,0.004557512083457568
1361886323574001664,negative,0.008252833487345625
1361886324157018115,neutral,0.4614403939185461
1361886324526116871,negative,0.00024174063844663272
1361886325117509633,negative,0.0036163826508302755
1361886326308687882,negative,4.0458632810359776e-08
1361886328498114566,positive,0.8449706451271007
1361886328649097220,negative,2.462497264869912e-07
1361886328749764609,negative,0.024940243401467093
1361886330171588608,neutral,0.3546274845759702
1361886330180018177,negative,0.0018145507610497283
1361886330356170763,neutral,0.6184832188578938
1361886330494603265,negative,0.07612152983900733
1361886331299913730,negative,0.004757157643562101
1361886331341852674,negative,0.13790829785540254
1361886331547377665,negative,0.026795195403981033
1361886331807428608,negative,0.009761345140847096
1361886332516188162,negative,1.2185343882297836e-23
1361886335011860482,negative,0.00753708168788798
1361886335158472709,negative,0.009534454370286247
1361886335221514241,negative,3.132733584267467e-05
1361886335959773184,negative,0.013880482508218552
1361886336215572480,negative,0.013812504468133742
1361886336270000129,negative,0.009534454370286247
1361886338006413312,negative,2.1523416177716603e-15
1361886338371444739,negative,0.0022562307921111064
1361886339340382208,negative,2.133096328844441e-05
1361886341357834240,negative,1.2876091462675612e-05
1361886342049898498,negative,0.17143941624686013
1361886343161339906,negative,2.1328169277588322e-07
1361886343417184263,neutral,0.473900428439256
1361886344214110213,negative,0.001009413875797862
1361886344495169537,negative,0.000990050929999318
1361886345019482112,negative,0.019931659524002526
1361886345124315137,negative,0.03157525626288607
1361886345220804608,negative,0.016903117907200425
1361886347401850883,negative,0.0019498059927792043
1361886348995661825,negative,0.000990050929999318
1361886349075222533,negative,0.009534454370286247
1361886350325272578,negative,6.264121183650135e-07
1361886350685970434,negative,0.003365991324757508
1361886350937571335,negative,0.03791627134522328
1361886351315116032,negative,0.0034651983679746755
1361886351357001728,negative,0.17110783127166218
1361886352904626176,positive,0.9995845597596971
1361886353932357639,negative,1.8250618926671305e-06
1361886354368585728,negative,0.08580833929046132
1361886354410463232,neutral,0.35362277955607824
1361886354947203076,negative,0.0028307793280024913
1361886355136147458,negative,0.004793814543782446
1361886355274543104,negative,0.012593957822313285
1361886355446521856,negative,0.007954388140783968
1361886356251754498,negative,0.000990050929999318
1361886357337952260,negative,1.2936507640253172e-05
1361886357728202753,negative,0.004086329021375562
1361886357883400194,negative,0.004387055665497497
1361886358118146048,negative,0.023139963450933228
1361886359963770883,positive,0.8085541223266485
1361886360337068034,negative,2.314224763592029e-05
1361886362669109250,neutral,0.585735788145863
1361886363017183234,negative,0.03246890097864576
1361886363986067476,negative,0.04434118397966268
1361886364032258049,negative,0.04264267156964534
1361886364300640258,positive,0.8449706451271007
1361886364732690432,negative,0.000990050929999318
1361886364833259523,negative,0.003970901874489672
1361886364900290562,negative,0.003970901874489672
1361886365286301698,negative,0.07736349569523265
1361886365839990791,negative,0.003970901874489672
1361886365940658179,negative,0.001133079425850937
1361886365944791043,negative,0.09797448730401104
1361886367358332930,negative,4.6103581054040737e-10
1361886367454818311,negative,0.0036731205735328373
1361886367551209473,positive,0.9995845597596971
1361886368964767745,negative,0.003826797382490912
1361886370168336385,negative,0.05357457512678084
1361886371149983754,negative,0.0024265365763960507
1361886372991102978,negative,0.1253012110904672
1361886374065020928,positive,0.9995845597596971
1361886374765412353,negative,4.0458632810359776e-08
1361886375797211141,negative,0.005716637004156381
1361886375994359808,negative,0.29900957838936726
1361886378334642176,negative,0.04676703293216822
1361886378347364359,negative,0.016639424006558257
1361886379706372097,negative,0.07770181468376303
1361886379790245895,negative,0.003970901874489672
1361886380146577412,neutral,0.49789225920557484
1361886382843523075,negative,0.11173290990844764
1361886383145709569,negative,0.3110734899390277
1361886383594496002,negative,0.00020130582430730686
1361886384466890752,negative,0.00019692275399311833
1361886384907309058,negative,0.24955026494900232
1361886385997807616,negative,0.0019366809666907883
1361886387054784512,negative,0.0016104437502816853
1361886387230900225,negative,0.000990050929999318
1361886387302264832,negative,0.07736349569523265
1361886387327352839,negative,0.005604325898129143
1361886388237398019,negative,0.03696365454460867
1361886388325646337,negative,0.006859936298705416
1361886390603182080,negative,0.010645871559699373
1361886392750641152,negative,0.0015343017638724213
1361886392851300354,neutral,0.4274047939449264
1361886392968691713,negative,0.033496634529330854
1361886394260598790,positive,0.8449706451271007
1361886394847748096,negative,8.853312491062176e-12
1361886394944217089,negative,0.002157346534550224
1361886395950903298,negative,0.004711532918898615
1361886395971887110,negative,0.0488162814078609
1361886396525539337,negative,0.004757157643562101
1361886396978499585,negative,0.0039995307196174406
1361886397628571650,negative,0.0797924330883275
1361886397720907776,negative,0.11786918771417619
1361886398110978053,negative,0.04037536170962743
1361886398735859714,negative,0.034864467066877146
1361886399159545860,negative,0.013364914024332328
1361886399365058561,negative,0.006859936298705416
1361886400929480704,negative,0.04526885811592329
1361886402544336896,negative,0.009534454370286247
1361886403530010625,negative,0.001133079425850937
1361886405669113856,negative,0.2078410149096699
1361886405962661888,negative,3.824543406575726e-06
1361886407757684740,neutral,0.4065684028296207
1361886407891972097,negative,0.1748350035125942
1361886409427210241,negative,0.005604325898129143
1361886410073018369,negative,0.0014435211140411926
1361886410182123523,negative,0.012264430880202402
1361886410345746435,negative,0.14684600312153792
1361886410459000834,negative,0.0078846249039566
1361886411528560642,negative,0.033804987877426175
1361886412744835073,negative,0.10054358213218693
1361886413373988865,negative,0.000990050929999318
1361886414045143040,negative,0.013071006132277716
1361886414854496258,negative,3.5216772755926464e-06
1361886415701893125,negative,0.00017024727121880674
1361886416138035202,negative,0.023139963450933228
1361886416712699908,positive,0.7789900239099247
1361886418663075840,negative,3.162148234835636e-09
1361886421116727297,neutral,0.3842453138189677
1361886421355819010,negative,0.009534454370286247
1361886422240739333,positive,0.8542368681346015
1361886423410958341,negative,0.0011385863973857697
1361886424161800194,negative,0.1147479964234831
1361886424224661504,negative,1.2936507640253172e-05
1361886424300216320,negative,0.000990050929999318
1361886424925163520,positive,0.6825616803036332
1361886425117986817,negative,0.08897774753051156
1361886425680130052,negative,0.07428135213047476
1361886425910829065,negative,0.0012778755973791355
1361886426674188298,negative,0.025319535929547537
1361886426791608320,negative,0.002822284901713726
1361886426800001027,negative,0.0004435807591379298
1361886427743719425,negative,9.561772717614266e-07
1361886428565811201,negative,2.5240277202833965e-05
1361886430256103428,negative,0.02026945389707004
1361886430595850240,negative,0.005604325898129143
1361886431745085444,negative,0.10715633970361955
1361886432021925888,negative,0.01678154902376081
1361886433078878208,negative,0.11675964483427509
1361886434228076547,negative,0.04070061241827201
1361886434253135882,negative,0.005604325898129143
1361886435062784001,negative,0.016639424006558257
1361886435440230404,negative,0.000990050929999318
1361886436341997572,negative,0.1996747952886287
1361886436610498565,negative,0.10715633970361955
1361886437105426432,neutral,0.6256198246988098
1361886437180850178,neutral,0.49789225920557484
1361886438107791361,negative,0.00720160272808345
1361886438216912901,negative,0.11557017181993644
1361886438611161090,negative,0.000990050929999318
1361886438770544640,negative,0.00020130582430730686
1361886439923986432,negative,0.04479713725512996
1361886439940718598,positive,0.9759556183243165
1361886440242749440,negative,0.016639424006558257
1361886440578113539,negative,0.004414969729711277
1361886441589121025,negative,0.012832773952489428
1361886441798701056,negative,0.14464270483136252
1361886442373459970,negative,0.00019003054884689303
1361886443241693186,positive,0.7789900239099247
1361886443459731456,negative,0.20818092234412613
1361886443828879365,negative,0.014331789528848532
1361886444902563841,negative,0.006976774096290364
1361886447326887937,negative,0.001044689305120121
1361886449461850116,positive,0.7354221618350205
1361886450690719752,negative,0.040308596861276476
1361886452943097856,negative,1.2936507640253172e-05
1361886453047971841,negative,0.004086329021375562
1361886453286858752,negative,1.2936507640253172e-05
1361886454352404481,negative,8.615355368778175e-05
1361886454557900801,negative,6.530893479536223e-05
1361886454851510274,neutral,0.35362277955607824
1361886456093016064,negative,0.0050849534133989875
1361886459129643009,negative,0.00020025818512425396
1361886461407227904,negative,0.004753119203582874
1361886465538539527,negative,2.3085492981957344e-06
1361886465861554177,negative,2.0630971768641268e-05
1361886466830393347,neutral,0.49789225920557484
1361886468315226113,negative,0.0087700997304632
1361886468986306560,negative,0.059066837431102644
1361886470856994823,negative,0.0012253762261707818
1361886471351922688,negative,9.64756311604451e-07
1361886471809077248,negative,1.1937717118237176e-05
1361886471830056961,negative,0.00010075577805108141
1361886473482629121,negative,0.00720160272808345
1361886476393398272,negative,0.08713908436662463
1361886479925010434,negative,0.004757157643562101
1361886481883742210,positive,0.7103209962703615
1361886482005454848,negative,2.1092471641986463e-05
1361886482626203648,negative,0.004522309556120251
1361886485218267139,negative,0.002113639522666961
1361886485360881664,negative,0.009939352472037635
1361886486052954117,negative,0.0012253762261707818
1361886489278308352,positive,0.8642176910844662
1361886490003931138,negative,0.0012253762261707818
1361886490091954180,negative,0.0007984219747013287
1361886492482801666,neutral,0.6126819563343542
1361886494105890818,neutral,0.5969965231210194
1361886494210871296,negative,0.005314036913586103
1361886495100047361,neutral,0.49789225920557484
1361886496232509441,negative,0.09151565997391957
1361886496404332544,neutral,0.41754670747631223
1361886498333863936,negative,0.005782038052619196
1361886503891312643,negative,1.2936507640253172e-05
1361886506084945923,negative,0.010866068734465982
1361886508802801673,negative,0.041350594160695656
1361886510434377731,negative,0.045859966055717
1361886515668869121,negative,0.00024328191079999703
1361886516109262848,negative,0.0023861167841936447
1361886516147064835,negative,0.09530948409055756
1361886516608401413,negative,0.03432006957056042
1361886518470664193,negative,0.035341182231272604
1361886521264111617,negative,0.004432209565070684
1361886523168350209,neutral,0.36652480939404136
1361886529409474562,negative,1.8182715028479913e-05
1361886529610784770,negative,0.0024265365763960507
1361886529614929927,negative,0.31087387788166776
1361886531632435201,negative,0.00024328191079999703
1361886532911652865,negative,0.0013599534469193825
1361886533184274433,neutral,0.49789225920557484
1361886534237106176,neutral,0.6030035165019055
1361886537609142276,negative,0.1647378382293729
1361886538519498752,neutral,0.49789225920557484
1361886539471597570,negative,0.008840107791593103
1361886539987492870,negative,0.05357457512678084
1361886540763443201,negative,0.04526885811592329
1361886541019291650,positive,0.9995845597596971
1361886543665901568,negative,0.129393378198483
1361886543783288843,negative,0.059066837431102644
1361886545884688385,negative,0.012593957822313285
1361886548027985922,negative,0.008157976426003641
1361886548451598336,negative,0.003970901874489672
1361886549525352448,negative,0.003970901874489672
1361886553954537472,negative,0.01245116177361335
1361886554017431552,negative,0.011014988336179959
1361886554172641280,negative,0.04112539227271036
1361886554675945472,negative,0.00012866064193042175
1361886554986323971,negative,0.004372316550545179
1361886557624553476,positive,0.7377465568169161
1361886558350172160,negative,0.003970901874489672
1361886558543052803,negative,0.012264430880202402
1361886560485068800,negative,0.003970901874489672
1361886560954777605,negative,0.00020130582430730686
1361886562527678464,negative,0.09797448730401104
1361886563706232832,negative,0.004757157643562101
1361886565589348355,negative,0.2270916242691431
1361886569183936519,negative,0.010136296834279978
1361886573105668099,negative,0.0001623664319898345
1361886575647285251,negative,0.059102920714112
1361886582429650946,neutral,0.5155757017156111
1361886585122410496,negative,0.000990050929999318
1361886585894141952,negative,5.861842978249066e-11
1361886588666535937,negative,0.1629757814740142
1361886590721753092,negative,0.03145367404931414
1361886591816523778,negative,0.0005042075821884034
1361886591912988672,negative,0.03501890977918644
1361886592307200002,negative,0.06893446952142664
1361886592558903297,negative,0.00019184711895917165
1361886592932093954,negative,4.215728731343753e-06
1361886593221599234,negative,0.059066837431102644
1361886593339031554,negative,0.19570817904097038
1361886593485856773,negative,0.1838456358944657
1361886593947230208,negative,0.04479713725512996
1361886594039439370,negative,0.09431057910550004
1361886595045945350,negative,0.003679907007066752
1361886595121569793,negative,0.002113639522666961
1361886595587190784,negative,0.10054358213218693
1361886595599781888,negative,0.13897715047299733
1361886595889168384,negative,0.08336480198278266
1361886596086325248,negative,5.899622856866914e-05
1361886598145671171,negative,0.035832760791353856
1361886600108470278,positive,0.9566871126165171
1361886603359096837,neutral,0.49789225920557484
1361886603384340482,negative,0.12440828699499629
1361886604277788672,negative,0.009534454370286247
1361886604810457089,negative,0.002157346534550224
1361886605297012739,negative,0.00026122419772544616
1361886605359906824,positive,0.7745982578167736
1361886606802755589,negative,0.14122887241097817
1361886606978908169,negative,1.551988958304552e-05
1361886609059307523,negative,0.016639424006558257
1361886610200158213,negative,0.015193628977256544
1361886610829189120,negative,3.6860439106232884e-05
1361886612636983308,negative,0.07320972346775625
1361886613765197827,negative,1.2876091462675612e-05
1361886613790482433,negative,0.010642292083325832
1361886614025162754,neutral,0.5743791208074581
1361886619230420992,negative,0.012513904924709794
1361886619708588035,negative,0.01025825457183919
1361886620329336833,negative,0.03501890977918644
1361886620820078592,negative,0.00025612713220817484
1361886622376103936,negative,0.21635538593991602
1361886622451523590,negative,4.0458632810359776e-08
1361886623089238021,negative,0.00424899509133177
1361886623621783552,negative,0.002549781156789734
1361886623810654214,negative,0.09126787907567749
1361886623814803467,negative,0.0032009734704784836
1361886624381095943,negative,0.026210963983195244
1361886627380023297,negative,0.026955611107272768
1361886628231475200,negative,0.03368100718803626
1361886629439356936,negative,0.000990050929999318
1361886629728837632,negative,0.04070061241827201
1361886630303444993,neutral,0.451439346188083
1361886631515598848,negative,0.03791627134522328
1361886632622850050,negative,0.011913759087053421
1361886635156262912,negative,0.10310542449317679
1361886635303055362,negative,0.05357457512678084
1361886635386957825,negative,0.009129054967306111
1361886635751784450,negative,0.004757157643562101
1361886636334870528,negative,0.05357457512678084
1361886636901085185,negative,0.000990050929999318
1361886638037553159,negative,0.08647275825444502
1361886638650122242,negative,0.22420583782076137
1361886640281559045,negative,0.009534454370286247
1361886640898211845,negative,0.016639424006558257
1361886642412392448,negative,0.05357457512678084
1361886644903677952,negative,0.029995846273008782
1361886644970942464,negative,0.001806563073387317
1361886645453283330,negative,0.19916986819936988
1361886646300536838,negative,1.8734562271535088e-05
1361886646858354690,negative,0.019131015119573946
1361886647042928647,negative,0.000990050929999318
1361886647412002819,negative,0.03148626404244101
1361886648338845696,negative,0.0017858257724142187
1361886650301882368,negative,0.029722762497409357
1361886650431922177,negative,0.0037777057052380066
1361886650767450117,negative,0.09418084068739434
1361886651220434947,negative,0.009022231500010403
1361886652734472195,negative,0.017984896579314208
1361886656001937408,negative,0.04070061241827201
1361886656211476484,negative,0.00753060287639481
1361886657042141186,neutral,0.4667281207494068
1361886658006814723,negative,0.09431057910550004
1361886658484822017,negative,4.47355621498104e-06
1361886658828767237,negative,0.0068910406429950385
1361886659005067264,negative,0.016639424006558257
1361886659407736833,negative,0.000990050929999318
1361886661659877378,negative,0.007281630435335474
1361886662641545216,negative,0.02237710253726019
1361886662708527107,neutral,0.5163489225188522
1361886663245406211,positive,0.9995845597596971
1361886663341965313,neutral,0.3809259215598137
1361886663576805377,negative,0.004478927258780815
1361886664184926210,negative,0.0016362065226517546
1361886664927432708,negative,0.009534454370286247
1361886665644544000,negative,0.003970901874489672
1361886665720135680,negative,0.2270916242691431
1361886666173018112,negative,0.28993426572982467
1361886666353299460,negative,0.07357474152846866
1361886668387721219,negative,0.08647275825444502
1361886668547125253,negative,0.000990050929999318
1361886669406953473,negative,0.032377968351464316
1361886669897629697,negative,0.0004127514285876195
1361886670564507651,negative,0.007954388140783968
1361886671806095363,negative,0.000990050929999318
1361886672116416512,negative,0.04718137473133308
1361886673051729922,neutral,0.4568301658606895
1361886673563492358,negative,0.01384439290643917
1361886673869574144,negative,0.16194404362709566
1361886674008100867,neutral,0.49349569431706414
1361886677443182593,positive,0.954873127285284
1361886679192117249,negative,1.2936507640253172e-05
1361886679360040960,negative,0.09530948409055756
1361886679439732744,negative,0.0018700729229298527
1361886682828705793,negative,0.003442497486494775
1361886684233752580,negative,3.6860439106232884e-05
1361886689069785090,negative,0.05357457512678084
1361886690655182855,negative,0.0012680090784292235
1361886694102958081,negative,0.032377968351464316
1361886694207873027,neutral,0.5459979622584137
1361886696678203393,negative,0.003970901874489672
1361886697751994371,negative,0.09530948409055756
1361886698213429248,negative,0.002378222447355658
1361886699832360960,positive,0.9566871126165171
1361886700134420482,negative,0.013434382290871114
1361886702768431104,negative,3.5216772755926464e-06
1361886703963750403,negative,0.0006525600024604347
1361886706237120513,negative,0.2270916242691431
1361886706451021824,negative,0.0001623664319898345
1361886710938931200,neutral,0.4777949819019881
1361886712247574529,neutral,0.49789225920557484
1361886713304539137,negative,0.01249972553855605
1361886713971417095,neutral,0.49789225920557484
1361886715988692996,neutral,0.49789225920557484
1361886720048865281,negative,0.017296880709227032
1361886721156263937,negative,0.05724232743430531
1361886722078949378,negative,0.04526885811592329
1361886722292813824,negative,0.0054696886520263594
1361886723387633664,neutral,0.5167531858261193
1361886723429470212,negative,0.018759567016917347
1361886725916737537,negative,0.004478927258780815
1361886729368707072,negative,0.00020025818512425396
1361886730614317063,negative,0.04301135444203811
1361886731700740097,negative,0.29150453131543796
1361886732879204355,negative,0.0012253762261707818
1361886732879298562,negative,0.00020130582430730686
1361886735806922752,negative,0.0006215574791961729
1361886737933434882,negative,0.00020130582430730686
1361886739749625856,negative,0.05357457512678084
1361886748041691139,negative,0.012983927143642578
1361886749748789248,negative,0.03680230327726937
1361886756229025792,negative,0.0003608667718025649
1361886758879834112,negative,0.10493509996246646
1361886759198466054,negative,0.09151565997391957
1361886759374610434,neutral,0.49789225920557484
1361886759735365633,negative,0.008840107791593103
1361886761236971520,negative,0.2662272680639426
1361886762046550029,negative,7.059546288825818e-05
1361886763069943808,negative,0.0003341425336049586
1361886764135116804,negative,1.2936507640253172e-05
1361886764361605121,negative,0.012593957822313285
1361886764869197824,negative,0.01714230332659959
1361886765758431235,negative,0.026795195403981033
1361886768237322240,negative,0.00020025818512425396
1361886770179227648,neutral,0.49789225920557484
1361886772381245444,negative,0.004458692101486
1361886776802041863,negative,0.003970901874489672
1361886776932106243,negative,0.013880482508218552
1361886778349809664,negative,0.17530011606073342
1361886779347853314,negative,0.003970901874489672
1361886779712757760,neutral,0.4667281207494068
1361886780123975681,negative,0.00020130582430730686
1361886780769792006,negative,0.05357457512678084
1361886782632189958,negative,0.021163474256086886
1361886785421328385,negative,0.004153441593691563
1361886785610149889,negative,3.410532573411451e-06
1361886787887632385,negative,0.025319535929547537
1361886789238222850,negative,1.3705151727213896e-09
1361886789498249217,negative,0.08935250649894187
1361886790211297280,negative,0.1372804810561266
1361886790462898176,neutral,0.5829810709340948
1361886792077766658,negative,0.00020025818512425396
1361886792413302785,negative,0.0038712641655717847
1361886794220986368,negative,0.04702023588405662
1361886794502049792,neutral,0.49789225920557484
1361886794636292099,negative,0.1291619630515252
1361886794850140160,negative,0.23562434052808948
1361886797408665603,negative,0.00016571998518326493
1361886799988195331,negative,0.025319535929547537
1361886801091297287,negative,0.0014435211140411926
1361886803192651780,negative,0.04858045328835231
1361886807311278085,negative,9.64756311604451e-07
1361886809999958017,positive,0.9471540391082448
1361886811312828419,negative,1.636068398683003e-08
1361886813347082241,negative,0.011126057875935534
1361886814190133259,negative,0.0007449749825635989
1361886814630477824,negative,0.02722831352490404
1361886817574789121,negative,0.05357457512678084
1361886819227467779,negative,4.802429881919355e-07
1361886821806915586,neutral,0.5710211662525364
1361886828362493955,negative,0.0087700997304632
1361886829499269122,negative,0.3046101175466245
1361886831655063554,negative,0.13482379918058512
1361886833748115456,neutral,0.49789225920557484
1361886834335182854,negative,0.004616623523261459
1361886841058779138,neutral,0.4505313754978859
1361886841557970946,negative,2.7494984135931156e-05
1361886842275180544,neutral,0.49789225920557484
1361886844221292547,negative,0.003970901874489672
1361886847346102272,negative,0.0010014503924579037
1361886849946509314,negative,0.00424899509133177
1361886850772787200,negative,0.00020130582430730686
1361886850957328385,negative,0.02523534648895895
1361886852266008579,negative,0.058160660963077024
1361886856661651458,neutral,0.43744647884228444
1361886858280599560,negative,0.016362912009353307
1361886858909605891,negative,0.04070061241827201
1361886859408904193,negative,0.29103102993209923
1361886860298100740,negative,0.04070061241827201
1361886861250150402,negative,9.64756311604451e-07
1361886862483333120,neutral,0.4484779902026053
1361886863708086273,negative,0.0009582382947890362
1361886864169295873,negative,2.4407768035489257e-14
1361886865167704070,negative,0.032377968351464316
1361886865192869889,negative,0.05357457512678084
1361886866962800640,negative,7.94259904008745e-06
1361886867482845190,negative,0.016787884429364814
1361886867692482560,negative,0.03222818308134103
1361886867809992710,negative,0.11173290990844764
1361886868648976386,neutral,0.49789225920557484
1361886869810741249,negative,0.11173290990844764
1361886871287173120,negative,0.06663668783824335
1361886871740121090,negative,0.00909609985981822
1361886871769473024,negative,0.010395678007535753
1361886872184627200,negative,0.0011649381517651164
1361886872906190850,negative,0.000990050929999318
1361886873313042433,negative,8.597396232123637e-06
1361886874516787201,neutral,0.37849470511316263
1361886874973929473,negative,0.00029585291195155495
1361886875020111872,negative,0.1309475883935056
1361886875108184064,negative,0.006722943606366027
1361886878794940416,negative,0.033194606476668935
1361886879214424067,negative,0.09797448730401104
1361886879885512704,negative,1.9009298744513497e-13
1361886880132866048,negative,0.00037504574618088413
1361886880971767810,negative,0.0004127514285876195
1361886881563242499,negative,0.00023869845777135915
1361886881831477256,negative,0.003927420092616279
1361886882519519232,negative,6.188209169316326e-05
1361886883467378694,negative,0.03157525626288607
1361886884129955842,neutral,0.40507988433281555
1361886885874966530,negative,0.09797448730401104
1361886886239821825,negative,0.012593957822313285
1361886886428618756,negative,0.09767781719009569
1361886886499868672,negative,2.170723009286398e-06
1361886887267487744,negative,0.2270916242691431
1361886889721163779,negative,1.2876091462675612e-05
1361886890002030594,negative,0.1647378382293729
1361886890106839043,negative,0.0008354955278104698
1361886890551435268,negative,0.011748033501187898
1361886890610356227,neutral,0.49789225920557484
1361886891952472082,negative,8.388363251120052e-06
1361886892267089920,positive,0.9566871126165171
1361886896272605185,negative,1.1254046895531442e-05
1361886896696229893,negative,3.470683229759093e-05
1361886898613063682,neutral,0.35767249117815164
1361886898747301888,negative,4.670482950872616e-05
1361886905881739265,negative,0.011629802905316075
1361886909224656896,neutral,0.49789225920557484
1361886909937692676,negative,0.032377968351464316
1361886910503817218,negative,0.038318010342447834
1361886915230900225,neutral,0.49789225920557484
1361886916673744897,negative,0.00493427964703981
1361886917210562564,negative,0.08412840065570716
1361886917806202882,negative,0.032377968351464316
1361886918770892800,negative,0.004757157643562101
1361886919932706821,negative,8.616688796602653e-05
1361886920561872897,negative,0.013173252256489323
1361886921098735620,neutral,0.4777949819019881
1361886922231214080,negative,0.032450947633966554
1361886923288150016,negative,0.0007581972719854928
1361886925234319363,negative,0.0007193520364159508
1361886935652925441,negative,0.10493509996246646
1361886936412078083,neutral,0.49789225920557484
1361886937460715520,negative,0.059066837431102644
1361886941294317568,negative,0.0022162639965740633
1361886942334488577,negative,0.05357457512678084
1361886944326807554,negative,0.19797530207834133
1361886944716853248,positive,0.93614813110056
1361886945232760832,negative,0.006792679963896533
1361886945450872833,neutral,0.3499352441185855
1361886948655325187,negative,0.0018145507610497283
1361886950316273678,neutral,0.3685943945839147
1361886951599669252,negative,0.00033533600143633487
1361886956016164868,neutral,0.46127768308170247
1361886957299789824,positive,0.9995845597596971
1361886957438124033,negative,0.0005098809364375366
1361886957480128513,positive,0.6634241669609755
1361886960764084227,negative,8.845890809922524e-05
1361886962391605252,negative,0.00753708168788798
1361886963415080960,negative,9.64756311604451e-07
1361886966795689984,negative,0.0019366809666907883
1361886968179752960,negative,7.245212854814983e-05
1361886969723256833,negative,0.024013024912070306
1361886972541874181,negative,0.04699056125594907
1361886973913300993,negative,0.05027302887134395
1361886974492180487,negative,1.5025877621468993e-07
1361886976744583170,negative,0.0005463294066467795
1361886977860251649,negative,4.3114427171631713e-05
1361886979122692096,negative,0.059066837431102644
1361886980016140288,negative,0.27657797087114616
1361886980234240001,negative,0.009141539156099634
1361886981211447296,neutral,0.46127768308170247
1361886981588975616,negative,5.477329611460654e-06
1361886985112096770,negative,0.002549781156789734
1361886989352644608,negative,0.0009760835583630645
1361886989356777472,neutral,0.49789225920557484
1361886993500827650,neutral,0.45166579041062377
1361886995266629635,negative,1.8496613614622154e-08
1361886995325341697,positive,0.7228705013161616
1361886995472130054,negative,0.05357457512678084
1361886995581173762,negative,0.00010075577805108141
1361886998169063426,negative,0.00022447369156678728
1361886999968374788,negative,0.3190423167391149
1361887000328949760,negative,0.010390988315110398
1361887004133310464,negative,0.005314036913586103
1361887007497142273,negative,3.70444851636747e-05
1361887014363127810,negative,0.09151565997391957
1361887015483150339,neutral,0.3842453138189677
1361887016846168073,negative,3.417237775050289e-06
1361887017223749632,negative,0.032377968351464316
1361887017513213952,negative,0.016110347994777504
1361887021573283840,negative,0.003822952034459039
1361887028489515010,negative,0.03352625397119661
1361887030163177473,negative,0.033804987877426175
1361887032956620801,negative,0.15145435807693478
1361887034168778756,negative,8.797406398335153e-06
1361887035200569346,negative,4.3114427171631713e-05
1361887039386505218,negative,0.08310731648770045
1361887042171363334,negative,4.3114427171631713e-05
1361887043249397766,negative,0.020406399763970195
1361887044105035778,neutral,0.49789225920557484
1361887050534952964,negative,0.016110347994777504
1361887053445820419,neutral,0.4216475372251013
1361887054284681216,negative,0.022035436489404182
1361887054309847040,positive,0.9566871126165171
1361887056473956355,neutral,0.381761445836901
1361887056910245888,neutral,0.37091351175316956
1361887058042621956,negative,0.05357457512678084
1361887059581960195,negative,0.0068684640600579164
1361887060211163136,negative,0.08276079644252901
1361887060337037313,negative,0.000990050929999318
1361887062513778688,negative,0.0014435211140411926
1361887062551457792,negative,1.3350288767534177e-07
1361887062647918592,negative,0.03696365454460867
1361887062702579714,negative,0.24782607222078532
1361887062773923842,negative,7.782898213396805e-05
1361887062857760768,negative,0.14161800834439284
1361887063285633025,negative,0.003560558423302975
1361887063382097923,negative,0.00020130582430730686
1361887063960924160,negative,0.016639424006558257
1361887064531304449,negative,0.005708524464366856
1361887064833286145,neutral,0.3691511152012411
1361887065584132098,negative,0.0032009734704784836
1361887066913579015,negative,0.008840107791593103
1361887067744198658,negative,2.661828825975673e-08
1361887067748192256,negative,0.001133079425850937
1361887069346422784,negative,0.000990050929999318
1361887069363126275,negative,0.29448398797927455
1361887071552614400,negative,8.374169294874021e-05
1361887075059064835,negative,0.01280942493673239
1361887076061380612,negative,4.9985049102386565e-06
1361887078057926658,negative,0.0014435211140411926
1361887079001653250,negative,0.05357457512678084
1361887079614083075,negative,0.000990050929999318
1361887079706357762,negative,0.05357457512678084
1361887080306139142,negative,0.0005355367510211682
1361887080318722049,negative,1.9142957045935747e-07
1361887081048535040,negative,0.009534454370286247
1361887082399039489,negative,0.000990050929999318
1361887082877132800,negative,0.1687607818689967
1361887085007933441,negative,0.010188127562062539
1361887085171466242,positive,0.7228705013161616
1361887088149413892,negative,1.4810468711016347e-08
1361887089613234176,neutral,0.4396091427402031
1361887089722331136,negative,1.3084661903032524e-07
1361887090326274049,negative,0.04699056125594907
1361887090657677313,negative,0.04316765158906722
1361887090913460224,positive,0.7419060246023387
1361887092016472069,negative,0.000990050929999318
1361887092205314049,negative,2.1328169277588322e-07
1361887092935114755,negative,2.0715519390463515e-11
1361887093501362177,negative,0.00753060287639481
1361887095351083009,negative,0.0005571050572643294
1361887096143810561,negative,8.45488062798765e-06
1361887096198291457,negative,0.09180680850559436
1361887096768634882,negative,0.19817102277976378
1361887097842507776,negative,0.11544081635508753
1361887098119327745,neutral,0.45166579041062377
1361887098610016258,positive,0.9995597098107826
1361887099528634368,negative,0.0003295090265542264
1361887100107436033,negative,1.2876091462675612e-05
1361887100568805382,negative,4.944755974836104e-07
1361887102141628416,neutral,0.5829810709340948
1361887103315943424,negative,0.3143796015097622
1361887105178296329,negative,0.00020386295213144847
1361887105438408710,negative,0.00021721111937481237
1361887105819942912,negative,0.0008387056920893936
1361887106080124928,negative,0.00458880824005503
1361887106403024896,negative,0.03401424723799133
1361887107069980672,negative,0.0660105329417496
1361887107770376201,negative,0.22921733517149395
1361887109519392776,negative,0.029620370614087784
1361887111239106565,positive,0.9995845597596971
1361887112895807494,neutral,0.38186903032313096
1361887113688600576,neutral,0.5209932010848836
1361887115282427904,negative,0.006859936298705416
1361887118793048064,positive,0.9995845597596971
1361887121083162626,neutral,0.45166579041062377
1361887122966392832,negative,0.00020130582430730686
1361887127823413248,negative,0.002406368237562796
1361887128221851648,negative,0.0018145507610497283
1361887129421291521,negative,0.28519262903716663
1361887140007845889,negative,0.2859861100037248
1361887140427235331,negative,0.14397917108324734
1361887141488254978,negative,1.2936507640253172e-05
1361887146441912323,neutral,0.49789225920557484
1361887150057213955,negative,0.032377968351464316
1361887153467379713,negative,0.08310731648770045
1361887157833539585,negative,0.001275908644571695
1361887158517260290,negative,0.0011650839548532756
1361887160727560192,negative,0.003970901874489672
1361887163013496832,positive,0.9566871126165171
1361887163907002377,positive,0.9566871126165171
1361887166209515520,negative,0.020069275666744036
1361887167971262468,negative,0.005069811313293186
1361887172220121092,negative,0.009900802133523637
1361887173406978050,negative,0.233123478680872
1361887176540176385,positive,0.691893418621131
1361887176972242944,negative,0.000918674440490147
1361887179736236032,negative,1.1937717118237176e-05
1361887180721897473,negative,0.03157525626288607
1361887185016881155,negative,0.06343612995843266
1361887185398468609,negative,0.013880482508218552
1361887186182930432,negative,0.004757157643562101
1361887188271566850,positive,0.9566871126165171
1361887189118947329,negative,0.009761345140847096
1361887189961875459,negative,0.0007581972719854928
1361887190406471684,negative,1.5433319170438706e-11
1361887195213295616,negative,0.03175381393284488
1361887195867529224,negative,0.001334428010582135
1361887200523214848,negative,0.0001623664319898345
1361887201269846018,negative,3.470683229759093e-05
1361887203568197634,negative,0.059066837431102644
1361887209171861504,neutral,0.36652480939404136
1361887209289318412,neutral,0.4417332722043333
1361887212078575616,neutral,0.49789225920557484
1361887212443492352,negative,0.00012054242995687616
1361887217157885953,negative,0.002822284901713726
1361887217770254336,negative,0.0011646953971710071
1361887220475518976,negative,0.07972914584207468
1361887223751335938,negative,0.05139868653131307
1361887224372068353,negative,6.860609403793543e-15
1361887225257095168,negative,0.001557243087551394
1361887226368561152,negative,0.003970901874489672
1361887226557202433,negative,0.059066837431102644
1361887228079861761,negative,0.032377968351464316
1361887229572833280,negative,0.0011109331468057047
1361887230982295553,negative,0.00020130582430730686
1361887234257993729,negative,0.238139266195977
1361887234568429568,negative,0.022035436489404182
1361887236468469762,negative,0.09667311097470403
1361887241447030789,negative,0.003970901874489672
1361887242776641542,negative,0.15882151747489887
1361887243074490368,negative,0.05357457512678084
1361887244613746693,negative,0.00020130582430730686
1361887244982837248,negative,0.00020130582430730686
1361887245737873411,positive,0.7745982578167736
1361887246266359809,negative,7.803918853704959e-08
1361887247000248325,negative,0.05357457512678084
1361887251064627201,negative,0.1603894675701918
1361887254742929410,negative,3.963280914547515e-06
1361887258413064194,negative,0.18868479610502056
1361887258475905024,negative,0.09996573766450842
1361887258631143425,negative,0.09530948409055756
1361887259981737988,negative,0.004757157643562101
1361887261688758272,negative,3.68809922802269e-07
1361887264108904448,positive,0.9995845597596971
1361887265484640259,negative,0.0006525600024604347
1361887267267239939,negative,8.840427839108532e-06
1361887267405656064,negative,0.28537077533441246
1361887268600963074,neutral,0.4667281207494068
1361887268617682951,negative,0.00020130582430730686
1361887273491574784,negative,0.17754470762455984
1361887278310846465,negative,0.01249972553855605
1361887279317409794,positive,0.7952835009217499
1361887281204797446,negative,8.388363251120052e-06
1361887282194763792,negative,3.823918433632318e-05
1361887283755024390,negative,0.05265782139501558
1361887289966817280,negative,0.059066837431102644
1361887291833282560,neutral,0.4273909529079626
1361887293297016832,negative,0.05357457512678084
1361887294022680576,negative,0.05357457512678084
1361887294488260608,negative,0.003970901874489672
1361887295998210048,neutral,0.6241550532726808
1361887301173874688,negative,2.527088827009305e-06
1361887303837175810,negative,4.6311774825849373e-08
1361887306391707650,negative,0.00010737082361558929
1361887306433626112,negative,0.07531687241761231
1361887306655936513,negative,0.0018145507610497283
1361887308430114817,negative,0.00020130582430730686
1361887312842551297,negative,0.003970901874489672
1361887313303846918,negative,0.0005670403797776159
1361887313362444288,positive,0.9566871126165171
1361887315535224838,negative,0.00020130582430730686
1361887316860624900,negative,0.05357457512678084
1361887318538416128,negative,0.012593957822313285
1361887319997833220,positive,0.7745982578167736
1361887322015490050,negative,0.04526885811592329
1361887322267082753,negative,0.0007984219747013287
1361887322598371328,negative,0.00020130582430730686
1361887325194772482,negative,0.032377968351464316
1361887325568061442,negative,0.31329834097462794
1361887328055091201,negative,0.08560974487867468
1361887328504074245,negative,0.059066837431102644
1361887329485541377,negative,3.4025803034712155e-06
1361887330613698560,negative,0.02023603281778985
1361887331029028865,neutral,0.5261763726656272
1361887331498745857,negative,0.09797448730401104
1361887332924727296,negative,0.0087700997304632
1361887334099255297,neutral,0.45166579041062377
1361887334266994689,neutral,0.4129513878648966
1361887334355058688,negative,0.2369710931082333
1361887337039474688,negative,0.003970901874489672
1361887342974308354,negative,0.20038765962962587
1361887344433922058,negative,0.059066837431102644
1361887351002267648,neutral,0.41487043792870404
1361887353040744448,negative,0.012513904924709794
1361887354001235971,negative,0.00020130582430730686
1361887355905392640,positive,0.9291196990316747
1361887357419589634,negative,0.08556497502537062
1361887357897756674,negative,0.006426218211711938
1361887359650983936,negative,0.0026137897196443446
1361887361144086529,negative,0.05357457512678084
1361887361873960962,negative,1.2936507640253172e-05
1361887364549914626,negative,0.2850917388721567
1361887366458314753,negative,0.010829778471606532
1361887367829852163,negative,0.09844892989591526
1361887369440464899,positive,0.9999804680943051
1361887370929467393,negative,0.17377762629207494
1361887374225985537,negative,0.013807455330012288
1361887374876282881,negative,0.00753708168788798
1361887377782943746,negative,0.2031692014341558
1361887378051395586,negative,0.003365991324757508
1361887379695562754,negative,0.012593957822313285
1361887382983700480,negative,0.013807455330012288
1361887383646580737,negative,0.09667311097470403
1361887384103747584,positive,0.9995845597596971
1361887384179265537,neutral,0.37874993579954885
1361887386926473219,negative,0.05357457512678084
1361887387123646465,negative,0.033804987877426175
1361887387438227459,negative,0.003970901874489672
1361887389715554304,negative,0.003970901874489672
1361887390596538372,negative,5.286661351050163e-06
1361887392441933827,negative,0.002157346534550224
1361887394484617216,negative,0.02136817842189796
1361887395772174340,negative,0.021253296756096926
1361887395822592000,neutral,0.49789225920557484
1361887396506308609,negative,0.025636777937197708
1361887399119228930,neutral,0.5621655332629886
1361887401644228615,neutral,0.49789225920557484
1361887401900179456,neutral,0.3782565752636697
1361887408560746496,neutral,0.3728423442582953
1361887409898745856,negative,0.011079232080894999
1361887411714875399,positive,0.8443401048450347
1361887413304520707,negative,9.64756311604451e-07
1361887414059425799,negative,0.0026137897196443446
1361887414537617408,negative,0.0012778755973791355
1361887415854657538,negative,0.03246890097864576
1361887417804939266,negative,0.003970901874489672
1361887423077220353,negative,0.004757157643562101
1361887423303585794,negative,1.2936507640253172e-05
1361887423341461504,neutral,0.35003730219847534
1361887426256461827,negative,0.00039553345849133886
1361887426394918922,negative,0.08713908436662463
1361887427078537218,neutral,0.49789225920557484
1361887427095363584,negative,0.05357457512678084
1361887430484328448,neutral,0.5943437621394679
1361887430647836677,negative,5.358084805941602e-06
1361887430832361472,negative,0.08560974487867468
1361887431763648514,negative,0.012513904924709794
1361887433441370113,negative,0.032377968351464316
1361887433839828993,negative,0.05357457512678084
1361887434020179968,negative,0.0026137897196443446
1361887434074558466,negative,0.018656544163592463
1361887434888392705,negative,2.7494984135931156e-05
1361887437224636417,negative,0.00026448018516175956
1361887438767939584,negative,0.032377968351464316
1361887443335716872,negative,0.052211208108975275
1361887444216471552,negative,0.09530948409055756
1361887445214765056,negative,0.05357457512678084
1361887446863118336,negative,0.032377968351464316
1361887449153175552,negative,0.011106343875148335
1361887452873506816,negative,0.27309050856973577
1361887453955514373,negative,0.017127437535554284
1361887455390158848,neutral,0.45252863108211083
1361887458963685376,positive,0.9995845597596971
1361887459269877760,negative,0.03175381393284488
1361887460746166273,negative,7.951560774772043e-09
1361887461413117952,negative,0.0026137897196443446
1361887462306549760,negative,0.032377968351464316
1361887464290463747,negative,0.004478927258780815
1361887468157620225,negative,0.1908942153374937
1361887470086946817,negative,0.15068592259564786
1361887471768862720,negative,4.3114427171631713e-05
1361887472196722688,negative,0.2287206037784227
1361887474180444161,negative,0.1647378382293729
1361887476386775044,negative,0.23988732993880882
1361887476751728644,negative,1.4388715213293387e-06
1361887479331225605,negative,0.006859936298705416
1361887482057535489,negative,0.0931278729580697
1361887483198332928,negative,0.002086237303569625
1361887484448288768,negative,9.970680623830294e-05
1361887485060653056,neutral,0.49789225920557484
1361887485953998850,negative,0.059066837431102644
1361887488441257986,negative,0.059066837431102644
1361887490429362181,negative,0.06243105966614895
1361887490651529216,negative,0.2270916242691431
1361887495638691841,negative,0.11389072041584207
1361887495840018433,negative,0.029722762497409357
1361887495852490761,negative,0.1603894675701918
1361887496611762180,negative,0.003970901874489672
1361887498541096960,negative,4.3114427171631713e-05
1361887500386656258,negative,0.04887091460465341
1361887503788232707,negative,8.462489461623588e-05
1361887504228642816,negative,0.004711532918898615
1361887504543211521,negative,8.840427839108532e-06
1361887505721737220,negative,0.09151565997391957
1361887507344994308,negative,8.840427839108532e-06
1361887508271951873,negative,0.032377968351464316
1361887508351635457,negative,0.0012052567392970457
1361887509484027904,neutral,0.4537732288360842
1361887515641217027,negative,0.0010135391573495229
1361887518657019904,neutral,0.48481419304338763
1361887521492336641,negative,0.04887091460465341
1361887523123978240,negative,0.05357457512678084
1361887523484631042,negative,0.012513904924709794
1361887523539148801,neutral,0.458452529704962
1361887524424196098,negative,0.004557512083457568
1361887526584279040,negative,1.7236594670569153e-06
1361887529771892736,negative,1.2936507640253172e-05
1361887532405821444,negative,0.0087700997304632
1361887543042654209,negative,0.0036870311138515093
1361887543395028998,negative,0.0017430135509001814
1361887543843815424,negative,7.752130399430308e-05
1361887545051803649,neutral,0.5829810709340948
1361887545202782209,negative,0.02303560624538249
1361887547438354432,negative,0.012593957822313285
1361887548251979777,neutral,0.48712074767081837
1361887552819654662,negative,0.06243105966614895
1361887553146785798,negative,0.034693546642074
1361887556191805446,negative,0.05357457512678084
1361887556451844097,positive,0.7719364239999519
1361887559496925185,neutral,0.49789225920557484
1361887561292017667,positive,0.8276188485909708
1361887563305410560,negative,0.003970901874489672
1361887565385719809,negative,0.028621338086391834
1361887567474548736,negative,0.006686352374867513
1361887567982002179,negative,0.0013135899716463216
1361887571148742656,neutral,0.4667281207494068
1361887571467411456,negative,1.4109204158313708e-06
1361887572901814276,negative,0.032377968351464316
1361887573388500996,negative,0.01643752504175838
1361887575124942851,negative,0.0069977113279204506
1361887578014814209,negative,9.4627762226326e-06
1361887580502056960,negative,0.0020169598999437554
1361887580980142081,neutral,0.5495922250151081
1361887584801202180,negative,0.017850304984436027
1361887587317743616,negative,0.0038712641655717847
1361887588227952640,negative,0.0024265365763960507
1361887589100306434,negative,0.00040760478735074135
1361887589280669703,negative,0.005476989357218016
1361887592250302471,neutral,0.5209932010848836
1361887593571315712,positive,0.8056156979034175
1361887594351534084,negative,0.0018145507610497283
1361887594762678281,negative,0.19025157869890255
1361887596456996871,negative,0.002549781156789734
1361887597627379715,neutral,0.6198199009333554
1361887602228436996,positive,0.6873965071252229
1361887604866756608,negative,0.004458692101486
1361887605160370178,negative,0.016378728852445547
1361887606171000835,negative,8.845890809922524e-05
1361887606812868608,negative,7.752130399430308e-05
1361887608540921858,negative,0.20235617661217725
1361887609690017792,negative,0.012264430880202402
1361887610654904322,negative,0.05357457512678084
1361887612676440064,negative,0.0027015262983460225
1361887613154689026,negative,0.029722762497409357
1361887613267959809,negative,1.2936507640253172e-05
1361887613695578115,negative,0.007954388140783968
1361887617281912833,negative,0.1908942153374937
1361887617806196737,negative,0.09530948409055756
1361887620259790848,negative,3.470683229759093e-05
1361887620620378113,negative,0.0007984219747013287
1361887622386376705,negative,0.12703271384507175
1361887623774633985,negative,0.009339119307365756
1361887624252841984,negative,0.013843497850535822
1361887624386985985,negative,0.327378095563068
1361887624978456578,negative,0.02547466070779329
1361887625422934020,negative,0.024329481724881367
1361887625502728199,negative,0.26547022156709754
1361887626073169920,negative,0.15738615871001932
1361887626601648129,neutral,0.4694467020103146
1361887626622599172,neutral,0.43744647884228444
1361887627578904578,neutral,0.4083289334275003
1361887628845539334,negative,0.028000969999747743
1361887628858130434,negative,3.6860439106232884e-05
1361887629571223552,negative,0.00011413627380004239
1361887629650890752,negative,0.04316765158906722
1361887631408308229,negative,2.036294298984584e-06
1361887632507174913,negative,0.000990050929999318
1361887632578469891,negative,0.001133079425850937
1361887636961517570,negative,0.1304320525325661
1361887637691371521,negative,0.2812124665127172
1361887637716541440,negative,0.06663668783824335
1361887638249213953,negative,0.05357457512678084
1361887638421196806,neutral,0.4274047939449264
1361887638526033920,negative,0.22420583782076137
1361887639717183493,negative,0.003970901874489672
1361887640535105538,negative,0.016110347994777504
1361887641814335490,negative,6.880033146593617e-14
1361887644691685377,neutral,0.43744647884228444
1361887645186588673,negative,1.0297747140457822e-05
1361887645710897153,negative,0.016913863642653758
1361887645786341382,negative,0.011106343875148335
1361887645798957058,negative,0.005700102339582039
1361887646985912320,negative,1.404354449424273e-06
1361887648093192200,negative,0.00017919506558729427
1361887648185520134,negative,0.0337793891784667
1361887648210681857,negative,0.00108612151427691
1361887649850667009,negative,0.08647275825444502
1361887649938759685,negative,0.18980085201321764
1361887651104702464,negative,0.2270916242691431
1361887651587055622,negative,0.2135140083070197
1361887651666812928,negative,0.009534454370286247
1361887652597923840,negative,0.0007984219747013287
1361887652946079744,negative,0.001852090589892302
1361887654304972800,positive,0.7745982578167736
1361887657350098948,neutral,0.5392962857474268
1361887659942162432,negative,2.9770659532271093e-05
1361887662756552705,negative,3.1873081759187824e-05
1361887665738706944,negative,0.000918674440490147
1361887666351075328,positive,0.9995845597596971
1361887667034726400,negative,0.041350594160695656
1361887668230115329,negative,3.470683229759093e-05
1361887668771164161,negative,0.09530948409055756
1361887669656125441,negative,0.05357457512678084
1361887671057063936,neutral,0.446131704138366
1361887671132553216,negative,0.15116865373674804
1361887671933616133,positive,0.6780145176860749
1361887672697053184,negative,0.0009491062771751266
1361887672877404161,negative,3.470683229759093e-05
1361887674278281216,positive,0.7719364239999519
1361887677537214466,negative,0.0004714599919820905
1361887678069936128,negative,0.05357457512678084
1361887680066420738,negative,0.10366650515906842
1361887682507333632,negative,0.13022124799196239
1361887683488923650,negative,0.003970901874489672
1361887686022283268,negative,0.11311120671131121
1361887686471122946,neutral,0.5260478434506541
1361887689495224323,negative,1.2936507640253172e-05
1361887689583316994,negative,0.06930603672104613
1361887691378409477,negative,0.002378222447355658
1361887691852382208,negative,0.11105713477849632
1361887692510924800,negative,0.21307996350047567
1361887699968413696,negative,3.417237775050289e-06
1361887701780291585,positive,0.9545172475435665
1361887702430351363,negative,0.00020130582430730686
1361887707211968513,negative,0.05357457512678084
1361887711490097152,negative,0.0005798940892377222
1361887714610728960,negative,0.044709910158807334
1361887717542432772,positive,0.9995845597596971
1361887719501287424,negative,3.5216772755926464e-06
1361887720805707780,neutral,0.46127768308170247
1361887721610911744,negative,0.005716637004156381
1361887724463149059,negative,0.0054696886520263594
1361887724991619072,negative,0.08556497502537062
1361887725289238528,negative,0.00020130582430730686
1361887725700399105,neutral,0.6387765042918215
1361887726501588994,neutral,0.5105583675711131
1361887726954557444,negative,0.22420583782076137
1361887727067701251,negative,0.032377968351464316
1361887728946860035,positive,0.9995845597596971
1361887730721030145,negative,0.032377968351464316
1361887736446078979,negative,0.0013084898926973545
1361887736660115457,positive,0.9995845597596971
1361887738459541504,positive,0.7745982578167736
1361887739415830530,negative,0.06405035718774858
1361887739520704512,negative,0.02303560624538249
1361887739738750976,negative,0.05357457512678084
1361887744046243840,negative,0.0018145507610497283
1361887746499952642,negative,0.02439068850856169
1361887751327612929,negative,0.011415782273118584
1361887751382175744,neutral,0.49789225920557484
1361887752216838150,negative,0.00020025818512425396
1361887759363944448,negative,0.00020025818512425396
1361887759846101001,negative,0.032377968351464316
1361887767052042244,negative,0.09797448730401104
1361887767328927745,negative,9.553096301926546e-05
1361887771749613572,negative,0.019927332614211774
1361887774668972043,negative,1.2936507640253172e-05
1361887774903787525,negative,1.2936507640253172e-05
1361887779593072641,negative,3.417237775050289e-06
1361887786748502026,negative,0.0014435211140411926
1361887787671314434,negative,0.005934150258489142
1361887787776159745,neutral,0.5392962857474268
1361887790154276870,negative,0.032377968351464316
1361887790737326084,neutral,0.5559036899089502
1361887791953694720,negative,0.00020130582430730686
1361887794784788482,neutral,0.40507988433281555
1361887796651253762,negative,0.17530011606073342
1361887797863456771,negative,0.006736911113066914
1361887798635032578,negative,0.07699666720720659
1361887799641792514,negative,0.016116907233550193
1361887800208072704,negative,0.09151565997391957
1361887802804170754,negative,0.09151565997391957
1361887803332849664,negative,0.27309050856973577
1361887804427407369,positive,0.9566871126165171
1361887805920731144,negative,0.0041604897079766945
1361887808747696129,negative,0.11040096532746739
1361887808860811269,negative,0.0027368030698150083
1361887810593128452,negative,0.05987621428011466
1361887812866482178,negative,0.2771960578755296
1361887814628102144,neutral,0.49789225920557484
1361887815131357184,negative,2.482074150740531e-07
1361887815139610625,negative,5.382500511715816e-06
1361887818017107970,negative,0.0024724910842242424
1361887820470747136,negative,0.005131444570458216
1361887820755963907,negative,0.09797512242317932
1361887822916034565,negative,0.05086158447884676
1361887823197011971,negative,0.012593957822313285
1361887823335317504,negative,0.00023052557790237602
1361887824564387841,negative,0.0041604897079766945
1361887824618934274,negative,0.01280942493673239
1361887825088704513,negative,0.016639424006558257
1361887825579433987,negative,0.0009109325719402361
1361887825667514368,negative,0.000990050929999318
1361887827206766594,neutral,0.45166579041062377
1361887829563965441,negative,0.03448171972518603
1361887830583214080,negative,0.04070061241827201
1361887831296196609,negative,0.000990050929999318
1361887831346581506,negative,0.019131015119573946
1361887832982188032,negative,0.033496634529330854
1361887833162735619,negative,0.000990050929999318
1361887833590550528,negative,0.03458123345722618
1361887833934422018,negative,2.1328169277588322e-07
1361887834257375233,negative,0.0008501169829824081
1361887835507286020,negative,0.0004127514285876195
1361887835679260680,negative,0.00020025818512425396
1361887835792564234,negative,0.25158208053717795
1361887836409106432,negative,0.033194606476668935
1361887836597846020,negative,0.0004127514285876195
1361887837277274113,negative,0.08647275825444502
1361887838321664002,negative,0.15190575938457573
1361887840058044420,positive,0.7228705013161616
1361887840922079232,negative,0.00010711031261248312
1361887843220652033,negative,0.05413170782706402
1361887845594656769,positive,0.912716782759701
1361887845628055559,negative,0.009534454370286247
1361887846798405636,negative,0.012593957822313285
1361887847213654017,negative,0.000990050929999318
1361887847922343943,negative,0.12625401927935648
1361887848039911426,negative,0.18868479610502056
1361887848283037700,negative,0.00020130582430730686
1361887849235234820,negative,0.02303560624538249
1361887849407209473,positive,0.912716782759701
1361887849490960390,negative,0.04070061241827201
1361887850153803779,negative,0.0014630979614422225
1361887850711699457,negative,2.499559615215793e-07
1361887850741039104,negative,0.019989593375312815
1361887851529519104,positive,0.9228647621080339
1361887852062248961,negative,0.08647275825444502
1361887853156917251,positive,0.912716782759701
1361887856176885760,negative,4.0887146715639495e-11
1361887857166716928,negative,0.12602186438371632
1361887857238036481,neutral,0.43744647884228444
1361887858039156736,negative,0.000990050929999318
1361887858261393411,negative,0.0001754741171529254
1361887858592681986,negative,0.3143796015097622
1361887859741974528,positive,0.9995845597596971
1361887859968458752,negative,0.09151565997391957
1361887860962516994,negative,0.0007984219747013287
1361887861826588673,negative,0.002804314943312348
1361887861864284160,positive,0.9591543491780041
1361887862044585986,negative,0.0024265365763960507
1361887863156137989,negative,1.4300065702449278e-05
1361887863210717184,negative,0.0007984219747013287
1361887863407710210,negative,0.23988732993880882
1361887863541886976,neutral,0.36539468505629313
1361887863978213379,negative,2.0182439725550066e-13
1361887864599019521,neutral,0.49789225920557484
1361887864955408400,neutral,0.35884041901112956
1361887864972279808,negative,0.004504232962672696
1361887865299419140,negative,0.0494205872833668
1361887865928634373,negative,0.07874279459294121
1361887866423541760,neutral,0.6241550532726808
1361887867035938824,negative,0.05420561910461246
1361887867308544005,positive,0.6708979837152326
1361887867853750272,negative,0.001891183580962971
1361887868017344514,neutral,0.49789225920557484
1361887869468635136,negative,0.04479713725512996
1361887869669900288,negative,0.02128213120801881
1361887870169006081,negative,0.01940788115394161
1361887870399619073,negative,0.0014435211140411926
1361887870601019395,neutral,0.6218659270458656
1361887872324947968,negative,0.006221101766321913
1361887872622735366,negative,3.168799357981983e-07
1361887873121812490,negative,8.261468358546198e-05
1361887873293824001,negative,0.006426218211711938
1361887873511923713,negative,2.77304891088143e-06
1361887874065465346,negative,0.0062899480639258334
1361887874275287042,negative,0.00023869845777135915
1361887874505986049,negative,0.0004714599919820905
1361887875168694274,negative,0.004757157643562101
1361887877555085318,negative,0.03379891532324992
1361887879299883011,positive,0.8276188485909708
1361887879954194437,negative,0.0768855473195899
1361887883884449793,negative,0.0024002234179248314
1361887885625085954,negative,0.0004714599919820905
1361887885830463492,negative,0.05357457512678084
1361887887294300165,negative,9.64756311604451e-07
1361887887298600963,negative,0.003511184357252747
1361887889227882498,negative,0.00020130582430730686
1361887889374670852,negative,0.001304352038196372
1361887891329191937,negative,0.03145367404931414
1361887892868505602,negative,0.2794653930830212
1361887892960780288,negative,0.00020130582430730686
1361887893506170892,negative,0.005716637004156381
1361887894953201664,neutral,0.4507454498615163
1361887895208873984,negative,0.06590402127190098
1361887896270209026,neutral,0.37874993579954885
1361887896806912003,negative,3.04777729706516e-05
1361887901341147136,negative,0.0024857726016419804
1361887905761947650,negative,0.02811768481343112
1361887909037678593,negative,0.006686352374867513
1361887909469683713,negative,0.03148626404244101
1361887910295990273,negative,0.0024265365763960507
1361887910497316864,negative,0.20762109830629338
1361887912388747264,negative,0.06484649931746006
1361887916251824129,negative,0.004757157643562101
1361887916503490568,positive,0.9054785071974712
1361887916784549888,negative,0.09797448730401104
1361887919468871681,neutral,0.49789225920557484
1361887920169312257,negative,0.004718882507126528
1361887921100488706,negative,1.551911674207158e-07
1361887927299637248,negative,0.000786449144153538
1361887929421987840,neutral,0.6387765042918215
1361887929908531200,neutral,0.41171671661479453
1361887934144798722,negative,0.004403626865501191
1361887935193210880,negative,0.2270916242691431
1361887936669757440,neutral,0.6400773009639044
1361887937542184960,positive,0.93614813110056
1361887937655414784,negative,0.050659349394477166
1361887938729160708,negative,0.033496634529330854
1361887941325430785,negative,0.2355288467372352
1361887941392551937,negative,0.004716163477642383
1361887942898245635,negative,0.0038712641655717847
1361887946639634457,negative,2.659840567750981e-06
1361887948350840832,negative,0.03297492034735269
1361887951928623105,negative,0.034797523431410564
1361887952394215425,negative,3.417237775050289e-06
1361887954507952131,negative,0.14837757590281975
1361887954671648769,negative,0.0006746728376920108
1361887955514781696,negative,0.04158091876871025
1361887956265537536,negative,0.2270916242691431
1361887962728906753,neutral,0.3685943945839147
1361887963681067014,negative,0.033496634529330854
1361887964503105539,negative,0.0014450244813363463
1361887966780682243,neutral,0.5829810709340948
1361887967112024064,negative,0.032377968351464316
1361887969012043779,negative,1.3965700204619942e-05
1361887969871683586,negative,0.011106343875148335
1361887969980919813,negative,0.05357457512678084
1361887971180380161,negative,0.14424502942014927
1361887973801922564,negative,0.012513904924709794
1361887976611999745,negative,0.00020130582430730686
1361887977752920068,negative,0.08865844426661175
1361887978914734081,negative,0.09388275411540072
1361887979057410049,negative,0.09797448730401104
1361887981670453251,negative,4.700866352936735e-09
1361887984556113922,negative,0.13012123830575806
1361887987387293696,negative,0.00010075577805108141
1361887987903188992,negative,0.003970901874489672
1361887991476740098,neutral,0.37091351175316956
1361887993737474049,negative,0.002218205875038726
1361887995008278528,negative,0.05357457512678084
1361887999546523648,negative,0.015568912993595472
1361888001773740034,negative,0.04887091460465341
1361888001891069955,negative,0.05208413089109728
1361888002302238720,negative,7.555825778785069e-05
1361888004055400454,negative,0.06661511644392898
1361888004743266304,negative,4.3114427171631713e-05
1361888007415099392,positive,0.9833354477892181
1361888007654096898,negative,6.842705085381572e-06
1361888009306701829,negative,0.05357457512678084
1361888010351104006,negative,0.0018145507610497283
1361888010472726529,positive,0.9995845597596971
1361888011227713536,positive,0.9833354477892181
1361888012423081985,negative,0.05357457512678084
1361888013228388357,negative,0.004818980012534168
1361888013668687872,negative,0.057069292185839456
1361888014192943112,neutral,0.49789225920557484
1361888016122318851,negative,0.00020130582430730686
1361888016130801665,negative,0.05357457512678084
1361888017460453377,negative,0.00012384426504638001
1361888021142994952,negative,3.0083524006037324e-16
1361888028759912448,neutral,0.4667281207494068
1361888036510859272,negative,0.0024265365763960507
1361888036628398089,negative,0.000990050929999318
1361888038633185283,negative,0.03696365454460867
1361888040319414272,negative,0.032377968351464316
1361888042563362820,negative,0.05357457512678084
1361888042873716740,negative,3.470683229759093e-05
1361888042915659777,negative,0.03791627134522328
1361888043100229634,negative,0.013173252256489323
1361888044421439492,neutral,0.43744647884228444
1361888044522098688,neutral,0.44525447722397243
1361888045218340864,negative,0.07736349569523265
1361888045654568965,negative,0.00753708168788798
1361888045994283008,negative,0.00385949904156067
1361888047432949760,negative,0.0013599534469193825
1361888049068728325,negative,0.03838901031456881
1361888049148399621,negative,0.00010075577805108141
1361888049517498370,negative,1.8734562271535088e-05
1361888051656617984,negative,0.09167537070265966
1361888052872937472,negative,0.04887091460465341
1361888052973559809,negative,2.5508487344313195e-06
1361888053715951618,negative,0.004959303240017096
1361888055272099842,negative,0.24756442386864408
1361888056094121985,negative,0.0004714599919820905
1361888056878456835,negative,0.00017919506558729427
1361888058824658944,negative,0.008651492531998454
1361888059067953152,negative,0.009534454370286247
1361888060753862658,negative,1.6208451995626925e-08
1361888061861281794,negative,0.03501890977918644
1361888062075191304,neutral,0.35362277955607824
1361888062360465409,negative,0.22946615117390562
1361888063060922368,negative,4.0458632810359776e-08
1361888064260493315,negative,0.004086329021375562
1361888065166409728,negative,1.0443057285004128e-05
1361888066340814850,negative,0.005303989465459191
1361888066378473474,negative,1.2936507640253172e-05
1361888066659446785,negative,3.427475763378293e-05
1361888066697314305,negative,0.0028274997614019816
1361888067775197188,neutral,0.6283534345896347
1361888068089884674,negative,0.23407874604073836
1361888068391874561,negative,0.09388275411540072
1361888068815446018,negative,1.0090590067963723e-07
1361888068987461632,negative,0.002157346534550224
1361888069838897152,negative,0.05357457512678084
1361888071898251266,negative,0.009534454370286247
1361888073081053186,negative,0.00020636335243577074
1361888073420861441,negative,0.0014435211140411926
1361888074083483649,negative,0.08556497502537062
1361888074792382468,negative,0.0054800424490481356
1361888074930610182,negative,0.06815522424954162
1361888075929038848,negative,0.03501890977918644
1361888076537159680,negative,2.5324652161097874e-05
1361888077111730181,negative,0.00020130582430730686
1361888078860673024,negative,3.4454078477687496e-06
1361888079842316288,negative,0.0764911961531794
1361888080123342849,negative,0.07770181468376303
1361888080660062213,negative,0.016787884429364814
1361888081247309824,neutral,0.43744647884228444
1361888081503277059,neutral,0.43744647884228444
1361888082480402434,negative,9.64756311604451e-07
1361888083340386304,negative,0.01828716477309444
1361888084028252161,negative,0.007954388140783968
1361888084070178822,negative,0.0032009734704784836
1361888084586070019,neutral,0.35989192783015506
1361888085638852608,negative,0.00015476006203756157
1361888086850953218,negative,6.242720946622333e-05
1361888087287214084,neutral,0.5621655332629886
1361888087610163201,negative,0.0004714599919820905
1361888088818122756,negative,0.003970901874489672
1361888088977334273,neutral,0.43744647884228444
1361888090810417152,negative,0.10705995072092633
1361888090823012353,negative,0.016257412140654466
1361888090856554500,negative,0.09388275411540072
1361888091133407232,negative,7.461382137720118e-06
1361888091171151877,negative,0.01678154902376081
1361888092391698432,negative,3.270469663113507e-06
1361888092597202945,negative,0.0008496953345485857
1361888093029224449,negative,0.059371854367166486
1361888095088619521,negative,0.000990050929999318
1361888097202544642,negative,0.06130906111145856
1361873000581144579,negative,0.11248423845615299
1361873001092943874,positive,0.7666294722528293
1361873001126461444,negative,0.16221692396908757
1361873001193426952,neutral,0.3780867972513509
1361873001222868994,neutral,0.4592352211861499
1361873001323450369,negative,1.0092920154990998e-08
1361873001336209408,negative,0.03847993683084379
1361873001864658948,negative,0.32487682076984686
1361873002195873793,neutral,0.3780867972513509
1361873004808916994,negative,0.00013113970266982587
1361873005119332353,negative,0.007116089004684984
1361873006708973570,neutral,0.3499352441185855
1361873007556329474,negative,0.02627134440738671
1361873007766106120,negative,0.12218314663433937
1361873017870180357,negative,0.03794931489975579
1361873019652759556,negative,0.06672298145353373
1361873020604809221,negative,0.03050529641646538
1361873021007446019,negative,0.13982507005536826
1361873025885495306,negative,7.808131479654191e-11
1361873028733427712,negative,2.545744082167619e-05
1361873031229042691,negative,0.3128792522391553
1361873032453775366,negative,0.1552957530501846
1361873033183580160,negative,0.0004963985201758914
1361873039630163968,positive,0.9189530016837374
1361873040259379202,positive,0.9189530016837374
1361873045867102208,negative,0.0004963985201758914
1361873051185537031,negative,0.0047262833265805815
1361873052397633548,negative,0.0029808345151023747
1361873054838779905,negative,0.008178362527209763
1361873064980578311,negative,0.07045556616044979
1361873067346173954,negative,0.0004963985201758914
1361873068226842625,negative,0.0021029434583759972
1361873073549418496,negative,0.0002124389959480032
1361873080956690432,negative,0.011724737227430823
1361873084496551936,negative,0.19709024422488844
1361873089114570754,negative,0.1552957530501846
1361873089617924096,negative,0.2920975021940704
1361873090121256960,negative,0.011047576816872353
1361873102481723394,negative,4.440623691140459e-05
1361873107762339840,negative,0.09347319994831738
1361873109205327872,negative,0.017838217168144516
1361873114049748993,negative,0.1866741489567255
1361873114632753157,negative,0.017835142771235858
1361873127471538179,negative,0.01761560363763851
1361873133159002114,negative,0.011724737227430823
1361873139974742016,negative,0.051438414841643784
1361873144567369728,negative,0.09467186030642678
1361873144932405249,negative,3.550784898581507e-05
1361873154591883267,negative,0.001828033853198001
1361873171826278405,neutral,0.4964118300361966
1361873176624566272,negative,0.06397659360016339
1361873177278898176,negative,0.0003742708811583074
1361873178889486336,negative,0.2546916305421647
1361873185931726849,positive,0.9997435592868792
1361873189845012482,negative,0.06397659360016339
1361873195058528259,negative,0.04132685470836238
1361873198988611588,negative,0.022167072996221983
1361873202423693312,negative,6.516823818583188e-05
1361873204537675776,negative,0.0007180085759573654
1361873216831172612,negative,0.012733965306920133
1361873224041119747,negative,0.06900153715190151
1361873224057954311,negative,0.09216510985635232
1361873230412316679,negative,9.123660013132381e-07
1361873233247686657,negative,0.0503136051184925
1361873234363260929,negative,9.495887293421762e-06
1361873237404250112,negative,0.0004963985201758914
1361873251857813507,neutral,0.5154169551528679
1361873253275295747,negative,0.004616623523261459
1361873255624290311,negative,0.009959724022684842
1361873262607798274,negative,0.04765971013214011
1361873262632964097,negative,0.008787525787110336
1361873266470699010,negative,0.011724737227430823
1361873267276005380,negative,0.001952922946045497
1361873267896836099,positive,0.9985125475934508
1361873269310189568,negative,0.22775846879196635
1361873274431557634,negative,0.02232056104979667
1361873276176375812,negative,0.001828033853198001
1361873290478964739,neutral,0.6445589286656238
1361873293079379970,negative,0.001193347598885474
1361873295620993026,neutral,0.4042525310978225
1361873308392824832,negative,0.002178542806246336
1361873335299244033,negative,9.123660013132381e-07
1361873336674959362,positive,0.7689785426980621
1361873345105526785,negative,0.025672018726427402
1361873345994756099,negative,0.001828033853198001
1361873353045385221,negative,8.430811731121798e-05
1361873364692967424,negative,0.009652742178033073
1361873369294139393,neutral,0.48474791396106254
1361873372897026050,negative,0.009959724022684842
1361873373458960384,negative,0.004616623523261459
1361873388814405632,negative,4.440623691140459e-05
1361873393772081152,neutral,0.4507454498615163
1361873396821340160,neutral,0.49789225920557484
1361873399656706053,negative,0.2546916305421647
1361873409236496387,negative,0.009652742178033073
1361873415200776194,neutral,0.5036834960032485
1361873431596253184,negative,0.08487548209730622
1361873434989494273,negative,0.3223037501191735
1361873439057969153,negative,0.25258884357116224
1361873445240381447,negative,0.0002124389959480032
1361873445244395522,negative,0.0018118232763966859
1361873445382983680,negative,5.696191320242541e-06
1361873446016327682,negative,0.11475425907882947
1361873446754521089,negative,0.08487548209730622
1361873449682165760,negative,8.251431419263901e-19
1361873453268238346,negative,4.723817407913277e-09
1361873459169685511,negative,0.04765971013214011
1361873461266808834,negative,0.0002124389959480032
1361873465318473736,negative,0.012733965306920133
1361873474831187969,negative,0.05565697082571118
1361873483127488512,negative,0.009959724022684842
1361873483710550018,negative,0.012733965306920133
1361873490857652224,negative,0.1552957530501846
1361873494183657473,neutral,0.49789225920557484
1361873497211944963,negative,0.0031992710687766012
1361873510063308800,neutral,0.4964118300361966
1361873514274246660,neutral,0.49789225920557484
1361873515599822848,negative,0.012733965306920133
1361873516023349252,neutral,0.6195386148660377
1361873523975757830,negative,0.05446778547152315
1361873531672301568,negative,0.1563851242949093
1361873536172892167,negative,0.02086594186491789
1361873547019259911,negative,0.0010999853964459322
1361873550798450688,negative,0.01709116382246037
1361873561766539264,negative,7.62363651856331e-05
1361873562466988035,negative,0.0031513275385310325
1361873563800784896,negative,0.008787525787110336
1361873567533707265,positive,0.8137742410631678
1361873568229961728,negative,0.1518712703870652
1361873572705271808,negative,0.06397659360016339
1361873573091098626,negative,0.0001692787737436117
1361873573992931328,negative,0.022167072996221983
1361873575213432832,neutral,0.392947250599622
1361873579013533696,negative,0.0031992710687766012
1361873587909627909,neutral,0.48474791396106254
1361873588266147841,negative,0.02232056104979667
1361873590371700744,negative,0.0910228166186705
1361873600823787520,negative,0.20635650285410426
1361873601176211459,negative,7.88302961369691e-08
1361873602430328832,negative,0.08487548209730622
1361873605508923396,negative,0.0005834825168270281
1361873607165681665,negative,0.008787525787110336
1361873623506681859,negative,0.2598407968380923
1361873624030978050,negative,0.0004963985201758914
1361873636571770881,negative,0.05446778547152315
1361873637033144323,negative,0.05446778547152315
1361873638429888514,negative,0.1563851242949093
1361873638920650752,negative,0.1563851242949093
1361873643219869697,negative,0.1563851242949093
1361873646055211012,negative,0.0004963985201758914
1361873647435194368,negative,0.07045556616044979
1361873647913357317,negative,0.022167072996221983
1361873649255538688,negative,0.1552957530501846
1361873655169380356,negative,0.008178362527209763
1361873656503230464,negative,0.1568817366881794
1361873663629225984,negative,0.0021161199466329943
1361873669052526592,negative,0.009959724022684842
1361873671099469827,negative,0.0003760745988025662
1361873678871515136,negative,0.015847144353834074
1361873686832234500,negative,0.019211677560843854
1361873689596350467,negative,0.021497676892626105
1361873689696894979,negative,0.036140811403295565
1361873692247089155,negative,0.008787525787110336
1361873695380234244,negative,0.0004963985201758914
1361873711561850885,negative,0.06397659360016339
1361873728041349124,negative,0.050049334934067644
1361873729253478402,negative,0.0768586022026163
1361873731585413121,negative,0.24302707946617272
1361873733460238336,neutral,0.49789225920557484
1361873734387269633,negative,0.14816434322213404
1361873735242907656,negative,0.008787525787110336
1361873737100914689,negative,0.0022090088623744376
1361873740754223105,negative,0.0031992710687766012
1361873758902976520,negative,0.0026954351502912295
1361873759209193474,negative,0.22441298887410863
1361873771397861378,negative,4.6753845608087805e-20
1361873780411420673,negative,0.3196328594282567
1361873786522324993,negative,0.13193859462573826
1361873788867076096,negative,0.012733965306920133
1361873804708835329,negative,0.009690455429479662
1361873807204638730,negative,0.012733965306920133
1361873811306663941,negative,0.0768586022026163
1361873817287733250,negative,0.0004963985201758914
1361873821750337541,negative,0.021039191829814972
1361873825772748803,negative,0.20635650285410426
1361873827186286596,negative,0.00015505771479954201
1361873830139027458,neutral,0.5186302532132363
1361873830512365571,negative,0.22711996263218512
1361873831951011844,negative,0.20635650285410426
1361873834438258688,negative,0.15864117857728244
1361873839253299201,negative,1.450082823469791e-07
1361873839362363395,negative,0.011724737227430823
1361873841820229632,negative,0.0002124389959480032
1361873846886948867,negative,0.0004963985201758914
1361873848057085953,negative,0.06397659360016339
1361873850808627202,negative,0.2546916305421647
1361873853266419713,negative,0.0004963985201758914
1361873854310666241,negative,3.508720838334199e-05
1361873865362837504,negative,2.7050931747389055e-06
1361873871301935105,negative,0.0004963985201758914
1361873892944449538,negative,0.13193859462573826
1361873893011636227,negative,0.2546916305421647
1361873897201799169,negative,0.008787525787110336
1361873903027544069,negative,0.1633598716635277
1361873903140950019,negative,0.0004963985201758914
1361873910464090113,neutral,0.35572873587373616
1361873912183808004,positive,0.9997435592868792
1361873913828044801,positive,0.9997435592868792
1361873919867842562,negative,0.144283747404967
1361873923567198210,negative,0.0004963985201758914
1361873923986571266,negative,0.12208103740195435
1361873926477987841,negative,1.7298764783720144e-07
1361873928587739137,negative,0.008787525787110336
1361873929082650627,negative,0.0031992710687766012
1361873931087536128,negative,0.02155433019065636
1361873954915430402,negative,0.034125975144151485
1361873973164863489,negative,0.1552957530501846
1361873975136124928,negative,0.06468138426225561
1361873983797354496,negative,0.03983246150328923
1361874003951034368,negative,0.13063082980181012
1361874007449034753,negative,7.552205045509577e-06
1361874010590629889,negative,0.0004963985201758914
1361874024788287491,positive,0.6982072493678483
1361874030203203584,negative,0.00022992351197351915
1361874036012236800,positive,0.9985125475934508
1361874064332234758,negative,0.012733965306920133
1361874073572155392,negative,0.20415194740456125
1361874074356580352,negative,4.5800924272675304e-06
1361874075912728578,negative,0.29178292499705866
1361874085937090562,negative,0.0005254283315430656
1361874095130959873,negative,0.012459001701959245
1361874097500794883,neutral,0.3601970059260784
1361874338388070404,negative,0.0768586022026163
1361874340485222400,negative,0.0004963985201758914
1361874364053020672,negative,0.2546916305421647
1361874364530978818,negative,0.2350298175983451
1361874380855377922,negative,0.012733965306920133
1361874381656399873,negative,3.7841470757475346e-06
1361874389315149824,negative,0.11879581426001086
1361874397288628224,negative,0.008787525787110336
1361874425289793538,neutral,0.439208455143605
1361874429056323584,negative,0.3196328594282567
1361874429790334977,negative,0.0004963985201758914
1361874430092271619,negative,5.978732712377609e-05
1361874464821116936,negative,0.09162677820340086
1361874465337049098,negative,0.0004963985201758914
1361874468969267200,negative,9.32844030053459e-06
1361874472962314241,negative,0.008787525787110336
1361874474052812801,negative,6.30760204746389e-06
1361874479291510785,positive,0.8069060960472425
1361874482818908163,negative,0.008787525787110336
1361874488023990275,negative,0.3196328594282567
1361874489391411201,positive,0.9189530016837374
1361874490561597440,positive,0.9997435592868792
1361874494386819072,neutral,0.5044763735405472
1361874506277601281,neutral,0.551077815994506
1361874524111843330,negative,0.0006823124431581995
1361874526074773509,negative,0.0020722312771815628
1361874529392427010,negative,0.04837352819015653
1361874534874435589,negative,0.015847144353834074
1361874543808311296,negative,0.20635650285410426
1361874547297943552,negative,0.009804383609690213
1361874548363304963,negative,0.312281036098351
1361874550452011009,negative,0.08487548209730622
1361874556483469312,negative,7.868861391551647e-07
1361874557167140864,negative,0.17862333900625538
1361874559306203146,negative,0.22655226629506434
1361874563051757568,negative,0.1552957530501846
1361874580609126400,negative,9.123660013132381e-07
1361874583050158085,negative,0.05202956607066125
1361874583566114816,negative,0.00247600486967347
1361874584455233536,negative,0.0004963985201758914
1361874585206075392,negative,0.2546916305421647
1361874588045574146,negative,0.014061541545625826
1361874590083989519,negative,0.011724737227430823
1361874595255619585,positive,0.9189530016837374
1361874595859619841,negative,0.0002124389959480032
1361874598921465860,negative,0.12029281350983972
1361874599328296961,negative,0.0029808345151023747
1361874602637598720,negative,0.0004963985201758914
1361874604332089344,negative,0.0017129167122480918
1361874611655356420,negative,0.0007832842826341895
1361874622375985152,negative,0.08487548209730622
1361874623764258820,negative,0.014640225778544196
1361874625408479235,negative,0.13950557748824244
1361874628591947778,neutral,0.4373566423025436
1361874633998426113,negative,0.01372655318087359
1361874641330049032,negative,0.008787525787110336
1361874647927644163,negative,0.008787525787110336
1361874650809081859,neutral,0.5481786446702085
1361874654814691328,negative,8.430811731121798e-05
1361874667322167297,negative,6.283362256953369e-07
1361874674267742210,negative,0.07736349569523265
1361874677061349376,negative,0.1552957530501846
1361874684237799425,negative,0.029876527693939704
1361874688025190403,negative,0.0031992710687766012
1361874690294300673,negative,0.008787525787110336
1361874691527475205,negative,0.0003742708811583074
1361874693003694080,negative,0.05366419371768196
1361874746128936960,negative,0.012733965306920133
1361874747223605248,negative,0.0010762831160440922
1361874756128153603,negative,0.12029281350983972
1361874761190678537,negative,7.88302961369691e-08
1361874761643614210,negative,0.16708824422446855
1361874768937558017,neutral,0.4226408704156019
1361874778450259970,negative,6.283362256953369e-07
1361874779150708738,negative,0.018566063725811245
1361874781868548098,negative,0.05101654282112348
1361874794321485832,neutral,0.5168003930541218
1361874794761703425,negative,0.14253048773046617
1361874797467217920,negative,0.06397659360016339
1361874801699278853,negative,0.008178362527209763
1361874804371058689,negative,0.08487548209730622
1361874806841425921,negative,0.050049334934067644
1361874808112300033,negative,0.034125975144151485
1361874811849502723,negative,0.00011413941206073406
1361874811882995714,negative,0.011724737227430823
1361874813862707204,negative,0.1552957530501846
1361874815192301574,negative,0.0031992710687766012
1361874820502274054,negative,0.0004963985201758914
1361874852441772032,negative,0.22711996263218512
1361874860398546944,negative,0.2426199675183989
1361874872658522113,negative,0.08290685290791304
1361874877544865793,negative,0.08487548209730622
1361874887929974792,negative,0.012733965306920133
1361874896603799554,negative,2.6067997637129717e-09
1361874902291210240,negative,0.04591039451352211
1361874912856702982,negative,0.00027213521192825425
1361874915599777793,negative,0.00032893069238043365
1361874926433689606,negative,0.0001692787737436117
1361874930061705223,negative,0.1552957530501846
1361874940996161537,neutral,0.4226408704156019
1361874941583511553,neutral,0.5666140499822833
1361874942954987523,negative,0.001828033853198001
1361874956792037378,negative,4.440623691140459e-05
1361874966434770948,negative,0.011724737227430823
1361874968800296968,negative,0.008787525787110336
1361874972730351622,negative,0.009959724022684842
1361874982612131843,negative,0.0004963985201758914
1361874984663216156,negative,0.0786829426603534
1361874998298882051,negative,3.428665283461022e-07
1361874999280304129,positive,0.9794710650124435
1361875010420432897,negative,0.1552957530501846
1361875013398384643,negative,0.05300772514102839
1361875015361265667,negative,0.0004963985201758914
1361875019371012096,negative,0.16221692396908757
1361875029940600832,neutral,0.4207230601088964
1361875033040297989,negative,6.283362256953369e-07
1361875039289802754,negative,0.08703971032494043
1361875040891994116,negative,0.22655226629506434
1361875065713938433,negative,0.08303821672218453
1361875068515663883,negative,0.008787525787110336
1361875070721945603,negative,0.1518712703870652
1361875073032929288,negative,0.22655226629506434
1361875077332140032,negative,0.008787525787110336
1361875082134618112,negative,6.283362256953369e-07
1361875083980062720,negative,0.009964604369981204
1361875084638584835,neutral,0.48474791396106254
1361875087465582599,negative,0.19576051584226958
1361875088061198346,negative,0.04826426055564935
1361875091995385857,negative,0.009959724022684842
1361875100409200640,neutral,0.6010617675389737
1361875104095997955,negative,0.0002830662317946829
1361875112157396994,negative,0.0031513275385310325
1361875112941731843,negative,0.012733965306920133
1361875118906101763,negative,0.2426199675183989
1361875120537616385,negative,9.123660013132381e-07
1361875120915103747,negative,0.0005219766794018696
1361875121024163842,positive,0.7045051579886188
1361875123465289734,negative,0.31178713179990464
1361875139026182146,negative,0.2546916305421647
1361875144159993856,negative,0.012733965306920133
1361875144684281856,negative,0.000334986351143903
1361875147205009408,negative,0.06397659360016339
1361875150782816259,negative,0.0004468544913321549
1361875160601661444,neutral,0.4964118300361966
1361875166674968577,negative,0.27728986129828415
1361875167446790147,neutral,0.49789225920557484
1361875171104202752,negative,0.015896837888130847
1361875172651921409,negative,0.035341182231272604
1361875175189352451,negative,0.12208103740195435
1361875186879000581,negative,0.0001692787737436117
1361875186925113345,neutral,0.473900428439256
1361875188527235073,negative,0.2315294487802166
1361875190054068224,neutral,0.5044763735405472
1361875217132437504,negative,0.0003519018084472351
1361875223684014080,negative,0.0004963985201758914
1361875224145391617,negative,0.009959724022684842
1361875226154442761,neutral,0.5030448769844968
1361875243837628417,negative,0.0004963985201758914
1361875253429997568,negative,0.27781596414135684
1361875254960865280,neutral,0.4373566423025436
1361875286648905730,negative,0.038673497894212046
1361875295788175360,negative,6.283362256953369e-07
1361875308954189829,negative,0.009959724022684842
1361875310929731584,negative,0.06397659360016339
1361875315065311233,negative,0.22655226629506434
1361875315451133953,negative,0.0001692787737436117
1361875321000198144,negative,0.09550020241130751
1361875324800282630,negative,0.0002124389959480032
1361875325492158467,negative,0.045858013912656835
1361875330861051912,negative,0.009959724022684842
1361875333276925955,positive,0.7275576808435521
1361875335751598080,negative,1.7298764783720144e-07
1361875341950791683,positive,0.9168285008794561
1361875345482395651,positive,0.9531036059045972
1361875348590186500,neutral,0.6021084663808389
1361875352310738944,negative,0.0004840858982163566
1361875352973410307,negative,0.011724737227430823
1361875353577218048,negative,5.2904085810805476e-05
1361875357616525313,negative,0.001828033853198001
1361875358044274689,negative,0.003738600111901525
1361875367045324804,positive,0.7045051579886188
1361875376339845120,negative,0.009652742178033073
1361875378776776705,negative,0.1966513218550911
1361875379493855235,negative,0.1856836979716791
1361875381431730176,negative,0.001478733863343143
1361875382618771456,negative,0.27781596414135684
1361875396409626627,negative,0.022167072996221983
1361875396648710145,neutral,0.5017543432377519
1361875401233092611,negative,1.8177429728250986e-07
1361875407134457856,negative,0.20238870330241604
1361875411345543169,negative,0.08487548209730622
1361875418421358592,negative,0.008787525787110336
1361875445541666818,negative,0.22655226629506434
1361875447097794562,negative,2.8130918522051906e-05
1361875448930725888,negative,0.0004963985201758914
1361875455125651457,negative,9.123660013132381e-07
1361875455737962497,negative,0.0003742708811583074
1361875456333594626,negative,0.0075587276938141055
1361875463132618752,neutral,0.3666580147132085
1361875463417847812,negative,0.15480874163662972
1361875465439490049,negative,0.22655226629506434
1361875465653346318,negative,0.22655226629506434
1361875474549456897,neutral,0.473900428439256
1361875489892278275,negative,0.005052782667955889
1361875500822593542,negative,0.22655226629506434
1361875505411194880,negative,0.00030505865040942676
1361875505948086272,negative,0.030635679359393674
1361875506493325312,negative,0.001828033853198001
1361875516618285056,negative,0.045030771652647704
1361875516790362121,negative,0.1998571763926201
1361875521114501122,negative,1.790926452995456e-05
1361875528370823168,negative,0.02439666455954558
1361875531415887877,positive,0.9189530016837374
1361875539825483779,negative,0.17092662041332854
1361875540236500992,negative,0.012733965306920133
1361875543143174144,negative,0.16278750157399066
1361875545571663876,negative,0.1267383225973587
1361875548650233859,negative,0.06900153715190151
1361875552752263170,positive,0.9997435592868792
1361875566077636623,negative,0.02592432217053956
1361875567780515842,negative,0.008787525787110336
1361875571303669761,positive,0.7275576808435521
1361875573723844608,negative,0.050049334934067644
1361875589678956546,negative,0.034125975144151485
1361875597807546378,negative,0.0002124389959480032
1361875600873562112,negative,0.05398272765311015
1361875608393940992,negative,0.2248871272402879
1361875611640291328,negative,0.007788989380988297
1361875619068403712,negative,4.6215882942443745e-07
1361875620146384899,negative,0.011724737227430823
1361875639733805058,negative,0.00027213521192825425
1361875641835139074,negative,0.2546916305421647
1361875641843421189,negative,0.06397659360016339
1361875649858658307,negative,0.0022090088623744376
1361875655537885190,negative,0.058049581235663256
1361875669668478978,negative,0.02086594186491789
1361875676886798339,negative,0.0038693661021545213
1361875677394460675,negative,0.16860437977198114
1361875692170981379,negative,0.015847144353834074
1361875694175846407,negative,0.009959724022684842
1361875699871678464,positive,0.9997435592868792
1361875700710580229,negative,0.012459001701959245
1361875701314551816,negative,0.0004092500686210411
1361875703009075207,negative,0.2546916305421647
1361875719194836996,negative,0.022167072996221983
1361875720235057152,negative,0.025672018726427402
1361875725821878272,negative,0.0029808345151023747
1361875726769688577,negative,5.696191320242541e-06
1361875740246048770,negative,0.009959724022684842
1361875743475662851,negative,0.0004963985201758914
1361875750702448640,negative,0.03417321132216898
1361875763306389506,negative,0.03198637565464466
1361875765055389697,negative,0.1747214282183876
1361875777587974146,negative,0.22022055320550707
1361875783808151556,neutral,0.4239509709074909
1361875788287463429,negative,0.0038693661021545213
1361875805240844291,neutral,0.49789225920557484
1361875808357216256,negative,0.00030215662296093266
1361875815101845515,neutral,0.49789225920557484
1361875818893484033,neutral,0.4964118300361966
1361875821582045185,negative,0.011724737227430823
1361875822378766339,negative,0.016159207304463408
1361875825889452036,negative,0.008932659943742408
1361875826531307520,negative,6.283362256953369e-07
1361875834424995840,negative,0.0002124389959480032
1361875837998538752,negative,0.0005219766794018696
1361875843514048515,negative,0.08162884752852938
1361875850073952259,negative,0.0031992710687766012
1361875857934016514,negative,0.16594987411191853
1361875858835656705,negative,0.22655226629506434
1361875867497099270,negative,0.22655226629506434
1361875867681570816,negative,0.0004963985201758914
1361875871842381825,negative,0.009959724022684842
1361875878767190026,negative,0.007238184306574817
1361875884790185985,neutral,0.4239509709074909
1361875891899551745,negative,0.10140449257733436
1361875894948614144,negative,0.045858013912656835
1361875897301819396,negative,0.0031992710687766012
1361875898291662854,negative,0.011724737227430823
1361875898547453956,negative,0.06900153715190151
1361875902209150981,negative,0.001828033853198001
1361875910354419712,negative,1.620272464105393e-05
1361875913630244869,negative,0.0029808345151023747
1361875917266685955,negative,0.007788989380988297
1361875924380246016,negative,0.08487548209730622
1361875933867634690,negative,0.2315294487802166
1361875967866765312,negative,0.32598900375497547
1361875985034063873,negative,0.008787525787110336
1361875999583993856,negative,0.004070286203777232
1361875999651225600,negative,0.008178362527209763
1361875999961587716,negative,0.2546916305421647
1361876005498011651,neutral,0.4964118300361966
1361876006236209153,negative,0.0043475920255877315
1361876010245971970,negative,2.406491734739698e-08
1361876011063930880,negative,4.795537890264852e-06
1361876011693015043,negative,0.008760986445381527
1361876014486413312,negative,7.88302961369691e-08
1361876021759397892,positive,0.7689785426980621
1361876031410380801,negative,0.118936672967482
1361876032157057025,negative,0.315636072672723
1361876032417062915,negative,0.11879581426001086
1361876055305449472,positive,0.9997435592868792
1361876090856370178,negative,0.31178713179990464
1361876097919500291,positive,0.9168285008794561
1361876105096032257,neutral,0.3601970059260784
1361876109512613888,negative,0.13748053348141603
1361876117255303168,positive,0.7045051579886188
1361876121600557057,negative,0.010657309836173311
1361876124842754050,negative,0.0573282698825701
1361876130886746117,negative,3.030349240101909e-05
1361876136054165504,negative,0.009652742178033073
1361876147462680579,negative,0.2504260963220546
1361876149593395204,negative,0.009652742178033073
1361876150063136774,negative,6.544805410575586e-07
1361876171227561986,negative,1.3797612149849443e-06
1361876186167705606,negative,0.012733965306920133
1361876192035565569,negative,0.0031992710687766012
1361876209689321474,negative,0.012733965306920133
1361876215968239627,negative,0.054826014317559436
1361876216312135680,negative,0.012733965306920133
1361876227141828609,negative,0.06494339529882678
1361876245697486848,negative,0.008787525787110336
1361876247605895169,negative,0.005660516993556705
1361876251183616001,negative,0.22655226629506434
1361876271538401290,negative,0.2144600567384525
1361876273270784000,negative,0.0006252173797462699
1361876277972582405,negative,6.283362256953369e-07
1361876281336422400,neutral,0.4964118300361966
1361876282141736960,negative,9.123660013132381e-07
1361876282175336450,negative,0.009462599808907901
1361876285841170435,negative,0.24843013990962548
1361876286520631296,neutral,0.5044763735405472
1361876290215772162,neutral,0.4964118300361966
1361876291125993472,negative,0.0038693661021545213
1361876295622266882,negative,0.2610374709902758
1361876295827804164,negative,0.009959724022684842
1361876296876363779,negative,0.012733965306920133
1361876297467785219,negative,0.09162677820340086
1361876316090470403,negative,6.283362256953369e-07
1361876316786679808,negative,0.0017129167122480918
1361876318464471040,negative,0.16594987411191853
1361876319227772934,negative,0.08487548209730622
1361876324235833346,negative,0.06397659360016339
1361876333656219649,negative,0.12477546444808485
1361876337846288384,negative,0.026140970247683772
1361876339284934660,neutral,0.5236251315847493
1361876347929456650,negative,0.0029808345151023747
1361876355609223170,negative,0.017755902238695866
1361876360021610500,negative,0.13748053348141603
1361876360805941249,negative,5.024331953213622e-09
1361876373803921408,negative,3.030349240101909e-05
1361876377344049155,neutral,0.4984603977294401
1361876382519812097,negative,0.028434585142340797
1361876404233764865,positive,0.9997435592868792
1361876404355407874,negative,0.0075587276938141055
1361876408058978307,negative,3.582345637682282e-06
1361876416430813191,negative,3.030349240101909e-05
1361876417265418240,negative,0.1632112650904876
1361876420948078598,negative,4.440623691140459e-05
1361876423779119106,negative,0.008178362527209763
1361876424358055938,negative,0.0015044504484957857
1361876444780109826,positive,0.9997435592868792
1361876453147750401,positive,0.9985125475934508
1361876457547513856,negative,0.03417321132216898
1361876459158183936,negative,0.015896837888130847
1361876463801270273,negative,0.16594987411191853
1361876464744996866,negative,0.009959724022684842
1361876478229688321,negative,0.15480874163662972
1361876479479578626,negative,0.10139017318907137
1361876480096038915,negative,8.382124934356368e-05
1361876505815613440,negative,0.04940574369368774
1361876512081928197,negative,8.03781203858796e-09
1361876519770083331,negative,0.12029281350983972
1361876527634407424,negative,0.07771324358503731
1361876531946127360,negative,0.012733965306920133
1361876532399112194,negative,6.283362256953369e-07
1361876540729024512,negative,0.015847144353834074
1361876546278092800,negative,0.0029808345151023747
1361876556633677835,negative,0.001828033853198001
1361876557971787776,neutral,0.5044763735405472
1361876563457892352,positive,0.7045051579886188
1361876565307641858,negative,0.0004963985201758914
1361876566674976772,negative,0.2546916305421647
1361876571439652872,neutral,0.5481786446702085
1361876574145040391,negative,0.16594987411191853
1361876576548315140,neutral,0.4964118300361966
1361876577290756099,negative,0.05267910889544763
1361876582713991170,negative,0.20439966089722336
1361876587088592897,neutral,0.5044763735405472
1361876590037241859,negative,0.009959724022684842
1361876592285388805,negative,0.02722564772882556
1361876596374859776,negative,0.012733965306920133
1361876603450642434,negative,0.011724737227430823
1361876607372316672,negative,0.05267910889544763
1361876610337681410,negative,0.18218596682386523
1361876612422262784,negative,0.04936193076325594
1361876613705719810,negative,0.1552957530501846
1361876613789589506,positive,0.932015867065658
1361876615312125958,negative,0.1633598716635277
1361876616994029573,negative,0.00187388596500657
1361876619770626052,negative,0.22655226629506434
1361876624237600769,negative,0.3196328594282567
1361876625038655489,positive,0.9997435592868792
1361876625797885954,negative,0.06397659360016339
1361876627098128389,negative,0.016885747762063245
1361876628289249281,negative,0.011724737227430823
1361876629052682241,neutral,0.439208455143605
1361876629618913283,negative,0.008178362527209763
1361876631019732993,negative,0.0031992710687766012
1361876633859293186,negative,3.030349240101909e-05
1361876645544607745,negative,0.06672298145353373
1361876648665219072,negative,0.005649307812515685
1361876653551607813,negative,0.006645332785840296
1361876660048392196,negative,0.21472813664945828
1361876668961476610,negative,0.14253048773046617
1361876674770534401,negative,0.2546916305421647
1361876685281513478,negative,0.050049334934067644
1361876688225845253,negative,9.123660013132381e-07
1361876689324810246,negative,0.1933306475894072
1361876696002138116,negative,0.2546916305421647
1361876723667640320,positive,0.9980838962821406
1361876729581744129,negative,0.2546916305421647
1361876731334975490,negative,0.0012024795547910503
1361876741770338304,negative,0.008787525787110336
1361876742026231811,negative,0.0031992710687766012
1361876749391433728,negative,6.283362256953369e-07
1361876760078544896,negative,0.2546916305421647
1361876761198346243,neutral,0.4390021034139034
1361876779301015561,negative,0.0002124389959480032
1361876779867271170,negative,0.2504143456343174
1361876782346104836,negative,0.0031992710687766012
1361876785957384192,negative,3.662374885212733e-07
1361876806580715521,negative,0.050049334934067644
1361876808577273859,negative,0.0002124389959480032
1361876810875699201,negative,0.0004963985201758914
1361876813689937926,negative,0.004616623523261459
1361876814151503875,negative,0.013524213399361351
1361876818794577923,negative,6.283362256953369e-07
1361876824083619847,negative,0.0031992710687766012
1361876826344349698,negative,6.283362256953369e-07
1361876829494214658,negative,0.008787525787110336
1361876831302017030,negative,0.1552957530501846
1361876840386859016,neutral,0.6301911449154051
1361876840709836800,positive,0.9997435592868792
1361876842676969504,negative,0.016102363161442798
1361876853636661252,negative,0.011724737227430823
1361876857075941378,negative,6.283362256953369e-07
1361876860502765573,negative,2.2953274886181545e-06
1361876873706364929,negative,8.03006738067207e-06
1361876880840916993,negative,0.0004963985201758914
1361876885349761024,negative,0.0004963985201758914
1361876887329513476,negative,0.012733965306920133
1361876888763924482,negative,0.1633598716635277
1361876892735971334,negative,0.15480874163662972
1361876901770444802,positive,0.7045051579886188
1361876903611793408,negative,3.030349240101909e-05
1361876903913787392,neutral,0.5670740986568444
1361876907084681217,negative,0.034125975144151485
1361876907374034953,negative,0.0020321748977401425
1361876912189169666,negative,0.22655226629506434
1361876914089115655,negative,0.16594987411191853
1361876934909693953,negative,0.0031992710687766012
1361876959014363143,negative,0.02086594186491789
1361876971815378946,negative,0.008423448801853238
1361876984398282753,negative,0.001828033853198001
1361876984448638976,negative,0.0004963985201758914
1361876985979543552,negative,0.011724737227430823
1361876987254603778,negative,0.11729466516321715
1361876987300769792,negative,0.15087143518518462
1361876989997699075,negative,9.123660013132381e-07
1361876993365704704,negative,0.008787525787110336
1361876996414971909,negative,0.0027282769367286005
1361876996427575296,negative,0.08487548209730622
1361877001053863938,negative,0.006448628918714372
1361877006246363136,negative,0.3128792522391553
1361877015339622400,negative,0.16594987411191853
1361877017822720001,negative,0.009652742178033073
1361877020519657473,negative,0.10600631914005379
1361877023627575296,negative,0.005052782667955889
1361877024214810624,negative,3.1447566971035984e-06
1361877026366517252,negative,0.008787525787110336
1361877043030482948,negative,1.4431110770551434e-05
1361877048432750595,negative,0.022994127404533226
1361877052626984963,neutral,0.37891455799625856
1361877054334128133,negative,0.2546916305421647
1361877057786019840,negative,0.2397520949657323
1361877065839087621,negative,0.035341182231272604
1361877072503799810,positive,0.9997435592868792
1361877080120700930,negative,0.025672018726427402
1361877081135738881,negative,4.440623691140459e-05
1361877082788286467,neutral,0.4239509709074909
1361877086277935105,negative,0.1552957530501846
1361877104846123015,positive,0.7045051579886188
1361877112777498624,negative,0.0015235092924545314
1361877124156715008,negative,1.3797612149849443e-06
1361877128300609538,negative,0.1552957530501846
1361877131068858371,positive,0.9997435592868792
1361877141214924800,negative,2.54788176931488e-05
1361877144784285699,negative,0.009652742178033073
1361877152384380931,negative,0.0004312900812806052
1361877161129304065,negative,0.24089251553669566
1361877167681003520,negative,0.06962667704634785
1361877168440057857,negative,0.24089251553669566
1361877211247181825,negative,0.0004963985201758914
1361877214019674113,neutral,0.6003606528996651
1361877216318128131,negative,0.038673497894212046
1361877228322230276,negative,0.011724737227430823
1361877233040838657,positive,0.9997435592868792
1361877238539509760,negative,0.0004963985201758914
1361877265169186816,negative,0.0003359567579965169
1361877277408178176,negative,0.0001692787737436117
1361877279496949765,negative,0.001828033853198001
1361877285880659974,negative,0.0004963985201758914
1361877287545708546,negative,0.118936672967482
1361877291731673088,negative,0.3017507012492748
1361877305711357952,negative,0.008787525787110336
1361877306218868746,negative,0.003966381081035798
1361877315249184770,neutral,0.49789225920557484
1361877320362057728,neutral,0.473900428439256
1361877322236915712,negative,0.008178362527209763
1361877324816334849,negative,0.006676521038477519
1361877330617131013,negative,0.05346409724675602
1361877332181590017,negative,1.839071085937038e-05
1361877347004264450,negative,0.00630723342944546
1361877357456478218,negative,0.012733965306920133
1361877361365577729,positive,0.7045051579886188
1361877367589908482,negative,0.06900153715190151
1361877388972482564,negative,0.03198637565464466
1361877393095471105,negative,0.07045556616044979
1361877403937738755,negative,0.22210971042535232
1361877405015629826,negative,0.008787525787110336
1361877406655655937,negative,0.0004963985201758914
1361877423470628864,negative,0.008787525787110336
1361877425278382082,negative,0.16594987411191853
1361877426565963776,negative,1.2736103021900063e-07
1361877452562251776,negative,0.0008509576508759101
1361877453782867969,positive,0.9985125475934508
1361877460623765507,negative,0.011724737227430823
1361877463501053954,negative,0.1866741489567255
1361877472556453888,negative,1.3719776196907979e-05
1361877480294989826,negative,0.008787525787110336
1361877486691311621,negative,1.3797612149849443e-06
1361877498926157824,negative,0.03198637565464466
1361877516907143172,neutral,0.5044763735405472
1361877523261448194,negative,0.012733965306920133
1361877531138404353,negative,0.008787525787110336
1361877539782852609,negative,0.012733965306920133
1361877550549581831,negative,1.3797612149849443e-06
1361877553145917442,neutral,0.49789225920557484
1361877563371646983,negative,0.0001692787737436117
1361877569243672577,neutral,0.4521490705489982
1361877570510336002,negative,0.010219637945155553
1361877574243213319,negative,1.7298764783720144e-07
1361877589699223553,negative,0.011724737227430823
1361877592454950914,negative,0.22655226629506434
1361877597030920192,negative,0.0004963985201758914
1361877600763863041,negative,0.00010666210849571307
1361877602345119745,negative,0.16594987411191853
1361877602672254976,negative,0.16594987411191853
1361877604261855232,negative,1.7776182984160287e-07
1361877605805395973,negative,0.24302707946617272
1361877617826144257,negative,0.0005557474046407804
1361877619902455808,negative,0.026475881276046127
1361877625195659264,negative,0.008787525787110336
1361877630207729668,neutral,0.49789225920557484
1361877630690217987,negative,0.315636072672723
1361877630996402177,negative,4.98718790046074e-06
1361877633903046660,negative,0.009959724022684842
1361877643549900800,negative,0.2546916305421647
1361877664508878848,negative,0.004616623523261459
1361877667205758977,neutral,0.473900428439256
1361877670577987591,negative,0.05202956607066125
1361877690937147393,negative,0.001828033853198001
1361877692170264578,negative,0.0440944268423137
1361877710386196482,negative,3.7841470757475346e-06
1361877712353198089,negative,6.560942635424516e-05
1361877712881688576,negative,0.012733965306920133
1361877741499465731,neutral,0.4239509709074909
1361877742946516998,negative,0.2151150543948048
1361877746855653379,negative,0.0004963985201758914
1361877756171190272,negative,1.3812993110793645e-05
1361877772449308674,negative,0.0006449094675512239
1361877776232554498,negative,0.009959724022684842
1361877786626060289,negative,0.0004963985201758914
1361877791180996608,negative,0.1552957530501846
1361877794423271429,negative,0.045307607070428184
1361877804510543873,negative,0.24302707946617272
1361877807597461506,negative,0.11744977026012383
1361877813138194433,negative,0.1202084917724177
1361877829433126912,negative,3.030349240101909e-05
1361877831245045766,negative,0.10600631914005379
1361877840648626177,negative,0.07309649862156366
1361877841135083525,negative,0.02162292434365198
1361877843651756039,positive,0.9997435592868792
1361877844230553600,negative,0.08487548209730622
1361877846420054016,negative,7.274885223225973e-05
1361878150993567744,negative,0.06655558878274268
1361878165271040005,negative,0.009652742178033073
1361878166910951425,negative,0.14816434322213404
1361878178390769666,negative,0.24069718251009975
1361878185982500866,negative,0.08487548209730622
1361878199798530049,negative,0.06397659360016339
1361878200779997184,negative,0.1514748958412568
1361878217552969734,negative,0.011724737227430823
1361878223076790282,neutral,0.49789225920557484
1361878226314919938,neutral,0.5840983868925933
1361878256174120964,negative,0.08487548209730622
1361878260502720515,negative,0.08487548209730622
1361878260527865863,negative,0.08487548209730622
1361878260540342281,negative,0.004616623523261459
1361878260825653252,negative,0.2546916305421647
1361878263518355456,negative,0.0035504036182875363
1361878304383528960,negative,2.9067311089443192e-12
1361878309026619392,negative,0.08487548209730622
1361878323484188672,positive,0.7045051579886188
1361878324293869570,negative,0.0010618554824114326
1361878327196332034,neutral,0.5044763735405472
1361878329243152387,negative,0.20749095959180164
1361878334448275460,positive,0.9997435592868792
1361878342769680388,negative,0.014645840623715354
1361878354518024192,negative,0.2546916305421647
1361878384259829760,negative,0.0807976212128644
1361878389481758721,negative,0.00012460357660600964
1361878393055232001,negative,0.0005382374605182403
1361878395433328644,positive,0.8530237862281367
1361878400399507460,positive,0.9997435592868792
1361878401884258310,negative,0.05158364615414198
1361878402823823360,negative,0.08487548209730622
1361878403184386048,positive,0.8642176910844662
1361878413401673728,negative,0.004616623523261459
1361878432552951808,negative,9.64425682387607e-09
1361878441130344448,negative,0.20635650285410426
1361878443479212032,negative,0.08487548209730622
1361878445156945922,negative,0.08487548209730622
1361878463544782848,negative,0.015896837888130847
1361878464031322112,negative,0.004616623523261459
1361878467797745665,negative,0.03198637565464466
1361878474332508162,negative,0.08487548209730622
1361878488253407233,negative,0.10091099155150356
1361878492942655489,negative,0.16594987411191853
1361878497719967748,negative,0.14816434322213404
1361878503193387011,negative,0.1341482561691203
1361878512014028803,negative,0.02162292434365198
1361878514111295488,negative,0.1341482561691203
1361878524500594690,negative,0.2546916305421647
1361878530527797248,negative,0.012733965306920133
1361878530896908289,positive,0.8269951202883834
1361878547372126208,negative,0.0003742708811583074
1361878547904790528,negative,0.0004963985201758914
1361878551373504512,negative,0.011724737227430823
1361878552367480837,neutral,0.46127768308170247
1361878552522551297,negative,0.0007306282023065352
1361878569509650440,negative,2.729547297336752e-08
1361878570839203841,negative,0.0029188040272063185
1361878576153387012,negative,0.22655226629506434
1361878577621442560,negative,0.023188022685777843
1361878602917240832,negative,0.06397659360016339
1361878604351700993,negative,0.008787525787110336
1361878616372621321,positive,0.8607527059350024
1361878618037751811,negative,0.011029875467129453
1361878618918555650,negative,0.000346180932997786
1361878623721029634,negative,0.008178362527209763
1361878628498292736,negative,0.0049304725671026174
1361878645674029060,negative,0.1552957530501846
1361878646886182912,negative,0.31040083989770595
1361878676288200709,negative,0.0004963985201758914
1361878676896382976,negative,0.12089632538353827
1361878679152951303,neutral,0.46511884455441777
1361878683582160898,negative,0.034125975144151485
1361878695108087808,negative,0.0003742708811583074
1361878707737137153,negative,0.08487548209730622
1361878720156291074,neutral,0.3688120122074838
1361878733238530050,negative,0.012733965306920133
1361878746098245643,negative,0.20949107269334255
1361878748883283971,negative,0.1202084917724177
1361878769045241858,negative,0.22264682205748218
1361878778134355968,negative,0.0004963985201758914
1361878792562737155,negative,0.1552957530501846
1361878793883963394,negative,0.008787525787110336
1361878811625799684,negative,0.012733965306920133
1361878816726142976,negative,0.012733965306920133
1361878818676383747,neutral,0.4507454498615163
1361878821385961473,negative,0.001828033853198001
1361878834182774786,negative,0.0029808345151023747
1361878836980445184,positive,0.9531036059045972
1361878840042217474,negative,0.08487548209730622
1361878847491366915,negative,0.08487548209730622
1361878847734579200,neutral,0.46127768308170247
1361878851018760192,negative,0.08487548209730622
1361878851660500994,negative,0.06397659360016339
1361878857033408517,negative,0.08487548209730622
1361878867921805312,negative,0.008787525787110336
1361878908078067714,negative,0.0043475920255877315
1361878914910613504,positive,0.9985125475934508
1361878926885343233,negative,3.030349240101909e-05
1361878934825140225,negative,0.0786829426603534
1361878939300483072,neutral,0.3688120122074838
1361878943104700425,negative,0.06397659360016339
1361878958602661889,negative,0.1341482561691203
1361878962385915906,neutral,0.48474791396106254
1361878962872410113,negative,0.0022090088623744376
1361878966114668546,neutral,0.48474791396106254
1361878966919974914,negative,0.2546916305421647
1361878968878706692,negative,6.283362256953369e-07
1361878969012940800,negative,0.033146332592495276
1361878970577412096,positive,0.9992227849498281
1361878977586081792,negative,0.0031992710687766012
1361878978026491904,neutral,0.4507454498615163
1361878999933329416,negative,0.24302707946617272
1361879001149681667,negative,0.06830251496717646
1361879014546235393,negative,0.014640225778544196
1361879039686893570,negative,0.042877584610600386
1361879040425099264,negative,0.06614935992803814
1361879045470887937,neutral,0.5260478434506541
1361879052005605377,neutral,0.473900428439256
1361879064177434624,negative,0.0031992710687766012
1361879074449285127,negative,0.03985891398569057
1361879083752296451,negative,0.0031992710687766012
1361879091633389570,negative,0.08487548209730622
1361879092006641664,negative,0.11913211827377823
1361879093176918016,negative,0.00023263281506693948
1361879095911546886,negative,0.2546916305421647
1361879106372186113,negative,0.08487548209730622
1361879109123588097,negative,0.08487548209730622
1361879117436698625,negative,0.009652742178033073
1361879120498540544,negative,0.00983668649910313
1361879122377646080,negative,0.009959724022684842
1361879122826334208,negative,0.0003742708811583074
1361879125078720523,negative,0.008386989846079768
1361879142791217158,neutral,0.49789225920557484
1361879152379445249,negative,0.06397659360016339
1361879158159253506,negative,0.08487548209730622
1361879166417707008,negative,0.0003742708811583074
1361879171069263872,negative,0.0029188040272063185
1361879181991305216,neutral,0.38160023136573806
1361879184990216201,neutral,0.38160023136573806
1361879196386156544,negative,0.3128792522391553
1361879207421374466,neutral,0.5984715068890375
1361879216762019841,negative,0.001828033853198001
1361879233476382722,neutral,0.4964118300361966
1361879234311032834,negative,0.017477102528914334
1361879239088349186,negative,0.2763763798766888
1361879246973636608,negative,0.007657406382700381
1361879249913847809,negative,0.04765971013214011
1361879255177703425,neutral,0.5670740986568444
1361879259841761281,neutral,0.439208455143605
1361879260789690368,negative,0.06577340335391564
1361879261511057410,negative,0.07045556616044979
1361879261775208450,negative,0.022167072996221983
1361879263134314498,negative,0.02627134440738671
1361879281564057600,negative,0.2291022847544043
1361879281622745089,negative,0.0036558024039294638
1361879284688842753,negative,0.0029808345151023747
1361879287738097665,negative,0.011724737227430823
1361879292519600135,negative,0.07634094693962588
1361879300761411586,negative,1.462732557532893e-06
1361879302766268416,negative,0.18604504563452057
1361879303021977600,neutral,0.42860102523041266
1361879310173429760,neutral,0.40234993434680955
1361879311855288326,negative,0.16594987411191853
1361879316192137218,negative,0.20415194740456125
1361879321426722818,negative,0.1267383225973587
1361879325427986439,negative,0.21225774142375153
1361879332868792322,negative,0.10600631914005379
1361879347431231490,negative,0.19576051584226958
1361879355203325954,negative,0.19576051584226958
1361879361977221121,negative,0.06672298145353373
1361879363361386496,neutral,0.4226408704156019
1361879368520368128,neutral,0.38882755524272306
1361879383380647937,negative,3.5225689036806686e-05
1361879395842015233,negative,0.06468138426225561
1361879396177612800,negative,0.08487548209730622
1361879409553268737,negative,0.18604504563452057
1361879423889326081,negative,0.026140970247683772
1361879427668467720,negative,6.516823818583188e-05
1361879428607873027,neutral,0.4494575882171096
1361879432554815488,negative,0.001828033853198001
1361879442541395969,negative,3.9269188912709347e-10
1361879452859461636,negative,0.008787525787110336
1361879453018841089,negative,0.06397659360016339
1361879462992883722,positive,0.9755957253195419
1361879465635250177,negative,0.014640225778544196
1361879481309409281,negative,0.008787525787110336
1361879490322907138,negative,0.0012639818539040711
1361879506030583810,negative,0.08487548209730622
1361879511600664576,negative,0.08487548209730622
1361879515400560641,negative,0.08487548209730622
1361879515828518916,negative,0.008787525787110336
1361879527165734912,negative,0.009652742178033073
1361879529598443521,negative,0.055503418084505964
1361879531762647042,negative,0.29283741745086406
1361879539807354881,negative,0.008787525787110336
1361879552868425729,negative,0.008787525787110336
1361879556915920896,negative,0.10392623166016784
1361879558216032258,negative,0.00020624895414141033
1361879568404148226,negative,0.003475915649157152
1361879568668360706,negative,0.08487548209730622
1361879575454695424,negative,0.3091696017977295
1361879579334483969,positive,0.9755957253195419
1361879588633198592,negative,0.08487548209730622
1361879599555244033,negative,0.2248871272402879
1361879608484896768,negative,0.0009074943710408179
1361879610284253184,negative,0.0005382374605182403
1361879610414227464,neutral,0.48474791396106254
1361879613660688387,negative,0.14816434322213404
1361879616365953033,negative,0.008787525787110336
1361879632522473474,negative,0.012733965306920133
1361879643788345344,positive,0.9755957253195419
1361879644706865152,negative,0.09210591174186994
1361879658816557057,negative,0.06655558878274268
1361879667544850434,negative,0.1552957530501846
1361879670036307969,negative,0.0004963985201758914
1361879672959754240,negative,0.012733965306920133
1361879675463737349,negative,0.08487548209730622
1361879675870584832,negative,0.006175159767561927
1361879678223593483,neutral,0.49789225920557484
1361879680895356930,negative,0.045030771652647704
1361879688487055360,negative,0.012733965306920133
1361879701430624257,negative,0.2350298175983451
1361879710997839873,negative,0.08487548209730622
1361879714839875584,negative,0.001828033853198001
1361879718644047874,neutral,0.4964118300361966
1361879720065986565,negative,0.009652742178033073
1361879723337543681,negative,0.038673497894212046
1361879731508027398,negative,0.08487548209730622
1361879732938305536,negative,0.08487548209730622
1361879734708293632,negative,0.0005771332642230888
1361879736151072768,negative,0.009959724022684842
1361879739896631298,negative,0.0001692787737436117
1361879751611342848,negative,0.009959724022684842
1361879753221939200,positive,0.9997435592868792
1361879771630690308,neutral,0.5044763735405472
1361879777636941825,positive,0.9997435592868792
1361879779688017920,negative,0.009090336943946111
1361879794250641409,negative,0.038673497894212046
1361879794728767488,negative,3.3130913157022284e-05
1361879798512037888,negative,0.18459858958932926
1361879810050584577,negative,0.1552957530501846
1361879812592304128,negative,0.1552957530501846
1361879829348556805,negative,0.1552957530501846
1361879832309600259,neutral,0.392947250599622
1361879835346354176,negative,0.012733965306920133
1361879844510957570,negative,0.012733965306920133
1361879859463618560,negative,3.030349240101909e-05
1361879859505614850,negative,0.0008348164097647428
1361879860294082562,negative,0.1552957530501846
1361879869299261442,negative,0.002547090447475945
1361879870385627138,negative,0.0038382506309763103
1361879877339783170,negative,6.283362256953369e-07
1361879889541009412,negative,0.22655226629506434
1361879897799540736,negative,6.283362256953369e-07
1361879901037592578,negative,5.655090146358599e-05
1361879905659744260,negative,0.011724737227430823
1361879907169615872,negative,0.012733965306920133
1361879912047644673,negative,0.009959724022684842
1361879913742163968,negative,0.12655630774703208
1361879920260038656,neutral,0.347159790633085
1361879924382986241,negative,0.002178542806246336
1361879933946105856,negative,0.08487548209730622
1361879953642512389,negative,0.008787525787110336
1361879957971025927,negative,0.02645490041437983
1361879959401291777,negative,0.022167072996221983
1361879966053457924,negative,0.0357006374154251
1361879966380662785,negative,0.012733965306920133
1361879971887775744,negative,0.038673497894212046
1361879976920891392,negative,3.772225654815395e-07
1361879985993240578,negative,8.382124934356368e-05
1361879986207158275,negative,0.0004963985201758914
1361879990544048128,negative,0.012733965306920133
1361879991458357248,negative,0.05398272765311015
1361879993635209218,negative,0.27926391863729233
1361880002057408512,negative,0.008787525787110336
1361880004695642114,negative,0.2546916305421647
1361880018230669312,neutral,0.4964118300361966
1361880026396954629,neutral,0.44085765342196714
1361880026887589892,negative,7.02824336157605e-05
1361880036886863878,negative,1.3797612149849443e-06
1361880038698848256,negative,0.029876527693939704
1361880040724717568,neutral,0.3526434678804405
1361880041672617985,neutral,0.46217342324685806
1361880043539075073,negative,2.5755818806913856e-05
1361880043555860483,negative,0.24302707946617272
1361880048278601730,negative,0.012733965306920133
1361880049432092672,negative,0.0004963985201758914
1361880051881549832,neutral,0.34737867637707215
1361880057971683329,negative,0.0029808345151023747
1361880058256883713,negative,3.7558347132330655e-06
1361880063004741641,neutral,0.4494575882171096
1361880063797559297,negative,0.011724737227430823
1361880063893938177,neutral,0.4494575882171096
1361880066880385024,negative,0.0001692787737436117
1361880072307810308,negative,0.2540493955967178
1361880080365019142,negative,0.08487548209730622
1361880086358679556,negative,0.2546916305421647
1361880089202409473,neutral,0.5044763735405472
1361880095389065220,negative,0.0004963985201758914
1361880096416681989,negative,0.0002124389959480032
1361880109603565571,negative,0.0614483936301134
1361880122769432576,negative,0.15493706150180225
1361880123780321283,negative,0.003009219498415957
1361880129643966466,negative,0.058049581235663256
1361880134228336643,negative,0.03417321132216898
1361880138531635203,negative,7.4048361585413395e-09
1361880143694807041,positive,0.9997435592868792
1361880144495996930,negative,0.14043718236865435
1361880153681461253,negative,0.14253048773046617
1361880158597246976,positive,0.9997435592868792
1361880159322845193,negative,0.012733965306920133
1361880163244515329,negative,0.08487548209730622
1361880165287141376,negative,0.038673497894212046
1361880166356705281,neutral,0.4964118300361966
1361880173432475648,negative,5.576169149907258e-06
1361880177962319875,negative,0.016176725409275776
1361880182974472192,negative,0.019648130180434393
1361880182974525447,negative,0.04765971013214011
1361880187953180673,negative,0.008787525787110336
1361880198883512322,negative,0.03518249631847937
1361880205959327748,negative,0.029241583124212635
1361880214385487872,negative,0.20415194740456125
1361880239492788233,negative,0.13748053348141603
1361880242726526978,negative,0.2546916305421647
1361880246363033603,negative,0.026140970247683772
1361880246597861380,negative,0.045405454560376465
1361880247399030785,negative,0.12029281350983972
1361880252440584192,negative,0.008787525787110336
1361880265350668294,negative,0.08487548209730622
1361880267657535489,neutral,0.38882755524272306
1361880280286572548,negative,0.0002124389959480032
1361880280886296576,negative,0.03333954108168164
1361880290197708802,negative,0.008178362527209763
1361880302474457092,negative,0.022167072996221983
1361880303674003458,negative,0.08487548209730622
1361880307247575043,negative,0.013498320743994199
1361880309000794115,positive,0.9997435592868792
1361880318110814208,positive,0.9997435592868792
1361880318626721792,neutral,0.3526434678804405
1361880330765033473,negative,0.2546916305421647
1361880332560130050,negative,2.4839988622380986e-07
1361880332652449795,negative,3.714054357663868e-05
1361880342433591298,negative,0.1552957530501846
1361880345428254725,negative,0.23336021288425218
1361880346053074946,neutral,0.3670932131618649
1361880356681641986,negative,0.08487548209730622
1361880367398080512,negative,0.011724737227430823
1361880369809788935,negative,0.012733965306920133
1361880385345495041,neutral,0.36482631669247967
1361880427322081281,negative,0.01130536739368902
1361880437732356097,negative,0.0044019565137903855
1361880442845208579,negative,0.0003760745988025662
1361880448943742976,negative,0.008787525787110336
1361880460243124224,negative,0.18604504563452057
1361880462306603009,neutral,0.47798030869298397
1361880463472689153,neutral,0.47798030869298397
1361880476391194625,negative,0.011724737227430823
1361880476999319554,negative,0.2438842189092292
1361880487619403779,negative,0.08487548209730622
1361880490437877760,negative,0.2778363228879513
1361880493579333633,negative,0.2729564396999744
1361880493709484032,neutral,0.49789225920557484
1361880494401552385,negative,0.20415194740456125
1361880503020756993,negative,8.382124934356368e-05
1361880506393120769,negative,0.08487548209730622
1361880510558064642,negative,6.283362256953369e-07
1361880512155947009,negative,0.0010247758430104626
1361880514358034432,negative,0.038673497894212046
1361880535015043073,negative,0.0022090088623744376
1361880535484760064,negative,0.1267383225973587
1361880538492112899,negative,3.7558347132330655e-06
1361880542132776968,negative,0.012733965306920133
1361880545077186560,negative,4.831451589916876e-05
1361880545806983172,negative,0.0009077167490860785
1361880549598457863,negative,5.081234150011747e-05
1361880549791387659,negative,0.12345885601887689
1361880550282121216,negative,0.02845907602757046
1361880550802350081,neutral,0.3429727586707685
1361880550814998530,negative,0.013890270185334085
1361880556913512448,negative,0.04023749359008311
1361880561237647361,negative,0.02086594186491789
1361880564094152711,negative,4.3109906129755846e-07
1361880565801222147,negative,0.003108340248961966
1361880566652686342,negative,0.01356569342144618
1361880567088898055,negative,3.7841470757475346e-06
1361880568015642625,negative,0.1766446800275917
1361880573187420160,negative,0.13024746950888083
1361880579772456965,negative,0.026081558377943796
1361880580917497856,negative,0.008787525787110336
1361880588588875776,neutral,0.439208455143605
1361880592007135237,negative,0.006263072623066825
1361880594897076224,negative,0.02265920925914579
1361880602115403776,negative,0.05788342138255822
1361880604887965702,negative,3.4461368714500503e-11
1361880609547841538,negative,0.01372655318087359
1361880609942077441,negative,0.18604504563452057
1361880613184303106,neutral,0.4964118300361966
1361880620989833225,negative,0.08487548209730622
1361880622076211200,negative,4.284214815452935e-11
1361880630498320387,neutral,0.6200590102455651
1361880630720684032,negative,0.0029808345151023747
1361880634587820036,negative,0.2778363228879513
1361880654577758208,neutral,0.49789225920557484
1361880662089826304,negative,0.012733965306920133
1361880665810157568,negative,0.015780859407939968
1361880684726542336,negative,0.08487548209730622
1361880692804706309,negative,0.008787525787110336
1361880693354213377,negative,0.2546916305421647
1361880724475957248,negative,0.039022925889627226
1361880724991856645,negative,0.008787525787110336
1361880737906106370,neutral,0.37532323179898747
1361880743731937295,negative,0.12029281350983972
1361880745644609538,negative,0.221705664558758
1361880747049639937,neutral,0.46127768308170247
1361880763139059715,neutral,0.47798030869298397
1361880773003984896,negative,0.19698082755488408
1361880779425533957,negative,0.08487548209730622
1361880789764481026,negative,0.009959724022684842
1361880795326144512,negative,0.008178362527209763
1361880804830441476,negative,4.047004335537911e-06
1361880814330535937,neutral,0.46127768308170247
1361880814758342657,negative,0.012733965306920133
1361880820349349890,negative,0.000207654790174427
1361880823243358210,negative,0.00630723342944546
1361880824203780102,negative,0.11023381203743969
1361880825655132170,positive,0.95392816791782
1361880830247796740,negative,0.11023381203743969
1361880833553035264,negative,0.008178362527209763
1361880842436493315,negative,0.2546916305421647
1361880847285059592,negative,0.11023381203743969
1361880852674863104,negative,0.11023381203743969
1361880859826139138,negative,0.0014869109941493663
1361880861310914562,negative,0.015896837888130847
1361880875227471874,negative,0.012733965306920133
1361880880533430275,negative,0.11023381203743969
1361880893867102210,negative,0.0049304725671026174
1361880898241765379,negative,6.283362256953369e-07
1361880899760099328,negative,0.0029808345151023747
1361880911675940866,negative,0.11023381203743969
1361880915216109568,negative,0.012733965306920133
1361880921608224769,neutral,0.439208455143605
1361880922656825345,negative,0.022167072996221983
1361880924531613699,negative,0.11023381203743969
1361880925437583361,neutral,0.46127768308170247
1361880926574247938,positive,0.9997435592868792
1361880930273685510,negative,0.00017291701862270003
1361880934652510208,negative,0.012733965306920133
1361880943083081730,neutral,0.42507619662732005
1361880945322819593,negative,0.0010247758430104626
1361880946929266688,negative,0.0004963985201758914
1361880948212654084,negative,0.08479311159671064
1361880962167164928,negative,0.025606017400316622
1361880962708213763,neutral,0.439208455143605
1361880964339744769,negative,0.2546916305421647
1361880968253079554,negative,0.0022090088623744376
1361880970467622913,negative,0.1552957530501846
1361880976222257156,negative,0.012733965306920133
1361880993532157956,negative,3.975282724977419e-05
1361881004642869249,negative,0.2546916305421647
1361881006207361031,negative,0.0004887958490204517
1361881008048635905,negative,0.0004963985201758914
1361881009336291330,negative,4.440623691140459e-05
1361881014302343168,negative,0.005119189625353746
1361881020879015939,negative,0.17862333900625538
1361881022510596099,negative,0.004207090270356694
1361881026360975360,negative,0.08487548209730622
1361881027887644673,negative,0.008787525787110336
1361881029376675841,negative,3.550784898581507e-05
1361881032073621509,negative,0.06397659360016339
1361881035978506246,negative,0.0072348951276908395
1361881039136821248,negative,0.275639177686177
1361881052231385088,negative,0.11023381203743969
1361881066391429122,negative,0.022167072996221983
1361881073085538304,negative,3.8433127077228875e-07
1361881085743947781,negative,0.22655226629506434
1361881089023897603,positive,0.8602344097895265
1361881098322608128,negative,0.0749559292706781
1361881099429937156,negative,0.0004963985201758914
1361881105066958850,negative,0.17170918554421166
1361881107730489347,negative,0.0031992710687766012
1361881109575970819,negative,0.0027821220250948907
1361881118111334403,negative,0.0004963985201758914
1361881131310809091,negative,0.0004963985201758914
1361881139980468225,negative,0.13982507005536826
1361881152101965824,negative,0.008787525787110336
1361881165058179072,negative,0.0008055330330625539
1361881174310723587,negative,0.11023381203743969
1361881181902561283,negative,4.98718790046074e-06
1361881185899675648,neutral,0.4964118300361966
1361881204375515141,negative,0.2598407968380923
1361881210084073483,negative,0.2598407968380923
1361881212873289728,neutral,0.473900428439256
1361881219420598272,negative,0.008787525787110336
1361881231412129794,negative,0.0031992710687766012
1361881233484115975,negative,4.300110616616619e-12
1361881236034121731,negative,0.11023381203743969
1361881237422489604,negative,0.08491843363062927
1361881248323493889,negative,0.0050928488051695505
1361881251943243776,negative,0.0031992710687766012
1361881252089917440,negative,0.0010247758430104626
1361881255428694016,negative,0.026081558377943796
1361881258977091585,negative,0.012733965306920133
1361881259295854592,negative,0.0004963985201758914
1361881262777126912,negative,0.011724737227430823
1361881276068814848,negative,0.01851124666926988
1361881286172893187,negative,0.006881882582654818
1361881291638116352,negative,0.2621209176193834
1361881299439468559,negative,0.0031992710687766012
1361881303919063043,negative,0.011724737227430823
1361881304556429314,negative,0.11023381203743969
1361881304783065088,negative,1.1219250671250282e-07
1361881307194806274,negative,0.038673497894212046
1361881312278249474,negative,0.019609815658531107
1361881314992025601,negative,0.08487548209730622
1361881316157915136,negative,0.24302707946617272
1361881328485101569,negative,0.1552957530501846
1361881329818828800,positive,0.9472336917908672
1361881336085012480,negative,0.11023381203743969
1361881348433084417,negative,9.64425682387607e-09
1361881350152859652,negative,0.0031992710687766012
1361881352975446017,negative,0.1552957530501846
1361881355785756675,negative,0.015847144353834074
1361881362974740487,negative,0.0003724896679878416
1361881365076148228,neutral,0.3666580147132085
1361881369014657030,negative,0.008787525787110336
1361881370155487238,negative,0.012733965306920133
1361881381576601602,negative,0.2282167945946264
1361881385628274689,negative,0.0004963985201758914
1361881391839936513,negative,0.11023381203743969
1361881393865908225,negative,0.005042084078181756
1361881399016488962,neutral,0.42868714123335616
1361881401046556673,negative,0.006692941103026337
1361881408801697794,neutral,0.47798030869298397
1361881424836591619,negative,3.66949791419101e-05
1361881428309508097,negative,0.07694589379374735
1361881440145838083,negative,0.10139017318907137
1361881448039514117,negative,7.552205045509577e-06
1361881464607035393,negative,0.2546916305421647
1361881466590748675,negative,0.015896837888130847
1361881482743193600,negative,0.011724737227430823
1361881488170635265,negative,0.08487548209730622
1361881490716577792,negative,0.23090860985991496
1361881493384044545,negative,0.2234081551137289
1361881500766076929,neutral,0.46127768308170247
1361881512581492738,negative,0.02320764919143569
1361881513097322496,negative,0.0031992710687766012
1361881526577860610,negative,0.08479311159671064
1361881528368848905,negative,0.2546916305421647
1361881538124726273,negative,0.012733965306920133
1361881540523941890,negative,0.16594987411191853
1361881550074359809,negative,0.11023381203743969
1361881574468378627,negative,0.16594987411191853
1361881584639610881,negative,0.07271753467465127
1361881588594835463,neutral,0.5044763735405472
1361881608211562498,negative,0.2546916305421647
1361881612611244034,negative,0.08487548209730622
1361881638947467266,negative,0.02645490041437983
1361881651534573570,positive,0.9997435592868792
1361881668655669250,negative,0.011724737227430823
1361881670123728897,negative,0.022167072996221983
1361881675970605062,negative,0.2546916305421647
1361881683759226888,negative,0.2763763798766888
1361881686708023304,negative,0.14750171462874828
1361881705955606529,negative,0.0031992710687766012
1361881707461423107,negative,3.4748600440789613e-07
1361881718425288707,negative,0.015791028521967874
1361881726264479745,negative,0.035625172059837826
1361881727451484162,negative,0.01758432272701439
1361881729707958273,positive,0.9997435592868792
1361881739489124352,positive,0.9997435592868792
1361881742798450692,negative,0.004403163557947827
1361881744341938179,negative,0.008178362527209763
1361881749987479552,negative,0.11023381203743969
1361881750226534402,negative,0.10848980838764542
1361881750570426368,negative,0.00012730297353696243
1361881753384857606,negative,0.30345284209851187
1361881759193968641,negative,0.006175159767561927
1361881771630092290,negative,0.0004963985201758914
1361881772120768513,negative,0.009959724022684842
1361881785597124608,negative,0.008398550917616402
1361881800734363650,negative,0.0029808345151023747
1361881812419633153,negative,0.0027821220250948907
1361881814651064323,negative,0.008787525787110336
1361881816009949187,neutral,0.35919238744529935
1361881830736207872,negative,0.1747214282183876
1361881837375782912,negative,0.16500727463727297
1361881849958694912,negative,0.0001692787737436117
1361881852399792131,negative,0.0004963985201758914
1361881863934140419,negative,0.08487548209730622
1361881867570528256,negative,0.16594987411191853
1361881921991639043,negative,0.008330374595882699
1361881922650185731,negative,0.08487548209730622
1361881929499500546,negative,0.012733965306920133
1361881929537224705,neutral,0.439208455143605
1361881930128642048,negative,0.08487548209730622
1361881935761522694,negative,7.552205045509577e-06
1361881939637112836,negative,0.1552957530501846
1361881951246950401,negative,7.335533772030704e-08
1361881954879229952,negative,0.058049581235663256
1361881967101284354,negative,0.07271753467465127
1361881975255089153,negative,0.0024490602398098025
1361881975611564034,positive,0.6610599023632246
1361881976156938240,negative,0.08487548209730622
1361881983069134850,negative,0.0029808345151023747
1361882007438036997,negative,3.4439390348349205e-05
1361882007748288513,negative,0.11023381203743969
1361882011716235266,positive,0.6905475384102502
1361882027809628162,positive,0.8830788274688061
1361882032016654336,negative,0.038673497894212046
1361882042112372737,negative,0.05099999887419644
1361882043580350470,neutral,0.5287874960061721
1361882052824625153,negative,0.004733130805329695
1361882055630544896,negative,0.2296286488689187
1361882059816329218,negative,0.016603965039542947
1361882060743315465,negative,0.00021189775231981615
1361882064040124416,neutral,0.3499352441185855
1361882064988045312,negative,0.005198190955006419
1361882077373878281,negative,0.011724737227430823
1361882080389570560,negative,0.0027821220250948907
1361882080813146114,negative,0.0027821220250948907
1361882089663193089,positive,0.6610599023632246
1361882097691086848,negative,0.02265920925914579
1361882101059059713,negative,0.0357006374154251
1361882126241693698,negative,0.011724737227430823
1361882127000739842,negative,0.1633598716635277
1361882131694288897,neutral,0.5287874960061721
1361882133745303558,negative,0.0004963985201758914
1361882140053495809,negative,0.0004963985201758914
1361882140242300932,negative,0.011724737227430823
1361882147599110144,positive,0.9472336917908672
1361882149427826689,positive,0.9472336917908672
1361882150140837889,positive,0.6905475384102502
1361882161750671360,negative,0.013498320743994199
1361882163835252736,negative,0.11023381203743969
1361882194243817475,negative,0.24905078547023604
1361882195263188994,negative,0.09162677820340086
1361882195791548420,negative,0.2166443740248619
1361882200266989571,negative,0.0027821220250948907
1361882204389924867,negative,0.322654491124485
1361882217245474816,negative,0.2539080860783462
1361882217677529095,negative,0.015791028521967874
1361882251307470848,negative,0.2546916305421647
1361882251995344897,negative,0.009959724022684842
1361882270882226179,negative,0.0004963985201758914
1361882284933206016,negative,0.038673497894212046
1361882286246002691,positive,0.9997435592868792
1361882288783560707,negative,0.2793877452130199
1361882298531147781,positive,0.9997435592868792
1361882300527607810,negative,0.0005382374605182403
1361882300598878208,neutral,0.626164082257502
1361882305120391169,negative,0.08595589338800949
1361882312221327362,positive,0.9997435592868792
1361882314645639175,negative,0.006448628918714372
1361882315278934018,negative,0.009652742178033073
1361882316679901189,positive,0.9755957253195419
1361882320295387137,negative,0.1633598716635277
1361882322388328448,negative,7.88302961369691e-08
1361882325949251585,negative,0.008787525787110336
1361882329342484484,negative,0.04732783282349312
1361882347986169861,negative,0.011724737227430823
1361882359914778625,negative,0.0002124389959480032
1361882361923833864,negative,0.2546916305421647
1361882370803130368,negative,0.2546916305421647
1361882375551029250,negative,0.31251327812974533
1361882385961213952,negative,0.0005931743890343257
1361882396895895555,negative,0.00975457181358406
1361882401945886721,negative,0.0031992710687766012
1361882413295489027,negative,0.00032499919537900055
1361882421109657602,negative,0.0029808345151023747
1361882422212767746,negative,0.18604504563452057
1361882426411274241,positive,0.9997435592868792
1361882429032701954,negative,0.1766446800275917
1361882430337142784,negative,0.0049304725671026174
1361882453418283018,negative,0.03198637565464466
1361882458661257219,negative,0.07271753467465127
1361882473307779072,negative,0.0001166496010427645
1361882475530698752,negative,3.7841470757475346e-06
1361882476470300677,negative,0.012733965306920133
1361882478294618119,negative,0.19573890555413936
1361882492245016577,negative,0.008787525787110336
1361882493633314818,negative,0.0027821220250948907
1361882501162139649,negative,0.029241583124212635
1361882516764975104,negative,0.2546916305421647
1361882522456449032,negative,0.24302707946617272
1361882522867675137,negative,0.18949964065933536
1361882523761049600,negative,0.2546916305421647
1361882528412499969,negative,9.989245330332309e-08
1361882532195753984,negative,0.03157525626288607
1361882532522909703,neutral,0.46127768308170247
1361882549589450758,negative,0.0008253033539226955
1361882556350742531,positive,0.9997435592868792
1361882563082551298,negative,0.1826650518364943
1361882564521324545,negative,0.06397659360016339
1361882573107064838,negative,0.001828033853198001
1361882583534088198,negative,0.0049304725671026174
1361882597656317954,neutral,0.5792346794922798
1361882603763171332,negative,0.0012024795547910503
1361882619953225733,negative,0.0038122535408925363
1361882625523159046,negative,4.512588079591048e-09
1361882631374315520,negative,0.1552957530501846
1361882652412903424,negative,0.004616623523261459
1361882670024777729,negative,0.03855385131723913
1361882674600808448,negative,0.009959724022684842
1361882675095732224,negative,0.038673497894212046
1361882682284736515,negative,0.0002124389959480032
1361882692304920580,negative,9.123660013132381e-07
1361882703877054466,neutral,0.5670740986568444
1361882705345073162,negative,0.008787525787110336
1361882706041266176,negative,0.0029808345151023747
1361882721522495488,negative,0.2546916305421647
1361882721627299842,negative,0.23336021288425218
1361882723112136706,negative,0.011724737227430823
1361882724450074631,negative,0.0004963985201758914
1361882731177783297,negative,0.0004092500686210411
1361882731408408576,negative,0.2546916305421647
1361882736441634817,negative,0.0004963985201758914
1361882745752879114,negative,0.07271753467465127
1361882751125909507,negative,0.2546916305421647
1361882760336396288,negative,0.0005219766794018696
1361882764962893826,negative,0.0001692787737436117
1361882771866714113,neutral,0.418503604008622
1361882785372323846,neutral,0.3625395067728328
1361882793328975874,negative,0.026140970247683772
1361882801935708164,negative,0.008787525787110336
1361882811330924546,negative,0.03518249631847937
1361882813889445888,positive,0.9985125475934508
1361882876644651008,negative,0.049886395266551774
1361882881900052480,negative,0.0027821220250948907
1361882889588211717,negative,0.0010999853964459322
1361882896773087237,negative,0.2296286488689187
1361882897641259008,negative,0.008787525787110336
1361882914917478405,negative,0.11023381203743969
1361882939911471104,negative,0.01498092442537356
1361882948572753920,negative,0.0002948732279965196
1361882954620878848,negative,0.2546916305421647
1361882956856442883,negative,0.000567270031957436
1361882963571601411,negative,0.08487548209730622
1361882970567700480,negative,0.0004963985201758914
1361882974757793794,negative,0.06397659360016339
1361882979241521152,negative,0.001828033853198001
1361882980734676992,negative,0.17862333900625538
1361883017476796417,negative,0.012733965306920133
1361883025383055362,negative,0.02265920925914579
1361883034677559301,negative,0.2539080860783462
1361883035109650435,negative,0.0008348164097647428
1361883042772627456,negative,0.04492666952306535
1361883050049740804,negative,0.011724737227430823
1361883066411663362,negative,0.31251327812974533
1361883069091880960,negative,0.012720432657087314
1361883073697222656,negative,0.015310151043698041
1361883078319341574,negative,0.329996670206659
1361883080131239936,negative,0.3100113562199357
1361883090499612679,negative,7.805047768801315e-07
1361883091170713601,negative,0.012733965306920133
1361883099932557314,negative,0.2546916305421647
1361883100905635841,negative,0.0004963985201758914
1361883100972650497,negative,0.033933918591270665
1361883101148938242,negative,0.012733965306920133
1361883116856619010,negative,0.0005193303165861681
1361883124536250369,negative,0.027867694051675516
1361883125396176897,negative,9.685544555033043e-05
1361883133294096391,neutral,0.473900428439256
1361883150025121792,negative,0.15493706150180225
1361883151719665666,positive,0.9189530016837374
1361883151749025794,negative,0.038673497894212046
1361883166181642240,negative,0.038673497894212046
1361883176591912960,negative,0.2546916305421647
1361883178517073920,negative,0.09550020241130751
1361883179628527618,negative,0.0031992710687766012
1361883182103158786,negative,0.0027821220250948907
1361883182795272193,negative,0.012733965306920133
1361883184233918464,negative,0.08487548209730622
1361883195327807489,negative,0.01726644297730258
1361883198171578368,negative,0.0027821220250948907
1361883215305310210,negative,0.08290685290791304
1361883221789614083,negative,3.846371823808068e-13
1361883224134320135,negative,0.009652742178033073
1361883225400967168,negative,0.008787525787110336
1361883232032153604,negative,0.03157525626288607
1361883234339065857,positive,0.8942040527929082
1361883236142620672,negative,0.03157525626288607
1361883247421124609,positive,0.9997435592868792
1361883254874202115,negative,0.11023381203743969
1361883255633567747,negative,0.011724737227430823
1361883262818410497,negative,0.0002124389959480032
1361883263678222340,negative,0.011724737227430823
1361883277716578312,negative,0.06348143671339282
1361883289473196034,negative,0.0009518978734900614
1361883331596611585,negative,0.011724737227430823
1361883335870586884,negative,0.008178362527209763
1361883346624782339,negative,0.03157525626288607
1361883354728136707,negative,0.008787525787110336
1361883355982290951,negative,0.0021549556941039233
1361883356389138433,neutral,0.451439346188083
1361883362567290882,negative,0.06397659360016339
1361883364542791692,negative,0.08487548209730622
1361883369538256897,positive,0.9997435592868792
1361883381961809926,negative,0.2546916305421647
1361883387976417280,negative,0.03157525626288607
1361883390178385922,negative,0.0031992710687766012
1361883390836883456,negative,0.03157525626288607
1361883390929174533,negative,0.03157525626288607
1361883396755099652,negative,0.000729514842082158
1361883400001437698,negative,0.2546916305421647
1361883404900442112,negative,0.0027821220250948907
1361883411586162690,negative,0.012733965306920133
1361883419639218176,negative,0.008178362527209763
1361883424487845889,negative,0.011724737227430823
1361883432788328451,negative,0.012733965306920133
1361883436898791425,neutral,0.39038749189398175
1361883445165703172,negative,0.022167072996221983
1361883455089487878,negative,0.022167072996221983
1361883456913903616,negative,0.008178362527209763
1361883459661279233,negative,0.0029808345151023747
1361883486982975489,negative,0.02937465914313145
1361883503974100993,negative,0.026093256558513096
1361883515609100290,negative,0.019772763170161613
1361883541471191040,negative,0.025893892213671065
1361883543014694919,negative,0.034125975144151485
1361883545069846528,negative,0.014272922491907536
1361883564166565889,negative,0.008787525787110336
1361883566213365763,negative,0.008787525787110336
1361883571946946565,negative,0.012733965306920133
1361883589302833156,negative,0.038673497894212046
1361883599499370499,neutral,0.4964118300361966
1361883601470652419,negative,0.03157525626288607
1361883613579599873,negative,0.03157525626288607
1361883629727543305,negative,0.03157525626288607
1361883650850193409,negative,0.03157525626288607
1361883670475325441,positive,0.7477830783342218
1361883672367005700,negative,0.0027821220250948907
1361883673121882119,negative,0.07271753467465127
1361883678390050818,negative,0.02645490041437983
1361883686342426627,negative,0.1341482561691203
1361883687420235776,negative,0.024885592023291787
1361883694869413890,negative,0.03157525626288607
1361883697906147328,negative,0.22791673513927946
1361883704759566336,negative,0.03157525626288607
1361883708945481728,negative,0.1552957530501846
1361883710308507648,negative,0.31251327812974533
1361883716390424582,negative,0.014640225778544196
1361883716776263689,negative,0.009491650464924499
1361883725626245126,negative,0.0014551185799035644
1361883730852401156,negative,0.0031992710687766012
1361883731397644292,negative,0.008787525787110336
1361883737470959616,negative,0.08487548209730622
1361883745838641156,negative,0.0027821220250948907
1361883746849468427,negative,0.005038418778397965
1361883747658977280,negative,0.03157525626288607
1361883753799385089,negative,0.03157525626288607
1361883764155174913,negative,0.0004963985201758914
1361883785600589828,negative,0.012733965306920133
1361883787018326018,negative,0.009959724022684842
1361883793532084228,negative,0.2767248502266637
1361883798099615744,negative,0.004847277592308675
1361883804550496256,negative,0.022167072996221983
1361883806052007937,neutral,0.5044763735405472
1361883806265987074,negative,5.696191320242541e-06
1361883811206885380,negative,0.0027821220250948907
1361883818328616963,negative,0.02086594186491789
1361883826952302592,neutral,0.36473491957778936
1361883831779749898,negative,0.31251327812974533
1361883832757215235,negative,0.009652742178033073
1361883841011601413,neutral,0.451439346188083
1361883848859136002,negative,0.03213196371770927
1361883857109323777,neutral,0.5175677513201092
1361883859747414016,negative,0.24302707946617272
1361883869637607425,negative,0.1633598716635277
1361883871269302273,negative,0.0027821220250948907
1361883871911043073,negative,0.03157525626288607
1361883891045453827,negative,0.1309244512396826
1361883891234201600,negative,2.54788176931488e-05
1361883892748148736,negative,0.1633598716635277
1361883898926497792,negative,0.08487548209730622
1361883903083044867,negative,0.03157525626288607
1361883904093917184,neutral,0.49789225920557484
1361883906384027648,negative,0.012733965306920133
1361883915196248066,negative,0.0002124389959480032
1361883916551004160,positive,0.9997435592868792
1361883918102855691,negative,0.2767248502266637
1361883927791738887,negative,0.2000927996497618
1361883928332824584,negative,0.03157525626288607
1361883929876328448,neutral,0.35653047599327964
1361883930098610181,negative,0.00023263281506693948
1361883935064657920,negative,0.04920671849221871
1361883937027538944,negative,0.0004963985201758914
1361883950092812289,negative,4.440623691140459e-05
1361883951921393668,negative,0.07271753467465127
1361883957973954560,neutral,0.6527749086951768
1361883968442884097,negative,0.0029808345151023747
1361883972263886848,negative,0.0002124389959480032
1361883979046133760,positive,0.9985125475934508
1361883985916424192,negative,0.0899489198700303
1361883988579807233,negative,0.2767248502266637
1361883996003717123,negative,0.007558412178463262
1361883996112699393,negative,0.06397659360016339
1361884011208048647,negative,0.0027821220250948907
1361884016199290882,negative,0.007788989380988297
1361884017210126337,negative,9.64425682387607e-09
1361884020829786113,negative,0.0004092500686210411
1361884035992199168,negative,0.0031992710687766012
1361884042581450752,negative,0.1552957530501846
1361884044737335299,positive,0.9755957253195419
1361884050420600833,negative,0.0001692787737436117
1361884051964051458,negative,0.015896837888130847
1361884071891247107,neutral,0.44094788290650255
1361884079415828483,negative,0.006982500649917844
1361884084922851332,negative,0.26761117666872525
1361884099254845448,negative,0.008787525787110336
1361884100358008833,negative,0.0027821220250948907
1361884101863686145,negative,0.01709116382246037
1361884113062551552,negative,0.0027821220250948907
1361884114081615875,negative,0.12751211925501568
1361884130431143936,negative,0.004774621824920874
1361884134675652610,neutral,0.5481786446702085
1361884138786217984,negative,0.03157525626288607
1361884141940183043,negative,0.089030581978784
1361884149364252672,negative,0.06664420952000452
1361884153457893378,negative,0.1552957530501846
1361884156209352707,negative,0.0043475920255877315
1361884156385460224,negative,0.018991634403041153
1361884168381161473,negative,0.03245861583471415
1361884189893795841,negative,0.08487548209730622
1361884191370141696,negative,0.0029808345151023747
1361884193693831169,negative,0.08487548209730622
1361884194922770434,negative,0.0014278387105448396
1361884196868943875,negative,0.08487548209730622
1361884199037280256,negative,0.0003742708811583074
1361884205152616449,negative,0.012733965306920133
1361884210781421569,negative,0.026140970247683772
1361884214485016578,negative,0.08487548209730622
1361884223200755719,negative,0.16594987411191853
1361884251139035138,negative,0.009959724022684842
1361884267903557634,negative,0.03157525626288607
1361884270508310528,negative,0.009652742178033073
1361884270864830464,negative,0.011724737227430823
1361884272542547970,negative,0.03157525626288607
1361884278175498240,negative,0.11913211827377823
1361884283863003139,negative,0.016884506863713154
1361884284802457601,negative,0.03382611356260389
1361884286698332162,negative,0.2000927996497618
1361884290091536385,negative,3.7841470757475346e-06
1361884314296856577,negative,7.88302961369691e-08
1361884324367335429,negative,0.0008966505670383505
1361884324493221891,negative,0.19511712883726948
1361884324501594114,negative,0.0012173122947430205
1361884324530905088,neutral,0.403718931450955
1361884324619030530,negative,0.058547897108220476
1361884330855923712,negative,0.06819115704614785
1361884336031748102,negative,0.00012427949545758426
1361884336858017795,negative,0.06397659360016339
1361884339194261504,neutral,0.451439346188083
1361884340955865090,neutral,0.451439346188083
1361884354230710279,negative,0.001828033853198001
1361884375118471170,neutral,0.451439346188083
1361884375424638976,negative,0.03157525626288607
1361884375705657344,negative,8.036991621308341e-09
1361884379631484929,negative,0.03157525626288607
1361884382294859785,negative,0.03058212178977964
1361884389056069633,negative,0.2767248502266637
1361884391769845764,negative,0.017128281507425545
1361884397725605896,negative,0.03198637565464466
1361884403669078020,negative,0.16107092915078003
1361884404289740801,negative,2.2576818852333613e-10
1361884420073017349,negative,0.041279430315713087
1361884438465024001,neutral,0.5287874960061721
1361884458325049350,negative,0.012733965306920133
1361884458341855232,negative,0.058547897108220476
1361884461785370626,negative,0.00024346286534839543
1361884463286923265,negative,7.552205045509577e-06
1361884467971960835,neutral,0.473900428439256
1361884469108633600,negative,0.011724737227430823
1361884471901978629,neutral,0.451439346188083
1361884472984109057,negative,0.01338047675511054
1361884480433246210,negative,0.0031992710687766012
1361884486821117953,negative,0.07271753467465127
1361884488008089601,negative,0.03157525626288607
1361884488779902976,negative,0.0027821220250948907
1361884504034603016,negative,0.08062145608147225
1361884507591372802,negative,0.0031992710687766012
1361884511458398210,negative,0.0004963985201758914
1361884521919111171,negative,0.012083097681466488
1361884539556143105,negative,0.2767248502266637
1361884548771029000,neutral,0.5957399490333923
1361884554848526336,neutral,0.5287874960061721
1361884558774444036,positive,0.9997435592868792
1361884571655016448,neutral,0.552604093023779
1361884577778827267,negative,2.54788176931488e-05
1361884593612345346,negative,0.03157525626288607
1361884594405007361,negative,9.123660013132381e-07
1361884598834061316,negative,0.18603225887391564
1361884599421460482,negative,0.0005156503867103496
1361884604228136961,negative,0.07271753467465127
1361884616043294724,positive,0.7260126856232887
1361884643776151553,negative,4.3795460468188566e-05
1361884647433592834,negative,0.08487548209730622
1361884656128385025,negative,0.011724737227430823
1361884658057756674,negative,0.17862333900625538
1361884699942150149,negative,0.31732489718339985
1361884704320991232,negative,0.16594987411191853
1361884709534457856,negative,0.2546916305421647
1361884711463710723,negative,0.04292367749959653
1361884717235240961,neutral,0.4964118300361966
1361884721869959176,negative,0.03157525626288607
1361884728400498689,negative,0.0672307937880518
1361884729411317761,neutral,0.620143220536405
1361884730107564034,negative,0.00021487038762118218
1361884732238225413,negative,0.011724737227430823
1361884738609414145,negative,0.008787525787110336
1361884748344418306,negative,0.0004963985201758914
1361884753012674560,negative,0.2546916305421647
1361884755923529729,neutral,0.36473491957778936
1361884779709407232,negative,0.0031992710687766012
1361884788295106560,negative,0.030635679359393674
1361884791944196097,negative,0.00916558697214636
1361884792376221699,negative,3.030349240101909e-05
1361884800878055426,negative,0.0036395161647070832
1361884811657273344,negative,0.11661709887851532
1361884812999618564,negative,0.0027821220250948907
1361884813700005888,negative,0.19831264887758945
1361884813893001219,negative,0.010122890284082468
1361884823393103874,negative,0.08487548209730622
1361884837058142209,negative,0.0004963985201758914
1361884841109843968,negative,0.06601848979090187
1361884844662390790,negative,0.009959724022684842
1361884847388717059,negative,0.001193347598885474
1361884848416317443,negative,0.0027821220250948907
1361884854116376576,positive,0.9997435592868792
1361884865159962625,positive,0.7745867626839137
1361884872437075975,negative,0.01758432272701439
1361884881039613954,negative,0.01758432272701439
1361884884885676040,neutral,0.451439346188083
1361884899704246272,negative,0.009652742178033073
1361884913432158208,negative,0.012733965306920133
1361884914988236802,negative,0.035341182231272604
1361884927168503808,negative,0.2546916305421647
1361884944264527874,negative,0.31251327812974533
1361884950002339841,negative,0.001828033853198001
1361884951554248704,negative,0.2546916305421647
1361884955073261579,negative,0.050049334934067644
1361884961817567239,negative,0.009314721569537509
1361884963294089217,negative,0.0008814197550484792
1361884965282213891,negative,0.08487548209730622
1361884978741673984,neutral,0.5044763735405472
1361884986681475083,negative,0.012720432657087314
1361884992293502976,negative,0.06397659360016339
1361884999595786246,negative,0.08487548209730622
1361885000979865601,positive,0.9997435592868792
1361885003559407616,positive,0.7115530373196532
1361885019749376001,negative,3.7841470757475346e-06
1361885029127892992,negative,0.012083097681466488
1361885031950667776,neutral,0.5189494446556555
1361885045955436544,negative,0.009652742178033073
1361885047058481155,negative,0.06601848979090187
1361885054817951745,negative,0.0027821220250948907
1361885072933203976,negative,0.030635679359393674
1361885079551823876,negative,0.0006546958866081576
1361885083662127112,negative,0.19576051584226958
1361885094005342210,negative,0.0004963985201758914
1361885104658907136,negative,0.2767248502266637
1361885119192129541,positive,0.9168285008794561
1361885119439663108,neutral,0.6489077768764223
1361885126796468225,negative,0.001828033853198001
1361885127735992322,negative,0.0016639305254348507
1361885135495434240,negative,0.010122890284082468
1361885136921505793,negative,0.0029808345151023747
1361885151446396930,negative,3.550784898581507e-05
1361885157666541568,negative,0.022167072996221983
1361885158694084608,neutral,0.4964118300361966
1361885164754898945,negative,0.31732489718339985
1361885168982781960,negative,0.06397659360016339
1361885174699589632,negative,8.944517686060507e-07
1361885174833766402,negative,0.0031992710687766012
1361885176004018177,negative,0.002955163148381205
1361885188658253827,negative,0.16594987411191853
1361885189241253888,negative,0.0027821220250948907
1361885189580980233,negative,0.008787525787110336
1361885195021000711,negative,0.0005088627560304163
1361885206874107908,negative,0.03601585268592707
1361885210510577665,negative,0.008178362527209763
1361885227749154820,neutral,0.5288636399463092
1361885252847812608,negative,0.18624941667589287
1361885253594460160,negative,0.1552957530501846
1361885253846106115,negative,0.006093149589146187
1361885259793506311,negative,0.07045556616044979
1361885260275978251,negative,0.012733965306920133
1361885270308708352,negative,0.03157525626288607
1361885273953497092,neutral,0.5209377223862869
1361885277124460550,negative,0.058049581235663256
1361885280454729729,neutral,0.6489077768764223
1361885293339676672,negative,0.00023263281506693948
1361885298792271874,negative,0.006093149589146187
1361885301065486338,neutral,0.4919083653792538
1361885306744696837,negative,0.011724737227430823
1361885311937245188,negative,0.22655226629506434
1361885322439766017,negative,0.0027821220250948907
1361885326445322241,negative,0.011724737227430823
1361885326818574336,negative,0.2920975021940704
1361885327468732419,positive,0.9997435592868792
1361885331340066817,negative,0.2546916305421647
1361885335152689153,positive,0.9997435592868792
1361885335580516354,negative,0.06819115704614785
1361885336612265986,neutral,0.4964118300361966
1361885338579447809,positive,0.8859576144622752
1361885340760498177,negative,0.0031992710687766012
1361885343558041600,negative,0.0013272551468018216
1361885346275991552,negative,3.39580807047684e-06
1361885363728314369,negative,0.10132993544921284
1361885367935336449,negative,0.008178362527209763
1361885371471179778,negative,0.022167072996221983
1361885377456406532,negative,0.0005088627560304163
1361885392572719106,negative,0.06397659360016339
1361885398276915201,negative,9.59322218992611e-05
1361885402739654656,negative,0.00027213521192825425
1361885410415280130,negative,0.16594987411191853
1361885429885243392,negative,0.006093149589146187
1361885431059595264,negative,0.010615581792363117
1361885444766650369,negative,0.09392623977710002
1361885448709242880,negative,0.2546916305421647
1361885450928070656,negative,0.0034325224174224607
1361885451154554880,negative,0.18604504563452057
1361885457437589507,negative,0.050049334934067644
1361885465813647360,negative,0.006093149589146187
1361885477431869441,negative,0.19140396658390318
1361885481823264769,negative,0.009151143412710928
1361885481835917315,neutral,0.49789225920557484
1361885482746060800,neutral,0.49789225920557484
1361885490748792833,negative,0.10392623166016784
1361885496901787650,negative,0.03333954108168164
1361885496952127495,negative,0.18826354685619423
1361885504057331712,negative,0.2767248502266637
1361885511401558018,negative,0.05366419371768196
1361885514132029441,negative,0.0002124389959480032
1361885646789505025,negative,0.012733965306920133
1361885652925571072,negative,0.01758432272701439
1361885658193813507,negative,0.05805626737612856
1361885668776038402,negative,0.0052250352951124
1361885672961937408,negative,0.18039631218698368
1361885678859153409,negative,0.006093149589146187
1361885700128444420,negative,0.008787525787110336
1361885706822578177,negative,0.008787525787110336
1361885716297490437,negative,0.006093149589146187
1361885728641191940,negative,0.11023381203743969
1361885740033056769,negative,0.009652742178033073
1361885740892905477,negative,0.001193347598885474
1361885742679683073,negative,0.012083097681466488
1361885748727853057,neutral,0.4239509709074909
1361885764880113664,negative,0.2546916305421647
1361885764938792962,negative,0.0004963985201758914
1361885772933066757,negative,3.7841470757475346e-06
1361885773264539648,negative,0.2546916305421647
1361885778398371842,negative,0.08487548209730622
1361885794202513412,negative,0.06397659360016339
1361885795687297026,negative,0.008787525787110336
1361885806395330563,negative,0.017838217168144516
1361885820047794176,negative,0.0004963985201758914
1361885821113143296,negative,0.009652742178033073
1361885827790483457,negative,3.7841470757475346e-06
1361885832135794693,negative,0.007966048702602568
1361885833364729856,negative,0.23336021288425218
1361885858220171264,negative,0.21534839837192463
1361885860933890050,negative,0.21534839837192463
1361885878092767232,negative,0.0052576489440671805
1361885891065692162,negative,0.08487548209730622
1361885901245276160,negative,0.25723942938296884
1361885905317990401,negative,0.012733965306920133
1361885912947392515,negative,0.008787525787110336
1361885926176133122,negative,0.11023381203743969
1361885926478209024,negative,0.012733965306920133
1361885929833652224,negative,0.03157525626288607
1361885948145926145,negative,9.64425682387607e-09
1361885962176000003,negative,0.2546916305421647
1361885962696085505,negative,0.0004963985201758914
1361885965648814080,negative,0.04675833348073941
1361885972095524865,negative,0.015791028521967874
1361885981583036417,negative,0.2546916305421647
1361886007096795141,negative,0.03794931489975579
1361886008749428736,negative,6.198091724612674e-05
1361886010989248514,negative,0.03157525626288607
1361886029771341824,negative,0.03157525626288607
1361886031436517377,negative,0.009151143412710928
1361886076936351744,negative,0.0027821220250948907
1361886077930373121,negative,0.0004963985201758914
1361886081088643074,negative,0.013498320743994199
1361886086117654531,neutral,0.3980123224596332
1361886086327328770,negative,0.03157525626288607
1361886087292084226,negative,0.011689679399317148
1361886092060983298,negative,0.0003742708811583074
1361886093101191170,negative,0.06081143347191092
1361886106904649732,negative,0.00012192080044528326
1361886108561399809,negative,0.0027821220250948907
1361886125095219200,negative,0.010193636919093696
1361886131994959877,negative,9.685544555033043e-05
1361886147668938757,negative,0.0005559132224043058
1361886153658552320,negative,0.08487548209730622
1361886156196085760,negative,0.001828033853198001
1361886156934250502,negative,0.1552957530501846
1361886162588209152,negative,0.0002124389959480032
1361886182272098307,negative,0.0027821220250948907
1361886185115770880,negative,0.00010623755681824984
1361886196750811137,negative,0.008787525787110336
1361886198965407744,negative,0.2729564396999744
1361886208486502403,negative,0.0027821220250948907
1361886221870456834,negative,0.0031992710687766012
1361886225758621696,negative,0.002051661784566237
1361886232394027008,negative,0.0005559132224043058
1361886236047147010,neutral,0.4119852884204898
1361886237636907010,negative,0.0027821220250948907
1361886241625620481,negative,0.03066087320686649
1361886259627626497,negative,0.001828033853198001
1361886282373300252,negative,0.014640225778544196
1361886287825948674,negative,0.1552957530501846
1361886300975075329,negative,0.2285598724760891
1361886303948791811,negative,0.1552957530501846
1361886309107855362,negative,0.015896837888130847
1361886310374510594,negative,0.012733965306920133
1361886323863396355,positive,0.9946509977808178
1361886326249967618,negative,0.00018932100108804532
1361886342771339264,neutral,0.3452637951830748
1361886347762405386,neutral,0.4387072179003079
1361886350212026371,negative,1.9196838612506864e-06
1361886374631247873,negative,0.0031449745176615937
1361886385293168644,negative,0.1552957530501846
1361886392666755074,negative,0.03157525626288607
1361886397322436610,negative,0.16594987411191853
1361886400002547712,negative,0.1502730841705451
1361886405526511616,negative,0.03855385131723913
1361886405622923266,neutral,0.6489077768764223
1361886412644241408,negative,3.9269188912709347e-10
1361886417308307457,negative,0.0022090088623744376
1361886421636808705,neutral,0.5044763735405472
1361886428268032001,negative,0.0027821220250948907
1361886429744365568,negative,1.981064035871203e-05
1361886430398660610,negative,0.008787525787110336
1361886447180132355,neutral,0.4362589219567482
1361886447591120899,negative,0.0029808345151023747
1361886461344243712,negative,0.034784507513431276
1361886463730810884,negative,0.0029808345151023747
1361886475101630467,negative,0.12667909898878996
1361886485767745538,negative,0.013524213399361351
1361886486598201344,negative,0.0029188040272063185
1361886494617665536,negative,0.06397659360016339
1361886495674671107,negative,0.0043475920255877315
1361886501341126657,negative,0.050049334934067644
1361886504063295489,negative,0.008787525787110336
1361886508156919809,negative,0.08487548209730622
1361886509310369792,negative,0.012733965306920133
1361886515970859008,negative,0.07271753467465127
1361886517602508802,negative,0.008787525787110336
1361886517623455746,negative,7.88302961369691e-08
1361886526016225280,negative,0.22614349857892527
1361886527069028352,negative,5.477329611460654e-06
1361886528591527940,negative,0.011724737227430823
1361886529325522944,negative,9.685544555033043e-05
1361886546903842816,negative,0.0037615797739171237
1361886557410500618,neutral,0.3771882097346954
1361886561223147520,negative,0.20635650285410426
1361886571847430144,negative,8.458618736270584e-05
1361886571855814657,negative,0.033146332592495276
1361886588033241089,neutral,0.4362589219567482
1361886596686090240,negative,0.19140396658390318
1361886597600452610,negative,0.038673497894212046
1361886602738470914,negative,0.0029808345151023747
1361886605821304832,negative,0.0031449745176615937
1361886608102940673,negative,0.038673497894212046
1361886620216082434,negative,0.0027821220250948907
1361886620614615042,negative,0.026140970247683772
1361886634677915649,negative,0.03157525626288607
1361886646417969152,negative,0.09576873467119487
1361886646661177344,negative,0.18949964065933536
1361886654286483458,negative,0.2519377170569391
1361886656001884162,negative,0.012733965306920133
1361886663656542208,negative,0.012733965306920133
1361886676893761539,negative,0.03855385131723913
1361886686037250049,neutral,0.3662353971919655
1361886689283756039,negative,0.06396545735154904
1361886696938360832,negative,4.98718790046074e-06
1361886708346798081,neutral,0.4362589219567482
1361886715678490624,negative,0.16594987411191853
1361886715942744070,negative,0.012733965306920133
1361886755901833216,negative,0.038673497894212046
1361886763975868416,negative,0.0052576489440671805
1361886764290482176,positive,0.7570388885648968
1361886767809507334,neutral,0.4362589219567482
1361886778148282374,positive,0.8185905483720896
1361886784674811906,negative,0.08487548209730622
1361886788709679106,positive,0.7940916036231884
1361886801569476608,negative,0.03157525626288607
1361886803666558977,negative,0.0037406997339861615
1361886817268731904,negative,0.026140970247683772
1361886836449300480,negative,0.003730270526674419
1361886838013779969,negative,0.008787525787110336
1361886841239035906,negative,0.21225774142375153
1361886843692851200,negative,0.0008966505670383505
1361886848033951749,negative,0.0005568866708878685
1361886850881847298,negative,0.09801574809415366
1361886853683642369,negative,0.2485006194712975
1361886857726857218,negative,0.2372588725697181
1361886874286120962,neutral,0.36473491957778936
1361886892954894339,negative,0.008787525787110336
1361886893865115651,negative,9.64425682387607e-09
1361886898411732998,negative,0.0031992710687766012
1361886917940412419,negative,0.011724737227430823
1361886926480023554,negative,0.0014648685382947218
1361886931534163969,negative,0.2546916305421647
1361886933526458368,positive,0.9997435592868792
1361886939507544066,negative,0.012733965306920133
1361886947287986176,negative,0.06397659360016339
1361886963654152192,negative,0.2546916305421647
1361886964002217984,positive,0.9997435592868792
1361886971543646208,negative,0.01759982455926974
1361886974228000768,negative,0.004774621824920874
1361886981333143552,negative,0.008787525787110336
1361886984667561992,negative,0.012733965306920133
1361886988006285313,negative,0.012733965306920133
1361886993790218242,negative,0.0029188040272063185
1361887002770231297,negative,0.06597145510283783
1361887005093822464,negative,0.011724737227430823
1361887012303867906,negative,0.2282167945946264
1361887013021110273,negative,0.0029808345151023747
1361887015818711042,negative,9.123660013132381e-07
1361887025847230464,neutral,0.49789225920557484
1361887028237856770,negative,0.1633598716635277
1361887038514069506,negative,0.14816434322213404
1361887047527579648,negative,0.08070632138414716
1361887052069957637,negative,0.0006860004517889781
1361887055576526848,negative,0.0027821220250948907
1361887073783922690,negative,0.0004963985201758914
1361887081560117249,negative,0.19140396658390318
1361887083254661122,negative,0.012733965306920133
1361887090099822592,negative,0.011724737227430823
1361887095581646848,neutral,0.4362589219567482
1361887095598575624,negative,0.038673497894212046
1361887105178341380,negative,0.2918818493435206
1361887124061118465,negative,0.00023263281506693948
1361887124568629256,negative,0.012733965306920133
1361887125185118209,negative,0.0004963985201758914
1361887157644914689,negative,0.05788342138255822
1361887162426396674,negative,0.2546916305421647
1361887163265257472,negative,0.008178362527209763
1361887180646350854,negative,0.03157525626288607
1361887189919952916,negative,0.008178362527209763
1361887197625004039,negative,4.7724813996325814e-05
1361887206386769920,positive,0.9189530016837374
1361887215220109312,negative,0.008178362527209763
1361887215840858112,negative,0.012083097681466488
1361887221402529794,negative,0.015852766622095813
1361887221930807301,negative,0.03157525626288607
1361887224644718592,negative,0.24378118457846423
1361887227580731392,positive,0.9997435592868792
1361887236594180096,negative,0.1326189866691664
1361887239815524355,negative,0.08303821672218453
1361887248602566656,negative,0.011956052783189211
1361887252280795141,negative,0.16594987411191853
1361887253887344641,positive,0.9997435592868792
1361887255724519432,neutral,0.3499352441185855
1361887257750347778,negative,9.123660013132381e-07
1361887259323228160,negative,0.011724737227430823
1361887264608030721,negative,0.2546916305421647
1361887266348621824,neutral,0.5044763735405472
1361887281922113536,negative,0.008787525787110336
1361887284686168064,negative,0.0001692787737436117
1361887291011178497,negative,0.23423920955710897
1361887291753574403,negative,0.3128792522391553
1361887295406800898,neutral,0.3688120122074838
1361887297659150337,negative,0.2282300318111815
1361887298875498501,negative,0.0027821220250948907
1361887301698277378,negative,0.22264682205748218
1361887304328105984,negative,0.008787525787110336
1361887312003665921,negative,3.030349240101909e-05
1361887312854982657,negative,0.0003036591902493624
1361887313299705858,negative,0.0004963985201758914
1361887336271908864,negative,0.0001692787737436117
1361887347961438208,negative,0.2546916305421647
1361887352285581315,negative,0.001193347598885474
1361887353095168002,negative,0.1633598716635277
1361887356584943617,negative,0.08487548209730622
1361887358963097603,negative,0.1552957530501846
1361887362058493952,neutral,0.6166311116482172
1361887365854289921,negative,0.0027821220250948907
1361887376130203649,negative,2.4938691278745022e-05
1361887389208215552,positive,0.7673302138673711
1361887392165220356,negative,0.006093149589146187
1361887397621956610,negative,2.9968977117229507e-14
1361887401774358530,negative,0.002540232009656645
1361887406480318464,negative,0.2546916305421647
1361887409663803393,negative,0.0005088627560304163
1361887417549135881,negative,0.050049334934067644
1361887426264719363,negative,0.24302707946617272
1361887429565767680,negative,0.006093149589146187
1361887431310663681,neutral,0.6166311116482172
1361887437585326080,negative,0.004774621824920874
1361887439766380544,negative,0.019648130180434393
1361887454224121856,negative,0.007907059440803948
1361887455843147776,negative,0.07156724106662236
1361887464625995777,negative,2.54788176931488e-05
1361887477691211791,negative,0.0002124389959480032
1361887484695740425,negative,0.0004714599919820905
1361887490760654848,negative,0.045203015549253885
1361887494237749249,negative,1.0687574952356266e-05
1361887499572903936,negative,0.0004963985201758914
1361887501447790594,negative,0.03855385131723913
1361887517428101122,negative,0.00022944449809584035
1361887520443797504,negative,0.001828033853198001
1361887520519311360,negative,3.7558347132330655e-06
1361887522712936453,negative,0.2546916305421647
1361887546368811012,negative,0.2767248502266637
1361887557416542208,negative,0.0003742708811583074
1361887564966281218,negative,0.0004714599919820905
1361887567176757250,neutral,0.44094788290650255
1361887569529683968,negative,0.001461158202000004
1361887576899137536,negative,0.21225774142375153
1361887576924315650,negative,0.28973073507814073
1361887589834379264,negative,0.0004714599919820905
1361887589909807106,negative,0.17829294110865151
1361887607727161346,positive,0.7704345258136127
1361887613410549761,negative,0.3282419999848567
1361887624860999682,positive,0.9997435592868792
1361887626630995968,negative,0.0022090088623744376
1361887627364950021,negative,0.0029188040272063185
1361887635548037120,negative,0.012733965306920133
1361887636818911232,negative,0.08487548209730622
1361887638362468356,negative,0.0031992710687766012
1361887651150856193,negative,0.0004714599919820905
1361887651217858564,neutral,0.4362589219567482
1361887651276738561,negative,0.0004714599919820905
1361887659052978176,negative,0.1633598716635277
1361887662186102784,negative,0.014272922491907536
1361887674357981186,negative,0.0004963985201758914
1361887679630163972,negative,0.008787525787110336
1361887693039411202,negative,0.0004963985201758914
1361887695291748352,negative,0.03620305318400944
1361887727336255488,neutral,0.4362589219567482
1361887735066353667,negative,0.0004714599919820905
1361887740841910274,negative,0.038673497894212046
1361887743878393858,negative,0.11023381203743969
1361887746277703680,negative,0.24022965235468147
1361887753479348225,negative,0.012733965306920133
1361887761029038083,negative,0.0018315557284245378
1361887761792434180,positive,0.7715510908584398
1361887762916413444,negative,0.03066087320686649
1361887765818916865,negative,0.0031992710687766012
1361887767509229568,positive,0.7940916036231884
1361887767731527682,negative,0.0004714599919820905
1361887776044691458,negative,0.0004714599919820905
1361887800782696448,negative,0.0004714599919820905
1361887803160854530,neutral,0.5570704283161221
1361887815362088960,negative,0.0005156503867103496
1361887823826149377,positive,0.9997435592868792
1361887828322435072,negative,0.0006616659261463511
1361887834093858816,negative,0.012083097681466488
1361887846861307904,negative,0.0004714599919820905
1361887847767175175,negative,2.5744812845862972e-05
1361887847872032769,negative,0.03634309740971405
1361887869984509953,negative,0.0004714599919820905
1361887888389120001,negative,0.0029808345151023747
1361887898560323585,negative,0.0004714599919820905
1361887903991881728,negative,0.0005281010971272111
1361887905447366661,negative,0.08487548209730622
1361887915064905729,negative,0.0002124389959480032
1361887933670838273,negative,0.015791028521967874
1361887940033576962,negative,0.08487548209730622
1361887956689182723,negative,1.2426949813382451e-06
1361887958668767233,negative,0.020788695487531494
1361887961944481793,negative,0.011781723133338346
1361887977853636609,negative,0.08487548209730622
1361887979044810752,negative,0.0005088627560304163
1361887979183034368,neutral,0.6021084663808389
1361887982639329288,neutral,0.38882755524272306
1361887993171214339,negative,0.0004714599919820905
1361888016504086528,negative,0.0004714599919820905
1361888025928687618,negative,0.06397659360016339
1361888067771072518,negative,0.013350700949068345
1361888076184702979,negative,0.06856731445544167
1361888078441435137,negative,0.08487548209730622
1361888093477998596,neutral,0.39846391252391167
1361872999859720193,negative,0.17041551350712755
1361873000241405956,negative,0.00644193566240661
1361873001084452865,negative,0.08165267020081915
1361873001109725187,negative,0.04479713725512996
1361873001168347136,negative,0.2494553034327222
1361873001218727941,negative,0.0015768985306212212
1361873001449316358,negative,0.00838640545098112
1361873001462042624,negative,2.858654451255349e-05
1361873001554190338,negative,0.022321430825284806
1361873002078568448,negative,3.673926756649775e-05
1361873002120445954,negative,0.003921004665106364
1361873002271367172,neutral,0.45663043132673825
1361873002485473283,negative,0.0017434965391498636
1361873002577735684,negative,0.29864444629363096
1361873002770612225,negative,0.0012446290316648415
1361873003122982913,negative,0.3295577986845148
1361873003248771074,negative,0.0004860873243864382
1361873003466924033,negative,0.0060110902911623375
1361873003957481473,negative,0.005123711727239752
1361873004028960769,negative,0.12889483564145723
1361873004117000193,negative,0.0023908698008165185
1361873004196552706,negative,0.00016317117630226466
1361873004314075136,negative,0.004450106915643549
1361873004410601476,negative,0.13459339986668215
1361873004582567938,negative,0.10863470221549168
1361873004867674113,negative,0.2973539019621537
1361873005274533888,neutral,0.5610299939568647
1361873005509443585,positive,0.9932684674049871
1361873005773811713,negative,0.004738904723053313
1361873006331527173,negative,0.0017112665870307497
1361873006348361733,negative,0.1550815349476316
1361873006465794049,negative,0.015479149845072456
1361873006671273985,negative,0.03521075132538598
1361873006780440581,positive,0.7215274054395185
1361873006801289217,negative,0.0014706594137626368
1361873006851616770,negative,0.00035122715603159283
1361873007115792393,negative,4.0627895526153723e-07
1361873007304601609,positive,0.7767358894637056
1361873007711559680,negative,0.028217282334510936
1361873008588173320,negative,0.0009259126029734984
1361873009179561988,negative,0.0468217707996781
1361873009917767683,negative,0.08026028973924232
1361873010811166721,negative,0.03801610846604707
1361873011800965125,negative,1.1479881971229458e-05
1361873013705224192,negative,0.0045753990336115545
1361873014057406468,negative,2.6743284854422935e-09
1361873014145572864,negative,4.9764243280900125e-05
1361873015030562816,negative,0.00385949904156067
1361873016020480004,negative,0.12279167466125734
1361873016150511620,negative,2.0935438906719054e-08
1361873049616801794,negative,9.098110222170116e-05
1361873050078175232,negative,0.0005754824463201192
1361873050933882883,negative,0.00016683709452180575
1361873051432984580,negative,0.07540626572791277
1361873051764199425,negative,0.00020930911796022904
1361873051827265541,neutral,0.37898623576186213
1361873052431130625,negative,8.576678651966802e-05
1361873052666052620,negative,0.05897235857735733
1361873053110648833,negative,3.655003390208818e-13
1361873053400133632,neutral,0.551077815994506
1361873054419349507,negative,0.0007022342553655268
1361873055191093252,negative,0.03764621513280413
1361873056042545152,negative,0.04820899926962241
1361873058475233280,negative,0.023139963450933228
1361873061096677377,negative,0.0468217707996781
1361873061558054917,neutral,0.4507454498615163
1361873061855698945,negative,0.239039090336735
1361873062841491462,negative,0.017494578387448275
1361873063319638025,negative,0.00041863769733691686
1361873064607289350,positive,0.8449706451271007
1361873065395814405,negative,0.03501890977918644
1361873065530056705,negative,0.005378836889433427
1361873066054344713,negative,0.0002977285144143152
1361873066201071622,negative,0.0069309985301994285
1361873066490552325,negative,0.12151131165326035
1361873066742185986,negative,4.413376902025267e-05
1361873066767355912,negative,0.03838901031456881
1361873068226977797,negative,0.3046101175466245
1361873068763852804,negative,0.07275257019330632
1361873069149675520,negative,0.0004860873243864382
1361873069481078784,negative,0.03943542150115906
1361873071154622464,negative,0.00016683709452180575
1361873071284584451,neutral,0.34987014986687964
1361873071297060867,negative,0.0015343017638724213
1361873072865869824,negative,0.001891183580962971
1361873073096585217,negative,0.06972437480884489
1361873074224783363,negative,0.0019216533953239328
1361873074300198915,negative,0.03451709748792609
1361873074359062531,negative,9.24249502261386e-12
1361873074770104327,negative,0.017984896579314208
1361873075197923328,negative,3.4454078477687496e-06
1361873075206320128,negative,0.004892257398399707
1361873077219557377,negative,0.00020561807695836245
1361873077278285826,negative,0.0005451462323869267
1361873078645624833,negative,0.327378095563068
1361873078771355651,negative,0.034715037995461134
1361873080004579330,negative,0.2384752545026395
1361873080109432834,negative,0.03696365454460867
1361873080558190593,negative,0.05897235857735733
1361873082705735681,negative,0.00016683709452180575
1361873083737505792,negative,0.00385949904156067
1361873084064612361,negative,0.1477878257826216
1361873084878368777,negative,0.12693968478489281
1361873085562036224,negative,0.004711532918898615
1361873086354763785,negative,2.9672288473208503e-05
1361873086740652033,negative,0.04479713725512996
1361873087113871367,negative,0.01869870988099018
1361873089148157965,negative,0.09571042880855025
1361873094323757059,negative,0.03696365454460867
1361873096047788032,negative,5.100692452768339e-12
1361873097633202176,negative,0.001891183580962971
1361873100325928960,negative,0.0008968188555721691
1361873100330139650,negative,0.015011485013737159
1361873102158856202,neutral,0.44525447722397243
1361873103740162055,negative,6.259317005178041e-07
1361873104235020294,negative,0.023139963450933228
1361873105409495041,negative,0.016787884429364814
1361873109276622850,negative,0.03983031260542193
1361873109956059148,negative,0.020922298132508895
1361873110320902144,negative,0.0009286375633135558
1361873110434258949,negative,0.004086329021375562
1361873110857752577,negative,0.11828115147357608
1361873111579254790,negative,0.002014555554855315
1361873112174915587,negative,9.124415157498421e-05
1361873112682348549,negative,0.08088527887921566
1361873112711761924,negative,0.13063936511586283
1361873112875339779,negative,0.017302050429354145
1361873113827401728,negative,0.00281346773007593
1361873114855059457,negative,7.503364275880304e-06
1361873115337351170,negative,0.02368906523111321
1361873116369141761,neutral,0.5509348006065574
1361873117656743941,negative,0.016787884429364814
1361873121817595905,positive,0.8117381393445544
1361873122765516804,negative,2.6743284854422935e-09
1361873122966859777,negative,4.1779364373478046e-05
1361873124409630721,negative,0.001891183580962971
1361873124942299144,negative,0.033194606476668935
1361873125059792896,negative,9.534483157356393e-05
1361873128226496512,negative,0.033194606476668935
1361873128230588420,negative,0.03451709748792609
1361873128616583174,negative,0.004086329021375562
1361873129505779712,negative,0.00032611748316176093
1361873130080337920,positive,0.7997843664951069
1361873130151686146,negative,0.0004860873243864382
1361873133037375503,negative,0.24490252709612087
1361873136875044869,negative,0.002424374866770586
1361873136900182019,negative,0.31251327812974533
1361873136971579395,negative,0.004086329021375562
1361873137013579777,negative,0.0014435211140411926
1361873137613352965,negative,0.06449795712703821
1361873138141790211,negative,0.011179456963551338
1361873138301104130,positive,0.8449706451271007
1361873139127316483,positive,0.8449706451271007
1361873139618185219,negative,0.01607990608213496
1361873139702132741,negative,0.3274903280201044
1361873140255752193,negative,0.04678270541966506
1361873141287456769,negative,0.0015343017638724213
1361873143397294080,negative,0.0008605733623870465
1361873143871246336,negative,0.0005464711804323499
1361873144450068482,negative,0.16146806799107924
1361873146106834952,negative,0.07736349569523265
1361873148409503745,negative,3.7358328899901506e-05
1361873148505960449,negative,0.002657340021988393
1361873149919436801,negative,0.047377406779251216
1361873149927837699,negative,0.004086329021375562
1361873150741385219,neutral,0.6527749086951768
1361873151169339396,negative,1.1760975450796098e-05
1361873151504883712,neutral,0.4274047939449264
1361873153161654275,positive,0.8661333256784889
1361873153329348608,negative,0.0014435211140411926
1361873154759684097,negative,0.001891183580962971
1361873156282191874,positive,0.8170477797215945
1361873156382879752,negative,0.04668740970830629
1361873156579950592,negative,0.004086329021375562
1361873158844915712,negative,0.07275257019330632
1361873160296144896,negative,0.11579010942057401
1361873161764167680,negative,0.016787884429364814
1361873162103902208,negative,0.16184981503210744
1361873163416723461,positive,0.991521495231213
1361873167111909377,negative,0.0006250592338245528
1361873168508596231,negative,0.001978416362304565
1361873168743415808,negative,1.8734562271535088e-05
1361873169431281664,negative,0.017745308577580592
1361873170358239235,negative,0.004086329021375562
1361873170773528576,negative,0.03764621513280413
1361873172950380544,negative,0.12693968478489281
1361873175378821120,negative,2.362493015000708e-06
1361873177144655875,negative,3.9926694259924524e-07
1361873178524602371,negative,0.001891183580962971
1361873180453961729,negative,0.011452544479903818
1361873181703864327,negative,0.04985394006137583
1361873182265851904,negative,0.185678714551168
1361873182614036483,negative,0.0006604007538425146
1361873183754891265,negative,0.016787884429364814
1361873185931722754,negative,0.17110783127166218
1361873188603453441,negative,0.25432095464738286
1361873192361611264,negative,0.004892257398399707
1361873194286727171,negative,8.13571976592856e-06
1361873196182552580,positive,0.9099856945133658
1361873196191019008,negative,0.04479713725512996
1361873196224552962,negative,2.1328169277588322e-07
1361873196761374720,negative,0.010873432430363282
1361873203082260487,neutral,0.41193474847754386
1361873204323655682,negative,0.00020561807695836245
1361873204701110275,negative,0.04257236160003266
1361873205422661635,negative,0.00037537977579780253
1361873205829509121,negative,6.998739850124814e-07
1361873207041658884,negative,0.0012778755973791355
1361873207427538947,positive,0.9735254904313406
1361873278453899266,negative,2.6743284854422935e-09
1361873278944559106,negative,0.0002977285144143152
1361873279619899400,negative,0.0032238048628010912
1361873280035139584,negative,0.03764621513280413
1361873280869801991,positive,0.8926748174753811
1361873280970469377,negative,0.0001017696916543579
1361873281574436865,negative,2.1328169277588322e-07
1361873281830256644,negative,0.3017188662512181
1361873281838682112,positive,0.991521495231213
1361873282300055553,negative,0.30922748635059033
1361873285156331521,negative,8.13571976592856e-06
1361873285936541696,negative,0.12310136362425853
1361873287937220613,negative,0.004086329021375562
1361873288922767360,negative,0.0014435211140411926
1361873289799290881,negative,0.12151131165326035
1361873289921105924,negative,8.565867448918064e-11
1361873292001476608,negative,0.03451709748792609
1361873293960175616,negative,2.462497264869912e-07
1361873296334213120,negative,0.0036440454189117246
1361873296430665728,negative,0.028322918868664365
1361873297852559360,negative,0.08303974220218749
1361873298532032512,negative,0.08941844409604452
1361873299723218944,negative,0.17110783127166218
1361873300461346816,negative,0.12693968478489281
1361873301728092164,negative,0.0006604007538425146
1361873303766503424,positive,0.8661333256784889
1361873305695883266,negative,0.14586164036414112
1361873307503624192,negative,0.0069309985301994285
1361873309621657600,negative,0.0015343017638724213
1361873311651700737,negative,0.00012684914431857999
1361873315875463175,negative,0.03791627134522328
1361873319889432578,negative,0.006341000987395532
1361873320224956426,negative,4.0458632810359776e-08
1361873321583931393,negative,1.8262687136054618e-06
1361873321751625736,negative,0.04479713725512996
1361873324159164418,negative,0.005038656097116986
1361873325446766593,negative,0.2557941190739289
1361873325916569600,neutral,0.4498704700157682
1361873326218637314,negative,1.0116320233645497e-05
1361873330098245640,negative,0.004086329021375562
1361873331276939270,negative,0.02464784494307693
1361873331885133828,negative,0.3110734899390277
1361873333588000769,negative,0.09105298728149447
1361873334921756673,negative,0.11233091092818258
1361873335068610563,negative,0.002268393489467011
1361873337471885321,negative,0.29864444629363096
1361873338394681344,negative,0.0009750088180462503
1361873339376140290,positive,0.7377465568169161
1361873339908820992,negative,0.11786918771417619
1361873339954958338,neutral,0.41193474847754386
1361873339963342848,negative,0.14161800834439284
1361873339988475904,negative,0.004086329021375562
1361873340705558528,negative,1.1760975450796098e-05
1361873342840639493,negative,0.07532086944698654
1361873344484753414,negative,0.0006110790983654817
1361873344568655873,negative,0.0002977285144143152
1361873344807788544,negative,0.002872438931508316
1361873346732916737,negative,0.0032234869867186476
1361873348221894656,positive,0.8449706451271007
1361873348871950336,negative,0.005604325898129143
1361873349018804224,negative,0.08333703727672631
1361873349765459971,negative,0.03490537139344192
1361873350335807489,neutral,0.5983432279427474
1361873351359266816,neutral,0.4237337412615085
1361873355348008962,neutral,0.4932138461883115
1361873358485409794,neutral,0.5155757017156111
1361873360754528259,negative,0.005124740003281901
1361873361291386880,negative,0.007061837813970166
1361873361450770435,negative,0.031206145839381968
1361873362004422656,negative,0.00025366413147017
1361873362805534721,negative,0.033194606476668935
1361873363258466309,negative,5.948890493795926e-11
1361873366991437824,negative,0.005709192054873048
1361873367985487873,negative,0.12693968478489281
1361873369650655234,negative,0.0002977285144143152
1361873372251123715,negative,0.000519502121835846
1361873375237443588,negative,0.001891183580962971
1361873377380732936,negative,0.03696365454460867
1361873377447862273,negative,0.12693968478489281
1361873380765556741,negative,5.062445810138606e-07
1361873381084311557,negative,0.019031390826547548
1361873384620003329,negative,0.004086329021375562
1361873384758509572,negative,0.00015418457969662886
1361873385463050240,negative,0.08865844426661175
1361873385966481410,negative,0.06602678592006048
1361873386293624834,negative,0.21444692312835625
1361873386696298497,negative,0.006976774096290364
1361873386893377536,negative,0.051336279047282427
1361873388734533634,negative,0.0014435211140411926
1361873388910899201,negative,0.0004860873243864382
1361873389732904960,negative,0.006503323875973203
1361873394942304259,negative,4.291472752030351e-05
1361873474344652800,negative,0.013484938991485684
1361873474512433152,negative,0.14161800834439284
1361873474856353792,negative,0.005038656097116986
1361873475913326592,negative,0.015588462689835316
1361873476081094660,negative,4.413376902025267e-05
1361873476148224010,positive,0.7107236604751964
1361873476567527426,negative,0.023139963450933228
1361873477691527171,negative,0.17143941624686013
1361873478362816516,neutral,0.6527247472559132
1361873478442450946,negative,0.06618105926756468
1361873479373443076,negative,0.00017069269345459514
1361873479528714241,negative,0.016787884429364814
1361873480770150407,negative,0.00042880053336591856
1361873481047146502,positive,0.9998945248551349
1361873482754228226,negative,0.14172878921734422
1361873484440170499,negative,0.0030394305677764453
1361873484796821505,negative,0.031206145839381968
1361873485992132613,negative,0.13513613180983947
1361873488894689283,negative,0.00020561807695836245
1361873489595105281,negative,0.014293934293561877
1361873490194874371,negative,0.0014490005435229443
1361873491453222913,negative,0.19328976406053117
1361873491470020609,negative,0.30922748635059033
1361873494145970177,negative,0.00028512364604243794
1361873495748079618,negative,6.931540002384402e-13
1361873496473817092,negative,0.0468217707996781
1361873497014865921,negative,0.22973635001406073
1361873497954414594,negative,0.00012423906643677996
1361873498516328448,negative,3.6860439106232884e-05
1361873499179122688,negative,0.03501890977918644
1361873499774619654,negative,3.4454078477687496e-06
1361873500659736585,negative,0.0468217707996781
1361873501116911616,negative,0.30922748635059033
1361873501167243267,negative,2.1328169277588322e-07
1361873501896904707,negative,0.014470696292692958
1361873502811394056,negative,6.7114441020677685e-06
1361873503633440772,negative,0.002403546744541568
1361873503754981376,neutral,0.46127768308170247
1361873506363965440,negative,1.087271453790426e-05
1361873506816978948,negative,0.005476989357218016
1361873507957813254,neutral,0.3852523788670174
1361873508314324995,negative,0.0009880485858576227
1361873508394020867,negative,0.046642122244384444
1361873509023154178,negative,0.043399215939082476
1361873509887188993,negative,0.002157346534550224
1361873512747655175,neutral,0.4323510242933817
1361873512760246274,negative,0.004086329021375562
1361873513490108416,negative,0.023139963450933228
1361873517642399752,negative,1.1262695228985257e-05
1361873517663318018,negative,0.30888820953884905
1361873519471177732,negative,0.0036542992359395766
1361873521006157833,negative,0.00016513786633912843
1361873521064968193,negative,0.03838901031456881
1361873521534713867,negative,0.0012461847418759407
1361873524177186817,neutral,0.40164566407707886
1361873525104115714,neutral,0.5765882337295948
1361873525146083328,negative,1.783807829616057e-06
1361873525766836226,negative,0.0488162814078609
1361873527062880257,negative,0.12693968478489281
1361873527389921282,negative,2.4634639971623368e-09
1361873527566184453,negative,0.00015565010417381022
1361873528195284994,negative,0.004892257398399707
1361873528304193537,negative,0.07800672398898323
1361873529348710405,negative,0.002657340021988393
1361873529805950983,negative,0.09126787907567749
1361873533786157061,neutral,0.49789225920557484
1361873534092460033,negative,6.113755173372013e-05
1361873535002673156,negative,0.19570817904097038
1361873535510151169,negative,0.0001017696916543579
1361873535531122690,negative,0.1334625725524926
1361873535828918274,negative,4.413376902025267e-05
1361873535958933504,negative,0.04479713725512996
1361873538366504960,negative,0.06663668783824335
1361873538399969284,negative,5.43346451321936e-06
1361873539041738755,neutral,0.6256198246988098
1361873539343790081,positive,0.8564554710323602
1361873539759034368,negative,0.2135140083070197
1361873540644016128,negative,2.7143488398050424e-06
1361873541034106881,negative,0.0012778755973791355
1361873542720192514,neutral,0.5740680686558672
1361873543869452292,negative,0.03791627134522328
1361873548101443587,negative,0.0076627860343016895
1361873548940353537,negative,0.033194606476668935
1361873549431029761,negative,0.004414969729711277
1361873549871439878,negative,5.1750287681499805e-06
1361873550320238602,negative,0.04380816347865611
1361873550416564228,negative,0.00023551555843770108
1361873551721197575,negative,0.0314484057255293
1361873554288087042,negative,6.333089001228268e-05
1361873555416301572,negative,0.11167808579970208
1361873557576441859,negative,0.0076627860343016895
1361873558343995392,negative,0.0002977285144143152
1361873558922813441,negative,1.4185576538534113e-05
1361873561972072450,positive,0.8747982963592853
1361873564790587395,neutral,0.4507454498615163
1361873565340086276,negative,0.1001828603331906
1361873565377847296,negative,2.955283486718123e-06
1361873565835010048,negative,0.005604325898129143
1361873566283743234,negative,0.0022646598791119
1361873566401134600,negative,0.14991548800178608
1361873575674863616,negative,0.028294248606917812
1361873580443660296,positive,0.8449706451271007
1361873580666073088,negative,0.17110783127166218
1361873581643341829,negative,3.427475763378293e-05
1361873582196879361,negative,0.016787884429364814
1361873582645784576,negative,0.024799532150057813
1361873582809309188,negative,0.18664420938728848
1361873582821883904,neutral,0.4888596113959692
1361873584407400449,negative,0.03764621513280413
1361873584503869442,negative,3.2965293895913014e-07
1361873584617115649,negative,0.03501890977918644
1361873584734560257,negative,0.03764621513280413
1361873585325883393,negative,0.0002977285144143152
1361873585581744131,negative,0.19212974618295525
1361873659833450496,negative,0.0002578493961539004
1361873660328435712,negative,0.03451709748792609
1361873665269366784,negative,0.11786918771417619
1361873665558724608,negative,3.2177170417813454e-05
1361873666724790274,neutral,0.37679209754895876
1361873667291021313,negative,2.2717665196282415e-07
1361873668868079618,negative,0.056260032011853645
1361873673179844608,negative,8.888448491267928e-09
1361873674031099906,negative,4.075511940932459e-06
1361873674131931136,negative,0.0009880485858576227
1361873674400317441,negative,0.0004327829808490594
1361873675000176646,neutral,0.5131236466281734
1361873676073914374,neutral,0.3395662816971602
1361873676761767937,negative,0.18795859623648656
1361873677806108675,negative,0.03501890977918644
1361873678875639808,positive,0.6990333581335987
1361873679378911232,negative,0.06489238529501565
1361873679739682816,negative,0.1400282191858976
1361873680817602560,negative,0.0032009734704784836
1361873680855425024,positive,0.8449706451271007
1361873681627152385,neutral,0.4285556322102128
1361873682151391233,negative,0.0001017696916543579
1361873683254542338,neutral,0.621019668926025
1361873684416192512,neutral,0.42507619662732005
1361873685863403520,negative,2.933300974172879e-09
1361873686744223746,negative,0.0002977285144143152
1361873686752493570,negative,0.008108819478107583
1361873687020933120,negative,0.15275052416388077
1361873689038438402,negative,0.12310136362425853
1361873689508110336,negative,0.1550815349476316
1361873689747275776,neutral,0.48728019602140255
1361873692268109830,negative,0.09105298728149447
1361873692607807490,negative,0.04479713725512996
1361873693174071305,positive,0.8449706451271007
1361873694491095040,negative,1.6138504933039093e-05
1361873694671462401,negative,0.004086329021375562
1361873695103455234,negative,0.23960889975540084
1361873695917170689,negative,0.19570817904097038
1361873699058630663,negative,0.01678154902376081
1361873699150782473,negative,0.0014435211140411926
1361873699914338304,negative,0.15275052416388077
1361873700052606978,negative,2.6743284854422935e-09
1361873700342136836,negative,0.034641901391601164
1361873701474623490,negative,0.12693968478489281
1361873702456070149,negative,2.4847711053244926e-07
1361873702913265665,negative,0.0002977285144143152
1361873703236210690,neutral,0.4777949819019881
1361873704926519296,negative,0.024799532150057813
1361873708495761413,negative,0.03379891532324992
1361873712450994177,neutral,0.5364214748273817
1361873713742811138,negative,0.12310136362425853
1361873714762162178,negative,0.004504232962672696
1361873716699873288,negative,1.1536599479588242e-07
1361873718935515137,negative,0.0136788355762505
1361873720130883584,neutral,0.4274047939449264
1361873720739049476,negative,0.03764621513280413
1361873722248884225,negative,0.010416003270530157
1361873723406442496,negative,0.03696365454460867
1361873723939188736,neutral,0.40506534230917196
1361873730322853892,negative,0.07750438338298478
1361873730767568896,negative,0.0008496953345485857
1361873731510022147,negative,0.0031944828767886363
1361873734198587393,negative,0.012314658028107297
1361873735628816386,negative,0.017868609206049293
1361873736366964738,negative,3.7352228479693983e-05
1361873742524280839,negative,0.09936580728205985
1361873743769927680,negative,0.012314658028107297
1361873744776617984,negative,0.0010002361821155772
1361873745401552898,negative,0.03501890977918644
1361873746328444929,negative,0.13400725983993572
1361873748287193092,negative,0.027306823983217477
1361873749474234371,negative,0.0005754824463201192
1361873749532758016,negative,0.023139963450933228
1361873750292008961,negative,0.0009286375633135558
1361873751089041412,negative,0.004064870430987558
1361873752691273728,negative,8.677876792287247e-07
1361873754197004290,neutral,0.35362277955607824
1361873754922622977,negative,0.001006177685666079
1361873755337723904,negative,0.13610531055461825
1361873756151554048,negative,0.004086329021375562
1361873757934133251,negative,0.004086329021375562
1361873758550638594,negative,1.3113174351790696e-06
1361873760610111488,positive,0.8661333256784889
1361873761088241665,negative,1.8734562271535088e-05
1361873761813860352,negative,0.03838901031456881
1361873761952276481,negative,0.06457026352331105
1361873763600531462,negative,2.853285445602778e-05
1361873763831336964,negative,0.0008496953345485857
1361873764565340168,negative,0.03501890977918644
1361873764745625600,positive,0.9779081525615942
1361873766989627393,neutral,0.48726554555987567
1361873770508668932,neutral,0.3852523788670174
1361873771527888897,negative,0.00016683709452180575
1361873772278611970,positive,0.7089000950814481
1361873772941369344,negative,0.001744441894899374
1361873860782477319,negative,0.03649668927866363
1361873861084610562,negative,0.0005254595040400485
1361873861365628933,negative,0.004086329021375562
1361873861420154884,positive,0.7140738417881376
1361873862531702785,negative,0.004086329021375562
1361873863144005632,negative,0.0019366809666907883
1361873863894839298,negative,0.1379714623725191
1361873866101030912,negative,0.02839517461614872
1361873866222694400,negative,5.8108167795250594e-05
1361873866872741897,negative,0.17110783127166218
1361873867027972100,negative,3.484738914587685e-05
1361873867048894468,negative,0.005476989357218016
1361873867141230594,negative,1.8734562271535088e-05
1361873867313143811,negative,0.00022326571768818245
1361873867376005124,negative,5.219183497409914e-05
1361873867560673284,negative,0.0011212415405758513
1361873868244271104,neutral,0.3852523788670174
1361873868777009152,negative,0.14586164036414112
1361873868898537475,positive,0.8449706451271007
1361873870958055426,negative,0.03494478781268983
1361873871708766209,negative,0.24490252709612087
1361873874707763201,neutral,0.49789225920557484
1361873874821013505,negative,0.004448770428434826
1361873875458547716,negative,0.03551994614913393
1361873876125384712,negative,0.004086329021375562
1361873878025310209,negative,0.004086329021375562
1361873878927110144,positive,0.8449706451271007
1361873880269357057,negative,5.92035112379728e-05
1361873880286191621,negative,0.05897235857735733
1361873880466489347,negative,0.005470929602823908
1361873882333011973,negative,0.10666725338980115
1361873882379091970,negative,8.74230693747174e-05
1361873884232880134,negative,0.0010002361821155772
1361873884493004812,negative,0.0024265365763960507
1361873885872930817,neutral,0.5136446707795853
1361873886221066244,neutral,0.35362277955607824
1361873886288039938,negative,2.933300974172879e-09
1361873887819096069,neutral,0.3768965085191177
1361873889182109698,negative,1.4211569084294243e-06
1361873891174531072,negative,0.017874538394336597
1361873892248334336,negative,8.844780606253413e-05
1361873893007441920,negative,0.05516416329340532
1361873893099724801,negative,0.14161800834439284
1361873894001553410,negative,0.005604325898129143
1361873895071055872,neutral,0.3768965085191177
1361873897193316354,negative,0.0012461847418759407
1361873897977749510,negative,0.023872010507837292
1361873899261202433,negative,0.07381387634661611
1361873899483525121,negative,0.0468217707996781
1361873899898683394,negative,0.11579010942057401
1361873900636934145,negative,0.00019729238815056457
1361873902306213890,positive,0.8449706451271007
1361873902356623368,negative,0.005038656097116986
1361873903027691523,negative,0.1763447636935497
1361873903916883969,negative,8.58529474596844e-06
1361873904147570688,negative,0.04479713725512996
1361873904399224837,negative,0.10715633970361955
1361873904545988608,negative,0.03838901031456881
1361873905925955586,negative,0.0005311473147342016
1361873906546655235,negative,3.9602189768692394e-07
1361873907582722051,negative,0.003254578175955396
1361873907612086274,negative,0.0012148496231762142
1361873908102819862,negative,0.12350830032465485
1361873910501883910,negative,0.18664420938728848
1361873910795538433,negative,0.0011273660141492346
1361873913878175746,negative,0.000652186211892213
1361873916768100358,negative,0.03593685675185582
1361873917057581059,negative,3.427475763378293e-05
1361873918580174849,negative,0.0885640614832503
1361873920740126727,negative,7.21436170921748e-05
1361873921759473674,negative,8.225666825990779e-06
1361873921948188680,negative,0.005052310211024933
1361873922799656973,neutral,0.41124874927206656
1361873922980007937,negative,0.0009286375633135558
1361873923202252804,negative,8.497041635213274e-07
1361873923420266497,positive,0.8449706451271007
1361873924120838144,negative,0.17110783127166218
1361873924481560576,negative,0.11786918771417619
1361873926062751744,negative,0.0956969456256957
1361873926654164994,negative,0.30922748635059033
1361873927476281351,neutral,0.36598073779923374
1361873927484628997,negative,0.033194606476668935
1361873927832797186,negative,0.023139963450933228
1361873927929171969,negative,0.0071325852184430764
1361873930252922882,neutral,0.39274765723876304
1361873930898784256,negative,0.1830868472150775
1361873930949173249,negative,0.023139963450933228
1361873931192401920,neutral,0.36652480939404136
1361873931355979780,negative,0.21765975894732212
1361873932085825539,negative,0.12310136362425853
1361873932429783041,negative,0.001349141850161149
1361873936561168385,negative,2.6315605087247658e-08
1361873936900780034,negative,0.09872624956010218
1361873939669090305,positive,0.8449706451271007
1361873940038180867,negative,0.013197357445614451
1361873940046569473,negative,0.04479713725512996
1361873940675780611,negative,0.023540369920951983
1361873942525321216,negative,0.2078410149096699
1361873948678438914,negative,0.00017986670352613667
1361873949693419522,negative,0.24977838472738464
1361873950280613891,negative,0.0071325852184430764
1361873951325061122,negative,0.00635733055112689
1361873952633724928,negative,0.002067856992839193
1361873953199951873,negative,0.0021685335860095376
1361873954886017024,negative,0.033194606476668935
1361873955469086720,negative,2.1328169277588322e-07
1361873955519348740,negative,0.02408133521209762
1361873956098043905,negative,0.0012461847418759407
1361873956169523201,negative,0.003580454854656274
1361873957247475712,negative,0.00385949904156067
1361873957792538636,neutral,0.42507619662732005
1361873959390752769,negative,0.02086594186491789
1361873959994671104,negative,0.0001017696916543579
1361873960368041987,negative,0.3228216224158623
1361873960531501058,negative,0.016787884429364814
1361873961340997636,negative,0.0005741251431762854
1361873963932995586,negative,0.00031110323319329233
1361873965095022594,neutral,0.4323510242933817
1361873965845676033,negative,0.0001017696916543579
1361873966080606211,negative,3.590653216250852e-05
1361874029662134273,negative,2.6086166343976317e-05
1361874030727430144,neutral,0.41193474847754386
1361874031952166921,negative,0.00635733055112689
1361874034108080130,negative,0.0012461847418759407
1361874035139891200,negative,2.0794403243404703e-05
1361874035282427904,negative,5.091477010278902e-05
1361874036423327744,neutral,0.6256198246988098
1361874036758872065,negative,2.1328169277588322e-07
1361874039774588929,positive,0.9170933624814558
1361874039803940864,negative,0.0010214079039590927
1361874041359974403,negative,0.0314484057255293
1361874046862974976,negative,0.03764621513280413
1361874054291091456,negative,0.1036576085981106
1361874055943639041,negative,0.014559664212868783
1361874057000415236,negative,1.351118178548407e-08
1361874057004777472,positive,0.7758288771235058
1361874057260634115,negative,0.11786918771417619
1361874059814989828,negative,3.776200826395832e-09
1361874061077356547,negative,0.0003209046858727525
1361874061635293188,negative,0.018496190711845474
1361874065833791489,negative,0.32828849548474753
1361874066618081280,negative,0.0010214079039590927
1361874070019715074,negative,0.15630830276745175
1361874070174769153,negative,0.00017024727121880674
1361874070875242499,negative,0.0885640614832503
1361874073878482945,negative,0.011336104168856742
1361874075115786242,negative,0.00018816504722597857
1361874075346370560,negative,0.0014435211140411926
1361874081268785152,negative,0.00385949904156067
1361874081566621698,negative,0.03821109820181966
1361874082040582145,negative,3.8746276870624226e-11
1361874082287992833,negative,0.024799532150057813
1361874082736656386,negative,0.001891183580962971
1361874085156904961,negative,0.011908787595269674
1361874085777653761,negative,0.09105298728149447
1361874085823799298,positive,0.9779081525615942
1361874087287681027,negative,0.03696365454460867
1361874088336179202,negative,0.0008871076631422339
1361874090525532162,negative,0.0071325852184430764
1361874093281210377,negative,1.8862098331382043e-06
1361874095734878208,negative,1.295195580635783e-06
1361874095797772294,negative,0.10118933778188083
1361874096318009345,negative,0.0004860873243864382
1361874098394128384,negative,0.013131013686639314
1361874100428419074,negative,0.03490537139344192
1361874101279858689,negative,0.00698319887550523
1361874103234363398,negative,0.21033566789902375
1361874103251202049,negative,0.023139963450933228
1361874103372816387,negative,0.047377406779251216
1361874104907747336,negative,0.023139963450933228
1361874105297997827,negative,0.036868456642577686
1361874106707308545,negative,0.2187458685245949
1361874108452114432,negative,0.023872010507837292
1361874114085085189,negative,0.0069309985301994285
1361874115733426177,negative,0.059121383384412654
1361874117771857924,negative,0.24509504418368894
1361874120808488965,negative,0.0001017696916543579
1361874121207009283,negative,0.002643674573242684
1361874124096864257,negative,0.017494578387448275
1361874124432240644,negative,0.050454071913272364
1361874124470124550,neutral,0.3499352441185855
1361874125036396545,negative,0.04306788147962375
1361874125271281665,negative,0.00016683709452180575
1361874128580448261,positive,0.7013109240011811
1361874130153439237,negative,0.0032009734704784836
1361874130799312898,negative,0.002067856992839193
1361874134775521282,negative,0.0006231027261198045
1361874136541237251,negative,0.004086329021375562
1361874136633647109,negative,0.06596196037722946
1361874137145368577,positive,0.7800095476267155
1361874139238268929,negative,0.05073114269447179
1361874141117349890,negative,0.2184329162886433
1361874141331218435,negative,0.003063938678352139
1361874144825135104,negative,0.2864145558920463
1361874144959234048,negative,0.0009010820171639129
1361874145227792389,negative,0.00017024727121880674
1361874145793966082,negative,0.042204599340378145
1361874146137755649,negative,0.004086329021375562
1361874146217590785,negative,0.0005355367510211682
1361874146846789634,negative,0.005964500833516262
1361874147866009603,negative,1.4614347961647005e-05
1361874150869131268,negative,0.016734716510400732
1361874151896670208,negative,4.21568687324675e-06
1361874153167544320,negative,1.4141938170848004e-05
1361874153205284864,negative,0.022974508596274732
1361874155591901186,negative,0.00022326571768818245
1361874158938914818,negative,0.00016683709452180575
1361875093501054979,negative,0.06758529111103573
1361875093916438532,negative,0.0008496953345485857
1361875095606550531,negative,0.016787884429364814
1361875095992610818,negative,0.04479713725512996
1361875098341376000,negative,0.03791627134522328
1361875100342095887,negative,0.24955026494900232
1361875102300835841,negative,3.971797798464359e-12
1361875105865994241,negative,0.023559562580874365
1361875106864234499,negative,0.01869870988099018
1361875112262332422,negative,0.003063938678352139
1361875112685895680,neutral,0.35362277955607824
1361875112933416962,negative,0.22664324401202743
1361875113419960323,negative,0.2691192972079825
1361875114522894336,negative,0.0018760251802490847
1361875114661445635,negative,0.0468217707996781
1361875114913054723,negative,0.3228216224158623
1361875118754914308,negative,0.016787884429364814
1361875120646721541,negative,0.019989593375312815
1361875122324406272,negative,0.10071385519263656
1361875127072342019,negative,0.000990050929999318
1361875128049692672,negative,0.07275257019330632
1361875129429549064,negative,0.2077250893753918
1361875129815465984,negative,0.0996714708752153
1361875130352365569,negative,0.000990050929999318
1361875130754940932,negative,0.023075944015281635
1361875131253985280,negative,0.0009556081907271526
1361875135385526273,negative,7.461382137720118e-06
1361875136748670978,negative,0.0052734287070928965
1361875137264373762,negative,0.1186549482641647
1361875138787086336,negative,0.00037863991420149565
1361875139395117058,negative,0.0012461847418759407
1361875139915370496,negative,0.0980667583061742
1361875143019139078,negative,0.03501890977918644
1361875144642359296,negative,0.1186549482641647
1361875144722030595,negative,0.27168521576318955
1361875145426690049,negative,0.000166949732032568
1361875145846116354,negative,0.00019692275399311833
1361875146596708361,negative,0.0069309985301994285
1361875146936512514,neutral,0.3551261844169004
1361875148731727872,negative,0.0032238048628010912
1361875150044553221,negative,0.0012778755973791355
1361875150338220032,neutral,0.4957560249352445
1361875152221462528,negative,0.016787884429364814
1361875154658340864,neutral,0.39274765723876304
1361875156759547908,negative,0.028924753444896638
1361875157145518081,negative,0.0029324018794206564
1361875157615312898,negative,0.000990050929999318
1361875158261264384,negative,0.000990050929999318
1361875159280418817,negative,6.194815287226129e-06
1361875159318200323,negative,0.11008140771675833
1361875161801252870,negative,0.019989593375312815
1361875161822203906,negative,0.0069309985301994285
1361875163298603008,negative,0.00025612713220817484
1361875163554455559,negative,0.0677422012322676
1361875163940274177,negative,0.0004127514285876195
1361875164254863367,negative,0.00045190992109345684
1361875165404164101,negative,0.03764621513280413
1361875180134539272,negative,0.011689592614636937
1361875180948246528,negative,0.016787884429364814
1361875182722420740,positive,0.8449706451271007
1361875183548706817,negative,0.004064870430987558
1361875186148995073,negative,5.091477010278902e-05
1361875188162396161,negative,0.1771791862348512
1361875188992909312,negative,0.003809814404607409
1361875189294903297,negative,0.00025366413147017
1361875189966000129,negative,0.005604325898129143
1361875190213472262,negative,0.0003840665678320728
1361875190381219842,negative,0.05957797832934463
1361875191417208832,negative,0.003737981294498269
1361875192834912256,negative,0.0004127514285876195
1361875193921159168,neutral,0.33985598817037715
1361875194139312130,negative,0.00045190992109345684
1361875194332254209,negative,2.933300974172879e-09
1361875194692866048,neutral,0.47500118685377457
1361875195557011456,neutral,0.4083289334275003
1361875195846397953,negative,0.0468217707996781
1361875196693594112,negative,0.17845550180245925
1361875197368934403,positive,0.74559989299848
1361875198434283524,negative,0.004086329021375562
1361875199109591040,negative,0.0036440454189117246
1361875199369613321,negative,0.007608134269466468
1361875199579332610,negative,0.00635733055112689
1361875200489512960,negative,0.327378095563068
1361875200648839168,negative,2.331416514318432e-05
1361875200904732678,negative,0.000990050929999318
1361875202183991298,neutral,0.3867110700880798
1361875202938986497,positive,0.9239060823637271
1361875202980925442,negative,0.017984896579314208
1361875203958190085,negative,0.00635733055112689
1361875205237399555,negative,0.004959303240017096
1361875205296189443,negative,6.288518423436392e-05
1361875205941911556,negative,0.03379891532324992
1361875206135029761,negative,0.054190376756793834
1361875207879880706,negative,0.012314658028107297
1361875334463950853,negative,3.6860439106232884e-05
1361875334673666052,negative,1.421175255594694e-06
1361875334841438208,negative,0.015011485013737159
1361875335235698688,negative,0.00010711031261248312
1361875336380649477,negative,0.016787884429364814
1361875336871505920,negative,0.319904941062565
1361875337605484544,positive,0.8926748174753811
1361875338112991232,negative,0.0004950920217552166
1361875338473668612,neutral,0.35178272800870725
1361875338981171200,negative,0.1771791862348512
1361875339216003073,negative,0.1550815349476316
1361875339492876292,negative,1.6666185707252325e-07
1361875340130410500,negative,0.18598802602580827
1361875343137718274,negative,1.5621053989440494e-05
1361875344005955584,negative,0.005656280091218448
1361875344043765761,negative,0.004086329021375562
1361875344236625921,negative,0.004405889550185086
1361875345683734528,negative,0.0993851000052834
1361875346526793737,negative,0.0018534328054855547
1361875349634695174,negative,0.000990050929999318
1361875350964363265,negative,0.10485837769714776
1361875352096813060,negative,2.103120640518557e-06
1361875353220902912,negative,0.00016683709452180575
1361875353510285313,negative,0.005309063781086333
1361875354034577412,negative,0.019142683109595642
1361875354743414785,negative,7.02409045497577e-11
1361875357415038976,negative,0.006673804830317729
1361875359164203008,negative,0.004878975503983015
1361875359214542852,negative,0.0014435211140411926
1361875359361363969,negative,0.15275052416388077
1361875360581705733,negative,0.0002977285144143152
1361875361064120322,negative,0.00635733055112689
1361875364511940617,negative,0.057658161872105394
1361875367116623876,negative,0.00045190992109345684
1361875368970493955,negative,0.000990050929999318
1361875368987271168,negative,0.07460568534354083
1361875372120420352,neutral,0.41193474847754386
1361875373428981761,negative,0.03838901031456881
1361875373697417217,negative,0.004086329021375562
1361875374276288519,negative,0.018026157949542196
1361875374431469570,negative,0.000990050929999318
1361875374850867204,negative,1.0090590067963723e-07
1361875375740116992,negative,0.14239930088059374
1361875377119879169,negative,0.0014435211140411926
1361875377245847552,negative,0.004549004327479222
1361875380265750534,negative,0.07754670209437127
1361875382031577088,negative,2.6315605087247658e-08
1361875383524741120,negative,0.11786918771417619
1361875384329928705,negative,0.00010924511261112381
1361875384950804482,negative,0.0885640614832503
1361875387534442498,negative,3.427475763378293e-05
1361875388000055296,negative,0.3188705012297419
1361875389354762240,negative,0.0215800685499412
1361875391481344000,negative,3.967251362323105e-09
1361875393167376384,negative,0.0011273660141492346
1361875393582661633,negative,0.26129789806350795
1361875394505412608,negative,4.413376902025267e-05
1361875396032094209,negative,0.03791627134522328
1361875398452109312,negative,0.0022779341292909674
1361875400515870720,negative,0.0031555528286411807
1361875400876560388,negative,0.000990050929999318
1361875402579468293,negative,0.0001017696916543579
1361875403015663618,negative,0.03239835756149948
1361875403330244612,negative,0.21111180418639341
1361875403976114181,negative,0.0020153179403075987
1361875404483624965,negative,0.00635733055112689
1361875404601102341,negative,0.004086329021375562
1361875406647918592,positive,0.8987001413111146
1361875407633453059,negative,0.08266061109434739
1361875408879300609,negative,1.6436129660479363e-07
1361875409000951810,negative,2.6743284854422935e-09
1361875409361645570,negative,0.00635733055112689
1361875409936203779,negative,0.00033986597752007076
1361875411341312005,negative,0.17110783127166218
1361875412041801732,neutral,0.35178272800870725
1361875413216022541,negative,0.023139963450933228
1361875413581070336,negative,0.1472595994334001
1361875417863499776,negative,0.0001017696916543579
1361875418287079428,negative,0.03801610846604707
1361875419432185862,negative,0.12693968478489281
1361875419709005827,negative,0.05378460301345363
1361875419855794178,negative,0.00698319887550523
1361875420216520716,negative,3.4454078477687496e-06
1361875420795256837,negative,0.2977015077500091
1361875421537607682,negative,0.00024292619579313076
1361875424024948738,negative,0.22664324401202743
1361875425367097348,positive,0.9678845146894467
1361875427522793472,negative,0.0006482781419825417
1361875427569131521,negative,0.0010965981171695582
1361875429447987202,negative,0.016787884429364814
1361875430106673153,negative,0.29864444629363096
1361875431536750598,negative,0.09418084068739434
1361875432036069377,neutral,0.44525447722397243
1361875432522588160,negative,0.03173832375291585
1361875433030119424,negative,9.114795216265608e-08
1361875433881546754,negative,0.06663668783824335
1361875434510708737,negative,0.00015418457969662886
1361875436649775105,negative,0.00012741743316520228
1361875437081812994,negative,0.01678154902376081
1361875437597716480,negative,0.000990050929999318
1361875438499463169,negative,0.09767781719009569
1361875439237685248,negative,0.1179460730192505
1361875439451537415,negative,0.005604325898129143
1361875440957349892,negative,0.0036542992359395766
1361875442605645826,negative,0.036868456642577686
1361875443369054213,negative,0.0001190933673997596
1361875443545235460,negative,0.02487634209388752
1361875447202672645,negative,0.016787884429364814
1361875448146370564,negative,0.0032952471641983644
1361875448163147776,negative,0.04267060293866372
1361875448355987459,negative,0.016787884429364814
1361875448620179457,negative,0.019229231702090153
1361875448968450049,negative,0.033194606476668935
1361875449090048000,negative,0.030755334837246785
1361875449425584134,negative,0.1456215726588516
1361875450880999424,negative,0.12693968478489281
1361875518602293249,negative,0.00017024727121880674
1361875519122374657,negative,0.0030209065273983566
1361875524642029570,negative,0.01025825457183919
1361875524809863169,negative,0.04678270541966506
1361875527771033600,negative,0.0001017696916543579
1361875527947194369,negative,0.004086329021375562
1361875528035221505,negative,0.004959303240017096
1361875528823820298,negative,0.1771791862348512
1361875528828014595,negative,0.004086329021375562
1361875528857251850,neutral,0.5777825767519993
1361875529260019717,negative,0.0314484057255293
1361875530019086340,negative,0.002461381719754646
1361875530971250695,positive,0.9079612214554453
1361875532934217733,negative,5.043557877513666e-07
1361875536964947968,negative,0.0314484057255293
1361875539645124609,negative,0.03219379844197929
1361875540374937601,negative,0.3205746300160878
1361875541519925252,negative,0.00020561807695836245
1361875542174273536,negative,0.000990050929999318
1361875542518108164,negative,1.5477796679726835e-05
1361875544158195713,neutral,0.5495922250151081
1361875546917986308,negative,0.006889579971302303
1361875547186475010,negative,1.4388175004702045e-07
1361875548616724486,negative,0.000990050929999318
1361875549099094017,negative,0.01783695133542891
1361875549703004164,negative,0.021753957723173855
1361875551967969291,negative,2.8674128752790525e-09
1361875552085311491,negative,0.016787884429364814
1361875552152477696,negative,0.011592040180563831
1361875552232087553,negative,0.005604325898129143
1361875552517427203,negative,1.404354449424273e-06
1361875553721139203,negative,0.033194606476668935
1361875556090974208,neutral,0.4121503038550243
1361875557277986820,negative,0.004200195108654122
1361875557785419779,negative,0.0014435211140411926
1361875559006023680,neutral,0.4083289334275003
1361875559790313474,negative,0.026551221636493916
1361875559802896389,negative,0.019989593375312815
1361875560092356609,negative,0.000990050929999318
1361875562411810816,negative,0.002407656003011762
1361875563938525186,negative,0.03501890977918644
1361875564131323905,negative,5.351869158045998e-07
1361875564538310659,negative,3.4454078477687496e-06
1361875566002130948,negative,1.404354449424273e-06
1361875566207643655,negative,0.003254578175955396
1361875569676349441,negative,0.016787884429364814
1361875570431246338,negative,0.000990050929999318
1361875571903496193,negative,0.17110783127166218
1361875573006565376,negative,0.000990050929999318
1361875576831676416,negative,0.016787884429364814
1361875578148642816,negative,0.0013012529240149671
1361875578291249156,negative,0.00017024727121880674
1361875579436343298,negative,0.19256507276886312
1361875579662979074,negative,0.11163762804279813
1361875580615086082,negative,0.020304488208192136
1361875581030330371,negative,7.11492208512215e-05
1361875582775009287,negative,5.087596700994791e-06
1361875584087916549,neutral,0.3734810202452648
1361875584134111232,negative,0.04525877743325878
1361875584297631744,neutral,0.5126726184249756
1361875586529046528,negative,0.000990050929999318
1361875586852020225,negative,0.03838901031456881
1361875587040739333,negative,0.03882127142274822
1361875587598548992,negative,0.0468217707996781
1361875588118634504,negative,2.1328169277588322e-07
1361875589385363458,negative,0.030461333279747257
1361875590916288512,negative,0.033194606476668935
1361875590958227457,negative,0.04668677817916121
1361875592782708741,negative,0.026955611107272768
1361875592971505664,negative,0.1771791862348512
1361875593021816833,negative,1.2462813573177462e-05
1361875595685203974,negative,0.030945955841951162
1361875596792401920,negative,0.01668728560014079
1361875598646407171,neutral,0.4323510242933817
1361875599535476740,neutral,0.3497338037277034
1361875600844152835,negative,0.08737938676356574
1361875601829863432,negative,0.06663668783824335
1361875601876004873,negative,0.0977917922533174
1361875602861486089,neutral,0.5228773744227614
1361875603281051648,negative,0.0076627860343016895
1361875603331424258,negative,0.000990050929999318
1361875603536949250,negative,2.91367605840649e-08
1361875604925263878,positive,0.8449706451271007
1361875607366365187,negative,0.03501890977918644
1361875607957733378,negative,4.413376902025267e-05
1361875611648745474,neutral,0.4766795874967358
1361875611749404675,negative,0.12693968478489281
1361875611896213504,negative,0.002590507773332962
1361875613066424327,negative,0.0017797153466941646
1361875613817036807,neutral,0.42507619662732005
1361875615025164289,positive,0.9997989130371941
1361875615348109314,negative,5.9619245638825286e-05
1361875615566213120,neutral,0.35362277955607824
1361875616216268801,negative,0.012101477057038944
1361875616253968390,negative,0.023139963450933228
1361875617214574592,neutral,0.4985928500860049
1361875617277476864,negative,0.07084544225255471
1361875618510569474,negative,2.657372034663135e-05
1361875621824122882,negative,0.000990050929999318
1361875622490955777,negative,0.00016683709452180575
1361875622558105603,negative,0.07800672398898323
1361875623984173059,negative,0.020778260831952923
1361875624659464197,negative,0.034641901391601164
1361875626928594947,negative,1.9965767013188958e-11
1361875627574521857,negative,0.004064870430987558
1361875628769873925,negative,0.004086329021375562
1361875629227016193,negative,0.011089470630751714
1361875630858539021,negative,0.15493478320665963
1361875633509400576,negative,0.0008536575483611616
1361875633530408963,negative,0.0001017696916543579
1361875633547202562,negative,0.000990050929999318
1361875633752526850,negative,0.017984896579314208
1361875634025234436,negative,0.0012461847418759407
1361875634197250048,negative,0.004086329021375562
1361875634293788672,negative,2.487465473825185e-07
1361875635904339968,negative,0.03764621513280413
1361875636059570181,neutral,0.48481419304338763
1361875637926047745,neutral,0.4532755671595513
1361875638093811716,negative,0.004414969729711277
1361875638559383553,negative,0.15275052416388077
1361875639784112129,negative,0.16251814739843115
1361875640006438915,negative,0.008371323344887004
1361875642204254211,negative,0.019989593375312815
1361875642372005891,negative,2.174366260460448e-06
1361875643709984777,negative,0.008903641348672142
1361875645991706624,negative,0.000990050929999318
1361875646620725248,negative,0.0012461847418759407
1361875647845466117,negative,0.08737938676356574
1361875649166794760,negative,0.008061199719809458
1361875649967833088,negative,3.114264427806508e-06
1361875651440107528,negative,0.000990050929999318
1361875652119572484,negative,0.0016816873921108057
1361875652476100618,negative,0.03791627134522328
1361875652845035524,neutral,0.3551261844169004
1361875652874395652,neutral,0.3551261844169004
1361875653222682626,neutral,0.49789225920557484
1361875654074109953,negative,0.31758430965538403
1361875654124437505,positive,0.7377465568169161
1361875654174777344,negative,0.04479713725512996
1361875655160381440,negative,3.363211507171691e-06
1361875655873470465,neutral,0.4323510242933817
1361875659207835649,negative,2.6743284854422935e-09
1361875660365471746,positive,0.8449706451271007
1361875663423229955,negative,0.000990050929999318
1361875664639524864,negative,0.004064870430987558
1361875665491030022,negative,0.004086329021375562
1361875667261022217,positive,0.9306941369488518
1361875668175364100,negative,0.28619737807535045
1361875670339620866,negative,0.00012102254611342123
1361875670813523972,negative,0.10208366308655104
1361875671824408576,negative,0.016787884429364814
1361875672214347782,negative,0.009823342369178275
1361875673980293121,negative,0.000990050929999318
1361875674089234432,positive,0.8449706451271007
1361875674965962754,negative,0.0008496953345485857
1361875675414753280,neutral,0.48728019602140255
1361875678736633857,neutral,0.35362277955607824
1361875680359837697,negative,0.0036542992359395766
1361875681290854402,negative,0.004414969729711277
1361875682247270400,neutral,0.35178272800870725
1361875683270660097,negative,0.32633912075937754
1361875683748818946,negative,0.004892257398399707
1361875688870002689,negative,0.03053953384785561
1361875709073965059,neutral,0.5255784232230389
1361875713238966273,negative,0.01241233477651955
1361875713654018051,negative,0.029946387394255404
1361875714224627712,negative,0.013955714247602391
1361875714958647298,negative,0.0001017696916543579
1361875715000475648,negative,2.6743284854422935e-09
1361875717437468673,negative,0.05378460301345363
1361875720184725504,negative,3.114264427806508e-06
1361875723116568579,negative,0.1379714623725191
1361875723502321667,negative,0.004200195108654122
1361875723884130304,negative,0.03239018280832176
1361875724198633476,negative,3.427475763378293e-05
1361875724257267713,negative,0.0024265365763960507
1361875724999786496,negative,0.10715633970361955
1361875728023887872,negative,0.000990050929999318
1361875728434921474,negative,0.03053953384785561
1361875729143787521,negative,6.037051106859136e-08
1361875729172996096,negative,3.866766183870262e-08
1361875729311354880,negative,0.03451709748792609
1361875730611625991,negative,0.02408133521209762
1361875730884407296,negative,0.09260210818410343
1361875733380030464,negative,3.434176771938688e-05
1361875735582023684,negative,1.2299316261248262e-07
1361875736852889600,neutral,0.4507454498615163
1361875739876950018,negative,0.24490252709612087
1361875741240090624,negative,3.5796101340226717e-16
1361875743098212355,negative,0.006129548817781143
1361875744532619266,negative,0.14161800834439284
1361875747514810371,negative,0.016734716510400732
1361875749574242304,negative,0.04284197394568049
1361875751558119424,negative,0.0034394226732650046
1361875753336508418,negative,5.351869158045998e-07
1361875755244773380,negative,5.351869158045998e-07
1361875755827920901,negative,0.17110783127166218
1361875756914077697,positive,0.8449706451271007
1361875759950888962,negative,0.049383360786529565
1361875761695780864,neutral,0.5255784232230389
1361875762907738120,negative,5.219183497409914e-05
1361875764312956930,negative,0.0009286375633135558
1361875764472385536,negative,0.000990050929999318
1361875766309490689,negative,0.0014435211140411926
1361875766376599554,negative,0.00017240679069240484
1361875766707949568,negative,0.002157346534550224
1361875767379062785,negative,0.0004950920217552166
1361875770285510657,negative,3.75878767437183e-05
1361875771002920961,negative,0.000990050929999318
1361875771103580160,negative,0.011875103137857548
1361875772001181702,negative,0.000990050929999318
1361875772911288320,negative,0.0062877297735551745
1361875774039592965,negative,0.011592040180563831
1361875774303838208,negative,0.12693968478489281
1361875775113351172,neutral,0.49789225920557484
1361875775197167616,negative,0.17110783127166218
1361875778418401284,neutral,0.5255784232230389
1361875778988879872,negative,0.000990050929999318
1361875780192661504,negative,0.006503129052117367
1361875780733702145,negative,0.14161800834439284
1361875780926636036,negative,0.000990050929999318
1361875781496967169,negative,0.007455200725060158
1361875782554050563,negative,0.03983031260542193
1361875783535501313,negative,0.005483576456104199
1361875786530238464,negative,0.2798947313077043
1361875788098904067,negative,0.03501890977918644
1361875788203712520,negative,0.030746589636537723
1361875790347042816,negative,0.00017024727121880674
1361875792624427011,negative,0.0014435211140411926
1361875792662323206,negative,0.016787884429364814
1361875794084069377,negative,0.2808011694489848
1361875794323247108,negative,0.25296835653707067
1361875795069837313,negative,2.6743284854422935e-09
1361875797338955776,negative,2.4065968124800597e-05
1361875797565390848,negative,0.000990050929999318
1361875797628366850,negative,0.2825245963010117
1361875799431864328,negative,0.047377406779251216
1361875802388893696,negative,0.13487384567578212
1361875803634601986,negative,7.278478243474617e-11
1361875803647131649,positive,0.9099856945133658
1361875804154712065,negative,0.12693968478489281
1361875804813074434,negative,0.0001017696916543579
1361875806134308864,negative,0.016787884429364814
1361875806348222465,negative,0.012314658028107297
1361875807497572354,negative,5.584583871086908e-05
1361875809489858562,negative,0.0076627860343016895
1361875809653391362,negative,0.0011412411024772362
1361875809800183809,negative,0.02069339905992801
1361875810609684482,negative,0.004144682560095117
1361875811364712456,negative,0.000990050929999318
1361875812530720773,negative,0.004086329021375562
1361875812945911808,negative,0.0027300360100715516
1361875814011318277,negative,2.1922841452405347e-05
1361875817446469632,negative,0.017984896579314208
1361875817635213312,negative,0.010810983139191413
1361875817899450371,negative,0.000990050929999318
1361875820839636994,neutral,0.3439175464176136
1361875820948709378,negative,0.3228216224158623
1361875821548474368,negative,0.0062899480639258334
1361875823758729222,negative,0.0014435211140411926
1361875824484483081,negative,0.0024265365763960507
1361875825830883333,negative,0.2135140083070197
1361875827168841730,negative,0.026320844931716186
1361875828368412672,negative,0.15630830276745175
1361875829316345858,negative,0.00014591887083502113
1361875830150955008,negative,0.0004127514285876195
1361875831035895816,negative,0.023139963450933228
1361875834055884802,negative,0.010731881897852865
1361875834877968386,negative,0.052140248765394324
1361875837117726726,negative,0.015588462689835316
1361875837197447168,negative,0.033194606476668935
1361875838816419841,negative,0.0670289408097171
1361875839659503618,negative,0.03220125600107408
1361875840238313475,negative,0.14161800834439284
1361875840997466113,negative,0.00028512364604243794
1361875841899237376,negative,0.0012461847418759407
1361875842088001537,negative,0.026955611107272768
1361875842469617664,negative,0.05352904886041842
1361875843107160064,negative,0.004504232962672696
1361875843568590850,negative,0.017302050429354145
1361875844197711875,negative,0.0004127514285876195
1361875845007220745,negative,0.010810983139191413
1361875845103583240,negative,8.844780606253413e-05
1361875845263065089,negative,0.2626448440299405
1361875847020388353,negative,7.422785971827984e-06
1361875848073273349,negative,0.0004127514285876195
1361875848773525506,negative,0.03451709748792609
1361875851575451651,negative,0.0004127514285876195
1361875851739078657,negative,1.6390426073449181e-06
1361875856868564996,negative,0.005604325898129143
1361875857028116482,negative,0.014918291470551183
1361875859158691840,negative,0.1763447636935497
1361875859422994436,negative,0.000990050929999318
1361875861033472008,negative,0.005604325898129143
1361875861033648129,negative,0.002803186263574807
1361875861637500932,negative,7.04481450344111e-08
1361875862270992386,negative,0.033194606476668935
1361875862916902914,negative,6.652540986918967e-07
1361875863562780678,negative,7.782898213396805e-05
1361875864472985600,negative,2.1328169277588322e-07
1361875864800161798,negative,0.051336279047282427
1361875866054250496,negative,9.121865820586878e-08
1361875866075230211,negative,0.0014435211140411926
1361875867480260609,negative,0.005527170083806231
1361875867622858756,negative,0.06596196037722946
1361875867631300608,negative,0.000990050929999318
1361875869304815616,negative,0.0010002361821155772
1361875871590719489,negative,0.24977838472738464
1361875871641047040,negative,0.000990050929999318
1361875872052035590,negative,0.03949173244161104
1361875872815398915,negative,0.0468217707996781
1361875873130020864,negative,5.3098180901779e-08
1361875874312781829,negative,0.004086329021375562
1361875874988126212,negative,0.17110783127166218
1361875875227201541,negative,2.3631256081062406e-05
1361875875353022465,neutral,0.3768965085191177
1361875876032479234,negative,0.0005355367510211682
1361875880923058176,neutral,0.4545904767683513
1361875881610780672,neutral,0.46127768308170247
1361875883280261123,negative,5.1750287681499805e-06
1361875884974764033,negative,0.002815213878938193
1361875885423423490,negative,0.00024292619579313076
1361875888552443904,negative,0.03501890977918644
1361875891396218881,negative,0.03838901031456881
1361875891400409089,negative,0.12693968478489281
1361875891710808065,negative,0.000990050929999318
1361875894827163654,positive,0.8449706451271007
1361875896987234304,negative,0.07839474164203382
1361875897159188482,negative,0.0009286375633135558
1361875900866957313,negative,6.657795884165512e-10
1361875902666334214,neutral,0.41193474847754386
1361875906009169923,negative,0.0013084898926973545
1361875907015663620,negative,0.17143941624686013
1361875907259039746,negative,0.01176256702119421
1361875909976940549,negative,0.01869870988099018
1361875915433799680,neutral,0.35884041901112956
1361875917392470019,negative,0.01176256702119421
1361875917895778306,positive,0.9127850488921464
1361875919384666114,negative,0.0062899480639258334
1361875919716106240,neutral,0.4274047939449264
1361875922102591491,negative,0.001825125138411736
1361875922182434824,negative,0.00968509786403396
1361875922866102272,negative,0.000990050929999318
1361875923965014019,negative,7.711435492770673e-06
1361875926368272390,negative,0.005527170083806231
1361875926502539266,negative,0.000990050929999318
1361875928419348481,negative,0.029053769614860128
1361875928838766596,neutral,0.3499352441185855
1361875928947769346,negative,0.0022976935538689507
1361875929744637965,negative,0.0001017696916543579
1361875931858677763,neutral,0.48481419304338763
1361875932831764485,positive,0.8170477797215945
1361875932928217089,negative,0.009823342369178275
1361875933628620800,negative,0.0005355367510211682
1361875933666361349,negative,0.03764621513280413
1361875933838336001,negative,0.0026470592548790734
1361875934719078400,neutral,0.49789225920557484
1361875935264444418,negative,0.03791627134522328
1361875936195596291,negative,0.016787884429364814
1361875936623394817,negative,0.00015387857440118006
1361875936942112771,negative,0.000990050929999318
1361875937734905856,negative,0.000990050929999318
1361875939727003651,negative,0.004086329021375562
1361875939836239874,negative,0.0001017696916543579
1361875940238888960,negative,0.000990050929999318
1361875942654803970,negative,0.18612369267165638
1361875945221718017,negative,0.004086329021375562
1361875945393635331,negative,0.004086329021375562
1361875947494981632,negative,0.004086329021375562
1361875949893996544,negative,0.214006560130113
1361875950401634305,negative,0.000553272366604666
1361875953438367754,negative,5.219183497409914e-05
1361875953484525568,positive,0.9997435663971619
1361875953547419653,negative,0.000990050929999318
1361875957800456203,negative,0.000423514510803206
1361875957884342276,negative,0.07686454854870137
1361875958425337859,negative,0.000990050929999318
1361875961080332291,negative,0.00039785535954796645
1361875961894076417,negative,0.05158229854202571
1361875962158321668,negative,0.14283590895441953
1361875963060117506,negative,0.000990050929999318
1361875963219484674,negative,0.007107476045025841
1361875963458551810,negative,0.05378460301345363
1361875965765427200,negative,0.002157346534550224
1361875965824143360,neutral,0.437971186555749
1361875966461693953,negative,6.685503635845906e-05
1361875967585697799,negative,0.3065077932362409
1361875969389309953,negative,5.087596700994791e-06
1361875969729060866,negative,3.114264427806508e-06
1361875970794409987,neutral,0.35362277955607824
1361875971398369280,negative,0.052656170055404676
1361875971578597381,negative,0.00566890454865933
1361875971729727488,negative,0.000990050929999318
1361875974112092163,neutral,0.5136446707795853
1361875974892126209,negative,3.427475763378293e-05
1361875976096002052,negative,0.20080190237237028
1361875976469286918,negative,0.24955026494900232
1361875977505148932,negative,0.017984896579314208
1361875977534595073,negative,0.0071325852184430764
1361875980646830085,negative,0.03764621513280413
1361875982609711111,neutral,0.42755866745518784
1361875982664278017,negative,0.011344300423218222
1361875984954327040,negative,0.09976433056780827
1361875986804006921,neutral,0.4083289334275003
1361875990767632385,negative,0.047377406779251216
1361875991593852929,negative,0.005604325898129143
1361875993716228098,negative,0.001891183580962971
1361875994056024065,negative,0.07800672398898323
1361875995729530883,positive,0.8449706451271007
1361875996409028614,negative,0.016734716510400732
1361875999646965760,positive,0.7238260651300098
1361875999776989184,negative,0.0004127514285876195
1361876000192270337,negative,0.0004127514285876195
1361876000582356995,negative,0.17110783127166218
1361876001081466885,negative,0.047377406779251216
1361876002218082305,negative,0.0004127514285876195
1361876002591420417,negative,0.13034916774803668
1361876003249913861,negative,0.000990050929999318
1361876003304460291,negative,0.012314658028107297
1361876005661650952,negative,0.017984896579314208
1361876008555667456,negative,0.18795859623648656
1361876008723447816,positive,0.8476210678002868
1361876009306513418,negative,0.0468217707996781
1361876011302981635,neutral,0.35362277955607824
1361876011764375553,negative,0.0005464711804323499
1361876013412720641,negative,0.2804258529746722
1361876013727309824,negative,0.09728505734139326
1361876013844586501,negative,5.281010394049571e-08
1361876015262425090,negative,7.715835230906505e-05
1361876015325212672,negative,0.016787884429364814
1361876015400812549,negative,0.044025472451188236
1361876015564349441,neutral,0.39274765723876304
1361876016306741252,negative,0.17110783127166218
1361876016688414724,positive,0.8449706451271007
1361876017036595202,negative,8.426375164500848e-08
1361876017829339137,negative,0.004086329021375562
1361876019896979459,negative,0.010487552140255907
1361876019934863363,negative,0.0001730422125718668
1361876020257767424,neutral,0.5983432279427474
1361876021042110465,negative,0.00028539918483224774
1361876022245920770,negative,0.000990050929999318
1361876049643139077,neutral,0.3820472485190975
1361876053069860870,negative,0.000990050929999318
1361876053719982081,negative,0.00020636335243577074
1361876057058664452,negative,0.00019692275399311833
1361876058107174913,neutral,0.5766117724970102
1361876060669956100,negative,0.0001193898709826936
1361876060955172867,positive,0.9187734058430442
1361876061538160640,negative,0.005968295818945843
1361876062247014401,negative,0.004086329021375562
1361876063090057218,negative,0.17343310578019352
1361876067691212804,negative,0.09612367176423232
1361876068186136577,negative,0.24977838472738464
1361876070476177410,negative,1.2044567016299397e-05
1361876073106075653,negative,0.1433956860250839
1361876074066567171,negative,0.004086329021375562
1361876074246774785,negative,0.16238354240856034
1361876074897039360,neutral,0.41193474847754386
1361876075148693504,negative,1.0265118404247724e-06
1361876076591337474,negative,0.01869870988099018
1361876077237456901,positive,0.8449706451271007
1361876078588022785,neutral,0.44525447722397243
1361876079552712708,negative,0.0035749614167038474
1361876082824151046,negative,0.03233545161051839
1361876083335827456,negative,0.001891183580962971
1361876083885375488,negative,0.0076627860343016895
1361876086141943811,negative,0.000990050929999318
1361876088087932929,negative,3.6860439106232884e-05
1361876091510603777,negative,0.00015583908576547855
1361876091623849984,negative,0.015071903989231613
1361876093012221954,negative,0.00385949904156067
1361876098066350082,negative,0.000519502121835846
1361876098095722500,negative,0.0004860873243864382
1361876098771013635,negative,0.0003759874210950599
1361876099689406470,negative,0.09418084068739434
1361876099869810690,negative,0.0677422012322676
1361876102541701120,negative,4.0458632810359776e-08
1361876103216922625,negative,0.02584496343818107
1361876103606984708,negative,0.03764621513280413
1361876103690911744,positive,0.9444606454306671
1361876104785629184,negative,0.000475979884122524
1361876105335107586,negative,0.00011941137881460796
1361876107499364353,negative,0.07275257019330632
1361876108577275905,negative,0.17143941624686013
1361876109055438853,negative,1.3419020093400901e-10
1361876109965615106,negative,0.000990050929999318
1361876110288502786,negative,0.00046523728108092163
1361876111022465025,negative,0.1939083841960331
1361876111324545025,neutral,0.35362277955607824
1361876111840411649,negative,0.012100029205263107
1361876113358782465,negative,1.6740079920237027e-06
1361876114537381893,negative,8.610392293450805e-08
1361876114541436930,negative,0.004086329021375562
1361876114654851074,neutral,0.5509348006065574
1361876117167239168,negative,0.2798612140994752
1361876119012663296,neutral,0.5495922250151081
1361876119453134848,negative,0.005604325898129143
1361876121877413893,negative,0.2864145558920463
1361876122905026561,negative,0.013732165198975424
1361876123492241409,negative,3.114264427806508e-06
1361876125560037377,negative,2.4903045430048765e-06
1361876127116120065,negative,0.0004127514285876195
1361876127871078401,negative,0.12693968478489281
1361876128022077441,negative,0.3046101175466245
1361876128273752068,negative,0.0002977285144143152
1361876128537919488,negative,0.040558378318471394
1361876130991546377,negative,0.007843639380054479
1361876131452911619,negative,0.1379714623725191
1361876132635832320,neutral,0.4274047939449264
1361876132799381504,negative,0.08564461066144968
1361876133495664642,negative,0.02584496343818107
1361876133629874178,neutral,0.4675532667812341
1361876134850355201,negative,0.004086329021375562
1361876134921666560,negative,0.000990050929999318
1361876135773151232,negative,0.004661592185190833
1361876141200531457,negative,0.000990050929999318
1361876142324477959,positive,0.8315220747794564
1361876142957953025,negative,0.10118933778188083
1361876144149118976,negative,0.000990050929999318
1361876147072548872,negative,0.0029401057238612025
1361876147227795459,negative,3.9656357932296034e-05
1361876148393762822,negative,6.662523665892044e-08
1361876151845724162,negative,0.016787884429364814
1361876151912828933,negative,0.00019001325871668688
1361876152734908416,neutral,0.46376474239159693
1361876152999116802,negative,0.000990050929999318
1361876153338888192,negative,0.01678154902376081
1361876153733120003,negative,0.0036542992359395766
1361876153926090754,neutral,0.49789225920557484
1361876154223837184,negative,0.0012683186751307849
1361876154584555524,negative,0.013843497850535822
1361876154924167169,neutral,0.4513605618894927
1361876154978828288,negative,0.004086329021375562
1361876155247308801,negative,0.005604325898129143
1361876155700281345,negative,5.087596700994791e-06
1361876156308475912,negative,3.363211507171691e-06
1361876157654839297,negative,0.000990050929999318
1361876158200090635,negative,0.25674356956917044
1361876159080902657,negative,4.143350616786319e-06
1361876160825745418,negative,0.0002977285144143152
1361876162109198336,negative,0.25674356956917044
1361876163606511616,negative,1.4567864384736317e-05
1361876163790999553,negative,0.0029695256358202578
1361876167268184068,positive,0.7377465568169161
1361876167352057857,negative,0.0013627972799442989
1361876167708577794,negative,0.019696173977720263
1361876168312512512,negative,0.1261025586337749
1361876169096900610,negative,0.004711532918898615
1361876170439077891,negative,0.01176256702119421
1361876170464251904,neutral,0.3358218310945649
1361876170615185414,negative,0.035207153358869384
1361876171223412742,negative,0.0004127514285876195
1361876171307290624,positive,0.9470229429998196
1361876172691415043,negative,0.000990050929999318
1361876174213840899,negative,1.1526119486577877e-05
1361876175321243652,negative,0.11430745502275984
1361876175656787971,negative,0.04678270541966506
1361876177443553284,negative,0.000990050929999318
1361876179502866433,negative,3.203889452137148e-06
1361876179964334084,neutral,0.35362277955607824
1361876180194967553,negative,5.063649419024226e-05
1361876180337643525,negative,0.003063938678352139
1361876180748615682,negative,0.0001017696916543579
1361876181306535943,negative,0.0001017696916543579
1361876185442119682,negative,0.04678270541966506
1361876186306146305,negative,0.21765975894732212
1361876186796875776,negative,0.0004127514285876195
1361876187824476160,negative,0.11163762804279813
1361876189812568066,negative,0.004086329021375562
1361876190303113218,negative,0.010640884888258262
1361876192975065089,negative,0.03943542150115906
1361876193855766534,negative,0.013843497850535822
1361876194078183430,negative,0.24490252709612087
1361876194384359425,negative,4.190064723554478e-06
1361876194711453696,negative,0.09147230835591948
1361876195424538627,negative,0.03494478781268983
1361876195479080961,negative,0.30494104219514184
1361876195856560133,negative,0.0014435211140411926
1361876196888223746,negative,0.00012684914431857999
1361876197752377347,negative,0.1771791862348512
1361876198595436545,negative,0.12063822450823276
1361876198712897536,negative,0.004086329021375562
1361876199140564992,negative,0.011322098644435693
1361876199715135491,negative,0.029946387394255404
1361876199983742979,negative,0.000990050929999318
1361876200457666562,negative,0.12693968478489281
1361876201984331778,negative,0.017984896579314208
1361876203569840128,positive,0.9247033609254065
1361876203959943172,negative,0.016787884429364814
1361876205234839553,negative,1.454181565804358e-13
1361876205574717441,neutral,0.3499352441185855
1361876205742542854,neutral,0.36652480939404136
1361876206543638533,negative,0.004086329021375562
1361876206988197890,negative,0.0026601924576739053
1361876207449612292,negative,0.004086329021375562
1361876208250667012,negative,0.010233199552116221
1361876280992542720,negative,0.04221041857281824
1361876281210462212,negative,0.20597788124959643
1361876281378410500,negative,1.4555603188596914e-06
1361876281613254664,negative,0.000990050929999318
1361876282087211009,positive,0.74559989299848
1361876282225664006,negative,4.534342661939723e-05
1361876282359832581,negative,0.016787884429364814
1361876282506682369,negative,0.14239930088059374
1361876282821120002,negative,2.446189539060078e-05
1361876285774036996,negative,0.0004127514285876195
1361876286730297346,negative,0.2331160801440142
1361876287141388297,negative,0.027306823983217477
1361876287367884801,neutral,0.44525447722397243
1361876287904620551,negative,0.0014435211140411926
1361876289578274817,neutral,0.5136446707795853
1361876289670569987,negative,0.004892257398399707
1361876295009853442,negative,0.019989593375312815
1361876295118954500,negative,0.043027140320225934
1361876295446102021,negative,0.000990050929999318
1361876296742170627,negative,0.29103102993209923
1361876298533109761,negative,0.327378095563068
1361876299757858817,negative,0.015071903989231613
1361876300034699266,neutral,0.35362277955607824
1361876301062242310,negative,0.0026270300526412163
1361876304107307009,negative,0.0012248826903470734
1361876306623795204,negative,0.07800672398898323
1361876306737074176,negative,6.212200983707494e-09
1361876310138654720,positive,0.8449706451271007
1361876311141015556,negative,0.009524689705633712
1361876312789553152,negative,0.00010984938149451028
1361876312974102532,negative,0.04678270541966506
1361876314114899973,negative,0.004959303240017096
1361876314832183299,negative,0.07800672398898323
1361876316589494272,negative,0.15571614865194566
1361876317940183041,negative,0.000990050929999318
1361876318032257029,negative,5.608590074380958e-06
1361876318246297606,negative,0.029036775832983665
1361876320368623619,negative,0.09418084068739434
1361876320565620737,negative,0.18956573878256197
1361876320792190980,negative,0.006229465142155644
1361876322000265216,negative,0.00013832308556874446
1361876323027804160,negative,0.004086329021375562
1361876323220783105,negative,0.05583299329353172
1361876323497607170,negative,0.0008496953345485857
1361876324160167947,negative,2.838562516835298e-05
1361876324638416896,negative,0.00018858986993684385
1361876324793520129,negative,4.0458632810359776e-08
1361876326366388231,negative,2.8510129388726875e-05
1361876327150866435,negative,0.000990050929999318
1361876327238758402,negative,0.15493478320665963
1361876327318630402,negative,8.306021402514833e-08
1361876328132333570,negative,0.0004860873243864382
1361876328581128198,negative,0.0004127514285876195
1361876329625452545,negative,0.0062899480639258334
1361876333060587521,negative,0.11786918771417619
1361876334599933954,neutral,0.5441748150304931
1361876334709010433,negative,0.001981806849916956
1361876335967293446,negative,0.0007460379332174409
1361876337020055553,negative,0.03838901031456881
1361876337984757760,negative,0.0004127514285876195
1361876338144083978,negative,0.0033808357533134637
1361876338643267584,negative,0.0008496953345485857
1361876340140630020,negative,0.000990050929999318
1361876342287912960,negative,7.278478243474617e-11
1361876342292234243,negative,0.007202256385334046
1361876348176920579,negative,0.000990050929999318
1361876348529123330,negative,0.017984896579314208
1361876348571168770,negative,0.01292418419366304
1361876349644922880,negative,8.021088292941885e-05
1361876350794166275,negative,0.0314484057255293
1361876353323311104,negative,0.00019692275399311833
1361876354103468032,negative,1.7187689711646314e-06
1361876354187341827,negative,2.6942414632924577e-05
1361876354350931969,positive,0.9756595974325557
1361876356175429633,negative,0.001049967953847317
1361876356418711552,negative,0.00010194550916051457
1361876357844787206,negative,0.007435316127731937
1361876358125780996,negative,0.0004127514285876195
1361876358197108736,negative,0.14290789499724163
1361876358272593924,negative,0.08941844409604452
1361876358352097282,negative,2.4440878036880287e-09
1361876358973042694,neutral,0.49789225920557484
1361876359765766144,negative,1.325609502734747e-05
1361876359874813952,negative,0.0653206694182458
1361876360826740739,negative,0.07686454854870137
1361876360906608651,neutral,0.4274047939449264
1361876361233764355,negative,0.00023881158502650683
1361876361678315524,negative,0.020256402361303584
1361876362450120705,negative,0.002960145424051459
1361876362651439105,negative,0.0004127514285876195
1361876363821613061,negative,0.004086329021375562
1361876364232687620,negative,0.05583299329353172
1361876364320718851,negative,0.03838901031456881
1361876368053702666,negative,0.09396998632947628
1361876369479774211,negative,0.0006045967898486234
1361876369748148230,negative,0.000990050929999318
1361876370679357445,negative,0.007950863087716427
1361876370800918528,neutral,0.5495922250151081
1361876372755542017,negative,0.0008496953345485857
1361876374680727553,negative,0.034641901391601164
1361876374949158913,negative,5.547586483555178e-06
1361876376735731713,positive,0.8449706451271007
1361876378468175876,negative,0.0001892488636161308
1361876379411877897,negative,0.000990050929999318
1361876380678582276,neutral,0.4355547734827441
1361876382914068482,neutral,0.5163489225188522
1361876383018926084,negative,6.566786244110232e-06
1361876385850081284,negative,4.075511940932459e-06
1361876386789675008,negative,3.114264427806508e-06
1361876386823221250,negative,0.04782183857301588
1361876387762683907,neutral,0.6527247472559132
1361876388035371009,negative,0.000990050929999318
1361876389293613056,negative,6.6079157027378e-06
1361876389587283972,negative,0.000990050929999318
1361876391059468289,negative,0.08318563537797842
1361876393466994688,negative,0.016787884429364814
1361876394259718148,negative,0.000990050929999318
1361876394519658496,negative,1.5722134199851748e-05
1361876394817458176,negative,0.016787884429364814
1361876395874525185,negative,0.04026094290996632
1361876397564825601,negative,0.000990050929999318
1361876397963190279,negative,3.427475763378293e-05
1361876398391050244,negative,7.249577601897711e-05
1361876398563086336,negative,0.005604325898129143
1361876399116587011,negative,9.355137522013953e-06
1361876401004101634,negative,0.02055213509963698
1361876476145065989,negative,0.004086329021375562
1361876476266745858,negative,0.004086329021375562
1361876478019964928,neutral,0.4323510242933817
1361876478321901570,neutral,0.4274047939449264
1361876480389574660,negative,3.6860439106232884e-05
1361876481480212481,negative,2.0722772251476304e-09
1361876483527049221,negative,0.008539165580923597
1361876483648720907,negative,0.0016617499148145287
1361876484588113922,negative,0.0488162814078609
1361876485259329537,negative,0.016734716510400732
1361876485901086723,neutral,0.40860474794660473
1361876486190432260,negative,1.404354449424273e-06
1361876486467166213,neutral,0.49789225920557484
1361876487515889665,neutral,0.3499352441185855
1361876488858054659,negative,0.004892257398399707
1361876490326016006,negative,0.051336279047282427
1361876491471118338,negative,0.00035697631413180255
1361876493110898693,negative,0.0004860873243864382
1361876494419640321,negative,0.18598802602580827
1361876494692286465,positive,0.8449706451271007
1361876495099174914,negative,0.0012248826903470734
1361876497443782659,neutral,0.5766117724970102
1361876499217985536,negative,0.000990050929999318
1361876499905716224,negative,0.004155710214275113
1361876503290667008,negative,0.000990050929999318
1361876507610779652,negative,2.607872283958567e-08
1361876508025962496,negative,0.09126787907567749
1361876508692918273,negative,0.007653163069068725
1361876510890745856,negative,0.327378095563068
1361876510920089600,negative,3.4454078477687496e-06
1361876510995607552,negative,0.017984896579314208
1361876511129747456,negative,0.000990050929999318
1361876511167549443,negative,0.000990050929999318
1361876511243010048,negative,0.0002977285144143152
1361876512228671489,positive,0.9483844285031379
1361876514032214023,negative,1.255132083838627e-07
1361876514422153219,negative,0.0060275786232516365
1361876519983800321,negative,3.8267425456709426e-08
1361876520130785285,negative,0.018239323314453427
1361876520529260545,neutral,0.4028948470688853
1361876520722075651,negative,0.0719376920759857
1361876521691054087,negative,1.22890837274891e-06
1361876523171672064,negative,0.012908336661115847
1361876525709217793,negative,1.1760975450796098e-05
1361876526652874757,negative,0.00019692275399311833
1361876527881859073,negative,0.07381387634661611
1361876528145948675,negative,0.00015418457969662886
1361876528280313856,negative,0.2812124665127172
1361876528414474243,negative,0.006644825794298822
1361876529526013962,negative,0.07686454854870137
1361876529546985474,negative,0.009727817237798543
1361876529874092032,neutral,0.5528584609162418
1361876529899257857,negative,1.5573046233017465e-11
1361876530583007236,negative,0.004086329021375562
1361876531660922882,neutral,0.4545904767683513
1361876534072541188,negative,1.3145970520701349e-08
1361876534533971971,negative,0.0005355367510211682
1361876536727638019,negative,0.0004860873243864382
1361876536866058240,negative,0.03501890977918644
1361876538975731714,negative,0.01176256702119421
1361876539072278537,negative,9.100304714861097e-05
1361876539114221569,negative,0.00016683709452180575
1361876539307139073,negative,0.03983031260542193
1361876542557683712,negative,0.1771791862348512
1361876544038318081,negative,0.3228216224158623
1361876544281579524,negative,2.6743284854422935e-09
1361876545913126913,negative,0.001891183580962971
1361876547595042816,negative,0.035207153358869384
1361876551864905731,negative,0.05158229854202571
1361876552208822273,negative,0.000990050929999318
1361876552342986752,negative,0.04479713725512996
1361876553852928002,negative,9.968898181837562e-07
1361876554247200768,negative,1.404354449424273e-06
1361876554893193217,negative,0.07686454854870137
1361876556025524224,neutral,0.5163489225188522
1361876560047972354,neutral,0.38292294389501563
1361876561847287808,negative,0.03764621513280413
1361876566943408131,negative,2.413922606380008e-08
1361876566955986950,negative,0.07994498918640447
1361876567434137603,positive,0.9502401528579728
1361876567471841281,negative,0.03501890977918644
1361876569657126912,negative,0.0010214079039590927
1361876570063929344,negative,0.000990050929999318
1361876570110119937,negative,0.030652402786097776
1361876571213221889,neutral,0.4274047939449264
1361876571292860422,neutral,0.3499352441185855
1361876571427069955,negative,0.026304822038648003
1361876573436059654,negative,0.0007928325114310324
1361876574468005888,negative,0.17110783127166218
1361876575218765828,negative,0.0001017696916543579
1361876575252340736,negative,0.004086329021375562
1361876576493654017,negative,0.0011273660141492346
1361876576539873282,negative,0.00031473061117169327
1361876577609535488,negative,1.6465537039248926e-05
1361876580126056448,positive,0.9986988453417983
1361876581044678657,negative,0.17110783127166218
1361876585289310211,negative,0.03699257743524116
1361876585540968450,negative,0.06944652853426164
1361876585582895110,negative,7.858390434066288e-06
1361876585637380097,negative,0.0004226949559704379
1361876585868066822,negative,5.087596700994791e-06
1361876588325974018,negative,6.14206170109115e-11
1361876591324897280,positive,0.9779081525615942
1361876591635288066,negative,0.2812124665127172
1361876591706529802,negative,0.10715633970361955
1361876592729878528,negative,6.797935909337303e-05
1361876593212346374,negative,7.461382137720118e-06
1361876593476526080,negative,5.219183497409914e-05
1361876594562912257,negative,0.006898923828974696
1361876594671972355,negative,0.004086329021375562
1361876595686924290,negative,0.08064659351308845
1361876600640405504,negative,0.04479713725512996
1361876601277980678,negative,0.03544851246979266
1361876601567383554,negative,0.027306823983217477
1361876604092354563,negative,0.0019898339850772896
1361876604390105094,negative,0.032907976533616365
1361876605614850049,negative,0.02300832332495354
1361876607296749572,negative,0.010233199552116221
1361876607481298957,negative,0.004086329021375562
1361876611403034626,negative,0.02631832747411572
1361876612325781504,negative,0.023075944015281635
1361876612896206849,negative,0.015588462689835316
1361876612908789760,negative,0.006341000987395532
1361876615479889921,negative,2.6743284854422935e-09
1361876615572168704,negative,0.05866566909234524
1361876617740582914,negative,0.00016134712051245497
1361876620672438272,negative,0.000990050929999318
1361876621205114883,negative,1.404354449424273e-06
1361876622262026240,neutral,0.6527247472559132
1361876624086421504,negative,0.1781806734197427
1361876624510251008,negative,0.17110783127166218
1361876625218965507,negative,0.003875666399275892
1361876625500045313,negative,0.000990050929999318
1361876627861491712,negative,0.000990050929999318
1361876628306067459,negative,0.0009880485858576227
1361876632743591940,negative,0.17110783127166218
1361876633188204551,negative,0.03764621513280413
1361876633943224322,neutral,0.396576479926669
1361876636237520898,negative,0.06642127219113902
1361876670781804549,negative,0.03791627134522328
1361876670865670146,negative,0.03470513940255647
1361876671561928705,negative,4.413376902025267e-05
1361876671826026499,negative,0.09150846684624515
1361876672878944256,negative,0.0013012529240149671
1361876673378009091,negative,0.3110734899390277
1361876674111922177,negative,0.17530011606073342
1361876676460892160,negative,5.219183497409914e-05
1361876676544585738,negative,0.004086329021375562
1361876676741914627,negative,3.364687317409996e-05
1361876677052174340,negative,0.03451709748792609
1361876678818082820,negative,5.93603663597847e-06
1361876678834860034,negative,0.0468217707996781
1361876680692875265,negative,0.0062877297735551745
1361876685910663170,negative,0.0013012529240149671
1361876688322392065,negative,0.0007437496696893181
1361876688796340230,positive,0.9998623848335264
1361876689400266762,negative,3.590653216250852e-05
1361876689480011779,negative,0.031654617202899145
1361876690646016009,negative,0.004086329021375562
1361876691023507456,negative,2.250360520879792e-05
1361876691052879875,negative,0.01241233477651955
1361876691275182080,negative,0.009663229746068381
1361876695343656962,negative,0.1084951265693784
1361876695641436164,negative,0.03764621513280413
1361876695670808576,negative,0.00048778637684275447
1361876696312479744,negative,2.947113142591178e-06
1361876696438239238,negative,0.06097153143234633
1361876698820726784,negative,0.2825245963010117
1361876699454005254,negative,0.000553272366604666
1361876701333123073,negative,3.6860439106232884e-05
1361876701576384513,negative,0.12693968478489281
1361876702318784512,positive,0.9999746171459278
1361876704139108354,negative,0.10804138638053642
1361876704243769348,negative,0.00635733055112689
1361876706932518913,negative,0.008858497273457859
1361876707418996745,negative,0.004086329021375562
1361876707674906624,negative,0.000990050929999318
1361876708559892486,negative,0.000990050929999318
1361876709021220864,negative,0.07275257019330632
1361876710703194112,negative,0.05416808333405321
1361876712460488704,negative,0.00011941137881460796
1361876712666116104,neutral,0.5669127470054295
1361876714553507841,negative,0.023139963450933228
1361876714821980161,neutral,0.41193474847754386
1361876714851344385,negative,0.001240339476818672
1361876720018677765,negative,0.11076982885660988
1361876722694635527,negative,0.03470513940255647
1361876722929594369,neutral,0.4507454498615163
1361876723831308296,negative,0.00891375960757663
1361876725995552768,negative,0.02839517461614872
1361876726880620546,negative,6.600756830910765e-05
1361876728042450946,negative,0.0008157851526204298
1361876728856076291,positive,0.6990333581335987
1361876729560768515,negative,0.007783162826227256
1361876731850809344,negative,0.004086329021375562
1361876732916228097,positive,0.9498442220548076
1361876734249951234,negative,4.0458632810359776e-08
1361876734564593671,negative,0.054984971463986336
1361876735051014144,negative,0.026551221636493916
1361876735231459332,negative,0.00011941137881460796
1361876735923486720,negative,0.024750633422571826
1361876737345388545,negative,0.0036440454189117246
1361876738104565761,negative,0.0026270300526412163
1361876740688257027,negative,0.3007226414364865
1361876742407921664,negative,3.114264427806508e-06
1361876743133478915,negative,0.18795859623648656
1361876744505032705,negative,0.16735337785794047
1361876744551202816,negative,0.006503323875973203
1361876748560965633,negative,0.07409858964317478
1361876748753915906,negative,9.015079091467264e-05
1361876748879675395,negative,0.004086329021375562
1361876750406459392,negative,1.8536779069312598e-06
1361876750775447553,negative,0.000990050929999318
1361876752247701504,negative,0.03838901031456881
1361876753661255683,negative,0.000990050929999318
1361876755695427584,positive,0.7849730764754382
1361876756227977217,negative,1.303609850819346e-06
1361876756584685570,negative,0.0009051256377340651
1361876756601270272,negative,0.015638274886373333
1361876759512309761,negative,0.3004164870193191
1361876760514748419,negative,0.17308572760339305
1361876762435543043,negative,0.016787884429364814
1361876762607706124,negative,0.00891375960757663
1361876762976792577,negative,0.0001017696916543579
1361876764121845763,negative,0.000990050929999318
1361876764943859713,negative,0.016359001030813197
1361876765317230600,negative,0.11086514297916852
1361876766164459521,positive,0.9495705998537528
1361876766307057666,negative,5.351869158045998e-07
1361876767951249411,negative,0.023540369920951983
1361876768462888961,negative,0.00017143300941425624
1361876768949428232,negative,0.00016683709452180575
1361876769004023809,negative,0.0010002361821155772
1361876773139607555,negative,0.1771791862348512
1361876774561357825,negative,0.008577042664724104
1361876774800482306,negative,0.031193549617630743
1361876774800535552,negative,0.0023168468536571983
1361876774838284293,neutral,0.3608529046870062
1361876774863314945,neutral,0.43010935300609193
1361876774896865286,negative,0.21674615824667542
1361876774897000450,negative,0.05153448943413781
1361876774934650881,neutral,0.4373566423025436
1361876775299555329,negative,3.6354203110906025e-06
1361876775337422851,neutral,0.36505317843515184
1361876775542923266,negative,0.0007022342553655268
1361876775727468545,negative,0.000505031048949076
1361876775978950660,negative,0.1748350035125942
1361876777224843267,negative,0.000990050929999318
1361876780261531649,negative,0.0008395636729863769
1361876780823502849,negative,0.000990050929999318
1361876781121212416,negative,0.001385631519239884
1361876781742047232,negative,0.002637106783605377
1361876782446768131,neutral,0.3499352441185855
1361876784086732801,negative,0.08171162420034127
1361876784178946052,neutral,0.5441748150304931
1361876784350965762,negative,0.0024278622616890912
1361876784455761920,negative,0.047700665496459065
1361876784552284160,negative,0.12805416583810972
1361876784954884097,negative,0.16623418095621323
1361876785328185347,negative,9.383282685013689e-07
1361876785424715783,positive,0.9997435663971619
1361876785869250563,negative,0.21412433154803479
1361876786091593737,neutral,0.37670935013569135
1361876786217320449,negative,0.17530011606073342
1361876786590736389,negative,0.31732489718339985
1361876786963955719,positive,0.8315220747794564
1361876787765141505,positive,0.9514851634282053
1361876788486557696,negative,0.000519502121835846
1361876788821979136,negative,0.034209733771291786
1361876788864024579,negative,0.09418084068739434
1361876789346336768,negative,0.033194606476668935
1361876789480587265,negative,0.004086329021375562
1361876790776651777,negative,0.051336279047282427
1361876792412364803,neutral,0.44525447722397243
1361876794119507970,negative,0.0001017696916543579
1361876794496978945,neutral,0.4274047939449264
1361876797357490182,negative,0.07800672398898323
1361876797571403779,negative,0.07409858964317478
1361876797734944774,negative,0.0012473435653033815
1361876797764304898,neutral,0.5495922250151081
1361876797974056960,negative,0.00011941137881460796
1361876798724800522,positive,0.9452577371968778
1361876798825508872,negative,0.07381387634661611
1361876799756636160,negative,3.437326265697852e-08
1361876803237912577,negative,0.004504232962672696
1361876803762216960,negative,0.05158229854202571
1361876803774799873,negative,0.09418084068739434
1361876804127047684,negative,0.00891375960757663
1361876804278120449,negative,4.413376902025267e-05
1361876806131924995,negative,0.000990050929999318
1361876806597554182,negative,0.010686554670710936
1361876806601687042,negative,0.000990050929999318
1361876807004397569,negative,9.078232306352716e-07
1361876807113338883,negative,0.30468958915460226
1361876807872614400,neutral,0.3867110700880798
1361876809315475459,negative,1.981824184470434e-05
1361876809546145797,negative,0.000990050929999318
1361876810586157061,negative,0.12061459266091856
1361876811165143043,negative,0.01176256702119421
1361876811437789186,positive,0.9791809547552567
1361876812696010753,negative,0.05897235857735733
1361876812964524033,negative,0.002657340021988393
1361876813010640896,negative,5.7485416148393126e-05
1361876816915402756,negative,0.004711532918898615
1361876817465008130,neutral,0.4957560249352445
1361876817674608653,negative,0.061086590170792696
1361876818337419270,negative,8.872048734016249e-06
1361876818358398982,negative,7.2588743144017524e-09
1361876818924609536,negative,0.03791627134522328
1361876822581944322,positive,0.7758288771235058
1361876822829510657,negative,0.023789958191043927
1361876823303360518,neutral,0.3497338037277034
1361876823714500610,negative,1.8648301404074545e-05
1361876825283194881,negative,0.0031232408397973534
1361876825455161351,negative,0.07409858964317478
1361876826704994305,negative,0.0062899480639258334
1361876827124473859,negative,0.047377406779251216
1361876827212546048,negative,0.18795859623648656
1361876827271266304,neutral,0.3653074221609145
1361876827531325440,negative,0.0031284231916587765
1361876828550488064,negative,4.032048020515962e-05
1361876829443813384,negative,0.000990050929999318
1361876830639300610,negative,0.002157346534550224
1361876830878367747,positive,0.7800095476267155
1361876832484806658,negative,1.2979779723062577e-13
1361876833596280838,negative,0.25674356956917044
1361876833998929922,negative,0.012188700205225432
1361876834762317824,negative,0.03501890977918644
1361876835664089096,negative,0.11786918771417619
1361876837786398722,negative,0.00014158325406878728
1361876838222561282,negative,0.0002977285144143152
1361876838797221889,negative,0.08012408225477678
1361876840156196866,negative,0.000990050929999318
1361876842454654979,negative,0.001133079425850937
1361876844887310337,negative,4.3698531686064514e-05
1361876844912513031,negative,0.004086329021375562
1361876845117890560,neutral,0.33402218903110614
1361876845763973123,negative,0.000990050929999318
1361876848049848320,negative,0.000990050929999318
1361876848876023812,negative,1.8862098331382043e-06
1361876849580728321,negative,0.05699523510193887
1361876849907953667,negative,0.001133079425850937
1361876850474057729,negative,0.0076627860343016895
1361876850507538432,negative,0.0026824166798156334
1361876851409383431,negative,0.15784872887475487
1361876852093034498,negative,1.0090590067963723e-07
1361876852558749700,neutral,0.4513605618894927
1361876852906872835,negative,0.327378095563068
1361876854295166980,negative,0.01176256702119421
1361876856232943616,negative,0.03501890977918644
1361876856451051520,negative,0.0005805869837977325
1361876857348640775,negative,0.03801610846604707
1361876857424068608,negative,1.6627759127162842e-05
1361876857436708864,negative,0.005891844756089896
1361876857554165762,negative,0.002994808419819729
1361876861496647681,negative,0.00025612713220817484
1361876861656047618,negative,0.1205616613754018
1361876862352424963,negative,0.026551221636493916
1361876862381686788,negative,0.032297545552164374
1361876862687977472,negative,9.660494319156402e-06
1361876863115788289,negative,0.000519502121835846
1361876866630619136,negative,5.037223159632929e-06
1361876867809243140,negative,0.02839517461614872
1361876869105274880,negative,4.980675411158912e-13
1361876870841573376,negative,0.03451709748792609
1361876871185653760,negative,0.0007194784727821499
1361876871395373057,negative,0.05158229854202571
1361876872573911043,negative,0.00015418457969662886
1361876873106587653,negative,0.0015343017638724213
1361876875354640389,negative,0.007982804781607667
1361876875946176512,negative,0.000990050929999318
1361876877045100546,negative,0.04555284416609601
1361876877070204928,negative,0.2150889904201569
1361876879028985857,negative,7.286763202722981e-06
1361876879066693634,negative,0.08811268652371008
1361876879490318336,negative,0.03130937666080807
1361876880987684865,negative,0.24490252709612087
1361876881570729986,negative,0.05004408438407319
1361876882237521921,negative,0.017984896579314208
1361876882430578694,negative,0.05921261699991274
1361876883126820864,neutral,0.5490855189298719
1361876883315568644,negative,0.004086329021375562
1361876883730796547,negative,0.17110783127166218
1361876884192116736,positive,0.7633419506386996
1361876884569485315,negative,0.00019692275399311833
1361876884808753153,negative,0.001133079425850937
1361876886096400385,negative,0.10400467425647399
1361876886347935744,negative,0.00017024727121880674
1361876888138973185,negative,0.17110783127166218
1361876889091072000,negative,0.019989593375312815
1361876890601021441,negative,0.0024265365763960507
1361876890986958850,negative,0.001133079425850937
1361876892450717700,negative,0.002407656003011762
1361876893037981696,negative,0.05158229854202571
1361876894484996096,negative,0.06663668783824335
1361876894631788546,negative,0.0001017696916543579
1361876897899163650,neutral,0.4545904767683513
1361876899711102980,positive,0.74559989299848
1361876900755476482,negative,3.4454078477687496e-06
1361876901527228416,negative,0.3046101175466245
1361876901770461184,negative,0.08754071086322895
1361876904609988608,negative,0.006860579923389897
1361876910536548358,negative,0.0005376557894389937
1361876911253819392,negative,5.350161659031534e-09
1361876911803273216,negative,0.003653023841345597
1361876912252071939,neutral,0.5946721035799487
1361876912453337088,negative,0.00020561807695836245
1361876913447403520,negative,0.004414969729711277
1361876913514504194,negative,0.0014639977547979343
1361876914110087172,negative,2.6315605087247658e-08
1361876914298880005,negative,0.051336279047282427
1361876916026884107,neutral,0.3497338037277034
1361876916295327748,negative,0.01415942677407579
1361876918098821121,negative,0.0013039934264733701
1361876918920962049,negative,0.02839517461614872
1361876919214501890,negative,0.1377883682260201
1361876920078643209,negative,0.03501890977918644
1361876920233787393,negative,0.0012461847418759407
1361876921156444161,negative,0.004086329021375562
1361876922075127808,negative,1.404354449424273e-06
1361876922695782402,negative,0.11786918771417619
1361876923475922948,negative,0.01869870988099018
1361876924025421826,negative,0.10715633970361955
1361876924549726212,negative,0.011089470630751714
1361876924956631046,positive,0.8315220747794564
1361876926953000960,negative,0.1205616613754018
1361876927506767875,negative,0.012188700205225432
1361876928123318272,negative,0.00385949904156067
1361876929100582916,negative,0.0032952471641983644
1361876929524207619,negative,0.3046101175466245
1361876929922674689,negative,0.327378095563068
1361876930639896578,negative,0.0554562623651384
1361876930824466432,negative,0.04221041857281824
1361876932455981056,neutral,0.4545904767683513
1361876933185781764,negative,0.0014435211140411926
1361876933609463811,negative,0.009595375150754828
1361876934473441280,negative,0.013084245769950298
1361876934750273537,negative,0.0004127514285876195
1361876935752757248,negative,0.001292702091013737
1361876937073901568,negative,0.001133079425850937
1361876937254273030,negative,0.0002283630403805114
1361876938239971331,neutral,0.36769497870464257
1361876938764132353,negative,1.372000162224001e-06
1361876939963854850,negative,0.17652735867904865
1361876942186819585,negative,2.018163768429193e-05
1361876942727897090,neutral,0.41193474847754386
1361876943700852737,negative,0.007934528048680467
1361876943814225922,negative,0.019989593375312815
1361876943927463936,negative,4.413376902025267e-05
1361876948662837249,negative,0.2825245963010117
1361876950629892098,negative,0.044878556323931965
1361876952139849732,negative,0.048053547133927316
1361876952219533320,negative,0.000990050929999318
1361876952265732097,neutral,0.40785086082700783
1361876952739688449,neutral,0.4147342023902695
1361876954085945352,negative,9.49901558700279e-06
1361876957382729735,negative,0.24490252709612087
1361876958179696640,negative,0.000990050929999318
1361876958456537090,negative,0.016787884429364814
1361876959450587142,negative,0.007827668585786733
1361876960171982850,negative,0.006956977716668616
1361876960687910914,negative,0.05921261699991274
1361876960914374667,negative,2.1328169277588322e-07
1361876961157472258,negative,2.6743284854422935e-09
1361876962344632324,negative,0.000990050929999318
1361876965104504833,negative,0.004086329021375562
1361876968040497156,negative,0.02843956005779012
1361876968233443330,negative,0.001133079425850937
1361876970469027843,negative,0.000990050929999318
1361876971706322944,negative,0.17110783127166218
1361876972998193155,negative,0.10715633970361955
1361876974294028288,negative,0.028907072491769405
1361876974742867975,negative,9.568049589787907e-07
1361876974810112004,negative,7.505677014538261e-10
1361876975061790724,negative,0.07524472590369403
1361876976248754177,neutral,0.5490855189298719
1361876977767088128,negative,0.000990050929999318
1361877039788171265,negative,0.0076627860343016895
1361877041830760450,negative,0.0076627860343016895
1361877043739254786,negative,0.015588462689835316
1361877045815435264,negative,0.00020561807695836245
1361877045840601090,negative,1.1760975450796098e-05
1361877046876647429,negative,0.000990050929999318
1361877048390807552,negative,0.000990050929999318
1361877052652199943,negative,2.7279387673353513e-05
1361877052987703302,negative,0.003063938678352139
1361877053201645571,negative,0.21412433154803479
1361877053675606022,negative,0.04819757274656113
1361877054044667904,negative,3.2965293895913014e-07
1361877054468349952,negative,0.0013012529240149671
1361877054753542144,negative,0.0314484057255293
1361877054946496515,negative,0.03501890977918644
1361877055386755074,negative,0.03208814794164335
1361877056322174978,negative,0.035207153358869384
1361877056859099137,negative,0.0009797006144480235
1361877057261682689,neutral,0.6324917073150543
1361877057798504450,negative,0.0024265365763960507
1361877058104815617,negative,5.7990589991124075e-08
1361877059639906307,negative,0.018026157949542196
1361877060977852419,negative,0.016787884429364814
1361877061174845440,neutral,0.4831294931072111
1361877062978527234,negative,5.851020920894322e-07
1361877063561576449,negative,0.05583299329353172
1361877063884537858,negative,7.518543606366711e-06
1361877068489908229,negative,0.302823382706525
1361877069920165890,negative,0.0001193898709826936
1361877069983084550,negative,0.030652402786097776
1361877070490476549,negative,0.00393363559174267
1361877070675083264,negative,2.407193928924421e-08
1361877071090319361,negative,0.0010002361821155772
1361877071467839493,negative,0.023139963450933228
1361877071723692032,negative,2.033879154234189e-05
1361877071845330945,negative,9.130682347670928e-05
1361877072268976131,negative,1.674771078764485e-08
1361877072390590466,negative,0.001133079425850937
1361877073837621250,negative,0.001133079425850937
1361877076110946310,positive,0.9259815607928116
1361877078325485574,negative,0.000990050929999318
1361877078346518528,negative,3.6342338908783334e-08
1361877079961272321,negative,0.00635733055112689
1361877082607939584,negative,0.00385949904156067
1361877083450970112,negative,0.007783162826227256
1361877085661384707,negative,0.003063938678352139
1361877085816459269,negative,0.10054358213218693
1361877087796215810,negative,1.404354449424273e-06
1361877089360748545,negative,0.0004127514285876195
1361877090543493122,negative,0.03672835920146498
1361877094083538944,negative,0.000990050929999318
1361877094146461704,negative,0.03501890977918644
1361877094184157186,negative,0.005475392516370772
1361877094226161665,negative,0.001133079425850937
1361877094519701504,negative,0.05957797832934463
1361877095190835201,negative,0.0007247667307620695
1361877096570769411,negative,1.22890837274891e-06
1361877097921318913,negative,0.05378460301345363
1361877098353287169,negative,0.004086329021375562
1361877100081385476,neutral,0.4323510242933817
1361877101146701828,positive,0.8449706451271007
1361877101633273856,negative,3.6860439106232884e-05
1361877105135341570,negative,0.00041383777406483476
1361877107803062273,negative,0.0002977285144143152
1361877108461625347,negative,0.000990050929999318
1361877110281928705,neutral,0.5155757017156111
1361877111276007426,negative,0.033194606476668935
1361877111854669828,negative,0.0024265020517426693
1361877112903319552,negative,0.007416303748662268
1361877116434939906,negative,0.018661451619743672
1361877117055680517,negative,0.09175527122354733
1361877117529698308,negative,0.000990050929999318
1361877117949128705,neutral,0.5217345507221479
1361877119056420868,negative,0.0215800685499412
1361877121883385856,negative,0.0038144951356924215
1361877123091337218,negative,0.0007956364572094699
1361877123321921538,negative,0.00042352539744770247
1361877124995551236,negative,0.03764621513280413
1361877125087850498,neutral,0.5922753609072524
1361877125754736642,negative,0.0004492696414228739
1361877127063363584,negative,0.023169037288514577
1361877130498424833,negative,0.11619376603784094
1361877131458920449,negative,0.06897292829633576
1361877133551894537,negative,0.01631931429348126
1361877133782642688,negative,0.08941844409604452
1361877134961045510,negative,0.016787884429364814
1361877135238057989,negative,0.11690958181569884
1361877135682637826,negative,0.000990050929999318
1361877136240480258,negative,3.230172767436367e-05
1361877136592756736,negative,0.000990050929999318
1361877136647290881,negative,0.00016683709452180575
1361877137880469505,negative,0.09418084068739434
1361877137897054218,negative,0.08083285618312386
1361877139285491712,negative,0.1084951265693784
1361877140304781314,neutral,0.6324917073150543
1361877141143646209,negative,3.363211507171691e-06
1361877141693095939,neutral,0.5490855189298719
1361877141730779138,negative,0.00020561807695836245
1361877142691319810,negative,0.0006482781419825417
1361877143370801155,negative,0.07143951649963366
1361877146336133121,negative,0.20283870054443873
1361877148684808199,negative,1.1133278909171283e-06
1361877148844380160,negative,0.019989593375312815
1361877150316584967,negative,0.08941844409604452
1361877150832480258,negative,0.020778260831952923
1361877152468205575,negative,0.1340048466104903
1361877153017704448,neutral,0.4237337412615085
1361877153307009029,neutral,0.3351072677452664
1361877157400748035,negative,4.127443911788074e-05
1361877158776496129,negative,0.004086329021375562
1361877160198348802,negative,0.004086329021375562
1361877163566370818,negative,1.5577875232840489e-09
1361877163683831812,negative,0.004086329021375562
1361877165164421122,positive,0.9099856945133658
1361877167194451971,negative,0.000990050929999318
1361877167852949507,negative,0.00017024727121880674
1361877240267616258,negative,0.018661451619743672
1361877241664331776,negative,0.05583299329353172
1361877243534864386,negative,3.6860439106232884e-05
1361877244147335170,negative,0.02630347514207867
1361877244633894913,negative,0.05957797832934463
1361877245363707907,negative,0.13029418617608832
1361877246991093761,negative,0.03801610846604707
1361877250006745089,negative,0.019989593375312815
1361877250879193092,negative,0.03501890977918644
1361877251705438209,negative,0.021446790391437806
1361877252754059270,negative,0.000519502121835846
1361877252972158983,negative,1.046364553180432e-07
1361877254305906692,negative,0.11579010942057401
1361877255933280256,negative,0.012908336661115847
1361877258034675713,negative,0.10961750465895001
1361877258542215168,negative,0.09418084068739434
1361877259003580417,negative,0.0006573950014985941
1361877261876682754,negative,0.000990050929999318
1361877263915048961,negative,0.000990050929999318
1361877264389054466,negative,6.830262317511731e-08
1361877270353367040,negative,0.3205746300160878
1361877271057940484,negative,0.0013012529240149671
1361877272479879169,negative,0.0012461847418759407
1361877274543480835,negative,0.00045494263053148684
1361877278179868674,neutral,0.35362277955607824
1361877279652130818,negative,0.06244523455671692
1361877279949934594,negative,0.0014069012092179864
1361877280474169345,negative,0.0001783764279215546
1361877281069752322,negative,0.18828942033266277
1361877281409556487,negative,0.2979274446249787
1361877283787710464,negative,0.03791627134522328
1361877284169412616,negative,0.09836999240813034
1361877284790099969,negative,0.3228216224158623
1361877285616386054,negative,0.00023537860552481243
1361877286841122820,neutral,0.5495922250151081
1361877287277375495,positive,0.9496824062858197
1361877287696744451,negative,0.06260916680735958
1361877289345015810,negative,0.16449090882587974
1361877289546493956,negative,0.10715633970361955
1361877292176261123,negative,0.005604325898129143
1361877292302139395,negative,0.004086329021375562
1361877292860002308,neutral,0.5584689710423835
1361877293216526336,negative,0.0004860873243864382
1361877293900173327,negative,0.034641901391601164
1361877294604840960,negative,0.07409858964317478
1361877296232112128,negative,0.09630802597991392
1361877296320311297,negative,0.0653727957584702
1361877296580329473,negative,0.008592441454125462
1361877297377259522,positive,0.9834049527005728
1361877298828435456,negative,5.547586483555178e-06
1361877298828476423,negative,0.004874687488844895
1361877300682358784,negative,0.004414969729711277
1361877301907107846,negative,0.03983031260542193
1361877305140854789,negative,0.02328989207061992
1361877305191194624,negative,0.000990050929999318
1361877305224790017,negative,0.00011941137881460796
1361877306092978180,negative,0.22664324401202743
1361877306348892161,negative,0.03453876806735615
1361877308420861955,negative,0.013719039350473852
1361877309792411650,negative,0.000990050929999318
1361877309985337347,negative,0.03764621513280413
1361877310132154369,negative,0.007806535691244187
1361877310161387528,negative,0.00011858198081441414
1361877310484406279,neutral,0.3772243943709667
1361877310635409412,negative,0.06663668783824335
1361877310710947841,negative,0.016787884429364814
1361877311612723206,negative,0.023139963450933228
1361877314166870016,negative,0.09418084068739434
1361877315526000640,negative,0.05017346562621639
1361877316188659713,negative,0.0004127514285876195
1361877317107261447,negative,0.007455200725060158
1361877318684319744,negative,0.000990050929999318
1361877318709477381,positive,0.9997435663971619
1361877318931681281,negative,0.00012180638162795431
1361877320630493184,negative,0.0002977285144143152
1361877320739520514,negative,0.005656280091218448
1361877321242804224,neutral,0.4936520534092619
1361877321502834688,negative,0.000990050929999318
1361877322719182848,negative,0.004086329021375562
1361877323042201605,neutral,0.5662047127729419
1361877323117551618,negative,9.660494319156402e-06
1361877323553927172,negative,0.0038671765354396596
1361877324191461377,negative,0.15630830276745175
1361877325600747531,negative,0.004086329021375562
1361877326393266176,negative,0.014182597036560142
1361877328448561152,negative,0.03764621513280413
1361877328649805825,negative,0.0015343017638724213
1361877328717090816,negative,0.08545408379192729
1361877328821956610,negative,0.0468217707996781
1361877329316884480,negative,0.019989593375312815
1361877331741057045,negative,0.10959463138292411
1361877331988594692,negative,0.000990050929999318
1361877333880225794,negative,0.001133079425850937
1361877334115123206,negative,0.17110783127166218
1361877334375227392,negative,1.6186151702015284e-09
1361877336124256259,negative,0.0004860873243864382
1361877337860698114,negative,1.4720904530206196e-06
1361877341593600001,negative,0.024750633422571826
1361877343627665410,negative,0.047377406779251216
1361877344500264961,negative,0.02839517461614872
1361877345175494664,negative,0.00872199297691777
1361877345771155458,negative,0.003063938678352139
1361877346173808643,negative,0.0025594187871025922
1361877346706456579,negative,0.010686554670710936
1361877347075461128,negative,0.047377406779251216
1361877347994058752,negative,0.10715633970361955
1361877348832993284,negative,0.0036542992359395766
1361877349143359488,negative,0.002157346534550224
1361877349822849029,negative,0.03983031260542193
1361877351148183560,negative,0.051336279047282427
1361877351328489473,negative,0.0028752384155417386
1361877354881175552,neutral,0.4237337412615085
1361877355812151296,negative,0.004661592185190833
1361877356349173761,negative,0.002616577527023398
1361877357095751680,negative,5.486491719301971e-08
1361877357695533057,negative,0.0007862403698811302
1361877358291152897,neutral,0.44126809664126243
1361877359541030925,negative,0.004086329021375562
1361877359968870401,negative,0.0019216533953239328
1361877360908398592,negative,2.7279387673353513e-05
1361877421880991748,negative,0.11430745502275984
1361877422275231750,negative,3.114264427806508e-06
1361877425509068801,neutral,0.48481419304338763
1361877426939301888,negative,2.1274073574399198e-05
1361877426960281602,negative,0.001891183580962971
1361877427505557504,negative,0.01170241488629889
1361877430970048512,negative,0.00020636335243577074
1361877431267848192,negative,0.0885640614832503
1361877433683763200,negative,0.00020636335243577074
1361877435847827456,negative,7.775698681989471e-13
1361877436846211074,negative,0.3009572780494993
1361877438041624581,positive,0.7758288771235058
1361877438284914688,positive,0.8449706451271007
1361877438603563018,negative,0.16102345038352844
1361877438637084672,negative,0.005604325898129143
1361877439140536325,negative,0.018976698496550023
1361877439543185419,negative,0.00020636335243577074
1361877439836733440,negative,0.07275257019330632
1361877440314810368,neutral,0.36505317843515184
1361877444291158020,negative,0.009777478497160859
1361877445050208261,negative,2.6315605087247658e-08
1361877446488977409,negative,0.03838901031456881
1361877446505586689,negative,0.01869870988099018
1361877446736437248,negative,0.01241233477651955
1361877447185215489,negative,0.000990050929999318
1361877447558504450,negative,0.001133079425850937
1361877447919235075,negative,0.00635733055112689
1361877447982141440,negative,0.03165704448653889
1361877449559191554,negative,0.000990050929999318
1361877453002530820,negative,0.0968291480062594
1361877453023535104,negative,2.933300974172879e-09
1361877453824737280,negative,0.000990050929999318
1361877453862555648,negative,0.12693968478489281
1361877455779352578,negative,5.7485416148393126e-05
1361877456240717824,negative,0.000990050929999318
1361877458610511874,positive,0.9779081525615942
1361877458916679680,negative,0.2135140083070197
1361877459273207808,negative,0.00029700240582768237
1361877459625537536,negative,0.3228216224158623
1361877462284709888,negative,1.404354449424273e-06
1361877462637047814,negative,0.00025612713220817484
1361877462997733379,negative,5.056546232553845e-05
1361877463345881089,negative,0.022478831417137978
1361877463928725504,negative,5.1750287681499805e-06
1361877464549445633,negative,0.00013972871056856098
1361877466256703489,negative,0.08708588666050575
1361877466646740996,negative,2.0935438906719054e-08
1361877466986471425,negative,0.0010002361821155772
1361877469238878208,negative,0.004086329021375562
1361877469717024771,negative,0.001133079425850937
1361877470002225157,negative,0.0215800685499412
1361877470442496005,negative,0.0014435211140411926
1361877472950816776,negative,7.782898213396805e-05
1361877472980193281,negative,5.149715190525859e-06
1361877473542221830,negative,0.03838901031456881
1361877474146156547,negative,0.0023722184599993907
1361877474385293312,negative,0.11786918771417619
1361877475194716163,negative,0.019989593375312815
1361877476243361794,negative,7.018992195525063e-06
1361877476641767427,negative,0.004086329021375562
1361877478474723328,negative,0.0028829502224364104
1361877480253095943,negative,1.546933492970935e-10
1361877482639622146,negative,0.0013584167695736
1361877484002807813,neutral,0.4025231129539707
1361877484015353856,positive,0.8632843445355651
1361877484967497728,negative,6.993099461044804e-09
1361877485617623040,negative,0.04678270541966506
1361877487958044675,negative,0.00015418457969662886
1361877489228865537,positive,0.9099856945133658
1361877491183456262,negative,0.00385949904156067
1361877492974432262,negative,0.09126787907567749
1361877493385461767,negative,0.000990050929999318
1361877494278860801,neutral,0.5255784232230389
1361877496719831041,negative,0.016787884429364814
1361877496854159362,negative,0.00017265216403648695
1361877498741587976,negative,1.7014555913417912e-10
1361877502197702657,negative,0.000990050929999318
1361877502478721024,negative,0.04222151912209417
1361877502742982656,negative,0.1004826969676087
1361877504919822339,neutral,0.4793479617581989
1361877505347641344,negative,0.07736349569523265
1361877506425425922,negative,0.01437191099003353
1361877506975019014,neutral,0.36505317843515184
1361877507054522370,negative,0.007070322627184425
1361877509948788737,negative,0.03901443073596729
1361877510242373634,negative,0.00017265216403648695
1361877510481403906,negative,0.03012407267011481
1361877512435994625,negative,0.09728505734139326
1361877512842698754,negative,4.6049415326327406e-05
1361877516202434562,negative,0.0020363411972614148
1361877518178004995,negative,0.009375832038196074
1361877519335518208,negative,0.03451709748792609
1361877520635875328,neutral,0.4153373325707398
1361877521948639232,negative,0.10715633970361955
1361877522003197953,negative,0.0008172519313545429
1361877526142877701,neutral,0.42507619662732005
1361877526897827844,negative,0.10476596449196451
1361877526939860995,negative,0.001133079425850937
1361877527422263297,negative,0.0004127514285876195
1361877527749398530,negative,0.0004853856910644907
1361877528441462786,negative,0.01737907734730707
1361877528651120640,negative,3.6860439106232884e-05
1361877529531994114,negative,0.000990050929999318
1361877533633826825,negative,0.034864467066877146
1361877534032490498,neutral,0.5302573871689407
1361877534061826057,negative,0.0009880485858576227
1361877535638839299,negative,0.15669090983807246
1361877535894700034,negative,0.0010056651707899215
1361877535944970240,negative,0.2384807251581023
1361877535945084930,negative,0.12758662160919632
1361877536951697414,negative,0.006503323875973203
1361877537434050561,negative,0.017984896579314208
1361877537920540672,negative,0.1653529635074996
1361877539011125253,negative,0.03838901031456881
1361877540403630081,negative,1.100942074483349e-05
1361877541162737665,negative,0.000519502121835846
1361877541888413700,negative,0.0062899480639258334
1361877545784905730,negative,0.03422275888671117
1361877546179194886,negative,0.000990050929999318
1361877546321797120,negative,3.4454078477687496e-06
1361877547450060802,negative,0.327378095563068
1361877547500339221,negative,0.04573831618344238
1361877547609448448,negative,0.015011485013737159
1361877547772862474,negative,3.4454078477687496e-06
1361877548997763074,negative,0.016787884429364814
1361877549882695680,negative,5.995041799694223e-07
1361877550297874436,negative,0.0031116909736039903
1361877552105725957,negative,0.12693968478489281
1361877604945432582,neutral,0.5630410866502906
1361877604962336770,negative,4.413376902025267e-05
1361877606195429379,negative,0.00025366413147017
1361877607600574468,negative,0.000990050929999318
1361877609324417031,negative,0.00045190992109345684
1361877609831874561,negative,0.016787884429364814
1361877614038818819,neutral,0.40506534230917196
1361877614894452739,negative,0.002067856992839193
1361877615355846658,negative,0.00041383777406483476
1361877616135962626,negative,0.10715633970361955
1361877616198901760,negative,0.05662769027754181
1361877617964703745,negative,0.004086329021375562
1361877617981476865,negative,0.0470920975794514
1361877619696799749,negative,0.004711532918898615
1361877620242198528,negative,1.61179493174558e-06
1361877621525667841,negative,0.03901443073596729
1361877623115309061,negative,3.874963875262075e-06
1361877624059006976,negative,0.03470513940255647
1361877626726588418,negative,0.1878199720307162
1361877627238309889,negative,0.0033566847118865237
1361877628710445058,negative,5.0738028801228955e-11
1361877628987310084,positive,0.9192218146178506
1361877632313405442,negative,0.17110783127166218
1361877633676541958,negative,0.0001017696916543579
1361877639364030465,negative,0.0004127514285876195
1361877640198696961,negative,0.000990050929999318
1361877642081837057,negative,0.004086329021375562
1361877642086072321,negative,0.1771791862348512
1361877644837584898,negative,0.001133079425850937
1361877645848363011,negative,0.005604325898129143
1361877647706517504,negative,0.0026270300526412163
1361877648167829508,negative,0.22664324401202743
1361877648507600901,neutral,0.502253414675183
1361877652001460226,negative,0.0001783764279215546
1361877652601262081,negative,0.018999805511496347
1361877653523988480,negative,1.5621053989440494e-05
1361877653859491840,positive,0.6960033128418117
1361877654115409920,negative,0.01946489520464502
1361877655537266688,negative,0.08684779952758534
1361877655658909700,negative,0.002157346534550224
1361877656296452097,neutral,0.44525447722397243
1361877657357594625,negative,0.13067203157172866
1361877659312136194,negative,0.0008496953345485857
1361877662453628930,negative,0.327378095563068
1361877663384825858,neutral,0.5136446707795853
1361877663556784130,negative,5.604975041605597e-05
1361877663628079107,negative,0.11430745502275984
1361877664756244480,negative,0.0076627860343016895
1361877665142231043,negative,0.001891183580962971
1361877667352612872,negative,0.004414969729711277
1361877668338147329,negative,0.10054358213218693
1361877671031037954,negative,0.12693968478489281
1361877671563710466,negative,0.000990050929999318
1361877671739682818,negative,0.13231528331371029
1361877674617094145,negative,0.01631931429348126
1361877675208417284,neutral,0.5364214748273817
1361877675908939776,negative,6.986783459566948e-05
1361877676835889153,negative,3.2006999059743468e-06
1361877677616029700,negative,3.363211507171691e-06
1361877677863493632,negative,0.036868456642577686
1361877678035513346,negative,0.09126787907567749
1361877681290240000,neutral,0.41487043792870404
1361877682443673602,negative,0.03501890977918644
1361877685778198530,negative,0.037375401833578965
1361877686382166021,negative,0.000990050929999318
1361877687422320640,negative,0.004086329021375562
1361877687862722561,negative,0.006366012936342639
1361877690777821185,negative,6.754169566903322e-07
1361877692103147520,negative,0.047377406779251216
1361877692161875968,negative,0.08069163204309866
1361877692388413440,negative,0.02214768203061065
1361877693390798850,negative,0.0010002361821155772
1361877694976303110,negative,0.000990050929999318
1361877696117145602,negative,0.015193541471193383
1361877697346101250,positive,0.8449706451271007
1361877700563136514,neutral,0.6123840765201551
1361877701200646144,negative,0.017984896579314208
1361877701636861954,negative,2.9274472498297326e-06
1361877703826235402,negative,4.0458632810359776e-08
1361877704920989697,neutral,0.5870647569086697
1361877707764678657,negative,0.023559562580874365
1361877707831857153,neutral,0.41193474847754386
1361877707999637508,positive,0.8449706451271007
1361877712198115328,neutral,0.6527247472559132
1361877716291645440,negative,0.000306341761626605
1361877720775479296,negative,0.01648319915918168
1361877721119342592,negative,0.000990050929999318
1361877724793606150,neutral,0.4323510242933817
1361877724843954176,negative,0.004086329021375562
1361877727817646083,negative,0.004086329021375562
1361877727993860097,negative,1.6297565062879061e-06
1361877728442470401,negative,0.016787884429364814
1361877728794968065,negative,0.004086329021375562
1361877730879565825,negative,0.0002977285144143152
1361877732771192832,negative,0.0032740466827583955
1361877732825706499,negative,0.039872378433051504
1361877734293704705,negative,0.0013627972799442989
1361877734775869446,negative,0.03696365454460867
1361877734906019847,negative,0.0015343017638724213
1361877736105668610,neutral,0.49789225920557484
1361877736554430466,negative,0.08545408379192729
1361877737846226945,negative,0.09175527122354733
1361877737854676995,negative,3.4454078477687496e-06
1361877738676748293,negative,0.05378460301345363
1361877739268153347,negative,0.00020561807695836245
1361877741327548423,negative,5.1750287681499805e-06
1361877741436604416,negative,6.993099461044804e-09
1361877807597563904,negative,0.30895336613985097
1361877808159588353,negative,0.000423514510803206
1361877808335769601,negative,0.004086329021375562
1361877809187192833,negative,0.012188700205225432
1361877810231586818,negative,0.01241233477651955
1361877811875749892,negative,0.0002977285144143152
1361877812974669824,positive,0.7377465568169161
1361877815172341763,neutral,0.45443993039328795
1361877817575800832,neutral,0.3439175464176136
1361877818431451142,neutral,0.41193474847754386
1361877819513589764,negative,0.00024292619579313076
1361877819639410692,negative,0.00385949904156067
1361877820197249024,negative,0.09126787907567749
1361877820746661888,negative,0.001891183580962971
1361877820851580929,negative,0.019989593375312815
1361877821149347841,negative,0.0078812859039491
1361877821497483264,negative,0.0024265365763960507
1361877821715582977,negative,0.08545408379192729
1361877825565949954,negative,0.011174884840149795
1361877827554054145,negative,0.11786918771417619
1361877829768671234,negative,0.01436689497370384
1361877829835653129,neutral,0.4689011109569219
1361877829949022213,negative,2.7279387673353513e-05
1361877830758522881,negative,0.0215800685499412
1361877832318656512,negative,0.1748350035125942
1361877833543528449,negative,0.0005682575570874796
1361877833694371842,negative,0.004086329021375562
1361877835196092416,negative,0.0002977285144143152
1361877835456069634,negative,3.114264427806508e-06
1361877836387266561,neutral,0.48481419304338763
1361877838140432385,neutral,0.35362277955607824
1361877838534750208,negative,2.6540558547470956e-06
1361877838631231489,negative,0.018661451619743672
1361877839814008839,positive,0.9099856945133658
1361877841571373058,negative,0.09126787907567749
1361877841730764800,negative,0.018661451619743672
1361877841776963587,negative,0.3228216224158623
1361877842779332608,negative,0.07381387634661611
1361877843723051011,negative,0.016787884429364814
1361877845388181504,negative,0.00028539918483224774
1361877845891555330,negative,3.6860439106232884e-05
1361877848538054662,negative,0.10054358213218693
1361877849389625350,negative,0.0036542992359395766
1361877851729928195,negative,0.31251327812974533
1361877853575532555,negative,0.0021687853025047
1361877854129127424,negative,0.004086329021375562
1361877854808637442,negative,0.0022103280020690907
1361877857937608709,negative,0.01946489520464502
1361877857962713090,negative,0.001891183580962971
1361877860974223361,negative,0.01241233477651955
1361877862123462659,negative,0.030430085532577356
1361877862245138436,negative,0.03764621513280413
1361877863444668432,negative,0.01869870988099018
1361877865462128640,negative,0.04479713725512996
1361877866129088513,neutral,0.4957560249352445
1361877869425786882,negative,0.0009381859720637497
1361877871090876421,negative,3.427475763378293e-05
1361877875947896832,negative,0.002461381719754646
1361877879789916160,negative,0.041457873811405255
1361877880154816512,negative,3.4454078477687496e-06
1361877880741969923,negative,0.01569995144682739
1361877883204079618,negative,1.22890837274891e-06
1361877886303633410,neutral,0.42919048567230694
1361877888916676609,negative,0.01395961703860778
1361877890984509446,negative,0.002336637252060428
1361877891655565312,negative,0.28319648687363297
1361877892418965504,negative,1.382092672182211e-08
1361877893068939271,negative,0.006976774096290364
1361877893618532352,negative,0.012323869667502546
1361877896302911488,negative,0.016787884429364814
1361877896965611522,negative,0.12693968478489281
1361877899645652998,negative,0.04678270541966506
1361877900509671428,neutral,0.42507619662732005
1361877901008900097,negative,0.06397659360016339
1361877902053105665,negative,0.0024265365763960507
1361877902061694984,negative,0.017190193644399016
1361877902489497610,negative,0.016787884429364814
1361877904280477700,negative,0.05378460301345363
1361877904360103941,negative,0.030652402786097776
1361877905874255877,neutral,0.6527247472559132
1361877906209832966,negative,0.03490537139344192
1361877906826399745,negative,0.001133079425850937
1361877906985799681,negative,1.4555603188596914e-06
1361877908650917890,negative,0.22655226629506434
1361877909594603528,negative,0.07800672398898323
1361877910743887875,negative,0.12693968478489281
1361877911213596673,negative,0.0001017696916543579
1361877912702640128,negative,0.0015044504484957857
1361877914325819394,negative,0.08545408379192729
1361877914917175298,negative,0.08012408225477678
1361877916292943873,negative,0.10490646223511306
1361877916947251200,negative,0.004086329021375562
1361877918029340679,negative,0.2798947313077043
1361877920340467714,negative,0.0005355367510211682
1361877920583544843,negative,0.0076627860343016895
1361877922005602313,negative,0.0009880485858576227
1361877923624534019,negative,0.1398251361647381
1361877924694081538,negative,1.8734562271535088e-05
1361877924887097348,negative,0.001133079425850937
1361877925080018945,negative,6.468691970955696e-05
1361877925751054339,negative,7.715835230906505e-05
1361877926296313856,negative,0.09778643199958072
1361877927529508866,negative,0.0006287403309205416
1361877931421814788,negative,0.00019580554688614836
1361877931904163840,negative,0.004892257398399707
1361877931975462912,negative,0.000990050929999318
1361877932722049024,neutral,0.4076755986967422
1361877933581733893,negative,0.013719039350473852
1361877933648797698,positive,0.9259815607928116
1361877934437449729,negative,0.004086329021375562
1361878695884058624,negative,0.00385949904156067
1361878698434179072,negative,3.92717170689975e-06
1361878701219135488,negative,0.05583299329353172
1361878703085670405,negative,0.014918291470551183
1361878704851460096,negative,0.08524285120745279
1361878705870688259,negative,0.004086329021375562
1361878707846213636,negative,9.997185150406387e-08
1361878708072636416,negative,0.022079484855474788
1361878708970287104,negative,0.11786918771417619
1361878709691703298,negative,2.8332271213346926e-06
1361878709922316288,negative,0.07275257019330632
1361878710190624776,negative,5.719023233241002e-06
1361878710262128649,negative,0.13148355801930742
1361878712124379140,negative,0.042933458981152375
1361878713705639936,neutral,0.4323510242933817
1361878714011840512,negative,0.2864145558920463
1361878714405986306,neutral,0.45760144536329134
1361878715395932161,negative,0.0015343017638724213
1361878715869900807,neutral,0.437369725752128
1361878715974774786,negative,0.004086329021375562
1361878716108914692,negative,0.06602678592006048
1361878717946093577,negative,0.016787884429364814
1361878718587817985,negative,0.0037426486391158196
1361878721175695366,neutral,0.35362277955607824
1361878721305718784,negative,0.005604325898129143
1361878722417221636,positive,0.7789900239099247
1361878723704868867,negative,2.2470475373998035e-07
1361878726292701187,negative,0.039192742175934284
1361878726821167105,negative,0.08545408379192729
1361878729438466048,negative,0.0012778755973791355
1361878731527225353,negative,0.0013250424817297531
1361878732424757248,negative,0.0025408048837409405
1361878733574012932,negative,0.01678154902376081
1361878735352430592,negative,0.00044224861747137114
1361878735578746888,negative,0.0003532176223342389
1361878736120008708,neutral,0.3499352441185855
1361878736468135942,negative,0.0884199172248835
1361878739446083585,negative,6.754169566903322e-07
1361878739982909440,negative,0.32537497977769414
1361878742537224200,negative,0.034641901391601164
1361878742730211329,negative,0.18795859623648656
1361878743694925824,negative,0.006949107719798921
1361878746924466177,negative,4.413376902025267e-05
1361878747532689408,positive,0.7789900239099247
1361878748577071104,negative,0.08196974230882936
1361878749185269761,negative,0.07381387634661611
1361878749696901121,negative,0.003511969206669002
1361878750519042048,negative,0.11469789974542237
1361878753358581761,neutral,0.33023121256755333
1361878754495184899,neutral,0.5495922250151081
1361878756760170496,negative,5.547586483555178e-06
1361878757066350593,negative,0.00023203384448548543
1361878758542704641,negative,0.00028539918483224774
1361878759205404674,negative,0.2079258794586688
1361878759557656576,negative,0.06359045933680586
1361878762091139074,negative,0.12693968478489281
1361878762409910272,negative,8.58529474596844e-06
1361878763026472960,negative,0.002157346534550224
1361878763773038592,negative,1.5366298812350663e-10
1361878764460904449,negative,0.006256351455476025
1361878765127819264,negative,0.00020636335243577074
1361878767971557377,neutral,0.49789225920557484
1361878770186035201,negative,0.0014435211140411926
1361878771549233157,negative,0.000990050929999318
1361878772530745349,negative,0.03838901031456881
1361878775798124544,negative,0.13034916774803668
1361878779237441536,negative,0.3228216224158623
1361878779430379524,negative,0.09126787907567749
1361878780285976582,negative,2.1760904901655137e-11
1361878781271629826,negative,0.00028512364604243794
1361878783670841347,negative,0.002657340021988393
1361878784673259521,negative,0.06663668783824335
1361878786090876928,negative,0.02408133521209762
1361878786308890633,negative,0.0001602020356598336
1361878787672190976,negative,0.0008496953345485857
1361878788116652042,negative,2.39137607997127e-05
1361878789450514436,negative,0.12693968478489281
1361878792738926594,negative,0.0001017696916543579
1361878795461021699,negative,0.003110154521138958
1361878795649703937,negative,0.0689333758945041
1361878795809087489,negative,0.03838901031456881
1361878799537762311,negative,0.00029676304804753163
1361878799554641921,negative,0.06659856875854317
1361878800062156800,negative,0.026916923620729703
1361878801106554880,negative,0.000990050929999318
1361878801387503616,negative,0.11786918771417619
1361878803102990344,negative,0.057793314540877376
1361878803409117198,negative,0.00108612151427691
1361878806135472129,negative,0.00506429013490443
1361878807678832640,negative,0.03379891532324992
1361878808719155200,negative,8.476887955493663e-12
1361878809876832259,negative,0.09355339788239045
1361878810531102721,negative,3.6860439106232884e-05
1361878811474874371,negative,0.0004127514285876195
1361878811600633856,negative,3.68809922802269e-07
1361878811881562116,negative,0.0006482781419825417
1361878812733022211,negative,3.4454078477687496e-06
1361878813462966276,negative,4.241126290961792e-06
1361878815685947393,negative,0.008541736607267392
1361878817137131521,negative,0.10054358213218693
1361878817242034177,negative,0.04886564057074453
1361878817309007876,negative,3.6860439106232884e-05
1361878819569811457,negative,5.059060303036129e-09
1361878820593147914,negative,0.00017024727121880674
1361878821994172419,negative,3.6860439106232884e-05
1361878822174523393,negative,0.004086329021375562
1361878822254047236,negative,0.0014435211140411926
1361878823135019010,negative,0.151468828086676
1361878823906775045,negative,0.10715633970361955
1361878824041017344,negative,0.033194606476668935
1361878826364637184,negative,2.9128822341915178e-05
1361878827501297664,negative,1.1685984348611698e-05
1361878828574982148,negative,0.0014435211140411926
1361878943226241027,negative,7.728183283479463e-10
1361878944685948929,negative,1.569492636588466e-05
1361878945809989633,negative,0.001133079425850937
1361878946829258757,negative,0.09823664544923308
1361878947093438466,negative,0.0060275786232516365
1361878947600949249,negative,0.0002977414519993909
1361878947680710659,negative,0.18534825208862052
1361878950226575360,negative,1.6436129660479363e-07
1361878951644327937,negative,0.08545408379192729
1361878952898396161,negative,0.2812124665127172
1361878953338810368,negative,0.327378095563068
1361878956975284224,negative,0.003809814404607409
1361878957247893504,negative,0.027514605733690977
1361878958397095941,negative,0.00010711031261248312
1361878959756091398,negative,0.007801488898241588
1361878959785410561,negative,0.010397348953350392
1361878960368459777,negative,0.0004127514285876195
1361878961538621444,negative,0.004086329021375562
1361878961567973376,positive,0.8747982963592853
1361878963149303811,negative,0.08012408225477678
1361878964218822659,negative,0.00020561807695836245
1361878964428562436,negative,0.03838901031456881
1361878965179338752,negative,0.2378008062456321
1361878965284134912,neutral,0.36014310329058447
1361878966139637764,negative,8.38740644797361e-08
1361878967301644288,negative,5.087596700994791e-06
1361878968027254788,negative,1.843670891024184e-07
1361878968819941376,neutral,0.37908852936906046
1361878971152019456,negative,0.0076627860343016895
1361878971604889604,negative,0.023139963450933228
1361878972049547265,negative,0.07460568534354083
1361878972125097984,negative,0.00020561807695836245
1361878972372557828,negative,0.0006826619288665371
1361878976856285184,neutral,0.34939881584404153
1361878977028247552,negative,1.404354449424273e-06
1361878978051661824,negative,0.10715633970361955
1361878978236153862,negative,0.0007194784727821499
1361878979712602117,negative,0.06944652853426164
1361878980819890178,positive,0.9779081525615942
1361878980920553472,negative,0.15631971052681595
1361878982405332999,negative,0.033194606476668935
1361878983772618752,negative,0.0024192668930649768
1361878984825442307,negative,0.004959303240017096
1361878985135783936,positive,0.7789900239099247
1361878986872258561,negative,0.0298357183738782
1361878987052613641,negative,0.008849347357323411
1361878987551739905,negative,0.008108819478107583
1361878987635445763,neutral,0.41278733993847344
1361878990743605249,negative,2.998191738124143e-07
1361878991314030596,negative,0.007084007566387838
1361878991360167937,positive,0.8269507933997199
1361878991821537281,negative,0.03501890977918644
1361878992656207878,negative,0.016787884429364814
1361878994266767360,negative,0.003054735822588372
1361878996464599040,negative,0.0468217707996781
1361878998301687809,negative,0.016787884429364814
1361878999614562305,negative,0.23385183200556653
1361879002500247552,negative,0.0001783764279215546
1361879002852384768,negative,0.024432992826848045
1361879004488302592,negative,2.8188172780064343e-06
1361879006350467078,negative,0.13653741725182666
1361879006807785474,negative,0.17143941624686013
1361879007726366721,neutral,0.48481419304338763
1361879008116432899,negative,0.2140529885145303
1361879008661565444,negative,0.013712259034365161
1361879009051688962,negative,0.17110783127166218
1361879009802518532,neutral,0.49789225920557484
1361879010947563520,negative,0.000519502121835846
1361879011081805825,negative,0.023139963450933228
1361879013308964866,negative,0.03490537139344192
1361879013313110017,positive,0.8529533699723346
1361879013518696450,negative,0.12693968478489281
1361879015569645571,negative,9.13655775668324e-06
1361879015913619456,negative,0.001349141850161149
1361879017121591298,negative,0.08865844426661175
1361879020640567297,negative,0.08266061109434739
1361879023069061121,negative,3.427475763378293e-05
1361879023538892800,negative,0.0001017696916543579
1361879024058916877,negative,0.09630722344896335
1361879024998481920,negative,0.00891375960757663
1361879025661194240,negative,4.599200322727133e-06
1361879029255725059,negative,0.012188700205225432
1361879031302479878,neutral,0.4083289334275003
1361879036205666306,negative,0.08545408379192729
1361879037384212480,negative,5.087596700994791e-06
1361879037879156736,negative,0.3228216224158623
1361879038944567296,negative,2.3844524604437687e-06
1361879039888265216,negative,0.00012717511723187933
1361879040215425026,negative,0.015011485013737159
1361879040945176578,negative,0.0004127514285876195
1361879041876369415,negative,0.001133079425850937
1361879042023161856,negative,0.019918846663570498
1361879043059056641,negative,0.016787884429364814
1361879043541524482,negative,0.1336995657242304
1361879044422324224,negative,9.094549764178897e-05
1361879045252780036,negative,0.004414969729711277
1361879046548766720,negative,0.03791627134522328
1361879050554396672,negative,0.0069309985301994285
1361879051200196613,negative,0.10625560530492485
1361879051686789122,negative,0.004086329021375562
1361879053658128390,neutral,0.36014310329058447
1361879054211776518,negative,0.001133079425850937
1361879054371160064,negative,0.0006653108251274694
1361879054778052613,negative,5.551500162604002e-05
1361879054857760773,negative,0.016787884429364814
1361879056933933056,neutral,0.49789225920557484
1361879057110073344,negative,0.07409858964317478
1361879057177141250,positive,0.9259815607928116
1361879057550503940,negative,0.003328471016317535
1361879059500793856,negative,3.369206520268654e-07
1361879061841276928,negative,4.867341964559444e-06
1361879062281551874,negative,0.023559562580874365
1361879063095349249,negative,0.2940960595971694
1361879063900610560,negative,0.0019225423459088228
1361879065578283011,negative,1.1887028374317781e-05
1361879065880391682,neutral,0.35362277955607824
1361879193383022594,negative,0.04678270541966506
1361879193525616643,negative,0.06663668783824335
1361879193567469574,negative,0.016787884429364814
1361879194507087875,neutral,0.36014310329058447
1361879194775396353,negative,0.0014435211140411926
1361879194821685260,negative,0.007217301798220413
1361879195895275520,negative,0.07409858964317478
1361879196755243010,negative,0.004880531339521578
1361879197447311360,negative,0.023139963450933228
1361879199125016577,negative,0.01241233477651955
1361879200567812096,negative,0.10959463138292411
1361879201306017792,negative,0.09105298728149447
1361879204673908743,negative,0.0012461847418759407
1361879206854991874,negative,0.00018721956181970526
1361879206901252096,negative,0.0005278161598776791
1361879210411835396,negative,0.3110734899390277
1361879210512572416,negative,0.1771791862348512
1361879212269965313,negative,0.0006442556537405959
1361879212756508675,negative,0.033194606476668935
1361879213062692868,negative,0.001133079425850937
1361879213305966594,negative,6.600756830910765e-05
1361879213767237633,negative,0.016787884429364814
1361879214073511938,negative,0.01678154902376081
1361879214987776004,negative,0.08017114651707459
1361879216032251905,negative,0.0016664335552608752
1361879216866926592,neutral,0.4140063820085102
1361879217957437442,neutral,0.5168915986631086
1361879219215736832,negative,0.07800672398898323
1361879219383468032,negative,0.0010962297272791384
1361879220817952768,negative,0.0468217707996781
1361879221304500229,negative,0.00020680847735077756
1361879229135286273,negative,0.30895336613985097
1361879231026913289,negative,0.000990050929999318
1361879234713710597,negative,0.0007022342553655268
1361879236018061312,neutral,0.36014310329058447
1361879236659863552,negative,0.316469533656467
1361879236894720001,negative,0.05921261699991274
1361879238048174081,positive,0.9259815607928116
1361879238106841090,negative,0.019989593375312815
1361879240732528642,negative,0.0009547231292815011
1361879241315344385,negative,0.0001308053307591993
1361879241806249986,positive,0.9779081525615942
1361879241923641353,negative,0.20839043604536187
1361879242947010563,negative,8.228221379415206e-05
1361879244155027459,negative,0.023139963450933228
1361879245522370561,negative,3.4454078477687496e-06
1361879245799235585,negative,0.008061199719809458
1361879247141363712,negative,5.016855853553364e-05
1361879247241900032,negative,0.002790462690270312
1361879248085090307,negative,4.413376902025267e-05
1361879250459058177,negative,8.844780606253413e-05
1361879251377676289,negative,0.25674356956917044
1361879251444768777,negative,0.3110734899390277
1361879253319618560,neutral,0.4140063820085102
1361879254540161027,neutral,0.41901263796461236
1361879254909255681,negative,0.08276079644252901
1361879256167505922,negative,0.00385949904156067
1361879256935002112,negative,0.019739246215399874
1361879257627123712,negative,0.000990050929999318
1361879258075975680,negative,0.041783627828109245
1361879259413958660,negative,0.09808400145310255
1361879259933982729,negative,0.06693372327754489
1361879260823244800,negative,0.007323178606725431
1361879260831580161,negative,0.057275349084345416
1361879265768321026,negative,0.00020636335243577074
1361879265948684289,negative,0.000990050929999318
1361879266229633025,negative,0.07800672398898323
1361879266846244865,negative,0.004086329021375562
1361879268834312192,negative,0.0002977285144143152
1361879269027110915,neutral,0.3726847435457324
1361879269291548674,negative,0.0004860873243864382
1361879269966774273,negative,0.10400467425647399
1361879272986718209,negative,6.572968424809078e-11
1361879274714710018,negative,0.000990050929999318
1361879274869907461,negative,2.7279387673353513e-05
1361879276035977217,negative,0.02839517461614872
1361879276354740225,negative,0.000423514510803206
1361879276497350660,negative,0.005527170083806231
1361879277353005057,negative,0.004086329021375562
1361879277571100674,negative,0.017609003928003183
1361879277944385539,neutral,0.49789225920557484
1361879278527348738,negative,0.016787884429364814
1361879279177457664,negative,6.043891882168886e-05
1361879280108593154,neutral,0.36014310329058447
1361879281111072769,negative,0.07442669777906318
1361879281358487552,negative,0.016787884429364814
1361879282918830090,negative,0.12693968478489281
1361879283682185218,negative,0.0017502138137783507
1361879283761885185,negative,0.0004860873243864382
1361879284520865796,negative,0.0012458453252682964
1361879286546751498,negative,0.0006482781419825417
1361879287805186051,negative,0.17110783127166218
1361879291416383495,negative,0.02878469235530931
1361879291571544064,negative,0.007777946154601166
1361879291659644929,negative,3.4454078477687496e-06
1361879292381196290,negative,0.3228216224158623
1361879293119369218,negative,0.005604325898129143
1361879293261922304,negative,0.05567825080214334
1361879294713061377,negative,0.21561253088540075
1361879295157805057,negative,0.014913022589650816
1361879295837274113,negative,0.00046911426860848937
1361879296315432969,negative,8.908181778285151e-06
1361879296856514561,negative,0.000990050929999318
1361879297452032008,positive,0.8449706451271007
1361879297636659202,neutral,0.36014310329058447
1361879298714525699,negative,0.00019692275399311833
1361879298764857345,negative,0.004372692254472104
1361879301042425859,neutral,0.3499352441185855
1361879302996901892,negative,0.1824485980463114
1361879303168917507,negative,4.6555273584832865e-07
1361879304443846659,neutral,0.5136446707795853
1361879304909451269,positive,0.7618300734257567
1361879306465660930,negative,0.017984896579314208
1361879306637565952,neutral,0.36014310329058447
1361879307249979393,negative,0.002819064850358435
1361879310144073732,negative,0.001133079425850937
1361879310206971904,negative,0.18327296317914493
1361879312258002944,negative,0.027306823983217477
1361879312383635460,negative,3.28066922723985e-08
1361879313520467970,negative,0.0314484057255293
1361879314577428481,negative,0.0024192668930649768
1361879314954936323,negative,3.7352228479693983e-05
1361879315248418822,negative,2.174366260460448e-06
1361879316540379136,negative,0.03838901031456881
1361879317656047619,negative,5.219183497409914e-05
1361879318234857473,negative,0.019790999148721282
1361879319807680515,negative,0.11786918771417619
1361879321594507265,negative,0.0013012529240149671
1361879321699225604,negative,0.0082458490959877
1361879322022273028,negative,0.07381387634661611
1361879322496237571,negative,0.2316988904781351
1361879322575912962,negative,0.0001017696916543579
1361879324014436353,negative,0.046064374943192425
1361879326376001537,neutral,0.4140063820085102
1361879326686392321,negative,0.0004860873243864382
1361879329773416448,negative,0.004086329021375562
1361879330029248512,negative,0.00016683709452180575
1361879330549346314,negative,0.11786918771417619
1361879332797501441,negative,0.0062877297735551745
1361879333384691712,negative,0.03838901031456881
1361879334408122369,negative,0.00017265216403648695
1361879335062425602,positive,0.7091609145896094
1361879335817388032,positive,0.6674671922189892
1361879337507586051,positive,0.8449706451271007
1361879337604177922,negative,0.00019049166254203197
1361879338392690688,negative,0.0026718646847690027
1361879339055411202,negative,8.880852868553187e-08
1361879339244093442,negative,0.004086329021375562
1361879339747467266,negative,0.0002977285144143152
1361879340821196805,negative,3.6860439106232884e-05
1361879343174209536,neutral,0.4274047939449264
1361879343539044352,negative,0.10715633970361955
1361879344159879177,negative,0.13148355801930742
1361879344927305731,negative,0.0001017696916543579
1361879345242001408,neutral,0.5811600421135589
1361879346856792065,negative,0.00635733055112689
1361879347162976258,neutral,0.3304748067195808
1361879347485958147,negative,0.019790999148721282
1361879347905241091,negative,0.012314658028107297
1361879350870765574,negative,3.6860439106232884e-05
1361879351743062019,neutral,0.4238214369441616
1361879351780929538,negative,0.002756052546482224
1361879351923507204,negative,0.0008496953345485857
1361879351986425856,neutral,0.3499352441185855
1361879352837894148,negative,0.10715633970361955
1361879354540625921,negative,3.4454078477687496e-06
1361879358894440453,negative,0.04827847765646318
1361879360098234368,negative,0.0014435211140411926
1361879360333111304,negative,0.018544228327339405
1361879361289211904,positive,0.8449706451271007
1361879361939415043,negative,0.016787884429364814
1361879362430189570,negative,0.004086329021375562
1361879362639982596,negative,1.1124538675050114e-06
1361879363055214592,negative,0.12693968478489281
1361879363130687488,negative,0.12693968478489281
1361879363881418756,negative,2.1941474718071777e-06
1361879365697626117,negative,0.033194606476668935
1361879366649569283,negative,0.05490237754813065
1361879366737813505,negative,0.0012461847418759407
1361879367450730497,negative,3.4454078477687496e-06
1361879367496962048,neutral,0.5495922250151081
1361879367954161671,negative,0.10715633970361955
1361879368340017153,negative,0.016787884429364814
1361879368797052928,negative,6.534044771078721e-07
1361879369128509442,negative,3.4454078477687496e-06
1361879372542672898,negative,0.001385631519239884
1361879372584476686,negative,2.6743284854422935e-09
1361879374497271813,neutral,0.437369725752128
1361879376120307715,negative,0.00635733055112689
1361879380373495810,neutral,0.46318326475361027
1361879381300441090,negative,0.019989593375312815
1361879382638305282,negative,0.2862386217274118
1361879382978084865,negative,0.05921261699991274
1361879384362164235,negative,0.0012458453252682964
1361879385452740609,negative,0.0073688261252194045
1361879385939341318,negative,0.00635733055112689
1361879386631200773,positive,0.8449706451271007
1361879387126259713,negative,0.24050279402574007
1361879388141273090,negative,0.0044461564040642445
1361879388233609219,neutral,0.4076755986967422
1361879388367826947,negative,0.05294300659740592
1361879390242627584,negative,0.016913863642653758
1361879390687293451,negative,0.01332323796875504
1361879391324708868,negative,1.6707867143899177e-17
1361879391807148033,negative,0.0014435211140411926
1361879392167878656,negative,0.005604325898129143
1361879393925296128,negative,0.0013012529240149671
1361879394797682689,neutral,0.36014310329058447
1361879395850477568,negative,0.00025744490289970727
1361879396752228356,neutral,0.39010470225120686
1361879397234540546,negative,0.045521970239656366
1361879397280731137,negative,0.000990050929999318
1361879397389783041,negative,0.01631931429348126
1361879398589353988,negative,0.00108612151427691
1361879401785393155,negative,0.02432450247704271
1361879402804613122,neutral,0.36014310329058447
1361879403349872640,negative,0.000990050929999318
1361879403458871299,negative,0.011530502388091609
1361879404738134017,negative,0.0073688261252194045
1361879404943704065,negative,0.008970849037521546
1361879405912600579,negative,0.08563418942382724
1361879406348800002,negative,0.021934531059536348
1361879407871234051,negative,0.06567415051218586
1361879407892250625,negative,8.344551017101262e-06
1361879409070899203,negative,3.4454078477687496e-06
1361879410693971973,negative,5.260353492411059e-06
1361879411532984324,negative,5.219183497409914e-05
1361879412187291650,negative,0.001133079425850937
1361879412275367940,negative,0.0015343017638724213
1361879414154403843,positive,0.7789900239099247
1361879436119973889,negative,0.0005659106392891907
1361879436585541635,negative,0.002245198502624876
1361879436770091010,negative,0.0004127514285876195
1361879437835345920,negative,1.8186450193649104e-10
1361879439097872386,negative,0.0001017696916543579
1361879440914014214,negative,0.026916923620729703
1361879442289815557,negative,0.09105298728149447
1361879443883651075,negative,0.004086329021375562
1361879446177935361,negative,0.2812124665127172
1361879446328922112,negative,0.00014795429640365338
1361879447570374658,negative,0.017984896579314208
1361879447788527616,neutral,0.3304748067195808
1361879451425005574,negative,0.01869870988099018
1361879452033183745,positive,0.9779081525615942
1361879452154748929,negative,0.2316988904781351
1361879452804931584,negative,0.0001193898709826936
1361879453442301953,negative,0.005604325898129143
1361879454281310208,neutral,0.36014310329058447
1361879454444904450,positive,0.9099856945133658
1361879454981754880,negative,0.0314484057255293
1361879458144260097,negative,0.05957797832934463
1361879459377381376,neutral,0.36014310329058447
1361879459687780352,negative,0.008394298496350764
1361879461340323840,negative,0.0013196678694289519
1361879462456029185,neutral,0.4545904767683513
1361879463785619458,negative,0.011530502388091609
1361879464318291970,negative,4.413376902025267e-05
1361879465530445825,neutral,0.5217345507221479
1361879466050519046,negative,0.010411182594902741
1361879467526881280,negative,0.11786918771417619
1361879467577249794,negative,5.43346451321936e-06
1361879468474777602,negative,0.1771791862348512
1361879469154271236,neutral,0.6232643230202886
1361879470349705217,negative,3.4758622310153634e-07
1361879470492311553,negative,0.00013972871056856098
1361879471813320705,negative,0.004086329021375562
1361879472849444864,negative,0.00020636335243577074
1361879473143107586,neutral,0.36014310329058447
1361879473386307584,negative,0.0014435211140411926
1361879473805795331,neutral,0.35362277955607824
1361879474804031488,negative,0.09418084068739434
1361879475504508931,negative,0.03764621513280413
1361879477035421696,negative,0.11355978340329492
1361879477303803907,negative,0.10959463138292411
1361879477882675206,negative,0.024750633422571826
1361879480055320576,negative,0.06449795712703821
1361879480256647169,negative,0.18980085201321764
1361879480982208512,neutral,0.437369725752128
1361879481347096579,neutral,0.4744007417802897
1361879482341146625,negative,0.0028473996535249776
1361879485335949314,negative,0.12693968478489281
1361879486103490563,negative,0.0007666428370111485
1361879488045461506,negative,0.0010692840624659502
1361879488129163264,negative,0.055797499822592266
1361879488133550081,negative,0.004086329021375562
1361879488255188992,negative,1.1969895087726491e-08
1361879491312771075,negative,0.16686872650465648
1361879491845455873,negative,0.001133079425850937
1361879494680788993,negative,0.004086329021375562
1361879496622751744,negative,0.004086329021375562
1361879497700745219,negative,0.0024265020517426693
1361879498749333508,negative,0.024768973176146576
1361879499621625860,negative,0.010505772911820095
1361879499994972160,negative,3.169206747196959e-06
1361879500431134726,negative,0.0004127514285876195
1361879501987315712,negative,0.0071325852184430764
1361879502851301376,neutral,0.36014310329058447
1361879503258189829,negative,0.03501890977918644
1361879504046718976,negative,0.09418084068739434
1361879504243859456,negative,0.32068088831224084
1361879507137945601,negative,0.0012453808384244873
1361879507377000450,negative,0.00440751671746327
1361879509197197312,negative,3.6860439106232884e-05
1361879510057181185,negative,0.004086329021375562
1361879510422061057,negative,0.10959463138292411
1361879511168667648,negative,0.0314484057255293
1361879513848774656,negative,0.019989593375312815
1361879515752980480,negative,9.144480654569534e-05
1361879515866271746,negative,0.0004127514285876195
1361879516994494465,negative,7.715835230906505e-05
1361879517330038786,negative,0.004874687488844895
1361879518252826629,negative,0.029548701636799075
1361879519158808576,negative,0.016787884429364814
1361879520060538880,neutral,0.42507619662732005
1361879522040287233,neutral,0.4237337412615085
1361879523231490055,negative,0.3046101175466245
1361879523621367814,negative,0.0021554148847810046
1361879525680951297,neutral,0.42507619662732005
1361879527367049216,negative,0.0001017696916543579
1361879528218505217,negative,0.0006016398197856091
1361879529191530499,negative,0.0468217707996781
1361879529762000900,positive,0.8661333256784889
1361879533234884608,negative,0.008061199719809458
1361879533482356736,negative,0.03501890977918644
1361879533654261761,negative,0.024799532150057813
1361879533905981442,negative,0.15784872887475487
1361879534367166469,negative,0.3143893309825648
1361879536288342019,negative,0.00045190992109345684
1361879537047523328,negative,0.005604325898129143
1361879537412415493,negative,0.004086329021375562
1361879537546498055,negative,2.689657610305199e-05
1361879538150617088,negative,0.2798947313077043
1361879539534557185,negative,0.010101794118514189
1361879539538747392,negative,0.07891784897827077
1361879541447331841,negative,0.0026718646847690027
1361879543015825408,negative,0.13618898026829213
1361879543812874240,negative,0.2593248480879569
1361879544165261318,positive,0.7260915554293396
1361879544714600449,positive,0.6635147141851051
1361879547784880128,negative,0.004910693932680383
1361879548015566848,negative,0.00019003054884689303
1361879548510494729,negative,0.12693968478489281
1361879550204940289,positive,0.9779081525615942
1361879550423146501,negative,0.31251327812974533
1361879550771216384,negative,0.001891183580962971
1361879552306331649,negative,1.621210766461027e-07
1361879552402878464,negative,0.0003140842298457554
1361879553103323137,positive,0.9099856945133658
1361879554533556229,negative,2.766966279406924e-10
1361879556739784704,positive,0.6631942390482854
1361879558492999681,negative,4.312575648477102e-06
1361879559038144512,negative,0.005604325898129143
1361879562435624961,negative,0.00020636335243577074
1361879563685535745,negative,5.296348279823053e-05
1361879564356644867,negative,0.06449795712703821
1361879564448751619,negative,0.011080676370637825
1361879565371650051,negative,0.033194606476668935
1361879565501673474,negative,2.6743284854422935e-09
1361879566088884225,negative,0.0530862385063659
1361879567728844802,negative,0.008061199719809458
1361879568295092228,negative,1.6179344593890637e-07
1361879571142967297,negative,0.0001017696916543579
1361879572015435777,negative,0.001891183580962971
1361879574385221632,negative,0.000990050929999318
1361879578252353538,neutral,0.47141431181369436
1361879578428411904,negative,6.711802258536616e-05
1361879580857028612,negative,0.0005042075821884034
1361879585504305152,negative,0.2864145558920463
1361879590285832195,negative,4.723027050945373e-05
1361879591439114245,negative,0.00018432606599667092
1361879592060006402,negative,0.24490252709612087
1361879594182262785,negative,1.843670891024184e-07
1361879594698240000,negative,0.06602678592006048
1361879596103270402,negative,0.008108819478107583
1361879597365809152,positive,0.7789900239099247
1361879602503823361,negative,0.000990050929999318
1361879603351060481,negative,4.2015626070869033e-05
1361879603560775683,negative,1.404354449424273e-06
1361879604961681408,negative,0.016127875931076882
1361879606580699137,negative,0.04111546370936694
1361879606765182987,positive,0.8600945765670043
1361879607075631104,negative,0.1084951265693784
1361879607084019717,neutral,0.4076755986967422
1361879609063723010,negative,0.004086329021375562
1361879609382481923,neutral,0.4274047939449264
1361879678450085890,negative,0.002157346534550224
1361879679708372994,negative,0.06663668783824335
1361879680173957123,negative,0.000990050929999318
1361879681277063174,negative,0.08276079644252901
1361879681453199360,negative,0.016787884429364814
1361879681620844545,negative,0.0005568173948032496
1361879682807963648,negative,0.10400467425647399
1361879682937991170,negative,0.17110783127166218
1361879683944611841,negative,0.21139109066500397
1361879683969785865,negative,0.011530502388091609
1361879683978170368,negative,0.021427987118579784
1361879685412646921,negative,0.1379714623725191
1361879687027384325,negative,0.016787884429364814
1361879690445680641,negative,0.00023203384448548543
1361879690705788929,negative,0.04335274121377078
1361879691896979457,positive,0.8449706451271007
1361879693356535810,negative,0.019229231702090153
1361879694400978949,negative,0.0036542992359395766
1361879694866579459,negative,1.0767581945936668e-09
1361879694996623364,negative,3.900951348223251e-06
1361879698834358273,negative,0.17110783127166218
1361879699274821634,neutral,0.36014310329058447
1361879699471945729,negative,0.0004127514285876195
1361879701082505218,negative,0.011748033501187898
1361879701757779968,negative,4.067939598143211e-05
1361879701975748612,negative,0.005283359773991527
1361879702013624320,negative,0.005475392516370772
1361879703263584256,negative,0.044712805593316474
1361879704257576963,negative,9.094549764178897e-05
1361879705226534913,negative,0.1364373754014395
1361879705780117511,negative,0.0015343017638724213
1361879706295963648,negative,0.06051014166749917
1361879708380635136,negative,0.00219048000496918
1361879708762312706,negative,0.03175665263782722
1361879709190139905,negative,0.00635733055112689
1361879709957697537,neutral,0.42755866745518784
1361879710100258816,negative,0.04479713725512996
1361879710410637313,negative,2.514884558074931e-08
1361879710750416899,neutral,0.4949915663481052
1361879711996137473,negative,0.10715633970361955
1361879712633655297,negative,0.007715614268047637
1361879713367683073,negative,0.0032952471641983644
1361879713405227010,negative,0.018661451619743672
1361879714772754435,neutral,0.48481419304338763
1361879715179597825,negative,0.024750633422571826
1361879716085592064,negative,0.15476834209541296
1361879717641478146,negative,0.11685281516170845
1361879717650063361,negative,0.019989593375312815
1361879718107246596,negative,0.027306823983217477
1361879718535036929,negative,0.0011456281787628197
1361879719923372033,negative,0.00690181464365505
1361879721391378436,negative,0.030461333279747257
1361879721684926467,negative,0.007777946154601166
1361879724075720707,negative,0.1540379895754551
1361879725300449285,negative,0.000990050929999318
1361879726172889092,negative,0.07442669777906318
1361879731801632769,negative,0.0008496953345485857
1361879732279771138,negative,0.004622462078195156
1361879734561423362,neutral,0.5377218636068535
1361879736037834753,negative,0.0001017696916543579
1361879736406917122,neutral,0.36014310329058447
1361879737149382658,negative,0.004622462078195156
1361879738252484608,negative,0.31251327812974533
1361879740102152192,negative,0.016787884429364814
1361879740760481793,positive,0.9127850488921464
1361879741498880000,negative,0.010091936734824577
1361879743499534337,negative,0.009727817237798543
1361879743705014280,negative,0.16071103997970765
1361879744103534595,negative,0.058160741784139866
1361879744292208641,negative,0.0788520056142605
1361879744405508097,negative,0.07945129569434513
1361879744992612352,negative,0.010101794118514189
1361879745638506498,negative,0.19256507276886312
1361879746028720128,negative,1.9472462527088105e-08
1361879746691358721,negative,0.17110783127166218
1361879746917851138,negative,0.004038108454513459
1361879747538608137,negative,0.00014795429640365338
1361879750537527298,negative,1.2709632525935702e-05
1361879750906683394,negative,0.07102364675937975
1361879752013975554,negative,0.02862850044334376
1361879752785735682,negative,0.0023648428850824047
1361879753163169794,negative,0.17110783127166218
1361879753771286534,negative,3.4454078477687496e-06
1361879756833177601,negative,0.004086329021375562
1361879758208856064,negative,0.00012180638162795431
1361879758485811203,negative,0.09105298728149447
1361879758926008325,positive,0.7789900239099247
1361879760268271617,negative,7.503364275880304e-06
1361879760763289602,negative,0.10511691923013018
1361879762684305408,negative,0.010795157119563964
1361879763942596608,negative,0.001133079425850937
1361879764089401346,negative,0.0027946692007933356
1361879765003681792,negative,5.037223159632929e-06
1361879766035537920,negative,0.02843956005779012
1361879767415414784,negative,0.03696365454460867
1361879768061345796,negative,0.005604325898129143
1361879769701310466,negative,0.00753060287639481
1361879770384928774,negative,3.6860439106232884e-05
1361879770653462528,negative,2.184450872644458e-06
1361879771244879874,negative,0.033194606476668935
1361879771878223874,negative,0.001240339476818672
1361879775183134729,negative,0.10684915285408118
1361879775548178433,neutral,0.36014310329058447
1361879776894410759,positive,0.8449706451271007
1361879777418870790,negative,0.0004580011604988609
1361879778601664512,negative,0.17815223907053251
1361879778899484675,negative,0.03173832375291585
1361879779562061832,negative,0.0016241993193356883
1361879780941959168,positive,0.8449706451271007
1361879781860589573,positive,0.9247033609254065
1361879783345422338,negative,0.011748033501187898
1361879784968642560,negative,0.12724759439434394
1361879787099152387,negative,0.13190818082493844
1361879788441501697,negative,0.0024265365763960507
1361879789922099202,negative,0.00013972871056856098
1361879790656094208,negative,0.0063929116671684995
1361879792195416064,negative,0.002390151111208707
1361879795768954887,negative,0.015956737825665073
1361879796742033410,negative,0.0031721300981015143
1361879796771418115,negative,0.0036542992359395766
1361879797752881155,negative,0.2403849893460966
1361879798704922631,negative,0.1830868472150775
1361879798851772416,negative,0.0062899480639258334
1361879799321423873,negative,0.004892257398399707
1361879800437231616,negative,0.006976774096290364
1361879802253217793,negative,1.333203172544427e-06
1361879803167662080,negative,0.0468217707996781
1361879804656709632,negative,0.2873922900941543
1361879874978279425,negative,0.07102364675937975
1361879875246714885,negative,0.01869870988099018
1361879875284574208,negative,0.17110783127166218
1361879875624325120,negative,0.0314484057255293
1361879875628498944,negative,0.02843956005779012
1361879875779444740,negative,0.0002977285144143152
1361879875859197953,negative,0.02023342965681514
1361879876257648640,negative,0.000990050929999318
1361879879197802498,neutral,0.4323510242933817
1361879881588604929,negative,0.1246273950239621
1361879882226163719,negative,0.1084951265693784
1361879884612702208,positive,0.702121470577264
1361879887712256001,negative,0.3228216224158623
1361879888668590082,negative,2.1328169277588322e-07
1361879890115584000,negative,0.016787884429364814
1361879890224635911,negative,0.03379891532324992
1361879891529015313,positive,0.8449706451271007
1361879892632227840,negative,3.774599420290913e-06
1361879893303316482,negative,2.4095035878260077e-08
1361879894569852933,negative,1.846431873189767e-05
1361879894758670338,negative,0.12582371707492263
1361879894775402496,negative,1.6112113630068027e-06
1361879896453222403,negative,2.462497264869912e-07
1361879896553840640,negative,0.000990050929999318
1361879896931270662,negative,0.0016241993193356883
1361879897409429509,negative,0.05331819642222078
1361879900639145986,neutral,0.42755866745518784
1361879900995657731,negative,0.00351361614820378
1361879902652428288,negative,0.004723097064745778
1361879903549882372,negative,0.02839517461614872
1361879903705030658,neutral,0.3505730031339304
1361879904514637826,negative,0.20985690231634013
1361879905957511182,negative,0.01648319915918168
1361879906016133121,negative,8.85369583590528e-07
1361879907073097729,negative,0.0885640614832503
1361879907454775297,negative,0.005604325898129143
1361879907937173506,negative,5.087596700994791e-06
1361879910172807170,negative,0.020018196568580747
1361879910655139842,negative,2.014797129962335e-06
1361879912676806660,negative,0.045415198417881636
1361879913750429696,negative,0.1433956860250839
1361879913817665539,negative,0.023559562580874365
1361879914002014208,negative,0.15267788460521442
1361879914488729601,neutral,0.502253414675183
1361879914543153156,neutral,0.3505730031339304
1361879915444858885,negative,0.239039090336735
1361879916262875139,negative,9.405553330386685e-05
1361879916443230208,negative,0.035207153358869384
1361879916766232576,negative,1.8734562271535088e-05
1361879917714153472,negative,0.2864145558920463
1361879919718932480,negative,0.016787884429364814
1361879920016830473,negative,0.28937857796082267
1361879920561979392,negative,0.07800672398898323
1361879921409294337,neutral,0.48481419304338763
1361879922420166656,negative,0.00014795429640365338
1361879923460239362,negative,8.58529474596844e-06
1361879927453179906,negative,6.843147970512671e-07
1361879927780495362,negative,0.12579658829044507
1361879927981809670,negative,0.004086329021375562
1361879929714077697,negative,0.015071903989231613
1361879934986297349,negative,0.06663668783824335
1361879935065980929,negative,1.0815916977685336e-07
1361879936286420993,negative,0.14544074320076136
1361879936823345154,negative,0.0002977285144143152
1361879937444155392,negative,5.219183497409914e-05
1361879937498628098,negative,0.07165323427534191
1361879938077392896,negative,0.00013972871056856098
1361879939306434560,negative,0.004086329021375562
1361879939352559619,negative,0.017477224074576615
1361879939478417410,negative,0.0009883219235868044
1361879941126701062,negative,0.013460529938404324
1361879942087196676,negative,0.0004860873243864382
1361879942703820803,positive,0.7031052899271505
1361879943987265537,negative,0.00016683709452180575
1361879945052647429,negative,0.03696365454460867
1361879947158179842,negative,6.534044771078721e-07
1361879948689088512,negative,0.00018634266322577897
1361879949087551488,negative,0.08737938676356574
1361879949330808833,negative,0.0001783764279215546
1361879950421151744,negative,0.004086329021375562
1361879950505041931,negative,0.015638274886373333
1361879950685536257,negative,0.001133079425850937
1361879953017602054,negative,3.6799866064458914e-11
1361879954137505798,negative,0.00020636335243577074
1361879956326920195,negative,0.000990050929999318
1361879957492924416,negative,0.00040738639574166235
1361879958784794626,negative,0.001079125616675725
1361879959485177859,positive,0.9640188210446371
1361879960881754112,negative,3.427475763378293e-05
1361879961271951363,negative,0.000990050929999318
1361879961674649603,negative,0.0018721651070770754
1361879963033550848,negative,0.00020561807695836245
1361879964891680769,negative,6.754169566903322e-07
1361879965457874947,negative,0.004086329021375562
1361879966087012361,negative,6.747586941582953e-06
1361879966116438019,negative,0.15631971052681595
1361879966795915264,negative,0.000990050929999318
1361879968075177986,negative,0.0012824125482469237
1361879968393879554,negative,0.03501890977918644
1361879968951721984,neutral,0.5957399490333923
1361879969446694914,negative,0.018805852616696664
1361879970499489805,negative,0.000990050929999318
1361879972391100418,negative,0.00635733055112689
1361879972474982400,negative,0.009665139078090607
1361879972953088005,neutral,0.4947204859246089
1361879974031073281,negative,0.0996714708752153
1361879974404308995,negative,0.0004860873243864382
1361879974664372226,negative,0.02933125565263838
1361879976652472320,negative,0.03764621513280413
1361879979714306048,negative,0.0001017696916543579
1361879983615057922,negative,0.03983031260542193
1361879988572745728,negative,0.005604325898129143
1361879990623752194,negative,0.07826203018518857
1361879991525519362,negative,0.001491302975149924
1361879994251755522,negative,0.000990050929999318
1361879996713885696,negative,3.4454078477687496e-06
1361879997565308930,negative,5.087596700994791e-06
1361879999867838469,negative,1.1189651748397646e-07
1361880000174129152,negative,0.1830868472150775
1361880002359398402,neutral,0.4949915663481052
1361880002795626506,negative,0.0036542992359395766
1361880002975969283,negative,0.030945955841951162
1361880003085037581,negative,4.413376902025267e-05
1361880004863254528,negative,0.0014435211140411926
1361880007224795138,negative,0.002589676711896195
1361880007266742275,positive,0.8449706451271007
1361880007883243521,negative,0.015588462689835316
1361880008210460678,negative,0.0012113486881602012
1361880008772444162,negative,0.1115371554273765
1361880009439408129,negative,0.015722510413565604
1361880010957717505,negative,9.49901558700279e-06
1361880013897924609,negative,0.01869870988099018
1361880014736805892,neutral,0.36822692317488137
1361880015248515082,negative,0.007843639380054479
1361880016292823041,negative,0.004086329021375562
1361880016657776642,negative,0.04016780541551243
1361880017194614785,negative,6.797935909337303e-05
1361880017597206529,positive,0.9779081525615942
1361880017714573313,negative,0.018661451619743672
1361880018255712259,neutral,0.36014310329058447
1361880018780102659,negative,0.00017265216403648695
1361880019027582977,negative,0.004622462078195156
1361880019254009866,negative,0.0002977285144143152
1361880021137317888,negative,0.01160677024352285
1361880022923976705,negative,0.0003532176223342389
1361880025658712065,negative,0.005529095233791999
1361880027181309953,negative,0.04678270541966506
1361880029324533760,negative,0.001806563073387317
1361880029521711104,negative,0.0009880485858576227
1361880031270744065,negative,3.427475763378293e-05
1361880033636323328,negative,0.0024192668930649768
1361880033845993474,negative,0.004064870430987558
1361880035637014534,negative,6.534044771078721e-07
1361880037318750209,negative,0.000827792289985398
1361880037415411713,negative,0.019989593375312815
1361880038652674048,negative,0.07686454854870137
1361880066570022918,negative,0.020034329065519454
1361880068029636615,negative,7.79839982216806e-06
1361880068528685056,negative,9.094549764178897e-05
1361880068902031361,negative,0.000990050929999318
1361880069032050689,negative,0.017984896579314208
1361880069753430022,negative,0.0018721651070770754
1361880070693023745,negative,0.0019366809666907883
1361880071053705218,negative,0.0002977285144143152
1361880073264115713,negative,0.005604325898129143
1361880073402482693,negative,0.13299822009679757
1361880074006368259,negative,0.239039090336735
1361880079320637444,negative,0.06663668783824335
1361880079664439299,negative,0.023139963450933228
1361880083003281409,negative,0.09105298728149447
1361880084399984644,positive,0.8449706451271007
1361880084425170946,negative,0.1084951265693784
1361880084672634881,negative,0.13429166473205667
1361880086098681858,negative,0.23871696831429615
1361880086241230848,negative,0.022928010787516957
1361880086870450178,negative,0.000990050929999318
1361880088049033216,neutral,0.3972633764231707
1361880088539725833,negative,0.28937857796082267
1361880088720072705,negative,0.004086329021375562
1361880090607579137,neutral,0.35362277955607824
1361880092222365696,neutral,0.35362277955607824
1361880093610545159,negative,6.119246755170695e-05
1361880097788030979,negative,0.016913863642653758
1361880098895523840,negative,0.02862850044334376
1361880099298099204,negative,0.01708455693579708
1361880099642081281,negative,1.2709632525935702e-05
1361880100107649026,negative,2.1328169277588322e-07
1361880100434829325,negative,0.2078410149096699
1361880100623548416,negative,0.000990050929999318
1361880101739134985,negative,5.7485416148393126e-05
1361880101810540545,negative,0.1771791862348512
1361880104352235521,negative,5.524636877511817e-05
1361880104603971586,positive,0.6959883175151821
1361880105329508352,neutral,0.4140063820085102
1361880106118053888,negative,0.03173832375291585
1361880110366937088,negative,0.04678270541966506
1361880111612637184,negative,0.03791627134522328
1361880111860101121,negative,0.011642165211179533
1361880112459894785,negative,0.034641901391601164
1361880112984162304,negative,0.23185474293758088
1361880113252556803,negative,0.22664324401202743
1361880113839767552,positive,0.6990333581335987
1361880114850529280,negative,0.0003532176223342389
1361880115257499652,negative,0.0010002361821155772
1361880115593043969,negative,0.000990050929999318
1361880115706175488,negative,0.026916923620729703
1361880118747160577,negative,0.16146806799107924
1361880119904788480,negative,0.004086329021375562
1361880120395374596,negative,0.1771791862348512
1361880120714264576,negative,0.04479713725512996
1361880121494409219,negative,2.6743284854422935e-09
1361880122060587008,negative,0.03175665263782722
1361880122882744323,negative,0.03983031260542193
1361880124350693377,negative,0.24955026494900232
1361880125239943169,negative,2.2323469528985604e-05
1361880125898428418,negative,0.07381387634661611
1361880126426914818,negative,0.047377406779251216
1361880126544306176,negative,1.404354449424273e-06
1361880127454511105,negative,0.0002977285144143152
1361880129287430144,negative,0.08545408379192729
1361880129505529862,negative,0.1913034628876639
1361880129732026369,negative,0.21412433154803479
1361880130663161859,negative,0.0001017696916543579
1361880130730168321,negative,5.219183497409914e-05
1361880131174879232,negative,0.02893103266685368
1361880132294750210,negative,3.862270704365406e-11
1361880135671103490,negative,0.00019692275399311833
1361880136606494725,negative,0.004086329021375562
1361880137298501633,negative,0.027306823983217477
1361880141312512000,negative,0.051990608591957435
1361880142428180485,negative,0.2864145558920463
1361880143770353664,negative,8.942887064832446e-05
1361880144521093120,neutral,0.5255784232230389
1361880144567271425,negative,0.03501890977918644
1361880144747536386,negative,7.877417047270712e-09
1361880144919592962,negative,0.0005805869837977325
1361880146391760898,neutral,0.36014310329058447
1361880151219462144,negative,0.01379957957586366
1361880157162717186,negative,0.02910446041151882
1361880158970462211,negative,0.09418084068739434
1361880159784218632,negative,0.2864145558920463
1361880159893282816,negative,0.0012461847418759407
1361880161680035842,positive,0.9574195520121335
1361880162133037058,negative,0.00017265216403648695
1361880163466809349,negative,0.18795859623648656
1361880163554844674,negative,0.10961750465895001
1361880163701698566,neutral,0.42751476324057247
1361880164104347648,negative,0.00753060287639481
1361880166616686601,negative,0.004086329021375562
1361880168092954629,negative,0.11685281516170845
1361880170093817857,negative,2.1328169277588322e-07
1361880171712765955,negative,0.0008395636729863769
1361880172207755264,negative,0.06502968304895188
1361880176192335874,neutral,0.5136446707795853
1361880181582012419,negative,1.9147076036524732e-10
1361880185998610437,negative,0.03501890977918644
1361880186648727553,negative,0.0036542992359395766
1361880189127565317,negative,0.06663668783824335
1361880189471440897,negative,0.000990050929999318
1361880194999611392,neutral,0.35362277955607824
1361880197017042944,negative,0.24490252709612087
1361880197289676800,neutral,0.4542303419466057
1361880198048862210,neutral,0.4274047939449264
1361880198094888963,negative,0.0009286375633135558
1361880198724091904,negative,0.03801610846604707
1361880198736584706,neutral,0.6008518997016808
1361880199479009280,negative,0.0033800347690075136
1361880199911133185,negative,0.00033986597752007076
1361880204386455552,neutral,0.4274047939449264
1361880204399038465,negative,0.18828942033266277
1361880206835933185,negative,0.26717457064732
1361880207234334721,negative,0.0026182974951757592
1361880208098344964,negative,1.1969895087726491e-08
1361880208790331397,negative,0.011748033501187898
1361880210094891010,negative,1.8734562271535088e-05
1361880210690494465,negative,0.12582371707492263
1361880212372348931,negative,0.00392533666361936
1361880212691161090,negative,0.018026157949542196
1361880214352121857,negative,0.00014795429640365338
1361880218156347397,neutral,0.35362277955607824
1361880218303094786,negative,0.004086329021375562
1361880220094115841,negative,0.004086329021375562
1361880221109137409,negative,0.0001017696916543579
1361880222551924738,negative,0.002477519814081735
1361880223839567872,negative,0.0885640614832503
1361880226951802880,negative,1.2709632525935702e-05
1361880227694206982,negative,0.09126787907567749
1361880227882831872,negative,6.754169566903322e-07
1361880227908050946,negative,1.22890837274891e-06
1361880227924873222,negative,0.12381786900758635
1361880228054843392,negative,3.3241462649047924e-07
1361880228323336192,negative,5.037223159632929e-06
1361880230017830912,neutral,0.4140063820085102
1361880230584070145,negative,0.17110783127166218
1361880230793801730,negative,0.0004860873243864382
1361880231007703040,negative,0.327378095563068
1361880231322259456,negative,0.0006404330040373708
1361880233939529729,negative,0.000990050929999318
1361880234237263872,negative,2.1328169277588322e-07
1361880236217020421,negative,0.004314377982892048
1361880236921602048,neutral,0.4140063820085102
1361880237135568896,negative,0.18598802602580827
1361880237550809095,negative,0.06663668783824335
1361880239337594882,negative,0.005604325898129143
1361880239622787073,negative,4.723027050945373e-05
1361880240402952193,negative,0.0002977285144143152
1361880241191473152,negative,7.030867565015157e-05
1361880241585725440,negative,0.30895336613985097
1361880242533629952,negative,5.731024329145541e-09
1361880244253245445,neutral,0.38226682983725213
1361880244844699649,negative,0.07111020178909432
1361880246245609474,neutral,0.6415167214842136
1361880248783167488,negative,0.15493478320665963
1361880248825044995,negative,2.036294298984584e-06
1361880249408114690,negative,1.6138504933039093e-05
1361880250356031489,negative,0.006998702573861276
1361880251316453377,neutral,0.41193474847754386
1361880251450732547,negative,0.04678270541966506
1361880252583206912,negative,0.08276079644252901
1361880252864151552,negative,0.08223295560690048
1361880253153517569,negative,0.2591560106514994
1361880253459820551,negative,0.008625140730019467
1361880256139980805,negative,0.01241233477651955
1361880256798416898,neutral,0.5031304468189296
1361880257658298369,negative,0.019989593375312815
1361880262381035522,negative,0.023075944015281635
1361880265648447490,negative,0.000234264999455861
1361880265774100487,neutral,0.40574086436929896
1361880266835431428,neutral,0.4140063820085102
1361880266969473028,negative,0.03451709748792609
1361880267447762952,negative,0.022520762225659744
1361880267770757122,negative,0.000990050929999318
1361880271382077441,negative,0.011956201342452255
1361880272220913666,negative,0.0003048103031924256
1361880273185624065,negative,0.0009823229887166935
1361880273210798085,negative,0.1771791862348512
1361880276285104131,negative,0.0009039373037804628
1361880276864020487,negative,0.07381387634661611
1361880277325389825,neutral,0.36014310329058447
1361880277946105859,negative,0.000990050929999318
1361880278818553857,negative,0.04525877743325878
1361880280580128775,negative,0.01241233477651955
1361880281637150720,negative,3.6860439106232884e-05
1361880282144641025,negative,0.000990050929999318
1361880283310559233,negative,0.10625560530492485
1361880283725910017,negative,0.010686554670710936
1361880284543737863,negative,3.320109224213182e-05
1361880286255079426,negative,0.0001017696916543579
1361880286678638594,negative,0.12693968478489281
1361880286678708224,negative,0.004723097064745778
1361880288905859076,negative,0.2940960595971694
1361880289522327552,positive,0.8449706451271007
1361880290357112835,negative,0.0027131330772060132
1361880291804139520,negative,7.461382137720118e-06
1361880294190678017,negative,0.007084007566387838
1361880294673051663,negative,1.806839447825546e-07
1361880294874316800,negative,0.000990050929999318
1361880295197310976,negative,0.3046101175466245
1361880297898393600,negative,0.0005355367510211682
1361880297998938119,negative,0.014986381041335456
1361880298678550531,negative,0.00385949904156067
1361880300142399489,negative,0.31679631705996625
1361880300796710919,negative,0.2812124665127172
1361880301736108036,neutral,0.44117505596214035
1361880304252764165,neutral,0.39470718360154455
1361880306685538305,negative,0.006273941149343795
1361880307151106050,neutral,0.4763690118319486
1361880307620859905,negative,0.00010724635768473666
1361880312888913921,negative,0.0996714708752153
1361880313551609859,negative,3.774599420290913e-06
1361880313643810819,negative,0.000990050929999318
1361880313807405058,neutral,0.4274047939449264
1361880315099312141,negative,0.033194606476668935
1361880315527122950,negative,3.6054819249955955e-08
1361880316030439424,negative,0.15784872887475487
1361880316307247108,negative,0.001133079425850937
1361880317745901568,negative,0.0006988138887233922
1361880319155052544,negative,1.0678792859988183e-07
1361880320073736192,negative,0.21033566789902375
1361880320329539584,negative,0.034808810528492294
1361880323013955584,negative,0.000990050929999318
1361880323911544832,negative,0.08276079644252901
1361880325312413697,neutral,0.3499352441185855
1361880325584867332,negative,0.0003840665678320728
1361880326537175045,negative,0.0024265365763960507
1361880327967436805,negative,0.15630830276745175
1361880328193802250,negative,0.05087735291529882
1361880328412016640,negative,0.0010002361821155772
1361880328722391041,negative,0.001101198716564515
1361880329590431748,negative,1.843670891024184e-07
1361880332786622464,negative,3.177185537965127e-07
1361880335374446592,negative,0.0076627860343016895
1361880337731715075,negative,0.00048778637684275447
1361880337933078528,neutral,0.49789225920557484
1361880340847992833,negative,0.005604325898129143
1361880340906713091,negative,3.4454078477687496e-06
1361880340910981121,negative,0.00033264134545499626
1361880342458732545,neutral,0.39274765723876304
1361880342962073601,negative,0.004448770428434826
1361880343276621824,negative,0.0078326590777722
1361880344962686977,negative,5.462276481734246e-05
1361880345478639627,neutral,0.5136446707795853
1361880345679982595,negative,0.24490252709612087
1361880348263657472,negative,0.0024192668930649768
1361880350482292742,negative,5.219183497409914e-05
1361880351077990401,negative,0.052389045990100774
1361880351992381441,negative,0.0004127514285876195
1361880353640747008,negative,0.000990050929999318
1361880354748039170,neutral,0.36014310329058447
1361880356220112897,positive,0.9115536586544823
1361880357163909121,negative,0.0004066332716084398
1361880358782910465,neutral,0.43258957683129196
1361880360339066880,negative,1.7882552081849897e-05
1361880360792043520,negative,6.6069785690984465e-06
1361880360859140096,negative,0.0008496953345485857
1361880360947171330,negative,0.0004127514285876195
1361880361337298946,negative,0.0001017696916543579
1361880361337319425,negative,2.462497264869912e-07
1361880361609932800,negative,0.08162472340754263
1361880361848946688,negative,0.001891183580962971
1361880362956124161,negative,0.026916923620729703
1361880364466139138,negative,0.31251327812974533
1361880364759793668,negative,0.017720475573817514
1361880366278201345,negative,0.09059232297646257
1361880367989460996,negative,0.000990050929999318
1361880370128519170,negative,0.004767840700264559
1361880370409598976,negative,0.0005682575570874796
1361880370594070528,negative,0.11579010942057401
1361880371172892672,positive,0.8449706451271007
1361880377627926529,negative,0.004086329021375562
1361880380052234242,negative,0.0069309985301994285
1361880382019403776,negative,1.906635655027785e-05
1361880382698831879,negative,0.00635733055112689
1361880382703042564,negative,0.011089470630751714
1361880387723608064,negative,0.01909922460672139
1361880387782336512,negative,1.256055020837542e-08
1361880390047326208,negative,0.0021033411254986773
1361880391074918403,negative,0.0055025277408827
1361880391951519745,negative,0.08276079644252901
1361880393977372674,negative,3.774599420290913e-06
1361880394086440960,neutral,0.4140063820085102
1361880396087123974,negative,0.2864145558920463
1361880397655769095,negative,0.000990050929999318
1361880402655383557,negative,0.00385949904156067
1361880406035898373,negative,0.007029192520502612
1361880406166011905,negative,0.24955026494900232
1361880407449436162,negative,5.3005504255278746e-05
1361880411752833024,negative,0.004767840700264559
1361880411966701569,negative,1.6170575529006664e-05
1361880412251967491,negative,0.04678270541966506
1361880414508433409,negative,0.000990050929999318
1361880415028584448,negative,0.001891183580962971
1361880415133265921,negative,0.057419393601848445
1361880415875854340,negative,0.0004127514285876195
1361880417964613638,negative,0.2982476780041198
1361880418115592195,negative,0.0004127514285876195
1361880418744602626,negative,0.18980085201321764
1361880418912325635,negative,0.004086329021375562
1361880419587796993,negative,0.12758416079611132
1361880420497846277,negative,0.1379714623725191
1361880421982732289,negative,0.1336995657242304
1361880423006015491,negative,0.011748033501187898
1361880423345831936,negative,0.003063938678352139
1361880426118336516,negative,0.029867496849722012
1361880432497876992,negative,0.17143941624686013
1361880433231863809,negative,0.0011273660141492346
1361880433865207815,negative,2.9723629297494745e-07
1361880435400142850,negative,5.043557877513666e-07
1361880435618422787,negative,0.003935438640488496
1361880436285214720,negative,0.11786826560155962
1361880436964790275,negative,0.0028473996535249776
1361880438713815044,negative,0.00458880824005503
1361880439942770690,negative,0.004086329021375562
1361880441771417602,negative,0.03470513940255647
1361880442228658177,negative,0.019771420763708736
1361880443025506304,negative,0.004086329021375562
1361880443717640201,negative,1.8862098331382043e-06
1361880445156212737,negative,0.18795859623648656
1361880445504397315,negative,3.68809922802269e-07
1361880451309334528,negative,1.0032727386602087e-05
1361880451808337921,negative,9.361964045367183e-05
1361880452118712323,negative,0.016787884429364814
1361880452668272640,negative,0.004661592185190833
1361880453410680832,negative,9.63190194606226e-07
1361880456770289665,negative,0.00039785535954796645
1361880457630130178,negative,4.159315459218881e-11
1361880458196365318,positive,0.7667416050322152
1361880458326396931,negative,0.15631971052681595
1361880459744010248,negative,0.016913863642653758
1361880460574531585,negative,0.0001017696916543579
1361880464798199809,negative,0.0022504716069815848
1361880466006106113,negative,0.000990050929999318
1361880467142770690,negative,0.004119385016161241
1361880468732473346,negative,0.000990050929999318
1361880470514921485,negative,5.736263143813481e-05
1361880471655899137,negative,1.1230573798892524e-05
1361880471739760641,negative,0.0062877297735551745
1361880473010593793,negative,0.0002977285144143152
1361880475829166084,negative,6.157325624879537e-06
1361880476215042049,negative,0.1540493029224573
1361880476445675526,negative,0.0026270300526412163
1361880477536309250,negative,0.02839517461614872
1361880479524356096,negative,1.8603690327964345e-06
1361880482766598151,negative,6.051557439605561e-17
1361880483445972996,negative,2.266175667655785e-05
1361880486201618433,negative,3.6860439106232884e-05
1361880486403051520,negative,6.754169566903322e-07
1361880486721773572,negative,0.17110783127166218
1361880486818308102,negative,0.022964497299387404
1361880488999272449,negative,0.182759934199038
1361880492161847297,negative,3.6860439106232884e-05
1361880496611950592,negative,0.08941844409604452
1361880497278906369,negative,0.0010002361821155772
1361880497350148096,negative,0.11086514297916852
1361880497404719105,negative,0.000990050929999318
1361880497685733378,negative,0.000990050929999318
1361880497975099395,negative,0.12806381259424787
1361880501091500033,negative,0.00028512364604243794
1361880501426946048,negative,0.00032571481746917737
1361880502135902210,negative,0.09105298728149447
1361880504174141440,negative,0.019790999148721282
1361880505378078721,negative,0.0036542992359395766
1361880507416535040,negative,0.018661451619743672
1361880507634475012,negative,5.289986698590243e-05
1361880507919650816,negative,0.017698972433511456
1361880511665348610,negative,0.07381387634661611
1361880514261442565,neutral,0.40506534230917196
1361880515310198787,negative,0.12021603373245746
1361880515859611650,negative,0.0014191368381265398
1361880516631306244,negative,0.016787884429364814
1361880516887146501,negative,0.005050075377294417
1361880520636956674,negative,0.03696365454460867
1361880522570358784,negative,0.2004446067439457
1361880523807879168,negative,0.011748033501187898
1361880523988103170,negative,0.11597341201288834
1361880524554334208,negative,0.01379957957586366
1361880526534156291,negative,0.029574618931162252
1361880527465234435,negative,0.03791627134522328
1361880527742136321,negative,0.0005355367510211682
1361880528173981698,negative,0.00042310652048881033
1361880532498399233,negative,0.12136656892564408
1361880532590723074,negative,0.000990050929999318
1361880533513302016,negative,0.0016241993193356883
1361880533685456900,positive,0.8505430007840827
1361880535723880449,neutral,0.6506954671704506
1361880537259008012,negative,0.0019366809666907883
1361880538026414084,negative,0.07102364675937975
1361880538672467968,negative,0.04479713725512996
1361880539003822085,negative,0.000990050929999318
1361880539972521986,neutral,0.49789225920557484
1361880540027248642,negative,0.05583299329353172
1361880541981773827,negative,0.009864037501071718
1361880549699190787,neutral,0.6416401429292425
1361880549871079429,negative,0.2864145558920463
1361880549950808070,negative,0.0530117725357395
1361880550030639105,negative,4.397335179303707e-07
1361880550127009794,negative,0.28729815390968055
1361880550437310466,negative,0.010142259111535686
1361880550617714688,negative,0.01181856473654538
1361880550726770693,negative,0.3274903280201044
1361880550743683074,negative,0.29674647780856694
1361880551032950784,negative,0.0018285965741890431
1361880551079124994,negative,0.0023123922527731222
1361880551205044224,negative,7.834798856377289e-06
1361880551217635330,negative,0.08794394239268477
1361880551242813441,negative,4.581867542811871e-06
1361880551389605888,negative,0.001891183580962971
1361880551481692162,negative,0.07006257022385395
1361880552811491330,negative,0.0005682575570874796
1361880553839034373,neutral,0.49789225920557484
1361880554812018688,negative,3.311370381968987e-05
1361880557802643457,negative,0.3228216224158623
1361880558612135937,neutral,0.36014310329058447
1361880559564312576,negative,2.008314063548228e-08
1361880560872927232,negative,0.0001017696916543579
1361880561355157506,negative,0.008108819478107583
1361880561481101312,negative,0.14424502942014927
1361880562508697603,neutral,0.36014310329058447
1361880562852634628,negative,0.25104013348869847
1361880563620208641,neutral,0.6292829456724377
1361880563699900416,positive,0.8449706451271007
1361880565788598276,neutral,0.3673119679422464
1361880566510080000,negative,0.1084951265693784
1361880566774329356,negative,5.547586483555178e-06
1361880567915180052,neutral,0.3673119679422464
1361880568007376897,negative,0.012624130998298027
1361880569227997184,negative,0.08941844409604452
1361880569592877061,positive,0.8854900225642982
1361880571941703680,negative,0.004086329021375562
1361880573027966978,negative,7.782898213396805e-05
1361880573485146112,negative,0.25765518253846437
1361880574252646402,negative,0.0003532176223342389
1361880576190521345,neutral,0.4984737667970549
1361880577511718912,negative,0.03983031260542193
1361880579818594304,negative,5.7485416148393126e-05
1361880632792645635,negative,0.00013554752745596044
1361880634910736385,negative,0.00017265216403648695
1361880638576590851,negative,0.2812124665127172
1361880640048803846,negative,0.03791627134522328
1361880641093177344,neutral,0.5970605474856022
1361880641646821380,negative,0.0009880485858576227
1361880641759969280,positive,0.8449706451271007
1361880645304205317,negative,0.000990050929999318
1361880645518114818,negative,1.3997329022172873e-05
1361880645941788672,negative,0.10715633970361955
1361880649091661824,negative,0.21111180418639341
1361880649293058048,negative,0.007551355594047677
1361880649595031552,negative,0.008061199719809458
1361880650131849216,negative,7.461382137720118e-06
1361880650555551749,negative,2.719741002584359e-05
1361880652795240456,negative,0.000990050929999318
1361880653025935360,negative,0.27309050856973577
1361880654775021568,negative,0.0023130001672375137
1361880655819374593,negative,6.935371890236682e-06
1361880655970328580,negative,0.0001017696916543579
1361880656003952644,negative,0.00010597120423208348
1361880657060847618,negative,0.005644245036201608
1361880658759589889,positive,0.9311810447613427
1361880658898022403,neutral,0.49789225920557484
1361880663562067975,negative,0.004884474068332457
1361880663935311874,negative,3.6348567719318816e-08
1361880664727986179,negative,0.0011273660141492346
1361880665801846784,negative,3.114264427806508e-06
1361880667458428930,negative,0.0022816511209201645
1361880668901433344,negative,0.0468217707996781
1361880669480235011,negative,0.000262866099585079
1361880670776221699,negative,0.24955026494900232
1361880672479174656,negative,0.023139963450933228
1361880673410289664,negative,0.009093998894793561
1361880679252955142,negative,0.0001017696916543579
1361880679596912642,negative,0.11786918771417619
1361880681073246211,negative,0.2864145558920463
1361880681651924994,negative,0.0024265365763960507
1361880682503503874,negative,0.04479713725512996
1361880682855866376,negative,0.0004127514285876195
1361880684256780289,negative,0.011748033501187898
1361880684860702722,negative,0.000990050929999318
1361880685867368456,negative,0.01871695939308282
1361880686307774467,negative,0.24490252709612087
1361880686311985154,neutral,0.4274047939449264
1361880689810042884,negative,0.000990050929999318
1361880690544017415,negative,0.000990050929999318
1361880690854346755,negative,0.0003532176223342389
1361880691932291080,negative,0.005527170083806231
1361880692053934081,neutral,0.3499352441185855
1361880692876050433,negative,0.0024754452362085915
1361880693270319109,positive,0.7667416050322152
1361880693693960194,negative,0.004086329021375562
1361880696000757762,negative,0.0010002361821155772
1361880696428650496,positive,0.7641937617446932
1361880697321971714,negative,0.2062793082038854
1361880697506566144,negative,0.00011941137881460796
1361880699784097796,negative,0.0885640614832503
1361880701054955520,negative,0.011748033501187898
1361880701260365824,negative,0.004086329021375562
1361880701986103298,negative,1.5132462586602871e-05
1361880702208405506,negative,2.53372710960531e-07
1361880703252717570,negative,0.009864037501071718
1361880703315685379,negative,6.434994741631169e-08
1361880705656098816,neutral,0.49046239059908453
1361880706025197569,negative,0.3274903280201044
1361880707979689984,negative,2.1328169277588322e-07
1361880708357251077,negative,0.06449795712703821
1361880708365512712,negative,0.0062899480639258334
1361880708399198211,negative,0.0002977285144143152
1361880708927664130,negative,0.00385949904156067
1361880710420701184,negative,0.00015418457969662886
1361880711121293313,negative,0.052389045990100774
1361880712274673665,neutral,0.4274047939449264
1361880716641005570,negative,5.547586483555178e-06
1361880717077086208,negative,5.736263143813481e-05
1361880718004154376,negative,0.001891183580962971
1361880718914297860,negative,9.633850890983223e-05
1361880719333617670,negative,6.400033275841175e-05
1361880719937712130,negative,3.8576383100334065e-06
1361880720206135306,negative,0.004086329021375562
1361880720789164035,negative,0.0004127514285876195
1361880721065795589,negative,0.015011485013737159
1361880722034876417,negative,0.06693372327754489
1361880722114572288,neutral,0.4083289334275003
1361880722336862210,negative,0.000990050929999318
1361880722861158412,negative,0.10715633970361955
1361880724207525889,neutral,0.36014310329058447
1361880724220088320,negative,0.11579010942057401
1361880727877541888,negative,0.0004127514285876195
1361880729202876421,negative,0.04479713725512996
1361880731996323842,negative,2.036294298984584e-06
1361880732029845509,negative,0.047377406779251216
1361880733346910210,negative,0.016787884429364814
1361880734605078536,negative,0.0009280528635701556
1361880736291188740,negative,0.004086329021375562
1361880739978104832,negative,0.0012730087148588307
1361880743111229444,neutral,0.5163489225188522
1361880745128656898,negative,0.00010597120423208348
1361880748098269184,negative,0.00020636335243577074
1361880751042670598,negative,0.0006138306903681083
1361880751978008576,negative,0.001888780407987995
1361880753588629504,negative,7.737870660898352e-06
1361880756289691648,negative,0.06449795712703821
1361880759884218368,negative,0.18795859623648656
1361880759951310848,negative,0.03490537139344192
1361880760949608453,negative,0.0001783764279215546
1361880763029983239,negative,5.351869158045998e-07
1361880763545837568,negative,0.0004127514285876195
1361880763780763651,negative,0.0009280528635701556
1361880764149858305,negative,0.003699064364734758
1361880764397326338,negative,0.0009280528635701556
1361880764602843136,negative,0.03501890977918644
1361880766494498816,neutral,0.44322770292215313
1361880767601737731,negative,0.3228216224158623
1361880767945527296,negative,0.32060723626006504
1361880768990085121,negative,9.405553330386685e-05
1361880770294538245,negative,0.0468217707996781
1361880772181970944,negative,0.0011660166126244177
1361880836715462661,negative,9.130682347670928e-05
1361880840322613249,negative,0.004086329021375562
1361880840565882882,negative,0.18795859623648656
1361880844906946562,negative,0.1246273950239621
1361880845674450945,negative,5.736263143813481e-05
1361880846546968577,neutral,0.36014310329058447
1361880846765068289,negative,0.03764621513280413
1361880846832140289,negative,0.029053769614860128
1361880848023257088,negative,5.7485416148393126e-05
1361880848136478720,negative,0.0020973976430085904
1361880848686063617,negative,0.004504232962672696
1361880849357168643,negative,0.2812124665127172
1361880849382322178,negative,0.004767840700264559
1361880851898851331,negative,4.993534319010189e-07
1361880852410601479,negative,5.625254537334382e-07
1361880855535357954,negative,0.032321751542150036
1361880857057890304,negative,0.2812124665127172
1361880860811739145,negative,0.0009280528635701556
1361880862095253504,negative,0.032907976533616365
1361880862334341123,neutral,0.36014310329058447
1361880863248707587,negative,0.00010597120423208348
1361880864800583682,negative,0.24490252709612087
1361880865190670338,negative,0.2812124665127172
1361880868835512323,neutral,0.35973178466607403
1361880869540147200,negative,1.2034243005746775e-08
1361880870894915593,negative,0.2135140083070197
1361880871242973185,negative,0.000990050929999318
1361880871696027650,negative,0.0010002361821155772
1361880872278982659,negative,0.000990050929999318
1361880874611015680,neutral,0.4274047939449264
1361880874791362560,negative,0.030652402786097776
1361880875537862656,negative,0.004086329021375562
1361880878373298179,negative,0.000990050929999318
1361880879208009729,negative,0.11579010942057401
1361880879308668938,negative,0.004086329021375562
1361880879770001412,negative,0.00010597120423208348
1361880881032495104,negative,0.001891183580962971
1361880881586184196,negative,0.026955611107272768
1361880883393929221,negative,4.067939598143211e-05
1361880884836585479,negative,0.004086329021375562
1361880885184917507,neutral,0.36014310329058447
1361880885511868417,negative,0.00010597120423208348
1361880885859995651,negative,0.22316225349287835
1361880887475003394,negative,0.023139963450933228
1361880888867438594,negative,0.027306823983217477
1361880889454710786,negative,0.005604325898129143
1361880890381590529,negative,0.040165065462446
1361880891090477061,negative,0.07381387634661611
1361880891514101763,negative,3.824543406575726e-06
1361880893049233413,negative,0.000990050929999318
1361880893585907714,neutral,0.49789225920557484
1361880894886338561,negative,2.1328169277588322e-07
1361880895666364419,positive,0.8449706451271007
1361880896933101569,negative,0.01241233477651955
1361880897520304138,negative,0.012188700205225432
1361880897641992201,negative,6.797935909337303e-05
1361880898631688192,negative,0.037209146369517276
1361880899848200197,negative,0.09126787907567749
1361880901551075329,negative,0.01031827339308497
1361880901735579650,negative,0.03764621513280413
1361880904486907906,negative,0.040165065462446
1361880905904762891,negative,7.782898213396805e-05
1361880906122854401,negative,0.000990050929999318
1361880906387116043,negative,0.009864037501071718
1361880908161114112,negative,0.023559562580874365
1361880909033529345,negative,0.08545408379192729
1361880909868371968,negative,0.03764621513280413
1361880910312968193,negative,0.016787884429364814
1361880910950526977,negative,0.10715633970361955
1361880910984003584,negative,0.0005464711804323499
1361880912661741569,neutral,0.5495922250151081
1361880914712817666,negative,0.0004127514285876195
1361880915874635777,neutral,0.49789225920557484
1361880916348526593,negative,0.1827535547264391
1361880917351026693,negative,0.17110783127166218
1361880918869364739,negative,0.0016095037672510283
1361880919649488898,negative,3.363211507171691e-06
1361880920073076739,negative,0.019790999148721282
1361880920396099585,negative,2.1328169277588322e-07
1361880922119933955,negative,0.2079258794586688
1361880923353022467,negative,1.8196779770552866e-05
1361880923646607363,negative,0.016787884429364814
1361880924170969088,negative,3.427475763378293e-05
1361880924367937538,negative,3.258071436650962e-09
1361880925131272193,negative,0.011748033501187898
1361880925911601152,negative,0.03791627134522328
1361880926444265475,negative,5.1750287681499805e-06
1361880929724162050,negative,8.979486774950008e-07
1361880931980767232,negative,0.09105298728149447
1361880933599764480,negative,0.0005682575570874796
1361880938083479559,positive,0.9556099050818665
1361880941086593025,negative,0.0677422012322676
1361880942256615428,positive,0.9697664190906996
1361880942344888327,negative,0.015956737825665073
1361880942525222912,negative,0.0009466398649397316
1361880945607999497,negative,0.047377406779251216
1361880946514022400,negative,0.00385949904156067
1361880949164761098,negative,0.005527170083806231
1361880951857504257,negative,0.06663668783824335
1361880952075616257,negative,0.0001783764279215546
1361880953107398663,negative,0.00046911426860848937
1361880953627369472,neutral,0.437512830130405
1361880954978111489,negative,0.046919008862501395
1361880956416774144,negative,0.06693372327754489
1361880957180129280,negative,0.021828657459765314
1361880958157295616,negative,0.004086329021375562
1361880958530707463,negative,5.958989033936483e-08
1361880958824243201,negative,0.004086329021375562
1361880958950080513,negative,0.00017265216403648695
1361880959096942592,neutral,0.5255784232230389
1361880960518742016,negative,0.00014878588333773493
1361880960581722115,negative,0.001891183580962971
1361880960996945921,negative,0.11685281516170845
1361880961978351617,negative,0.0024265020517426693
1361881028068057089,negative,0.0022603570634902605
1361881028374253570,negative,0.00015868860022465604
1361881028760129537,negative,0.002067856992839193
1361881028961460227,negative,4.413376902025267e-05
1361881032845389825,negative,0.03733481340484552
1361881034397212673,neutral,0.35362277955607824
1361881037089996803,negative,0.3228216224158623
1361881037375168512,negative,0.023139963450933228
1361881038947971073,negative,0.2864145558920463
1361881040420278273,negative,0.035207153358869384
1361881040877481992,negative,0.01994914887621642
1361881041032466433,neutral,0.44117505596214035
1361881041464606723,negative,0.17616640364947278
1361881041485524992,negative,0.00014795429640365338
1361881042202857472,negative,4.723027050945373e-05
1361881044740431872,positive,0.9640188210446371
1361881047009538048,negative,0.12951095379947547
1361881048066498564,negative,0.004086329021375562
1361881049396088834,negative,8.845599538018323e-05
1361881054290849796,negative,0.0005725848868148765
1361881055746260992,negative,0.000990050929999318
1361881058397061125,negative,1.28123490915707e-05
1361881058808123392,neutral,0.5495922250151081
1361881060544565250,negative,0.09126787907567749
1361881061601468416,negative,0.036331865682472424
1361881061840592898,negative,0.11740558589891538
1361881063778304003,negative,0.3274903280201044
1361881064147329024,negative,5.736263143813481e-05
1361881065556742144,positive,0.8449706451271007
1361881068178186242,negative,0.016787884429364814
1361881068366950402,negative,0.03490537139344192
1361881072062070784,negative,0.0036542992359395766
1361881072305385473,negative,0.0468217707996781
1361881073475604481,negative,0.12693968478489281
1361881073781772288,neutral,0.3514543353766292
1361881074511544322,negative,0.004086329021375562
1361881076201893889,negative,0.02839517461614872
1361881076776505345,negative,0.0001754741171529254
1361881077875368063,neutral,0.3691511152012411
1361881079875969024,negative,4.0458632810359776e-08
1361881081612554240,negative,0.09126787907567749
1361881087371173891,negative,0.0001017696916543579
1361881088180817922,negative,0.00891375960757663
1361881088533139457,negative,9.13136287181555e-07
1361881088633798658,negative,0.0008496953345485857
1361881089518809094,negative,0.016734716510400732
1361881090265391105,negative,0.0009286375633135558
1361881090676436993,neutral,0.48481419304338763
1361881091062210561,negative,0.056776290583420215
1361881091741777922,neutral,0.4140063820085102
1361881093109129218,negative,0.0073688261252194045
1361881093679558666,negative,0.001133079425850937
1361881094115721217,negative,0.000990050929999318
1361881095961247748,neutral,0.49789225920557484
1361881097634787329,positive,0.7789900239099247
1361881098242977792,neutral,0.4559536396081327
1361881099824205833,neutral,0.3546274845759702
1361881100151369734,negative,0.0009280528635701556
1361881100377878531,negative,0.040165065462446
1361881100843446273,neutral,0.5495922250151081
1361881101313187846,negative,0.003063938678352139
1361881102231691266,negative,3.4454078477687496e-06
1361881103762604035,negative,2.6743284854422935e-09
1361881105155121156,negative,7.365098416293855e-06
1361881106342150145,negative,0.09728505734139326
1361881106685943810,negative,0.0040157194915887
1361881106686091264,positive,0.74559989299848
1361881108544126978,negative,0.17110783127166218
1361881110297288706,positive,0.9779081525615942
1361881110385410049,neutral,0.5136446707795853
1361881112285491203,negative,0.0017673134029706362
1361881114894303240,negative,0.016787884429364814
1361881116412702721,negative,0.019475205494667476
1361881116697837568,negative,6.693326868615589e-09
1361881119231275010,negative,0.013888365586637167
1361881121735254016,negative,0.01869870988099018
1361881122314027012,neutral,0.49789225920557484
1361881123203272706,negative,0.016395317403642633
1361881126101544961,negative,0.08176401196082707
1361881126118322178,negative,0.040165065462446
1361881126474833920,negative,0.03838901031456881
1361881129599442944,negative,3.427475763378293e-05
1361881130023063559,negative,0.04906851149180791
1361881130065137665,negative,0.0062877297735551745
1361881130660597764,negative,0.005604325898129143
1361881137354784768,negative,0.07409858964317478
1361881137547739141,negative,0.0002977285144143152
1361881138155966464,negative,0.19357458031566335
1361881138185265152,negative,0.0073688261252194045
1361881138696888325,negative,3.6860439106232884e-05
1361881140676734977,negative,3.819366484346679e-05
1361881141108748289,negative,0.035207153358869384
1361881141351964675,negative,0.000990050929999318
1361881142752931843,negative,8.711864048114506e-07
1361881143277158400,negative,1.5751842939665676e-07
1361881144657129473,negative,0.18795859623648656
1361881148083814405,negative,2.432865114702656e-05
1361881149765787648,neutral,0.5985270411132635
1361881151367954432,negative,0.0014435211140411926
1361881152630448128,negative,1.843670891024184e-07
1361881153481883651,positive,0.7789900239099247
1361881214064418816,negative,3.4454078477687496e-06
1361881214752325633,negative,6.113755173372013e-05
1361881215758835713,negative,0.022771670787193346
1361881216266436611,negative,0.061039055919588185
1361881217205997572,negative,0.16235574026764968
1361881217591894018,neutral,0.49789225920557484
1361881218426494981,neutral,0.4083289334275003
1361881220313985024,positive,0.8449706451271007
1361881223702978563,negative,2.290946863484289e-06
1361881228740288513,negative,4.723027050945373e-05
1361881229033951233,negative,0.008260716621642182
1361881229847629824,negative,0.19581935664068284
1361881229990240256,negative,0.06663668783824335
1361881230317391875,neutral,0.38648463292877455
1361881234075443205,negative,0.01241233477651955
1361881234973065219,negative,5.056546232553845e-05
1361881237313347588,negative,0.018595213258148793
1361881239142105091,negative,0.0012332761512170106
1361881239305732096,positive,0.7667416050322152
1361881239939129344,negative,0.004959303240017096
1361881242371690496,negative,3.6860439106232884e-05
1361881243143581696,negative,1.8995513310798198e-05
1361881243307159553,negative,0.0009280528635701556
1361881243625922560,negative,3.947283571214248e-06
1361881244770926595,negative,0.005656280091218448
1361881244775174146,negative,0.07519523803835299
1361881246427660288,negative,0.05126047929094204
1361881249179140098,negative,0.004622462078195156
1361881250668150785,negative,0.000990050929999318
1361881251485900804,positive,0.8449706451271007
1361881253784543232,negative,0.047377406779251216
1361881255055417345,negative,0.004661592185190833
1361881256246579200,negative,0.001133079425850937
1361881256783458305,negative,0.00018888664916891286
1361881257324478464,negative,8.71911970385308e-06
1361881259237117954,negative,7.311390190273121e-09
1361881262554767363,negative,0.0009880485858576227
1361881263045570560,negative,0.000990050929999318
1361881263154606084,negative,0.10977260725410494
1361881263666323461,negative,0.0001783764279215546
1361881264509313027,negative,2.933300974172879e-09
1361881265268531204,negative,0.001981806849916956
1361881265683718146,negative,0.004414969729711277
1361881266145140740,neutral,0.484408915873535
1361881269580144649,negative,0.00010597120423208348
1361881270926659584,negative,0.0022603570634902605
1361881271551590408,negative,0.14161800834439284
1361881273132851200,negative,0.1340048466104903
1361881273736847362,negative,0.013955714247602391
1361881274730881027,positive,0.9259815607928116
1361881275309707268,negative,0.0009280528635701556
1361881275594911753,negative,0.0001017696916543579
1361881275720736771,negative,0.0001017696916543579
1361881276509261825,negative,0.00108612151427691
1361881277922697217,negative,0.0004127514285876195
1361881279088705536,positive,0.9779081525615942
1361881279122317317,negative,0.004086329021375562
1361881279730442242,negative,0.006673804830317729
1361881279902453765,negative,0.03764621513280413
1361881280548274177,negative,0.0010002361821155772
1361881280653242372,neutral,0.5495922250151081
1361881280661569536,positive,0.7789900239099247
1361881280850374656,negative,0.06663668783824335
1361881281307414528,negative,0.01020274290791952
1361881283425669121,negative,0.024329481724881367
1361881286382669824,negative,0.0009880485858576227
1361881286466502659,negative,0.06479180198487614
1361881286495862784,negative,0.006976774096290364
1361881287779373058,negative,0.008539165580923597
1361881290706927616,negative,0.11786918771417619
1361881291986247681,negative,0.17110783127166218
1361881291994656768,negative,0.2887057294315532
1361881292485373952,positive,0.849228147177443
1361881292925792257,negative,0.0003931816410464235
1361881293777158149,negative,0.009864037501071718
1361881293928210433,negative,1.8603690327964345e-06
1361881294217633799,negative,3.4454078477687496e-06
1361881294616088577,negative,3.6860439106232884e-05
1361881294918066182,negative,0.0314484057255293
1361881295052103681,negative,0.0024265365763960507
1361881295865995266,negative,0.000990050929999318
1361881297279279104,negative,0.005248896538000656
1361881298382426113,negative,3.4454078477687496e-06
1361881299439476736,negative,0.16235574026764968
1361881300064489475,negative,0.004086329021375562
1361881300722974721,negative,0.016913863642653758
1361881303809990662,negative,0.0002977285144143152
1361881305093439488,negative,0.03490537139344192
1361881305093443587,negative,0.000990050929999318
1361881305500237824,negative,0.0032952471641983644
1361881306414473217,negative,0.0514518655383152
1361881306578227201,negative,0.18795859623648656
1361881307454853120,negative,0.009727817237798543
1361881307807051778,negative,0.00909609985981822
1361881308088172546,neutral,0.3442449504306551
1361881309753331712,negative,0.05583299329353172
1361881309933694976,negative,0.0007121589440853431
1361881310038491140,negative,0.01652811448262936
1361881311082856452,negative,0.1364373754014395
1361881312794193922,negative,0.12693968478489281
1361881312894812162,negative,7.782898213396805e-05
1361881313083596803,negative,0.0001636331171983038
1361881318959812608,negative,0.07699742627739915
1361881319077154818,positive,0.6650471047436456
1361881322327838722,negative,0.029867496849722012
1361881323044970496,neutral,0.35362277955607824
1361881325574230018,negative,0.002157346534550224
1361881325666451457,positive,0.9259815607928116
1361881326685683713,neutral,0.37160450419836366
1361881326744457216,negative,4.2167947463558e-05
1361881326920617986,negative,0.10505145430653219
1361881327369355266,negative,0.017984896579314208
1361881327621050368,negative,0.2004446067439457
1361881328501817344,negative,0.0032009734704784836
1361881328514383873,negative,0.06663668783824335
1361881328971579397,neutral,0.4274047939449264
1361881329219076097,negative,0.000990050929999318
1361881329248464900,negative,0.24955026494900232
1361881331815317508,neutral,0.3394611630726342
1361881332343836673,negative,0.005527170083806231
1361881333514043393,negative,0.06090565950281914
1361881333761474564,negative,0.000990050929999318
1361881333853659136,negative,0.047377406779251216
1361881335166558212,negative,0.0009280528635701556
1361881337846784004,negative,0.09418084068739434
1361881338962452480,negative,0.000990050929999318
1361881340476616704,negative,0.3035242458863651
1361881340786925573,neutral,0.4140063820085102
1361881340816330754,negative,0.00017265216403648695
1361881341508292613,negative,0.004349101782074836
1361881341630021636,negative,0.01706532073963809
1361881341898334210,negative,0.00010221207868049532
1361881341982310408,negative,0.004086329021375562
1361881409313464320,negative,2.1328169277588322e-07
1361881409581891584,negative,0.044712805593316474
1361881412190625795,negative,0.07800672398898323
1361881412647981057,negative,0.042267751663430345
1361881419358863369,neutral,0.40234993434680955
1361881419392245766,positive,0.8716407901399239
1361881420822642693,negative,0.016787884429364814
1361881421032402946,neutral,0.57118337096114
1361881422265516033,negative,0.06944652853426164
1361881424035516419,positive,0.849228147177443
1361881425058820099,negative,0.0885640614832503
1361881425318928386,neutral,0.6324917073150543
1361881427441307656,negative,4.0963782868057504e-05
1361881427588116485,negative,0.04678270541966506
1361881428775034886,negative,0.021934531059536348
1361881429056106496,negative,0.06747336462768463
1361881430649880576,negative,3.4454078477687496e-06
1361881430679314443,negative,0.06693372327754489
1361881431295852549,negative,0.0019366809666907883
1361881431392329728,negative,9.354053436674008e-05
1361881431623032832,negative,0.24490252709612087
1361881433254617093,positive,0.7667416050322152
1361881435938959360,negative,0.07736349569523265
1361881437641842691,negative,0.0025546907854991445
1361881439516688384,negative,0.03764621513280413
1361881440493989890,negative,7.341569570192483e-05
1361881440753967104,negative,0.023139963450933228
1361881440921808898,negative,0.000990050929999318
1361881442146525184,negative,6.344697167774343e-08
1361881442230362118,negative,0.08556303987542349
1361881446659616773,negative,0.03501890977918644
1361881448656097332,negative,0.000990050929999318
1361881448823799809,negative,0.0214730162518009
1361881449578823680,neutral,0.35909886249067696
1361881451545972737,negative,0.00010597120423208348
1361881451713748998,negative,4.3371764052045903e-07
1361881452007325698,negative,0.0015343017638724213
1361881454620344321,negative,0.11579010942057401
1361881456520404995,negative,0.004086329021375562
1361881457069801472,negative,0.09105298728149447
1361881457078243332,neutral,0.4323510242933817
1361881460270112776,negative,0.02943148367256123
1361881460710514691,negative,1.404354449424273e-06
1361881460874043393,negative,8.588309975221528e-05
1361881461142425603,negative,5.037223159632929e-06
1361881462006452226,positive,0.8716407901399239
1361881467312369666,positive,0.8449706451271007
1361881467375267845,negative,0.01597499082108193
1361881467958091777,negative,0.019983185084033128
1361881468423790593,negative,0.05921261699991274
1361881470948831233,negative,0.0018875387493505146
1361881471334678528,negative,0.0035811885218673756
1361881472089620486,negative,0.01395961703860778
1361881473041711104,negative,0.04678270541966506
1361881474061004801,negative,0.08545408379192729
1361881477143687168,negative,1.9143213534697614e-07
1361881477269626881,negative,0.004086329021375562
1361881478540517378,negative,0.27309050856973577
1361881478884425730,negative,0.001133079425850937
1361881479672954886,negative,0.016787884429364814
1361881481782702082,negative,7.804842315960208e-07
1361881482076241922,neutral,0.5495922250151081
1361881482671882242,negative,0.004086329021375562
1361881483359698949,negative,0.00012715965282993695
1361881483741261824,negative,0.0003359190905449663
1361881483884048385,negative,0.08545408379192729
1361881484236316672,positive,0.9655984515629049
1361881484953591808,negative,0.0019366809666907883
1361881485922435074,negative,0.09071300395510984
1361881489642766336,negative,0.14424502942014927
1361881493723885569,negative,2.42559772372654e-06
1361881493753106432,negative,0.13487384567578212
1361881497028984832,negative,0.09105298728149447
1361881498664775680,negative,0.000990050929999318
1361881498815725571,negative,0.3228216224158623
1361881503618265088,negative,0.17110783127166218
1361881506302599168,negative,3.947283571214248e-06
1361881506319368194,negative,0.31699284291488283
1361881506378047489,negative,0.0005042075821884034
1361881507363753998,negative,1.2272751330727546e-07
1361881508500373506,negative,0.0006047184792418863
1361881509561573378,negative,0.007446411003396802
1361881511314808835,negative,0.05921261699991274
1361881512430436353,negative,0.006969807488760725
1361881512971395077,negative,0.006673804830317729
1361881515404197888,negative,0.15630830276745175
1361881515806883841,negative,0.0028829502224364104
1361881518776455172,negative,0.0011845310884072906
1361881519887892490,negative,3.824543406575726e-06
1361881520835866624,negative,0.004086329021375562
1361881521431470080,negative,0.00025612713220817484
1361881524912668673,negative,0.003593763037832483
1361881525332176898,negative,0.005604325898129143
1361881525764120587,negative,0.000990050929999318
1361881525835468802,negative,0.13148355801930742
1361881529471877122,negative,0.04326749920868208
1361881530189119490,negative,0.09105298728149447
1361881532340854786,negative,0.03832931606655762
1361881533435564032,negative,1.8734562271535088e-05
1361881534026944515,negative,0.24509504418368894
1361881535201312768,negative,0.05345853012467353
1361881535209758721,negative,0.004086329021375562
1361881535398481923,negative,0.000990050929999318
1361881585671417861,negative,0.31820487300311295
1361881586250240001,negative,0.0013571589143399666
1361881586548019200,negative,0.0314484057255293
1361881588603224064,negative,0.004086329021375562
1361881589618253826,neutral,0.5136446707795853
1361881590452920321,negative,0.00108612151427691
1361881591446990849,negative,6.797935909337303e-05
1361881595205079050,negative,0.10715633970361955
1361881596048134148,negative,0.00037021557725429446
1361881597142777856,negative,0.046919008862501395
1361881600737243136,positive,0.8224869574185013
1361881601219694593,negative,0.0001783764279215546
1361881601525886976,negative,0.017984896579314208
1361881602918350860,negative,0.000990050929999318
1361881603543343107,neutral,0.40234993434680955
1361881604826624002,neutral,0.4323510242933817
1361881607418875907,negative,0.19678171542139355
1361881609578950657,negative,0.004086329021375562
1361881610178736132,negative,0.05802915873378079
1361881614456934402,negative,0.011592040180563831
1361881617195819008,negative,0.07409858964317478
1361881617271250944,negative,1.9065555654314228e-06
1361881617841741824,negative,0.23385260550956907
1361881619330662401,negative,0.0475164000686949
1361881619376742405,negative,0.00015970651035791757
1361881620060463106,negative,3.6860439106232884e-05
1361881621859880963,negative,2.3428430184029944e-06
1361881622560337921,negative,0.007722693463804941
1361881624359624704,negative,0.015071903989231613
1361881624649101316,negative,0.0003716372043340413
1361881625597005834,negative,0.18373292147017464
1361881627647967234,negative,0.004086329021375562
1361881628063203333,negative,0.09418084068739434
1361881628507709441,negative,0.0076627860343016895
1361881630135234563,negative,3.257115541976378e-13
1361881631393538048,neutral,0.6451868594772712
1361881633482227713,negative,0.011748033501187898
1361881634895785985,negative,0.0004127514285876195
1361881635143180295,negative,0.000990050929999318
1361881635680092162,neutral,0.4279578965882049
1361881635696820227,positive,0.8224869574185013
1361881637001310208,negative,0.037375401833578965
1361881638347669510,positive,0.9268420789269607
1361881638389624832,positive,0.9779081525615942
1361881639878594562,negative,5.219183497409914e-05
1361881641128398851,negative,0.02590674537100105
1361881641279496194,negative,0.004086329021375562
1361881641518530563,negative,0.005604325898129143
1361881643397619721,negative,1.704391811315992e-08
1361881644060336129,negative,0.00891375960757663
1361881644135718913,positive,0.6672509485101296
1361881644563595267,negative,0.013855939097568019
1361881646178385920,negative,1.8175984118128665e-05
1361881647650635781,negative,0.004886368008388899
1361881647944204301,negative,0.09379271603332878
1361881649819103233,negative,0.17110783127166218
1361881655162654721,negative,0.0010201994231717683
1361881655653380102,negative,0.09013206487801338
1361881655858913280,negative,0.03379891532324992
1361881656773246977,negative,0.0024265365763960507
1361881657343639554,negative,0.07800672398898323
1361881659394514946,neutral,0.5495922250151081
1361881659931508743,negative,0.000990050929999318
1361881660292292609,neutral,0.49789225920557484
1361881660812271618,positive,0.9259815607928116
1361881661101592579,negative,0.01023234251554992
1361881661923880960,negative,0.017058846041942577
1361881662049689601,negative,0.17110783127166218
1361881662116810760,negative,6.459452052058198e-05
1361881663479959552,negative,0.004760763492932852
1361881663492546560,negative,0.325002732457003
1361881664021032962,negative,6.600756830910765e-05
1361881664713015302,negative,0.08754071086322895
1361881665904078850,negative,0.12056324703059901
1361881666319482880,negative,0.000990050929999318
1361881666470428678,neutral,0.5495922250151081
1361881667066077195,negative,0.0005682575570874796
1361881668445954052,negative,0.03297492034735269
1361881669305835528,negative,0.002268393489467011
1361881669536518145,negative,0.07860251424425349
1361881672581582850,negative,0.000990050929999318
1361881673449824258,negative,0.10715633970361955
1361881674431295488,negative,0.00011941137881460796
1361881676071239687,negative,0.0004860873243864382
1361881677056905217,negative,0.002157346534550224
1361881679128891399,negative,0.000990050929999318
1361881683050512388,negative,0.07381387634661611
1361881685835452418,negative,0.19570817904097038
1361881686842179585,neutral,0.4140063820085102
1361881687110651905,negative,0.000990050929999318
1361881689077678085,negative,0.0009011222288182106
1361881690361257985,negative,0.017098494470147885
1361881695549591555,negative,0.02862850044334376
1361881697038589953,negative,0.03219379844197929
1361881698506473473,negative,0.02755076860706387
1361881699919958019,negative,0.0027856387156092927
1361881700398227456,negative,0.000990050929999318
1361881700821737473,negative,0.00013972871056856098
1361881701769764866,negative,0.001891183580962971
1361881702302425089,negative,0.03764621513280413
1361881705435561984,negative,5.936974830461831e-09
1361881706375114756,negative,0.00010597120423208348
1361881707151044609,negative,0.09175527122354733
1361881707989897216,negative,0.10715633970361955
1361881708933636096,negative,0.07409858964317478
1361881712423297027,negative,0.02839517461614872
1361881712863502342,negative,0.000990050929999318
1361881715677925377,negative,0.057834391102228724
1361881715925540865,neutral,0.5495922250151081
1361881717590528004,negative,0.0009280528635701556
1361881718240792584,negative,8.844780606253413e-05
1361881719335444481,neutral,0.41193474847754386
1361881719343702018,negative,0.035207153358869384
1361881719473905666,negative,0.03451709748792609
1361881721558466563,neutral,0.3691511152012411
1361881721558495234,negative,1.28123490915707e-05
1361881722384756739,negative,0.17110783127166218
1361881722741284868,negative,0.001133079425850937
1361881722816778248,negative,0.0012461847418759407
1361881723869552640,negative,7.711435492770673e-06
1361881723898900481,negative,0.006054612697339016
1361881726394466307,negative,0.02862850044334376
1361882695438127107,negative,0.22664324401202743
1361882696138559489,negative,0.021527398232078603
1361882697396723715,negative,0.26224663139355786
1361882698483175426,negative,0.00012715965282993695
1361882698625736705,negative,0.11786918771417619
1361882698919391233,negative,0.003063938678352139
1361882700714553345,negative,0.000519502121835846
1361882704279711747,negative,0.17110783127166218
1361882705944842242,negative,7.408522191388464e-10
1361882708754989057,negative,3.68809922802269e-07
1361882710042681346,negative,0.032907976533616365
1361882710902333440,negative,0.023139963450933228
1361882711103799304,negative,0.016913863642653758
1361882714417283072,positive,0.74559989299848
1361882714677391375,negative,3.4454078477687496e-06
1361882714773848066,negative,0.011362394906680718
1361882715277164546,negative,0.10715633970361955
1361882715356860418,negative,0.0014435211140411926
1361882718296936458,negative,0.1492596874227079
1361882720457089025,negative,0.09458669463109234
1361882721065132032,negative,0.029786501490654933
1361882724785618944,positive,0.8224869574185013
1361882727830724615,negative,0.006700782207254472
1361882728459874304,negative,0.000990050929999318
1361882729000951811,negative,0.00495144242675048
1361882730091454468,negative,0.004086329021375562
1361882732146614277,negative,0.023075944015281635
1361882732931014656,negative,0.023979098471646938
1361882735615348740,negative,0.15902684963017272
1361882735644672001,negative,1.4819934908285738e-09
1361882736206614529,negative,6.7114441020677685e-06
1361882740203941889,negative,0.12951095379947547
1361882740224786433,negative,0.0011845310884072906
1361882741512540160,negative,6.940629361277544e-11
1361882741579603974,negative,8.805845717605388e-05
1361882742808535043,negative,0.005604325898129143
1361882743718748166,negative,0.07874279459294121
1361882744289193991,negative,0.22664324401202743
1361882744876396544,negative,0.004086329021375562
1361882748248412160,negative,3.883673077887665e-09
1361882750261813248,negative,0.000990050929999318
1361882750421237761,negative,0.18795859623648656
1361882750727372801,neutral,0.36014310329058447
1361882754787475457,negative,0.004086329021375562
1361882755089502217,negative,0.000990050929999318
1361882755894812672,negative,0.016913863642653758
1361882759829061637,negative,0.2536851083829378
1361882760353255431,negative,0.016787884429364814
1361882761624248327,negative,0.000990050929999318
1361882762794262534,negative,0.3274903280201044
1361882764824436739,negative,0.31251327812974533
1361882764845461504,negative,0.0719376920759857
1361882765227098116,negative,0.04814808169269562
1361882765969547264,negative,0.016787884429364814
1361882766326042632,negative,0.009864037501071718
1361882766552498178,negative,0.000990050929999318
1361882767269724161,positive,0.8449706451271007
1361882768968417281,negative,0.004086329021375562
1361882769131978753,negative,0.03501890977918644
1361882769660469250,negative,0.0001017696916543579
1361882772164476930,negative,0.00017265216403648695
1361882772470599683,negative,0.03885598350889669
1361882774211280898,negative,0.000990050929999318
1361882774437847042,negative,0.004086329021375562
1361882776669159426,negative,0.00891375960757663
1361882778128760835,negative,0.08266061109434739
1361882779663933446,negative,0.010686554670710936
1361882781303910400,negative,7.168349038205732e-06
1361882782369218564,negative,0.008539165580923597
1361882783996653570,negative,0.004398576631628941
1361882785842094080,negative,0.04479713725512996
1361882786760695808,negative,1.2888224899972585e-06
1361882786932662272,negative,0.327378095563068
1361882787154812930,negative,3.6860439106232884e-05
1361882787628933120,negative,7.782898213396805e-05
1361882789600190467,negative,0.0007121589440853431
1361882789990322179,negative,0.037209146369517276
1361882790283870212,negative,0.0007121589440853431
1361882791126958082,negative,0.000990050929999318
1361882793073143809,negative,0.04584822188043145
1361882794553663493,negative,0.001891183580962971
1361882795149254659,negative,0.027306823983217477
1361882796872978434,negative,0.004086329021375562
1361882797015785474,negative,4.8762808848904085e-14
1361882799247134730,negative,0.001133079425850937
1361882800727744513,negative,7.922235621669186e-07
1361882801289768961,positive,0.849228147177443
1361882801407221760,negative,0.00020352777735161911
1361882804108353536,neutral,0.5495922250151081
1361882805312102400,negative,0.0001017696916543579
1361882805857378308,positive,0.8776064234325548
1361882806528446465,negative,0.012885399606980593
1361882806809473024,negative,8.708566976609648e-09
1361882806876569600,negative,0.006109583697388999
1361882809661607941,negative,0.027889232540698607
1361882809900630016,negative,0.000990050929999318
1361882810726969348,negative,0.2004446067439457
1361882815323865090,negative,0.000990050929999318
1361882815667798016,negative,0.001891183580962971
1361882815755935752,negative,0.011322098644435693
1361882817332936704,negative,0.03501890977918644
1361882817370542080,negative,0.19667273779618963
1361882817479737366,negative,0.025872275566182296
1361882818637406209,negative,0.003809814404607409
1361882821376286720,negative,0.0004127514285876195
1361882822043172871,negative,0.033194606476668935
1361882823322439681,negative,0.000990050929999318
1361882824157126656,negative,5.7485416148393126e-05
1361882933632643074,negative,0.07800672398898323
1361882935666868224,negative,1.4106115625928639e-06
1361882935696248833,negative,0.000990050929999318
1361882937440886784,negative,0.00013972871056856098
1361882938149720064,negative,0.0004327829808490594
1361882939714400262,negative,2.1328169277588322e-07
1361882941798907908,negative,0.000990050929999318
1361882944235831297,negative,0.020048803510279375
1361882944726532098,negative,0.09126787907567749
1361882944860749827,negative,0.0023437880406001117
1361882945020043265,positive,0.8747982963592853
1361882946886631427,negative,0.12693968478489281
1361882950539898881,negative,0.2864145558920463
1361882954050326528,negative,0.010159790340366093
1361882954587377664,negative,0.04326749920868208
1361882955992494080,negative,0.00045702745193090225
1361882956680355841,negative,0.023139963450933228
1361882957829521408,negative,0.00021444354419663055
1361882958097956869,negative,0.005604325898129143
1361882958148362243,negative,0.03490537139344192
1361882958571991042,neutral,0.5136446707795853
1361882958911725570,negative,0.07800672398898323
1361882959591129089,negative,0.0028307793280024913
1361882960178388996,positive,0.8449706451271007
1361882960228724740,negative,0.000990050929999318
1361882966805340160,negative,0.000990050929999318
1361882967631663109,negative,0.0030020793044614703
1361882969410002944,negative,0.000990050929999318
1361882970504716292,negative,4.555824693899523e-07
1361882970743709696,negative,0.010583216072385555
1361882971444305921,negative,5.087596700994791e-06
1361882972065058818,negative,8.447954145714953e-06
1361882975147855874,negative,0.0014435211140411926
1361882976657661952,negative,0.0009280528635701556
1361882977727176704,negative,0.004711532918898615
1361882979371425800,neutral,0.47223751225533633
1361882981405650949,negative,5.037223159632929e-06
1361882982383034369,negative,9.078232306352716e-07
1361882982819258368,negative,0.03838901031456881
1361882983204986882,negative,0.004086329021375562
1361882983628693504,neutral,0.36014310329058447
1361882984337539072,negative,0.03696365454460867
1361882986673807363,negative,0.020757563064043895
1361882987529388032,negative,0.001891183580962971
1361882988674449410,negative,0.016787884429364814
1361882992319336449,negative,0.03791627134522328
1361882993854414849,neutral,0.4103274610055738
1361882995666399233,negative,0.13790829785540254
1361882996375224320,negative,0.001120175595835643
1361882997641924609,negative,0.00023203384448548543
1361882997654446080,negative,0.14424502942014927
1361882999076384768,negative,0.10715633970361955
1361882999256735746,negative,0.07736349569523265
1361883000758222849,negative,0.004086329021375562
1361883001907515393,neutral,0.4323510242933817
1361883002624741376,negative,5.487173816085849e-05
1361883002939318275,negative,0.00635733055112689
1361883003098652678,negative,0.001133079425850937
1361883009994141697,negative,0.3274903280201044
1361883011520880640,negative,0.00385949904156067
1361883012728827905,negative,0.000990050929999318
1361883015090208770,negative,0.000990050929999318
1361883015237021697,negative,1.2876091462675612e-05
1361883015304146946,negative,0.00020352777735161911
1361883015333498881,neutral,0.41193474847754386
1361883015497056257,negative,0.10715633970361955
1361883019099967488,negative,0.14161800834439284
1361883020744159234,negative,0.001806563073387317
1361883021587136516,negative,3.6860439106232884e-05
1361883023201824769,negative,0.017984896579314208
1361883025697554432,negative,0.3228216224158623
1361883027727667201,negative,3.618483418720869e-11
1361883028004429829,negative,0.004086329021375562
1361883031049547779,negative,0.05378460301345363
1361883031540277249,positive,0.8170477797215945
1361883032270086145,negative,0.12693968478489281
1361883033876455428,neutral,0.4140063820085102
1361883034287542273,negative,0.004414969729711277
1361883034354655232,negative,0.004086329021375562
1361883034497277953,negative,0.00010711031261248312
1361883036657278979,negative,0.016787884429364814
1361883039501086722,negative,0.000990050929999318
1361883042135109635,negative,0.001385631519239884
1361883046190985217,negative,0.017984896579314208
1361883046279020549,negative,0.3081217853201809
1361883046538960902,negative,2.933300974172879e-09
1361883047130497027,negative,0.0031806236774456543
1361883048422346757,negative,0.000990050929999318
1361883050666299401,negative,0.17110783127166218
1361883052251762692,neutral,0.49789225920557484
1361883052843098112,negative,0.0004853856910644907
1361883053287739392,neutral,0.35362277955607824
1361883053937811457,positive,0.9574195520121335
1361883054608801793,negative,0.00020352777735161911
1361883057716924420,positive,0.6825616803036332
1361883060933955586,negative,0.00016683709452180575
1361883061739270150,neutral,0.49789225920557484
1361883063580561408,negative,0.08738260880952199
1361883066147295241,negative,0.1639554134894525
1361883066277355522,negative,0.2864145558920463
1361883066294284288,negative,0.00018469111628671285
1361883066298425350,negative,0.017789472448715635
1361883066311069696,negative,0.2898632250910778
1361883066382356483,negative,0.16959574294454735
1361883066520588290,negative,0.013829186582841557
1361883066600284163,negative,2.933300974172879e-09
1361883067661565953,negative,1.2876091462675612e-05
1361883069259657216,positive,0.702121470577264
1361883069607723008,negative,0.008690896866425544
1361883070069157891,negative,0.11757385607072376
1361883070450688001,negative,1.652466703784045e-05
1361883070933180417,positive,0.7173372046582119
1361883072254402567,negative,0.04479713725512996
1361883076486451204,negative,0.000990050929999318
1361883076746428423,negative,0.0003355113687132522
1361883076914270210,negative,0.0006861738005144469
1361883076918317060,positive,0.9099856945133658
1361883077610471424,neutral,0.5495922250151081
1361883078629740551,neutral,0.3499352441185855
1361883079409868800,negative,0.11173290990844764
1361883137194807299,negative,2.515545551420054e-09
1361883139015135232,negative,0.0006045967898486234
1361883139220463617,negative,0.0030020793044614703
1361883140168560640,negative,0.0073688261252194045
1361883140982267912,negative,0.1692461648199643
1361883142408331265,negative,1.2390001692759326e-05
1361883143272361996,negative,0.001891183580962971
1361883144463527936,negative,0.18598802602580827
1361883144484495367,negative,0.25674356956917044
1361883146812329985,negative,0.01176256702119421
1361883147059789827,negative,7.619267580979248e-05
1361883147235848196,negative,0.00020352777735161911
1361883148078972931,negative,0.0468217707996781
1361883148108226565,negative,0.0007800118352225745
1361883148255174665,negative,0.000990050929999318
1361883149207281664,negative,0.12724759439434394
1361883149513461762,negative,0.00019692275399311833
1361883150234890241,positive,0.9779081525615942
1361883151950368769,negative,0.0002977285144143152
1361883151975518208,negative,0.009864037501071718
1361883152092983296,negative,0.000990050929999318
1361883154030727179,negative,0.00025612713220817484
1361883158921285633,negative,2.1328169277588322e-07
1361883159013462018,negative,0.023139963450933228
1361883159449776130,negative,0.0006045967898486234
1361883162687774721,negative,0.00015913168271194903
1361883164109635585,negative,0.0014435211140411926
1361883165992890374,negative,4.92891937465137e-06
1361883167456657408,negative,0.0001017696916543579
1361883167850975236,negative,0.04479713725512996
1361883169444614149,negative,0.035697129496340754
1361883171743141903,negative,0.016787884429364814
1361883171898458118,negative,0.000990050929999318
1361883172636676097,negative,0.033194606476668935
1361883174456991751,negative,0.0013013262272495055
1361883174524092418,negative,0.0012113486881602012
1361883175681687553,negative,5.7485416148393126e-05
1361883176109568001,negative,0.00024292619579313076
1361883177401352192,negative,0.2135140083070197
1361883177644478469,negative,0.00601735734632615
1361883178097659905,negative,0.016913863642653758
1361883178357637121,negative,0.08614977367179547
1361883178709966848,negative,2.6743284854422935e-09
1361883179875983362,negative,0.000990050929999318
1361883180777807873,negative,0.047377406779251216
1361883180903530500,negative,0.005604325898129143
1361883181776056321,negative,0.0019710541479469007
1361883182912667650,neutral,0.4936520534092619
1361883183743180803,negative,0.0007666428370111485
1361883184082784261,negative,0.035870643556051164
1361883184372285442,negative,2.719741002584359e-05
1361883185601257472,negative,0.09126787907567749
1361883187299909635,negative,0.010583216072385555
1361883188650532868,negative,0.2835981466772259
1361883188671483905,negative,0.000990050929999318
1361883191653642240,negative,0.00033357272441960354
1361883194941972490,neutral,0.36652480939404136
1361883194967130113,neutral,0.41193474847754386
1361883195562618881,negative,0.0009879809150812595
1361883195961208834,negative,0.000990050929999318
1361883196720357376,negative,0.0012784254048017639
1361883197676654592,negative,0.0002977285144143152
1361883200419684353,negative,0.000990050929999318
1361883202441289730,neutral,0.39059563252948
1361883202592272385,negative,1.2255974817616295e-10
1361883203393511430,negative,0.09426851893825401
1361883205222109184,negative,3.6860439106232884e-05
1361883206455279617,negative,0.28319648687363297
1361883206912516097,negative,0.000990050929999318
1361883207420018689,negative,0.2135140083070197
1361883207461838851,negative,0.008410537040639049
1361883208208424966,negative,0.1357653917243043
1361883208359542787,negative,0.013829186582841557
1361883209248763908,neutral,0.4936520534092619
1361883209332588555,negative,0.07381387634661611
1361883209550737409,negative,2.104322192044615e-05
1361883209819066369,negative,9.486889610070387e-08
1361883210788044801,negative,0.17978972992017836
1361883211702280193,negative,3.4454078477687496e-06
1361883212134424579,negative,0.000990050929999318
1361883214957182977,negative,0.000990050929999318
1361883215548440579,negative,7.461382137720118e-06
1361883216630669316,negative,0.00108612151427691
1361883217184362496,negative,0.000990050929999318
1361883217968652288,negative,0.0059114389696264145
1361883219931635716,negative,0.016787884429364814
1361883220254597121,negative,0.1379714623725191
1361883226466312192,negative,0.13631642889126458
1361883227057659906,negative,0.00017265216403648695
1361883229377208322,negative,4.413376902025267e-05
1361883230262165510,negative,0.06449795712703821
1361883230597644294,negative,0.010583216072385555
1361883231281364993,negative,0.008777586273526046
1361883232241913860,negative,0.0008496953345485857
1361883234578157572,negative,0.0032952471641983644
1361883235639324678,negative,0.010069972067186595
1361883240282415104,negative,0.1407145915201862
1361883240525684736,negative,0.16954971242351025
1361883242111111171,positive,0.9997435663971619
1361883242794778628,negative,0.00024267261201601494
1361883243180675076,negative,0.15980892833800886
1361883247068733440,negative,6.793244304705334e-06
1361883248968753153,negative,0.004086329021375562
1361883249392369666,negative,0.01678154902376081
1361883249740443654,negative,0.016787884429364814
1361883250008891393,negative,0.023139963450933228
1361883254920536066,negative,0.17110783127166218
1361883255612444673,negative,7.029475335584629e-06
1361883255725785088,negative,0.07275257019330632
1361883257571323908,negative,0.04678270541966506
1361883260297621506,negative,0.004423640445423776
1361883260683485185,negative,0.040165065462446
1361883261329420291,negative,0.0014559392152529215
1361883263569166338,negative,0.006745141312071401
1361883265267859457,negative,0.004086329021375562
1361883265964138496,negative,0.000990050929999318
1361883267037884416,negative,0.017984896579314208
1361883267960614912,negative,0.020778260831952923
1361883268325511170,negative,0.000990050929999318
1361883269206315009,positive,0.8449706451271007
1361883269407637505,negative,0.17343310578019352
1361883270498177025,neutral,0.5136446707795853
1361883272419098627,neutral,0.5105673688450225
1361883272985346050,negative,0.00044304534415015123
1361883273992015872,negative,0.00017398009845749155
1361883274038177792,negative,0.016787884429364814
1361883274600214528,negative,0.0001017696916543579
1361883275141259267,positive,0.9496826775502247
1361883275455848454,negative,0.09418084068739434
1361883276026253312,negative,0.0012778755973791355
1361883276340699141,neutral,0.45760144536329134
1361883276517007360,negative,2.7719973565609637e-05
1361883280816095232,negative,0.000553272366604666
1361883283857043456,negative,0.0002977285144143152
1361883283898982409,negative,0.011977608197314015
1361883285236969474,negative,0.04479713725512996
1361883285345943553,negative,0.03148074574570809
1361883286398771203,negative,0.28276118839434145
1361883288474804226,negative,0.017984896579314208
1361883289930379267,negative,0.32068088831224084
1361883293407465472,negative,1.648997293958709e-05
1361883294325825543,negative,2.933300974172879e-09
1361883294997114880,negative,0.005722462634681053
1361883295278133252,negative,0.000990050929999318
1361883297815678976,negative,0.08545408379192729
1361883297941446656,negative,1.2876091462675612e-05
1361883298780315649,negative,0.000990050929999318
1361883299799584768,negative,0.011530502388091609
1361883300533526533,negative,0.000990050929999318
1361883301854732288,negative,0.08737938676356574
1361883304778207232,negative,0.0004127514285876195
1361883305830973444,negative,0.0001783764279215546
1361883306099437568,negative,0.0003728949177857623
1361883306300747780,positive,0.8449706451271007
1361883306774523907,negative,0.004086329021375562
1361883310327164928,negative,0.035207153358869384
1361883331684569090,positive,0.9259815607928116
1361883333257433092,negative,0.024470011302742893
1361883334515838984,negative,0.299081533136233
1361883335325278212,negative,0.0030133702892826074
1361883336902389761,negative,0.000990050929999318
1361883338227638272,neutral,0.3597929949769027
1361883346213744641,negative,0.1991247717017034
1361883348365430788,negative,0.005700102339582039
1361883348545671170,negative,0.00024292619579313076
1361883348910628864,negative,0.004821357006663767
1361883354572804097,negative,0.08017114651707459
1361883354732384257,negative,0.010069972067186595
1361883355554406406,negative,0.06663668783824335
1361883356242333700,negative,0.004086329021375562
1361883357097963522,neutral,0.41193474847754386
1361883357538381829,negative,0.09175527122354733
1361883358654058497,negative,5.037223159632929e-06
1361883361749393411,neutral,0.35362277955607824
1361883362500243456,negative,0.10684617446462912
1361883366329618434,negative,3.6860439106232884e-05
1361883370129678336,negative,0.009923081242745335
1361883371249557504,negative,0.03362813843429816
1361883372189057027,positive,0.9948908726403256
1361883372268716032,negative,0.03501890977918644
1361883372935471104,negative,0.0014435211140411926
1361883374189707266,negative,0.2793566590691691
1361883374462377989,negative,0.08545408379192729
1361883374655328256,negative,2.103120640518557e-06
1361883375192178688,negative,0.12693968478489281
1361883377104740352,negative,2.8173706387375865e-06
1361883378853826561,negative,0.0001017696916543579
1361883379722031104,negative,0.000990050929999318
1361883380242128903,negative,4.6859174087090874e-12
1361883382108413961,negative,0.016787884429364814
1361883382867779586,negative,0.0005355367510211682
1361883383601668097,negative,0.013955714247602391
1361883384843280385,negative,0.054082587372687826
1361883385510166531,negative,0.03764621513280413
1361883386596519936,negative,0.0014435211140411926
1361883387447939073,negative,0.0001017696916543579
1361883387716395010,negative,2.395632544012803e-15
1361883390270705664,negative,0.000990050929999318
1361883392611143681,negative,0.000990050929999318
1361883392619343880,negative,0.000990050929999318
1361883394414624768,negative,0.20396021819995996
1361883398684475393,negative,0.08737938676356574
1361883399095525379,negative,2.9006070077602895e-10
1361883400693497862,negative,0.023169037288514577
1361883401230446594,negative,0.004086329021375562
1361883401268174855,negative,0.000644517670055592
1361883402329276417,negative,0.000990050929999318
1361883402534813697,negative,3.6860439106232884e-05
1361883403952549889,negative,0.000990050929999318
1361883404103467010,negative,0.000990050929999318
1361883405705564164,negative,0.0014435211140411926
1361883405772816384,negative,0.027306823983217477
1361883406230032384,negative,0.018177622110932636
1361883406792093696,negative,2.462497264869912e-07
1361883407664488454,negative,0.08545408379192729
1361883407806947333,negative,0.010583216072385555
1361883408863924230,negative,0.0031806236774456543
1361883409308475393,positive,0.8449706451271007
1361883409392443393,negative,0.004086329021375562
1361883410629873667,negative,0.013829186582841557
1361883413934968834,negative,0.004086329021375562
1361883414530506757,negative,0.0014435211140411926
1361883415704985602,negative,0.04447436628937898
1361883416275337217,negative,0.00045190992109345684
1361883416283725824,negative,0.0073154099983404434
1361883417563062273,neutral,0.35362277955607824
1361883417785208834,negative,0.0006045967898486234
1361883417881829383,negative,0.12693968478489281
1361883418389315590,negative,0.04678270541966506
1361883419387461633,positive,0.9747912071454271
1361883420759048198,negative,0.0009547231292815011
1361883421220438017,negative,0.001891183580962971
1361883422239707140,negative,0.004086329021375562
1361883422294216704,positive,0.7753426200660956
1361883423879667715,negative,9.817958322062451e-08
1361883424139730944,negative,0.0014435211140411926
1361883424794017794,negative,0.11173290990844764
1361883424982663168,negative,1.2462813573177462e-05
1361883429453856771,negative,0.10715633970361955
1361883432763203584,negative,0.00010597120423208348
1361883435321671681,negative,4.824166747443455e-05
1361883437523697664,negative,0.2717470849666281
1361883439146893314,negative,5.874438520266126e-09
1361883439482474499,negative,0.0003532176223342389
1361883439960449024,negative,2.8691483651987213e-06
1361883440027734021,negative,0.013427324435131753
1361883440891777027,negative,0.014860949900596044
1361883441696940034,negative,0.00019692275399311833
1361883442770628611,negative,0.18655235329733938
1361883443093770241,negative,0.017984896579314208
1361883443534135301,negative,0.0001017696916543579
1361883444356210689,negative,0.00028124586111928055
1361883446465953792,negative,0.003063938678352139
1361883447590010880,negative,0.030461333279747257
1361883448013651975,negative,0.02621320756618212
1361883448684724226,negative,0.3228216224158623
1361883449108422657,negative,0.011748033501187898
1361883450228277251,negative,0.00392533666361936
1361883452648341504,negative,0.0011273660141492346
1361883454061871108,negative,0.0018703297500174852
1361883457639632900,negative,0.004086329021375562
1361883458109198344,negative,0.00228955506820205
1361883458193133576,negative,0.047377406779251216
1361883458285559809,negative,0.0012461847418759407
1361883458302341123,negative,0.001891183580962971
1361883458323308548,negative,0.035207153358869384
1361883458474278914,neutral,0.4140063820085102
1361883459313164291,negative,0.2615401952084947
1361883461427068933,negative,0.1084951265693784
1361883462085578757,negative,0.004086329021375562
1361883462920192000,negative,0.00023177039866178342
1361883463163387906,negative,0.18655235329733938
1361883464279224320,negative,4.4394786893299324e-07
1361883464509882370,negative,0.00017240679069240484
1361883465713672192,negative,3.120284320089332e-06
1361883465738833920,negative,0.010069972067186595
1361883465843699715,negative,0.07381387634661611
1361883465956945923,negative,0.03764621513280413
1361883466942578689,negative,0.004414969729711277
1361883468175712256,negative,0.000990050929999318
1361883469727617024,negative,0.00011444533205843907
1361883469983326211,negative,0.09418084068739434
1361883471896072195,neutral,0.4323510242933817
1361883472281833476,negative,0.006977915989375046
1361883472969699328,negative,0.03696365454460867
1361883473703755778,negative,3.102487706153058e-07
1361883474181959681,negative,0.08163776536552274
1361883479852658692,negative,0.0011660166126244177
1361883481983377410,negative,0.023559562580874365
1361883483069702148,negative,0.0019366809666907883
1361883483589738497,negative,0.09105298728149447
1361883485145886723,negative,0.0012778755973791355
1361883486391525377,negative,0.07275257019330632
1361883490875228165,negative,1.8684200758958353e-07
1361883490879438849,negative,0.07736349569523265
1361883491508445186,negative,0.02130600350015437
1361883493484036102,negative,0.0030020793044614703
1361883493689606146,negative,0.000990050929999318
1361883496055246848,negative,0.07409858964317478
1361883500845158403,negative,0.000990050929999318
1361883502715809795,negative,0.037209146369517276
1361883502883528709,negative,0.003400375869193663
1361883505546973192,negative,0.00891375960757663
1361883506419396610,positive,0.9445242126674523
1361883508071890948,negative,0.08545408379192729
1361883508717850625,neutral,0.38492032300786677
1361883512119287808,negative,0.0001017696916543579
1361883512870174720,positive,0.9156418321325731
1361883513457360896,negative,0.03290967805409962
1361883513973313537,negative,3.4454078477687496e-06
1361883514082328577,negative,2.7543052777806086e-05
1361883515768483845,negative,0.14564778650063684
1361883516099723264,negative,2.6743284854422935e-09
1361883517056135168,negative,0.21033566789902375
1361883517920174082,negative,0.000990050929999318
1361883518180208640,negative,0.004132664397355593
1361883521187512321,negative,0.000990050929999318
1361883521846026241,negative,0.00020352777735161911
1361883523272110080,negative,0.033194606476668935
1361883524081532930,negative,0.03173832375291585
1361883524610084865,negative,0.06663668783824335
1361883527067947010,negative,0.06693372327754489
1361883527772479488,negative,0.01869870988099018
1361883528212971532,negative,0.011530502388091609
1361883528217178117,negative,0.30873160778357134
1361883530251431936,negative,0.31732489718339985
1361883530544865286,negative,4.494582574320375e-08
1361883531916566529,negative,0.005527170083806231
1361883537117478912,positive,0.7377465568169161
1361883537243140097,negative,0.07800672398898323
1361883538296090625,neutral,0.5623852717691367
1361883542838476800,negative,0.01944545915708112
1361883543744503808,negative,0.000553272366604666
1361883545019453443,negative,3.427475763378293e-05
1361883545170567169,negative,0.023139963450933228
1361883545375887361,negative,3.6860439106232884e-05
1361883545585745922,negative,0.001891183580962971
1361883547276103681,negative,1.2709632525935702e-05
1361883548383285252,negative,0.23695834338182742
1361883550694391812,negative,0.005604325898129143
1361883551067738112,negative,3.427475763378293e-05
1361883551118024704,negative,0.00026186170173838366
1361883551155822594,negative,0.2864145558920463
1361883551696830465,negative,0.1973266983827589
1361883553361850377,negative,0.018081861999766784
1361883555543060482,negative,5.1750287681499805e-06
1361883557094977537,negative,0.002599788497203013
1361883557254356994,negative,0.0004127514285876195
1361883559934504969,negative,0.0005568173948032496
1361883561532522497,negative,0.000990050929999318
1361883564770492416,negative,0.010583216072385555
1361883566913818625,negative,0.0001783764279215546
1361883566922076167,negative,0.15763141093573177
1361883566943199232,negative,0.0076627860343016895
1361883567190650880,negative,0.04479713725512996
1361883567878529024,negative,0.00010597120423208348
1361883568650260480,negative,0.004086329021375562
1361883569568681985,negative,0.0006450494989351978
1361883572899098624,neutral,0.41331824229270697
1361883573595299840,negative,0.0002978684779207575
1361883573637107712,negative,0.04181450825692816
1361883574639726595,negative,0.09126787907567749
1361883575109509122,negative,0.013829186582841557
1361883577839935489,negative,0.03983031260542193
1361883580981383174,negative,0.07102364675937975
1361883581090570240,negative,5.219183497409914e-05
1361883581484793857,negative,0.03626959487619082
1361883581891686400,negative,0.000990050929999318
1361883582004817923,negative,2.0935438906719054e-08
1361883582046875648,neutral,0.44525447722397243
1361883582415962112,negative,0.06994102255226634
1361883584303259651,positive,0.8716407901399239
1361883584697688071,negative,0.027306823983217477
1361883586882797571,negative,0.0006045967898486234
1361883590347358209,negative,0.017984896579314208
1361883591869935617,negative,0.1824485980463114
1361883591941251072,negative,0.1433956860250839
1361883592259960839,negative,0.0062877297735551745
1361883592901722112,negative,0.03490537139344192
1361883593077706755,negative,0.0030020793044614703
1361883595166650371,negative,0.0009302213210256381
1361883595774849026,negative,0.14161800834439284
1361883596231999488,negative,0.17937812822674068
1361883596730945540,negative,1.3561749049646128e-06
1361883596999385099,positive,0.9779081525615942
1361883597259563008,negative,0.010069972067186595
1361883597590958080,negative,0.000990050929999318
1361883598048038913,negative,0.0166508531331342
1361883598715039748,negative,0.00012859858112746538
1361883599235129346,negative,0.2864145558920463
1361883600740880387,negative,5.350161659031534e-09
1361883600807895044,negative,0.11173290990844764
1361883600988344321,negative,0.015193628977256544
1361883602301054981,neutral,0.40506534230917196
1361883602703810561,negative,0.0026718646847690027
1361883602871533572,negative,0.0036731205735328373
1361883603148357632,negative,0.0011273660141492346
1361883603571998724,negative,2.822754587351438e-10
1361883603857268736,negative,0.00021565069621664945
1361883604301713411,negative,0.0007955019120981237
1361883605417353219,negative,1.549457305649959e-05
1361883605925036034,negative,3.5294318839600044e-10
1361883606327640066,neutral,0.36014310329058447
1361883608357736448,negative,0.1084951265693784
1361883609272057856,negative,0.000990050929999318
1361883609632673800,positive,0.8449706451271007
1361883609829838848,negative,0.0013013262272495055
1361883611516047360,negative,0.0008506233993713221
1361883611759341569,negative,0.000990050929999318
1361883612056981504,negative,0.13790829785540254
1361883612308770822,negative,0.16867618232722664
1361883612342280192,negative,0.004086329021375562
1361883615840370688,neutral,0.6324917073150543
1361883618495393794,negative,0.004086329021375562
1361883619103547394,negative,0.000990050929999318
1361883619892068357,neutral,0.5136446707795853
1361883621020209160,negative,0.08647275825444502
1361883621020246024,negative,0.016787884429364814
1361883622811328513,negative,0.0031232408397973534
1361883624237391872,negative,0.0004127514285876195
1361883625688625159,negative,0.00032408419386102774
1361883626741325827,negative,0.000990050929999318
1361883627378900997,negative,0.000990050929999318
1361883628859457537,negative,0.0001636331171983038
1361883631283699718,negative,0.00024292619579313076
1361883631556304897,negative,0.0009280528635701556
1361883632202317827,negative,0.00033357272441960354
1361883633196351491,negative,0.000990050929999318
1361883637361217539,negative,3.6860439106232884e-05
1361883637428477953,negative,6.754169566903322e-07
1361883639001325568,negative,0.24501673910845606
1361883639051677700,negative,0.14684600312153792
1361883639617884168,positive,0.8893972865492237
1361883640825839616,negative,0.01869870988099018
1361883642025410561,negative,0.11173290990844764
1361883642218360833,negative,0.03791627134522328
1361883642683883525,negative,0.08647275825444502
1361883643313020931,negative,0.007804891959545784
1361883643677986817,negative,0.05957797832934463
1361883645250781185,negative,0.08647275825444502
1361883650351071232,negative,0.0468217707996781
1361883650799718402,negative,0.0034263459818456047
1361883651537952773,negative,7.541583627496852e-11
1361883652506935298,negative,0.21972141536834963
1361883653605912576,negative,0.3228216224158623
1361883654264410112,negative,0.000990050929999318
1361883655317037056,negative,0.007810749799190951
1361883656332140551,negative,0.00025366413147017
1361883658152521730,negative,2.7498852366732338e-05
1361883660111253507,negative,0.00385949904156067
1361883660320862210,negative,0.0013174476483250733
1361883660455141378,negative,0.000990050929999318
1361883660622852103,negative,1.0085756934718518e-05
1361883660866244608,negative,0.11685281516170845
1361883663571554309,neutral,0.4274047939449264
1361883664003567623,negative,0.0010692840624659502
1361883664674676740,negative,0.01783695133542891
1361883666067185665,negative,2.579752217551657e-05
1361883667744890881,negative,0.004414969729711277
1361883668483080197,neutral,0.3499352441185855
1361883671305805825,negative,0.06693372327754489
1361883672463425537,negative,0.00031914002348476923
1361883675177193479,neutral,0.502253414675183
1361883675810533378,negative,1.2925984886999817e-07
1361883676116733953,negative,0.018026157949542196
1361883676590698498,negative,3.774599420290913e-06
1361883678641508353,positive,0.6777777806487693
1361883678704619527,negative,0.000990050929999318
1361883679287574533,negative,0.03678242455486414
1361883679455391745,negative,0.09105298728149447
1361883680566820865,negative,0.008539165580923597
1361883682328428544,negative,0.000202627819526178
1361883682848591876,negative,0.0076627860343016895
1361883684148817928,negative,5.087596700994791e-06
1361883686275325953,negative,0.000990050929999318
1361883686942220290,negative,0.07686454854870137
1361883688540254214,negative,2.5741982406783874e-08
1361883689190387718,negative,9.748292267530011e-06
1361883689811140610,negative,0.00022326571768818245
1361883689949437958,negative,4.3249838276568825e-06
1361883690213728260,negative,0.0026718646847690027
1361883690482171905,negative,0.000990050929999318
1361883693405601794,negative,0.01607990608213496
1361883694391296006,negative,0.08647275825444502
1361883694798004227,negative,0.09418084068739434
1361883697671102464,positive,0.8449706451271007
1361883698153615360,neutral,0.36014310329058447
1361883698577219588,negative,0.00108612151427691
1361883699583795200,negative,0.0002977285144143152
1361883700334592000,negative,0.004959303240017096
1361883700703735809,negative,0.07994498918640447
1361883701722812417,positive,0.8449706451271007
1361883702154973194,negative,0.11173290990844764
1361883702360477703,negative,0.0315375708824792
1361883702624714757,negative,1.28123490915707e-05
1361883702725328901,negative,0.004024090282053107
1361883703132254211,negative,0.01678154902376081
1361883706764517379,negative,0.24833193635417755
1361883707532001282,negative,0.2135140083070197
1361883708517613568,negative,0.05516416329340532
1361883709012639747,negative,0.26758273924776454
1361883709314457606,negative,0.016787884429364814
1361883712183537664,negative,0.03501890977918644
1361883712674275328,negative,0.0005042075821884034
1361883712942575625,negative,0.0013278531781641882
1361883715194871810,negative,0.016787884429364814
1361883715324944387,negative,0.005604325898129143
1361883716042260480,negative,0.18795859623648656
1361883717019475975,negative,9.685544555033043e-05
1361883717527044096,negative,0.013955714247602391
1361883718563098626,negative,0.07800672398898323
1361883718802173954,negative,0.000990050929999318
1361883719875887104,positive,0.8449706451271007
1361883720412766209,negative,4.413376902025267e-05
1361883720538537986,negative,0.032907976533616365
1361883721255763969,negative,0.2864145558920463
1361883722266664961,negative,0.040558378318471394
1361883722719584257,negative,0.011796902401585457
1361883725894619137,negative,0.01869870988099018
1361883726653906945,negative,0.001891183580962971
1361883727190765569,negative,0.03801610846604707
1361883727790538752,negative,0.03199535652820018
1361883729308827656,negative,0.01648319915918168
1361883731477299202,negative,0.000990050929999318
1361883733595484162,negative,0.027306823983217477
1361883735499698182,negative,0.016787884429364814
1361883735675858949,positive,0.9779081525615942
1361883736321613825,negative,0.16469979684029165
1361883739580755976,negative,0.327378095563068
1361883740474114050,negative,0.0036542992359395766
1361883740939685889,negative,0.0004127514285876195
1361883747084242950,negative,0.09105298728149447
1361883748392910854,negative,0.03362813843429816
1361883748799713281,negative,6.549209894438104e-05
1361883749244411908,negative,0.000990050929999318
1361883750204923906,negative,0.0012730087148588307
1361883750242648064,negative,0.10715633970361955
1361883750699827200,negative,0.09306390835711228
1361883751207288832,negative,0.000990050929999318
1361883752733888512,negative,0.056587575303359686
1361883757540745217,negative,0.016787884429364814
1361883758555783168,negative,0.00108612151427691
1361883759453339653,negative,0.045859966055717
1361883759642112003,negative,0.013843497850535822
1361883759738580994,negative,0.011322098644435693
1361883760019521536,neutral,0.40164566407707886
1361883760430571520,negative,0.02062999430208849
1361883760992600065,negative,0.004086329021375562
1361883761844121601,negative,0.000990050929999318
1361883762573807619,negative,0.3274903280201044
1361883762934513665,negative,0.0018106924592706276
1361883764113211394,neutral,0.5922753609072524
1361883764855603205,negative,1.04669456783432e-07
1361883765098876930,negative,0.000990050929999318
1361883767556702209,negative,0.004086329021375562
1361883770048155649,neutral,0.44525447722397243
1361883772111757313,negative,0.08647275825444502
1361883773906915331,negative,0.05141140819235927
1361883775161028611,negative,0.15044900279643708
1361883776020672517,negative,0.03297492034735269
1361883780907229186,negative,0.08545408379192729
1361883781439848451,negative,0.002461381719754646
1361883782584954880,negative,0.000990050929999318
1361883783444717569,negative,0.00040036121555020953
1361883785361514496,negative,0.07736349569523265
1361883785806159877,negative,0.007755709927193295
1361883785994854401,negative,0.000990050929999318
1361883786707750915,negative,3.44129183937635e-08
1361883787626446849,negative,0.004086329021375562
1361883788100403201,negative,0.00045190992109345684
1361883790721736710,negative,0.004086329021375562
1361883791170666502,positive,0.74559989299848
1361883791531384833,neutral,0.4323510242933817
1361883792177258500,negative,0.0004127514285876195
1361883792915525634,negative,0.010393528597433586
1361883794899353602,negative,0.0007165571746907361
1361883797273239554,negative,0.09426851893825401
1361883798418382852,negative,0.3046101175466245
1361883799701905410,negative,0.000990050929999318
1361883800075141122,negative,0.000990050929999318
1361883802524655618,negative,0.1771791862348512
1361883803904479232,negative,0.08647275825444502
1361883810766475265,negative,0.06280232869169002
1361883811341094912,neutral,0.47614441882979613
1361883812133703683,negative,0.024329481724881367
1361883814000222208,neutral,0.4025231129539707
1361883814767824896,negative,0.008061199719809458
1361883814977556489,negative,0.004086329021375562
1361883815489114116,negative,0.11173290990844764
1361883817640943617,negative,0.14239930088059374
1361883819511599108,negative,0.0013013262272495055
1361883819540762628,negative,0.015588462689835316
1361883821336104960,negative,0.06902502397061422
1361883822107865091,negative,0.004086329021375562
1361883823663964162,negative,0.1331284119376796
1361883823835914240,negative,0.04479713725512996
1361883823861039110,negative,0.000990050929999318
1361883824423133185,negative,0.01869870988099018
1361883825098264578,neutral,0.43092664219598015
1361883825354252298,negative,0.032907976533616365
1361883825387827201,negative,0.005604325898129143
1361883825878491136,negative,0.016787884429364814
1361883826558017537,negative,0.000990050929999318
1361883826843181064,negative,0.21033566789902375
1361883826868408320,negative,0.3110734899390277
1361883827732373505,negative,0.0468217707996781
1361883827979837442,negative,0.3228216224158623
1361883830181888002,negative,0.04793878280984297
1361883830307594249,negative,3.4454078477687496e-06
1361883830517342212,negative,0.1496044186277316
1361883830597132291,negative,0.08545408379192729
1361883830706053122,negative,0.2979169876004211
1361883830798471168,negative,4.516778646460362e-12
1361883831410769920,negative,0.20839043604536187
1361883832044064770,negative,3.427475763378293e-05
1361883832178380800,negative,0.11579010942057401
1361883833122123776,negative,0.009534454370286247
1361883833906257924,negative,9.685544555033043e-05
1361883834598514688,negative,0.016787884429364814
1361883835739348995,neutral,0.4274047939449264
1361883836569763847,neutral,0.4545904767683513
1361883838583103488,negative,0.15784872887475487
1361883838796955649,negative,0.056587575303359686
1361883839849787394,negative,0.24490252709612087
1361883840717983748,negative,0.005604325898129143
1361883841418452995,negative,0.004086329021375562
1361883843775655975,negative,0.000990050929999318
1361883844073381893,negative,6.797935909337303e-05
1361883845528866817,negative,0.01395961703860778
1361883845809823745,negative,0.001133079425850937
1361883847042990081,negative,0.0004327829808490594
1361883847936335872,negative,6.119246755170695e-05
1361883848271826951,negative,6.7114441020677685e-06
1361883849307873281,negative,0.000990050929999318
1361883849446293505,positive,0.9779081525615942
1361883849790279681,negative,0.000990050929999318
1361883849890951169,negative,0.10715633970361955
1361883849932816384,neutral,0.36523766245862627
1361883851073728513,negative,0.0006231027261198045
1361883851086131207,negative,0.004946036219391363
1361883919168192514,negative,0.0004860873243864382
1361883920489414656,negative,0.016787884429364814
1361883920904695809,negative,0.25674356956917044
1361883921596764161,neutral,0.5136446707795853
1361883921617723395,negative,0.000990050929999318
1361883921693237249,negative,0.20985690231634013
1361883924876713984,negative,1.8734562271535088e-05
1361883926294376450,neutral,0.3499352441185855
1361883926772527111,negative,0.2864145558920463
1361883927057555457,negative,3.427475763378293e-05
1361883927808458756,negative,5.4778843583561623e-05
1361883929360359426,negative,0.31739997238104634
1361883931398844417,negative,0.011796902401585457
1361883931595972610,negative,0.0021687853025047
1361883932900343810,negative,0.009534454370286247
1361883933118447618,negative,0.00021831909502300235
1361883933302951938,negative,0.0076627860343016895
1361883933793677318,negative,0.003277083747127493
1361883935001767938,negative,0.000519502121835846
1361883935664271360,negative,0.023139963450933228
1361883936654123012,negative,0.0009280528635701556
1361883936830484480,negative,0.000990050929999318
1361883937468010501,negative,0.0005135171286477387
1361883938357202947,negative,3.6860439106232884e-05
1361883939334422530,negative,1.4267312639413611e-06
1361883941309976578,negative,0.000990050929999318
1361883941641232385,negative,0.1246273950239621
1361883943189032960,negative,0.08545408379192729
1361883943197233152,negative,0.020757563064043895
1361883943465848832,negative,0.0001017696916543579
1361883946754187264,negative,0.000990050929999318
1361883948943618050,negative,0.030652402786097776
1361883952085041153,negative,0.009534454370286247
1361883952139489280,negative,6.697569685861972e-08
1361883952261160960,negative,3.427475763378293e-05
1361883952651374592,negative,0.09105298728149447
1361883953548779522,negative,2.2252393243330548e-07
1361883954392010752,negative,0.000990050929999318
1361883954710732800,neutral,0.3442449504306551
1361883956724006913,negative,0.0003532176223342389
1361883956736651265,negative,5.219183497409914e-05
1361883957126651908,negative,0.14684600312153792
1361883958024241173,negative,0.003840855266354386
1361883959223865345,negative,0.011530502388091609
1361883960712822786,negative,0.12021603373245746
1361883964613431296,negative,0.12725843566926542
1361883965825503235,negative,0.0009286375633135558
1361883966593236993,negative,0.03501890977918644
1361883966878400518,negative,0.10959463138292411
1361883969537662976,negative,0.000990050929999318
1361883970049310721,negative,0.17110783127166218
1361883970150014981,negative,3.4454078477687496e-06
1361883970967846912,negative,0.001891183580962971
1361883971618037761,negative,0.000990050929999318
1361883972653830146,negative,1.7885056999557648e-09
1361883973266341888,negative,0.009534454370286247
1361883973853581318,negative,0.009534454370286247
1361883974516305921,negative,0.020919197417490844
1361883976214798342,negative,0.08647275825444502
1361883978744102922,negative,0.004892257398399707
1361883981147496450,negative,0.04479713725512996
1361883982552576001,negative,0.005527170083806231
1361883983622135810,neutral,0.4083289334275003
1361883984788127744,negative,0.11173290990844764
1361883985757011970,negative,0.03764621513280413
1361883986113556482,negative,0.0015343017638724213
1361883988277747713,negative,0.004086329021375562
1361883988445528065,negative,0.0001017696916543579
1361883988546191360,negative,0.000990050929999318
1361883990744039425,negative,3.0806110957556198e-06
1361883993071906816,negative,0.0015704563639722573
1361883993738772482,negative,0.027486964387208185
1361883994099433473,negative,0.00046949638524957136
1361883995659714562,negative,0.000990050929999318
1361883996314075138,negative,0.016787884429364814
1361883996691574789,negative,0.00108612151427691
1361884001334681603,negative,0.009534454370286247
1361884001640841217,negative,0.0004860873243864382
1361884002530054144,neutral,0.48481419304338763
1361884003037511681,negative,0.0008496953345485857
1361884003310178304,negative,0.25104013348869847
1361884003679182850,negative,5.170634485138179e-16
1361884003897344000,negative,0.0012804898476067787
1361884005591887873,negative,9.649404401523965e-06
1361884009412853760,negative,3.4454078477687496e-06
1361884009861705732,negative,0.011362394906680718
1361884011845582852,negative,0.03379891532324992
1361884012168568839,negative,2.1328169277588322e-07
1361884012567003136,negative,0.02839517461614872
1361884014219517954,negative,0.009864037501071718
1361884016413192194,negative,0.009534454370286247
1361884016731975682,negative,0.009534454370286247
1361884016861937665,negative,0.09105298728149447
1361884017033838594,negative,0.000864790113075444
1361884017885290500,negative,0.0057009645680431275
1361884018627784704,neutral,0.36014310329058447
1361884018707337218,negative,0.0013013262272495055
1361884019026198530,negative,0.00016766521222953177
1361884019907047428,negative,0.000990050929999318
1361884021228208129,negative,0.0001783764279215546
1361884022440361984,negative,1.6476463681314972e-05
1361884022549413889,negative,0.017058846041942577
1361884022687870976,negative,0.0002977285144143152
1361884023241465856,negative,0.16730375009983856
1361884025531498496,neutral,0.566931622132398
1361884027473563650,negative,0.15630830276745175
1361884027477704705,negative,0.000990050929999318
1361884028450836483,negative,0.010583216072385555
1361884029415481348,neutral,0.495580410853625
1361884031525224449,negative,0.22623814771604386
1361884031596519426,negative,0.10715633970361955
1361884032158498816,negative,0.18795859623648656
1361884033135878145,negative,0.0004127514285876195
1361884033735675907,negative,0.11579010942057401
1361884034717081603,negative,0.11173290990844764
1361884036281626626,negative,0.000990050929999318
1361884036659105792,neutral,0.36014310329058447
1361884037950763011,negative,0.0007666428370111485
1361884038286303234,negative,0.010168885679730077
1361884038697529345,neutral,0.5262551866366648
1361884040807260160,neutral,0.44525447722397243
1361884091386388481,neutral,0.4323510242933817
1361884091734519810,negative,0.11173290990844764
1361884097254195210,neutral,0.35362277955607824
1361884100064387072,negative,0.09105298728149447
1361884100240560133,negative,1.4898769604475646e-06
1361884100370468866,negative,0.009534454370286247
1361884100399890432,negative,5.70117051488378e-06
1361884101322674180,negative,0.0884199172248835
1361884103767973888,negative,3.1127655590435736e-08
1361884104254509056,negative,0.00010711031261248312
1361884107064692738,negative,4.622355603723394e-05
1361884109396717569,negative,0.11579010942057401
1361884112513085442,negative,0.019989593375312815
1361884112764608512,negative,0.0014435211140411926
1361884115008651264,negative,0.000990050929999318
1361884115193192448,negative,0.0468217707996781
1361884115432132611,negative,0.009534454370286247
1361884115700621313,negative,0.023139963450933228
1361884117126758401,negative,0.08647275825444502
1361884117411987457,negative,0.008801355342401673
1361884117923725314,negative,0.03791627134522328
1361884119643394048,negative,0.05470356307280094
1361884119811112963,neutral,0.4274047939449264
1361884120373198848,negative,0.000990050929999318
1361884120431869953,negative,0.02839517461614872
1361884121442775041,positive,0.8449706451271007
1361884121614663681,negative,0.004086329021375562
1361884121891504134,negative,0.047377406779251216
1361884124558987267,negative,0.009534454370286247
1361884126060634114,negative,2.2749343649145657e-10
1361884129013342209,negative,0.00698756615297458
1361884130149949440,negative,3.6860439106232884e-05
1361884130527637506,positive,0.9779081525615942
1361884133555916800,negative,5.547586483555178e-06
1361884133635555332,neutral,0.4274047939449264
1361884134553972737,negative,0.011855448244668904
1361884136303185923,negative,0.000990050929999318
1361884138614247424,negative,0.0037777057052380066
1361884140342239237,neutral,0.4274047939449264
1361884140870713349,negative,0.000553272366604666
1361884144368836609,negative,0.0029931565018643945
1361884145144766469,negative,0.011796902401585457
1361884145367023620,negative,0.000990050929999318
1361884145820041227,negative,0.009534454370286247
1361884147258699777,negative,0.000990050929999318
1361884147334184961,neutral,0.4323510242933817
1361884147510243328,negative,0.08995529039895615
1361884152052781057,negative,0.11579010942057401
1361884155290783746,negative,2.290470812869087e-06
1361884159610933252,neutral,0.33171726678303914
1361884161020022787,negative,0.08647275825444502
1361884161615757314,negative,0.0005682575570874796
1361884161997500418,negative,6.883753435296442e-10
1361884163499053063,negative,0.006377383353730003
1361884163683549184,negative,5.341726040733777e-06
1361884163696115713,positive,0.764607114129324
1361884165201924098,negative,0.004038212014297226
1361884165453606913,negative,0.11579010942057401
1361884168515420162,positive,0.9786297972028201
1361884168834146307,negative,0.1199216954771052
1361884171841462279,negative,0.07736349569523265
1361884171996704769,negative,0.08647275825444502
1361884172307083264,negative,0.22623814771604386
1361884172483252225,negative,0.000990050929999318
1361884172739104769,negative,1.2876091462675612e-05
1361884173502476288,negative,0.03801610846604707
1361884173951238145,negative,0.03838901031456881
1361884174324555778,negative,0.004387055665497497
1361884175075262470,neutral,0.5495922250151081
1361884176081821696,negative,0.009534454370286247
1361884176128102402,negative,7.424338578574152e-11
1361884177256300549,negative,0.000990050929999318
1361884178380390401,negative,4.484347891938748e-07
1361884178397077510,negative,0.0015343017638724213
1361884180573904898,negative,0.081261924020892
1361884182004269056,negative,0.18795859623648656
1361884184189542401,negative,0.07736349569523265
1361884184642531330,negative,0.004086329021375562
1361884184818700288,negative,0.000990050929999318
1361884185653350409,negative,0.0652021551665152
1361884186672529410,negative,0.04479713725512996
1361884186903199745,negative,0.08647275825444502
1361884189235306499,negative,0.11579010942057401
1361884190103531520,neutral,0.3442449504306551
1361884190338404354,negative,0.001891183580962971
1361884191340830720,negative,0.0010002361821155772
1361884192368427010,negative,0.039483853433059095
1361884192905302016,negative,0.016787884429364814
1361884193798643714,positive,0.9924300312522298
1361884194352300032,negative,0.000990050929999318
1361884195107307529,neutral,0.4323510242933817
1361884195170230278,negative,0.03501890977918644
1361884195388338178,negative,0.023688769449793354
1361884196222824449,negative,9.359518118301312e-06
1361884197896527872,negative,0.11786918771417619
1361884199943307265,negative,0.11579010942057401
1361884201759502337,negative,0.009534454370286247
1361884203109949447,neutral,0.48481419304338763
1361884204720603137,negative,0.00010171515897944426
1361884204875841540,negative,0.2804258529746722
1361884205618110466,negative,0.0010002361821155772
1361884206138159104,negative,0.08647275825444502
1361884207711211524,negative,0.0006475568817100819
1361884210487832580,negative,9.144480654569534e-05
1361884213692289032,negative,0.000990050929999318
1361884213834883073,negative,0.12544683252271385
1361884214912831491,positive,0.74559989299848
1361884216192086017,negative,0.00029324195296530467
1361884216645025797,negative,0.11786918771417619
1361884218721144836,negative,0.022771670787193346
1361884220109385728,negative,0.02443016620770649
1361884222185684992,negative,0.0062877297735551745
1361884222336630792,negative,0.05884384689881462
1361884222739283969,negative,0.08647275825444502
1361884223200653312,positive,0.7978013647028452
1361884223699845123,negative,0.0031806236774456543
1361884224211587073,negative,0.004190842893474228
1361884224266113024,negative,0.015259930136945965
1361884225851461633,negative,0.009534454370286247
1361884226405232640,negative,0.001133079425850937
1361884226627522561,negative,0.06693372327754489
1361884227013390337,negative,0.000990050929999318
1361884227441102849,positive,0.8449706451271007
1361884227688620035,negative,0.00108612151427691
1361884229517377540,neutral,0.49789225920557484
1361884230603714562,neutral,0.5125586604715132
1361884230993784833,negative,0.18598802602580827
1361884234072403970,positive,0.9779081525615942
1361884234210762766,negative,0.0026718646847690027
1361884234999300103,negative,0.011530502388091609
1361884235854929920,negative,0.0015343017638724213
1361884236479746059,neutral,0.445678806963359
1361884236651913216,negative,0.11244310954763692
1361884236765147142,negative,0.0004127514285876195
1361884237192912901,negative,0.0038007348394527747
1361884238858100737,negative,0.17110783127166218
1361884241714417672,negative,0.1394936819913501
1361884242905468928,negative,0.009534454370286247
1361884243958386694,negative,0.019131015119573946
1361884244285550593,neutral,0.4274047939449264
1361884244688187392,neutral,0.36652480939404136
1361884246735007744,negative,0.032907976533616365
1361884247376736256,negative,4.650066805239322e-08
1361884248827977730,negative,0.25674356956917044
1361884249981411333,negative,0.0019498059927792043
1361884251424178183,negative,0.00351361614820378
1361884251990466561,negative,0.0012776385869214236
1361884255941517317,negative,0.00033357272441960354
1361884257103327233,negative,0.006492359820710924
1361884257644384257,negative,6.749858538873758e-05
1361884259238088704,negative,0.009534454370286247
1361884260152451079,negative,0.004284469322238244
1361884261146636290,negative,0.0013013262272495055
1361884262492819460,negative,0.0032740466827583955
1361884268943659011,neutral,0.4918408786816398
1361884269568790528,negative,0.2135140083070197
1361884269837234179,negative,7.658788611439951e-05
1361884272802615299,neutral,0.36014310329058447
1361884273553326082,negative,0.09175527122354733
1361884274224488450,negative,4.413376902025267e-05
1361884275407257601,negative,0.009534454370286247
1361884276623630340,negative,0.03322171255151134
1361884277080784896,negative,3.8510054180465185e-10
1361884278032891906,negative,2.1328169277588322e-07
1361884278469124099,negative,0.004086329021375562
1361884278594879489,negative,0.004086329021375562
1361884279043723264,negative,0.07381387634661611
1361884279907774466,negative,0.005604325898129143
1361884283766513664,negative,0.001133079425850937
1361884285993701379,negative,0.0006491065108832204
1361884319648796674,negative,9.299839703307407e-05
1361884319690743809,negative,1.843670891024184e-07
1361884319845781507,negative,0.0007666428370111485
1361884322517708801,negative,0.000990050929999318
1361884322731495432,negative,0.016787884429364814
1361884323670990848,negative,0.0006045967898486234
1361884323692109827,negative,0.03501890977918644
1361884324539363328,positive,0.9250392114598129
1361884324539363331,negative,0.2510551031344398
1361884324547735557,negative,1.7947087422330479e-06
1361884324556115968,negative,0.09933825962700638
1361884324572893185,negative,0.0026270300526412163
1361884324589490176,negative,0.011097912199674041
1361884324606345217,negative,0.003064751209472835
1361884324652441601,negative,0.029131302085179007
1361884324660973569,negative,0.0024420557075589895
1361884324690153473,negative,0.038224288824022984
1361884324694401034,negative,0.1601139924959229
1361884324707008517,negative,0.048764204201475654
1361884324732170242,negative,0.0024420557075589895
1361884324828762112,negative,0.1865747602133394
1361884325449523200,negative,0.011760189547207905
1361884326770724866,negative,1.2876091462675612e-05
1361884326921711620,negative,9.7404862530651e-07
1361884329274732545,negative,0.0916087408224313
1361884329350209538,negative,0.10715633970361955
1361884330063183872,negative,1.22890837274891e-06
1361884330860163073,negative,0.026955611107272768
1361884331338321920,negative,0.00019833814448358623
1361884332781162496,negative,0.3294808082162529
1361884332839723008,negative,0.08647275825444502
1361884333103931392,negative,0.08370575691645972
1361884333406052352,negative,3.881456854171192e-05
1361884334412750848,negative,0.14424502942014927
1361884335020908545,neutral,0.37670935013569135
1361884335087968256,negative,0.01678154902376081
1361884335096406019,negative,0.0005454695738304695
1361884335285145605,neutral,0.3476098126861944
1361884335998193666,negative,0.05470356307280094
1361884337080262658,negative,0.005309063781086333
1361884338011447302,negative,0.17530011606073342
1361884339013885953,negative,0.04709531758751699
1361884339211022340,negative,0.04479713725512996
1361884339508809732,negative,0.20839043604536187
1361884339710156800,neutral,0.4083289334275003
1361884341215887363,negative,0.07409858964317478
1361884344047063042,negative,0.03791627134522328
1361884344122568704,negative,0.09105298728149447
1361884344315486208,negative,0.00017650686116459747
1361884345485692928,negative,0.023075944015281635
1361884346269990917,negative,0.04678270541966506
1361884347205378051,negative,0.08408509812467337
1361884348111347714,negative,0.0024265365763960507
1361884348446765057,neutral,0.5495922250151081
1361884349709230082,negative,0.03451709748792609
1361884351114448900,negative,0.056587575303359686
1361884351227691009,negative,0.327378095563068
1361884352410513408,negative,0.005604325898129143
1361884352414687236,negative,0.010348346263269817
1361884353719107584,neutral,0.4274047939449264
1361884357506576387,negative,0.009534454370286247
1361884360031543297,positive,0.74559989299848
1361884360706826240,neutral,0.4274047939449264
1361884360895582211,negative,0.00698319887550523
1361884361579237377,negative,0.008008104296474408
1361884363500232706,negative,0.03838901031456881
1361884363953213441,negative,0.005309063781086333
1361884364871790593,negative,0.0015343017638724213
1361884365609984000,negative,0.004086329021375562
1361884365874204674,negative,0.11579010942057401
1361884366046134274,negative,0.0005355367510211682
1361884366289461251,negative,0.000990050929999318
1361884366645858307,negative,0.11173290990844764
1361884367845548032,negative,7.898664254521963e-09
1361884368357240833,negative,0.11579010942057401
1361884368747323397,negative,0.09720451482430095
1361884369556799490,neutral,0.35362277955607824
1361884371809140737,neutral,0.35362277955607824
1361884372740296706,negative,0.05583299329353172
1361884374694834179,negative,0.17110783127166218
1361884375152013315,negative,0.033194606476668935
1361884375546294272,negative,0.009534454370286247
1361884376888467456,negative,0.08012408225477678
1361884378490617858,negative,0.000496510700353317
1361884383951552515,negative,3.5328839817951494e-07
1361884385407094784,negative,0.12724759439434394
1361884386459705345,negative,0.000990050929999318
1361884386531160071,negative,0.11045479801089735
1361884386745057281,negative,0.11786918771417619
1361884386921226243,negative,1.2876091462675612e-05
1361884387739111424,negative,0.000990050929999318
1361884388896743435,negative,0.009534454370286247
1361884390230536194,negative,0.0021299786130531515
1361884393606967296,negative,0.010583216072385555
1361884393783128064,negative,0.05957797832934463
1361884397151092737,negative,5.087495621465858e-07
1361884397423779841,negative,0.005604325898129143
1361884398157762563,negative,0.06693372327754489
1361884398358994946,negative,0.050929938986636246
1361884398690439171,negative,3.4707563339898353e-06
1361884398946185217,negative,0.005604325898129143
1361884399109865477,negative,1.0899351167143694e-06
1361884399344750596,negative,0.007873691535461065
1361884399382507520,negative,0.3110734899390277
1361884400028368898,negative,0.03451709748792609
1361884401043451904,negative,0.0004856740221328386
1361884401945243648,negative,0.000990050929999318
1361884402238844931,negative,0.023559562580874365
1361884402918293504,negative,0.000990050929999318
1361884403891396611,negative,0.22972361876009306
1361884404340187144,negative,0.009534454370286247
1361884404948303873,negative,0.00020636335243577074
1361884405447462914,negative,0.009534454370286247
1361884405703270400,negative,0.004086329021375562
1361884405820653571,negative,0.010583216072385555
1361884405837529091,neutral,0.35362277955607824
1361884406189854721,negative,0.016622174843992955
1361884406634467328,neutral,0.4237337412615085
1361884407506821125,negative,0.0008395636729863769
1361884407603339266,negative,0.05305714449249891
1361884407812997124,negative,0.001133079425850937
1361884407888371712,neutral,0.46127768308170247
1361884408920354817,negative,0.010583216072385555
1361884409398505478,negative,0.0004860873243864382
1361884410442899458,negative,3.6860439106232884e-05
1361884411051016195,neutral,0.4524116969384895
1361884411130761222,negative,0.09960542470522397
1361884411587928067,negative,3.473697725019859e-05
1361884414846922755,negative,5.547586483555178e-06
1361884416562393092,neutral,0.4777949819019881
1361884417699041281,negative,0.03451709748792609
1361884418701418497,negative,0.0008534805275913762
1361884419863306242,negative,6.979772808933557e-17
1361884422547513346,negative,0.004372621692373824
1361884423193559044,negative,0.008097466289158877
1361884423873064962,negative,0.0001017696916543579
1361884424355385345,negative,0.2864145558920463
1361884424833540097,negative,0.0003414153239356629
1361884425097732096,negative,0.1403448832932074
1361884425366167559,negative,0.013300066166982028
1361884427329052675,negative,0.08647275825444502
1361884429094912003,negative,0.000990050929999318
1361884429594075143,negative,0.0036542992359395766
1361884429984161794,negative,0.005700102339582039
1361884430911037440,negative,0.000990050929999318
1361884432353943553,negative,0.07370417904254603
1361884432429367296,negative,0.00022326571768818245
1361884433050198018,positive,0.865901568850477
1361884433167613955,neutral,0.4103274610055738
1361884436011376641,negative,0.000990050929999318
1361884436808269826,negative,9.2212287619465e-05
1361884437294776321,positive,0.6976677473958179
1361884439970734081,negative,0.17110783127166218
1361884440344096768,negative,0.0018944498813691262
1361884444420882433,negative,0.00020636335243577074
1361884445003960328,negative,0.12693968478489281
1361884446434099201,negative,0.000990050929999318
1361884446937473028,negative,1.5843520728746098e-06
1361884447226929154,negative,0.0005568173948032496
1361884448934002693,negative,0.07381387634661611
1361884449122750464,negative,0.005527170083806231
1361884449621889024,positive,0.9422847990035318
1361884450095775744,negative,0.17180287677118386
1361884450167005186,negative,0.11173290990844764
1361884450825535489,negative,9.355137522013953e-06
1361884451597295622,negative,0.003872308510417506
1361884452524339204,negative,0.024564435534352856
1361884453325451267,negative,0.0013013262272495055
1361884453514211337,neutral,0.5551979422386732
1361884453799223300,negative,0.009534454370286247
1361884453908320256,negative,0.1186549482641647
1361884454420119557,negative,0.000990050929999318
1361884455317745665,negative,0.2864189319526427
1361884457347780609,negative,0.00013972871056856098
1361884458744352774,negative,0.009534454370286247
1361884459574980627,negative,0.0002977285144143152
1361884460178956290,negative,0.000990050929999318
1361884461084909573,negative,0.021527398232078603
1361884461282058240,neutral,0.44525447722397243
1361884461781114880,negative,1.2876091462675612e-05
1361884461839904772,negative,0.0011152474553710735
1361884465295990784,negative,0.000990050929999318
1361884465543467013,negative,0.03451709748792609
1361884465631539200,negative,0.006492359820710924
1361884465669304320,negative,0.17110783127166218
1361884465795055624,negative,0.03696365454460867
1361884467066003463,negative,0.019077923202611438
1361884467338608644,negative,0.009534454370286247
1361884467439271942,negative,0.004086329021375562
1361884467573514243,negative,1.2643138036914469e-06
1361884468940845058,negative,0.0002982155917776594
1361884470178164739,negative,0.00015418457969662886
1361884471050575872,positive,0.9640188210446371
1361884471943983106,negative,0.009864037501071718
1361884472057200641,neutral,0.49789225920557484
1361884474112409605,positive,0.8661333256784889
1361884475018379268,negative,0.000990050929999318
1361884475228053504,negative,0.04380816347865611
1361884476494741504,negative,0.08647275825444502
1361884478558371840,negative,0.07874279459294121
1361884478923300867,negative,0.000990050929999318
1361884479317499904,neutral,0.37356359750014606
1361884479506309121,negative,4.259888798028867e-09
1361884480399630336,negative,0.000990050929999318
1361884481511170049,negative,2.1328169277588322e-07
1361884482379333632,negative,6.600756830910765e-05
1361884483650117632,positive,0.8449706451271007
1361884483998289922,negative,0.1416308213418314
1361884484703031300,negative,0.03759187123201036
1361884490700832768,neutral,0.5551979422386732
1361884492743512064,negative,0.03791627134522328
1361884492747706368,negative,0.21663844325844572
1361884492969897990,neutral,0.5495922250151081
1361884494211526657,negative,4.413376902025267e-05
1361884495813562372,negative,0.005604325898129143
1361884499068342277,negative,0.22664324401202743
1361884500418994185,negative,0.0007666428370111485
1361884501102714883,negative,0.000990050929999318
1361884504667791361,negative,0.023214477260741467
1361884505016000517,negative,0.004086329021375562
1361884507343753219,negative,0.03696360338458237
1361884510317662213,negative,0.0004127514285876195
1361884511047352326,negative,0.047377406779251216
1361884511240339458,negative,0.009534454370286247
1361884511861149698,negative,0.0024265365763960507
1361884513933099010,negative,0.016787884429364814
1361884514012844033,neutral,0.49789225920557484
1361884514923012099,negative,5.087596700994791e-06
1361884515048828928,negative,3.268201464123293e-05
1361884518022529031,negative,0.001891183580962971
1361884518119075840,negative,0.327378095563068
1361884518190350337,negative,0.06663668783824335
1361884519368974346,negative,0.02094278034448329
1361884519599656960,negative,0.0055064793419402685
1361884521054883842,negative,0.009534454370286247
1361884521856139264,negative,0.0001017696916543579
1361884522720198657,negative,0.03501890977918644
1361884522887798785,negative,0.03379891532324992
1361884523282186242,negative,0.000990050929999318
1361884524196560899,negative,0.00385949904156067
1361884524246925315,negative,0.1743721088180087
1361884524745953291,negative,0.3274903280201044
1361884524788019208,negative,0.2979274446249787
1361884525496836096,negative,0.001133079425850937
1361884526096515082,negative,0.024478740595527328
1361884527765856258,negative,0.02408133521209762
1361884530437718016,positive,0.9099856945133658
1361884531029065728,negative,0.009534454370286247
1361884534309027840,negative,0.009534454370286247
1361884534828978176,negative,0.2634347428478649
1361884536309768192,neutral,0.4274047939449264
1361884539648421893,negative,1.8602829473620312e-05
1361884540361445379,negative,0.2812124665127172
1361884540604710912,negative,0.002067856992839193
1361884543347736578,negative,0.03801610846604707
1361884544228548608,negative,0.0062877297735551745
1361884546384363526,positive,0.7335521615516145
1361884547059572740,negative,0.13148355801930742
1361884548016058369,negative,0.009534454370286247
1361884548607455232,negative,0.1523877277227106
1361884548812861445,negative,0.07275257019330632
1361884551224717317,negative,8.685919605419881e-09
1361884551983861762,negative,9.144480654569534e-05
1361884552453529600,negative,0.009534454370286247
1361884553682501634,negative,0.000990050929999318
1361884554022309889,negative,1.404354449424273e-06
1361884554441744384,negative,0.00385949904156067
1361884554517041154,negative,0.007676263211549371
1361884554521284611,negative,0.3199311401665521
1361884557348380674,negative,0.01160677024352285
1361884558422114309,negative,0.06448739233060978
1361884558480855041,neutral,0.44525447722397243
1361884558501756931,negative,0.0004127514285876195
1361884560431058954,negative,0.14011426053467285
1361884563417554945,neutral,0.4524116969384895
1361884565220954114,negative,0.034864467066877146
1361884567477637121,negative,0.007774353120422765
1361884570577035266,negative,0.09577720064211888
1361884571520823296,negative,3.427475763378293e-05
1361884572527562754,negative,0.13785712095343305
1361884573521559554,negative,0.0009286375633135558
1361884575635566595,negative,0.15826601371839383
1361884576390373381,negative,0.016787884429364814
1361884577191534594,negative,0.000990050929999318
1361884577422262273,negative,0.000990050929999318
1361884578064068609,positive,0.6825616803036332
1361884578873491456,negative,0.16335159363557192
1361884579448172544,negative,0.004086329021375562
1361884582874931202,negative,0.0024658690638580285
1361884583189483520,negative,0.08545408379192729
1361884588298145793,negative,0.000990050929999318
1361884590017835009,negative,0.000990050929999318
1361884590630125569,negative,1.2876091462675612e-05
1361884591288512513,neutral,0.40164566407707886
1361884591657738251,negative,0.002051962664241792
1361884591682969607,positive,0.7461318321565278
1361884592890912768,negative,0.0008496953345485857
1361884594979573762,negative,0.016787884429364814
1361884597370421249,negative,0.000990050929999318
1361884597517242372,negative,0.12693968478489281
1361884598129610752,negative,0.000990050929999318
1361884598830059520,positive,0.7789900239099247
1361884599094292487,negative,0.12021603373245746
1361884601736642562,negative,0.036019265995989806
1361884602126712834,neutral,0.4140063820085102
1361884603183603718,negative,0.016787884429364814
1361884603657703424,negative,0.007777946154601166
1361884604442025986,negative,0.000990050929999318
1361884605515718657,negative,0.14424502942014927
1361884605780021250,negative,0.187377012015078
1361884606820216833,negative,5.984139636319813e-05
1361884607403220997,negative,1.8602829473620312e-05
1361884608632147968,negative,0.04326749920868208
1361884609567424512,negative,0.000990050929999318
1361884610058063874,negative,0.005604325898129143
1361884612419457025,negative,2.000381118330555e-08
1361884614017572865,neutral,0.6256198246988098
1361884614512570372,negative,8.751109849828049e-05
1361884614835523592,negative,0.03838901031456881
1361884617117155328,negative,0.00385892439288884
1361884682313289731,negative,0.001049497862776005
1361884682376339456,negative,0.07275257019330632
1361884684305788931,negative,0.09126787907567749
1361884684943294465,negative,1.0707297482001354e-05
1361884686272839684,negative,0.000990050929999318
1361884686679748612,negative,0.07736349569523265
1361884687145181185,neutral,0.3481594946733007
1361884687535378433,negative,3.68809922802269e-07
1361884687547965441,negative,0.08124282899940992
1361884688118394880,negative,0.0003532176223342389
1361884688311345152,negative,0.14720683121191502
1361884689414434816,negative,4.413376902025267e-05
1361884691431841795,neutral,0.38492032300786677
1361884691511541760,neutral,0.35362277955607824
1361884692002308099,negative,0.000990050929999318
1361884692342075394,negative,0.07419137915928992
1361884693130600453,negative,0.03910929061053395
1361884695055790080,neutral,0.4274047939449264
1361884695890452483,negative,0.12693968478489281
1361884697622683652,neutral,0.4274047939449264
1361884698612535296,negative,1.2876091462675612e-05
1361884700177018880,negative,0.2812124665127172
1361884700214779905,negative,0.005309063781086333
1361884701410136070,neutral,0.3546274845759702
1361884702286766080,negative,0.00023744573661464382
1361884703045931008,negative,2.1328169277588322e-07
1361884703704444929,negative,0.14199760597152072
1361884704962715648,negative,0.3155796449302333
1361884705658871815,negative,0.1496044186277316
1361884706485260292,negative,0.0002977285144143152
1361884707659644933,negative,0.11579010942057401
1361884708351578115,negative,0.08259399715617878
1361884708741783559,neutral,0.4430760024661924
1361884710130098177,negative,0.006345744565336363
1361884710872506369,negative,3.577748427731805e-05
1361884711195455490,negative,0.00706032143260272
1361884712080461826,negative,0.11430745502275984
1361884712390770692,negative,0.013041925634069107
1361884712474529797,negative,0.0077161237318370554
1361884716597579779,negative,5.1750287681499805e-06
1361884716857704451,negative,1.5843520728746098e-06
1361884718602612736,negative,0.03490537139344192
1361884719126822912,negative,0.000990050929999318
1361884720208969733,negative,0.018081861999766784
1361884721702195202,negative,0.03501890977918644
1361884724025778176,negative,0.0005878855151547898
1361884728752697346,negative,0.020679410494193844
1361884728916389888,neutral,0.5303822865552951
1361884728933163011,negative,0.002461381719754646
1361884730887712769,negative,0.0013913963622722177
1361884733014171649,negative,0.0019498059927792043
1361884733878243330,negative,0.004086329021375562
1361884737044951040,positive,0.7620825755534892
1361884739834060801,neutral,0.43775224745949826
1361884741629321218,negative,0.016787884429364814
1361884742283636736,neutral,0.5887973398928581
1361884745249005571,neutral,0.42339311448219996
1361884745563582467,negative,0.000990050929999318
1361884745769119749,negative,0.01160677024352285
1361884745920094210,negative,0.11757385607072376
1361884746243055619,negative,0.000990050929999318
1361884746972860416,negative,0.04479713725512996
1361884747878703107,negative,0.000990050929999318
1361884748881268738,negative,0.000990050929999318
1361884749510438919,negative,2.4425694846974826e-05
1361884749854294016,negative,0.036019265995989806
1361884752605683715,neutral,0.49789225920557484
1361884752891031552,negative,0.009534454370286247
1361884753134247939,negative,0.3228216224158623
1361884753478123523,negative,0.016787884429364814
1361884754954489864,negative,2.4661582876637594e-08
1361884757592801280,negative,0.0885640614832503
1361884757793992706,negative,0.009534454370286247
1361884759111122952,negative,0.009534454370286247
1361884761132687360,negative,4.0458632810359776e-08
1361884761246093323,negative,0.00891375960757663
1361884762546274305,neutral,0.4524116969384895
1361884763884298242,negative,7.782898213396805e-05
1361884764077056009,negative,1.4111970257511608e-13
1361884767487225856,negative,0.021828657459765314
1361884769081032712,neutral,0.4140063820085102
1361884769840209920,neutral,0.5551979422386732
1361884770096054273,negative,0.005700102339582039
1361884770834149389,negative,0.009534454370286247
1361884772629417985,neutral,0.49789225920557484
1361884773585674240,negative,0.07736349569523265
1361884773891903489,negative,0.0001009665047527608
1361884775707893770,negative,0.009534454370286247
1361884777490632712,neutral,0.437369725752128
1361884778379816961,negative,0.13790829785540254
1361884779285786624,negative,0.000990050929999318
1361884779524878338,negative,0.17110783127166218
1361884780015611906,negative,0.009534454370286247
1361884780346933250,negative,0.001891183580962971
1361884780858667012,negative,0.009534454370286247
1361884780867047424,negative,0.004086329021375562
1361884781408116737,negative,0.000990050929999318
1361884781429063680,negative,0.000990050929999318
1361884781835862018,negative,2.1138497193014165e-08
1361884783022850049,negative,0.21412433154803479
1361884784054726657,negative,0.003580454854656274
1361884784859910145,negative,0.009534454370286247
1361884785879220227,negative,0.022077081495738258
1361884787124756484,negative,0.09418084068739434
1361884789935116289,negative,0.0003187786258663629
1361884790174138372,positive,0.9208964990741463
1361884790295830529,negative,0.09105298728149447
1361884790807552001,negative,2.462497264869912e-07
1361884791566708740,negative,0.042652972284301774
1361884792111955969,negative,1.140877839000516e-05
1361884793315725318,negative,0.003254578175955396
1361884793932111872,negative,0.07409858964317478
1361884793974226945,positive,0.6615556368103815
1361884794406117377,negative,1.8858146007801425e-05
1361884794720718848,negative,0.31251327812974533
1361884795224150017,neutral,0.4083289334275003
1361884795932995586,negative,0.24203482220277742
1361884797417750529,negative,0.004190842893474228
1361884798277595136,neutral,0.46318326475361027
1361884798499893250,negative,0.0004860873243864382
1361884798763950091,negative,0.16546591314887557
1361884799762366467,negative,0.014554460985352017
1361884800081162241,negative,0.0001017696916543579
1361884803805634561,negative,0.004086329021375562
1361884804158001155,negative,1.0293527331998209e-14
1361884805013639169,negative,1.3704950003352412e-07
1361884805642805249,negative,7.364511762525659e-07
1361884806770958342,negative,0.0673605093794301
1361884808000000002,neutral,0.4989378673232311
1361884870738284545,negative,0.020439750413435046
1361884871723950080,negative,0.01958343683671414
1361884872114118657,negative,0.00010711031261248312
1361884872151810049,negative,0.16834388278463855
1361884872256741385,negative,0.03791627134522328
1361884872621621248,negative,0.0062877297735551745
1361884876413284352,negative,0.004086329021375562
1361884876438446081,negative,0.026955611107272768
1361884876513796098,negative,0.095863146193513
1361884878124568576,negative,5.144475975225892e-05
1361884878250328065,positive,0.9997435663971619
1361884878409789446,negative,0.08545408379192729
1361884879521280001,negative,0.000990050929999318
1361884879915544576,negative,0.000990050929999318
1361884883447132160,negative,0.000990050929999318
1361884884172742659,positive,0.9640188210446371
1361884885447680000,neutral,0.4140063820085102
1361884885833646081,negative,8.750012914326984e-07
1361884886856916992,negative,0.010583216072385555
1361884887901478914,positive,0.7789900239099247
1361884888203358208,positive,0.8449706451271007
1361884888580853761,negative,0.00022326571768818245
1361884889197539331,negative,0.0009775846399424299
1361884889256255495,negative,0.027306823983217477
1361884889801498629,negative,0.000990050929999318
1361884891886026756,negative,0.012832773952489428
1361884891961585664,negative,0.00025612713220817484
1361884892494200841,negative,0.03501890977918644
1361884900169814016,neutral,0.4083289334275003
1361884901008699393,negative,0.09418084068739434
1361884901709086721,negative,0.0005836166638051478
1361884902074036232,neutral,0.49789225920557484
1361884902182936577,negative,0.0001129568242993255
1361884903336468483,negative,0.05921261699991274
1361884904179531778,positive,0.7660212598120919
1361884904917639181,neutral,0.5495922250151081
1361884905249132545,negative,0.00228955506820205
1361884905446273027,negative,2.1328169277588322e-07
1361884906369019909,negative,0.0001017696916543579
1361884906553364484,negative,0.017984896579314208
1361884908130598912,neutral,0.5795568074728261
1361884909112078342,negative,0.12703271384507175
1361884909481172993,negative,0.0009956342211725482
1361884909594435586,neutral,0.5551979422386732
1361884911628599298,negative,2.462497264869912e-07
1361884912308137985,positive,0.8449706451271007
1361884912647696390,negative,8.486703330030998e-07
1361884913037893634,negative,0.016816631305722293
1361884915718119424,negative,0.01648319915918168
1361884915843952641,negative,0.08505690420600877
1361884916552769540,negative,1.7282710797786572e-07
1361884917802622978,negative,0.08545408379192729
1361884917911617541,negative,0.0008018829281607749
1361884918003949570,negative,0.026304822038648003
1361884918318567424,negative,0.03362813843429816
1361884920755412994,negative,0.000990050929999318
1361884920851927040,negative,0.001891183580962971
1361884921686614018,negative,0.06994150115544757
1361884922710011905,negative,0.000990050929999318
1361884922781327361,negative,0.0012490530554177752
1361884927432810499,negative,2.2323469528985604e-05
1361884927567015937,negative,0.00022460645025667027
1361884928397496325,negative,0.009534454370286247
1361884928510689282,positive,0.9917865564700945
1361884930259697665,negative,0.054082587372687826
1361884930461077506,negative,0.03390654434664696
1361884930905575426,negative,0.010583216072385555
1361884931673231362,negative,0.06693372327754489
1361884932977532931,negative,1.5945877255949591e-06
1361884935615885312,negative,0.010344132811266152
1361884935892717572,negative,0.327378095563068
1361884938212155394,negative,0.03764621513280413
1361884943299805185,negative,9.130682347670928e-05
1361884945111736320,neutral,0.34694076846820826
1361884946231623681,negative,7.958681188910157e-05
1361884947011764224,negative,0.011138402591276129
1361884947280191491,negative,0.0007158633460116815
1361884949356290051,negative,0.03297200678612189
1361884949683535874,negative,0.0076627860343016895
1361884955173871616,negative,0.016787884429364814
1361884955538821122,negative,0.018026157949542196
1361884957057163264,negative,0.0001754741171529254
1361884957698887681,negative,0.0026572097068470685
1361884958470541312,negative,0.0015343017638724213
1361884960131592198,negative,0.0468217707996781
1361884963436695558,positive,0.9078061749581985
1361884963742773248,negative,0.009534454370286247
1361884964061642753,negative,0.0019422679338579592
1361884965231865857,negative,0.009864037501071718
1361884966204882946,negative,0.0468217707996781
1361884966754283521,positive,0.9993897691717226
1361884967656173571,negative,0.0032238048628010912
1361884968130146306,negative,0.01869870988099018
1361884968486592512,negative,0.000990050929999318
1361884968729862144,negative,0.00016683709452180575
1361884972936757253,negative,0.08545408379192729
1361884972953591812,negative,0.047377406779251216
1361884973813276672,negative,0.04595332448131147
1361884975277223937,negative,0.0010173072146936447
1361884979375054854,negative,5.972437180711266e-08
1361884980109053952,negative,0.019229231702090153
1361884981421895680,negative,0.05378460301345363
1361884982596231168,negative,0.03501890977918644
1361884984756289536,neutral,0.49789225920557484
1361884985247096833,negative,0.00020636335243577074
1361884986077544449,negative,0.04479713725512996
1361884988640165895,negative,0.02062999430208849
1361884989051314182,negative,0.03501890977918644
1361884989588176903,negative,9.601289331495854e-09
1361884989600768000,negative,2.462497264869912e-07
1361884989713911808,negative,0.17143941624686013
1361884991186214912,negative,1.404354449424273e-06
1361884991215595520,negative,0.0005262916998594347
1361884991861514240,negative,0.000990050929999318
1361884995292381184,negative,0.057765934825724174
1361885054302101505,negative,3.473697725019859e-05
1361885056428630016,neutral,0.6537474969498027
1361885058534154242,negative,0.0033808357533134637
1361885058655748101,negative,0.0019366809666907883
1361885058714468354,neutral,0.4274047939449264
1361885061633740801,negative,0.06402702411774583
1361885063114199044,negative,0.009534454370286247
1361885064531968009,negative,0.0010402501994776266
1361885065433673728,positive,0.9811223267042918
1361885065635106827,negative,0.000990050929999318
1361885066712915971,negative,0.07686454854870137
1361885066931093505,neutral,0.48728019602140255
1361885066935345152,negative,0.0001017696916543579
1361885068336111617,negative,0.08647275825444502
1361885069485477888,negative,0.027347347924725353
1361885069644877831,negative,0.004086329021375562
1361885070559240193,negative,0.0014435211140411926
1361885070836068352,negative,0.0001017696916543579
1361885073272938497,negative,0.000990050929999318
1361885073679777792,negative,0.17110783127166218
1361885075290411011,negative,0.04579102056243331
1361885078968745985,negative,0.07736349569523265
1361885081510567943,negative,0.07498708948889324
1361885082923982848,negative,0.04288200283295488
1361885084777816067,negative,0.04010610667852894
1361885085025390592,negative,0.1246273950239621
1361885085386108929,negative,0.007998830110112733
1361885085390286849,neutral,0.4323510242933817
1361885087223062535,negative,2.1937056386795115e-09
1361885087709753347,negative,4.124607883911396e-06
1361885088754073600,neutral,0.46127768308170247
1361885090041716738,negative,0.05957797832934463
1361885091820109825,negative,7.461382137720118e-06
1361885092075892739,negative,0.00020352777735161911
1361885095725051907,neutral,0.4140063820085102
1361885099256664068,neutral,0.36014310329058447
1361885100443643904,negative,0.009534454370286247
1361885102234566658,negative,0.000990050929999318
1361885104113672195,negative,0.12156401893128603
1361885104684097538,negative,0.094780984489305
1361885105564749829,negative,0.009534454370286247
1361885106814783493,negative,0.04678270541966506
1361885107922034690,negative,0.11512770395002216
1361885108127625216,negative,0.011530502388091609
1361885108542734337,negative,0.009534454370286247
1361885109234851840,negative,0.0026572097068470685
1361885111105552389,negative,0.0001017696916543579
1361885112217063427,negative,4.413376902025267e-05
1361885112326098944,negative,0.04479713725512996
1361885112577753088,negative,0.005604325898129143
1361885112586166274,negative,0.2812124665127172
1361885114486038530,negative,0.023139963450933228
1361885115186470916,negative,0.016159207304463408
1361885116654620675,negative,1.609071433183641e-06
1361885117598294017,neutral,0.5217345507221479
1361885118399447044,negative,0.2864145558920463
1361885119254962176,negative,0.00021960282548487138
1361885120161062912,negative,0.00010597120423208348
1361885121947848704,negative,1.5256091004197041e-05
1361885122425991173,negative,0.0013013262272495055
1361885124787331072,negative,0.001133079425850937
1361885124833513473,positive,0.9779081525615942
1361885124959305729,negative,0.00043190620904043597
1361885126800642048,negative,0.10715633970361955
1361885129472413697,negative,0.000990050929999318
1361885129715638272,neutral,0.44525447722397243
1361885129749131272,negative,0.0006545677233999877
1361885131905130501,neutral,0.4083289334275003
1361885132278358018,negative,0.034864467066877146
1361885132286795779,negative,0.0005573682292579984
1361885133234708486,negative,0.004228761592593505
1361885134815973377,negative,0.03268067574937777
1361885136770498568,negative,0.004959303240017096
1361885137160536065,negative,0.000990050929999318
1361885138137673729,negative,0.016787884429364814
1361885141187104773,negative,0.09418084068739434
1361885141371650051,negative,0.0004920156931941813
1361885142986477570,negative,0.08139166745640421
1361885143154233345,negative,0.000881713494988595
1361885150804647944,neutral,0.4888596113959692
1361885155808395268,negative,0.016787884429364814
1361885159331663874,negative,0.00977459182658898
1361885159725785092,negative,0.05445065714083364
1361885160619220998,negative,0.0011273660141492346
1361885160665473025,neutral,0.4737554465528978
1361885160828985346,negative,0.0007506821447109022
1361885161588068359,negative,0.016787884429364814
1361885163576262656,negative,0.24135193359539248
1361885164150927361,negative,0.17110783127166218
1361885164343812099,negative,0.05583299329353172
1361885165119823872,negative,0.052656170055404676
1361885165535055874,negative,0.10076738517405706
1361885165707010053,negative,0.0009880485858576227
1361885165815914499,negative,0.009534454370286247
1361885165837033476,neutral,0.5495922250151081
1361885165983846400,negative,0.01241233477651955
1361885166336147457,negative,0.00018219271014103982
1361885168097755139,negative,0.000990050929999318
1361885169196683264,negative,0.010348346263269817
1361885169313980421,negative,0.0012461847418759407
1361885170169749507,negative,0.0004860873243864382
1361885170681348103,positive,0.9099856945133658
1361885170807152640,negative,1.657397507135356e-05
1361885172552073216,negative,0.0002977285144143152
1361885172908580864,negative,0.000990050929999318
1361885176180076548,negative,0.08647275825444502
1361885176750477321,positive,0.8449706451271007
1361885180403793929,negative,0.10715633970361955
1361885180458328065,neutral,0.4524116969384895
1361885180902871040,negative,0.14684600312153792
1361885181053988866,negative,0.000990050929999318
1361885181783793665,positive,0.8974056040274403
1361885181783797762,negative,0.000990050929999318
1361885181796261892,negative,3.6860439106232884e-05
1361885238595567622,negative,0.000990050929999318
1361885239396696064,negative,0.000990050929999318
1361885239954538497,negative,8.762007135534728e-07
1361885241607151618,negative,0.0136788355762505
1361885244480225281,negative,0.009534454370286247
1361885247474868224,negative,0.1550815349476316
1361885247747588097,negative,0.31793229079579644
1361885251472158720,negative,0.1993506234692496
1361885253179236352,negative,0.03501890977918644
1361885255809040384,negative,0.03222818308134103
1361885256773730307,positive,0.7461318321565278
1361885257339973632,neutral,0.49789225920557484
1361885259801976844,negative,0.004086329021375562
1361885261303537664,negative,0.023139963450933228
1361885263149092865,negative,0.004276054966630505
1361885266487640067,negative,0.004086329021375562
1361885266827309057,negative,0.048981831435994175
1361885267079008263,negative,0.011748033501187898
1361885267284606977,negative,0.016787884429364814
1361885268324802561,negative,2.714184250644384e-05
1361885269436239874,negative,0.009534454370286247
1361885269809487874,negative,0.015071903989231613
1361885270094848001,negative,0.07381387634661611
1361885270312947715,negative,0.0010214079039590927
1361885272766472192,negative,0.016787884429364814
1361885274544873476,negative,0.009534454370286247
1361885274582712322,negative,0.10572341373001781
1361885276956741634,negative,2.7279387673353513e-05
1361885277531340802,negative,0.00017143300941425624
1361885278550556672,neutral,0.44525447722397243
1361885282723913728,negative,0.01176256702119421
1361885283206139905,negative,0.12909418441821968
1361885285911511040,negative,0.2135140083070197
1361885286247133187,negative,0.0008395636729863769
1361885288092622849,negative,0.015588462689835316
1361885289493446656,negative,6.754169566903322e-07
1361885289589915653,negative,0.000990050929999318
1361885289589964801,negative,0.0009051685283884013
1361885292114939912,negative,0.1434131477054091
1361885293083820033,neutral,0.4323510242933817
1361885294266613760,negative,0.00020561807695836245
1361885294862106627,negative,2.5501353945551956e-08
1361885295810125824,negative,0.000990050929999318
1361885296195997702,negative,0.00228955506820205
1361885298276319234,negative,0.30177909943362036
1361885300654559232,negative,0.020439750413435046
1361885301677977606,negative,0.000990050929999318
1361885301799608321,negative,2.8863657154492706e-05
1361885303246626816,negative,2.9311910577961073e-06
1361885303389237250,negative,0.03983031260542193
1361885304383225856,negative,5.087596700994791e-06
1361885304735625217,negative,0.3081217853201809
1361885305951973381,negative,0.03910929061053395
1361885306610479107,negative,0.030461333279747257
1361885306694295553,negative,0.004477158111819105
1361885308200099840,negative,0.0001017696916543579
1361885308241993730,negative,1.551768013682817e-07
1361885308955074561,negative,0.000990050929999318
1361885309412253699,negative,2.1328169277588322e-07
1361885309491957764,negative,0.016787884429364814
1361885311584919553,negative,0.00020930911796022904
1361885314277638147,negative,0.000990050929999318
1361885314436927494,negative,0.11078730470781335
1361885314722201602,negative,4.723027050945373e-05
1361885315661783042,negative,0.04264267156964534
1361885316999708673,negative,0.038829650351802976
1361885317779779586,negative,0.0012248826903470734
1361885317842825219,negative,0.0033719874830862927
1361885317939175424,negative,0.016787884429364814
1361885318220185603,negative,0.004711532918898615
1361885318601924609,neutral,0.5031152102883177
1361885320573288450,negative,0.03490537139344192
1361885323207188483,negative,0.01869870988099018
1361885323454734337,negative,0.027797205136487417
1361885323702206464,negative,0.010583216072385555
1361885323811295232,negative,0.005604325898129143
1361885324641730563,negative,0.000990050929999318
1361885327409864707,negative,0.0002977285144143152
1361885328718577665,negative,2.1328169277588322e-07
1361885331121971202,negative,0.027306823983217477
1361885331419762689,negative,2.6315605087247658e-08
1361885333953138695,negative,0.08017114651707459
1361885335765078018,negative,3.4454078477687496e-06
1361885337157476355,negative,0.010348346263269817
1361885340521349126,negative,0.000990050929999318
1361885341016285191,negative,0.0468217707996781
1361885342773637126,negative,0.000990050929999318
1361885343146999815,negative,0.000990050929999318
1361885343453077504,negative,0.047377406779251216
1361885345655226368,negative,0.10054358213218693
1361885345978019845,negative,4.0458632810359776e-08
1361885347945267200,negative,0.0007238534699208375
1361885348876410880,negative,0.1857705298552376
1361885349593686021,negative,0.0045753990336115545
1361885350583558144,negative,0.0027112136421576644
1361885351040741377,neutral,0.4524116969384895
1361885351304921093,neutral,0.36014310329058447
1361885352697413635,negative,0.11786918771417619
1361885353037230081,negative,0.028744858147541973
1361885354027024390,negative,0.017984896579314208
1361885354064764936,negative,0.0017739390489092536
1361885355352461322,negative,0.009534454370286247
1361885355570528256,negative,0.0001017696916543579
1361885355927089154,negative,0.009534454370286247
1361885356195409921,negative,5.0064390054477175e-05
1361885356996653058,neutral,0.4062510222410361
1361885357294252039,negative,0.019790999148721282
1361885357298638848,negative,0.03953901178534526
1361885358397521921,negative,1.7419274233711128e-09
1361885358514970626,negative,0.047377406779251216
1361885360347893761,negative,0.000990050929999318
1361885361136427014,negative,0.00031645678148671557
1361885362402906113,negative,0.008902368515059272
1361885365607538688,negative,0.2812124665127172
1361885366274428928,negative,0.001891183580962971
1361885366861455364,negative,0.05077189061856603
1361885367377530880,negative,0.3274903280201044
1361885368094752768,negative,0.004414969729711277
1361885368174469120,negative,0.0002977285144143152
1361885370728607746,negative,0.008902368515059272
1361885371613802498,negative,9.144480654569534e-05
1361885372146470912,negative,0.018670538019969242
1361886457561042945,negative,0.047377406779251216
1361886459385544705,neutral,0.49789225920557484
1361886459494506503,negative,0.009534454370286247
1361886459695874050,negative,3.205723325444452e-05
1361886460740255744,negative,0.00458880824005503
1361886461650493446,negative,0.17530011606073342
1361886461721780228,neutral,0.5495922250151081
1361886462262837248,negative,0.02234678259203965
1361886464045416451,negative,0.0011960531776240052
1361886464947212289,negative,0.14054324153993597
1361886466423496705,negative,3.427475763378293e-05
1361886468386529280,negative,0.009534454370286247
1361886468529127433,negative,3.4454078477687496e-06
1361886469447684099,negative,0.12693968478489281
1361886470257192961,negative,0.004086329021375562
1361886472392048640,negative,0.011126057875935534
1361886474866679808,negative,0.000990050929999318
1361886475957067776,negative,1.0443057285004128e-05
1361886476594647043,negative,0.016787884429364814
1361886479505580038,negative,0.001891183580962971
1361886480185057281,negative,0.0009286375633135558
1361886480260562944,negative,0.000990050929999318
1361886480512258057,negative,0.00029586242015472913
1361886481405599744,neutral,0.4323510242933817
1361886481615384579,negative,0.07211524190255211
1361886482529718273,negative,0.000530817739499068
1361886484303917059,negative,0.16339530878233594
1361886484542947332,negative,0.07275257019330632
1361886488070266888,negative,0.12933257866339734
1361886488900829188,neutral,0.4568301658606895
1361886489215393793,negative,0.016787884429364814
1361886491434082306,negative,0.17110783127166218
1361886493787054080,negative,0.03764621513280413
1361886495561441282,negative,0.0009381859720637497
1361886497029427201,negative,0.03764621513280413
1361886499332116480,negative,2.6256569351448167e-06
1361886500976091136,negative,0.004414969729711277
1361886501404041220,negative,0.04070061241827201
1361886502159077379,negative,0.0011660166126244177
1361886502481977345,negative,0.32813009821506073
1361886503694180353,negative,0.00228955506820205
1361886504537239553,negative,0.017984896579314208
1361886504981835778,negative,0.0024265365763960507
1361886505954861058,negative,0.0004860873243864382
1361886506193977344,negative,0.009864037501071718
1361886507624194053,negative,0.04070061241827201
1361886507804610562,negative,0.0007581972719854928
1361886508173692929,negative,0.009534454370286247
1361886508668645383,negative,0.000990050929999318
1361886510245634050,negative,1.0400159312755063e-10
1361886511663308800,negative,0.018047424263207965
1361886514234408960,negative,0.004414969729711277
1361886515383717890,negative,0.002334060443721599
1361886515631161344,negative,0.03501890977918644
1361886516088340480,negative,0.0001017696916543579
1361886516423888898,negative,0.013093866652898361
1361886518046912517,negative,2.6315605087247658e-08
1361886518646816768,neutral,0.49789225920557484
1361886518810394625,negative,0.096006039373322
1361886518982377476,negative,0.0001754741171529254
1361886520035008514,negative,1.702605460910613e-06
1361886525420617729,negative,4.1667263003126424e-05
1361886525592633344,negative,0.004086329021375562
1361886526158893061,negative,0.00037481755379009077
1361886526993543169,negative,0.04070061241827201
1361886527098396672,negative,2.5599705971191196e-07
1361886528146984961,negative,0.2728313432342145
1361886529837219844,negative,2.2489342378536585e-05
1361886533532409858,negative,0.030652402786097776
1361886533905711109,negative,0.08545408379192729
1361886534501232641,negative,0.0885640614832503
1361886536690761730,negative,0.01678154902376081
1361886541950377985,negative,0.26758045903387917
1361886542009098241,negative,2.689657610305199e-05
1361886544370483200,neutral,0.4274047939449264
1361886544924078082,negative,0.005022452335517949
1361886545754611712,negative,0.000990050929999318
1361886546723540992,negative,0.03838901031456881
1361886547310600195,negative,0.00753060287639481
1361886548363509762,negative,0.001891183580962971
1361886549554642946,negative,0.0014435211140411926
1361886550167019522,negative,0.04070061241827201
1361886552587202565,negative,3.4454078477687496e-06
1361886553254092801,negative,0.00016683709452180575
1361886555518996481,positive,0.8661333256784889
1361886556785672194,negative,0.023139963450933228
1361886557930717185,negative,7.34614026602293e-05
1361886558106877954,negative,0.0003841467035484203
1361886560015245312,negative,0.0004127514285876195
1361886560539594752,negative,0.08545408379192729
1361886561898541062,neutral,0.3499352441185855
1361886563362213893,negative,0.017984896579314208
1361886565052612608,negative,0.2864145558920463
1361886565753094149,negative,0.005604325898129143
1361886566767943682,negative,0.009534454370286247
1361886567309078528,negative,0.00029700240582768237
1361886570610126848,negative,0.016639424006558257
1361886571029438464,negative,0.009534454370286247
1361886571289587716,negative,0.004086329021375562
1361886573239877641,negative,0.004711532918898615
1361886575336951811,negative,0.0885640614832503
1361886575416721408,negative,0.009534454370286247
1361886575941087234,negative,0.12693968478489281
1361886576540844032,negative,0.009534454370286247
1361886576603709440,negative,6.19600605397485e-05
1361886577518026754,negative,0.04070061241827201
1361886578226962435,negative,0.003872308510417506
1361886578726080512,negative,0.009534454370286247
1361886579158089729,negative,0.0037693652196063637
1361886580827389954,negative,0.00108612151427691
1361886580940668928,negative,0.3112256551110494
1361886581095870465,negative,0.004882357873523076
1361886582932971520,negative,0.01869870988099018
1361886675878752258,negative,0.14199760597152072
1361886676566437895,negative,0.08075100048998618
1361886677149474819,neutral,0.4542303419466057
1361886677787156481,negative,0.13790829785540254
1361886678512730112,negative,0.0001017696916543579
1361886679850713089,negative,0.000990050929999318
1361886679884161027,negative,0.004711532918898615
1361886679980630017,negative,0.08647275825444502
1361886680265879554,negative,0.009534454370286247
1361886681138298880,negative,0.000990050929999318
1361886684502188033,negative,0.18795859623648656
1361886685768867840,negative,3.6860439106232884e-05
1361886686985281542,negative,0.000553272366604666
1361886687740104705,negative,0.08647275825444502
1361886690231615495,positive,0.8933436291068888
1361886690852417537,negative,0.016639424006558257
1361886691271839744,negative,0.10715633970361955
1361886691309613062,negative,0.17110783127166218
1361886692773408771,negative,0.2266712339683429
1361886694153347076,negative,0.1409847189952398
1361886695461847041,negative,5.0064390054477175e-05
1361886696246239232,negative,0.009534454370286247
1361886697802387457,positive,0.8926748174753811
1361886698263646214,negative,0.009534454370286247
1361886702789406722,negative,0.009534454370286247
1361886704488095745,negative,0.009534454370286247
1361886707801595906,negative,0.0008073403992395449
1361886708552376321,negative,0.0003657016285940946
1361886710582370304,negative,0.00635733055112689
1361886710896992256,negative,0.03223848318333281
1361886712327254019,negative,0.005604325898129143
1361886713338081281,negative,0.03801610846604707
1361886716332814336,negative,0.0001017696916543579
1361886719600168963,negative,0.002157346534550224
1361886721353334784,negative,0.027306823983217477
1361886721835696129,negative,0.016913863642653758
1361886723140186112,negative,8.651060702187729e-05
1361886725010690049,neutral,0.5730983061923911
1361886725115695105,negative,0.015838207190660213
1361886726982160392,negative,0.0018951035200632622
1361886727955177476,negative,0.000990050929999318
1361886731742502912,negative,0.08647275825444502
1361886735488192514,negative,0.0062877297735551745
1361886737463582720,negative,3.623284048005791e-06
1361886741406310404,neutral,0.5983432279427474
1361886742010298370,neutral,0.49789225920557484
1361886742064824325,negative,0.00011377199848891727
1361886742962266112,positive,0.9779081525615942
1361886743113441283,negative,0.0137516537378562
1361886743117656068,negative,2.1328169277588322e-07
1361886744900030465,negative,0.009534454370286247
1361886745097289733,neutral,0.36014310329058447
1361886745105739778,neutral,0.4083289334275003
1361886746389213185,negative,0.08647275825444502
1361886747408359428,negative,0.000990050929999318
1361886747974463491,neutral,0.5495922250151081
1361886748436013056,negative,0.054082587372687826
1361886750604410883,negative,0.04479713725512996
1361886752718286848,negative,0.016787884429364814
1361886752781205504,negative,0.009534454370286247
1361886755549495296,negative,0.08905910029270307
1361886757155823619,negative,0.0885640614832503
1361886757990629382,negative,0.0009381859720637497
1361886758011568130,negative,0.02328989207061992
1361886758263169029,negative,0.0015343017638724213
1361886759349592067,negative,0.020778260831952923
1361886760423354368,neutral,0.4083289334275003
1361886760553226243,negative,0.04070061241827201
1361886761790636033,negative,0.17110783127166218
1361886761815785472,negative,0.0016362065226517546
1361886761991962625,negative,0.04479713725512996
1361886763774525440,negative,0.005604325898129143
1361886764617633794,negative,0.017984896579314208
1361886764676374528,negative,0.3293576492030899
1361886765309698049,negative,0.016913863642653758
1361886766236643332,negative,0.0005355367510211682
1361886766282776584,negative,0.10627692345395005
1361886768111443969,neutral,0.4545904767683513
1361886768950374400,negative,1.4392358066522324e-08
1361886770112172034,negative,0.12693968478489281
1361886771311751177,negative,6.056682356560118e-07
1361886773136273408,negative,0.007012372057657314
1361886773283090437,neutral,0.35362277955607824
1361886773962506240,negative,0.11786918771417619
1361886777217327104,negative,0.006960851393000874
1361886778601459716,neutral,0.36014310329058447
1361886779545182209,negative,0.017302050429354145
1361886780514045952,negative,0.03764621513280413
1361886780795084800,negative,0.040165065462446
1361886780799254530,negative,0.04070061241827201
1361886781365510147,negative,0.000990050929999318
1361886781956833281,negative,0.016639424006558257
1361886784926449665,negative,0.00011837807049561005
1361886786994208768,negative,0.00228955506820205
1361886787195588611,negative,1.404354449424273e-06
1361886787568693251,negative,0.08647275825444502
1361886787774291968,negative,3.4454078477687496e-06
1361886791788331010,negative,0.0005405703809150947
1361886791851266060,negative,0.017302050429354145
1361886793595981827,negative,0.009534454370286247
1361886794774683651,negative,0.000990050929999318
1361886795932311555,negative,7.345316273405353e-10
1361886799883288576,neutral,0.5734576952979002
1361886800168509440,negative,0.000990050929999318
1361886801745633282,negative,1.0580491634070429e-08
1361886802668359681,negative,0.000990050929999318
1361886802890665984,neutral,0.49789225920557484
1361886802945179648,negative,0.000990050929999318
1361886803838517249,negative,0.07845723621041598
1361886804354375681,neutral,0.5019061188429843
1361886805298085890,negative,1.2087174651762159e-10
1361886805876895752,neutral,0.5495922250151081
1361886806522933255,negative,0.011362394906680718
1361886810327162882,negative,0.000990050929999318
1361886810469658630,negative,0.0013283007203473461
1361886811417632768,negative,0.00028539918483224774
1361886811891589128,positive,0.9681443809410986
1361886812353032192,negative,0.0020455016366039557
1361886813019865088,negative,0.023559562580874365
1361886814319992832,negative,0.005604325898129143
1361886816316620802,negative,0.009534454370286247
1361886816790482949,negative,0.09577720064211888
1361886820313743364,negative,0.0006604007538425146
1361886821374976000,negative,3.6860439106232884e-05
1361886821458804740,negative,0.000519502121835846
1361886821873901572,negative,0.009534454370286247
1361886822238982144,negative,0.1774777048398505
1361886822679339008,negative,0.00025907712056535357
1361886822989766658,neutral,0.4274047939449264
1361886824071892995,negative,0.009534454370286247
1361886825737048066,negative,0.1147479964234831
1361886826986938374,negative,0.00108612151427691
1361886829717450753,negative,0.10715633970361955
1361886830686257153,positive,0.8449706451271007
1361886830703050753,negative,0.22609345239823056
1361886834595303427,negative,0.08004977919760763
1361886835178229762,negative,0.08647275825444502
1361886835329261569,negative,7.461382137720118e-06
1361886837619499008,positive,0.9078061749581985
1361886841142710272,negative,0.1347159052678316
1361886841188851712,negative,0.002890762295848429
1361886841226498048,negative,0.009312735289370055
1361886841310375938,negative,0.23507992725813048
1361886843122290691,negative,0.01280942493673239
1361886845206810626,negative,0.04070061241827201
1361886845668380675,negative,2.1328169277588322e-07
1361886846075232257,negative,0.0002977285144143152
1361886847207669763,negative,0.06663668783824335
1361886847945764866,negative,0.321837465712648
1361886849485127680,positive,0.9779081525615942
1361886849522954241,negative,0.11579010942057401
1361886850533773312,negative,0.0010914503845415539
1361886850756059136,positive,0.9513161540602653
1361886851787673601,negative,0.012284407794004557
1361886853813698561,negative,1.0583425010315732e-07
1361886894154518528,negative,0.03451709748792609
1361886895131791360,negative,0.0016831401120790917
1361886896729784320,negative,2.3428430184029944e-06
1361886897551867905,negative,3.700622176497225e-05
1361886897904234497,negative,0.000990050929999318
1361886901679120387,neutral,0.3661929626952795
1361886901792350208,negative,9.130682347670928e-05
1361886903037960193,negative,0.2746924791372493
1361886904120193025,negative,0.10715633970361955
1361886904346505219,negative,0.0008387056920893936
1361886905340735488,negative,0.000990050929999318
1361886905768415232,negative,0.04070061241827201
1361886908939436039,negative,0.012499452088667663
1361886910977896450,positive,0.8449706451271007
1361886911485403136,negative,0.014960669787443268
1361886915968913411,negative,0.004711532918898615
1361886919869820928,negative,0.000990050929999318
1361886920192626690,negative,0.09418084068739434
1361886921736269824,negative,0.04070061241827201
1361886923229454339,negative,6.226501197886164e-06
1361886923246174209,neutral,0.4524116969384895
1361886925943144448,negative,0.17110783127166218
1361886928275181572,negative,0.06663668783824335
1361886928983973889,negative,3.4454078477687496e-06
1361886929873227776,negative,5.219183497409914e-05
1361886933077684226,negative,0.000990050929999318
1361886933169930246,negative,0.0037777057052380066
1361886933270552577,negative,2.862595710497737e-14
1361886933484507136,negative,0.016787884429364814
1361886934168174592,negative,0.000990050929999318
1361886935690665984,negative,0.019131015119573946
1361886937221640194,negative,0.21672836614012883
1361886938366681089,negative,0.020018196568580747
1361886939092254720,negative,0.002547180176796286
1361886940262522883,negative,4.347257462823736e-05
1361886940279275520,negative,0.012832773952489428
1361886941629841408,negative,0.051336279047282427
1361886942418374656,negative,4.0458632810359776e-08
1361886943399866368,negative,0.001120175595835643
1361886943781548032,negative,6.789169981831323e-07
1361886943802490883,negative,0.000990050929999318
1361886944133791750,negative,0.04316765158906722
1361886945429884933,negative,0.009534454370286247
1361886946268741638,negative,0.002157346534550224
1361886947548004352,negative,0.038982606229581995
1361886948776833025,neutral,0.5495922250151081
1361886949431267329,negative,0.004864119650210575
1361886951125774338,negative,0.14684600312153792
1361886954732797955,positive,0.9422847990035318
1361886956397953025,negative,0.0074015055038723415
1361886958612602881,negative,0.018656544163592463
1361886964677570563,negative,0.00024292619579313076
1361886966409801730,negative,0.000990050929999318
1361886966736953344,negative,0.004086329021375562
1361886966925549569,negative,0.009534454370286247
1361886968188125185,positive,0.8122678756216416
1361886969010262016,negative,0.009534454370286247
1361886969505193985,negative,0.07736349569523265
1361886969668661251,negative,0.20977525211865014
1361886969987432451,negative,0.03341329596589055
1361886970192875520,negative,0.0014435211140411926
1361886970423758856,negative,0.0001017696916543579
1361886970595606529,negative,0.009534454370286247
1361886971552006146,negative,0.0004860873243864382
1361886973984526337,negative,0.016787884429364814
1361886974580293643,negative,5.351869158045998e-07
1361886975762997253,negative,0.005604325898129143
1361886975809097729,negative,0.06351413910277397
1361886978338349058,negative,0.009534454370286247
1361886979839963144,negative,0.00019003054884689303
1361886979873472518,negative,0.06290062732387425
1361886982272524292,positive,0.9779081525615942
1361886985422594048,negative,0.24490252709612087
1361886985900740608,negative,0.0001017696916543579
1361886986089472004,negative,0.04070061241827201
1361886987377119241,negative,0.017302050429354145
1361886988450807812,negative,3.596650337426734e-05
1361886989650448385,negative,0.03838901031456881
1361886992905228288,negative,0.08545408379192729
1361886993517604864,neutral,0.43744647884228444
1361886994415185920,negative,0.17110783127166218
1361886996214480897,negative,0.000990050929999318
1361886996784967680,negative,3.6860439106232884e-05
1361886997065916416,negative,0.10531917483591872
1361887001075712001,negative,0.026359891736440683
1361887001134456833,negative,0.04479713725512996
1361887002988273664,negative,0.0024265365763960507
1361887003273535488,neutral,0.4274047939449264
1361887008768077824,negative,0.03490537139344192
1361887010676494339,negative,3.900951348223251e-06
1361887011376947201,negative,0.009534454370286247
1361887011783720961,negative,0.11579010942057401
1361887012798816257,negative,0.04678270541966506
1361887015000813571,negative,0.17110783127166218
1361887015378288642,negative,0.08647275825444502
1361887016053571587,neutral,0.43744647884228444
1361887017194434560,negative,6.19600605397485e-05
1361887017857073153,neutral,0.43744647884228444
1361887020231102468,negative,0.014797860131435315
1361887020268875777,negative,0.012016444722435522
1361887021078372352,negative,0.032625218733690786
1361887021757833218,neutral,0.5495922250151081
1361887022726660096,negative,0.03772338599282148
1361887023087370240,negative,0.016639424006558257
1361887023364268036,negative,0.0009607862256545665
1361887025188786179,negative,1.4311175359099106e-07
1361887026770038788,negative,0.10959463138292411
1361887027604557826,negative,0.028793424695578277
1361887028611338243,negative,0.001015387327362847
1361887029961842691,negative,0.0004327829808490594
1361887031136239616,negative,0.10973550223352992
1361887032524464128,negative,5.1750287681499805e-06
1361887034269458433,negative,0.011126057875935534
1361887036538572803,negative,0.03842601268923733
1361887036714721282,negative,0.08647275825444502
1361887037125632005,negative,0.047898890930399826
1361887037155135488,negative,0.12693968478489281
1361887037960445952,negative,0.0014435211140411926
1361887039348748288,negative,0.0004821863431033923
1361887041793974273,negative,0.004504232962672696
1361887041823395843,negative,0.0005805869837977325
1361887042268000258,negative,0.030652402786097776
1361887048202936320,negative,0.009534454370286247
1361887051164090368,negative,0.09105298728149447
1361887051503730694,negative,0.016787884429364814
1361887052481130498,negative,5.810031717684127e-08
1361887052808269825,negative,0.0014960320904547555
1361887053206736897,neutral,0.48726554555987567
1361887053256953856,negative,0.016787884429364814
1361887054196592640,negative,0.0012461847418759407
1361887056910299141,negative,5.893574545186969e-07
1361887058189570049,positive,0.702121470577264
1361887058604736515,negative,0.0013842847013790965
1361887106998616066,negative,0.005604325898129143
1361887107195658242,negative,0.010545870988532383
1361887107774562308,negative,0.0008496953345485857
1361887109821435907,negative,0.016639424006558257
1361887110333165573,negative,0.009334452297920117
1361887112535154688,negative,0.005604325898129143
1361887112740667397,negative,0.17110783127166218
1361887112807743492,negative,0.00023615019053047537
1361887115206942720,negative,0.0002977285144143152
1361887116024811522,negative,0.23066639484587237
1361887116804960257,negative,0.001133079425850937
1361887118562328576,negative,0.14161800834439284
1361887118805528576,negative,0.1377883682260201
1361887120080699394,negative,0.10715633970361955
1361887120844013568,negative,0.03451709748792609
1361887122391719936,negative,0.000990050929999318
1361887124488880131,negative,0.000990050929999318
1361887125382324226,negative,0.000553272366604666
1361887125919047683,negative,0.006976774096290364
1361887128632889346,negative,0.0001017696916543579
1361887128666443777,negative,0.05957797832934463
1361887132994965509,negative,3.651307643538159e-05
1361887133036904453,negative,0.000990050929999318
1361887133141712897,negative,0.2042517137896546
1361887134597152768,negative,0.000553272366604666
1361887139324170241,negative,0.13790829785540254
1361887140947382272,neutral,0.49789225920557484
1361887142092374017,positive,0.9099856945133658
1361887142658641920,negative,8.46783500091624e-09
1361887143250059264,negative,0.0035525134327744883
1361887145351290883,negative,7.076070097744063e-11
1361887145603059715,negative,0.05921261699991274
1361887146051858433,negative,0.016639424006558257
1361887146227941376,neutral,0.49789225920557484
1361887146571931649,negative,0.03791627134522328
1361887147918295040,negative,0.0008395636729863769
1361887149801447427,negative,0.07770181468376303
1361887150573293574,negative,0.009534454370286247
1361887151689003008,negative,0.0004860873243864382
1361887152527839233,negative,0.005700102339582039
1361887154092339200,negative,0.009534454370286247
1361887154360770562,negative,0.24955026494900232
1361887155358994432,negative,0.17110783127166218
1361887156352991233,negative,0.10715633970361955
1361887156772380674,negative,0.004086329021375562
1361887160371044353,negative,7.042772305060136e-05
1361887161646219265,negative,0.037328090578812624
1361887162392862721,negative,0.0007581972719854928
1361887162480930816,negative,0.010686554670710936
1361887163252674563,negative,5.338963047372893e-09
1361887165895041024,negative,2.6743284854422935e-09
1361887166100623363,negative,0.00020636335243577074
1361887166364676097,negative,0.1204343694388746
1361887166763302912,negative,0.0004127514285876195
1361887166800924672,positive,0.9779081525615942
1361887167006601217,neutral,0.6527247472559132
1361887167308566528,negative,0.327378095563068
1361887168021618694,negative,0.018656544163592463
1361887169439272961,negative,0.06663668783824335
1361887171750330371,negative,0.0007581972719854928
1361887172375281670,negative,0.0009582382947890362
1361887172597440515,neutral,0.4275231783071356
1361887172723437569,negative,0.000990050929999318
1361887175147737091,neutral,0.3601599064650153
1361887175747334146,negative,0.013712259034365161
1361887176003366912,negative,0.14239930088059374
1361887176091439108,neutral,0.43744647884228444
1361887179987963907,negative,0.00019692275399311833
1361887180646473728,negative,0.013784941619571844
1361887183913762817,negative,0.0002977285144143152
1361887184677183492,negative,0.000990050929999318
1361887188137496576,negative,0.023139963450933228
1361887188141670402,negative,9.163778214895593e-05
1361887189626404865,negative,0.004086329021375562
1361887190243045378,negative,0.07800672398898323
1361887190263947269,neutral,0.49789225920557484
1361887191622942721,neutral,0.5083025386896863
1361887191916556289,negative,0.012736984385856744
1361887192591794177,neutral,0.43744647884228444
1361887193996877827,neutral,0.44117505596214035
1361887194076622848,negative,0.07381387634661611
1361887194152116225,negative,0.03587752557901605
1361887194919665666,negative,0.000990050929999318
1361887195481702400,negative,0.004946036219391363
1361887195519410178,negative,0.03801610846604707
1361887196287008768,neutral,0.49789225920557484
1361887198761607171,negative,0.016639424006558257
1361887199151718409,neutral,0.49789225920557484
1361887199252385793,negative,0.007608359349583687
1361887199294324736,negative,0.017984896579314208
1361887201571835908,negative,0.058160660963077024
1361887201819193345,negative,0.24977838472738464
1361887203543175171,negative,0.009534454370286247
1361887203727728640,negative,0.03764621513280413
1361887204105150464,negative,0.003004076355742447
1361887204428152834,negative,0.06663668783824335
1361887204910501890,neutral,0.43744647884228444
1361887205057265666,neutral,0.43744647884228444
1361887205766103040,neutral,0.45907047039827253
1361887205921275908,negative,0.021929175828097915
1361887208098070528,negative,0.009521116842395861
1361887212498022404,negative,0.08545408379192729
1361887214301569029,negative,0.001133079425850937
1361887215157010433,negative,3.427475763378293e-05
1361887215668908032,negative,0.0001017696916543579
1361887216667160578,negative,0.07409858964317478
1361887217556275202,negative,0.000990050929999318
1361887218269368322,negative,0.000990050929999318
1361887218705514499,negative,5.037223159632929e-06
1361887219963727873,negative,0.004414969729711277
1361887223768039424,negative,0.049383360786529565
1361887223814246400,negative,0.005604325898129143
1361887224221024260,negative,0.000990050929999318
1361887224246259719,negative,0.017763588429620416
1361887224631947265,negative,0.00029585291195155495
1361887225340780544,negative,3.4454078477687496e-06
1361887227123539977,negative,3.595346602029137e-05
1361887228629188608,neutral,0.5169027500863229
1361887229027753986,negative,0.08941844409604452
1361887229161824258,negative,0.01280942493673239
1361887230151843840,negative,0.027306823983217477
1361887230298529792,negative,0.3143796015097622
1361887231720448003,negative,0.03801610846604707
1361887234220122112,negative,0.009534454370286247
1361887235038195712,negative,0.0004127514285876195
1361887237915348998,negative,0.004086329021375562
1361887238162939904,negative,0.019989593375312815
1361887238523674624,negative,0.001133079425850937
1361887238825517056,negative,1.2801215259248375e-05
1361887240922816512,negative,0.000990050929999318
1361887241665208321,negative,0.0031232408397973534
1361887242751528960,negative,0.0885640614832503
1361887243842027529,neutral,0.38112541562092295
1361887244336914432,negative,0.0003819330517259733
1361887245058404352,negative,0.14424502942014927
1361887246941618176,negative,0.04070061241827201
1361887247512047616,neutral,0.5155757017156111
1361887248094957570,negative,0.00753060287639481
1361887248782925824,negative,0.08556303987542349
1361887249638584321,negative,0.0009880485858576227
1361887252863942664,negative,0.023139963450933228
1361887254117982210,neutral,0.5734576952979002
1361887259008458754,negative,3.682908760268129e-08
1361887260417884164,negative,4.0458632810359776e-08
1361887261617512451,negative,0.000990050929999318
1361887261831421952,negative,0.0001017696916543579
1361887262653440000,negative,0.01241233477651955
1361887266151542784,negative,0.00033264134545499626
1361887266591936514,neutral,0.5157797548060896
1361887269884469248,negative,3.427475763378293e-05
1361887270119346178,negative,0.0018910799043293344
1361887271054569473,negative,0.008492886999581421
1361887272078086144,negative,0.0062877297735551745
1361887273877463051,negative,0.17110783127166218
1361887275685208065,negative,0.0045753990336115545
1361887275697790979,negative,0.0006110790983654817
1361887278168178691,negative,9.878846216019161e-07
1361887280298926081,negative,0.00023869845777135915
1361887280756117507,neutral,0.4840635283313082
1361887280827412482,negative,0.000990050929999318
1361887281687244802,negative,0.09105298728149447
1361887281766932485,negative,0.08545408379192729
1361887281980858369,neutral,0.49789225920557484
1361887282261803008,negative,0.00016683709452180575
1361887285655003136,negative,0.00046911426860848937
1361887286678331393,negative,0.016639424006558257
1361887286833647618,negative,0.15631971052681595
1361887287236157444,negative,0.02062999430208849
1361887288389697537,positive,0.8974056040274403
1361887291032100872,negative,0.00029585291195155495
1361887294886711297,negative,0.000990050929999318
1361887294903435265,neutral,0.39274765723876304
1361887295159304193,negative,0.007777946154601166
1361887295285116928,negative,0.09539089519808715
1361887295872196608,neutral,0.6571677431475812
1361887297935966213,positive,0.75351816299624
1361887298758062081,positive,0.9923974351527612
1361887300683194369,neutral,0.43744647884228444
1361887301069119488,neutral,0.4791049154471783
1361887302352470022,negative,0.0009286375633135558
1361887306030993411,negative,0.000990050929999318
1361887306089652224,negative,0.1404861320541009
1361887306706284545,neutral,0.43744647884228444
1361887307150761990,negative,1.5765967627693481e-07
1361887308362973185,neutral,0.43744647884228444
1361887308513878023,negative,0.047377406779251216
1361887308845375490,neutral,0.57118337096114
1361887309709205504,neutral,0.4021801719088423
1361887310187495424,negative,0.001133079425850937
1361887310552342528,negative,0.04070061241827201
1361887311563272192,negative,0.12693968478489281
1361887312024645633,negative,0.004086329021375562
1361887312502812673,negative,0.000990050929999318
1361887319612141568,negative,0.000990050929999318
1361887320958521345,negative,0.07736349569523265
1361887321252114432,negative,9.685544555033043e-05
1361887321579278337,negative,0.0009571495298608335
1361887322275520512,negative,0.0001017696916543579
1361887326159458308,negative,0.0026718646847690027
1361887326625030149,negative,0.000990050929999318
1361887327077851136,negative,0.056587575303359686
1361887327933595658,negative,0.000990050929999318
1361887328151592967,negative,0.11804972993582741
1361887328260804608,neutral,0.5169027500863229
1361887331259711489,negative,0.07335783180469323
1361887331742076931,negative,0.030833088415582223
1361887333046308865,negative,4.941220607926476e-10
1361887333629521920,negative,0.3112256551110494
1361887334367641605,negative,0.01869870988099018
1361887334644535305,negative,3.4707563339898353e-06
1361887335596621825,negative,0.0001506940129966846
1361887335873445888,negative,0.0007806569203117144
1361887337181941762,negative,0.06323321189928266
1361887338109038596,negative,0.0024250592937566486
1361887339975434242,negative,0.07102364675937975
1361887340332019714,negative,0.000990050929999318
1361887341200162818,negative,0.016639424006558257
1361887342659842049,negative,6.293796690845377e-05
1361887343884591107,negative,0.0004860873243864382
1361887344543092736,negative,4.044966212286276e-06
1361887345683890177,negative,1.4792935553173997e-06
1361887345755254785,negative,0.009534454370286247
1361887346887712773,negative,0.10715633970361955
1361887348590596101,negative,0.000990050929999318
1361887351627259906,negative,0.00020636335243577074
1361887354810556424,negative,0.3143796015097622
1361887356647858176,negative,0.000990050929999318
1361887360603086850,negative,0.0003818333865726079
1361887362247196675,negative,5.7485416148393126e-05
1361887362314358789,negative,0.07381387634661611
1361887364570734593,positive,0.8721777939004143
1361887365904621568,negative,3.9048188416272334e-11
1361887366194073601,negative,0.12693968478489281
1361887367968264193,negative,0.004730195839511478
1361887371428589568,negative,3.427475763378293e-05
1361887372510691329,negative,0.0004127514285876195
1361887375664680962,negative,3.6860439106232884e-05
1361887379645161472,negative,0.00843825727159971
1361887382321176578,negative,0.006644825794298822
1361887383600443392,negative,0.009534454370286247
1361887385248759808,negative,0.009534454370286247
1361887385294839811,negative,0.030194909942513636
1361887386616160261,negative,0.009534454370286247
1361887387194961922,negative,0.006889579971302303
1361887394459492353,negative,8.416835725782805e-05
1361887397944909824,negative,0.000990050929999318
1361887399417176067,neutral,0.43744647884228444
1361887399513587714,negative,0.03801610846604707
1361887406178369541,negative,0.009534454370286247
1361887406509678597,negative,0.009534454370286247
1361887408313278466,negative,5.261727417770454e-05
1361887409324101633,negative,0.04070061241827201
1361887409848352769,negative,9.107777443554493e-06
1361887412201250816,negative,0.0001563183073524342
1361887413119893521,neutral,0.43744647884228444
1361887413346447361,negative,0.07821389094082137
1361887413438660609,negative,0.08647275825444502
1361887414801825794,negative,0.0885640614832503
1361887417381363713,negative,0.0001017696916543579
1361887418052276225,negative,0.004086329021375562
1361887418769690626,negative,0.00017024727121880674
1361887419247849472,negative,0.003876484204614759
1361887420275453956,negative,0.006462442209242635
1361887421063905292,negative,0.11786918771417619
1361887422624239618,negative,0.17110783127166218
1361887423068831749,negative,0.00028124586111928055
1361887423735726084,positive,0.9650878890361773
1361887425719631875,negative,5.202337307961723e-06
1361887426084536322,negative,0.0032740466827583955
1361887427070222342,negative,0.0026270300526412163
1361887427300904967,negative,0.00015418457969662886
1361887428437372929,negative,0.0016970465226232526
1361887430006034432,negative,0.0012704171310042485
1361887431235043329,negative,0.003078358824653202
1361887433164488705,negative,0.000990050929999318
1361887435794300928,negative,0.001133079425850937
1361887436033392644,negative,0.016639424006558257
1361887436230385664,negative,0.03451709748792609
1361887439812501504,negative,1.184244896852612e-10
1361887441259495426,negative,0.1342469136744849
1361887442735943680,negative,0.016639424006558257
1361887447383072772,negative,0.00029585291195155495
1361887448784130048,negative,0.07409858964317478
1361887449350344704,negative,0.0002977285144143152
1361887451132878851,neutral,0.35362277955607824
1361887451824984064,negative,0.0005311473147342016
1361887454475730946,neutral,0.43744647884228444
1361887455750873090,negative,0.000990050929999318
1361887457407606787,negative,0.17110783127166218
1361887459093737472,neutral,0.49625537642939327
1361887461815709699,negative,0.023559562580874365
1361887462633668609,negative,0.13790829785540254
1361887465716539392,negative,4.413376902025267e-05
1361887465758466048,negative,0.15416504200194206
1361887466664448001,negative,0.0007406399909560663
1361887468992270347,negative,3.1133187645037332e-06
1361887470971977729,negative,1.084823824827417e-06
1361887472024752130,negative,0.14733619196132924
1361887476881719300,negative,0.0003056986160515094
1361887479540969473,positive,0.9997435663971619
1361887483064164353,negative,0.027306823983217477
1361887485551280131,negative,0.020356013544931034
1361887490404147200,negative,0.002157346534550224
1361887491083624450,neutral,0.43744647884228444
1361887491968684041,negative,0.00045963795385846844
1361887492539113474,negative,0.11579010942057401
1361887492694298626,negative,0.000990050929999318
1361887493667266562,negative,0.016639424006558257
1361887496397869060,negative,0.002157346534550224
1361887497685524481,negative,0.2609016908026014
1361887498364985345,negative,0.3090979772780299
1361887499447074825,negative,0.02398020292045738
1361887500617322499,neutral,0.4059736904162872
1361887503188303877,negative,2.6315605087247658e-08
1361887505612763136,negative,0.009534454370286247
1361887505805680643,negative,0.013827122078835711
1361887506090905609,negative,0.19005865152677864
1361887506136895493,negative,6.604143662282138e-05
1361887507286228992,negative,3.7737043725875326e-08
1361887508972339202,negative,0.018026157949542196
1361887510452920320,neutral,0.4524116969384895
1361887512541622275,negative,0.0007158633460116815
1361887512923414531,negative,0.036019265995989806
1361887513477005312,negative,0.001891183580962971
1361887514160685059,negative,0.04380816347865611
1361887515754528769,negative,0.00010597120423208348
1361887517079920642,negative,0.04479713725512996
1361887528295542784,negative,0.040551587452106345
1361887528815575043,negative,0.004086329021375562
1361887529679659010,negative,0.009727817237798543
1361887529763561472,negative,0.14161800834439284
1361887530145120262,negative,0.0014435211140411926
1361887530753404931,negative,0.001891183580962971
1361887534192680962,negative,6.19600605397485e-05
1361887536579301379,negative,0.004086329021375562
1361887536814190592,negative,0.15630830276745175
1361887537170685956,negative,0.009534454370286247
1361887537409626115,negative,0.14564778650063684
1361887538026344451,negative,0.05816220909697329
1361887538441519109,negative,0.00025612713220817484
1361887538961506304,negative,0.0006263534106382463
1361887539481739268,negative,0.009534454370286247
1361887540224098307,negative,0.014960669787443268
1361887540626812929,negative,7.009028020783463e-09
1361887540912025600,negative,0.03501890977918644
1361887543680069634,negative,1.2876091462675612e-05
1361887546817449985,negative,0.020757563064043895
1361887550286286849,negative,0.0034133272940286155
1361887550600863745,negative,0.01678154902376081
1361887552085643266,positive,0.8449706451271007
1361887555600470023,negative,8.630629442379168e-14
1361887556972007426,neutral,0.38112541562092295
1361887557223673856,neutral,0.5983432279427474
1361887558205079554,negative,0.016787884429364814
1361887558381297664,negative,0.03458123345722618
1361887560247762945,negative,0.04221041857281824
1361887561845792770,negative,0.0014435211140411926
1361887564253257728,negative,0.0005438691215017732
1361887566862123010,negative,0.009534454370286247
1361887566874644481,negative,0.0003563555386966767
1361887568527245312,negative,0.00601735734632615
1361887568552480771,negative,0.017302050429354145
1361887569152245761,negative,0.01280942493673239
1361887570129395712,negative,0.11173290990844764
1361887570133663744,negative,0.08411092696622104
1361887570620264452,negative,0.07370417904254603
1361887571610107911,negative,0.0003146408590207403
1361887572734205952,negative,0.03451709748792609
1361887573845700622,negative,0.03764621513280413
1361887575196237825,negative,0.0071325852184430764
1361887575603105794,neutral,0.43744647884228444
1361887575619866624,negative,0.00025612713220817484
1361887576806875137,positive,0.8224869574185013
1361887577381482498,negative,0.0015343017638724213
1361887577838526465,negative,0.024329481724881367
1361887578337677316,negative,0.00010440962664558717
1361887579033993216,negative,0.004086329021375562
1361887580069916674,negative,0.05762913171589397
1361887580829188100,negative,2.1328169277588322e-07
1361887581223456771,neutral,0.4762179796061756
1361887583068905472,negative,4.413376902025267e-05
1361887584302096392,negative,0.2825245963010117
1361887584461484033,negative,0.07381387634661611
1361887585149329408,negative,0.01783695133542891
1361887586822860801,negative,0.08647275825444502
1361887587577774082,negative,0.023139963450933228
1361887588009836544,negative,0.08647275825444502
1361887589100380160,neutral,0.5364214748273817
1361887592539693058,negative,0.001891183580962971
1361887592820662273,negative,0.0011719495389295974
1361887593374179328,negative,8.03359552768624e-05
1361887593672024064,negative,1.3009361841749158e-06
1361887593877696512,negative,3.595346602029137e-05
1361887594032861186,negative,0.04070061241827201
1361887596289343490,negative,0.037209146369517276
1361887596352319489,negative,0.000990050929999318
1361887597031804930,negative,0.000519502121835846
1361887598193557508,negative,0.011126057875935534
1361887598197813251,negative,0.002157346534550224
1361887598982086656,negative,0.005998744250311864
1361887599166644224,negative,0.0008387056920893936
1361887600605159430,negative,0.00753060287639481
1361887600605335552,negative,0.10944822003342888
1361887601192493056,negative,0.15671077724786903
1361887603411324928,negative,2.0935438906719054e-08
1361887605030342656,negative,0.016639424006558257
1361887605462343684,negative,0.03838901031456881
1361887606141820930,negative,0.13430349644972273
1361887606431178752,negative,0.18257755894886069
1361887607286878211,negative,0.06693372327754489
1361887607769104384,negative,0.2453890182065073
1361887609816047616,neutral,0.43744647884228444
1361887613301510147,negative,0.009534454370286247
1361887614102622208,negative,0.03764621513280413
1361887616325591044,negative,1.3653999133431458e-05
1361887617034444801,positive,0.9764834962738704
1361887617500000256,negative,0.000990050929999318
1361887618871484418,negative,0.000990050929999318
1361887619311951875,neutral,0.5495922250151081
1361887619467083779,negative,0.0030209065273983566
1361887653713567754,negative,0.10959463138292411
1361887656079220738,negative,3.803078955039209e-07
1361887656418832384,negative,0.003375307088479699
1361887657698148359,negative,0.016639424006558257
1361887660328030208,negative,5.7485416148393126e-05
1361887660797689857,negative,0.22812399704143999
1361887661535936512,negative,0.004086329021375562
1361887662362275841,negative,0.0006393784614563571
1361887667953291264,negative,0.015198764517599302
1361887670998343680,negative,1.1509963413974011e-07
1361887672017580032,positive,0.9857202754365527
1361887672164179968,negative,0.024329481724881367
1361887673523273730,negative,0.016787884429364814
1361887674571902977,negative,0.002506148134311683
1361887675343638531,negative,0.0007666428370111485
1361887675565793283,negative,0.0024265365763960507
1361887676127969283,negative,0.005418327376080311
1361887677679882243,negative,0.07736349569523265
1361887679382773765,negative,3.4454078477687496e-06
1361887679818956802,negative,0.10818690146034726
1361887680565555207,negative,0.31793229079579644
1361887680989118464,negative,0.01869870988099018
1361887681152696321,negative,0.04218155038458252
1361887682046152708,negative,0.3228216224158623
1361887682675105794,negative,0.04070061241827201
1361887684923383808,negative,0.016787884429364814
1361887684956999680,negative,0.06130906111145856
1361887685300785159,negative,1.4511852952278768e-07
1361887685334491140,neutral,0.3304748067195808
1361887685535617024,negative,0.1771791862348512
1361887685665640450,negative,0.009534454370286247
1361887690690596865,negative,3.427475763378293e-05
1361887694041714688,negative,0.009534454370286247
1361887694641532935,negative,6.119246755170695e-05
1361887694939426820,negative,0.0021503191533075575
1361887695090376706,negative,0.019989593375312815
1361887696289988608,negative,0.003593763037832483
1361887697648971777,negative,0.000990050929999318
1361887698768822280,neutral,0.43744647884228444
1361887698768850944,neutral,0.4545904767683513
1361887700480110594,negative,0.009961406651952298
1361887702371749890,negative,0.01280942493673239
1361887705177595912,negative,0.004086329021375562
1361887708126265350,negative,0.07102364675937975
1361887710143795200,negative,0.040165065462446
1361887710198267904,negative,0.004086329021375562
1361887712391929856,negative,4.347724132169379e-08
1361887712995926019,negative,0.004086329021375562
1361887713281024005,negative,1.5621053989440494e-05
1361887717643067393,negative,0.002157346534550224
1361887725499125763,negative,0.005604325898129143
1361887725650026498,neutral,0.5495922250151081
1361887726912630786,negative,0.10715633970361955
1361887727222988802,negative,0.008801355342401673
1361887727462014978,negative,0.044712805593316474
1361887730377125891,negative,7.782898213396805e-05
1361887730968399873,positive,0.8022730875652471
1361887732281331712,negative,0.00017265216403648695
1361887732440719364,negative,0.0008387056920893936
1361887732734304257,negative,0.0015760266394674216
1361887736165265408,neutral,0.44525447722397243
1361887736953794560,negative,0.000990050929999318
1361887739210252289,negative,0.0004965955304617894
1361887740581789696,negative,1.3275210693292693e-05
1361887741181628418,negative,0.0019509162181003002
1361887741613662211,negative,4.2881835810432636e-09
1361887742469296130,negative,0.04678270541966506
1361887743131881472,negative,0.0034133272940286155
1361887743584980996,negative,4.456556012712856e-05
1361887745644384260,negative,0.04317162983509441
1361887747326300163,negative,0.0677422012322676
1361887749343698945,negative,0.01123193046224418
1361887750983716867,negative,0.0017878109315714258
1361887752229429248,negative,0.016639424006558257
1361887752275582977,positive,0.9779081525615942
1361887752426561537,positive,0.9665117063120675
1361887752925696001,neutral,0.43744647884228444
1361887756302098432,positive,0.8449706451271007
1361887756453093376,neutral,0.4545904767683513
1361887756885057537,negative,0.0010002361821155772
1361887757564596227,negative,0.011126057875935534
1361887759758204928,negative,0.00022326571768818245
1361887759955349504,negative,0.000990050929999318
1361887760806649856,negative,0.017984896579314208
1361887761242984448,positive,0.7087959685626134
1361887761251192834,negative,0.0019498059927792043
1361887762463543297,negative,0.0011960531776240052
1361887763042304000,negative,0.001891183580962971
1361887763134611457,negative,0.004938218626627332
1361887764191453186,negative,3.427475763378293e-05
1361887765147901953,negative,0.000990050929999318
1361887765198229508,negative,0.0010706856297044785
1361887766150283265,negative,0.1186213782514043
1361887766389420032,negative,0.047377406779251216
1361887767249047553,negative,9.405553330386685e-05
1361887767412826113,negative,0.044875719619390644
1361887769652563974,negative,0.001891183580962971
1361887770118094853,negative,0.016639424006558257
1361887772290605057,negative,0.03141977487015799
1361887772387196928,neutral,0.3996580091506196
1361887774815707137,negative,0.000990050929999318
1361887775377813504,negative,3.427475763378293e-05
1361887776656998402,negative,0.000990050929999318
1361887777005203457,negative,0.06449795712703821
1361887779177648128,negative,0.0076627860343016895
1361887779505004544,negative,0.016639424006558257
1361887781123809280,negative,0.06728252505347639
1361887781660852226,negative,0.07686454854870137
1361887782239543298,negative,0.16449090882587974
1361887783535730690,negative,1.4209297545374985e-05
1361887784655486980,negative,0.0026270300526412163
1361887790796070914,negative,0.23816210511894784
1361887791156785153,positive,0.912716782759701
1361887792607993856,negative,0.005604325898129143
1361887795757920257,negative,0.0062899480639258334
1361887797292990466,negative,0.18562011392368297
1361887799864082432,neutral,0.44846293211155425
1361887801046933504,negative,0.0004127514285876195
1361887801218912260,neutral,0.4524116969384895
1361887804649660419,negative,0.0019498059927792043
1361887805224460292,negative,0.03490537139344192
1361887806407249920,negative,0.00017650686116459747
1361887806470164480,negative,0.0004860873243864382
1361887808202407936,negative,0.021527398232078603
1361887811385909249,negative,0.0027902301117489503
1361887812233158657,negative,3.6860439106232884e-05
1361887812618919936,negative,1.404354449424273e-06
1361887814145761283,positive,0.6825616803036332
1361887818100916225,negative,5.219183497409914e-05
1361887819405414402,negative,0.11786918771417619
1361887821620011009,negative,0.0011197476733635448
1361887883074940928,negative,0.01280942493673239
1361887883385257984,negative,0.0315375708824792
1361887884110819333,negative,0.0885640614832503
1361887884815589376,negative,0.001441451471161714
1361887887126654977,negative,3.048361578812065e-05
1361887887663464451,negative,0.07994498918640447
1361887887705440258,negative,0.004086329021375562
1361887889953464321,positive,0.6960033128418117
1361887890461122562,negative,0.00025369398835953623
1361887894726705152,negative,0.019131015119573946
1361887895238287362,negative,2.6743284854422935e-09
1361887895494287362,neutral,0.5495922250151081
1361887896261849089,negative,1.3561749049646128e-06
1361887898291724291,negative,0.07275257019330632
1361887899176820740,negative,0.009534454370286247
1361887900019941376,negative,1.990561779027119e-07
1361887900158341121,positive,0.9779081525615942
1361887900233777153,neutral,0.41193474847754386
1361887902167277572,positive,0.8449706451271007
1361887902725263362,negative,2.1328169277588322e-07
1361887903283109891,negative,0.047377406779251216
1361887903786369025,neutral,0.43744647884228444
1361887903849275400,negative,0.15630830276745175
1361887906739052546,negative,0.0019498059927792043
1361887906814701570,negative,0.07853382066223702
1361887907678674944,neutral,0.5495922250151081
1361887908014219264,negative,0.016787884429364814
1361887908110680064,negative,0.18558655023184925
1361887910161768450,negative,0.002157346534550224
1361887910870532096,negative,5.087596700994791e-06
1361887912535728130,negative,0.018876846760010713
1361887914385428480,negative,0.04479713725512996
1361887914511241217,negative,0.0001017696916543579
1361887916000219136,positive,0.912716782759701
1361887918604738567,negative,0.03451709748792609
1361887918672011265,negative,0.009534454370286247
1361887918889918467,negative,0.047377406779251216
1361887919787499522,negative,0.009534454370286247
1361887920408440832,neutral,0.49789225920557484
1361887920664285185,negative,0.016639424006558257
1361887922757246978,negative,0.023139963450933228
1361887923336019969,negative,0.13289938765269313
1361887923352842240,positive,0.8449706451271007
1361887923562545152,negative,0.04070061241827201
1361887924665544713,negative,0.15044900279643708
1361887925479174161,negative,0.0014435211140411926
1361887925785432067,negative,0.01869870988099018
1361887926720884737,neutral,0.3423137105576101
1361887927081467904,negative,0.04070061241827201
1361887927584907264,negative,0.02328989207061992
1361887927870095360,negative,9.405553330386685e-05
1361887929019363330,negative,0.004081398008391296
1361887929073881088,negative,0.06693372327754489
1361887930042695682,negative,0.00016683709452180575
1361887930235695110,negative,0.016639424006558257
1361887931322028032,neutral,0.43744647884228444
1361887931581956096,negative,0.015588462689835316
1361887932592840705,negative,2.1328169277588322e-07
1361887933515636740,neutral,0.49789225920557484
1361887937349251074,negative,0.0032238048628010912
1361887941518233601,negative,0.004086329021375562
1361887941853810690,positive,0.7113310902910641
1361887942831202308,neutral,0.5907587856838025
1361887944630538241,negative,0.000990050929999318
1361887945649717251,negative,0.000990050929999318
1361887946362806272,negative,0.003809814404607409
1361887950099812356,negative,0.018656544163592463
1361887950632583169,negative,0.0009750834517751964
1361887951286919169,negative,8.112706169412664e-06
1361887953077874694,negative,0.20839043604536187
1361887954243878913,negative,1.7212606625038356e-05
1361887957947457536,negative,0.016639424006558257
1361887960715698179,negative,0.04070061241827201
1361887964683526144,negative,0.009534454370286247
1361887965916487683,neutral,0.5834808953039838
1361887967988563968,negative,0.3193349480579587
1361887970194767873,neutral,0.4274047939449264
1361887970685517830,negative,0.08647275825444502
1361887971708928010,negative,0.03458123345722618
1361887975974588420,negative,0.0004127514285876195
1361887977845248000,negative,0.01241233477651955
1361887982245060610,negative,0.11579010942057401
1361887983067103233,negative,0.061929824080653895
1361887983419281412,negative,0.023139963450933228
1361887984069484546,negative,0.00635733055112689
1361887984379981828,negative,0.007490607477221883
1361887985952837632,negative,0.004661592185190833
1361887986128945152,negative,0.000990050929999318
1361887989182439425,negative,0.04070061241827201
1361887991044714500,negative,0.011974930520505495
1361887991980044288,negative,0.0009582382947890362
1361887994739884036,negative,0.09360471386628004
1361887994932834307,negative,0.002157346534550224
1361887996715360257,neutral,0.39274765723876304
1361887997994565635,negative,0.0677422012322676
1361888000813244417,positive,0.9452577371968778
1361888004013502464,negative,0.019989593375312815
1361888004445532162,neutral,0.4545904767683513
1361888004999049224,negative,2.6315605087247658e-08
1361888005313683457,negative,0.32537497977769414
1361888008677416962,negative,0.000990050929999318
1361888010581729285,negative,0.00012229849133061016
1361888010753744897,negative,6.19600605397485e-05
1361888011923906566,neutral,0.35362277955607824
1361888012267839489,negative,0.000990050929999318
1361888012880207878,negative,0.001891183580962971
1361888013265985536,negative,0.001052817395594159
1361888013442183171,negative,0.047377406779251216
1361888018605486083,negative,9.232623744432336e-10
1361888018798370822,negative,0.0006227234103339508
1361888020572553217,negative,0.0468217707996781
1361888021327577093,neutral,0.5495922250151081
1361888021478596611,negative,0.019790999148721282
1361888022476775426,negative,3.7223975780480367e-07
1361888022699073536,negative,0.006976774096290364
1361888024485912576,negative,0.000990050929999318
1361888024892608512,negative,0.01869870988099018
1361888025505124355,neutral,0.43744647884228444
1361888025798672384,negative,0.04070061241827201
1361888025815433220,negative,0.09235147311503467
1361888026100527116,negative,0.017984896579314208
1361888028550172680,negative,0.0011828984387764025
1361888029082750980,negative,0.0008387056920893936
1361888030533984258,negative,9.13655775668324e-06
1361888030768984064,negative,0.0007581972719854928
1361888031540658177,negative,0.0005754824463201192
1361888032387956739,negative,0.04479713725512996
1361888032413089792,neutral,0.39010470225120686
1361888033386098689,negative,0.03696365454460867
1361888034124398593,negative,0.06596196037722946
1361888034657099777,negative,0.0028473996535249776
1361874223124205578,neutral,0.49789225920557484
1361874307484422148,negative,1.1353540031975196e-05
1361874898499608576,negative,0.23254464353589147
1361874946469822470,negative,0.3278716414651301
1361874999297118208,negative,1.3129676936257667e-06
1361876282821271552,neutral,0.34533447752142954
1361876907420225536,negative,0.019941328861316044
1361878389645262851,negative,1.7600028756591486e-07
1361878666708410379,negative,0.0007142216419688702
1361878906769465344,negative,0.0455563163030851
1361878911588708360,negative,0.0455563163030851
1361878991796391940,negative,0.0455563163030851
1361878997353836549,negative,0.0455563163030851
1361879026898526210,negative,0.0455563163030851
1361879046565621762,negative,0.0455563163030851
1361879056246046724,negative,0.0455563163030851
1361879310332796929,negative,0.0455563163030851
1361879322361880579,negative,0.0455563163030851
1361879428121452544,negative,0.0455563163030851
1361879508689772545,negative,0.0455563163030851
1361879875640983554,negative,0.08838551688713604
1361880334166540288,negative,0.0455563163030851
1361882050228289537,negative,7.082148455741347e-05
1361882116800315392,negative,0.0001876612015154857
1361882141840183297,negative,0.0455563163030851
1361882461681106946,negative,0.09789928535029414
1361882483084709890,negative,0.18958119149990083
1361882586444931072,negative,0.08503686679435954
1361882618472456193,neutral,0.49789225920557484
1361883085818716160,negative,0.0159618465864896
1361883274159783944,negative,0.00585871405040886
1361883331831365632,neutral,0.49789225920557484
1361884243207487488,negative,0.00585871405040886
1361887985738809344,negative,0.0455563163030851
1361873061318963202,negative,6.877610338177961e-16
1361873249353801729,negative,0.21921412548362115
1361873565683908616,neutral,0.592573151279055
1361875863294337031,negative,0.0018275540075011992
1361877012269256708,negative,0.04835945839807176
1361877524460957700,negative,0.020798640833875524
1361879740882288641,negative,0.0004987009291956406
1361882189437300738,negative,0.026595337175508854
1361883006139564035,negative,7.34103538150694e-06
1361884682107846659,negative,0.04835945839807176
1361884914157764613,negative,0.02450249223684958
1361886694266593280,negative,8.328433209715337e-11
1361874795864940545,neutral,0.33986666761392453
1361875034940276737,neutral,0.49789225920557484
1361875092012232706,neutral,0.49789225920557484
1361875309209903107,negative,0.18324583259617166
1361875475954499584,neutral,0.49789225920557484
1361875915194662913,negative,0.31297629297090124
1361876076151119872,neutral,0.49789225920557484
1361876179624620034,negative,0.31297629297090124
1361876202609381377,neutral,0.49789225920557484
1361876487167688704,negative,0.31297629297090124
1361876544055095297,neutral,0.49789225920557484
1361876870791323654,neutral,0.49789225920557484
1361879750243852292,neutral,0.49789225920557484
1361879848478797825,negative,0.0023215162369332547
1361880114452127745,negative,0.013746390842007893
1361880550210961408,negative,0.12241035175643152
1361883048523034629,negative,6.798468856428684e-05
1361883876734369797,negative,0.31297629297090124
1361884440713027588,neutral,0.49789225920557484
1361886555074416642,negative,0.0005094876287910939
1361886634317340682,neutral,0.49789225920557484
1361887383831126016,negative,6.798468856428684e-05
1361887644792274944,negative,0.036019265995989806
1361887874635948032,negative,0.31297629297090124
1361873000438652929,negative,0.0002625574903106137
1361873004427370496,negative,0.025735131440666074
1361873023591059456,negative,6.164844462580073e-05
1361873026443272192,negative,6.852631781995551e-05
1361873038543908864,negative,1.5010035428993892e-06
1361873066092077056,negative,0.13273139445032736
1361873066914103296,negative,0.001976082152742264
1361873068927377411,negative,0.15132037975394425
1361873073952202753,negative,0.10310740025076343
1361873079278985227,negative,0.03093650025424017
1361873086560223234,negative,0.013313904786300965
1361873087638228994,negative,0.014806950393226785
1361873087990542337,negative,0.007412268597791844
1361873097016680452,negative,3.6183174187594445e-05
1361873106730639360,negative,0.10310740025076343
1361873148594049027,negative,0.2025027267870489
1361873156609302528,negative,0.000950126559770004
1361873172514148354,negative,1.1449991419187443e-05
1361873175907356674,negative,4.403575228655614e-06
1361873178356822017,negative,1.292662747147739e-07
1361873185940115458,negative,0.006163138742561878
1361873196484591617,negative,0.00021254205325933875
1361873209642135555,negative,0.04349880997249904
1361873214847266819,negative,0.0003076056962548066
1361873217061867523,negative,0.005038656097116986
1361873252369502210,negative,0.001976082152742264
1361873259638194176,negative,6.852631781995551e-05
1361873273005301766,negative,4.403575228655614e-06
1361873275853410309,negative,0.04613154888012725
1361873282178383877,negative,0.0007467203238352394
1361873285517033473,negative,4.403575228655614e-06
1361873288251772929,negative,0.00044620036957569243
1361873298494279680,negative,0.0003076056962548066
1361873313765744645,negative,0.00043571909008273803
1361873327523065857,negative,2.733768461883724e-16
1361873335320256512,neutral,0.49789225920557484
1361873343520063488,negative,4.403575228655614e-06
1361873348863684617,negative,6.004236684307937e-05
1361873376143360004,negative,0.18380611224966756
1361873396074692609,neutral,0.49789225920557484
1361873401019777024,negative,6.853838490735216e-06
1361873402680774659,negative,0.03156538253414007
1361873408531775488,negative,4.403575228655614e-06
1361873414055624706,negative,1.6495377197885074e-12
1361873421358034945,neutral,0.49789225920557484
1361873429155221504,negative,0.022082259420921842
1361873442669264898,negative,0.03093650025424017
1361873451238178816,neutral,0.6166747953299241
1361873455503802370,negative,7.132812572275116e-05
1361873463405924354,negative,0.013313904786300965
1361873465805074433,negative,5.428519400074479e-10
1361873469458305027,negative,0.0004860873243864382
1361873481122643968,negative,0.007903870484930594
1361873484452929537,negative,4.403575228655614e-06
1361873487271497728,negative,0.0003076056962548066
1361873488898904067,negative,0.013313904786300965
1361873495685144579,negative,0.025221948342158337
1361873495689420801,negative,4.683924099376785e-07
1361873505030176768,negative,0.0002006796682405361
1361873513376800770,negative,0.001978064407119699
1361873522138693633,negative,0.03093650025424017
1361873534998507523,negative,0.07746238663321876
1361873536332288002,negative,0.0038122012096896826
1361873539020775426,neutral,0.49789225920557484
1361873546822180873,negative,3.802416943935844e-18
1361873565855997956,negative,6.827074158043927e-06
1361873567747555330,negative,7.787051726916901e-14
1361873569546919938,negative,0.009653525124651886
1361873595241287684,negative,4.403575228655614e-06
1361873647347113985,negative,0.003697477059179136
1361873667597164552,negative,1.4386186256004734e-05
1361873669664903169,neutral,0.3889532389101789
1361873700304347139,negative,0.013313904786300965
1361873726845952000,negative,0.000101939963343991
1361873735213604865,negative,0.0007917442116921902
1361873743283449856,negative,8.402360597551186e-13
1361873750367567877,negative,0.023687884022805847
1361873754440278017,negative,3.8738610059607087e-07
1361873755665031169,negative,0.03585419686002086
1361873791069134848,negative,0.09674129870842177
1361873791387844613,negative,2.630957015074846e-07
1361873796119068675,negative,2.5955492020208523e-05
1361873815614152708,negative,0.0016126796787520156
1361873827207278599,negative,4.403575228655614e-06
1361873842625536000,negative,0.04265650026729302
1361873854373707776,negative,6.164844462580073e-05
1361873868626026498,negative,1.3292648918632561e-05
1361873879262769160,negative,0.04244176448308886
1361873888771268616,negative,0.0013282788473471586
1361873907284869120,negative,3.0838169972344325e-07
1361873917988716544,neutral,0.49789225920557484
1361873918064222215,negative,0.000247033493250548
1361873935034441729,negative,0.04813341168370818
1361873935621619714,negative,0.000101939963343991
1361873944337289221,negative,0.0677776821963871
1361873947676016647,positive,0.8777834768096179
1361873967875776512,negative,0.004435031074016284
1361873970967044097,negative,0.0004860873243864382
1361873973634605056,negative,0.0004860873243864382
1361873984929824769,negative,0.08324767320602262
1361873986272034820,negative,5.217133522548679e-05
1361873986691477506,negative,0.04316199424230821
1361873989954592769,negative,1.865179480600667e-05
1361873990730539010,negative,0.0004860873243864382
1361874007495217157,negative,0.0013356657067183566
1361874016085106690,negative,0.0003076056962548066
1361874024230346755,negative,0.000704238363854194
1361874027313258497,negative,0.0016302326227824449
1361874027330035716,negative,1.1163548363510326e-06
1361874027334230018,negative,0.0004860873243864382
1361874034410029060,negative,3.559192034190258e-08
1361874035651534853,negative,0.03093650025424017
1361874051095027713,negative,0.022932789737611044
1361874066240647169,negative,5.069705680352172e-09
1361874070011265040,negative,0.0024204047187340767
1361874072796291086,negative,4.194162310306895e-06
1361874075627446280,negative,0.1239997870346774
1361874082401247234,negative,0.0007610766608787932
1361874083437178884,negative,0.02149105777758893
1361874089221230593,negative,4.5402372601238816e-17
1361874090458550278,negative,2.2448117504066506e-08
1361874096431239171,negative,0.0003076056962548066
1361874100755513346,negative,4.403575228655614e-06
1361874105323057158,negative,6.164844462580073e-05
1361874106904412163,negative,2.0245911761718456e-05
1361874109425192964,negative,6.01071997403892e-08
1361874118623248395,neutral,0.49789225920557484
1361874118791069698,negative,4.403575228655614e-06
1361874134674849792,negative,0.044698755911816365
1361874141645844480,negative,0.0009535345506236513
1361874147534659585,negative,4.403575228655614e-06
1361874178341801984,negative,1.0817662408377719e-05
1361874178488549376,negative,0.013300066166982028
1361874184750698496,negative,0.001976082152742264
1361874188798222338,negative,4.403575228655614e-06
1361874203012653057,negative,5.522354372582553e-06
1361874204421931011,negative,2.1622044072531043e-13
1361874209358577664,negative,0.00040546580614387283
1361874210612670469,negative,6.164844462580073e-05
1361874212357554184,negative,0.000247033493250548
1361874218124722176,negative,1.390890168934097e-08
1361874234218344448,negative,0.05583299329353172
1361874237217251334,negative,0.24582560065129877
1361874242170544132,negative,0.007322893355336753
1361874258851487752,neutral,0.49789225920557484
1361874259254136832,negative,2.1143247310628357e-06
1361874263612018691,negative,3.089493888338492e-05
1361874265948225537,negative,1.2071566370119736e-08
1361874265990197248,negative,0.04184084086853957
1361874268276088833,negative,0.029025259374568364
1361874274873724929,negative,0.001976082152742264
1361874308553994241,neutral,0.49789225920557484
1361874315352944643,negative,0.03093650025424017
1361874319794728961,negative,6.004236684307937e-05
1361874319916359684,negative,4.403575228655614e-06
1361874322831388680,negative,0.010747963851275253
1361874346285797379,negative,6.164844462580073e-05
1361874358692696064,negative,2.158317672136791e-11
1361874375465709571,neutral,0.49789225920557484
1361874390095388680,negative,0.0023826137420427623
1361874410173464579,negative,6.229480871165107e-06
1361874411255705603,negative,0.023181591194599928
1361874420755759105,negative,4.211111379469741e-14
1361874420877426689,neutral,0.49789225920557484
1361874423545028609,negative,5.428519400074479e-10
1361874437994393601,negative,2.8009817422374754e-06
1361874454981337094,negative,0.03093650025424017
1361874461411057673,negative,0.007722693463804941
1361874464472989697,negative,2.8009817422374754e-06
1361874470995185669,negative,0.00611093812661345
1361874485444509698,negative,0.0003498542808054272
1361874488426721280,negative,9.820993223732039e-05
1361874489076838408,negative,0.0006036353012005906
1361874502305656837,negative,0.01937728052194753
1361874512195825667,negative,6.940294157517638e-11
1361874512925646849,negative,0.0007917442116921902
1361874516520165382,negative,0.004297946501134151
1361874516851519488,negative,2.8009817422374754e-06
1361874561571119106,negative,0.0003302038696648925
1361874562854576133,negative,8.205473245045953e-08
1361874578805506048,neutral,0.49789225920557484
1361874579300442114,negative,0.000704238363854194
1361874593334575104,negative,6.164844462580073e-05
1361874595423354881,negative,0.03093650025424017
1361874635504168964,negative,0.0003076056962548066
1361874652625309697,negative,0.002658764741877945
1361874655011889158,negative,0.01319619264870236
1361874655171198982,negative,4.403575228655614e-06
1361874655393566720,negative,0.00037007885730734656
1361874675740114946,negative,0.0003076056962548066
1361874680400007173,neutral,0.34893805435584535
1361874680798457856,negative,6.827074158043927e-06
1361874693112950784,neutral,0.4393554700245631
1361874705964269570,negative,0.0021298097023558947
1361874707558055938,negative,1.834865773198387e-09
1361874711781773314,negative,4.40138392517289e-11
1361874724456980482,negative,4.403575228655614e-06
1361874724469563392,negative,0.000101939963343991
1361874744023351301,negative,2.8925607730802013e-06
1361874756895703045,neutral,0.49789225920557484
1361874779972636676,negative,4.1136672277700126e-10
1361874784687185921,negative,3.1618694144399954e-09
1361874787509948419,negative,0.003319633560366384
1361874788982140933,negative,0.08995778792558602
1361874796070531079,negative,0.001976082152742264
1361874819952898050,negative,0.16232634219199013
1361874856585940993,negative,0.05921261699991274
1361874865087733760,negative,0.0012905199947271717
1361874874130698244,negative,0.00847545161765509
1361874905600565257,negative,0.0004860873243864382
1361874910927331328,negative,0.001976082152742264
1361874920293163010,negative,0.0015355664576617186
1361874920796540934,negative,0.0055026738704981645
1361874924575539202,negative,0.02454928676769893
1361874925947146245,negative,0.013313904786300965
1361874927075422208,negative,0.16232634219199013
1361874951935057923,negative,3.0031165547212585e-06
1361874967424602114,negative,0.003697477059179136
1361874968049561605,negative,0.0020153179403075987
1361874984864522245,negative,0.000275647942650688
1361874998927982596,negative,0.02712072964822066
1361874999380967437,negative,1.8705453154512954e-07
1361875012039434240,negative,0.02712072964822066
1361875012517519361,negative,1.5851329813349732e-07
1361875014950207492,negative,0.0023586975477683843
1361875020117651456,negative,0.000519502121835846
1361875025893199875,negative,0.16232634219199013
1361875026400718849,negative,0.08995778792558602
1361875069341990914,negative,0.009777056591158278
1361875071141306368,negative,0.0004860873243864382
1361875075713097737,negative,0.26280756351776663
1361875078300991488,negative,2.920387427153171e-07
1361875099524206592,negative,0.007048471817422029
1361875112513921026,negative,0.0005213003440376765
1361875115294662656,negative,0.1372479198586942
1361875130822049795,negative,0.28966587320030074
1361875149021204485,negative,2.8009817422374754e-06
1361875152485679104,negative,0.0002625954336459014
1361875153660088320,negative,0.00847545161765509
1361875170575716352,neutral,0.6568769788566396
1361875185138348032,negative,0.02712072964822066
1361875185754927112,negative,0.03284409759208058
1361875192092442627,negative,0.02712072964822066
1361875192755150848,neutral,0.49789225920557484
1361875230285824002,negative,0.08995778792558602
1361875230743015424,negative,7.386988424355738e-05
1361875237307039747,negative,6.08843113962932e-05
1361875245171367938,negative,0.000704238363854194
1361875254835093505,negative,0.0003076056962548066
1361875283981324294,negative,0.0006036353012005906
1361875292747358208,negative,1.5662257833012153e-06
1361875308551503872,negative,0.2541875905354673
1361875309415522307,negative,0.000519502121835846
1361875318848565251,negative,1.9549590555693334e-07
1361875329451704320,neutral,0.4390449195078435
1361875329887985665,negative,0.00041652451160750873
1361875342735114241,negative,0.013313904786300965
1361875356848975875,negative,4.403575228655614e-06
1361875374297264130,negative,0.03093650025424017
1361875391200198669,negative,2.393116524942467e-12
1361875391858753536,negative,0.1311530228529152
1361875423236390912,negative,0.10310740025076343
1361875426453372935,negative,0.0039021654644714365
1361875444409237504,negative,6.08843113962932e-05
1361875445038350338,negative,0.03093650025424017
1361875457621323776,negative,0.004435031074016284
1361875464671940608,negative,0.00024663400653996656
1361875466240610305,negative,0.037616724361476075
1361875468484550656,negative,9.053914710875238e-06
1361875472905170945,negative,4.627236981815777e-05
1361875487702872066,negative,4.622355603723394e-05
1361875493755224069,negative,4.403575228655614e-06
1361875500503826432,negative,1.1420045986986936e-05
1361875507990593544,negative,0.26932838725308433
1361875515167105025,negative,0.04813341168370818
1361875516727300096,negative,8.275810755576052e-07
1361875524973395968,negative,0.014727128990156772
1361875536738402307,negative,0.013313904786300965
1361875545177341953,negative,0.05412460138047365
1361875551661793287,negative,0.00018697403637169005
1361875576332685314,negative,0.23272975113395158
1361875577964265474,negative,0.02712072964822066
1361875587279765506,negative,0.0003076056962548066
1361875601297186828,negative,0.24756924031255062
1361875612391133187,negative,0.003697477059179136
1361875620242808842,negative,0.0006036353012005906
1361875622839144454,negative,0.04244176448308886
1361875657224052736,neutral,0.6166747953299241
1361875658486538246,negative,4.77626881060771e-08
1361875671937658885,neutral,0.49789225920557484
1361875672768126978,negative,0.002598567000649749
1361875679491592193,negative,2.8009817422374754e-06
1361875682331160577,negative,0.03093650025424017
1361875708377718784,negative,0.0042072208285311025
1361875733874941955,negative,0.003697477059179136
1361875749012180992,negative,0.0039021654644714365
1361875750513745927,negative,6.852631781995551e-05
1361875751541366784,negative,1.0817662408377719e-05
1361875775369134083,negative,0.0039021654644714365
1361875783145426950,negative,2.2826779104090607e-05
1361875801168355332,negative,0.0001491491092277866
1361875816372727809,neutral,0.49789225920557484
1361875822563495940,negative,0.003697477059179136
1361875847200833538,negative,0.013313904786300965
1361875862258352131,neutral,0.49789225920557484
1361875871141945345,negative,0.0003183832305342512
1361875876837789696,negative,0.02712072964822066
1361875878821699588,negative,6.08843113962932e-05
1361875895976419328,negative,0.014806950393226785
1361875901005262851,negative,4.3551342242623175e-05
1361875923772051456,negative,0.00048504195774571826
1361875929606275072,negative,4.403575228655614e-06
1361875944449925125,negative,0.0003076056962548066
1361875946085695489,negative,6.722070925354135e-05
1361875947226607616,negative,4.403575228655614e-06
1361875950665953283,negative,3.699820902562834e-07
1361875964540690438,negative,0.013313904786300965
1361875975085170692,negative,0.013313904786300965
1361875984413315073,negative,0.0039021654644714365
1361875984656474114,negative,0.01937728052194753
1361875984740401152,negative,4.203041824281024e-08
1361875991149355010,negative,0.001976082152742264
1361875995549171714,negative,0.0008335712809065093
1361876001492512768,negative,4.403575228655614e-06
1361876005464535043,negative,0.023181591194599928
1361876007788023818,positive,0.8033606808631997
1361876031695712258,negative,0.03093650025424017
1361876031892819969,negative,0.0003076056962548066
1361876034950488067,negative,3.191188259285337e-05
1361876040642138113,negative,0.0004286390217908671
1361876045260075008,negative,0.0043593691550673054
1361876047713759237,negative,4.111997803725044e-06
1361876047784935425,negative,9.35735339982645e-05
1361876054193889280,negative,6.229480871165107e-06
1361876057985609732,negative,0.010894928072602934
1361876076071419905,positive,0.6691650595242224
1361876079514910721,negative,0.24582560065129877
1361876079523360768,negative,0.0005148417608960511
1361876104139706371,negative,0.16232634219199013
1361876119402782725,negative,6.300723113138446e-05
1361876121273401346,negative,0.003697477059179136
1361876126004441090,negative,0.01937728052194753
1361876133680189444,negative,0.000704238363854194
1361876133722132482,negative,0.24582560065129877
1361876133868953600,negative,4.403575228655614e-06
1361876152814612481,negative,0.000313903549283036
1361876161752612865,negative,4.403575228655614e-06
1361876171382812673,negative,0.02712072964822066
1361876186943676416,negative,0.09235878430401236
1361876197177753602,negative,1.0817662408377719e-05
1361876204966604805,negative,0.016781359496587135
1361876208443658243,negative,0.02712072964822066
1361876223551557635,negative,0.03093650025424017
1361876224772046848,negative,0.0016108101166137827
1361876227498328064,negative,0.011956860976857484
1361876229419380737,negative,0.00044620036957569243
1361876233961676802,negative,5.5168759211500746e-05
1361876244829261825,negative,0.012750171136735834
1361876249015164933,neutral,0.49789225920557484
1361876256724291590,negative,1.7321614512964195e-05
1361876263540051968,negative,5.844158424140138e-06
1361876266002092032,negative,0.0039021654644714365
1361876272704536577,negative,0.0004860873243864382
1361876280044494849,negative,4.400520637783614e-05
1361876281927819265,negative,0.2409768699050492
1361876293881577483,negative,4.403575228655614e-06
1361876316375707651,neutral,0.49789225920557484
1361876346209730563,negative,2.298449193295761e-05
1361876354015387649,negative,0.0006877112773123273
1361876358981369857,negative,0.000247033493250548
1361876365147066368,negative,0.04820865776352641
1361876365784608768,negative,1.4327416691025992e-12
1361876381924229124,negative,0.0003076056962548066
1361876390308626433,negative,0.018376445187170718
1361876394934960128,negative,0.0039021654644714365
1361876406238666753,negative,0.022030311122736033
1361876418569924610,negative,0.0007384407811062633
1361876427608621057,negative,4.403575228655614e-06
1361876438136283136,negative,6.827074158043927e-06
1361876444826243075,negative,0.001976082152742264
1361876445174317057,negative,0.007691170202850756
1361876450475991041,neutral,0.5390926194679104
1361876468603777027,negative,0.00044620036957569243
1361876473360048130,negative,0.0039021654644714365
1361876480356155395,negative,2.8009817422374754e-06
1361876481358635010,positive,0.9191247665786677
1361876482482651137,negative,0.008696438907377601
1361876504527974401,negative,0.001976082152742264
1361876516712415233,negative,0.0003076056962548066
1361876531392487427,negative,0.01937728052194753
1361876543912427520,negative,0.001976082152742264
1361876561893367810,negative,0.00018406815803950812
1361876575432638464,negative,0.0007739215578284246
1361876606596374529,negative,2.8009817422374754e-06
1361876609876295685,negative,8.873823401600586e-05
1361876611050725384,neutral,0.49789225920557484
1361876640826023936,positive,0.938764362443761
1361876676007854082,negative,0.013313904786300965
1361876687877791745,negative,0.23994593994178126
1361876691270979588,negative,4.403575228655614e-06
1361876694617964545,negative,2.8009817422374754e-06
1361876700775260160,negative,9.461379713406126e-09
1361876701169545217,neutral,0.5887973398928581
1361876704269119489,negative,0.001976082152742264
1361876716138995715,negative,1.0817662408377719e-05
1361876756727218178,negative,0.0003076056962548066
1361876762469269504,negative,0.013313904786300965
1361876767187886082,negative,0.012750171136735834
1361876770316820480,negative,0.007903870484930594
1361876777669431300,negative,0.006319094740772401
1361876782727761927,negative,0.000247033493250548
1361876784531337216,negative,2.8009817422374754e-06
1361876808359157764,negative,0.0039021654644714365
1361876821281808386,negative,0.05746081450236689
1361876822435192837,negative,0.2409768699050492
1361876830756753409,negative,2.8009817422374754e-06
1361876831197085697,negative,0.2411119111240504
1361876841712267267,negative,0.0008198651306091767
1361876846107889665,negative,0.0523377710863904
1361876848620294144,negative,4.403575228655614e-06
1361876863166124039,negative,0.14358042847162208
1361876868790689793,negative,1.0817662408377719e-05
1361876876231401472,negative,0.02712072964822066
1361876878240460811,negative,4.403575228655614e-06
1361876883672092672,negative,0.004831419365554675
1361876981349036035,negative,0.000247033493250548
1361876995605487623,negative,0.24582560065129877
1361877006028308482,negative,4.403575228655614e-06
1361877013695520771,negative,0.05921261699991274
1361877028795011072,negative,0.000519502121835846
1361877035795304448,negative,0.017025852004894707
1361877039238811652,negative,0.0006877112773123273
1361877059480522754,neutral,0.49789225920557484
1361877093437562881,negative,6.545660163581788e-05
1361877100513402888,negative,6.08843113962932e-05
1361877116514562049,negative,0.007903870484930594
1361877118309830657,negative,0.001976082152742264
1361877121560420355,negative,0.0003338072856626076
1361877135007371264,negative,1.1068161082227065e-08
1361877174760972292,negative,0.023181591194599928
1361877181262086148,negative,0.000704238363854194
1361877194373529601,negative,0.014806950393226785
1361877212497121283,negative,0.0008893597956856267
1361877216242589696,negative,0.0015539568776545534
1361877235481911299,negative,1.5662257833012153e-06
1361877270504349696,neutral,0.49789225920557484
1361877276527267842,negative,4.403575228655614e-06
1361877291429752834,negative,0.0002466053964200244
1361877310476017664,negative,0.08995778792558602
1361877317837066240,negative,1.1420045986986936e-05
1361877320806629377,negative,0.0068930910433603245
1361877348224802821,negative,0.0039021654644714365
1361877353446731779,negative,0.046550622994507226
1361877364641312776,negative,1.4700343064744354e-05
1361877367304642563,negative,0.05583299329353172
1361877372803416065,negative,0.00018720351217135312
1361877374258839553,negative,0.23994593994178126
1361877391182807047,neutral,0.49789225920557484
1361877410107506691,negative,0.000519502121835846
1361877412133310465,negative,0.050692716943136346
1361877452067323906,negative,0.020832418890820117
1361877457457074181,negative,4.403575228655614e-06
1361877469146599424,negative,0.00021164946835470173
1361877477371469825,negative,0.050692716943136346
1361877530844688385,negative,0.026814968485843187
1361877535823380480,negative,0.0007917442116921902
1361877540235841538,negative,3.1948826221061087e-09
1361877542404259840,negative,2.5032285078405085e-06
1361877574801096704,negative,0.0004860873243864382
1361877588000522244,negative,0.08995778792558602
1361877589074264067,negative,3.5883902408971376e-05
1361877607378223109,negative,0.002839484018020397
1361877609529946113,negative,0.00044620036957569243
1361877631503843332,negative,0.003697477059179136
1361877635182305284,negative,6.004236684307937e-05
1361877657999339520,negative,1.0817662408377719e-05
1361877658607505410,negative,0.05079109484447605
1361877682263367687,negative,0.00011691967844829065
1361877703415263233,negative,4.403575228655614e-06
1361877729235320833,negative,0.000519731207424712
1361877740513853443,negative,0.23994593994178126
1361877759908335617,negative,0.000101939963343991
1361877773913096194,negative,0.031218596333767543
1361877776647806976,negative,6.852631781995551e-05
1361877786617647111,negative,0.17309072323224647
1361877788727386112,neutral,0.49789225920557484
1361877789893414915,negative,1.0994505534164725e-05
1361877805861068801,negative,0.0039021654644714365
1361877816485306371,negative,0.007298586742174468
1361877831807082496,negative,0.011821123365786808
1361877844599721989,negative,4.403575228655614e-06
1361878016641667074,negative,0.0015144786463348737
1361878021666451456,negative,0.24582560065129877
1361878039857094657,neutral,0.49789225920557484
1361878045104037889,positive,0.9911727985921378
1361878045838225410,negative,0.013313904786300965
1361878046572236807,negative,0.06449795712703821
1361878052016451590,negative,0.14007193466684276
1361878060207919104,negative,3.108742568593139e-07
1361878087869292549,negative,0.0002625954336459014
1361878088687222786,negative,0.0004860873243864382
1361878096899637248,negative,0.11355715905943002
1361878096954216454,negative,0.0004860873243864382
1361878101995761664,neutral,0.5528584609162418
1361878113035108353,neutral,0.49789225920557484
1361878117229481985,negative,7.701380575768848e-05
1361878120056426497,negative,0.037279119956853984
1361878132605800449,neutral,0.5528584609162418
1361878142047125516,positive,0.8525282454170171
1361878146153381889,negative,0.0039021654644714365
1361878151094300673,negative,0.001031244025572682
1361878165329690626,negative,0.000519502121835846
1361878184095084544,negative,2.8009817422374754e-06
1361878186515120137,negative,4.403575228655614e-06
1361878195373559811,negative,5.221030224075752e-07
1361878204227739652,negative,0.048213513009812914
1361878224419061760,negative,0.00049780179311347
1361878260947189764,negative,4.403575228655614e-06
1361878268757049344,neutral,0.5528584609162418
1361878284133359617,negative,0.002750574109025751
1361878296854552578,positive,0.9484878408255241
1361878296980512768,negative,1.1375437262370136e-08
1361878299941609472,positive,0.9484878408255241
1361878300553973761,positive,0.9484878408255241
1361878301543780353,positive,0.9484878408255241
1361878318212030464,negative,0.10333159560213283
1361878324839141378,neutral,0.5528584609162418
1361878325447245825,negative,6.164844462580073e-05
1361878334842445825,negative,4.403575228655614e-06
1361878344795623433,negative,0.08493757177494167
1361878349555982339,negative,0.002461381719754646
1361878350680240128,negative,0.0060266334675259554
1361878353591025666,negative,0.30986105336821557
1361878363003105283,negative,1.0817662408377719e-05
1361878364513067008,negative,1.0019404535461441e-11
1361878368573157376,negative,2.8009817422374754e-06
1361878368795455488,positive,0.8799325800470502
1361878385413091331,negative,0.00040546580614387283
1361878400466624513,negative,0.23862859485447302
1361878401708154881,negative,0.0004860873243864382
1361878414043598852,negative,1.542585820680797e-05
1361878416321052673,negative,1.3741711254016241e-06
1361878425695367168,negative,0.0004860873243864382
1361878442116075525,negative,0.001143661225467328
1361878473359450114,negative,0.08264485788425377
1361878484428218369,negative,0.079489097138924
1361878570864410624,negative,1.542585820680797e-05
1361878576958754817,negative,6.634395089835283e-09
1361878578967810051,negative,0.0035973163418518295
1361878585464791047,negative,6.08843113962932e-05
1361878609900695562,negative,5.936976494221706e-11
1361878615508541442,negative,2.5403825782630512e-05
1361878615655407626,negative,5.209834460822361e-08
1361878616292925442,negative,0.006450393229483611
1361878623435829251,negative,5.371360927461683e-13
1361878624291463168,negative,3.200384342371256e-05
1361878629173645312,negative,0.0039021654644714365
1361878631690235910,negative,3.329077965230269e-09
1361878633632190467,negative,0.05865670322185813
1361878634466861057,negative,0.0042448111481789555
1361878637562060800,negative,5.131995820835289e-08
1361878640896712707,negative,2.2313198729870955e-07
1361878650937876480,negative,0.000704238363854194
1361878659687186432,negative,0.0003076056962548066
1361878664124780549,negative,0.0004860873243864382
1361878678154657798,neutral,0.49789225920557484
1361878711482671107,negative,0.014806950393226785
1361878715395940352,neutral,0.4709660446224307
1361878721062445057,negative,0.03585419686002086
1361878737051090947,neutral,0.49789225920557484
1361878741450960896,negative,1.4097824912045238e-07
1361878752582656000,negative,0.007510549652057562
1361878774590095360,negative,0.000721536536056848
1361878775781326848,negative,0.002750574109025751
1361878798485094403,negative,7.276860766206961e-05
1361878813047730179,negative,0.014806950393226785
1361878815346208773,negative,0.00017720353817606902
1361878827752960005,negative,2.2092694064365097e-10
1361878834484756480,negative,0.000664817700251023
1361878845620649984,neutral,0.49789225920557484
1361878847302598660,negative,0.001976082152742264
1361878848468643842,negative,1.0817662408377719e-05
1361878864213991424,negative,6.08843113962932e-05
1361878871839297537,negative,1.542585820680797e-05
1361878896841535488,negative,0.00011857767777286919
1361878908732203015,negative,0.001866866968656653
1361878914356957184,negative,0.0003532176223342389
1361878923194347521,negative,0.08749399656212498
1361878926369447937,negative,1.121358235681329e-05
1361878949421342722,negative,4.403575228655614e-06
1361878959751913475,negative,2.7047309734571226e-05
1361878977862918148,negative,0.0023586975477683843
1361878981536927744,negative,0.003697477059179136
1361878999828463618,negative,6.08843113962932e-05
1361879008317693957,neutral,0.49789225920557484
1361879039095541765,negative,6.08843113962932e-05
1361879062583472129,negative,0.00021804582476163612
1361879071400075265,negative,0.0039021654644714365
1361879077070733313,negative,0.14527355305512105
1361879084679237632,negative,0.002750574109025751
1361879085593542658,negative,0.001976082152742264
1361879093806063617,negative,0.0003076056962548066
1361879114039312386,negative,0.004775716611394241
1361879114462990336,negative,0.0019375989941512821
1361879126609698824,negative,0.02712072964822066
1361879127314337793,negative,0.14527355305512105
1361879131915497477,negative,0.0003076056962548066
1361879133039566850,negative,6.534285585026666e-06
1361879137884000259,negative,0.0003076056962548066
1361879140257861633,neutral,0.5136446707795853
1361879146176122881,negative,0.0014753834317540687
1361879175435591680,negative,0.0006877112773123273
1361879178837123077,negative,4.403575228655614e-06
1361879181097861120,negative,0.0007917442116921902
1361879185405448193,negative,4.403575228655614e-06
1361879201880637443,neutral,0.49789225920557484
1361879203533230082,negative,3.102437552185671e-06
1361879208167763970,negative,0.10333159560213283
1361879229537878016,neutral,0.49789225920557484
1361879230003486724,negative,6.852631781995551e-05
1361879254284333057,negative,0.013313904786300965
1361879268213555200,negative,0.041427708178767994
1361879268238581765,negative,0.09497128843886049
1361879294507704321,negative,5.203182890973024e-05
1361879308936085505,negative,5.844158424140138e-06
1361879312266362882,negative,0.000820547897877028
1361879330385756163,negative,0.07159123187446699
1361879334160596992,negative,0.0003076056962548066
1361879346605150208,negative,0.04251173964241827
1361879355388030977,negative,0.001976082152742264
1361879361134202883,negative,0.00047090642151829785
1361879370432970752,negative,0.001976082152742264
1361879377525551104,neutral,0.49789225920557484
1361879381824704514,negative,0.2301917679834784
1361879397108752386,negative,0.000247033493250548
1361879400715853829,negative,2.6942414632924577e-05
1361879404620693504,neutral,0.49789225920557484
1361879413210701828,negative,0.0007917442116921902
1361879414649348097,negative,1.5662257833012153e-06
1361879420168986629,negative,3.174977971900494e-05
1361879422991806465,negative,0.08749399656212498
1361879466847404036,negative,0.000247033493250548
1361879471415054338,negative,0.004404947635742819
1361879487495946240,negative,3.6880163207363926e-07
1361879494978654210,negative,0.001976082152742264
1361879497293856771,negative,8.364479551724549e-05
1361879499382611969,negative,0.001976082152742264
1361879503459540994,negative,0.003697477059179136
1361879513777524737,neutral,0.6166747953299241
1361879524988846082,negative,0.04813341168370818
1361879531343200256,negative,0.03265465472221308
1361879543779319811,negative,0.007412268597791844
1361879577296003078,negative,0.046550622994507226
1361879579116396546,negative,8.073347416244243e-07
1361879599089606657,negative,0.15104151353423814
1361879601220366336,negative,0.0023586975477683843
1361879609734795266,negative,0.0039021654644714365
1361879609994805249,negative,4.605680732322935e-05
1361879612389744640,negative,6.164844462580073e-05
1361879618890977282,negative,0.003697477059179136
1361879632476336131,neutral,0.49789225920557484
1361879652319518720,negative,0.046550622994507226
1361879673563721731,negative,0.004735818445922298
1361879681297903619,negative,0.0023586975477683843
1361879683101507584,negative,0.17318218951586772
1361879695340544004,negative,2.8009817422374754e-06
1361879696850497536,negative,0.0003076056962548066
1361879705373216769,negative,7.933338694799268e-05
1361879724721496072,negative,0.007903870484930594
1361879739800178696,negative,0.000704238363854194
1361879746573983744,negative,0.0007941286109330874
1361879757193936897,negative,3.0580870330695476e-06
1361879759672791041,negative,0.0033960235087042495
1361879768505942020,neutral,0.6166747953299241
1361879768900247552,negative,0.05138953623256492
1361879770997358593,negative,0.02712072964822066
1361879774264721409,negative,4.403575228655614e-06
1361879807882059781,negative,7.614822935972134e-07
1361879808171520000,neutral,0.551077815994506
1361879809165508608,negative,0.12596271308671148
1361879815192793090,neutral,0.49789225920557484
1361879825514979338,negative,0.08301119867476019
1361879845853138951,negative,1.7082081727369868e-07
1361879852236873729,negative,0.02712072964822066
1361879879550181377,negative,2.8009817422374754e-06
1361879880481333248,negative,0.02712072964822066
1361879881471123463,negative,7.44602170212302e-06
1361879885439004674,negative,0.013313904786300965
1361879885577355273,negative,0.003997683215849466
1361879905651286021,negative,0.00012157185257760806
1361879915537321984,negative,0.001976082152742264
1361879919920373762,negative,1.4970996726155554e-05
1361879925838516225,negative,0.001976082152742264
1361879946902335489,negative,6.138440309982887e-12
1361879947808280580,negative,0.001976082152742264
1361879955467100161,negative,0.003697477059179136
1361879972676325380,negative,2.8009817422374754e-06
1361879982801321987,negative,0.016372612869138357
1361879988690178048,negative,0.015364937019959566
1361879989902336003,negative,0.020501169726133386
1361879992465031168,negative,0.007412268597791844
1361879995166183430,negative,0.00021804582476163612
1361880001109368836,negative,0.014019487914037062
1361880008118177797,neutral,0.49789225920557484
1361880024861802499,negative,0.023181591194599928
1361880029672722433,negative,0.001976082152742264
1361880034659733504,negative,1.5662257833012153e-06
1361880049260126208,negative,8.6330391231115e-05
1361880072509087755,negative,0.001976082152742264
1361880087767838722,negative,0.00021804582476163612
1361880091404468226,negative,0.0011537853043652386
1361880097419067393,negative,0.0039021654644714365
1361880107200245760,negative,3.61027809775388e-11
1361880108160663553,negative,0.013313904786300965
1361880111130284034,negative,2.8009817422374754e-06
1361880121913860098,negative,2.8009817422374754e-06
1361880138930094081,negative,4.403575228655614e-06
1361880140247146496,negative,0.010740506770376444
1361880146056269824,negative,0.0011920085637226099
1361880150196035586,negative,0.1756236611633387
1361880163017846788,negative,4.403575228655614e-06
1361880173419839489,negative,0.15506997852773882
1361880189454741508,negative,1.1278665981275704e-05
1361880200204742656,negative,3.54540691711299e-05
1361880203518234626,negative,0.037375146633385634
1361880206202581002,negative,0.0017950405891179752
1361880207024652288,negative,0.0001873570447940529
1361880216986144768,negative,1.0817662408377719e-05
1361880226922442753,negative,1.0817662408377719e-05
1361880231007686660,negative,0.0019243899997412122
1361880231192256513,negative,6.852631781995551e-05
1361880249059991552,negative,0.0017950405891179752
1361880252394467333,negative,0.0589971123967328
1361880260552384518,negative,0.08911848227531058
1361880262473318404,negative,2.2408344423136865e-05
1361880263589060614,negative,0.013313904786300965
1361880264675368960,negative,0.00040147439978777236
1361880265661022217,negative,3.006170134505347e-11
1361880268060164098,negative,0.001976082152742264
1361880287962148866,negative,0.24582560065129877
1361880301228732417,negative,0.04813341168370818
1361880306505105410,neutral,0.49789225920557484
1361880306534420480,negative,1.2653510238480655e-07
1361880314012983296,negative,2.8009817422374754e-06
1361880323651489798,negative,0.002584832926051622
1361880341775065089,negative,6.654895343365105e-05
1361880349928808449,negative,0.04515506273313834
1361880361920303106,negative,2.8009817422374754e-06
1361880411194949633,negative,7.701380575768848e-05
1361880422209249281,negative,0.009849366151084832
1361880435941384194,negative,6.534285585026666e-06
1361880456505909248,negative,0.04786025763918947
1361880458783584256,negative,0.0014753834317540687
1361880465238556673,negative,4.403575228655614e-06
1361880535967105027,negative,8.237817489300606e-06
1361880548063522821,negative,0.0003076056962548066
1361880549871157248,negative,0.003576706653507967
1361880550122737664,negative,3.5797509850856088e-06
1361880573007036416,negative,6.893273276444728e-10
1361880595542999043,negative,0.000519502121835846
1361880597971546115,negative,0.0004860873243864382
1361880601238904838,negative,0.0004860873243864382
1361880627650396160,negative,0.0004860873243864382
1361880631786024961,negative,0.001976082152742264
1361880634159992833,negative,0.00021804582476163612
1361880647107817472,neutral,0.40066253388302103
1361880697410113538,negative,0.0014753834317540687
1361880736484249607,negative,0.017025852004894707
1361880740389138436,negative,1.0817662408377719e-05
1361880744965009415,negative,6.229480871165107e-06
1361880772475518977,negative,0.06449795712703821
1361880783523172353,negative,1.5781269294719343e-07
1361880786912247810,negative,1.4780294818166815e-07
1361880796953522176,negative,0.15811631935154932
1361880806185185288,negative,4.591155435089485e-05
1361880827475484674,negative,0.0004860873243864382
1361880837533368321,negative,0.0003076056962548066
1361880859347935232,positive,0.9998298424418922
1361880871771504644,negative,0.0002853586947464811
1361880877874167809,negative,0.04372918931718496
1361880925068349441,negative,2.356770049208233e-07
1361880928394620928,negative,1.1670658005883231e-07
1361880944127401988,negative,1.9173715955052447e-07
1361880963207155716,neutral,0.36881922549677343
1361880969515524098,negative,0.0006036353012005906
1361880970014695428,negative,0.02277058480382411
1361880980487864327,negative,1.4524540536795793e-12
1361880980785618946,negative,0.015097835869786906
1361881011613806592,negative,0.02751990451682171
1361881014956683266,negative,1.0817662408377719e-05
1361881020677697539,negative,4.403575228655614e-06
1361881040755818498,negative,4.403575228655614e-06
1361881045973561348,negative,0.02712072964822066
1361881063627309058,negative,0.2201200674054469
1361881065351225344,negative,0.0003076056962548066
1361881080610045952,negative,1.0817662408377719e-05
1361881090835767297,negative,8.366032052636459e-05
1361881097148235777,negative,0.002869792001276135
1361881101799718915,negative,1.542585820680797e-05
1361881105754779649,negative,0.050692716943136346
1361881111102636032,negative,2.8009817422374754e-06
1361881114613346304,negative,0.003697477059179136
1361881117176041475,negative,0.0017950405891179752
1361881117901619200,positive,0.9584640486359078
1361881128840396801,negative,1.3441236186618481e-09
1361881137686183939,negative,0.0039021654644714365
1361881139716239360,negative,0.02277058480382411
1361881152877973506,negative,2.1699091609691492e-06
1361881165968379909,negative,0.03093650025424017
1361881169579544580,negative,6.164844462580073e-05
1361881186251997184,negative,0.0482790885087195
1361881188953120771,negative,0.04813341168370818
1361881211300421633,negative,8.364479551724549e-05
1361881238320123906,negative,0.00030321130816973984
1361881240195002377,negative,2.8009817422374754e-06
1361881246352236553,negative,0.007903870484930594
1361881259178397700,negative,2.8975819935044328e-09
1361881270217801728,negative,0.008462908742538784
1361881313511366660,negative,0.007903870484930594
1361881324802433024,negative,3.259003064968779e-06
1361881330607419392,negative,3.069190395702693e-05
1361881331915972612,negative,1.5662257833012153e-06
1361881347594334209,negative,0.0004860873243864382
1361881354871459840,negative,0.0004991076273242086
1361881376954478597,negative,0.000519502121835846
1361881379038924804,negative,0.21713299680786138
1361881380121116676,negative,0.04244176448308886
1361881385338867715,negative,4.403575228655614e-06
1361881391194062849,negative,0.000704238363854194
1361881397200322561,negative,6.08843113962932e-05
1361881415667875841,negative,0.00017316674886883336
1361881416259284992,negative,0.26173191638448073
1361881459745845251,negative,0.003697477059179136
1361881465622036483,negative,0.0039021654644714365
1361881468411256838,negative,0.06264611488089435
1361881504775831553,negative,0.006054492141355921
1361881512644378624,negative,0.006163138742561878
1361881518260563968,negative,0.005714473845699852
1361881538644877316,negative,5.72790615075719e-08
1361881539366191104,negative,7.09073303916555e-09
1361881543023751168,negative,1.9594986292986576e-07
1361881543430397952,negative,0.007903870484930594
1361881557338886145,negative,0.0004860873243864382
1361881561528950785,negative,4.403575228655614e-06
1361881580113973250,negative,0.05921261699991274
1361881583595048960,negative,4.403575228655614e-06
1361881607158837249,positive,0.6824837810859113
1361881613324472323,neutral,0.5513364059718672
1361881625903136768,negative,4.403575228655614e-06
1361881632412688385,negative,2.8009817422374754e-06
1361881656932491267,negative,1.4463714355248374e-05
1361881662775246848,negative,3.9359828279958715e-09
1361881665526779904,negative,0.23994593994178126
1361881681507086344,negative,0.001976082152742264
1361881694333247497,negative,3.509728617457057e-11
1361881711236304905,negative,0.0032916500021804
1361881718811156481,negative,0.000704238363854194
1361881719637479424,negative,7.244109008204353e-10
1361881728743317513,negative,0.00729811318397164
1361881734879584260,negative,4.5664846094549415e-09
1361881741007462405,negative,5.351824321353836e-06
1361881761261748225,negative,0.013023882420985499
1361881769964896260,negative,0.001976082152742264
1361881785122975744,negative,4.041681208692437e-08
1361881792949624832,negative,5.7905935861951035e-08
1361881816307761153,neutral,0.49789225920557484
1361881816987271169,negative,0.06449795712703821
1361881840492158979,negative,1.5662257833012153e-06
1361881866685480963,negative,6.782334377778841e-11
1361881880468090880,negative,4.403575228655614e-06
1361881905633898498,negative,0.013313904786300965
1361881913548537858,negative,0.2025027267870489
1361881925405843458,negative,7.51880942415382e-05
1361881952362635267,negative,0.0039021654644714365
1361881972725993476,negative,0.002461381719754646
1361881998495744000,negative,0.0028446992672013544
1361882013532377088,negative,8.380990611160172e-08
1361882044612009984,negative,5.509691135988513e-06
1361882064547680257,negative,0.04813341168370818
1361882068200812545,negative,0.033455149498777204
1361882073808650240,negative,0.01496676084899498
1361882092762759172,negative,1.0817662408377719e-05
1361882097875566593,negative,0.023181591194599928
1361882098081157121,negative,0.1052708688202397
1361882101390471170,negative,1.3527371156926614e-06
1361882106260041741,negative,6.051557439605561e-17
1361882115672055817,negative,0.23994593994178126
1361882116137476099,negative,0.002461381719754646
1361882130192740352,negative,0.05583299329353172
1361882169547886593,negative,0.0004860873243864382
1361882169904427011,negative,0.03093650025424017
1361882170990690304,negative,0.005714473845699852
1361882173830291461,negative,3.994051258274696e-08
1361882175025664003,negative,0.0003076056962548066
1361882175453413376,negative,4.403575228655614e-06
1361882185549119489,negative,0.2625254354203333
1361882187042349056,negative,0.00018697403637169005
1361882214150111233,negative,0.003653023841345597
1361882217685909508,negative,8.332373137394256e-06
1361882244265086976,negative,0.000391080588894485
1361882277668478976,negative,0.007903870484930594
1361882302494760968,negative,0.023181591194599928
1361882305317531648,negative,6.852631781995551e-05
1361882312473006080,negative,0.14527355305512105
1361882323134857216,negative,0.0003076056962548066
1361882330227494913,negative,0.023181591194599928
1361882330483286018,negative,0.0006877112773123273
1361882345293443075,negative,0.1807229736511887
1361882354701246468,negative,0.00019876066344644226
1361882355254853634,negative,0.002869792001276135
1361882363748319238,negative,3.980647926769344e-07
1361882369511329801,negative,0.002461381719754646
1361882370169843714,negative,0.013313904786300965
1361882387689439237,negative,0.0014753834317540687
1361882387697856516,negative,3.665034867512492e-08
1361882401035681801,negative,7.503600351409189e-07
1361882401627115523,negative,6.852631781995551e-05
1361882406102437890,negative,0.0004860873243864382
1361882417670348800,negative,1.1327069211555126e-07
1361882436766957572,negative,0.0039021654644714365
1361882455771389952,negative,0.0003817236435979347
1361882456622825473,negative,4.49983519862351e-09
1361882460707987458,negative,0.03093650025424017
1361882464482963457,negative,0.007412268597791844
1361882470485008384,negative,0.018698040832718987
1361882480979107842,negative,4.05408598392987e-06
1361882499987701760,negative,0.014806950393226785
1361882508455993347,negative,0.2631293306216606
1361882527326236672,negative,0.05583299329353172
1361882528206962695,negative,0.0004860873243864382
1361882569130835968,negative,0.06449795712703821
1361882571668398083,negative,0.0004860873243864382
1361882574734426113,negative,0.013313904786300965
1361882589854842881,neutral,0.49789225920557484
1361882603591188482,negative,0.0003076056962548066
1361882604404961281,negative,0.003391564791380604
1361882609043836928,negative,6.679825719223275e-07
1361882619068243969,negative,0.10446989177842025
1361882620645109764,negative,0.00656783530990922
1361882625758085123,negative,0.00027374348622912815
1361882633710555138,negative,0.000561036638192353
1361882636487168003,negative,0.0039021654644714365
1361882638764621826,negative,0.06449795712703821
1361882638814953476,negative,5.1701338140788744e-05
1361882662563151874,negative,0.003697477059179136
1361882674646908930,negative,0.013313904786300965
1361882677499019265,negative,0.11490631743995394
1361882688270041093,negative,4.27738761255945e-09
1361882693286428676,neutral,0.5467384475264998
1361882699502399492,negative,2.3789890824852835e-08
1361882703474393091,negative,0.0005796328916009593
1361882704980115459,negative,1.4267670106370904e-05
1361882721463730176,negative,0.0011429353947626096
1361882735627952131,negative,0.03093650025424017
1361882745832693760,negative,2.4177000056018793e-09
1361882750760984580,negative,0.014806950393226785
1361882760651157504,negative,1.5164573604570654e-05
1361882765327626244,negative,0.1052708688202397
1361882804368379905,negative,2.8009817422374754e-06
1361882804569731072,neutral,0.40066253388302103
1361882809263140869,negative,0.012912081975602037
1361882835452313600,negative,0.0003076056962548066
1361882850929369088,neutral,0.49789225920557484
1361882856671305728,negative,0.0020283683260207386
1361882861255745536,negative,4.403575228655614e-06
1361882880901808129,negative,1.362456930423762e-06
1361882886627090434,negative,0.000820547897877028
1361882895313469441,negative,0.0010513896206595984
1361882897813286914,negative,6.004236684307937e-05
1361882908965953542,negative,0.0090230768039622
1361882909557350402,negative,0.0016570913350813464
1361882912367509504,negative,0.0004860873243864382
1361882913781010432,negative,0.001976082152742264
1361882919384588290,negative,0.006163138742561878
1361882935314497540,negative,0.07175736548095672
1361882980474494979,negative,0.01937728052194753
1361882984031285254,negative,6.305677562214889e-08
1361882985960771586,neutral,0.4450010760397386
1361882993225330688,negative,0.04645666579937391
1361883010807828480,negative,0.024778281432412053
1361883021083828225,negative,4.403575228655614e-06
1361883022363082755,negative,5.247248574433866e-06
1361883034539216896,negative,0.10310740025076343
1361883043162697728,negative,0.02712072964822066
1361883047210049537,negative,0.11568203128934412
1361883050565644289,negative,0.00023302139987181654
1361883073399390209,negative,1.2947293476877416e-08
1361883076389920770,negative,5.5759711490877125e-05
1361883080944979969,negative,0.23994593994178126
1361883081595060225,negative,0.015162201862928751
1361883098162593795,negative,0.04132294810145551
1361883104344899585,negative,4.403575228655614e-06
1361883106962247681,negative,0.04634525300591255
1361883173798481924,negative,0.23883845765554404
1361883175581085701,negative,0.23108660748076523
1361883192593162242,neutral,0.49789225920557484
1361883199354200068,negative,4.403575228655614e-06
1361883202277806081,negative,2.5239645939313835e-06
1361883220619317252,negative,1.0314349963264975e-05
1361883222175531008,negative,6.08843113962932e-05
1361883246691246086,negative,0.007412268597791844
1361883255335768066,negative,0.03265465472221308
1361883272859574276,negative,0.002851371826079944
1361883279406809088,negative,4.403575228655614e-06
1361883282342891528,negative,0.013313904786300965
1361883284880445442,negative,0.00514873091928352
1361883285492817921,negative,0.0003076056962548066
1361883301951193094,positive,0.8152851321254592
1361883309639405569,negative,0.06449795712703821
1361883320976572420,negative,0.1052708688202397
1361883326907318272,negative,0.00011857767777286919
1361883327242801153,negative,0.04786025763918947
1361883352819765249,negative,1.8549638939068803e-07
1361883364828082181,negative,4.403575228655614e-06
1361883375603179522,negative,4.403575228655614e-06
1361883408926875648,negative,0.040634384173428115
1361883417126838272,negative,2.9614578799476595e-08
1361883437045583872,neutral,0.6166747953299241
1361883437385347076,neutral,0.49789225920557484
1361883437640994822,negative,0.007412268597791844
1361883445383864323,negative,0.02277058480382411
1361883447938207747,negative,0.06891465647411141
1361883455412264965,negative,0.1052708688202397
1361883475234717697,negative,2.1686841543104184e-09
1361883482968965124,neutral,0.49789225920557484
1361883496206241792,negative,0.16095950345197035
1361883499502833664,negative,0.013313904786300965
1361883500622848003,negative,0.009248516579953778
1361883514573099008,negative,0.000247033493250548
1361883529047666691,negative,0.05533046936786235
1361883545166360577,negative,0.04634525300591255
1361883617245421576,negative,0.009928391124771773
1361883648664870923,negative,4.403575228655614e-06
1361883650745319427,negative,0.017025852004894707
1361883653031174144,negative,0.04882385528584536
1361883655199723523,negative,0.009928391124771773
1361883687600721920,negative,0.002673366098232925
1361883702595379200,negative,4.403575228655614e-06
1361883710518407173,neutral,0.5464640076014293
1361883713584439304,negative,4.403575228655614e-06
1361883813589225473,negative,0.02101221277477658
1361883821885566976,neutral,0.49789225920557484
1361883823105957894,negative,0.007903870484930594
1361883862947749890,negative,2.991162488127543e-08
1361883867204911104,negative,1.514515061281714e-07
1361883890038759426,negative,0.06449795712703821
1361883899190792195,neutral,0.49789225920557484
1361883932904595456,negative,0.013313904786300965
1361883952592650243,negative,0.004435031074016284
1361883989536047104,negative,0.30928867225221507
1361884057458667524,negative,1.0817662408377719e-05
1361884071375200263,negative,0.0013013262272495055
1361884086625841152,negative,0.2025027267870489
1361884107106627588,negative,2.2826779104090607e-05
1361884109941915649,negative,0.10344669615057761
1361884131215380482,negative,1.2756641023540557e-06
1361884138035425282,negative,5.5521203249706574e-05
1361884150693842946,negative,1.0485523946131845e-16
1361884152404975620,negative,2.553036370618667e-05
1361884157358592001,negative,0.007903870484930594
1361884165143212032,negative,1.0332877888749133e-09
1361884167542341636,negative,0.012136478932664988
1361884169756962817,negative,0.0007917442116921902
1361884169891160067,positive,0.7906346487473658
1361884181329027073,negative,4.403575228655614e-06
1361884204271763465,negative,4.403575228655614e-06
1361884220067639297,neutral,0.5496678701602578
1361884226040266755,negative,0.04349880997249904
1361884232877039618,positive,0.667605558238818
1361884234655412225,negative,0.02712072964822066
1361884241567637506,negative,5.64957081083995e-10
1361884257803784194,negative,0.006267023952161992
1361884263885516800,negative,1.4097824912045238e-07
1361884268889313280,negative,1.5987209083653024e-07
1361884284823470081,negative,0.1313453518615366
1361884289541967877,negative,0.02405263654078343
1361884329148899329,negative,2.8009817422374754e-06
1361884347318550529,negative,6.852631781995551e-05
1361884384471773184,negative,1.5381792269509987e-07
1361884390070964230,neutral,0.49789225920557484
1361884423759749121,negative,2.202632336757871e-05
1361884449529618438,negative,0.0017823767961617355
1361884469121015810,negative,1.2685710765340526e-05
1361884475844558848,negative,0.01937728052194753
1361884476243116032,negative,4.403575228655614e-06
1361884479132942337,negative,0.03093650025424017
1361884514830671877,negative,0.00036255285304261407
1361884518186168322,negative,0.013313904786300965
1361884535806328836,negative,0.0003703155823112759
1361884559974031360,negative,0.0016570913350813464
1361884596078477312,negative,0.015569067095382519
1361884604584456196,negative,0.09701446189696039
1361884610758598659,negative,0.02758194096174967
1361884635509194754,negative,4.403575228655614e-06
1361884674973454336,negative,0.020832418890820117
1361884675946479616,negative,3.3989781792807294e-12
1361884705633824768,negative,1.542585820680797e-05
1361884716153135109,negative,0.0007917442116921902
1361884721496653827,negative,1.152763839411144e-06
1361884723270811652,neutral,0.3391068839946812
1361884740987613184,negative,3.3871789092359244e-08
1361884747207737344,negative,0.16232634219199013
1361884763724906496,negative,0.00036255285304261407
1361884779348697093,negative,0.1311530228529152
1361884790019006466,negative,0.03093650025424017
1361884835854360577,negative,1.0817662408377719e-05
1361884838920413189,negative,0.0004860873243864382
1361884858134319104,negative,0.1052708688202397
1361884893911908357,negative,0.017025852004894707
1361884922189864961,negative,0.26173191638448073
1361884936165339136,neutral,0.5527124597893752
1361884947615735810,negative,0.0017950405891179752
1361884949100589058,negative,0.02758194096174967
1361884949918400513,negative,0.14527355305512105
1361884955337392131,negative,0.00018566885752947074
1361884977340710916,negative,0.053344137332018364
1361884980671053832,negative,0.040634384173428115
1361884996047282176,negative,4.403575228655614e-06
1361885018608574465,negative,0.0004860873243864382
1361885045674438656,negative,5.375418507308666e-05
1361885054343987203,negative,0.0007917442116921902
1361885069430779904,negative,0.007903870484930594
1361885082265538567,negative,1.1736640766279775e-08
1361885099642470402,negative,6.844088974695663e-08
1361885110681878528,positive,0.9111582038878407
1361885116520398851,negative,1.2685710765340526e-05
1361885133817585665,negative,0.007903870484930594
1361885152507551745,negative,4.403575228655614e-06
1361885154164236288,negative,3.1464264465809787e-06
1361885156693274625,negative,3.5596074601943264e-09
1361885194098245634,negative,0.03877288278440792
1361885199374688256,negative,0.003697477059179136
1361885204458201088,negative,0.013313904786300965
1361885221994467328,negative,0.0033527558509544547
1361885231649853442,negative,9.998274707434595e-11
1361885243087736835,negative,0.013313904786300965
1361885256182353921,negative,9.679605644597184e-05
1361885266038972422,negative,0.006528262116656453
1361885275614564354,negative,0.0017950405891179752
1361885275694243843,negative,0.1052708688202397
1361885297458479105,negative,0.0090230768039622
1361885316630650880,neutral,0.569498044284271
1361885323471564802,positive,0.9800654737633477
1361885345256767498,negative,1.6777109680690022e-09
1361885356665233409,negative,4.403575228655614e-06
1361885357428637702,negative,0.021235944353434327
1361885362147258375,negative,0.0004409458113928071
1361885393201856512,negative,0.00021804582476163612
1361885395307364356,negative,4.403575228655614e-06
1361885400546107392,negative,7.403696693502075e-05
1361885404144824321,negative,1.2685710765340526e-05
1361885411522576385,negative,0.013313904786300965
1361885411904225280,negative,1.8234729504975953e-05
1361885433026801665,negative,0.0004860873243864382
1361885434511523842,negative,0.013313904786300965
1361885456405823489,negative,8.868613875948528e-06
1361885485849841665,negative,6.004236684307937e-05
1361885504925540352,neutral,0.3391068839946812
1361885524231880705,negative,2.8009817422374754e-06
1361885531693600771,negative,1.0994505534164725e-05
1361885532310167554,negative,0.0007917442116921902
1361885534218502153,negative,0.28460987684008165
1361885537515294721,negative,0.000519502121835846
1361885540061245441,negative,5.428519400074479e-10
1361885547661307904,neutral,0.569498044284271
1361885559019470849,negative,0.0016126796787520156
1361885580360040448,negative,0.0013013262272495055
1361885624559616001,negative,0.012312600021044383
1361885648924237825,negative,4.403575228655614e-06
1361885668725710848,negative,0.0002973215393259675
1361885686249455618,negative,0.014019487914037062
1361885692448673795,negative,0.05921261699991274
1361885701525164036,neutral,0.3875419832212785
1361885704737947649,negative,0.0017950405891179752
1361885708898758659,negative,5.145254039847871e-05
1361885709020241921,negative,3.584485738326968e-06
1361885714808504324,negative,0.0004860873243864382
1361885718583386112,negative,3.8972991167643544e-05
1361885721737515015,negative,1.8910663565476855e-06
1361885727391416322,negative,3.3989781792807294e-12
1361885735238963204,negative,0.0007917442116921902
1361885737940111362,neutral,0.569498044284271
1361885753328992256,negative,2.6873384334797543e-10
1361885763730870274,negative,0.000519502121835846
1361885765874184194,negative,2.796259983629304e-08
1361885769690996736,negative,0.0103628654780878
1361885785386008576,negative,1.369225454421298e-09
1361885798589558784,negative,0.02758194096174967
1361885812208582656,negative,1.21434266169908e-07
1361885813731115008,negative,0.0018550153469062186
1361885816738508806,negative,0.013313904786300965
1361885816826560513,negative,1.542585820680797e-05
1361885855745511428,negative,0.013313904786300965
1361885886036791297,negative,0.08995778792558602
1361885891594096643,negative,0.0030889489185139973
1361885895503319042,negative,0.010077051626351554
1361885897118130184,negative,1.4957144169239387e-07
1361885898745511937,negative,4.403575228655614e-06
1361885910250487818,negative,2.977521631993908e-09
1361885918727143424,negative,0.001976082152742264
1361885931305725955,negative,0.0005589782270651528
1361885933210066944,negative,0.013313904786300965
1361885935714136064,negative,0.0028831719013670226
1361885942835994624,negative,1.2685710765340526e-05
1361885946803814400,negative,0.0007941286109330874
1361885959512592386,negative,2.034506407321789e-09
1361885964449312769,negative,0.0003076056962548066
1361885986242891777,negative,0.11490631743995394
1361886001178701824,positive,0.818590823333212
1361886007789027329,negative,0.000519502121835846
1361886044229169153,negative,7.915929092156921e-08
1361886050965200898,negative,2.8009817422374754e-06
1361886065947078659,negative,0.0017950405891179752
1361886074994360323,negative,0.05583299329353172
1361886081633972224,neutral,0.49789225920557484
1361886103851196418,negative,0.003697477059179136
1361886104790597635,negative,0.0007581972719854928
1361886107508609024,negative,4.403575228655614e-06
1361886117667213314,neutral,0.49789225920557484
1361886127557328896,negative,0.05583299329353172
1361886138554851328,negative,0.0016307203735732422
1361886163884204036,negative,0.0004860873243864382
1361886173073924098,negative,0.013313904786300965
1361886194393612291,negative,0.0001303392548433221
1361886252438609921,negative,0.005798926665551899
1361886253008961544,negative,0.000519502121835846
1361886255173292034,negative,0.02712072964822066
1361886256834236421,negative,0.15811631935154932
1361886261083058176,negative,0.05921261699991274
1361886284516626432,negative,0.0003076056962548066
1361886288081809408,negative,0.00141569792513086
1361886301289648128,negative,0.010077051626351554
1361886315948687364,negative,0.0007581972719854928
1361886358017626112,negative,0.003697477059179136
1361886368142659587,negative,4.403575228655614e-06
1361886368994111497,negative,0.014333324157916738
1361886372756389888,neutral,0.49789225920557484
1361886380419387392,negative,1.1427265419031354e-06
1361886414078640128,negative,8.364479551724549e-05
1361886457586216963,negative,0.014806950393226785
1361886474115952640,negative,0.0017950405891179752
1361886486560391168,negative,0.0004991076273242086
1361886492344344577,negative,0.23994593994178126
1361886500808519680,negative,0.005551506776371194
1361886506332413952,negative,0.014933203121809114
1361886507653599234,negative,0.00015651980912296376
1361886526469251082,negative,4.403575228655614e-06
1361886528679665665,negative,4.2210718372154333e-10
1361886529384308736,negative,6.08843113962932e-05
1361886529480753154,negative,0.012750171136735834
1361886532043423746,negative,0.0001303392548433221
1361886539530313729,negative,3.971399799263903e-07
1361886558358540288,negative,0.001976082152742264
1361886595155132416,neutral,0.49789225920557484
1361886604063870979,negative,1.0994505534164725e-05
1361886610284032000,negative,0.00021804582476163612
1361886612917993482,negative,2.730403439232095e-07
1361886615929376776,negative,1.2685710765340526e-05
1361886637270175748,negative,1.1382574992731866e-09
1361886649060319235,negative,0.031515095373867257
1361886664365285377,negative,0.10333159560213283
1361886666634461190,negative,1.542585820680797e-05
1361886689355067393,negative,0.013313904786300965
1361886697072381952,negative,0.0005589782270651528
1361886703045214208,negative,1.617162548504641e-08
1361886704962002945,negative,4.403575228655614e-06
1361886711329001473,negative,1.7139264297453487e-05
1361886725170208769,negative,2.1882294464804514e-19
1361886750113751042,negative,5.8161022773691135e-12
1361886750361149440,neutral,0.3334685009297062
1361886760863731713,negative,0.0011082317903158036
1361886774671384576,negative,7.186356575717512e-05
1361886799476514816,negative,7.217466783172709e-07
1361886806166417409,negative,0.0003076056962548066
1361886826399752197,positive,0.977506990421225
1361886829335764994,negative,0.0007419970252196913
1361886829796974592,negative,0.000704238363854194
1361886839263678464,negative,6.852631781995551e-05
1361886845613838336,negative,0.002869792001276135
1361886852454748169,negative,0.16095950345197035
1361886876987252740,negative,0.007412268597791844
1361886898348818434,neutral,0.49789225920557484
1361886922847760390,negative,1.4321168709803467e-09
1361886940166053891,negative,0.0051882794758443575
1361886953633898496,negative,7.403696693502075e-05
1361886965164040192,negative,6.08843113962932e-05
1361886968599183361,negative,2.2597944139075492e-13
1361886982314594305,negative,0.00011132171103459238
1361887010122829825,negative,0.26173191638448073
1361887036572114944,negative,9.585511552999647e-10
1361887042200772618,negative,0.007903870484930594
1361887066414489601,negative,0.0039021654644714365
1361887076686381061,negative,1.0654626515778278e-07
1361887078590595073,negative,0.1311530228529152
1361887079475654661,negative,4.1803749258592296e-05
1361887139559067649,negative,0.0016126796787520156
1361887141547171842,negative,1.0314349963264975e-05
1361887160174051330,negative,0.3047325431777601
1361887160325058563,negative,0.0017950405891179752
1361887181015547904,negative,0.15008952227258449
1361887182387113984,negative,4.403575228655614e-06
1361887215996010496,negative,0.03093650025424017
1361887225026347009,neutral,0.38920176489266683
1361887250305417216,negative,0.0017950405891179752
1361887259792965633,neutral,0.49789225920557484
1361887273634119682,negative,3.995759847959375e-07
1361887281641054209,negative,0.0024256742523300727
1361887283713110016,negative,0.31961903850654577
1361887329061908482,negative,2.85661329018709e-06
1361887359499960320,negative,0.013313904786300965
1361887364780539905,negative,0.005551506776371194
1361887374637228032,negative,4.403575228655614e-06
1361887383902441474,negative,0.06264611488089435
1361887409487552516,negative,0.007903870484930594
1361887439883816960,negative,0.04882648470104921
1361887440089337856,negative,1.1163548363510326e-06
1361887442471702529,negative,2.8009817422374754e-06
1361887443843223552,negative,0.03093650025424017
1361887477594742784,negative,0.0039021654644714365
1361887495785439234,negative,0.010407543828115384
1361887519219064833,negative,0.00011079844979585599
1361887536352800769,negative,6.08843113962932e-05
1361887538915475460,negative,6.152713104715636e-07
1361887565268279297,negative,5.618291025850284e-06
1361887584071409666,negative,0.013313904786300965
1361887597203779586,negative,1.4312856931533934e-10
1361887607244865537,negative,0.0003076056962548066
1361887616065445889,negative,0.30928867225221507
1361887616870866946,negative,0.000147666241574614
1361887625943072768,negative,0.0004860873243864382
1361887630959341569,negative,0.0007581972719854928
1361887635736846337,negative,0.08879477899074663
1361887638509154306,negative,4.403575228655614e-06
1361887648089059328,negative,0.0021523310660877936
1361887674009874432,negative,2.753319599283893e-16
1361887676178300928,negative,0.3047325431777601
1361887679776915457,negative,0.007992889706702337
1361887723070619656,negative,0.00014950977967938804
1361887748630716416,negative,6.852631781995551e-05
1361887755937189888,negative,0.05412460138047365
1361887781572784133,negative,4.403575228655614e-06
1361887794512199684,negative,6.971584972387394e-05
1361887803890663425,negative,1.7321614512964195e-05
1361887804880527364,negative,2.532873978347121e-10
1361887806415663106,negative,0.00026256587494882447
1361887871683198977,negative,0.0003338072856626076
1361887877534126089,negative,0.0007581972719854928
1361887879916576768,negative,4.403575228655614e-06
1361887883460763648,negative,0.022030311122736033
1361887894974169090,negative,0.09772028380182582
1361887901521444866,negative,0.013313904786300965
1361887943263150084,negative,2.6743972558078904e-06
1361887949772754945,neutral,0.49789225920557484
1361887978507927555,negative,2.9065807268706732e-08
1361887987311775746,negative,8.357506679096819e-07
1361887991426383883,negative,0.24582560065129877
1361888002390298626,negative,0.0007917442116921902
1361888052298342400,negative,6.08843113962932e-05
1361888063006396417,negative,0.000247033493250548
1361888066999361538,negative,0.00016447025450886762
1361888071499866112,negative,3.5130843843951783e-15
1361888080043659265,negative,0.15811631935154932
1361888095570972673,negative,0.0004860873243864382
1361888097512873984,negative,7.272839085413273e-11
